#energy geo_1 
1186.6 0 
1186.61 0 
1186.62 0 
1186.63 0 
1186.64 0 
1186.65 0 
1186.66 0 
1186.67 0 
1186.68 0 
1186.69 0 
1186.7 0 
1186.71 0 
1186.72 0 
1186.73 0 
1186.74 0 
1186.75 0 
1186.76 0 
1186.77 0 
1186.78 0 
1186.79 0 
1186.8 0 
1186.81 0 
1186.81 0 
1186.82 0 
1186.83 0 
1186.84 0 
1186.85 0 
1186.86 0 
1186.87 0 
1186.88 0 
1186.89 0 
1186.9 0 
1186.91 1.4013e-45 
1186.92 1.4013e-45 
1186.93 1.4013e-45 
1186.94 1.4013e-45 
1186.95 1.4013e-45 
1186.96 2.8026e-45 
1186.97 2.8026e-45 
1186.98 2.8026e-45 
1186.99 4.2039e-45 
1187 5.60519e-45 
1187.01 7.00649e-45 
1187.02 8.40779e-45 
1187.03 9.80909e-45 
1187.04 1.26117e-44 
1187.05 1.68156e-44 
1187.06 2.10195e-44 
1187.07 2.52234e-44 
1187.08 3.22299e-44 
1187.09 4.06377e-44 
1187.1 5.04467e-44 
1187.11 6.44597e-44 
1187.12 8.12753e-44 
1187.13 1.00893e-43 
1187.14 1.26117e-43 
1187.15 1.55544e-43 
1187.16 1.96182e-43 
1187.17 2.45227e-43 
1187.18 3.08286e-43 
1187.19 3.83956e-43 
1187.2 4.79244e-43 
1187.21 5.99756e-43 
1187.22 7.48293e-43 
1187.23 9.3887e-43 
1187.24 1.17008e-42 
1187.24 1.45875e-42 
1187.25 1.82029e-42 
1187.26 2.2673e-42 
1187.27 2.82642e-42 
1187.28 3.52006e-42 
1187.29 4.38186e-42 
1187.3 5.45666e-42 
1187.31 6.78929e-42 
1187.32 8.44563e-42 
1187.33 1.05027e-41 
1187.34 1.30545e-41 
1187.35 1.62228e-41 
1187.36 2.01521e-41 
1187.37 2.50244e-41 
1187.38 3.1064e-41 
1187.39 3.85469e-41 
1187.4 4.78179e-41 
1187.41 5.92987e-41 
1187.42 7.35093e-41 
1187.43 9.10928e-41 
1187.44 1.12844e-40 
1187.45 1.39742e-40 
1187.46 1.7299e-40 
1187.47 2.14076e-40 
1187.48 2.65532e-40 
1187.49 3.28368e-40 
1187.5 4.05934e-40 
1187.51 5.01648e-40 
1187.52 6.19716e-40 
1187.53 7.65308e-40 
1187.54 9.44778e-40 
1187.55 1.16593e-39 
1187.56 1.43836e-39 
1187.57 1.77383e-39 
1187.58 2.18678e-39 
1187.59 2.69494e-39 
1187.6 3.32003e-39 
1187.61 4.09124e-39 
1187.62 5.03673e-39 
1187.63 6.19858e-39 
1187.64 7.6258e-39 
1187.65 9.37841e-39 
1187.66 1.15298e-38 
1187.66 1.41699e-38 
1187.67 1.74084e-38 
1187.68 2.13798e-38 
1187.69 2.6248e-38 
1187.7 3.22136e-38 
1187.71 3.95214e-38 
1187.72 4.84703e-38 
1187.73 5.95764e-38 
1187.74 7.30156e-38 
1187.75 8.94555e-38 
1187.76 1.09559e-37 
1187.77 1.34134e-37 
1187.78 1.64165e-37 
1187.79 2.0085e-37 
1187.8 2.45648e-37 
1187.81 3.00334e-37 
1187.82 3.67067e-37 
1187.83 4.48473e-37 
1187.84 5.47744e-37 
1187.85 6.68758e-37 
1187.86 8.16225e-37 
1187.87 9.95866e-37 
1187.88 1.21462e-36 
1187.89 1.48092e-36 
1187.9 1.80498e-36 
1187.91 2.1992e-36 
1187.92 2.67858e-36 
1187.93 3.26134e-36 
1187.94 3.96951e-36 
1187.95 4.82978e-36 
1187.96 5.87447e-36 
1187.97 7.14265e-36 
1187.98 8.70278e-36 
1187.99 1.05742e-35 
1188 1.28436e-35 
1188.01 1.55946e-35 
1188.02 1.89284e-35 
1188.03 2.29669e-35 
1188.04 2.78574e-35 
1188.05 3.37776e-35 
1188.06 4.09419e-35 
1188.07 4.96085e-35 
1188.08 6.0089e-35 
1188.09 7.27585e-35 
1188.09 8.80688e-35 
1188.1 1.06564e-34 
1188.11 1.28899e-34 
1188.12 1.55861e-34 
1188.13 1.88398e-34 
1188.14 2.27648e-34 
1188.15 2.74981e-34 
1188.16 3.3204e-34 
1188.17 4.00801e-34 
1188.18 4.83635e-34 
1188.19 5.83385e-34 
1188.2 7.03467e-34 
1188.21 8.47973e-34 
1188.22 1.02181e-33 
1188.23 1.23372e-33 
1188.24 1.48561e-33 
1188.25 1.7883e-33 
1188.26 2.15192e-33 
1188.27 2.58859e-33 
1188.28 3.11278e-33 
1188.29 3.74184e-33 
1188.3 4.49646e-33 
1188.31 5.40141e-33 
1188.32 6.48624e-33 
1188.33 7.78626e-33 
1188.34 9.34361e-33 
1188.35 1.12086e-32 
1188.36 1.34412e-32 
1188.37 1.61129e-32 
1188.38 1.93089e-32 
1188.39 2.3131e-32 
1188.4 2.77e-32 
1188.41 3.31601e-32 
1188.42 3.96827e-32 
1188.43 4.7472e-32 
1188.44 5.67705e-32 
1188.45 6.7867e-32 
1188.46 8.11044e-32 
1188.47 9.68902e-32 
1188.48 1.15965e-31 
1188.49 1.3844e-31 
1188.5 1.65213e-31 
1188.51 1.97097e-31 
1188.52 2.35051e-31 
1188.52 2.80218e-31 
1188.53 3.33949e-31 
1188.54 3.97844e-31 
1188.55 4.73802e-31 
1188.56 5.64066e-31 
1188.57 6.71295e-31 
1188.58 7.98633e-31 
1188.59 9.49796e-31 
1188.6 1.12988e-30 
1188.61 1.34282e-30 
1188.62 1.59533e-30 
1188.63 1.89467e-30 
1188.64 2.2494e-30 
1188.65 2.66962e-30 
1188.66 3.16725e-30 
1188.67 3.75635e-30 
1188.68 4.45348e-30 
1188.69 5.27816e-30 
1188.7 6.25339e-30 
1188.71 7.40625e-30 
1188.72 8.76862e-30 
1188.73 1.03999e-29 
1188.74 1.23044e-29 
1188.75 1.45526e-29 
1188.76 1.72057e-29 
1188.77 2.03354e-29 
1188.78 2.40261e-29 
1188.79 2.83769e-29 
1188.8 3.35039e-29 
1188.81 3.95436e-29 
1188.82 4.6656e-29 
1188.83 5.50286e-29 
1188.84 6.48812e-29 
1188.85 7.64716e-29 
1188.86 9.01012e-29 
1188.87 1.06123e-28 
1188.88 1.24952e-28 
1188.89 1.4707e-28 
1188.9 1.73043e-28 
1188.91 2.03533e-28 
1188.92 2.39312e-28 
1188.93 2.81284e-28 
1188.94 3.30504e-28 
1188.94 3.88201e-28 
1188.95 4.55813e-28 
1188.96 5.35017e-28 
1188.97 6.27766e-28 
1188.98 7.37808e-28 
1188.99 8.65112e-28 
1189 1.01403e-27 
1189.01 1.18817e-27 
1189.02 1.39174e-27 
1189.03 1.62962e-27 
1189.04 1.9075e-27 
1189.05 2.23199e-27 
1189.06 2.61079e-27 
1189.07 3.05281e-27 
1189.08 3.56844e-27 
1189.09 4.16971e-27 
1189.1 4.87062e-27 
1189.11 5.68739e-27 
1189.12 6.63882e-27 
1189.13 7.74674e-27 
1189.14 9.03644e-27 
1189.15 1.05372e-26 
1189.16 1.2283e-26 
1189.17 1.4313e-26 
1189.18 1.66728e-26 
1189.19 1.9415e-26 
1189.2 2.26004e-26 
1189.21 2.62993e-26 
1189.22 3.0593e-26 
1189.23 3.56424e-26 
1189.24 4.14327e-26 
1189.25 4.8147e-26 
1189.26 5.59301e-26 
1189.27 6.49488e-26 
1189.28 7.53958e-26 
1189.29 8.74929e-26 
1189.3 1.01496e-25 
1189.31 1.177e-25 
1189.32 1.36443e-25 
1189.33 1.58116e-25 
1189.34 1.83169e-25 
1189.35 2.12118e-25 
1189.36 2.45558e-25 
1189.36 2.84171e-25 
1189.37 3.28742e-25 
1189.38 3.80172e-25 
1189.39 4.39497e-25 
1189.4 5.07904e-25 
1189.41 5.86755e-25 
1189.42 6.77614e-25 
1189.43 7.82272e-25 
1189.44 9.02783e-25 
1189.45 1.0415e-24 
1189.46 1.20111e-24 
1189.47 1.38471e-24 
1189.48 1.59865e-24 
1189.49 1.84174e-24 
1189.5 2.12105e-24 
1189.51 2.44188e-24 
1189.52 2.81027e-24 
1189.53 3.23311e-24 
1189.54 3.7183e-24 
1189.55 4.27482e-24 
1189.56 4.91293e-24 
1189.57 5.64435e-24 
1189.58 6.48242e-24 
1189.59 7.44236e-24 
1189.6 8.54149e-24 
1189.61 9.80564e-24 
1189.62 1.1246e-23 
1189.63 1.28935e-23 
1189.64 1.47773e-23 
1189.65 1.69304e-23 
1189.66 1.93906e-23 
1189.67 2.22006e-23 
1189.68 2.5409e-23 
1189.69 2.9071e-23 
1189.7 3.32493e-23 
1189.71 3.8015e-23 
1189.72 4.34489e-23 
1189.73 4.97249e-23 
1189.74 5.6793e-23 
1189.75 6.48433e-23 
1189.76 7.40093e-23 
1189.77 8.44417e-23 
1189.78 9.63114e-23 
1189.79 1.09812e-22 
1189.79 1.25161e-22 
1189.8 1.42607e-22 
1189.81 1.62428e-22 
1189.82 1.8494e-22 
1189.83 2.105e-22 
1189.84 2.39509e-22 
1189.85 2.72423e-22 
1189.86 3.09752e-22 
1189.87 3.52074e-22 
1189.88 4.00041e-22 
1189.89 4.54386e-22 
1189.9 5.15936e-22 
1189.91 5.8562e-22 
1189.92 6.64487e-22 
1189.93 7.53714e-22 
1189.94 8.54628e-22 
1189.95 9.68718e-22 
1189.96 1.09766e-21 
1189.97 1.24333e-21 
1189.98 1.41004e-21 
1189.99 1.59606e-21 
1190 1.806e-21 
1190.01 2.04285e-21 
1190.02 2.30996e-21 
1190.03 2.6111e-21 
1190.04 2.95047e-21 
1190.05 3.3328e-21 
1190.06 3.76338e-21 
1190.07 4.24811e-21 
1190.08 4.79362e-21 
1190.09 5.40732e-21 
1190.1 6.09747e-21 
1190.11 6.87334e-21 
1190.12 7.74526e-21 
1190.13 8.72477e-21 
1190.14 9.82476e-21 
1190.15 1.10596e-20 
1190.16 1.24454e-20 
1190.17 1.39999e-20 
1190.18 1.57432e-20 
1190.19 1.76975e-20 
1190.2 1.98874e-20 
1190.21 2.23407e-20 
1190.21 2.50879e-20 
1190.22 2.82039e-20 
1190.23 3.16501e-20 
1190.24 3.55051e-20 
1190.25 3.98158e-20 
1190.26 4.46346e-20 
1190.27 5.00193e-20 
1190.28 5.60342e-20 
1190.29 6.27507e-20 
1190.3 7.0248e-20 
1190.31 7.8614e-20 
1190.32 8.79458e-20 
1190.33 9.83515e-20 
1190.34 1.0995e-19 
1190.35 1.22875e-19 
1190.36 1.3727e-19 
1190.37 1.533e-19 
1190.38 1.71143e-19 
1190.39 1.90996e-19 
1190.4 2.13078e-19 
1190.41 2.37631e-19 
1190.42 2.64923e-19 
1190.43 2.95246e-19 
1190.44 3.28927e-19 
1190.45 3.66324e-19 
1190.46 4.07831e-19 
1190.47 4.53884e-19 
1190.48 5.05636e-19 
1190.49 5.62343e-19 
1190.5 6.25194e-19 
1190.51 6.94829e-19 
1190.52 7.71953e-19 
1190.53 8.57342e-19 
1190.54 9.51847e-19 
1190.55 1.0564e-18 
1190.56 1.17204e-18 
1190.57 1.29989e-18 
1190.58 1.44118e-18 
1190.59 1.59728e-18 
1190.6 1.76968e-18 
1190.61 1.96122e-18 
1190.62 2.1714e-18 
1190.63 2.40327e-18 
1190.64 2.65898e-18 
1190.64 2.94089e-18 
1190.65 3.25155e-18 
1190.66 3.5938e-18 
1190.67 3.97069e-18 
1190.68 4.3856e-18 
1190.69 4.84219e-18 
1190.7 5.34447e-18 
1190.71 5.89681e-18 
1190.72 6.50398e-18 
1190.73 7.17995e-18 
1190.74 7.91374e-18 
1190.75 8.71952e-18 
1190.76 9.60402e-18 
1190.77 1.05746e-17 
1190.78 1.16392e-17 
1190.79 1.28066e-17 
1190.8 1.40862e-17 
1190.81 1.54884e-17 
1190.82 1.70242e-17 
1190.83 1.87058e-17 
1190.84 2.05464e-17 
1190.85 2.25604e-17 
1190.86 2.47632e-17 
1190.87 2.71718e-17 
1190.88 2.98042e-17 
1190.89 3.26805e-17 
1190.9 3.58219e-17 
1190.91 3.92517e-17 
1190.92 4.29951e-17 
1190.93 4.70792e-17 
1190.94 5.15334e-17 
1190.95 5.63896e-17 
1190.96 6.16821e-17 
1190.97 6.7448e-17 
1190.98 7.38094e-17 
1190.99 8.06528e-17 
1191 8.81004e-17 
1191.01 9.62024e-17 
1191.02 1.05013e-16 
1191.03 1.14591e-16 
1191.04 1.25e-16 
1191.05 1.36307e-16 
1191.06 1.48585e-16 
1191.07 1.61914e-16 
1191.07 1.76377e-16 
1191.08 1.92065e-16 
1191.09 2.09077e-16 
1191.1 2.27518e-16 
1191.11 2.47499e-16 
1191.12 2.69141e-16 
1191.13 2.92576e-16 
1191.14 3.1794e-16 
1191.15 3.45385e-16 
1191.16 3.75069e-16 
1191.17 4.07163e-16 
1191.18 4.41851e-16 
1191.19 4.79329e-16 
1191.2 5.19806e-16 
1191.21 5.63506e-16 
1191.22 6.10669e-16 
1191.23 6.62212e-16 
1191.24 7.17138e-16 
1191.25 7.76351e-16 
1191.26 8.40163e-16 
1191.27 9.08906e-16 
1191.28 9.82935e-16 
1191.29 1.06262e-15 
1191.3 1.14838e-15 
1191.31 1.24063e-15 
1191.32 1.33982e-15 
1191.33 1.44644e-15 
1191.34 1.56101e-15 
1191.35 1.68408e-15 
1191.36 1.81622e-15 
1191.37 1.95804e-15 
1191.38 2.11022e-15 
1191.39 2.27344e-15 
1191.4 2.44843e-15 
1191.41 2.63599e-15 
1191.42 2.83693e-15 
1191.43 3.05213e-15 
1191.44 3.28253e-15 
1191.45 3.52909e-15 
1191.46 3.79287e-15 
1191.47 4.07496e-15 
1191.48 4.38054e-15 
1191.49 4.70292e-15 
1191.49 5.04744e-15 
1191.5 5.41532e-15 
1191.51 5.808e-15 
1191.52 6.22702e-15 
1191.53 6.67395e-15 
1191.54 7.15049e-15 
1191.55 7.65841e-15 
1191.56 8.19958e-15 
1191.57 8.77596e-15 
1191.58 9.38961e-15 
1191.59 1.00427e-14 
1191.6 1.07441e-14 
1191.61 1.14835e-14 
1191.62 1.22695e-14 
1191.63 1.31048e-14 
1191.64 1.39921e-14 
1191.65 1.49343e-14 
1191.66 1.59345e-14 
1191.67 1.69958e-14 
1191.68 1.81215e-14 
1191.69 1.93151e-14 
1191.7 2.05802e-14 
1191.71 2.19206e-14 
1191.72 2.33403e-14 
1191.73 2.48626e-14 
1191.74 2.64544e-14 
1191.75 2.81383e-14 
1191.76 2.99192e-14 
1191.77 3.18017e-14 
1191.78 3.3791e-14 
1191.79 3.58924e-14 
1191.8 3.81113e-14 
1191.81 4.04534e-14 
1191.82 4.29246e-14 
1191.83 4.5531e-14 
1191.84 4.82791e-14 
1191.85 5.11753e-14 
1191.86 5.42265e-14 
1191.87 5.74399e-14 
1191.88 6.08226e-14 
1191.89 6.43824e-14 
1191.9 6.81269e-14 
1191.91 7.20644e-14 
1191.92 7.62032e-14 
1191.92 8.05518e-14 
1191.93 8.51193e-14 
1191.94 8.99146e-14 
1191.95 9.49475e-14 
1191.96 1.00227e-13 
1191.97 1.05764e-13 
1191.98 1.11643e-13 
1191.99 1.17729e-13 
1192 1.24104e-13 
1192.01 1.30779e-13 
1192.02 1.37766e-13 
1192.03 1.45076e-13 
1192.04 1.52721e-13 
1192.05 1.60714e-13 
1192.06 1.69067e-13 
1192.07 1.77792e-13 
1192.08 1.86904e-13 
1192.09 1.96415e-13 
1192.1 2.06339e-13 
1192.11 2.16691e-13 
1192.12 2.27483e-13 
1192.13 2.38731e-13 
1192.14 2.50449e-13 
1192.15 2.62652e-13 
1192.16 2.75355e-13 
1192.17 2.88573e-13 
1192.18 3.02323e-13 
1192.19 3.16619e-13 
1192.2 3.31479e-13 
1192.21 3.46916e-13 
1192.22 3.62949e-13 
1192.23 3.79806e-13 
1192.24 3.97086e-13 
1192.25 4.15012e-13 
1192.26 4.33599e-13 
1192.27 4.52865e-13 
1192.28 4.72827e-13 
1192.29 4.93502e-13 
1192.3 5.14906e-13 
1192.31 5.37058e-13 
1192.32 5.59975e-13 
1192.33 5.83673e-13 
1192.34 6.0817e-13 
1192.34 6.33484e-13 
1192.35 6.59631e-13 
1192.36 6.8663e-13 
1192.37 7.14496e-13 
1192.38 7.43248e-13 
1192.39 7.72903e-13 
1192.4 8.03478e-13 
1192.41 8.34989e-13 
1192.42 8.67455e-13 
1192.43 9.00892e-13 
1192.44 9.35318e-13 
1192.45 9.70749e-13 
1192.46 1.0072e-12 
1192.47 1.0447e-12 
1192.48 1.08373e-12 
1192.49 1.12337e-12 
1192.5 1.1641e-12 
1192.51 1.20594e-12 
1192.52 1.24891e-12 
1192.53 1.29303e-12 
1192.54 1.33831e-12 
1192.55 1.38478e-12 
1192.56 1.43245e-12 
1192.57 1.48135e-12 
1192.58 1.5315e-12 
1192.59 1.58292e-12 
1192.6 1.63564e-12 
1192.61 1.69072e-12 
1192.62 1.74614e-12 
1192.63 1.80295e-12 
1192.64 1.86116e-12 
1192.65 1.92083e-12 
1192.66 1.98198e-12 
1192.67 2.04465e-12 
1192.68 2.10889e-12 
1192.69 2.17476e-12 
1192.7 2.24229e-12 
1192.71 2.31156e-12 
1192.72 2.38263e-12 
1192.73 2.45649e-12 
1192.74 2.5314e-12 
1192.75 2.60834e-12 
1192.76 2.68743e-12 
1192.77 2.76875e-12 
1192.77 2.85243e-12 
1192.78 2.9386e-12 
1192.79 3.02741e-12 
1192.8 3.11902e-12 
1192.81 3.21359e-12 
1192.82 3.31134e-12 
1192.83 3.41247e-12 
1192.84 3.51721e-12 
1192.85 3.62585e-12 
1192.86 3.73865e-12 
1192.87 3.85595e-12 
1192.88 3.97808e-12 
1192.89 4.10545e-12 
1192.9 4.23846e-12 
1192.91 4.3776e-12 
1192.92 4.52336e-12 
1192.93 4.67632e-12 
1192.94 4.83709e-12 
1192.95 5.00634e-12 
1192.96 5.18481e-12 
1192.97 5.37333e-12 
1192.98 5.57533e-12 
1192.99 5.78681e-12 
1193 6.01126e-12 
1193.01 6.24983e-12 
1193.02 6.5038e-12 
1193.03 6.77453e-12 
1193.04 7.06355e-12 
1193.05 7.37248e-12 
1193.06 7.70311e-12 
1193.07 8.05739e-12 
1193.08 8.43744e-12 
1193.09 8.84555e-12 
1193.1 9.28423e-12 
1193.11 9.7562e-12 
1193.12 1.02644e-11 
1193.13 1.0812e-11 
1193.14 1.14026e-11 
1193.15 1.20398e-11 
1193.16 1.27278e-11 
1193.17 1.34709e-11 
1193.18 1.42741e-11 
1193.19 1.51423e-11 
1193.19 1.60814e-11 
1193.2 1.70972e-11 
1193.21 1.81964e-11 
1193.22 1.94021e-11 
1193.23 2.06905e-11 
1193.24 2.20859e-11 
1193.25 2.35966e-11 
1193.26 2.52322e-11 
1193.27 2.70031e-11 
1193.28 2.89204e-11 
1193.29 3.09962e-11 
1193.3 3.32433e-11 
1193.31 3.56757e-11 
1193.32 3.83083e-11 
1193.33 4.11573e-11 
1193.34 4.42398e-11 
1193.35 4.75746e-11 
1193.36 5.11815e-11 
1193.37 5.5082e-11 
1193.38 5.9299e-11 
1193.39 6.38572e-11 
1193.4 6.87831e-11 
1193.41 7.41048e-11 
1193.42 7.98528e-11 
1193.43 8.60596e-11 
1193.44 9.27599e-11 
1193.45 9.99908e-11 
1193.46 1.07792e-10 
1193.47 1.16207e-10 
1193.48 1.25398e-10 
1193.49 1.35187e-10 
1193.5 1.45735e-10 
1193.51 1.57099e-10 
1193.52 1.69337e-10 
1193.53 1.82511e-10 
1193.54 1.9669e-10 
1193.55 2.11945e-10 
1193.56 2.28351e-10 
1193.57 2.45991e-10 
1193.58 2.6495e-10 
1193.59 2.8532e-10 
1193.6 3.07199e-10 
1193.61 3.30896e-10 
1193.62 3.56127e-10 
1193.62 3.832e-10 
1193.63 4.12239e-10 
1193.64 4.43377e-10 
1193.65 4.76752e-10 
1193.66 5.12515e-10 
1193.67 5.50822e-10 
1193.68 5.91841e-10 
1193.69 6.35747e-10 
1193.7 6.82729e-10 
1193.71 7.32983e-10 
1193.72 7.8672e-10 
1193.73 8.44903e-10 
1193.74 9.06331e-10 
1193.75 9.71946e-10 
1193.76 1.04201e-09 
1193.77 1.1168e-09 
1193.78 1.1966e-09 
1193.79 1.28172e-09 
1193.8 1.37249e-09 
1193.81 1.46923e-09 
1193.82 1.57232e-09 
1193.83 1.68213e-09 
1193.84 1.79906e-09 
1193.85 1.92351e-09 
1193.86 2.05594e-09 
1193.87 2.19679e-09 
1193.88 2.34656e-09 
1193.89 2.50576e-09 
1193.9 2.67491e-09 
1193.91 2.85457e-09 
1193.92 3.04534e-09 
1193.93 3.24782e-09 
1193.94 3.46266e-09 
1193.95 3.69053e-09 
1193.96 3.93213e-09 
1193.97 4.1882e-09 
1193.98 4.46302e-09 
1193.99 4.75059e-09 
1194 5.05506e-09 
1194.01 5.3773e-09 
1194.02 5.71824e-09 
1194.03 6.07883e-09 
1194.04 6.46006e-09 
1194.05 6.86297e-09 
1194.05 7.28865e-09 
1194.06 7.73821e-09 
1194.07 8.21283e-09 
1194.08 8.71372e-09 
1194.09 9.24214e-09 
1194.1 9.79942e-09 
1194.11 1.03869e-08 
1194.12 1.1006e-08 
1194.13 1.16583e-08 
1194.14 1.23451e-08 
1194.15 1.30681e-08 
1194.16 1.3829e-08 
1194.17 1.46294e-08 
1194.18 1.5471e-08 
1194.19 1.63557e-08 
1194.2 1.72853e-08 
1194.21 1.82618e-08 
1194.22 1.92871e-08 
1194.23 2.03772e-08 
1194.24 2.15071e-08 
1194.25 2.26922e-08 
1194.26 2.39348e-08 
1194.27 2.52372e-08 
1194.28 2.66017e-08 
1194.29 2.80309e-08 
1194.3 2.95271e-08 
1194.31 3.10929e-08 
1194.32 3.27311e-08 
1194.33 3.44443e-08 
1194.34 3.62352e-08 
1194.35 3.81068e-08 
1194.36 4.00619e-08 
1194.37 4.21035e-08 
1194.38 4.42347e-08 
1194.39 4.64584e-08 
1194.4 4.87779e-08 
1194.41 5.11965e-08 
1194.42 5.37173e-08 
1194.43 5.63437e-08 
1194.44 5.90792e-08 
1194.45 6.19271e-08 
1194.46 6.48911e-08 
1194.47 6.79745e-08 
1194.47 7.12228e-08 
1194.48 7.4557e-08 
1194.49 7.80226e-08 
1194.5 8.16225e-08 
1194.51 8.53604e-08 
1194.52 8.92403e-08 
1194.53 9.32658e-08 
1194.54 9.74409e-08 
1194.55 1.0177e-07 
1194.56 1.06256e-07 
1194.57 1.10903e-07 
1194.58 1.15715e-07 
1194.59 1.20697e-07 
1194.6 1.25852e-07 
1194.61 1.31265e-07 
1194.62 1.36782e-07 
1194.63 1.42483e-07 
1194.64 1.48374e-07 
1194.65 1.54457e-07 
1194.66 1.60737e-07 
1194.67 1.67217e-07 
1194.68 1.73902e-07 
1194.69 1.80794e-07 
1194.7 1.87898e-07 
1194.71 1.95217e-07 
1194.72 2.02754e-07 
1194.73 2.10611e-07 
1194.74 2.18598e-07 
1194.75 2.26814e-07 
1194.76 2.35261e-07 
1194.77 2.43943e-07 
1194.78 2.52862e-07 
1194.79 2.62021e-07 
1194.8 2.71422e-07 
1194.81 2.81069e-07 
1194.82 2.90963e-07 
1194.83 3.01106e-07 
1194.84 3.11501e-07 
1194.85 3.22148e-07 
1194.86 3.33051e-07 
1194.87 3.44209e-07 
1194.88 3.55624e-07 
1194.89 3.67297e-07 
1194.9 3.79229e-07 
1194.9 3.9142e-07 
1194.91 4.03871e-07 
1194.92 4.1658e-07 
1194.93 4.29549e-07 
1194.94 4.42775e-07 
1194.95 4.5626e-07 
1194.96 4.70001e-07 
1194.97 4.83996e-07 
1194.98 4.98425e-07 
1194.99 5.12928e-07 
1195 5.27679e-07 
1195.01 5.42677e-07 
1195.02 5.57918e-07 
1195.03 5.73399e-07 
1195.04 5.89116e-07 
1195.05 6.05066e-07 
1195.06 6.21243e-07 
1195.07 6.37643e-07 
1195.08 6.54262e-07 
1195.09 6.71093e-07 
1195.1 6.88132e-07 
1195.11 7.05372e-07 
1195.12 7.22806e-07 
1195.13 7.40428e-07 
1195.14 7.58232e-07 
1195.15 7.76208e-07 
1195.16 7.9435e-07 
1195.17 8.1265e-07 
1195.18 8.31099e-07 
1195.19 8.49687e-07 
1195.2 8.68407e-07 
1195.21 8.87248e-07 
1195.22 9.062e-07 
1195.23 9.25493e-07 
1195.24 9.44638e-07 
1195.25 9.63864e-07 
1195.26 9.83159e-07 
1195.27 1.00251e-06 
1195.28 1.02191e-06 
1195.29 1.04134e-06 
1195.3 1.0608e-06 
1195.31 1.08026e-06 
1195.32 1.09972e-06 
1195.32 1.11916e-06 
1195.33 1.13858e-06 
1195.34 1.15795e-06 
1195.35 1.17727e-06 
1195.36 1.19652e-06 
1195.37 1.21568e-06 
1195.38 1.23475e-06 
1195.39 1.2537e-06 
1195.4 1.27253e-06 
1195.41 1.29122e-06 
1195.42 1.30976e-06 
1195.43 1.32812e-06 
1195.44 1.34631e-06 
1195.45 1.3643e-06 
1195.46 1.38207e-06 
1195.47 1.39962e-06 
1195.48 1.41715e-06 
1195.49 1.4342e-06 
1195.5 1.45099e-06 
1195.51 1.46749e-06 
1195.52 1.4837e-06 
1195.53 1.49959e-06 
1195.54 1.51517e-06 
1195.55 1.5304e-06 
1195.56 1.54529e-06 
1195.57 1.55981e-06 
1195.58 1.57395e-06 
1195.59 1.58771e-06 
1195.6 1.60107e-06 
1195.61 1.61501e-06 
1195.62 1.62754e-06 
1195.63 1.63963e-06 
1195.64 1.65128e-06 
1195.65 1.66247e-06 
1195.66 1.6732e-06 
1195.67 1.68345e-06 
1195.68 1.69322e-06 
1195.69 1.70249e-06 
1195.7 1.71125e-06 
1195.71 1.71951e-06 
1195.72 1.72726e-06 
1195.73 1.73456e-06 
1195.74 1.74124e-06 
1195.75 1.74739e-06 
1195.75 1.75299e-06 
1195.76 1.75805e-06 
1195.77 1.76255e-06 
1195.78 1.76651e-06 
1195.79 1.7699e-06 
1195.8 1.77274e-06 
1195.81 1.77502e-06 
1195.82 1.77673e-06 
1195.83 1.77788e-06 
1195.84 1.77847e-06 
1195.85 1.7785e-06 
1195.86 1.77796e-06 
1195.87 1.77686e-06 
1195.88 1.77521e-06 
1195.89 1.773e-06 
1195.9 1.77024e-06 
1195.91 1.76693e-06 
1195.92 1.76308e-06 
1195.93 1.75869e-06 
1195.94 1.75376e-06 
1195.95 1.74832e-06 
1195.96 1.74235e-06 
1195.97 1.73587e-06 
1195.98 1.72879e-06 
1195.99 1.7213e-06 
1196 1.71333e-06 
1196.01 1.70487e-06 
1196.02 1.69595e-06 
1196.03 1.68657e-06 
1196.04 1.67674e-06 
1196.05 1.66647e-06 
1196.06 1.65578e-06 
1196.07 1.64467e-06 
1196.08 1.63317e-06 
1196.09 1.62127e-06 
1196.1 1.609e-06 
1196.11 1.59636e-06 
1196.12 1.58337e-06 
1196.13 1.57005e-06 
1196.14 1.5564e-06 
1196.15 1.54244e-06 
1196.16 1.52819e-06 
1196.17 1.51366e-06 
1196.17 1.49887e-06 
1196.18 1.48382e-06 
1196.19 1.46854e-06 
1196.2 1.45304e-06 
1196.21 1.43733e-06 
1196.22 1.42123e-06 
1196.23 1.40516e-06 
1196.24 1.38892e-06 
1196.25 1.37254e-06 
1196.26 1.35603e-06 
1196.27 1.33941e-06 
1196.28 1.32268e-06 
1196.29 1.30587e-06 
1196.3 1.289e-06 
1196.31 1.27206e-06 
1196.32 1.25509e-06 
1196.33 1.23809e-06 
1196.34 1.22107e-06 
1196.35 1.20406e-06 
1196.36 1.18706e-06 
1196.37 1.17009e-06 
1196.38 1.15317e-06 
1196.39 1.1363e-06 
1196.4 1.11949e-06 
1196.41 1.10277e-06 
1196.42 1.08614e-06 
1196.43 1.06961e-06 
1196.44 1.0532e-06 
1196.45 1.03692e-06 
1196.46 1.02077e-06 
1196.47 1.00477e-06 
1196.48 9.88732e-07 
1196.49 9.73061e-07 
1196.5 9.57566e-07 
1196.51 9.42258e-07 
1196.52 9.27144e-07 
1196.53 9.12233e-07 
1196.54 8.97532e-07 
1196.55 8.83049e-07 
1196.56 8.68791e-07 
1196.57 8.54763e-07 
1196.58 8.40973e-07 
1196.59 8.27426e-07 
1196.6 8.14127e-07 
1196.6 8.01576e-07 
1196.61 7.8878e-07 
1196.62 7.76246e-07 
1196.63 7.63977e-07 
1196.64 7.51978e-07 
1196.65 7.4025e-07 
1196.66 7.28797e-07 
1196.67 7.1762e-07 
1196.68 7.06722e-07 
1196.69 6.96103e-07 
1196.7 6.85765e-07 
1196.71 6.75709e-07 
1196.72 6.65934e-07 
1196.73 6.56325e-07 
1196.74 6.47118e-07 
1196.75 6.38192e-07 
1196.76 6.29546e-07 
1196.77 6.2118e-07 
1196.78 6.13091e-07 
1196.79 6.05278e-07 
1196.8 5.9774e-07 
1196.81 5.90473e-07 
1196.82 5.83475e-07 
1196.83 5.76744e-07 
1196.84 5.70277e-07 
1196.85 5.64071e-07 
1196.86 5.58122e-07 
1196.87 5.52428e-07 
1196.88 5.46984e-07 
1196.89 5.41787e-07 
1196.9 5.36833e-07 
1196.91 5.32118e-07 
1196.92 5.27638e-07 
1196.93 5.23389e-07 
1196.94 5.19366e-07 
1196.95 5.15565e-07 
1196.96 5.11983e-07 
1196.97 5.08613e-07 
1196.98 5.05415e-07 
1196.99 5.02461e-07 
1197 4.99708e-07 
1197.01 4.9715e-07 
1197.02 4.94783e-07 
1197.03 4.92602e-07 
1197.03 4.90603e-07 
1197.04 4.88782e-07 
1197.05 4.87134e-07 
1197.06 4.85656e-07 
1197.07 4.84342e-07 
1197.08 4.83189e-07 
1197.09 4.82192e-07 
1197.1 4.81348e-07 
1197.11 4.80653e-07 
1197.12 4.80103e-07 
1197.13 4.79695e-07 
1197.14 4.79424e-07 
1197.15 4.79288e-07 
1197.16 4.79284e-07 
1197.17 4.79407e-07 
1197.18 4.79656e-07 
1197.19 4.80028e-07 
1197.2 4.80519e-07 
1197.21 4.81127e-07 
1197.22 4.8185e-07 
1197.23 4.82697e-07 
1197.24 4.83644e-07 
1197.25 4.847e-07 
1197.26 4.85863e-07 
1197.27 4.87132e-07 
1197.28 4.88504e-07 
1197.29 4.89979e-07 
1197.3 4.91555e-07 
1197.31 4.93231e-07 
1197.32 4.95007e-07 
1197.33 4.96883e-07 
1197.34 4.98856e-07 
1197.35 5.00928e-07 
1197.36 5.03098e-07 
1197.37 5.05365e-07 
1197.38 5.0773e-07 
1197.39 5.10194e-07 
1197.4 5.12755e-07 
1197.41 5.15416e-07 
1197.42 5.18175e-07 
1197.43 5.21035e-07 
1197.44 5.23995e-07 
1197.45 5.27056e-07 
1197.45 5.3022e-07 
1197.46 5.33488e-07 
1197.47 5.36859e-07 
1197.48 5.40381e-07 
1197.49 5.43967e-07 
1197.5 5.47661e-07 
1197.51 5.51464e-07 
1197.52 5.55378e-07 
1197.53 5.59405e-07 
1197.54 5.63545e-07 
1197.55 5.678e-07 
1197.56 5.72172e-07 
1197.57 5.76662e-07 
1197.58 5.81271e-07 
1197.59 5.86001e-07 
1197.6 5.90853e-07 
1197.61 5.96196e-07 
1197.62 6.013e-07 
1197.63 6.06531e-07 
1197.64 6.11889e-07 
1197.65 6.17375e-07 
1197.66 6.22992e-07 
1197.67 6.2874e-07 
1197.68 6.34619e-07 
1197.69 6.40631e-07 
1197.7 6.46777e-07 
1197.71 6.53057e-07 
1197.72 6.59472e-07 
1197.73 6.66104e-07 
1197.74 6.72791e-07 
1197.75 6.79614e-07 
1197.76 6.86573e-07 
1197.77 6.93668e-07 
1197.78 7.00898e-07 
1197.79 7.08263e-07 
1197.8 7.15764e-07 
1197.81 7.23398e-07 
1197.82 7.31165e-07 
1197.83 7.39065e-07 
1197.84 7.47096e-07 
1197.85 7.55257e-07 
1197.86 7.63546e-07 
1197.87 7.71962e-07 
1197.88 7.80503e-07 
1197.88 7.89167e-07 
1197.89 7.97951e-07 
1197.9 8.06854e-07 
1197.91 8.15873e-07 
1197.92 8.25006e-07 
1197.93 8.34248e-07 
1197.94 8.43598e-07 
1197.95 8.53052e-07 
1197.96 8.62607e-07 
1197.97 8.72258e-07 
1197.98 8.82126e-07 
1197.99 8.91961e-07 
1198 9.01882e-07 
1198.01 9.11884e-07 
1198.02 9.21963e-07 
1198.03 9.32113e-07 
1198.04 9.42331e-07 
1198.05 9.52612e-07 
1198.06 9.62949e-07 
1198.07 9.7334e-07 
1198.08 9.83777e-07 
1198.09 9.94255e-07 
1198.1 1.00477e-06 
1198.11 1.01531e-06 
1198.12 1.02588e-06 
1198.13 1.03647e-06 
1198.14 1.04707e-06 
1198.15 1.05768e-06 
1198.16 1.06829e-06 
1198.17 1.07889e-06 
1198.18 1.08948e-06 
1198.19 1.10005e-06 
1198.2 1.1106e-06 
1198.21 1.12111e-06 
1198.22 1.13159e-06 
1198.23 1.14215e-06 
1198.24 1.15253e-06 
1198.25 1.16285e-06 
1198.26 1.17311e-06 
1198.27 1.1833e-06 
1198.28 1.19341e-06 
1198.29 1.20343e-06 
1198.3 1.21336e-06 
1198.3 1.2232e-06 
1198.31 1.23293e-06 
1198.32 1.24255e-06 
1198.33 1.25205e-06 
1198.34 1.26143e-06 
1198.35 1.27068e-06 
1198.36 1.2798e-06 
1198.37 1.28877e-06 
1198.38 1.2976e-06 
1198.39 1.30627e-06 
1198.4 1.31478e-06 
1198.41 1.32313e-06 
1198.42 1.3313e-06 
1198.43 1.3393e-06 
1198.44 1.34712e-06 
1198.45 1.35476e-06 
1198.46 1.3622e-06 
1198.47 1.36945e-06 
1198.48 1.37658e-06 
1198.49 1.38343e-06 
1198.5 1.39006e-06 
1198.51 1.39648e-06 
1198.52 1.40269e-06 
1198.53 1.40867e-06 
1198.54 1.41444e-06 
1198.55 1.41998e-06 
1198.56 1.42529e-06 
1198.57 1.43037e-06 
1198.58 1.43522e-06 
1198.59 1.43983e-06 
1198.6 1.44421e-06 
1198.61 1.44924e-06 
1198.62 1.45315e-06 
1198.63 1.45682e-06 
1198.64 1.46024e-06 
1198.65 1.46343e-06 
1198.66 1.46638e-06 
1198.67 1.46909e-06 
1198.68 1.47155e-06 
1198.69 1.47378e-06 
1198.7 1.47578e-06 
1198.71 1.47754e-06 
1198.72 1.47906e-06 
1198.73 1.48037e-06 
1198.73 1.48144e-06 
1198.74 1.48228e-06 
1198.75 1.48289e-06 
1198.76 1.48329e-06 
1198.77 1.48347e-06 
1198.78 1.48344e-06 
1198.79 1.48321e-06 
1198.8 1.48277e-06 
1198.81 1.48214e-06 
1198.82 1.48132e-06 
1198.83 1.48031e-06 
1198.84 1.47912e-06 
1198.85 1.47776e-06 
1198.86 1.47623e-06 
1198.87 1.47454e-06 
1198.88 1.4727e-06 
1198.89 1.47071e-06 
1198.9 1.46858e-06 
1198.91 1.46633e-06 
1198.92 1.46395e-06 
1198.93 1.46146e-06 
1198.94 1.45887e-06 
1198.95 1.45618e-06 
1198.96 1.45341e-06 
1198.97 1.45055e-06 
1198.98 1.4476e-06 
1198.99 1.44462e-06 
1199 1.4416e-06 
1199.01 1.43854e-06 
1199.02 1.43545e-06 
1199.03 1.43235e-06 
1199.04 1.42924e-06 
1199.05 1.42614e-06 
1199.06 1.42305e-06 
1199.07 1.42e-06 
1199.08 1.41698e-06 
1199.09 1.41401e-06 
1199.1 1.41111e-06 
1199.11 1.40828e-06 
1199.12 1.40553e-06 
1199.13 1.40288e-06 
1199.14 1.40034e-06 
1199.15 1.39792e-06 
1199.15 1.39563e-06 
1199.16 1.39348e-06 
1199.17 1.39149e-06 
1199.18 1.38967e-06 
1199.19 1.38802e-06 
1199.2 1.38657e-06 
1199.21 1.38531e-06 
1199.22 1.38426e-06 
1199.23 1.38344e-06 
1199.24 1.38285e-06 
1199.25 1.38251e-06 
1199.26 1.38243e-06 
1199.27 1.38261e-06 
1199.28 1.38307e-06 
1199.29 1.38382e-06 
1199.3 1.38486e-06 
1199.31 1.38621e-06 
1199.32 1.38787e-06 
1199.33 1.38986e-06 
1199.34 1.39217e-06 
1199.35 1.39483e-06 
1199.36 1.39784e-06 
1199.37 1.4012e-06 
1199.38 1.40493e-06 
1199.39 1.40903e-06 
1199.4 1.4135e-06 
1199.41 1.41836e-06 
1199.42 1.42361e-06 
1199.43 1.42925e-06 
1199.44 1.43529e-06 
1199.45 1.44173e-06 
1199.46 1.44858e-06 
1199.47 1.45584e-06 
1199.48 1.4636e-06 
1199.49 1.4717e-06 
1199.5 1.4802e-06 
1199.51 1.48913e-06 
1199.52 1.49847e-06 
1199.53 1.50823e-06 
1199.54 1.51842e-06 
1199.55 1.52901e-06 
1199.56 1.54003e-06 
1199.57 1.55145e-06 
1199.58 1.56329e-06 
1199.58 1.57554e-06 
1199.59 1.58819e-06 
1199.6 1.60123e-06 
1199.61 1.61566e-06 
1199.62 1.6295e-06 
1199.63 1.64372e-06 
1199.64 1.65831e-06 
1199.65 1.67327e-06 
1199.66 1.68859e-06 
1199.67 1.70425e-06 
1199.68 1.72026e-06 
1199.69 1.7366e-06 
1199.7 1.75326e-06 
1199.71 1.77022e-06 
1199.72 1.78749e-06 
1199.73 1.80525e-06 
1199.74 1.82308e-06 
1199.75 1.84116e-06 
1199.76 1.85948e-06 
1199.77 1.87804e-06 
1199.78 1.89681e-06 
1199.79 1.91578e-06 
1199.8 1.93493e-06 
1199.81 1.95425e-06 
1199.82 1.97372e-06 
1199.83 1.99332e-06 
1199.84 2.01304e-06 
1199.85 2.03285e-06 
1199.86 2.05275e-06 
1199.87 2.0727e-06 
1199.88 2.0927e-06 
1199.89 2.11271e-06 
1199.9 2.13273e-06 
1199.91 2.15274e-06 
1199.92 2.1727e-06 
1199.93 2.19261e-06 
1199.94 2.21243e-06 
1199.95 2.23216e-06 
1199.96 2.25177e-06 
1199.97 2.27124e-06 
1199.98 2.29078e-06 
1199.99 2.3099e-06 
1200 2.32882e-06 
1200.01 2.34751e-06 
1200.01 2.36596e-06 
1200.02 2.38414e-06 
1200.03 2.40203e-06 
1200.04 2.41961e-06 
1200.05 2.43687e-06 
1200.06 2.45377e-06 
1200.07 2.47031e-06 
1200.08 2.48646e-06 
1200.09 2.5022e-06 
1200.1 2.51751e-06 
1200.11 2.53237e-06 
1200.12 2.54677e-06 
1200.13 2.56069e-06 
1200.14 2.57411e-06 
1200.15 2.587e-06 
1200.16 2.59937e-06 
1200.17 2.61118e-06 
1200.18 2.62242e-06 
1200.19 2.63308e-06 
1200.2 2.64314e-06 
1200.21 2.65259e-06 
1200.22 2.66141e-06 
1200.23 2.66969e-06 
1200.24 2.67722e-06 
1200.25 2.68408e-06 
1200.26 2.69027e-06 
1200.27 2.69577e-06 
1200.28 2.70058e-06 
1200.29 2.70468e-06 
1200.3 2.70807e-06 
1200.31 2.71074e-06 
1200.32 2.71269e-06 
1200.33 2.7139e-06 
1200.34 2.71438e-06 
1200.35 2.71411e-06 
1200.36 2.7131e-06 
1200.37 2.71134e-06 
1200.38 2.70882e-06 
1200.39 2.70556e-06 
1200.4 2.70154e-06 
1200.41 2.69677e-06 
1200.42 2.69124e-06 
1200.43 2.68497e-06 
1200.43 2.67794e-06 
1200.44 2.67018e-06 
1200.45 2.66167e-06 
1200.46 2.65242e-06 
1200.47 2.64245e-06 
1200.48 2.63161e-06 
1200.49 2.62018e-06 
1200.5 2.60805e-06 
1200.51 2.59521e-06 
1200.52 2.58168e-06 
1200.53 2.56747e-06 
1200.54 2.55259e-06 
1200.55 2.53704e-06 
1200.56 2.52084e-06 
1200.57 2.50401e-06 
1200.58 2.48655e-06 
1200.59 2.46849e-06 
1200.6 2.44982e-06 
1200.61 2.43206e-06 
1200.62 2.41223e-06 
1200.63 2.39185e-06 
1200.64 2.37093e-06 
1200.65 2.34949e-06 
1200.66 2.32754e-06 
1200.67 2.3051e-06 
1200.68 2.2822e-06 
1200.69 2.25884e-06 
1200.7 2.23504e-06 
1200.71 2.21083e-06 
1200.72 2.18622e-06 
1200.73 2.16091e-06 
1200.74 2.13555e-06 
1200.75 2.10985e-06 
1200.76 2.08383e-06 
1200.77 2.0575e-06 
1200.78 2.03089e-06 
1200.79 2.00401e-06 
1200.8 1.97688e-06 
1200.81 1.94953e-06 
1200.82 1.92197e-06 
1200.83 1.89422e-06 
1200.84 1.8663e-06 
1200.85 1.83824e-06 
1200.85 1.81004e-06 
1200.86 1.78172e-06 
1200.87 1.75332e-06 
1200.88 1.72484e-06 
1200.89 1.6963e-06 
1200.9 1.66772e-06 
1200.91 1.63912e-06 
1200.92 1.61051e-06 
1200.93 1.58192e-06 
1200.94 1.55336e-06 
1200.95 1.52485e-06 
1200.96 1.4964e-06 
1200.97 1.46803e-06 
1200.98 1.4394e-06 
1200.99 1.41124e-06 
1201 1.3832e-06 
1201.01 1.3553e-06 
1201.02 1.32756e-06 
1201.03 1.29998e-06 
1201.04 1.27258e-06 
1201.05 1.24538e-06 
1201.06 1.21838e-06 
1201.07 1.1916e-06 
1201.08 1.16505e-06 
1201.09 1.13874e-06 
1201.1 1.11268e-06 
1201.11 1.08688e-06 
1201.12 1.06135e-06 
1201.13 1.0361e-06 
1201.14 1.01114e-06 
1201.15 9.86473e-07 
1201.16 9.62113e-07 
1201.17 9.38064e-07 
1201.18 9.14334e-07 
1201.19 8.90928e-07 
1201.2 8.67853e-07 
1201.21 8.45115e-07 
1201.22 8.22717e-07 
1201.23 8.00392e-07 
1201.24 7.78695e-07 
1201.25 7.57352e-07 
1201.26 7.36366e-07 
1201.27 7.15739e-07 
1201.28 6.95475e-07 
1201.28 6.75576e-07 
1201.29 6.56043e-07 
1201.3 6.36877e-07 
1201.31 6.1808e-07 
1201.32 5.99652e-07 
1201.33 5.81593e-07 
1201.34 5.63903e-07 
1201.35 5.46583e-07 
1201.36 5.29629e-07 
1201.37 5.13043e-07 
1201.38 4.96823e-07 
1201.39 4.80965e-07 
1201.4 4.6547e-07 
1201.41 4.50335e-07 
1201.42 4.35556e-07 
1201.43 4.21132e-07 
1201.44 4.0706e-07 
1201.45 3.93335e-07 
1201.46 3.79956e-07 
1201.47 3.66918e-07 
1201.48 3.54061e-07 
1201.49 3.41698e-07 
1201.5 3.29665e-07 
1201.51 3.17957e-07 
1201.52 3.06569e-07 
1201.53 2.95498e-07 
1201.54 2.84738e-07 
1201.55 2.74285e-07 
1201.56 2.64134e-07 
1201.57 2.5428e-07 
1201.58 2.44717e-07 
1201.59 2.35441e-07 
1201.6 2.26446e-07 
1201.61 2.17861e-07 
1201.62 2.09408e-07 
1201.63 2.01221e-07 
1201.64 1.93293e-07 
1201.65 1.8562e-07 
1201.66 1.78197e-07 
1201.67 1.71017e-07 
1201.68 1.64076e-07 
1201.69 1.57368e-07 
1201.7 1.50887e-07 
1201.7 1.44628e-07 
1201.71 1.38585e-07 
1201.72 1.32683e-07 
1201.73 1.2706e-07 
1201.74 1.21638e-07 
1201.75 1.16411e-07 
1201.76 1.11374e-07 
1201.77 1.06522e-07 
1201.78 1.0185e-07 
1201.79 9.73525e-08 
1201.8 9.30247e-08 
1201.81 8.88617e-08 
1201.82 8.48587e-08 
1201.83 8.10109e-08 
1201.84 7.73135e-08 
1201.85 7.3762e-08 
1201.86 7.03517e-08 
1201.87 6.70784e-08 
1201.88 6.39374e-08 
1201.89 6.09247e-08 
1201.9 5.80359e-08 
1201.91 5.52669e-08 
1201.92 5.26136e-08 
1201.93 5.00722e-08 
1201.94 4.76388e-08 
1201.95 4.53096e-08 
1201.96 4.30809e-08 
1201.97 4.0949e-08 
1201.98 3.88857e-08 
1201.99 3.69384e-08 
1202 3.50777e-08 
1202.01 3.33004e-08 
1202.02 3.16034e-08 
1202.03 2.99835e-08 
1202.04 2.84378e-08 
1202.05 2.69635e-08 
1202.06 2.55576e-08 
1202.07 2.42175e-08 
1202.08 2.29405e-08 
1202.09 2.17242e-08 
1202.1 2.05659e-08 
1202.11 1.94634e-08 
1202.12 1.84142e-08 
1202.13 1.74162e-08 
1202.13 1.64672e-08 
1202.14 1.55651e-08 
1202.15 1.47078e-08 
1202.16 1.38934e-08 
1202.17 1.312e-08 
1202.18 1.23858e-08 
1202.19 1.16891e-08 
1202.2 1.10282e-08 
1202.21 1.04014e-08 
1202.22 9.80009e-09 
1202.23 9.23713e-09 
1202.24 8.70398e-09 
1202.25 8.19905e-09 
1202.26 7.72102e-09 
1202.27 7.2686e-09 
1202.28 6.84056e-09 
1202.29 6.43573e-09 
1202.3 6.05298e-09 
1202.31 5.69123e-09 
1202.32 5.34944e-09 
1202.33 5.02661e-09 
1202.34 4.72179e-09 
1202.35 4.43409e-09 
1202.36 4.16262e-09 
1202.37 3.90656e-09 
1202.38 3.66511e-09 
1202.39 3.43752e-09 
1202.4 3.22305e-09 
1202.41 3.02104e-09 
1202.42 2.8308e-09 
1202.43 2.65172e-09 
1202.44 2.4832e-09 
1202.45 2.32466e-09 
1202.46 2.17557e-09 
1202.47 2.03541e-09 
1202.48 1.9021e-09 
1202.49 1.77844e-09 
1202.5 1.66231e-09 
1202.51 1.55328e-09 
1202.52 1.45095e-09 
1202.53 1.35495e-09 
1202.54 1.2649e-09 
1202.55 1.18047e-09 
1202.56 1.10133e-09 
1202.56 1.02718e-09 
1202.57 9.57722e-10 
1202.58 8.92686e-10 
1202.59 8.31807e-10 
1202.6 7.7484e-10 
1202.61 7.21993e-10 
1202.62 6.72129e-10 
1202.63 6.25514e-10 
1202.64 5.81952e-10 
1202.65 5.41255e-10 
1202.66 5.03248e-10 
1202.67 4.67764e-10 
1202.68 4.34648e-10 
1202.69 4.0375e-10 
1202.7 3.74933e-10 
1202.71 3.48064e-10 
1202.72 3.23021e-10 
1202.73 2.99405e-10 
1202.74 2.77689e-10 
1202.75 2.57468e-10 
1202.76 2.38645e-10 
1202.77 2.2113e-10 
1202.78 2.04837e-10 
1202.79 1.89685e-10 
1202.8 1.75599e-10 
1202.81 1.62509e-10 
1202.82 1.50349e-10 
1202.83 1.39054e-10 
1202.84 1.28569e-10 
1202.85 1.18837e-10 
1202.86 1.09808e-10 
1202.87 1.01433e-10 
1202.88 9.36679e-11 
1202.89 8.64704e-11 
1202.9 7.98011e-11 
1202.91 7.36234e-11 
1202.92 6.79028e-11 
1202.93 6.26073e-11 
1202.94 5.77068e-11 
1202.95 5.31734e-11 
1202.96 4.89809e-11 
1202.97 4.5105e-11 
1202.98 4.15229e-11 
1202.98 3.81737e-11 
1202.99 3.51201e-11 
1203 3.23007e-11 
1203.01 2.96984e-11 
1203.02 2.72973e-11 
1203.03 2.50826e-11 
1203.04 2.30404e-11 
1203.05 2.11578e-11 
1203.06 1.94231e-11 
1203.07 1.78251e-11 
1203.08 1.63534e-11 
1203.09 1.49986e-11 
1203.1 1.37518e-11 
1203.11 1.26047e-11 
1203.12 1.15497e-11 
1203.13 1.05797e-11 
1203.14 9.68818e-12 
1203.15 8.86902e-12 
1203.16 8.11661e-12 
1203.17 7.42571e-12 
1203.18 6.79152e-12 
1203.19 6.20957e-12 
1203.2 5.67571e-12 
1203.21 5.18615e-12 
1203.22 4.73734e-12 
1203.23 4.32111e-12 
1203.24 3.94469e-12 
1203.25 3.59995e-12 
1203.26 3.28431e-12 
1203.27 2.99542e-12 
1203.28 2.73109e-12 
1203.29 2.48932e-12 
1203.3 2.26824e-12 
1203.31 2.06616e-12 
1203.32 1.88149e-12 
1203.33 1.7128e-12 
1203.34 1.55875e-12 
1203.35 1.41811e-12 
1203.36 1.28976e-12 
1203.37 1.17267e-12 
1203.38 1.06587e-12 
1203.39 9.68501e-13 
1203.4 8.79752e-13 
1203.41 7.98888e-13 
1203.41 7.25231e-13 
1203.42 6.58161e-13 
1203.43 5.97108e-13 
1203.44 5.4155e-13 
1203.45 4.91009e-13 
1203.46 4.45047e-13 
1203.47 4.03262e-13 
1203.48 3.64834e-13 
1203.49 3.30374e-13 
1203.5 2.99075e-13 
1203.51 2.70658e-13 
1203.52 2.44865e-13 
1203.53 2.21461e-13 
1203.54 2.00231e-13 
1203.55 1.80981e-13 
1203.56 1.6353e-13 
1203.57 1.47717e-13 
1203.58 1.33391e-13 
1203.59 1.20417e-13 
1203.6 1.08671e-13 
1203.61 9.81004e-14 
1203.62 8.84764e-14 
1203.63 7.97717e-14 
1203.64 7.19012e-14 
1203.65 6.4787e-14 
1203.66 5.83586e-14 
1203.67 5.25518e-14 
1203.68 4.7308e-14 
1203.69 4.25743e-14 
1203.7 3.83023e-14 
1203.71 3.44483e-14 
1203.72 3.09725e-14 
1203.73 2.78015e-14 
1203.74 2.49807e-14 
1203.75 2.24392e-14 
1203.76 2.01499e-14 
1203.77 1.80886e-14 
1203.78 1.62332e-14 
1203.79 1.45635e-14 
1203.8 1.30615e-14 
1203.81 1.17108e-14 
1203.82 1.04964e-14 
1203.83 9.40513e-15 
1203.83 8.42467e-15 
1203.84 7.54407e-15 
1203.85 6.75342e-15 
1203.86 6.04376e-15 
1203.87 5.40699e-15 
1203.88 4.83581e-15 
1203.89 4.32362e-15 
1203.9 3.86448e-15 
1203.91 3.45303e-15 
1203.92 3.08443e-15 
1203.93 2.75432e-15 
1203.94 2.45877e-15 
1203.95 2.19426e-15 
1203.96 1.95759e-15 
1203.97 1.74591e-15 
1203.98 1.5544e-15 
1203.99 1.38545e-15 
1204 1.23448e-15 
1204.01 1.09962e-15 
1204.02 9.7919e-16 
1204.03 8.71677e-16 
1204.04 7.75728e-16 
1204.05 6.90126e-16 
1204.06 6.1378e-16 
1204.07 5.4571e-16 
1204.08 4.85039e-16 
1204.09 4.30979e-16 
1204.1 3.82826e-16 
1204.11 3.39947e-16 
1204.12 3.01777e-16 
1204.13 2.6781e-16 
1204.14 2.37592e-16 
1204.15 2.10718e-16 
1204.16 1.86826e-16 
1204.17 1.65592e-16 
1204.18 1.46725e-16 
1204.19 1.29968e-16 
1204.2 1.15088e-16 
1204.21 1.01881e-16 
1204.22 9.0161e-17 
1204.23 7.96424e-17 
1204.24 7.04367e-17 
1204.25 6.22758e-17 
1204.26 5.50433e-17 
1204.26 4.86356e-17 
1204.27 4.29606e-17 
1204.28 3.79359e-17 
1204.29 3.34886e-17 
1204.3 2.95534e-17 
1204.31 2.60725e-17 
1204.32 2.29945e-17 
1204.33 2.02736e-17 
1204.34 1.78691e-17 
1204.35 1.57449e-17 
1204.36 1.38688e-17 
1204.37 1.22126e-17 
1204.38 1.07508e-17 
1204.39 9.46098e-18 
1204.4 8.32336e-18 
1204.41 7.32025e-18 
1204.42 6.43603e-18 
1204.43 5.65687e-18 
1204.44 4.97048e-18 
1204.45 4.36603e-18 
1204.46 3.83389e-18 
1204.47 3.36556e-18 
1204.48 2.9487e-18 
1204.49 2.58689e-18 
1204.5 2.26877e-18 
1204.51 1.98915e-18 
1204.52 1.74345e-18 
1204.53 1.52762e-18 
1204.54 1.3381e-18 
1204.55 1.17173e-18 
1204.56 1.02572e-18 
1204.57 8.97628e-19 
1204.58 7.85288e-19 
1204.59 6.86795e-19 
1204.6 6.00469e-19 
1204.61 5.2483e-19 
1204.62 4.58858e-19 
1204.63 4.00808e-19 
1204.64 3.49994e-19 
1204.65 3.05527e-19 
1204.66 2.66626e-19 
1204.67 2.32607e-19 
1204.68 2.02865e-19 
1204.68 1.76871e-19 
1204.69 1.5416e-19 
1204.7 1.34323e-19 
1204.71 1.17002e-19 
1204.72 1.01707e-19 
1204.73 8.85373e-20 
1204.74 7.70486e-20 
1204.75 6.70299e-20 
1204.76 5.82958e-20 
1204.77 5.0684e-20 
1204.78 4.40524e-20 
1204.79 3.82767e-20 
1204.8 3.32478e-20 
1204.81 2.88707e-20 
1204.82 2.50621e-20 
1204.83 2.17491e-20 
1204.84 1.88683e-20 
1204.85 1.63639e-20 
1204.86 1.41875e-20 
1204.87 1.22968e-20 
1204.88 1.06547e-20 
1204.89 9.22907e-21 
1204.9 7.99169e-21 
1204.91 6.91806e-21 
1204.92 5.98681e-21 
1204.93 5.1793e-21 
1204.94 4.47932e-21 
1204.95 3.87274e-21 
1204.96 3.34726e-21 
1204.97 2.89219e-21 
1204.98 2.49363e-21 
1204.99 2.15327e-21 
1205 1.85878e-21 
1205.01 1.60407e-21 
1205.02 1.38383e-21 
1205.03 1.19346e-21 
1205.04 1.02896e-21 
1205.05 8.86862e-22 
1205.06 7.64147e-22 
1205.07 6.58208e-22 
1205.08 5.6678e-22 
1205.09 4.879e-22 
1205.1 4.19868e-22 
1205.11 3.6121e-22 
1205.11 3.1065e-22 
1205.12 2.67084e-22 
1205.13 2.29557e-22 
1205.14 1.97241e-22 
1205.15 1.69422e-22 
1205.16 1.45481e-22 
1205.17 1.24885e-22 
1205.18 1.07171e-22 
1205.19 9.19414e-23 
1205.2 7.88513e-23 
1205.21 6.7604e-23 
1205.22 5.78393e-23 
1205.23 4.95512e-23 
1205.24 4.24435e-23 
1205.25 3.6344e-23 
1205.26 3.11115e-23 
1205.27 2.6624e-23 
1205.28 2.27767e-23 
1205.29 1.94793e-23 
1205.3 1.66541e-23 
1205.31 1.42342e-23 
1205.32 1.21622e-23 
1205.33 1.03885e-23 
1205.34 8.8708e-24 
1205.35 7.57244e-24 
1205.36 6.46211e-24 
1205.37 5.51287e-24 
1205.38 4.70161e-24 
1205.39 4.00849e-24 
1205.4 3.41649e-24 
1205.41 2.91101e-24 
1205.42 2.47955e-24 
1205.43 2.11139e-24 
1205.44 1.79733e-24 
1205.45 1.52951e-24 
1205.46 1.30119e-24 
1205.47 1.10662e-24 
1205.48 9.39079e-25 
1205.49 7.98029e-25 
1205.5 6.78059e-25 
1205.51 5.75945e-25 
1205.52 4.89058e-25 
1205.53 4.15149e-25 
1205.54 3.52301e-25 
1205.54 2.98874e-25 
1205.55 2.5347e-25 
1205.56 2.14898e-25 
1205.57 1.82138e-25 
1205.58 1.54325e-25 
1205.59 1.30718e-25 
1205.6 1.10688e-25 
1205.61 9.37557e-26 
1205.62 7.93402e-26 
1205.63 6.71203e-26 
1205.64 5.67648e-26 
1205.65 4.79921e-26 
1205.66 4.05626e-26 
1205.67 3.42726e-26 
1205.68 2.8949e-26 
1205.69 2.44447e-26 
1205.7 2.06349e-26 
1205.71 1.74134e-26 
1205.72 1.46903e-26 
1205.73 1.23628e-26 
1205.74 1.0423e-26 
1205.75 8.7848e-27 
1205.76 7.4018e-27 
1205.77 6.23459e-27 
1205.78 5.24981e-27 
1205.79 4.41921e-27 
1205.8 3.71887e-27 
1205.81 3.12854e-27 
1205.82 2.63111e-27 
1205.83 2.21208e-27 
1205.84 1.8592e-27 
1205.85 1.56214e-27 
1205.86 1.31213e-27 
1205.87 1.10179e-27 
1205.88 9.24879e-28 
1205.89 7.76135e-28 
1205.9 6.51111e-28 
1205.91 5.46056e-28 
1205.92 4.5781e-28 
1205.93 3.83706e-28 
1205.94 3.21496e-28 
1205.95 2.69289e-28 
1205.96 2.2549e-28 
1205.96 1.88756e-28 
1205.97 1.57957e-28 
1205.98 1.31848e-28 
1205.99 1.10266e-28 
1206 9.21877e-29 
1206.01 7.70496e-29 
1206.02 6.43774e-29 
1206.03 5.37726e-29 
1206.04 4.49007e-29 
1206.05 3.7481e-29 
1206.06 3.12777e-29 
1206.07 2.60929e-29 
1206.08 2.17609e-29 
1206.09 1.81424e-29 
1206.1 1.51209e-29 
1206.11 1.25987e-29 
1206.12 1.0494e-29 
1206.13 8.73816e-30 
1206.14 7.27385e-30 
1206.15 6.05304e-30 
1206.16 5.03556e-30 
1206.17 4.18782e-30 
1206.18 3.48171e-30 
1206.19 2.89376e-30 
1206.2 2.40435e-30 
1206.21 1.99709e-30 
1206.22 1.6583e-30 
1206.23 1.37335e-30 
1206.24 1.13966e-30 
1206.25 9.4544e-31 
1206.26 7.84076e-31 
1206.27 6.50051e-31 
1206.28 5.38768e-31 
1206.29 4.46397e-31 
1206.3 3.69748e-31 
1206.31 3.06165e-31 
1206.32 2.53437e-31 
1206.33 2.09725e-31 
1206.34 1.73499e-31 
1206.35 1.43485e-31 
1206.36 1.18627e-31 
1206.37 9.80443e-32 
1206.38 8.10081e-32 
1206.39 6.69113e-32 
1206.39 5.52504e-32 
1206.4 4.56075e-32 
1206.41 3.76359e-32 
1206.42 3.1048e-32 
1206.43 2.56053e-32 
1206.44 2.11102e-32 
1206.45 1.73988e-32 
1206.46 1.43354e-32 
1206.47 1.18078e-32 
1206.48 9.69918e-33 
1206.49 7.98401e-33 
1206.5 6.5701e-33 
1206.51 5.4049e-33 
1206.52 4.44497e-33 
1206.53 3.65439e-33 
1206.54 3.00349e-33 
1206.55 2.46776e-33 
1206.56 2.02696e-33 
1206.57 1.66438e-33 
1206.58 1.36623e-33 
1206.59 1.12114e-33 
1206.6 0 
