#energy geo_1 
1186.6 5.81399e-41 
1186.61 7.20814e-41 
1186.62 8.93384e-41 
1186.63 1.10696e-40 
1186.64 1.37118e-40 
1186.65 1.698e-40 
1186.66 2.10206e-40 
1186.67 2.60154e-40 
1186.68 3.21875e-40 
1186.69 3.98127e-40 
1186.7 4.92299e-40 
1186.71 6.08566e-40 
1186.72 7.52075e-40 
1186.73 9.31613e-40 
1186.74 1.15063e-39 
1186.75 1.42071e-39 
1186.76 1.75369e-39 
1186.77 2.16408e-39 
1186.78 2.66972e-39 
1186.79 3.29255e-39 
1186.8 4.0595e-39 
1186.81 5.00365e-39 
1186.81 6.16559e-39 
1186.82 7.59513e-39 
1186.83 9.35341e-39 
1186.84 1.15154e-38 
1186.85 1.41729e-38 
1186.86 1.74388e-38 
1186.87 2.14509e-38 
1186.88 2.63783e-38 
1186.89 3.24282e-38 
1186.9 3.98541e-38 
1186.91 4.89662e-38 
1186.92 6.01441e-38 
1186.93 7.38522e-38 
1186.94 9.06583e-38 
1186.95 1.11256e-37 
1186.96 1.36495e-37 
1186.97 1.6741e-37 
1186.98 2.0579e-37 
1186.99 2.52253e-37 
1187 3.09115e-37 
1187.01 3.78684e-37 
1187.02 4.63776e-37 
1187.03 5.67822e-37 
1187.04 6.95009e-37 
1187.05 8.50438e-37 
1187.06 1.04032e-36 
1187.07 1.27223e-36 
1187.08 1.55539e-36 
1187.09 1.90101e-36 
1187.1 2.32276e-36 
1187.11 2.83725e-36 
1187.12 3.46469e-36 
1187.13 4.22966e-36 
1187.14 5.16201e-36 
1187.15 6.29806e-36 
1187.16 7.68188e-36 
1187.17 9.36704e-36 
1187.18 1.14185e-35 
1187.19 1.39153e-35 
1187.2 1.6953e-35 
1187.21 2.06479e-35 
1187.22 2.51408e-35 
1187.23 3.06776e-35 
1187.24 3.7331e-35 
1187.24 4.54142e-35 
1187.25 5.52315e-35 
1187.26 6.71515e-35 
1187.27 8.16203e-35 
1187.28 9.91777e-35 
1187.29 1.20477e-34 
1187.3 1.46308e-34 
1187.31 1.77625e-34 
1187.32 2.15583e-34 
1187.33 2.61576e-34 
1187.34 3.17289e-34 
1187.35 3.84757e-34 
1187.36 4.66434e-34 
1187.37 5.65287e-34 
1187.38 6.84889e-34 
1187.39 8.29556e-34 
1187.4 1.00449e-33 
1187.41 1.21595e-33 
1187.42 1.47151e-33 
1187.43 1.78026e-33 
1187.44 2.15316e-33 
1187.45 2.60341e-33 
1187.46 3.1469e-33 
1187.47 3.80274e-33 
1187.48 4.60479e-33 
1187.49 5.56121e-33 
1187.5 6.71432e-33 
1187.51 8.10418e-33 
1187.52 9.77888e-33 
1187.53 1.17962e-32 
1187.54 1.42256e-32 
1187.55 1.71503e-32 
1187.56 2.06703e-32 
1187.57 2.49054e-32 
1187.58 2.99996e-32 
1187.59 3.61252e-32 
1187.6 4.3489e-32 
1187.61 5.23712e-32 
1187.62 6.30098e-32 
1187.63 7.57875e-32 
1187.64 9.11299e-32 
1187.65 1.09546e-31 
1187.66 1.31646e-31 
1187.66 1.58158e-31 
1187.67 1.89954e-31 
1187.68 2.28076e-31 
1187.69 2.73769e-31 
1187.7 3.28521e-31 
1187.71 3.94107e-31 
1187.72 4.7265e-31 
1187.73 5.67967e-31 
1187.74 6.8076e-31 
1187.75 8.15715e-31 
1187.76 9.77139e-31 
1187.77 1.17017e-30 
1187.78 1.40092e-30 
1187.79 1.67669e-30 
1187.8 2.00615e-30 
1187.81 2.39966e-30 
1187.82 2.86952e-30 
1187.83 3.43038e-30 
1187.84 4.09967e-30 
1187.85 4.89812e-30 
1187.86 5.85037e-30 
1187.87 6.98571e-30 
1187.88 8.33895e-30 
1187.89 9.95144e-30 
1187.9 1.18723e-29 
1187.91 1.41597e-29 
1187.92 1.6883e-29 
1187.93 2.01242e-29 
1187.94 2.39807e-29 
1187.95 2.85679e-29 
1187.96 3.40226e-29 
1187.97 4.0507e-29 
1187.98 4.83183e-29 
1187.99 5.74937e-29 
1188 6.83916e-29 
1188.01 8.13315e-29 
1188.02 9.66914e-29 
1188.03 1.14919e-28 
1188.04 1.36542e-28 
1188.05 1.62188e-28 
1188.06 1.92593e-28 
1188.07 2.28633e-28 
1188.08 2.71337e-28 
1188.09 3.21924e-28 
1188.09 3.81832e-28 
1188.1 4.52755e-28 
1188.11 5.36696e-28 
1188.12 6.36015e-28 
1188.13 7.53494e-28 
1188.14 8.92412e-28 
1188.15 1.05663e-27 
1188.16 1.25071e-27 
1188.17 1.48001e-27 
1188.18 1.75083e-27 
1188.19 2.07061e-27 
1188.2 2.44808e-27 
1188.21 2.89352e-27 
1188.22 3.41902e-27 
1188.23 4.04718e-27 
1188.24 4.7794e-27 
1188.25 5.64243e-27 
1188.26 6.65938e-27 
1188.27 7.85732e-27 
1188.28 9.26806e-27 
1188.29 1.09289e-26 
1188.3 1.28836e-26 
1188.31 1.51836e-26 
1188.32 1.78888e-26 
1188.33 2.107e-26 
1188.34 2.48096e-26 
1188.35 2.92045e-26 
1188.36 3.43679e-26 
1188.37 4.04323e-26 
1188.38 4.75531e-26 
1188.39 5.59117e-26 
1188.4 6.57204e-26 
1188.41 7.72273e-26 
1188.42 9.07225e-26 
1188.43 1.06545e-25 
1188.44 1.25091e-25 
1188.45 1.46822e-25 
1188.46 1.72278e-25 
1188.47 2.02088e-25 
1188.48 2.3746e-25 
1188.49 2.78387e-25 
1188.5 3.26272e-25 
1188.51 3.82283e-25 
1188.52 4.47779e-25 
1188.52 5.24343e-25 
1188.53 6.13821e-25 
1188.54 7.18358e-25 
1188.55 8.40453e-25 
1188.56 9.83015e-25 
1188.57 1.14942e-24 
1188.58 1.34361e-24 
1188.59 1.57015e-24 
1188.6 1.83549e-24 
1188.61 2.14371e-24 
1188.62 2.50296e-24 
1188.63 2.92157e-24 
1188.64 3.40919e-24 
1188.65 3.97703e-24 
1188.66 4.63812e-24 
1188.67 5.40751e-24 
1188.68 6.3027e-24 
1188.69 7.34395e-24 
1188.7 8.55473e-24 
1188.71 9.96222e-24 
1188.72 1.15979e-23 
1188.73 1.35238e-23 
1188.74 1.57351e-23 
1188.75 1.83026e-23 
1188.76 2.12828e-23 
1188.77 2.47411e-23 
1188.78 2.87529e-23 
1188.79 3.34056e-23 
1188.8 3.87998e-23 
1188.81 4.5052e-23 
1188.82 5.22964e-23 
1188.83 6.06881e-23 
1188.84 7.04058e-23 
1188.85 8.16558e-23 
1188.86 9.46758e-23 
1188.87 1.0974e-22 
1188.88 1.27164e-22 
1188.89 1.47312e-22 
1188.9 1.70602e-22 
1188.91 1.97516e-22 
1188.92 2.28611e-22 
1188.93 2.64523e-22 
1188.94 3.05988e-22 
1188.94 3.5385e-22 
1188.95 4.09079e-22 
1188.96 4.7279e-22 
1188.97 5.46265e-22 
1188.98 6.32112e-22 
1188.99 7.29919e-22 
1189 8.42614e-22 
1189.01 9.72426e-22 
1189.02 1.12191e-21 
1189.03 1.294e-21 
1189.04 1.49204e-21 
1189.05 1.7199e-21 
1189.06 1.98198e-21 
1189.07 2.28333e-21 
1189.08 2.62973e-21 
1189.09 3.0278e-21 
1189.1 3.48512e-21 
1189.11 4.01034e-21 
1189.12 4.61337e-21 
1189.13 5.30553e-21 
1189.14 6.09976e-21 
1189.15 7.01085e-21 
1189.16 8.05568e-21 
1189.17 9.25352e-21 
1189.18 1.06264e-20 
1189.19 1.21994e-20 
1189.2 1.40011e-20 
1189.21 1.60643e-20 
1189.22 1.84262e-20 
1189.23 2.11653e-20 
1189.24 2.42629e-20 
1189.25 2.78058e-20 
1189.26 3.18567e-20 
1189.27 3.64871e-20 
1189.28 4.17784e-20 
1189.29 4.78232e-20 
1189.3 5.47266e-20 
1189.31 6.26083e-20 
1189.32 7.16042e-20 
1189.33 8.1869e-20 
1189.34 9.3578e-20 
1189.35 1.0693e-19 
1189.36 1.22153e-19 
1189.36 1.39501e-19 
1189.37 1.59267e-19 
1189.38 1.81781e-19 
1189.39 2.07417e-19 
1189.4 2.36599e-19 
1189.41 2.69809e-19 
1189.42 3.0759e-19 
1189.43 3.5056e-19 
1189.44 3.99416e-19 
1189.45 4.54949e-19 
1189.46 5.18052e-19 
1189.47 5.89736e-19 
1189.48 6.72228e-19 
1189.49 7.64797e-19 
1189.5 8.6986e-19 
1189.51 9.89069e-19 
1189.52 1.12429e-18 
1189.53 1.27762e-18 
1189.54 1.45144e-18 
1189.55 1.64843e-18 
1189.56 1.87161e-18 
1189.57 2.12439e-18 
1189.58 2.4106e-18 
1189.59 2.73458e-18 
1189.6 3.1012e-18 
1189.61 3.51814e-18 
1189.62 3.98748e-18 
1189.63 4.51813e-18 
1189.64 5.11791e-18 
1189.65 5.79561e-18 
1189.66 6.56115e-18 
1189.67 7.42564e-18 
1189.68 8.40159e-18 
1189.69 9.50305e-18 
1189.7 1.07458e-17 
1189.71 1.21475e-17 
1189.72 1.3728e-17 
1189.73 1.55334e-17 
1189.74 1.75442e-17 
1189.75 1.98095e-17 
1189.76 2.23609e-17 
1189.77 2.52335e-17 
1189.78 2.84669e-17 
1189.79 3.21052e-17 
1189.79 3.6198e-17 
1189.8 4.08006e-17 
1189.81 4.59751e-17 
1189.82 5.17908e-17 
1189.83 5.83252e-17 
1189.84 6.56649e-17 
1189.85 7.39066e-17 
1189.86 8.31587e-17 
1189.87 9.35417e-17 
1189.88 1.0519e-16 
1189.89 1.18255e-16 
1189.9 1.32904e-16 
1189.91 1.49325e-16 
1189.92 1.67725e-16 
1189.93 1.88337e-16 
1189.94 2.11421e-16 
1189.95 2.37266e-16 
1189.96 2.66192e-16 
1189.97 2.98558e-16 
1189.98 3.3524e-16 
1189.99 3.75781e-16 
1190 4.21102e-16 
1190.01 4.71752e-16 
1190.02 5.2834e-16 
1190.03 5.91543e-16 
1190.04 6.62115e-16 
1190.05 7.4089e-16 
1190.06 8.28797e-16 
1190.07 9.26863e-16 
1190.08 1.03623e-15 
1190.09 1.15817e-15 
1190.1 1.29408e-15 
1190.11 1.44551e-15 
1190.12 1.6142e-15 
1190.13 1.80205e-15 
1190.14 2.01117e-15 
1190.15 2.24391e-15 
1190.16 2.50285e-15 
1190.17 2.79086e-15 
1190.18 3.11111e-15 
1190.19 3.46709e-15 
1190.2 3.86269e-15 
1190.21 4.30217e-15 
1190.21 4.79025e-15 
1190.22 5.3393e-15 
1190.23 5.94157e-15 
1190.24 6.60985e-15 
1190.25 7.35115e-15 
1190.26 8.17321e-15 
1190.27 9.08456e-15 
1190.28 1.00946e-14 
1190.29 1.12136e-14 
1190.3 1.24531e-14 
1190.31 1.38256e-14 
1190.32 1.53449e-14 
1190.33 1.70261e-14 
1190.34 1.88861e-14 
1190.35 2.09431e-14 
1190.36 2.32175e-14 
1190.37 2.57313e-14 
1190.38 2.8509e-14 
1190.39 3.15774e-14 
1190.4 3.49658e-14 
1190.41 3.87066e-14 
1190.42 4.28351e-14 
1190.43 4.73901e-14 
1190.44 5.24143e-14 
1190.45 5.79542e-14 
1190.46 6.4061e-14 
1190.47 7.07908e-14 
1190.48 7.8302e-14 
1190.49 8.64771e-14 
1190.5 9.54779e-14 
1190.51 1.05385e-13 
1190.52 1.16286e-13 
1190.53 1.28277e-13 
1190.54 1.41464e-13 
1190.55 1.55961e-13 
1190.56 1.71893e-13 
1190.57 1.89398e-13 
1190.58 2.08625e-13 
1190.59 2.29736e-13 
1190.6 2.5291e-13 
1190.61 2.78514e-13 
1190.62 3.06431e-13 
1190.63 3.37047e-13 
1190.64 3.70614e-13 
1190.64 4.07406e-13 
1190.65 4.4772e-13 
1190.66 4.9188e-13 
1190.67 5.40238e-13 
1190.68 5.93178e-13 
1190.69 6.51116e-13 
1190.7 7.14505e-13 
1190.71 7.83836e-13 
1190.72 8.59646e-13 
1190.73 9.43595e-13 
1190.74 1.03425e-12 
1190.75 1.13328e-12 
1190.76 1.24144e-12 
1190.77 1.35952e-12 
1190.78 1.4884e-12 
1190.79 1.62902e-12 
1190.8 1.78241e-12 
1190.81 1.94968e-12 
1190.82 2.13202e-12 
1190.83 2.33073e-12 
1190.84 2.54723e-12 
1190.85 2.78302e-12 
1190.86 3.03976e-12 
1190.87 3.31921e-12 
1190.88 3.6233e-12 
1190.89 3.9541e-12 
1190.9 4.31384e-12 
1190.91 4.70495e-12 
1190.92 5.13001e-12 
1190.93 5.59186e-12 
1190.94 6.0935e-12 
1190.95 6.63822e-12 
1190.96 7.22953e-12 
1190.97 7.87121e-12 
1190.98 8.57643e-12 
1190.99 9.33219e-12 
1191 1.01516e-11 
1191.01 1.10397e-11 
1191.02 1.20021e-11 
1191.03 1.30445e-11 
1191.04 1.41734e-11 
1191.05 1.53955e-11 
1191.06 1.6718e-11 
1191.07 1.81489e-11 
1191.07 1.96966e-11 
1191.08 2.137e-11 
1191.09 2.31788e-11 
1191.1 2.51334e-11 
1191.11 2.72449e-11 
1191.12 2.95252e-11 
1191.13 3.1987e-11 
1191.14 3.4644e-11 
1191.15 3.75108e-11 
1191.16 4.06029e-11 
1191.17 4.39372e-11 
1191.18 4.75315e-11 
1191.19 5.14049e-11 
1191.2 5.55777e-11 
1191.21 6.00717e-11 
1191.22 6.49102e-11 
1191.23 7.01856e-11 
1191.24 7.57943e-11 
1191.25 8.18274e-11 
1191.26 8.83151e-11 
1191.27 9.52893e-11 
1191.28 1.02784e-10 
1191.29 1.10837e-10 
1191.3 1.19485e-10 
1191.31 1.28771e-10 
1191.32 1.38738e-10 
1191.33 1.49433e-10 
1191.34 1.60905e-10 
1191.35 1.73208e-10 
1191.36 1.86398e-10 
1191.37 2.00533e-10 
1191.38 2.15677e-10 
1191.39 2.31898e-10 
1191.4 2.49266e-10 
1191.41 2.67856e-10 
1191.42 2.8775e-10 
1191.43 3.09031e-10 
1191.44 3.31789e-10 
1191.45 3.5612e-10 
1191.46 3.82123e-10 
1191.47 4.09906e-10 
1191.48 4.39977e-10 
1191.49 4.71676e-10 
1191.49 5.05527e-10 
1191.5 5.41649e-10 
1191.51 5.80183e-10 
1191.52 6.21278e-10 
1191.53 6.6509e-10 
1191.54 7.11784e-10 
1191.55 7.61535e-10 
1191.56 8.14526e-10 
1191.57 8.70951e-10 
1191.58 9.31014e-10 
1191.59 9.94929e-10 
1191.6 1.06358e-09 
1191.61 1.13594e-09 
1191.62 1.21286e-09 
1191.63 1.29462e-09 
1191.64 1.38148e-09 
1191.65 1.47374e-09 
1191.66 1.57171e-09 
1191.67 1.6757e-09 
1191.68 1.78606e-09 
1191.69 1.90312e-09 
1191.7 2.02727e-09 
1191.71 2.15889e-09 
1191.72 2.29839e-09 
1191.73 2.44809e-09 
1191.74 2.60474e-09 
1191.75 2.77061e-09 
1191.76 2.94619e-09 
1191.77 3.13199e-09 
1191.78 3.32853e-09 
1191.79 3.53637e-09 
1191.8 3.7561e-09 
1191.81 3.98832e-09 
1191.82 4.23367e-09 
1191.83 4.4928e-09 
1191.84 4.7664e-09 
1191.85 5.05519e-09 
1191.86 5.35992e-09 
1191.87 5.68137e-09 
1191.88 6.02034e-09 
1191.89 6.37768e-09 
1191.9 6.75426e-09 
1191.91 7.15099e-09 
1191.92 7.56883e-09 
1191.92 8.00875e-09 
1191.93 8.47177e-09 
1191.94 8.95895e-09 
1191.95 9.47139e-09 
1191.96 1.00102e-08 
1191.97 1.05766e-08 
1191.98 1.11795e-08 
1191.99 1.18051e-08 
1192 1.24622e-08 
1192.01 1.31519e-08 
1192.02 1.38759e-08 
1192.03 1.46354e-08 
1192.04 1.54319e-08 
1192.05 1.62671e-08 
1192.06 1.71426e-08 
1192.07 1.80598e-08 
1192.08 1.90206e-08 
1192.09 2.00267e-08 
1192.1 2.10799e-08 
1192.11 2.2182e-08 
1192.12 2.33349e-08 
1192.13 2.45406e-08 
1192.14 2.58011e-08 
1192.15 2.71185e-08 
1192.16 2.84948e-08 
1192.17 2.99322e-08 
1192.18 3.1433e-08 
1192.19 3.29995e-08 
1192.2 3.46339e-08 
1192.21 3.63387e-08 
1192.22 3.81163e-08 
1192.23 3.99929e-08 
1192.24 4.19247e-08 
1192.25 4.39371e-08 
1192.26 4.60326e-08 
1192.27 4.8214e-08 
1192.28 5.04841e-08 
1192.29 5.28457e-08 
1192.3 5.53016e-08 
1192.31 5.78549e-08 
1192.32 6.05084e-08 
1192.33 6.32652e-08 
1192.34 6.61284e-08 
1192.34 6.9101e-08 
1192.35 7.21862e-08 
1192.36 7.53873e-08 
1192.37 7.87073e-08 
1192.38 8.21497e-08 
1192.39 8.57177e-08 
1192.4 8.94145e-08 
1192.41 9.32437e-08 
1192.42 9.72086e-08 
1192.43 1.01313e-07 
1192.44 1.05559e-07 
1192.45 1.09952e-07 
1192.46 1.14493e-07 
1192.47 1.19188e-07 
1192.48 1.24101e-07 
1192.49 1.29114e-07 
1192.5 1.34291e-07 
1192.51 1.39634e-07 
1192.52 1.45148e-07 
1192.53 1.50836e-07 
1192.54 1.567e-07 
1192.55 1.62746e-07 
1192.56 1.68976e-07 
1192.57 1.75392e-07 
1192.58 1.82e-07 
1192.59 1.88802e-07 
1192.6 1.958e-07 
1192.61 2.03125e-07 
1192.62 2.10533e-07 
1192.63 2.18146e-07 
1192.64 2.2597e-07 
1192.65 2.34005e-07 
1192.66 2.42256e-07 
1192.67 2.50725e-07 
1192.68 2.59414e-07 
1192.69 2.68327e-07 
1192.7 2.77465e-07 
1192.71 2.8683e-07 
1192.72 2.96426e-07 
1192.73 3.06377e-07 
1192.74 3.16441e-07 
1192.75 3.2674e-07 
1192.76 3.37276e-07 
1192.77 3.48051e-07 
1192.77 3.59065e-07 
1192.78 3.7032e-07 
1192.79 3.81817e-07 
1192.8 3.93556e-07 
1192.81 4.05538e-07 
1192.82 4.17763e-07 
1192.83 4.30231e-07 
1192.84 4.42943e-07 
1192.85 4.55897e-07 
1192.86 4.69094e-07 
1192.87 4.82532e-07 
1192.88 4.96211e-07 
1192.89 5.10129e-07 
1192.9 5.24284e-07 
1192.91 5.38676e-07 
1192.92 5.53301e-07 
1192.93 5.68159e-07 
1192.94 5.83245e-07 
1192.95 5.98558e-07 
1192.96 6.14094e-07 
1192.97 6.29849e-07 
1192.98 6.46022e-07 
1192.99 6.62209e-07 
1193 6.78604e-07 
1193.01 6.95203e-07 
1193.02 7.12e-07 
1193.03 7.28991e-07 
1193.04 7.4617e-07 
1193.05 7.63531e-07 
1193.06 7.81069e-07 
1193.07 7.98777e-07 
1193.08 8.1665e-07 
1193.09 8.34679e-07 
1193.1 8.52857e-07 
1193.11 8.71178e-07 
1193.12 8.89634e-07 
1193.13 9.08216e-07 
1193.14 9.26916e-07 
1193.15 9.45726e-07 
1193.16 9.64637e-07 
1193.17 9.8364e-07 
1193.18 1.00273e-06 
1193.19 1.02188e-06 
1193.19 1.0411e-06 
1193.2 1.06038e-06 
1193.21 1.07969e-06 
1193.22 1.09928e-06 
1193.23 1.11865e-06 
1193.24 1.13803e-06 
1193.25 1.15741e-06 
1193.26 1.17678e-06 
1193.27 1.19612e-06 
1193.28 1.21542e-06 
1193.29 1.23468e-06 
1193.3 1.25388e-06 
1193.31 1.273e-06 
1193.32 1.29205e-06 
1193.33 1.31099e-06 
1193.34 1.32983e-06 
1193.35 1.34854e-06 
1193.36 1.36712e-06 
1193.37 1.38555e-06 
1193.38 1.40382e-06 
1193.39 1.42192e-06 
1193.4 1.43983e-06 
1193.41 1.45754e-06 
1193.42 1.47504e-06 
1193.43 1.49232e-06 
1193.44 1.50936e-06 
1193.45 1.52615e-06 
1193.46 1.54268e-06 
1193.47 1.55894e-06 
1193.48 1.5751e-06 
1193.49 1.59077e-06 
1193.5 1.60612e-06 
1193.51 1.62115e-06 
1193.52 1.63584e-06 
1193.53 1.65019e-06 
1193.54 1.66417e-06 
1193.55 1.67779e-06 
1193.56 1.69103e-06 
1193.57 1.70387e-06 
1193.58 1.71632e-06 
1193.59 1.72835e-06 
1193.6 1.73996e-06 
1193.61 1.75222e-06 
1193.62 1.76297e-06 
1193.62 1.77326e-06 
1193.63 1.7831e-06 
1193.64 1.79246e-06 
1193.65 1.80136e-06 
1193.66 1.80977e-06 
1193.67 1.81769e-06 
1193.68 1.82512e-06 
1193.69 1.83204e-06 
1193.7 1.83845e-06 
1193.71 1.84436e-06 
1193.72 1.84974e-06 
1193.73 1.85465e-06 
1193.74 1.85898e-06 
1193.75 1.86277e-06 
1193.76 1.86603e-06 
1193.77 1.86875e-06 
1193.78 1.87093e-06 
1193.79 1.87257e-06 
1193.8 1.87366e-06 
1193.81 1.87421e-06 
1193.82 1.87422e-06 
1193.83 1.87368e-06 
1193.84 1.8726e-06 
1193.85 1.87098e-06 
1193.86 1.86881e-06 
1193.87 1.86611e-06 
1193.88 1.86287e-06 
1193.89 1.85909e-06 
1193.9 1.85478e-06 
1193.91 1.84995e-06 
1193.92 1.8446e-06 
1193.93 1.83872e-06 
1193.94 1.83234e-06 
1193.95 1.82545e-06 
1193.96 1.81805e-06 
1193.97 1.81016e-06 
1193.98 1.80168e-06 
1193.99 1.79282e-06 
1194 1.78348e-06 
1194.01 1.77368e-06 
1194.02 1.76343e-06 
1194.03 1.75272e-06 
1194.04 1.74158e-06 
1194.05 1.73001e-06 
1194.05 1.71802e-06 
1194.06 1.70562e-06 
1194.07 1.69282e-06 
1194.08 1.67964e-06 
1194.09 1.66607e-06 
1194.1 1.65214e-06 
1194.11 1.63786e-06 
1194.12 1.62323e-06 
1194.13 1.60827e-06 
1194.14 1.59299e-06 
1194.15 1.5774e-06 
1194.16 1.56151e-06 
1194.17 1.54535e-06 
1194.18 1.52891e-06 
1194.19 1.51222e-06 
1194.2 1.49528e-06 
1194.21 1.47811e-06 
1194.22 1.46072e-06 
1194.23 1.4429e-06 
1194.24 1.42511e-06 
1194.25 1.40714e-06 
1194.26 1.389e-06 
1194.27 1.37071e-06 
1194.28 1.35228e-06 
1194.29 1.33371e-06 
1194.3 1.31504e-06 
1194.31 1.29626e-06 
1194.32 1.27739e-06 
1194.33 1.25844e-06 
1194.34 1.23943e-06 
1194.35 1.22037e-06 
1194.36 1.20127e-06 
1194.37 1.18213e-06 
1194.38 1.16299e-06 
1194.39 1.14384e-06 
1194.4 1.12469e-06 
1194.41 1.10557e-06 
1194.42 1.08647e-06 
1194.43 1.06742e-06 
1194.44 1.04842e-06 
1194.45 1.02948e-06 
1194.46 1.01061e-06 
1194.47 9.91825e-07 
1194.47 9.72901e-07 
1194.48 9.54312e-07 
1194.49 9.35835e-07 
1194.5 9.17478e-07 
1194.51 8.99251e-07 
1194.52 8.81161e-07 
1194.53 8.63218e-07 
1194.54 8.45428e-07 
1194.55 8.278e-07 
1194.56 8.10341e-07 
1194.57 7.93057e-07 
1194.58 7.75956e-07 
1194.59 7.59044e-07 
1194.6 7.42327e-07 
1194.61 7.26261e-07 
1194.62 7.09942e-07 
1194.63 6.93835e-07 
1194.64 6.77945e-07 
1194.65 6.62276e-07 
1194.66 6.46833e-07 
1194.67 6.31621e-07 
1194.68 6.16642e-07 
1194.69 6.019e-07 
1194.7 5.874e-07 
1194.71 5.73142e-07 
1194.72 5.59131e-07 
1194.73 5.45198e-07 
1194.74 5.31689e-07 
1194.75 5.18433e-07 
1194.76 5.05431e-07 
1194.77 4.92684e-07 
1194.78 4.80194e-07 
1194.79 4.67962e-07 
1194.8 4.55987e-07 
1194.81 4.4427e-07 
1194.82 4.32812e-07 
1194.83 4.21613e-07 
1194.84 4.10671e-07 
1194.85 3.99987e-07 
1194.86 3.8956e-07 
1194.87 3.79388e-07 
1194.88 3.69471e-07 
1194.89 3.59808e-07 
1194.9 3.50396e-07 
1194.9 3.41235e-07 
1194.91 3.32322e-07 
1194.92 3.23656e-07 
1194.93 3.15234e-07 
1194.94 3.07054e-07 
1194.95 2.99114e-07 
1194.96 2.9141e-07 
1194.97 2.83941e-07 
1194.98 2.76615e-07 
1194.99 2.69609e-07 
1195 2.62829e-07 
1195.01 2.56271e-07 
1195.02 2.49932e-07 
1195.03 2.43809e-07 
1195.04 2.37899e-07 
1195.05 2.32198e-07 
1195.06 2.26702e-07 
1195.07 2.21408e-07 
1195.08 2.16312e-07 
1195.09 2.11411e-07 
1195.1 2.06701e-07 
1195.11 2.02177e-07 
1195.12 1.97836e-07 
1195.13 1.93674e-07 
1195.14 1.89688e-07 
1195.15 1.85873e-07 
1195.16 1.82225e-07 
1195.17 1.7874e-07 
1195.18 1.75414e-07 
1195.19 1.72244e-07 
1195.2 1.69225e-07 
1195.21 1.66353e-07 
1195.22 1.63625e-07 
1195.23 1.61004e-07 
1195.24 1.58551e-07 
1195.25 1.5623e-07 
1195.26 1.54036e-07 
1195.27 1.51965e-07 
1195.28 1.50013e-07 
1195.29 1.48177e-07 
1195.3 1.46453e-07 
1195.31 1.44836e-07 
1195.32 1.43323e-07 
1195.32 1.41911e-07 
1195.33 1.40595e-07 
1195.34 1.39371e-07 
1195.35 1.38237e-07 
1195.36 1.37189e-07 
1195.37 1.36222e-07 
1195.38 1.35334e-07 
1195.39 1.34521e-07 
1195.4 1.3378e-07 
1195.41 1.33107e-07 
1195.42 1.32499e-07 
1195.43 1.31952e-07 
1195.44 1.31465e-07 
1195.45 1.31032e-07 
1195.46 1.30652e-07 
1195.47 1.30321e-07 
1195.48 1.30033e-07 
1195.49 1.29792e-07 
1195.5 1.29592e-07 
1195.51 1.2943e-07 
1195.52 1.29302e-07 
1195.53 1.29207e-07 
1195.54 1.29142e-07 
1195.55 1.29104e-07 
1195.56 1.2909e-07 
1195.57 1.29099e-07 
1195.58 1.29128e-07 
1195.59 1.29174e-07 
1195.6 1.29236e-07 
1195.61 1.2939e-07 
1195.62 1.29477e-07 
1195.63 1.29572e-07 
1195.64 1.29674e-07 
1195.65 1.29781e-07 
1195.66 1.29892e-07 
1195.67 1.30004e-07 
1195.68 1.30117e-07 
1195.69 1.30227e-07 
1195.7 1.30333e-07 
1195.71 1.30435e-07 
1195.72 1.3053e-07 
1195.73 1.30618e-07 
1195.74 1.30696e-07 
1195.75 1.30763e-07 
1195.75 1.30818e-07 
1195.76 1.30859e-07 
1195.77 1.30887e-07 
1195.78 1.30899e-07 
1195.79 1.30895e-07 
1195.8 1.30873e-07 
1195.81 1.30834e-07 
1195.82 1.30775e-07 
1195.83 1.30696e-07 
1195.84 1.30596e-07 
1195.85 1.30475e-07 
1195.86 1.30332e-07 
1195.87 1.30167e-07 
1195.88 1.29978e-07 
1195.89 1.29765e-07 
1195.9 1.29529e-07 
1195.91 1.29267e-07 
1195.92 1.28981e-07 
1195.93 1.2867e-07 
1195.94 1.28333e-07 
1195.95 1.27971e-07 
1195.96 1.27583e-07 
1195.97 1.27168e-07 
1195.98 1.26722e-07 
1195.99 1.26255e-07 
1196 1.25762e-07 
1196.01 1.25243e-07 
1196.02 1.24698e-07 
1196.03 1.24126e-07 
1196.04 1.23529e-07 
1196.05 1.22907e-07 
1196.06 1.22258e-07 
1196.07 1.21585e-07 
1196.08 1.20886e-07 
1196.09 1.20163e-07 
1196.1 1.19416e-07 
1196.11 1.18644e-07 
1196.12 1.17849e-07 
1196.13 1.17031e-07 
1196.14 1.1619e-07 
1196.15 1.15326e-07 
1196.16 1.14441e-07 
1196.17 1.13535e-07 
1196.17 1.12607e-07 
1196.18 1.11659e-07 
1196.19 1.10692e-07 
1196.2 1.09705e-07 
1196.21 1.087e-07 
1196.22 1.07664e-07 
1196.23 1.06623e-07 
1196.24 1.05566e-07 
1196.25 1.04493e-07 
1196.26 1.03404e-07 
1196.27 1.023e-07 
1196.28 1.01183e-07 
1196.29 1.00051e-07 
1196.3 9.89077e-08 
1196.31 9.7752e-08 
1196.32 9.65849e-08 
1196.33 9.54072e-08 
1196.34 9.42197e-08 
1196.35 9.30229e-08 
1196.36 9.18176e-08 
1196.37 9.06045e-08 
1196.38 8.93844e-08 
1196.39 8.81579e-08 
1196.4 8.69257e-08 
1196.41 8.56885e-08 
1196.42 8.4447e-08 
1196.43 8.32019e-08 
1196.44 8.1954e-08 
1196.45 8.07038e-08 
1196.46 7.9452e-08 
1196.47 7.81993e-08 
1196.48 7.69308e-08 
1196.49 7.56782e-08 
1196.5 7.44268e-08 
1196.51 7.3177e-08 
1196.52 7.19294e-08 
1196.53 7.06848e-08 
1196.54 6.94437e-08 
1196.55 6.82066e-08 
1196.56 6.69741e-08 
1196.57 6.57468e-08 
1196.58 6.45253e-08 
1196.59 6.331e-08 
1196.6 6.21015e-08 
1196.6 6.09379e-08 
1196.61 5.97437e-08 
1196.62 5.85578e-08 
1196.63 5.73805e-08 
1196.64 5.62124e-08 
1196.65 5.50538e-08 
1196.66 5.39053e-08 
1196.67 5.27671e-08 
1196.68 5.16397e-08 
1196.69 5.05235e-08 
1196.7 4.94187e-08 
1196.71 4.83258e-08 
1196.72 4.7245e-08 
1196.73 4.61634e-08 
1196.74 4.5108e-08 
1196.75 4.40656e-08 
1196.76 4.30366e-08 
1196.77 4.20211e-08 
1196.78 4.10194e-08 
1196.79 4.00316e-08 
1196.8 3.90582e-08 
1196.81 3.80991e-08 
1196.82 3.71546e-08 
1196.83 3.62249e-08 
1196.84 3.53101e-08 
1196.85 3.44103e-08 
1196.86 3.35258e-08 
1196.87 3.26565e-08 
1196.88 3.18027e-08 
1196.89 3.09644e-08 
1196.9 3.01417e-08 
1196.91 2.93347e-08 
1196.92 2.85434e-08 
1196.93 2.7768e-08 
1196.94 2.70084e-08 
1196.95 2.62647e-08 
1196.96 2.5537e-08 
1196.97 2.48252e-08 
1196.98 2.41209e-08 
1196.99 2.34413e-08 
1197 2.27778e-08 
1197.01 2.21303e-08 
1197.02 2.14989e-08 
1197.03 2.08835e-08 
1197.03 2.02841e-08 
1197.04 1.97008e-08 
1197.05 1.91335e-08 
1197.06 1.85822e-08 
1197.07 1.8047e-08 
1197.08 1.75277e-08 
1197.09 1.70244e-08 
1197.1 1.65372e-08 
1197.11 1.60659e-08 
1197.12 1.56106e-08 
1197.13 1.51713e-08 
1197.14 1.47481e-08 
1197.15 1.43408e-08 
1197.16 1.39496e-08 
1197.17 1.35744e-08 
1197.18 1.32154e-08 
1197.19 1.28725e-08 
1197.2 1.25458e-08 
1197.21 1.22353e-08 
1197.22 1.19411e-08 
1197.23 1.166e-08 
1197.24 1.1399e-08 
1197.25 1.11545e-08 
1197.26 1.09267e-08 
1197.27 1.07158e-08 
1197.28 1.05219e-08 
1197.29 1.03451e-08 
1197.3 1.01856e-08 
1197.31 1.00436e-08 
1197.32 9.91931e-09 
1197.33 9.81298e-09 
1197.34 9.72484e-09 
1197.35 9.65515e-09 
1197.36 9.60419e-09 
1197.37 9.57227e-09 
1197.38 9.55972e-09 
1197.39 9.56688e-09 
1197.4 9.59412e-09 
1197.41 9.64185e-09 
1197.42 9.71048e-09 
1197.43 9.80046e-09 
1197.44 9.91225e-09 
1197.45 1.00464e-08 
1197.45 1.02033e-08 
1197.46 1.03836e-08 
1197.47 1.05879e-08 
1197.48 1.08198e-08 
1197.49 1.10742e-08 
1197.5 1.13545e-08 
1197.51 1.16614e-08 
1197.52 1.19956e-08 
1197.53 1.23579e-08 
1197.54 1.2749e-08 
1197.55 1.31699e-08 
1197.56 1.36213e-08 
1197.57 1.41042e-08 
1197.58 1.46194e-08 
1197.59 1.5168e-08 
1197.6 1.5751e-08 
1197.61 1.63794e-08 
1197.62 1.70346e-08 
1197.63 1.77273e-08 
1197.64 1.84588e-08 
1197.65 1.92301e-08 
1197.66 2.00426e-08 
1197.67 2.08974e-08 
1197.68 2.17958e-08 
1197.69 2.27393e-08 
1197.7 2.37291e-08 
1197.71 2.47666e-08 
1197.72 2.58533e-08 
1197.73 2.70052e-08 
1197.74 2.81954e-08 
1197.75 2.94393e-08 
1197.76 3.07386e-08 
1197.77 3.20948e-08 
1197.78 3.35097e-08 
1197.79 3.49849e-08 
1197.8 3.65221e-08 
1197.81 3.81232e-08 
1197.82 3.97899e-08 
1197.83 4.15241e-08 
1197.84 4.33276e-08 
1197.85 4.52025e-08 
1197.86 4.71505e-08 
1197.87 4.91737e-08 
1197.88 5.12742e-08 
1197.88 5.34539e-08 
1197.89 5.57149e-08 
1197.9 5.80594e-08 
1197.91 6.04895e-08 
1197.92 6.30073e-08 
1197.93 6.5615e-08 
1197.94 6.83149e-08 
1197.95 7.11092e-08 
1197.96 7.40002e-08 
1197.97 7.69901e-08 
1197.98 8.01206e-08 
1197.99 8.33169e-08 
1198 8.66191e-08 
1198.01 9.00298e-08 
1198.02 9.35514e-08 
1198.03 9.71862e-08 
1198.04 1.00937e-07 
1198.05 1.04806e-07 
1198.06 1.08795e-07 
1198.07 1.12908e-07 
1198.08 1.17146e-07 
1198.09 1.21513e-07 
1198.1 1.2601e-07 
1198.11 1.3064e-07 
1198.12 1.35407e-07 
1198.13 1.40312e-07 
1198.14 1.45358e-07 
1198.15 1.50547e-07 
1198.16 1.55883e-07 
1198.17 1.61368e-07 
1198.18 1.67004e-07 
1198.19 1.72794e-07 
1198.2 1.78741e-07 
1198.21 1.84847e-07 
1198.22 1.91115e-07 
1198.23 1.97629e-07 
1198.24 2.04231e-07 
1198.25 2.11003e-07 
1198.26 2.17948e-07 
1198.27 2.25068e-07 
1198.28 2.32365e-07 
1198.29 2.39843e-07 
1198.3 2.47505e-07 
1198.3 2.55352e-07 
1198.31 2.63389e-07 
1198.32 2.71616e-07 
1198.33 2.80037e-07 
1198.34 2.88655e-07 
1198.35 2.97473e-07 
1198.36 3.06493e-07 
1198.37 3.15717e-07 
1198.38 3.2515e-07 
1198.39 3.34793e-07 
1198.4 3.44649e-07 
1198.41 3.54721e-07 
1198.42 3.65012e-07 
1198.43 3.75524e-07 
1198.44 3.86261e-07 
1198.45 3.97226e-07 
1198.46 4.08421e-07 
1198.47 4.19849e-07 
1198.48 4.31661e-07 
1198.49 4.43568e-07 
1198.5 4.55718e-07 
1198.51 4.68113e-07 
1198.52 4.80756e-07 
1198.53 4.93651e-07 
1198.54 5.06802e-07 
1198.55 5.2021e-07 
1198.56 5.33881e-07 
1198.57 5.47816e-07 
1198.58 5.62019e-07 
1198.59 5.76495e-07 
1198.6 5.91245e-07 
1198.61 6.0665e-07 
1198.62 6.21972e-07 
1198.63 6.3758e-07 
1198.64 6.5348e-07 
1198.65 6.69673e-07 
1198.66 6.86164e-07 
1198.67 7.02959e-07 
1198.68 7.20059e-07 
1198.69 7.3747e-07 
1198.7 7.55197e-07 
1198.71 7.73242e-07 
1198.72 7.91612e-07 
1198.73 8.10545e-07 
1198.73 8.2958e-07 
1198.74 8.48953e-07 
1198.75 8.68669e-07 
1198.76 8.88732e-07 
1198.77 9.09147e-07 
1198.78 9.2992e-07 
1198.79 9.51056e-07 
1198.8 9.7256e-07 
1198.81 9.94437e-07 
1198.82 1.01669e-06 
1198.83 1.03933e-06 
1198.84 1.06236e-06 
1198.85 1.08579e-06 
1198.86 1.10962e-06 
1198.87 1.13385e-06 
1198.88 1.1585e-06 
1198.89 1.18357e-06 
1198.9 1.20906e-06 
1198.91 1.23498e-06 
1198.92 1.26134e-06 
1198.93 1.28814e-06 
1198.94 1.31539e-06 
1198.95 1.3431e-06 
1198.96 1.37127e-06 
1198.97 1.39991e-06 
1198.98 1.42939e-06 
1198.99 1.45899e-06 
1199 1.48907e-06 
1199.01 1.51965e-06 
1199.02 1.55073e-06 
1199.03 1.58232e-06 
1199.04 1.61441e-06 
1199.05 1.64702e-06 
1199.06 1.68016e-06 
1199.07 1.71383e-06 
1199.08 1.74803e-06 
1199.09 1.78277e-06 
1199.1 1.81805e-06 
1199.11 1.85389e-06 
1199.12 1.89029e-06 
1199.13 1.92725e-06 
1199.14 1.96477e-06 
1199.15 2.00286e-06 
1199.15 2.04153e-06 
1199.16 2.08078e-06 
1199.17 2.12062e-06 
1199.18 2.16104e-06 
1199.19 2.20205e-06 
1199.2 2.24365e-06 
1199.21 2.28585e-06 
1199.22 2.3292e-06 
1199.23 2.3726e-06 
1199.24 2.41661e-06 
1199.25 2.46123e-06 
1199.26 2.50645e-06 
1199.27 2.55228e-06 
1199.28 2.59871e-06 
1199.29 2.64575e-06 
1199.3 2.69339e-06 
1199.31 2.74164e-06 
1199.32 2.79048e-06 
1199.33 2.83993e-06 
1199.34 2.88998e-06 
1199.35 2.94061e-06 
1199.36 2.99184e-06 
1199.37 3.04366e-06 
1199.38 3.09605e-06 
1199.39 3.14902e-06 
1199.4 3.20255e-06 
1199.41 3.25665e-06 
1199.42 3.3113e-06 
1199.43 3.3665e-06 
1199.44 3.42224e-06 
1199.45 3.4785e-06 
1199.46 3.53528e-06 
1199.47 3.59257e-06 
1199.48 3.65109e-06 
1199.49 3.70936e-06 
1199.5 3.76811e-06 
1199.51 3.82732e-06 
1199.52 3.88696e-06 
1199.53 3.94704e-06 
1199.54 4.00753e-06 
1199.55 4.06842e-06 
1199.56 4.12969e-06 
1199.57 4.19132e-06 
1199.58 4.25329e-06 
1199.58 4.31559e-06 
1199.59 4.3782e-06 
1199.6 4.44109e-06 
1199.61 4.50702e-06 
1199.62 4.57046e-06 
1199.63 4.63411e-06 
1199.64 4.69797e-06 
1199.65 4.76199e-06 
1199.66 4.82616e-06 
1199.67 4.89046e-06 
1199.68 4.95485e-06 
1199.69 5.01932e-06 
1199.7 5.08383e-06 
1199.71 5.14836e-06 
1199.72 5.21288e-06 
1199.73 5.27816e-06 
1199.74 5.34257e-06 
1199.75 5.40688e-06 
1199.76 5.47107e-06 
1199.77 5.53509e-06 
1199.78 5.59893e-06 
1199.79 5.66255e-06 
1199.8 5.72592e-06 
1199.81 5.789e-06 
1199.82 5.85177e-06 
1199.83 5.91419e-06 
1199.84 5.97623e-06 
1199.85 6.03785e-06 
1199.86 6.09903e-06 
1199.87 6.15973e-06 
1199.88 6.21991e-06 
1199.89 6.27955e-06 
1199.9 6.3386e-06 
1199.91 6.39704e-06 
1199.92 6.45483e-06 
1199.93 6.51194e-06 
1199.94 6.56834e-06 
1199.95 6.62398e-06 
1199.96 6.67884e-06 
1199.97 6.73289e-06 
1199.98 6.78673e-06 
1199.99 6.83904e-06 
1200 6.89043e-06 
1200.01 6.94086e-06 
1200.01 6.99032e-06 
1200.02 7.03877e-06 
1200.03 7.08617e-06 
1200.04 7.1325e-06 
1200.05 7.17772e-06 
1200.06 7.22181e-06 
1200.07 7.26473e-06 
1200.08 7.30647e-06 
1200.09 7.34698e-06 
1200.1 7.38624e-06 
1200.11 7.42423e-06 
1200.12 7.46092e-06 
1200.13 7.49628e-06 
1200.14 7.53028e-06 
1200.15 7.56291e-06 
1200.16 7.59414e-06 
1200.17 7.62395e-06 
1200.18 7.65232e-06 
1200.19 7.67922e-06 
1200.2 7.70463e-06 
1200.21 7.72855e-06 
1200.22 7.75094e-06 
1200.23 7.77204e-06 
1200.24 7.79132e-06 
1200.25 7.80903e-06 
1200.26 7.82515e-06 
1200.27 7.83968e-06 
1200.28 7.8526e-06 
1200.29 7.8639e-06 
1200.3 7.87357e-06 
1200.31 7.8816e-06 
1200.32 7.88799e-06 
1200.33 7.89272e-06 
1200.34 7.8958e-06 
1200.35 7.89721e-06 
1200.36 7.89696e-06 
1200.37 7.89504e-06 
1200.38 7.89145e-06 
1200.39 7.8862e-06 
1200.4 7.87927e-06 
1200.41 7.87069e-06 
1200.42 7.86044e-06 
1200.43 7.84854e-06 
1200.43 7.83498e-06 
1200.44 7.81978e-06 
1200.45 7.80295e-06 
1200.46 7.78449e-06 
1200.47 7.76441e-06 
1200.48 7.74245e-06 
1200.49 7.71916e-06 
1200.5 7.69428e-06 
1200.51 7.66785e-06 
1200.52 7.63986e-06 
1200.53 7.61034e-06 
1200.54 7.57931e-06 
1200.55 7.54678e-06 
1200.56 7.51277e-06 
1200.57 7.4773e-06 
1200.58 7.4404e-06 
1200.59 7.40209e-06 
1200.6 7.36238e-06 
1200.61 7.32583e-06 
1200.62 7.28338e-06 
1200.63 7.23962e-06 
1200.64 7.19457e-06 
1200.65 7.14825e-06 
1200.66 7.10069e-06 
1200.67 7.05192e-06 
1200.68 7.00197e-06 
1200.69 6.95087e-06 
1200.7 6.89864e-06 
1200.71 6.84532e-06 
1200.72 6.79095e-06 
1200.73 6.73484e-06 
1200.74 6.67842e-06 
1200.75 6.62104e-06 
1200.76 6.56272e-06 
1200.77 6.50351e-06 
1200.78 6.44343e-06 
1200.79 6.38252e-06 
1200.8 6.3208e-06 
1200.81 6.25833e-06 
1200.82 6.19512e-06 
1200.83 6.13122e-06 
1200.84 6.06665e-06 
1200.85 6.00146e-06 
1200.85 5.93568e-06 
1200.86 5.86934e-06 
1200.87 5.80248e-06 
1200.88 5.73513e-06 
1200.89 5.66733e-06 
1200.9 5.5991e-06 
1200.91 5.5305e-06 
1200.92 5.46154e-06 
1200.93 5.39227e-06 
1200.94 5.32272e-06 
1200.95 5.25291e-06 
1200.96 5.1829e-06 
1200.97 5.1127e-06 
1200.98 5.04147e-06 
1200.99 4.971e-06 
1201 4.90045e-06 
1201.01 4.82984e-06 
1201.02 4.75921e-06 
1201.03 4.6886e-06 
1201.04 4.61802e-06 
1201.05 4.54751e-06 
1201.06 4.4771e-06 
1201.07 4.40682e-06 
1201.08 4.33669e-06 
1201.09 4.26675e-06 
1201.1 4.19702e-06 
1201.11 4.12753e-06 
1201.12 4.0583e-06 
1201.13 3.98936e-06 
1201.14 3.92074e-06 
1201.15 3.85245e-06 
1201.16 3.78453e-06 
1201.17 3.71699e-06 
1201.18 3.64986e-06 
1201.19 3.58316e-06 
1201.2 3.51691e-06 
1201.21 3.45113e-06 
1201.22 3.38584e-06 
1201.23 3.32025e-06 
1201.24 3.25601e-06 
1201.25 3.1923e-06 
1201.26 3.12917e-06 
1201.27 3.06661e-06 
1201.28 3.00464e-06 
1201.28 2.94328e-06 
1201.29 2.88255e-06 
1201.3 2.82245e-06 
1201.31 2.763e-06 
1201.32 2.70421e-06 
1201.33 2.64609e-06 
1201.34 2.58866e-06 
1201.35 2.53192e-06 
1201.36 2.47588e-06 
1201.37 2.42055e-06 
1201.38 2.36594e-06 
1201.39 2.31206e-06 
1201.4 2.25891e-06 
1201.41 2.2065e-06 
1201.42 2.15483e-06 
1201.43 2.10392e-06 
1201.44 2.05376e-06 
1201.45 2.00435e-06 
1201.46 1.95571e-06 
1201.47 1.90783e-06 
1201.48 1.86013e-06 
1201.49 1.81379e-06 
1201.5 1.76822e-06 
1201.51 1.72342e-06 
1201.52 1.67938e-06 
1201.53 1.63612e-06 
1201.54 1.59361e-06 
1201.55 1.55188e-06 
1201.56 1.5109e-06 
1201.57 1.47069e-06 
1201.58 1.43123e-06 
1201.59 1.39253e-06 
1201.6 1.35458e-06 
1201.61 1.31818e-06 
1201.62 1.28169e-06 
1201.63 1.24594e-06 
1201.64 1.21093e-06 
1201.65 1.17664e-06 
1201.66 1.14307e-06 
1201.67 1.11021e-06 
1201.68 1.07807e-06 
1201.69 1.04662e-06 
1201.7 1.01587e-06 
1201.7 9.85811e-07 
1201.71 9.5643e-07 
1201.72 9.27366e-07 
1201.73 8.99331e-07 
1201.74 8.71952e-07 
1201.75 8.45222e-07 
1201.76 8.19133e-07 
1201.77 7.93675e-07 
1201.78 7.6884e-07 
1201.79 7.44619e-07 
1201.8 7.21003e-07 
1201.81 6.97984e-07 
1201.82 6.75552e-07 
1201.83 6.53698e-07 
1201.84 6.32412e-07 
1201.85 6.11686e-07 
1201.86 5.9151e-07 
1201.87 5.71874e-07 
1201.88 5.52769e-07 
1201.89 5.34185e-07 
1201.9 5.16114e-07 
1201.91 4.98544e-07 
1201.92 4.81467e-07 
1201.93 4.64874e-07 
1201.94 4.48754e-07 
1201.95 4.33099e-07 
1201.96 4.17898e-07 
1201.97 4.03142e-07 
1201.98 3.88647e-07 
1201.99 3.74759e-07 
1202 3.61289e-07 
1202.01 3.48226e-07 
1202.02 3.35563e-07 
1202.03 3.23289e-07 
1202.04 3.11396e-07 
1202.05 2.99875e-07 
1202.06 2.88717e-07 
1202.07 2.77914e-07 
1202.08 2.67456e-07 
1202.09 2.57335e-07 
1202.1 2.47543e-07 
1202.11 2.38072e-07 
1202.12 2.28913e-07 
1202.13 2.20058e-07 
1202.13 2.115e-07 
1202.14 2.0323e-07 
1202.15 1.9524e-07 
1202.16 1.87524e-07 
1202.17 1.80073e-07 
1202.18 1.72881e-07 
1202.19 1.65939e-07 
1202.2 1.59241e-07 
1202.21 1.5278e-07 
1202.22 1.46475e-07 
1202.23 1.40469e-07 
1202.24 1.34681e-07 
1202.25 1.29103e-07 
1202.26 1.23729e-07 
1202.27 1.18553e-07 
1202.28 1.13569e-07 
1202.29 1.08771e-07 
1202.3 1.04152e-07 
1202.31 9.97076e-08 
1202.32 9.54321e-08 
1202.33 9.13199e-08 
1202.34 8.73658e-08 
1202.35 8.35647e-08 
1202.36 7.99114e-08 
1202.37 7.64012e-08 
1202.38 7.30291e-08 
1202.39 6.97906e-08 
1202.4 6.66812e-08 
1202.41 6.36963e-08 
1202.42 6.08318e-08 
1202.43 5.80833e-08 
1202.44 5.5447e-08 
1202.45 5.29187e-08 
1202.46 5.04946e-08 
1202.47 4.8171e-08 
1202.48 4.59171e-08 
1202.49 4.37849e-08 
1202.5 4.17426e-08 
1202.51 3.97868e-08 
1202.52 3.79144e-08 
1202.53 3.61222e-08 
1202.54 3.44072e-08 
1202.55 3.27664e-08 
1202.56 3.11971e-08 
1202.56 2.96964e-08 
1202.57 2.82618e-08 
1202.58 2.68905e-08 
1202.59 2.55802e-08 
1202.6 2.43284e-08 
1202.61 2.31471e-08 
1202.62 2.20048e-08 
1202.63 2.09142e-08 
1202.64 1.98734e-08 
1202.65 1.88802e-08 
1202.66 1.79327e-08 
1202.67 1.70291e-08 
1202.68 1.61674e-08 
1202.69 1.5346e-08 
1202.7 1.45632e-08 
1202.71 1.38172e-08 
1202.72 1.31066e-08 
1202.73 1.24216e-08 
1202.74 1.17776e-08 
1202.75 1.11645e-08 
1202.76 1.05811e-08 
1202.77 1.00259e-08 
1202.78 9.49778e-09 
1202.79 8.99552e-09 
1202.8 8.51795e-09 
1202.81 8.06397e-09 
1202.82 7.63252e-09 
1202.83 7.22257e-09 
1202.84 6.83314e-09 
1202.85 6.4633e-09 
1202.86 6.11214e-09 
1202.87 5.77879e-09 
1202.88 5.46243e-09 
1202.89 5.16226e-09 
1202.9 4.87751e-09 
1202.91 4.60747e-09 
1202.92 4.35142e-09 
1202.93 4.10871e-09 
1202.94 3.87868e-09 
1202.95 3.66073e-09 
1202.96 3.45427e-09 
1202.97 3.25875e-09 
1202.98 3.07362e-09 
1202.98 2.89624e-09 
1202.99 2.7305e-09 
1203 2.57368e-09 
1203.01 2.42534e-09 
1203.02 2.28505e-09 
1203.03 2.1524e-09 
1203.04 2.02701e-09 
1203.05 1.9085e-09 
1203.06 1.79654e-09 
1203.07 1.69077e-09 
1203.08 1.59088e-09 
1203.09 1.49656e-09 
1203.1 1.40753e-09 
1203.11 1.3235e-09 
1203.12 1.24422e-09 
1203.13 1.16943e-09 
1203.14 1.0989e-09 
1203.15 1.03239e-09 
1203.16 9.69702e-10 
1203.17 9.10618e-10 
1203.18 8.54947e-10 
1203.19 8.02503e-10 
1203.2 7.53112e-10 
1203.21 7.06606e-10 
1203.22 6.62827e-10 
1203.23 6.21125e-10 
1203.24 5.82385e-10 
1203.25 5.45943e-10 
1203.26 5.11668e-10 
1203.27 4.79441e-10 
1203.28 4.49145e-10 
1203.29 4.20672e-10 
1203.3 3.93917e-10 
1203.31 3.68784e-10 
1203.32 3.45178e-10 
1203.33 3.23013e-10 
1203.34 3.02205e-10 
1203.35 2.82675e-10 
1203.36 2.6435e-10 
1203.37 2.47159e-10 
1203.38 2.31035e-10 
1203.39 2.15916e-10 
1203.4 2.01742e-10 
1203.41 1.88457e-10 
1203.41 1.76009e-10 
1203.42 1.64347e-10 
1203.43 1.53424e-10 
1203.44 1.43196e-10 
1203.45 1.3362e-10 
1203.46 1.24657e-10 
1203.47 1.1627e-10 
1203.48 1.08329e-10 
1203.49 1.00997e-10 
1203.5 9.41396e-11 
1203.51 8.77289e-11 
1203.52 8.17369e-11 
1203.53 7.61375e-11 
1203.54 7.09062e-11 
1203.55 6.60199e-11 
1203.56 6.14568e-11 
1203.57 5.71966e-11 
1203.58 5.32201e-11 
1203.59 4.95093e-11 
1203.6 4.60471e-11 
1203.61 4.2844e-11 
1203.62 3.98305e-11 
1203.63 3.70208e-11 
1203.64 3.44018e-11 
1203.65 3.19611e-11 
1203.66 2.96871e-11 
1203.67 2.75688e-11 
1203.68 2.55961e-11 
1203.69 2.37593e-11 
1203.7 2.20495e-11 
1203.71 2.04583e-11 
1203.72 1.89778e-11 
1203.73 1.7584e-11 
1203.74 1.63043e-11 
1203.75 1.51144e-11 
1203.76 1.40083e-11 
1203.77 1.29803e-11 
1203.78 1.20251e-11 
1203.79 1.11378e-11 
1203.8 1.03136e-11 
1203.81 9.54842e-12 
1203.82 8.83804e-12 
1203.83 8.17872e-12 
1203.83 7.56693e-12 
1203.84 6.99937e-12 
1203.85 6.47297e-12 
1203.86 5.98484e-12 
1203.87 5.53232e-12 
1203.88 5.11289e-12 
1203.89 4.72423e-12 
1203.9 4.36416e-12 
1203.91 4.03065e-12 
1203.92 3.72181e-12 
1203.93 3.43588e-12 
1203.94 3.17123e-12 
1203.95 2.92632e-12 
1203.96 2.69974e-12 
1203.97 2.49015e-12 
1203.98 2.29401e-12 
1203.99 2.11499e-12 
1204 1.94951e-12 
1204.01 1.79659e-12 
1204.02 1.6553e-12 
1204.03 1.52479e-12 
1204.04 1.40427e-12 
1204.05 1.29298e-12 
1204.06 1.19026e-12 
1204.07 1.09545e-12 
1204.08 1.00798e-12 
1204.09 9.2729e-13 
1204.1 8.52872e-13 
1204.11 7.84255e-13 
1204.12 7.21e-13 
1204.13 6.62703e-13 
1204.14 6.08986e-13 
1204.15 5.595e-13 
1204.16 5.13924e-13 
1204.17 4.71957e-13 
1204.18 4.33321e-13 
1204.19 3.97762e-13 
1204.2 3.65041e-13 
1204.21 3.34939e-13 
1204.22 3.07251e-13 
1204.23 2.81486e-13 
1204.24 2.58103e-13 
1204.25 2.36611e-13 
1204.26 2.16862e-13 
1204.26 1.98717e-13 
1204.27 1.82051e-13 
1204.28 1.66746e-13 
1204.29 1.52694e-13 
1204.3 1.39796e-13 
1204.31 1.27959e-13 
1204.32 1.17099e-13 
1204.33 1.07137e-13 
1204.34 9.80013e-14 
1204.35 8.9625e-14 
1204.36 8.19466e-14 
1204.37 7.49098e-14 
1204.38 6.84622e-14 
1204.39 6.25558e-14 
1204.4 5.71465e-14 
1204.41 5.21936e-14 
1204.42 4.76595e-14 
1204.43 4.35097e-14 
1204.44 3.97126e-14 
1204.45 3.6239e-14 
1204.46 3.30619e-14 
1204.47 3.01568e-14 
1204.48 2.74692e-14 
1204.49 2.50445e-14 
1204.5 2.28288e-14 
1204.51 2.08046e-14 
1204.52 1.89557e-14 
1204.53 1.72674e-14 
1204.54 1.5726e-14 
1204.55 1.4319e-14 
1204.56 1.30351e-14 
1204.57 1.18637e-14 
1204.58 1.07952e-14 
1204.59 9.82081e-15 
1204.6 8.9324e-15 
1204.61 8.12258e-15 
1204.62 7.38911e-15 
1204.63 6.71627e-15 
1204.64 6.10336e-15 
1204.65 5.54518e-15 
1204.66 5.03694e-15 
1204.67 4.57428e-15 
1204.68 4.15321e-15 
1204.68 3.77007e-15 
1204.69 3.42153e-15 
1204.7 3.10454e-15 
1204.71 2.81629e-15 
1204.72 2.55113e-15 
1204.73 2.31325e-15 
1204.74 2.09709e-15 
1204.75 1.90072e-15 
1204.76 1.72235e-15 
1204.77 1.56039e-15 
1204.78 1.41334e-15 
1204.79 1.27987e-15 
1204.8 1.15876e-15 
1204.81 1.04887e-15 
1204.82 9.49198e-16 
1204.83 8.58809e-16 
1204.84 7.76858e-16 
1204.85 7.02573e-16 
1204.86 6.35252e-16 
1204.87 5.74257e-16 
1204.88 5.19005e-16 
1204.89 4.68966e-16 
1204.9 4.23659e-16 
1204.91 3.82645e-16 
1204.92 3.45526e-16 
1204.93 3.1194e-16 
1204.94 2.81557e-16 
1204.95 2.54077e-16 
1204.96 2.2923e-16 
1204.97 2.06767e-16 
1204.98 1.86223e-16 
1204.99 1.67901e-16 
1205 1.51348e-16 
1205.01 1.36397e-16 
1205.02 1.22896e-16 
1205.03 1.10708e-16 
1205.04 9.9706e-17 
1205.05 8.9778e-17 
1205.06 8.08209e-17 
1205.07 7.27416e-17 
1205.08 6.54555e-17 
1205.09 5.88864e-17 
1205.1 5.2965e-17 
1205.11 4.76286e-17 
1205.11 4.28205e-17 
1205.12 3.84893e-17 
1205.13 3.45887e-17 
1205.14 3.10766e-17 
1205.15 2.79149e-17 
1205.16 2.50695e-17 
1205.17 2.25092e-17 
1205.18 2.02059e-17 
1205.19 1.81343e-17 
1205.2 1.62716e-17 
1205.21 1.4597e-17 
1205.22 1.3075e-17 
1205.23 1.17234e-17 
1205.24 1.051e-17 
1205.25 9.42009e-18 
1205.26 8.44136e-18 
1205.27 7.56267e-18 
1205.28 6.77396e-18 
1205.29 6.06618e-18 
1205.3 5.43117e-18 
1205.31 4.86156e-18 
1205.32 4.35074e-18 
1205.33 3.89275e-18 
1205.34 3.4822e-18 
1205.35 3.11427e-18 
1205.36 2.78461e-18 
1205.37 2.4893e-18 
1205.38 2.22482e-18 
1205.39 1.988e-18 
1205.4 1.77601e-18 
1205.41 1.58627e-18 
1205.42 1.4165e-18 
1205.43 1.26461e-18 
1205.44 1.12877e-18 
1205.45 1.0073e-18 
1205.46 8.98702e-19 
1205.47 8.01639e-19 
1205.48 7.13934e-19 
1205.49 6.36496e-19 
1205.5 5.67377e-19 
1205.51 5.05654e-19 
1205.52 4.50547e-19 
1205.53 4.01358e-19 
1205.54 3.57461e-19 
1205.54 3.18295e-19 
1205.55 2.83358e-19 
1205.56 2.52202e-19 
1205.57 2.24421e-19 
1205.58 1.99658e-19 
1205.59 1.77587e-19 
1205.6 1.57922e-19 
1205.61 1.40491e-19 
1205.62 1.24879e-19 
1205.63 1.10978e-19 
1205.64 9.86023e-20 
1205.65 8.75878e-20 
1205.66 7.77866e-20 
1205.67 6.90672e-20 
1205.68 6.13117e-20 
1205.69 5.44151e-20 
1205.7 4.82838e-20 
1205.71 4.28339e-20 
1205.72 3.79909e-20 
1205.73 3.36374e-20 
1205.74 2.98211e-20 
1205.75 2.64319e-20 
1205.76 2.34228e-20 
1205.77 2.07517e-20 
1205.78 1.83812e-20 
1205.79 1.6278e-20 
1205.8 1.44122e-20 
1205.81 1.27575e-20 
1205.82 1.12903e-20 
1205.83 9.98969e-21 
1205.84 8.83695e-21 
1205.85 7.81552e-21 
1205.86 6.91064e-21 
1205.87 6.10919e-21 
1205.88 5.39951e-21 
1205.89 4.77122e-21 
1205.9 4.21512e-21 
1205.91 3.72302e-21 
1205.92 3.28765e-21 
1205.93 2.90256e-21 
1205.94 2.56202e-21 
1205.95 2.26093e-21 
1205.96 1.99479e-21 
1205.96 1.7596e-21 
1205.97 1.55179e-21 
1205.98 1.36608e-21 
1205.99 1.20422e-21 
1206 1.0613e-21 
1206.01 9.35142e-22 
1206.02 8.23801e-22 
1206.03 7.25557e-22 
1206.04 6.38889e-22 
1206.05 5.62451e-22 
1206.06 4.9505e-22 
1206.07 4.35631e-22 
1206.08 3.83259e-22 
1206.09 3.3711e-22 
1206.1 2.96453e-22 
1206.11 2.60643e-22 
1206.12 2.29108e-22 
1206.13 2.01344e-22 
1206.14 1.76906e-22 
1206.15 1.55401e-22 
1206.16 1.36479e-22 
1206.17 1.19836e-22 
1206.18 1.05199e-22 
1206.19 9.23294e-23 
1206.2 8.10167e-23 
1206.21 7.10745e-23 
1206.22 6.23388e-23 
1206.23 5.4575e-23 
1206.24 4.78461e-23 
1206.25 4.19378e-23 
1206.26 3.67509e-23 
1206.27 3.21986e-23 
1206.28 2.82039e-23 
1206.29 2.46995e-23 
1206.3 2.16257e-23 
1206.31 1.89304e-23 
1206.32 1.65673e-23 
1206.33 1.44961e-23 
1206.34 1.2681e-23 
1206.35 1.10908e-23 
1206.36 9.69784e-24 
1206.37 8.478e-24 
1206.38 7.40997e-24 
1206.39 6.47507e-24 
1206.39 5.65689e-24 
1206.4 4.94101e-24 
1206.41 4.31479e-24 
1206.42 3.7671e-24 
1206.43 3.28822e-24 
1206.44 2.86958e-24 
1206.45 2.5037e-24 
1206.46 2.18399e-24 
1206.47 1.90469e-24 
1206.48 1.6579e-24 
1206.49 1.44524e-24 
1206.5 1.25958e-24 
1206.51 1.09753e-24 
1206.52 9.56126e-25 
1206.53 8.32755e-25 
1206.54 7.25144e-25 
1206.55 6.31301e-25 
1206.56 5.49482e-25 
1206.57 4.78162e-25 
1206.58 4.16009e-25 
1206.59 3.61855e-25 
1206.6 0 
