#energy geo_1 
1186.6 0 
1186.61 0 
1186.62 0 
1186.63 0 
1186.64 0 
1186.65 0 
1186.66 0 
1186.67 0 
1186.68 0 
1186.69 0 
1186.7 0 
1186.71 0 
1186.72 0 
1186.73 0 
1186.74 0 
1186.75 0 
1186.76 0 
1186.77 0 
1186.78 0 
1186.79 0 
1186.8 0 
1186.81 0 
1186.81 0 
1186.82 0 
1186.83 0 
1186.84 0 
1186.85 0 
1186.86 0 
1186.87 0 
1186.88 0 
1186.89 0 
1186.9 0 
1186.91 0 
1186.92 0 
1186.93 0 
1186.94 0 
1186.95 0 
1186.96 0 
1186.97 0 
1186.98 0 
1186.99 0 
1187 0 
1187.01 0 
1187.02 0 
1187.03 0 
1187.04 0 
1187.05 0 
1187.06 0 
1187.07 0 
1187.08 0 
1187.09 0 
1187.1 0 
1187.11 0 
1187.12 0 
1187.13 0 
1187.14 0 
1187.15 0 
1187.16 0 
1187.17 0 
1187.18 0 
1187.19 0 
1187.2 0 
1187.21 0 
1187.22 0 
1187.23 0 
1187.24 0 
1187.24 0 
1187.25 0 
1187.26 0 
1187.27 0 
1187.28 0 
1187.29 0 
1187.3 0 
1187.31 0 
1187.32 0 
1187.33 0 
1187.34 0 
1187.35 0 
1187.36 0 
1187.37 0 
1187.38 0 
1187.39 0 
1187.4 0 
1187.41 0 
1187.42 0 
1187.43 0 
1187.44 0 
1187.45 0 
1187.46 0 
1187.47 0 
1187.48 0 
1187.49 0 
1187.5 0 
1187.51 0 
1187.52 0 
1187.53 0 
1187.54 0 
1187.55 0 
1187.56 0 
1187.57 0 
1187.58 0 
1187.59 0 
1187.6 0 
1187.61 0 
1187.62 0 
1187.63 0 
1187.64 0 
1187.65 0 
1187.66 0 
1187.66 0 
1187.67 0 
1187.68 0 
1187.69 0 
1187.7 0 
1187.71 0 
1187.72 0 
1187.73 0 
1187.74 0 
1187.75 0 
1187.76 0 
1187.77 0 
1187.78 0 
1187.79 0 
1187.8 0 
1187.81 0 
1187.82 0 
1187.83 0 
1187.84 0 
1187.85 0 
1187.86 0 
1187.87 0 
1187.88 0 
1187.89 0 
1187.9 0 
1187.91 0 
1187.92 0 
1187.93 0 
1187.94 0 
1187.95 0 
1187.96 0 
1187.97 0 
1187.98 0 
1187.99 0 
1188 0 
1188.01 0 
1188.02 0 
1188.03 0 
1188.04 0 
1188.05 0 
1188.06 0 
1188.07 0 
1188.08 0 
1188.09 0 
1188.09 0 
1188.1 0 
1188.11 0 
1188.12 0 
1188.13 0 
1188.14 0 
1188.15 0 
1188.16 0 
1188.17 0 
1188.18 0 
1188.19 0 
1188.2 0 
1188.21 0 
1188.22 0 
1188.23 0 
1188.24 0 
1188.25 0 
1188.26 0 
1188.27 0 
1188.28 0 
1188.29 0 
1188.3 0 
1188.31 0 
1188.32 0 
1188.33 0 
1188.34 0 
1188.35 0 
1188.36 0 
1188.37 0 
1188.38 0 
1188.39 0 
1188.4 0 
1188.41 0 
1188.42 0 
1188.43 0 
1188.44 0 
1188.45 0 
1188.46 0 
1188.47 0 
1188.48 0 
1188.49 0 
1188.5 0 
1188.51 0 
1188.52 0 
1188.52 0 
1188.53 0 
1188.54 0 
1188.55 0 
1188.56 0 
1188.57 0 
1188.58 0 
1188.59 0 
1188.6 0 
1188.61 0 
1188.62 0 
1188.63 0 
1188.64 0 
1188.65 0 
1188.66 0 
1188.67 0 
1188.68 0 
1188.69 0 
1188.7 0 
1188.71 0 
1188.72 0 
1188.73 0 
1188.74 0 
1188.75 0 
1188.76 0 
1188.77 0 
1188.78 0 
1188.79 0 
1188.8 0 
1188.81 0 
1188.82 0 
1188.83 0 
1188.84 0 
1188.85 0 
1188.86 0 
1188.87 0 
1188.88 0 
1188.89 0 
1188.9 0 
1188.91 0 
1188.92 0 
1188.93 0 
1188.94 0 
1188.94 0 
1188.95 0 
1188.96 0 
1188.97 0 
1188.98 0 
1188.99 0 
1189 0 
1189.01 0 
1189.02 0 
1189.03 0 
1189.04 0 
1189.05 0 
1189.06 0 
1189.07 0 
1189.08 0 
1189.09 0 
1189.1 0 
1189.11 0 
1189.12 0 
1189.13 0 
1189.14 0 
1189.15 0 
1189.16 0 
1189.17 0 
1189.18 0 
1189.19 0 
1189.2 0 
1189.21 0 
1189.22 0 
1189.23 0 
1189.24 0 
1189.25 0 
1189.26 0 
1189.27 0 
1189.28 0 
1189.29 0 
1189.3 0 
1189.31 0 
1189.32 0 
1189.33 0 
1189.34 0 
1189.35 0 
1189.36 0 
1189.36 0 
1189.37 0 
1189.38 0 
1189.39 0 
1189.4 0 
1189.41 0 
1189.42 0 
1189.43 0 
1189.44 0 
1189.45 0 
1189.46 0 
1189.47 0 
1189.48 0 
1189.49 0 
1189.5 0 
1189.51 0 
1189.52 0 
1189.53 0 
1189.54 0 
1189.55 0 
1189.56 0 
1189.57 0 
1189.58 0 
1189.59 0 
1189.6 0 
1189.61 0 
1189.62 0 
1189.63 0 
1189.64 0 
1189.65 0 
1189.66 0 
1189.67 0 
1189.68 0 
1189.69 0 
1189.7 0 
1189.71 0 
1189.72 0 
1189.73 0 
1189.74 0 
1189.75 0 
1189.76 0 
1189.77 0 
1189.78 0 
1189.79 0 
1189.79 0 
1189.8 0 
1189.81 0 
1189.82 0 
1189.83 0 
1189.84 0 
1189.85 0 
1189.86 0 
1189.87 0 
1189.88 0 
1189.89 0 
1189.9 0 
1189.91 0 
1189.92 0 
1189.93 0 
1189.94 0 
1189.95 0 
1189.96 0 
1189.97 0 
1189.98 0 
1189.99 0 
1190 0 
1190.01 0 
1190.02 0 
1190.03 0 
1190.04 0 
1190.05 0 
1190.06 0 
1190.07 0 
1190.08 0 
1190.09 0 
1190.1 0 
1190.11 0 
1190.12 0 
1190.13 0 
1190.14 0 
1190.15 0 
1190.16 0 
1190.17 0 
1190.18 0 
1190.19 0 
1190.2 0 
1190.21 0 
1190.21 0 
1190.22 0 
1190.23 0 
1190.24 0 
1190.25 0 
1190.26 0 
1190.27 0 
1190.28 0 
1190.29 0 
1190.3 0 
1190.31 0 
1190.32 0 
1190.33 0 
1190.34 0 
1190.35 0 
1190.36 0 
1190.37 0 
1190.38 0 
1190.39 0 
1190.4 0 
1190.41 0 
1190.42 0 
1190.43 0 
1190.44 0 
1190.45 0 
1190.46 0 
1190.47 0 
1190.48 0 
1190.49 0 
1190.5 0 
1190.51 0 
1190.52 0 
1190.53 0 
1190.54 0 
1190.55 0 
1190.56 0 
1190.57 0 
1190.58 0 
1190.59 0 
1190.6 0 
1190.61 0 
1190.62 0 
1190.63 0 
1190.64 0 
1190.64 0 
1190.65 0 
1190.66 0 
1190.67 0 
1190.68 0 
1190.69 0 
1190.7 0 
1190.71 0 
1190.72 0 
1190.73 0 
1190.74 0 
1190.75 0 
1190.76 0 
1190.77 0 
1190.78 0 
1190.79 0 
1190.8 0 
1190.81 0 
1190.82 0 
1190.83 0 
1190.84 0 
1190.85 0 
1190.86 0 
1190.87 0 
1190.88 0 
1190.89 0 
1190.9 0 
1190.91 0 
1190.92 0 
1190.93 0 
1190.94 0 
1190.95 0 
1190.96 0 
1190.97 0 
1190.98 0 
1190.99 0 
1191 0 
1191.01 0 
1191.02 0 
1191.03 0 
1191.04 0 
1191.05 0 
1191.06 0 
1191.07 0 
1191.07 0 
1191.08 0 
1191.09 0 
1191.1 0 
1191.11 0 
1191.12 0 
1191.13 0 
1191.14 0 
1191.15 0 
1191.16 0 
1191.17 0 
1191.18 0 
1191.19 0 
1191.2 0 
1191.21 0 
1191.22 0 
1191.23 0 
1191.24 0 
1191.25 0 
1191.26 0 
1191.27 0 
1191.28 0 
1191.29 0 
1191.3 0 
1191.31 0 
1191.32 0 
1191.33 0 
1191.34 0 
1191.35 0 
1191.36 0 
1191.37 0 
1191.38 0 
1191.39 0 
1191.4 0 
1191.41 0 
1191.42 0 
1191.43 0 
1191.44 0 
1191.45 0 
1191.46 0 
1191.47 0 
1191.48 0 
1191.49 0 
1191.49 0 
1191.5 0 
1191.51 0 
1191.52 0 
1191.53 0 
1191.54 0 
1191.55 0 
1191.56 0 
1191.57 0 
1191.58 0 
1191.59 0 
1191.6 0 
1191.61 0 
1191.62 0 
1191.63 0 
1191.64 0 
1191.65 0 
1191.66 0 
1191.67 0 
1191.68 0 
1191.69 0 
1191.7 0 
1191.71 0 
1191.72 0 
1191.73 0 
1191.74 0 
1191.75 0 
1191.76 0 
1191.77 0 
1191.78 0 
1191.79 0 
1191.8 0 
1191.81 0 
1191.82 0 
1191.83 0 
1191.84 0 
1191.85 0 
1191.86 0 
1191.87 0 
1191.88 0 
1191.89 0 
1191.9 0 
1191.91 0 
1191.92 0 
1191.92 0 
1191.93 0 
1191.94 0 
1191.95 0 
1191.96 1.4013e-45 
1191.97 1.4013e-45 
1191.98 1.4013e-45 
1191.99 1.4013e-45 
1192 2.8026e-45 
1192.01 2.8026e-45 
1192.02 4.2039e-45 
1192.03 5.60519e-45 
1192.04 8.40779e-45 
1192.05 1.12104e-44 
1192.06 1.54143e-44 
1192.07 2.24208e-44 
1192.08 3.08286e-44 
1192.09 4.34403e-44 
1192.1 6.02558e-44 
1192.11 8.26766e-44 
1192.12 1.14906e-43 
1192.13 1.58347e-43 
1192.14 2.18603e-43 
1192.15 3.01279e-43 
1192.16 4.18988e-43 
1192.17 5.75934e-43 
1192.18 7.95938e-43 
1192.19 1.09582e-42 
1192.2 1.5092e-42 
1192.21 2.07672e-42 
1192.22 2.85585e-42 
1192.23 3.94045e-42 
1192.24 5.41181e-42 
1192.25 7.42408e-42 
1192.26 1.01804e-41 
1192.27 1.39499e-41 
1192.28 1.90969e-41 
1192.29 2.613e-41 
1192.3 3.57219e-41 
1192.31 4.88058e-41 
1192.32 6.66289e-41 
1192.33 9.08952e-41 
1192.34 1.23911e-40 
1192.34 1.68798e-40 
1192.35 2.29779e-40 
1192.36 3.12565e-40 
1192.37 4.24871e-40 
1192.38 5.77111e-40 
1192.39 7.83336e-40 
1192.4 1.06249e-39 
1192.41 1.44007e-39 
1192.42 1.95044e-39 
1192.43 2.63978e-39 
1192.44 3.57017e-39 
1192.45 4.82498e-39 
1192.46 6.51614e-39 
1192.47 8.79368e-39 
1192.48 1.19031e-38 
1192.49 1.60402e-38 
1192.5 2.15996e-38 
1192.51 2.90648e-38 
1192.52 3.9082e-38 
1192.53 5.25137e-38 
1192.54 7.05107e-38 
1192.55 9.46071e-38 
1192.56 1.26847e-37 
1192.57 1.6995e-37 
1192.58 2.27535e-37 
1192.59 3.04413e-37 
1192.6 4.06972e-37 
1192.61 5.44027e-37 
1192.62 7.26265e-37 
1192.63 9.68848e-37 
1192.64 1.29152e-36 
1192.65 1.72043e-36 
1192.66 2.29011e-36 
1192.67 3.04623e-36 
1192.68 4.04907e-36 
1192.69 5.37818e-36 
1192.7 7.13841e-36 
1192.71 9.4679e-36 
1192.72 1.25485e-35 
1192.73 1.66779e-35 
1192.74 2.20724e-35 
1192.75 2.91907e-35 
1192.76 3.85767e-35 
1192.77 5.0944e-35 
1192.77 6.72275e-35 
1192.78 8.86517e-35 
1192.79 1.16819e-34 
1192.8 1.53825e-34 
1192.81 2.02408e-34 
1192.82 2.66143e-34 
1192.83 3.49693e-34 
1192.84 4.59142e-34 
1192.85 6.02411e-34 
1192.86 7.89814e-34 
1192.87 1.03477e-33 
1192.88 1.35472e-33 
1192.89 1.77232e-33 
1192.9 2.31697e-33 
1192.91 3.02681e-33 
1192.92 3.95126e-33 
1192.93 5.15435e-33 
1192.94 6.7189e-33 
1192.95 8.75204e-33 
1192.96 1.13922e-32 
1192.97 1.4818e-32 
1192.98 1.93233e-32 
1192.99 2.50978e-32 
1193 3.25743e-32 
1193.01 4.22474e-32 
1193.02 5.47536e-32 
1193.03 7.09107e-32 
1193.04 9.17692e-32 
1193.05 1.18678e-31 
1193.06 1.53365e-31 
1193.07 1.98049e-31 
1193.08 2.55566e-31 
1193.09 3.2955e-31 
1193.1 4.24645e-31 
1193.11 5.46785e-31 
1193.12 7.03548e-31 
1193.13 9.04602e-31 
1193.14 1.16227e-30 
1193.15 1.49226e-30 
1193.16 1.91455e-30 
1193.17 2.45458e-30 
1193.18 3.14466e-30 
1193.19 4.02584e-30 
1193.19 5.15022e-30 
1193.2 6.58387e-30 
1193.21 8.41054e-30 
1193.22 1.07733e-29 
1193.23 1.37368e-29 
1193.24 1.75099e-29 
1193.25 2.23033e-29 
1193.26 2.83883e-29 
1193.27 3.61075e-29 
1193.28 4.58924e-29 
1193.29 5.82869e-29 
1193.3 7.39755e-29 
1193.31 9.3819e-29 
1193.32 1.189e-28 
1193.33 1.50576e-28 
1193.34 1.90555e-28 
1193.35 2.40973e-28 
1193.36 3.04512e-28 
1193.37 3.84527e-28 
1193.38 4.85216e-28 
1193.39 6.11829e-28 
1193.4 7.70924e-28 
1193.41 9.70689e-28 
1193.42 1.22133e-27 
1193.43 1.53559e-27 
1193.44 1.92932e-27 
1193.45 2.42224e-27 
1193.46 3.03891e-27 
1193.47 3.80982e-27 
1193.48 4.7863e-27 
1193.49 5.99178e-27 
1193.5 7.49547e-27 
1193.51 9.36974e-27 
1193.52 1.17042e-26 
1193.53 1.46098e-26 
1193.54 1.82236e-26 
1193.55 2.27148e-26 
1193.56 2.82925e-26 
1193.57 3.52143e-26 
1193.58 4.37979e-26 
1193.59 5.44345e-26 
1193.6 6.76055e-26 
1193.61 8.39546e-26 
1193.62 1.04118e-25 
1193.62 1.2903e-25 
1193.63 1.59789e-25 
1193.64 1.97736e-25 
1193.65 2.44519e-25 
1193.66 3.02152e-25 
1193.67 3.73099e-25 
1193.68 4.60374e-25 
1193.69 5.67653e-25 
1193.7 6.99426e-25 
1193.71 8.61167e-25 
1193.72 1.05954e-24 
1193.73 1.30604e-24 
1193.74 1.60457e-24 
1193.75 1.96991e-24 
1193.76 2.41668e-24 
1193.77 2.96265e-24 
1193.78 3.62933e-24 
1193.79 4.44284e-24 
1193.8 5.43476e-24 
1193.81 6.64334e-24 
1193.82 8.11483e-24 
1193.83 9.9051e-24 
1193.84 1.20816e-23 
1193.85 1.47257e-23 
1193.86 1.79356e-23 
1193.87 2.18294e-23 
1193.88 2.65493e-23 
1193.89 3.22665e-23 
1193.9 3.91865e-23 
1193.91 4.75563e-23 
1193.92 5.76721e-23 
1193.93 6.98892e-23 
1193.94 8.46332e-23 
1193.95 1.02414e-22 
1193.96 1.2384e-22 
1193.97 1.49641e-22 
1193.98 1.81113e-22 
1193.99 2.18529e-22 
1194 2.63485e-22 
1194.01 3.17459e-22 
1194.02 3.82214e-22 
1194.03 4.59845e-22 
1194.04 5.52845e-22 
1194.05 6.64174e-22 
1194.05 7.97346e-22 
1194.06 9.56528e-22 
1194.07 1.14666e-21 
1194.08 1.3736e-21 
1194.09 1.64426e-21 
1194.1 1.96683e-21 
1194.11 2.35099e-21 
1194.12 2.80816e-21 
1194.13 3.3518e-21 
1194.14 3.99781e-21 
1194.15 4.76487e-21 
1194.16 5.67502e-21 
1194.17 6.75414e-21 
1194.18 8.03266e-21 
1194.19 9.5463e-21 
1194.2 1.1337e-20 
1194.21 1.34538e-20 
1194.22 1.59544e-20 
1194.23 1.89462e-20 
1194.24 2.2435e-20 
1194.25 2.65471e-20 
1194.26 3.13902e-20 
1194.27 3.70901e-20 
1194.28 4.37933e-20 
1194.29 5.16707e-20 
1194.3 6.09211e-20 
1194.31 7.17757e-20 
1194.32 8.45032e-20 
1194.33 9.94159e-20 
1194.34 1.16876e-19 
1194.35 1.37303e-19 
1194.36 1.61184e-19 
1194.37 1.89082e-19 
1194.38 2.21649e-19 
1194.39 2.59638e-19 
1194.4 3.03918e-19 
1194.41 3.55493e-19 
1194.42 4.1552e-19 
1194.43 4.85332e-19 
1194.44 5.66465e-19 
1194.45 6.60684e-19 
1194.46 7.70017e-19 
1194.47 8.96797e-19 
1194.47 1.04582e-18 
1194.48 1.21607e-18 
1194.49 1.41321e-18 
1194.5 1.64113e-18 
1194.51 1.90443e-18 
1194.52 2.20838e-18 
1194.53 2.55899e-18 
1194.54 2.96312e-18 
1194.55 3.42861e-18 
1194.56 3.96435e-18 
1194.57 4.5805e-18 
1194.58 5.2886e-18 
1194.59 6.10175e-18 
1194.6 7.03485e-18 
1194.61 8.10981e-18 
1194.62 9.3365e-18 
1194.63 1.0741e-17 
1194.64 1.23478e-17 
1194.65 1.41848e-17 
1194.66 1.62833e-17 
1194.67 1.86788e-17 
1194.68 2.14112e-17 
1194.69 2.45256e-17 
1194.7 2.80728e-17 
1194.71 3.21097e-17 
1194.72 3.67008e-17 
1194.73 4.19875e-17 
1194.74 4.79211e-17 
1194.75 5.46539e-17 
1194.76 6.22875e-17 
1194.77 7.09362e-17 
1194.78 8.07275e-17 
1194.79 9.18039e-17 
1194.8 1.04325e-16 
1194.81 1.18468e-16 
1194.82 1.34431e-16 
1194.83 1.52435e-16 
1194.84 1.72726e-16 
1194.85 1.95577e-16 
1194.86 2.2129e-16 
1194.87 2.50204e-16 
1194.88 2.82691e-16 
1194.89 3.19166e-16 
1194.9 3.60087e-16 
1194.9 4.05962e-16 
1194.91 4.57351e-16 
1194.92 5.14874e-16 
1194.93 5.79212e-16 
1194.94 6.51121e-16 
1194.95 7.31428e-16 
1194.96 8.21048e-16 
1194.97 9.20983e-16 
1194.98 1.03381e-15 
1194.99 1.15795e-15 
1195 1.29607e-15 
1195.01 1.44962e-15 
1195.02 1.62019e-15 
1195.03 1.80953e-15 
1195.04 2.01953e-15 
1195.05 2.25227e-15 
1195.06 2.51003e-15 
1195.07 2.79526e-15 
1195.08 3.11067e-15 
1195.09 3.45916e-15 
1195.1 3.84392e-15 
1195.11 4.26839e-15 
1195.12 4.73632e-15 
1195.13 5.25175e-15 
1195.14 5.81907e-15 
1195.15 6.44303e-15 
1195.16 7.12874e-15 
1195.17 7.88173e-15 
1195.18 8.70798e-15 
1195.19 9.61389e-15 
1195.2 1.06064e-14 
1195.21 1.16929e-14 
1195.22 1.28814e-14 
1195.23 1.41975e-14 
1195.24 1.56179e-14 
1195.25 1.7168e-14 
1195.26 1.88583e-14 
1195.27 2.07001e-14 
1195.28 2.27054e-14 
1195.29 2.4887e-14 
1195.3 2.72585e-14 
1195.31 2.98345e-14 
1195.32 3.26303e-14 
1195.32 3.56624e-14 
1195.33 3.8948e-14 
1195.34 4.25058e-14 
1195.35 4.6355e-14 
1195.36 5.05163e-14 
1195.37 5.50114e-14 
1195.38 5.98633e-14 
1195.39 6.50961e-14 
1195.4 7.07353e-14 
1195.41 7.68075e-14 
1195.42 8.33408e-14 
1195.43 9.03645e-14 
1195.44 9.79095e-14 
1195.45 1.06008e-13 
1195.46 1.14693e-13 
1195.47 1.24001e-13 
1195.48 1.34096e-13 
1195.49 1.44767e-13 
1195.5 1.56175e-13 
1195.51 1.68361e-13 
1195.52 1.81366e-13 
1195.53 1.95235e-13 
1195.54 2.10012e-13 
1195.55 2.25746e-13 
1195.56 2.42483e-13 
1195.57 2.60272e-13 
1195.58 2.79165e-13 
1195.59 2.99214e-13 
1195.6 3.20471e-13 
1195.61 3.43203e-13 
1195.62 3.67055e-13 
1195.63 3.92281e-13 
1195.64 4.18938e-13 
1195.65 4.47084e-13 
1195.66 4.76776e-13 
1195.67 5.08074e-13 
1195.68 5.41036e-13 
1195.69 5.7572e-13 
1195.7 6.12185e-13 
1195.71 6.50491e-13 
1195.72 6.90695e-13 
1195.73 7.33393e-13 
1195.74 7.7759e-13 
1195.75 8.23855e-13 
1195.75 8.72244e-13 
1195.76 9.22808e-13 
1195.77 9.75598e-13 
1195.78 1.03066e-12 
1195.79 1.08805e-12 
1195.8 1.14781e-12 
1195.81 1.20997e-12 
1195.82 1.27458e-12 
1195.83 1.34167e-12 
1195.84 1.41127e-12 
1195.85 1.48342e-12 
1195.86 1.55812e-12 
1195.87 1.63541e-12 
1195.88 1.71529e-12 
1195.89 1.79777e-12 
1195.9 1.88286e-12 
1195.91 1.97056e-12 
1195.92 2.06085e-12 
1195.93 2.15373e-12 
1195.94 2.24916e-12 
1195.95 2.34713e-12 
1195.96 2.4476e-12 
1195.97 2.55053e-12 
1195.98 2.6572e-12 
1195.99 2.76492e-12 
1196 2.87494e-12 
1196.01 2.98717e-12 
1196.02 3.10155e-12 
1196.03 3.21798e-12 
1196.04 3.33637e-12 
1196.05 3.45663e-12 
1196.06 3.57863e-12 
1196.07 3.70227e-12 
1196.08 3.82742e-12 
1196.09 3.95394e-12 
1196.1 4.0817e-12 
1196.11 4.21055e-12 
1196.12 4.34033e-12 
1196.13 4.47088e-12 
1196.14 4.60204e-12 
1196.15 4.73364e-12 
1196.16 4.86548e-12 
1196.17 4.9974e-12 
1196.17 5.12918e-12 
1196.18 5.26066e-12 
1196.19 5.39161e-12 
1196.2 5.52184e-12 
1196.21 5.65115e-12 
1196.22 5.78091e-12 
1196.23 5.90773e-12 
1196.24 6.03299e-12 
1196.25 6.15647e-12 
1196.26 6.27797e-12 
1196.27 6.39727e-12 
1196.28 6.51417e-12 
1196.29 6.62845e-12 
1196.3 6.73992e-12 
1196.31 6.84837e-12 
1196.32 6.9536e-12 
1196.33 7.05544e-12 
1196.34 7.15369e-12 
1196.35 7.24818e-12 
1196.36 7.33874e-12 
1196.37 7.42521e-12 
1196.38 7.50746e-12 
1196.39 7.58535e-12 
1196.4 7.65875e-12 
1196.41 7.72757e-12 
1196.42 7.79172e-12 
1196.43 7.85112e-12 
1196.44 7.90573e-12 
1196.45 7.95551e-12 
1196.46 8.00047e-12 
1196.47 8.04063e-12 
1196.48 8.07643e-12 
1196.49 8.1071e-12 
1196.5 8.1332e-12 
1196.51 8.1549e-12 
1196.52 8.17239e-12 
1196.53 8.18591e-12 
1196.54 8.19575e-12 
1196.55 8.20226e-12 
1196.56 8.20586e-12 
1196.57 8.20701e-12 
1196.58 8.20629e-12 
1196.59 8.20433e-12 
1196.6 8.20187e-12 
1196.6 8.20482e-12 
1196.61 8.20403e-12 
1196.62 8.20564e-12 
1196.63 8.21093e-12 
1196.64 8.2213e-12 
1196.65 8.23838e-12 
1196.66 8.26397e-12 
1196.67 8.30014e-12 
1196.68 8.34922e-12 
1196.69 8.41382e-12 
1196.7 8.49692e-12 
1196.71 8.60184e-12 
1196.72 8.73235e-12 
1196.73 8.89489e-12 
1196.74 9.09026e-12 
1196.75 9.32563e-12 
1196.76 9.60702e-12 
1196.77 9.94121e-12 
1196.78 1.03358e-11 
1196.79 1.07993e-11 
1196.8 1.13412e-11 
1196.81 1.19723e-11 
1196.82 1.27046e-11 
1196.83 1.35514e-11 
1196.84 1.45278e-11 
1196.85 1.56505e-11 
1196.86 1.69382e-11 
1196.87 1.84119e-11 
1196.88 2.00947e-11 
1196.89 2.20127e-11 
1196.9 2.41947e-11 
1196.91 2.66729e-11 
1196.92 2.94829e-11 
1196.93 3.26645e-11 
1196.94 3.62617e-11 
1196.95 4.03232e-11 
1196.96 4.49032e-11 
1196.97 5.00615e-11 
1196.98 5.59413e-11 
1196.99 6.24714e-11 
1197 6.98011e-11 
1197.01 7.80195e-11 
1197.02 8.72251e-11 
1197.03 9.75261e-11 
1197.03 1.09042e-10 
1197.04 1.21903e-10 
1197.05 1.36253e-10 
1197.06 1.52251e-10 
1197.07 1.70069e-10 
1197.08 1.89896e-10 
1197.09 2.1194e-10 
1197.1 2.36427e-10 
1197.11 2.63604e-10 
1197.12 2.93742e-10 
1197.13 3.27134e-10 
1197.14 3.64102e-10 
1197.15 4.04992e-10 
1197.16 4.50185e-10 
1197.17 5.00091e-10 
1197.18 5.55156e-10 
1197.19 6.15863e-10 
1197.2 6.82736e-10 
1197.21 7.56341e-10 
1197.22 8.37288e-10 
1197.23 9.27403e-10 
1197.24 1.02518e-09 
1197.25 1.13245e-09 
1197.26 1.25003e-09 
1197.27 1.37882e-09 
1197.28 1.51975e-09 
1197.29 1.67387e-09 
1197.3 1.84226e-09 
1197.31 2.02608e-09 
1197.32 2.22661e-09 
1197.33 2.44516e-09 
1197.34 2.68318e-09 
1197.35 2.94217e-09 
1197.36 3.22377e-09 
1197.37 3.52969e-09 
1197.38 3.86176e-09 
1197.39 4.22192e-09 
1197.4 4.61222e-09 
1197.41 5.03484e-09 
1197.42 5.49209e-09 
1197.43 5.98639e-09 
1197.44 6.5203e-09 
1197.45 7.09652e-09 
1197.45 7.71788e-09 
1197.46 8.38738e-09 
1197.47 9.10814e-09 
1197.48 9.89349e-09 
1197.49 1.07275e-08 
1197.5 1.16231e-08 
1197.51 1.25841e-08 
1197.52 1.36143e-08 
1197.53 1.47179e-08 
1197.54 1.5899e-08 
1197.55 1.7162e-08 
1197.56 1.85115e-08 
1197.57 1.99522e-08 
1197.58 2.1489e-08 
1197.59 2.31267e-08 
1197.6 2.48707e-08 
1197.61 2.67427e-08 
1197.62 2.87163e-08 
1197.63 3.08125e-08 
1197.64 3.30371e-08 
1197.65 3.53957e-08 
1197.66 3.78943e-08 
1197.67 4.0539e-08 
1197.68 4.33359e-08 
1197.69 4.6291e-08 
1197.7 4.94107e-08 
1197.71 5.27012e-08 
1197.72 5.61689e-08 
1197.73 5.98668e-08 
1197.74 6.371e-08 
1197.75 6.77492e-08 
1197.76 7.19907e-08 
1197.77 7.64406e-08 
1197.78 8.1105e-08 
1197.79 8.59897e-08 
1197.8 9.11006e-08 
1197.81 9.64431e-08 
1197.82 1.02023e-07 
1197.83 1.07845e-07 
1197.84 1.13914e-07 
1197.85 1.20235e-07 
1197.86 1.26812e-07 
1197.87 1.3365e-07 
1197.88 1.40751e-07 
1197.88 1.48118e-07 
1197.89 1.55756e-07 
1197.9 1.63665e-07 
1197.91 1.71849e-07 
1197.92 1.80307e-07 
1197.93 1.89041e-07 
1197.94 1.9805e-07 
1197.95 2.07336e-07 
1197.96 2.16895e-07 
1197.97 2.26727e-07 
1197.98 2.36957e-07 
1197.99 2.47329e-07 
1198 2.57965e-07 
1198.01 2.68858e-07 
1198.02 2.80005e-07 
1198.03 2.91399e-07 
1198.04 3.03033e-07 
1198.05 3.149e-07 
1198.06 3.26991e-07 
1198.07 3.39296e-07 
1198.08 3.51806e-07 
1198.09 3.64511e-07 
1198.1 3.77398e-07 
1198.11 3.90455e-07 
1198.12 4.0367e-07 
1198.13 4.17029e-07 
1198.14 4.30517e-07 
1198.15 4.44119e-07 
1198.16 4.5782e-07 
1198.17 4.71604e-07 
1198.18 4.85454e-07 
1198.19 4.99352e-07 
1198.2 5.13281e-07 
1198.21 5.27223e-07 
1198.22 5.41159e-07 
1198.23 5.55245e-07 
1198.24 5.69114e-07 
1198.25 5.82921e-07 
1198.26 5.96646e-07 
1198.27 6.10271e-07 
1198.28 6.23776e-07 
1198.29 6.37143e-07 
1198.3 6.50353e-07 
1198.3 6.63388e-07 
1198.31 6.7623e-07 
1198.32 6.88862e-07 
1198.33 7.01265e-07 
1198.34 7.13425e-07 
1198.35 7.25326e-07 
1198.36 7.36953e-07 
1198.37 7.48292e-07 
1198.38 7.59331e-07 
1198.39 7.70056e-07 
1198.4 7.80459e-07 
1198.41 7.90529e-07 
1198.42 8.00259e-07 
1198.43 8.09641e-07 
1198.44 8.18669e-07 
1198.45 8.27341e-07 
1198.46 8.35653e-07 
1198.47 8.43605e-07 
1198.48 8.5129e-07 
1198.49 8.58521e-07 
1198.5 8.65399e-07 
1198.51 8.7193e-07 
1198.52 8.78121e-07 
1198.53 8.83983e-07 
1198.54 8.89527e-07 
1198.55 8.94765e-07 
1198.56 8.99712e-07 
1198.57 9.04386e-07 
1198.58 9.08803e-07 
1198.59 9.12986e-07 
1198.6 9.16955e-07 
1198.61 9.21304e-07 
1198.62 9.2492e-07 
1198.63 9.284e-07 
1198.64 9.3177e-07 
1198.65 9.3506e-07 
1198.66 9.38302e-07 
1198.67 9.41527e-07 
1198.68 9.44771e-07 
1198.69 9.48067e-07 
1198.7 9.51452e-07 
1198.71 9.54963e-07 
1198.72 9.58636e-07 
1198.73 9.62561e-07 
1198.73 9.66679e-07 
1198.74 9.71078e-07 
1198.75 9.75797e-07 
1198.76 9.80875e-07 
1198.77 9.86354e-07 
1198.78 9.92273e-07 
1198.79 9.98671e-07 
1198.8 1.00559e-06 
1198.81 1.01306e-06 
1198.82 1.02113e-06 
1198.83 1.02984e-06 
1198.84 1.03921e-06 
1198.85 1.04929e-06 
1198.86 1.06011e-06 
1198.87 1.0717e-06 
1198.88 1.0841e-06 
1198.89 1.09733e-06 
1198.9 1.11142e-06 
1198.91 1.1264e-06 
1198.92 1.14229e-06 
1198.93 1.15912e-06 
1198.94 1.17689e-06 
1198.95 1.19564e-06 
1198.96 1.21537e-06 
1198.97 1.23611e-06 
1198.98 1.25812e-06 
1198.99 1.28089e-06 
1199 1.30467e-06 
1199.01 1.32948e-06 
1199.02 1.3553e-06 
1199.03 1.38213e-06 
1199.04 1.40997e-06 
1199.05 1.4388e-06 
1199.06 1.46861e-06 
1199.07 1.49938e-06 
1199.08 1.5311e-06 
1199.09 1.56373e-06 
1199.1 1.59726e-06 
1199.11 1.63165e-06 
1199.12 1.66687e-06 
1199.13 1.70288e-06 
1199.14 1.73965e-06 
1199.15 1.77713e-06 
1199.15 1.81529e-06 
1199.16 1.85406e-06 
1199.17 1.89341e-06 
1199.18 1.93328e-06 
1199.19 1.97361e-06 
1199.2 2.01436e-06 
1199.21 2.05545e-06 
1199.22 2.09736e-06 
1199.23 2.13897e-06 
1199.24 2.18074e-06 
1199.25 2.22261e-06 
1199.26 2.26451e-06 
1199.27 2.30637e-06 
1199.28 2.34812e-06 
1199.29 2.38969e-06 
1199.3 2.431e-06 
1199.31 2.47199e-06 
1199.32 2.51259e-06 
1199.33 2.55272e-06 
1199.34 2.59232e-06 
1199.35 2.63131e-06 
1199.36 2.66962e-06 
1199.37 2.70718e-06 
1199.38 2.74392e-06 
1199.39 2.77979e-06 
1199.4 2.8147e-06 
1199.41 2.8486e-06 
1199.42 2.88143e-06 
1199.43 2.91313e-06 
1199.44 2.94363e-06 
1199.45 2.97289e-06 
1199.46 3.00085e-06 
1199.47 3.02746e-06 
1199.48 3.05298e-06 
1199.49 3.07673e-06 
1199.5 3.09901e-06 
1199.51 3.11978e-06 
1199.52 3.13899e-06 
1199.53 3.15663e-06 
1199.54 3.17266e-06 
1199.55 3.18706e-06 
1199.56 3.19982e-06 
1199.57 3.21093e-06 
1199.58 3.22036e-06 
1199.58 3.22812e-06 
1199.59 3.23421e-06 
1199.6 3.23862e-06 
1199.61 3.24337e-06 
1199.62 3.24446e-06 
1199.63 3.24391e-06 
1199.64 3.24174e-06 
1199.65 3.23797e-06 
1199.66 3.23263e-06 
1199.67 3.22575e-06 
1199.68 3.21736e-06 
1199.69 3.2075e-06 
1199.7 3.19622e-06 
1199.71 3.18356e-06 
1199.72 3.16956e-06 
1199.73 3.15409e-06 
1199.74 3.13758e-06 
1199.75 3.1199e-06 
1199.76 3.10112e-06 
1199.77 3.0813e-06 
1199.78 3.06049e-06 
1199.79 3.03879e-06 
1199.8 3.01624e-06 
1199.81 2.99292e-06 
1199.82 2.96891e-06 
1199.83 2.94428e-06 
1199.84 2.9191e-06 
1199.85 2.89345e-06 
1199.86 2.86741e-06 
1199.87 2.84106e-06 
1199.88 2.81446e-06 
1199.89 2.78771e-06 
1199.9 2.76087e-06 
1199.91 2.73402e-06 
1199.92 2.70725e-06 
1199.93 2.68062e-06 
1199.94 2.6542e-06 
1199.95 2.62808e-06 
1199.96 2.60232e-06 
1199.97 2.57699e-06 
1199.98 2.55186e-06 
1199.99 2.52761e-06 
1200 2.50399e-06 
1200.01 2.48106e-06 
1200.01 2.45889e-06 
1200.02 2.43752e-06 
1200.03 2.41702e-06 
1200.04 2.39744e-06 
1200.05 2.37881e-06 
1200.06 2.3612e-06 
1200.07 2.34463e-06 
1200.08 2.32916e-06 
1200.09 2.31481e-06 
1200.1 2.30161e-06 
1200.11 2.2896e-06 
1200.12 2.27881e-06 
1200.13 2.26925e-06 
1200.14 2.26094e-06 
1200.15 2.25389e-06 
1200.16 2.24813e-06 
1200.17 2.24365e-06 
1200.18 2.24047e-06 
1200.19 2.23858e-06 
1200.2 2.23798e-06 
1200.21 2.23867e-06 
1200.22 2.24063e-06 
1200.23 2.24391e-06 
1200.24 2.24841e-06 
1200.25 2.25414e-06 
1200.26 2.26108e-06 
1200.27 2.2692e-06 
1200.28 2.27849e-06 
1200.29 2.2889e-06 
1200.3 2.30041e-06 
1200.31 2.31298e-06 
1200.32 2.32658e-06 
1200.33 2.34116e-06 
1200.34 2.35669e-06 
1200.35 2.37311e-06 
1200.36 2.39038e-06 
1200.37 2.40846e-06 
1200.38 2.4273e-06 
1200.39 2.44684e-06 
1200.4 2.46703e-06 
1200.41 2.48781e-06 
1200.42 2.50914e-06 
1200.43 2.53096e-06 
1200.43 2.5532e-06 
1200.44 2.57582e-06 
1200.45 2.59875e-06 
1200.46 2.62193e-06 
1200.47 2.64531e-06 
1200.48 2.66911e-06 
1200.49 2.6927e-06 
1200.5 2.7163e-06 
1200.51 2.73986e-06 
1200.52 2.76331e-06 
1200.53 2.7866e-06 
1200.54 2.80967e-06 
1200.55 2.83246e-06 
1200.56 2.85492e-06 
1200.57 2.87698e-06 
1200.58 2.8986e-06 
1200.59 2.91971e-06 
1200.6 2.94028e-06 
1200.61 2.96206e-06 
1200.62 2.98137e-06 
1200.63 2.99998e-06 
1200.64 3.01783e-06 
1200.65 3.03489e-06 
1200.66 3.05111e-06 
1200.67 3.06644e-06 
1200.68 3.08085e-06 
1200.69 3.0943e-06 
1200.7 3.10674e-06 
1200.71 3.11815e-06 
1200.72 3.1285e-06 
1200.73 3.13785e-06 
1200.74 3.14596e-06 
1200.75 3.15292e-06 
1200.76 3.1587e-06 
1200.77 3.16329e-06 
1200.78 3.16665e-06 
1200.79 3.16879e-06 
1200.8 3.16967e-06 
1200.81 3.1693e-06 
1200.82 3.16765e-06 
1200.83 3.16472e-06 
1200.84 3.16051e-06 
1200.85 3.15501e-06 
1200.85 3.14822e-06 
1200.86 3.14013e-06 
1200.87 3.13077e-06 
1200.88 3.12012e-06 
1200.89 3.10819e-06 
1200.9 3.095e-06 
1200.91 3.08056e-06 
1200.92 3.06487e-06 
1200.93 3.04797e-06 
1200.94 3.02985e-06 
1200.95 3.01054e-06 
1200.96 2.99007e-06 
1200.97 2.96845e-06 
1200.98 2.94542e-06 
1200.99 2.92156e-06 
1201 2.89664e-06 
1201.01 2.87068e-06 
1201.02 2.84371e-06 
1201.03 2.81576e-06 
1201.04 2.78686e-06 
1201.05 2.75705e-06 
1201.06 2.72636e-06 
1201.07 2.69482e-06 
1201.08 2.66247e-06 
1201.09 2.62936e-06 
1201.1 2.59551e-06 
1201.11 2.56096e-06 
1201.12 2.52576e-06 
1201.13 2.48995e-06 
1201.14 2.45355e-06 
1201.15 2.41662e-06 
1201.16 2.37919e-06 
1201.17 2.3413e-06 
1201.18 2.30299e-06 
1201.19 2.26431e-06 
1201.2 2.22529e-06 
1201.21 2.18597e-06 
1201.22 2.1464e-06 
1201.23 2.10611e-06 
1201.24 2.06614e-06 
1201.25 2.02603e-06 
1201.26 1.98582e-06 
1201.27 1.94554e-06 
1201.28 1.90523e-06 
1201.28 1.86494e-06 
1201.29 1.82469e-06 
1201.3 1.78451e-06 
1201.31 1.74445e-06 
1201.32 1.70454e-06 
1201.33 1.6648e-06 
1201.34 1.62527e-06 
1201.35 1.58598e-06 
1201.36 1.54695e-06 
1201.37 1.50822e-06 
1201.38 1.46982e-06 
1201.39 1.43176e-06 
1201.4 1.39407e-06 
1201.41 1.35679e-06 
1201.42 1.31992e-06 
1201.43 1.28349e-06 
1201.44 1.24752e-06 
1201.45 1.21203e-06 
1201.46 1.17704e-06 
1201.47 1.14256e-06 
1201.48 1.1082e-06 
1201.49 1.0748e-06 
1201.5 1.04197e-06 
1201.51 1.0097e-06 
1201.52 9.78013e-07 
1201.53 9.46919e-07 
1201.54 9.16425e-07 
1201.55 8.86538e-07 
1201.56 8.57267e-07 
1201.57 8.28615e-07 
1201.58 8.00589e-07 
1201.59 7.73193e-07 
1201.6 7.46428e-07 
1201.61 7.20741e-07 
1201.62 6.95229e-07 
1201.63 6.70354e-07 
1201.64 6.46113e-07 
1201.65 6.22506e-07 
1201.66 5.99531e-07 
1201.67 5.77184e-07 
1201.68 5.55463e-07 
1201.69 5.34362e-07 
1201.7 5.13878e-07 
1201.7 4.94003e-07 
1201.71 4.74734e-07 
1201.72 4.55832e-07 
1201.73 4.37759e-07 
1201.74 4.20268e-07 
1201.75 4.03353e-07 
1201.76 3.87004e-07 
1201.77 3.71213e-07 
1201.78 3.55971e-07 
1201.79 3.41269e-07 
1201.8 3.27096e-07 
1201.81 3.13443e-07 
1201.82 3.003e-07 
1201.83 2.87655e-07 
1201.84 2.75499e-07 
1201.85 2.63821e-07 
1201.86 2.5261e-07 
1201.87 2.41855e-07 
1201.88 2.31544e-07 
1201.89 2.21668e-07 
1201.9 2.12214e-07 
1201.91 2.03172e-07 
1201.92 1.94531e-07 
1201.93 1.86278e-07 
1201.94 1.78405e-07 
1201.95 1.70898e-07 
1201.96 1.63748e-07 
1201.97 1.56943e-07 
1201.98 1.50394e-07 
1201.99 1.44251e-07 
1202 1.38422e-07 
1202.01 1.32896e-07 
1202.02 1.27663e-07 
1202.03 1.22712e-07 
1202.04 1.18034e-07 
1202.05 1.13618e-07 
1202.06 1.09455e-07 
1202.07 1.05537e-07 
1202.08 1.01852e-07 
1202.09 9.83929e-08 
1202.1 9.51501e-08 
1202.11 9.21149e-08 
1202.12 8.92789e-08 
1202.13 8.66337e-08 
1202.13 8.41713e-08 
1202.14 8.18836e-08 
1202.15 7.97631e-08 
1202.16 7.7802e-08 
1202.17 7.59932e-08 
1202.18 7.43294e-08 
1202.19 7.28038e-08 
1202.2 7.14096e-08 
1202.21 7.01403e-08 
1202.22 6.89765e-08 
1202.23 6.79387e-08 
1202.24 6.70078e-08 
1202.25 6.61775e-08 
1202.26 6.5442e-08 
1202.27 6.4796e-08 
1202.28 6.42341e-08 
1202.29 6.37513e-08 
1202.3 6.33427e-08 
1202.31 6.30035e-08 
1202.32 6.27291e-08 
1202.33 6.2515e-08 
1202.34 6.23571e-08 
1202.35 6.22511e-08 
1202.36 6.2193e-08 
1202.37 6.21791e-08 
1202.38 6.22056e-08 
1202.39 6.22689e-08 
1202.4 6.23656e-08 
1202.41 6.24924e-08 
1202.42 6.26462e-08 
1202.43 6.28239e-08 
1202.44 6.30225e-08 
1202.45 6.32392e-08 
1202.46 6.34714e-08 
1202.47 6.37164e-08 
1202.48 6.39751e-08 
1202.49 6.42385e-08 
1202.5 6.45077e-08 
1202.51 6.47805e-08 
1202.52 6.50547e-08 
1202.53 6.53283e-08 
1202.54 6.55997e-08 
1202.55 6.58668e-08 
1202.56 6.61281e-08 
1202.56 6.63819e-08 
1202.57 6.66267e-08 
1202.58 6.68611e-08 
1202.59 6.70837e-08 
1202.6 6.72932e-08 
1202.61 6.753e-08 
1202.62 6.77099e-08 
1202.63 6.78733e-08 
1202.64 6.80193e-08 
1202.65 6.8147e-08 
1202.66 6.82554e-08 
1202.67 6.83439e-08 
1202.68 6.84117e-08 
1202.69 6.84581e-08 
1202.7 6.84827e-08 
1202.71 6.84848e-08 
1202.72 6.8464e-08 
1202.73 6.84193e-08 
1202.74 6.83514e-08 
1202.75 6.82596e-08 
1202.76 6.81437e-08 
1202.77 6.80035e-08 
1202.78 6.78389e-08 
1202.79 6.76498e-08 
1202.8 6.74362e-08 
1202.81 6.71981e-08 
1202.82 6.69356e-08 
1202.83 6.66488e-08 
1202.84 6.63379e-08 
1202.85 6.60031e-08 
1202.86 6.56446e-08 
1202.87 6.52627e-08 
1202.88 6.48578e-08 
1202.89 6.44301e-08 
1202.9 6.39801e-08 
1202.91 6.35082e-08 
1202.92 6.30148e-08 
1202.93 6.25005e-08 
1202.94 6.19658e-08 
1202.95 6.14111e-08 
1202.96 6.08372e-08 
1202.97 6.02445e-08 
1202.98 5.96336e-08 
1202.98 5.89973e-08 
1202.99 5.83518e-08 
1203 5.76902e-08 
1203.01 5.70131e-08 
1203.02 5.63213e-08 
1203.03 5.56153e-08 
1203.04 5.4896e-08 
1203.05 5.4164e-08 
1203.06 5.34202e-08 
1203.07 5.26652e-08 
1203.08 5.18998e-08 
1203.09 5.11248e-08 
1203.1 5.03409e-08 
1203.11 4.95489e-08 
1203.12 4.87495e-08 
1203.13 4.79435e-08 
1203.14 4.71316e-08 
1203.15 4.63147e-08 
1203.16 4.54933e-08 
1203.17 4.46684e-08 
1203.18 4.38405e-08 
1203.19 4.30104e-08 
1203.2 4.21789e-08 
1203.21 4.13465e-08 
1203.22 4.05141e-08 
1203.23 3.96718e-08 
1203.24 3.88412e-08 
1203.25 3.80124e-08 
1203.26 3.71862e-08 
1203.27 3.6363e-08 
1203.28 3.55436e-08 
1203.29 3.47285e-08 
1203.3 3.39182e-08 
1203.31 3.31132e-08 
1203.32 3.23142e-08 
1203.33 3.15216e-08 
1203.34 3.07359e-08 
1203.35 2.99575e-08 
1203.36 2.91869e-08 
1203.37 2.84245e-08 
1203.38 2.76707e-08 
1203.39 2.69259e-08 
1203.4 2.61905e-08 
1203.41 2.54647e-08 
1203.41 2.47489e-08 
1203.42 2.40435e-08 
1203.43 2.33486e-08 
1203.44 2.26645e-08 
1203.45 2.19914e-08 
1203.46 2.13297e-08 
1203.47 2.06794e-08 
1203.48 2.00328e-08 
1203.49 1.94061e-08 
1203.5 1.87913e-08 
1203.51 1.81885e-08 
1203.52 1.75979e-08 
1203.53 1.70195e-08 
1203.54 1.64534e-08 
1203.55 1.58996e-08 
1203.56 1.53582e-08 
1203.57 1.48291e-08 
1203.58 1.43124e-08 
1203.59 1.38081e-08 
1203.6 1.33161e-08 
1203.61 1.28443e-08 
1203.62 1.23765e-08 
1203.63 1.19209e-08 
1203.64 1.14774e-08 
1203.65 1.10459e-08 
1203.66 1.06262e-08 
1203.67 1.02183e-08 
1203.68 9.82207e-09 
1203.69 9.43732e-09 
1203.7 9.06395e-09 
1203.71 8.70178e-09 
1203.72 8.35068e-09 
1203.73 8.00628e-09 
1203.74 7.67692e-09 
1203.75 7.3581e-09 
1203.76 7.04964e-09 
1203.77 6.75135e-09 
1203.78 6.46304e-09 
1203.79 6.18451e-09 
1203.8 5.91557e-09 
1203.81 5.65601e-09 
1203.82 5.40563e-09 
1203.83 5.16422e-09 
1203.83 4.93158e-09 
1203.84 4.70749e-09 
1203.85 4.49175e-09 
1203.86 4.28414e-09 
1203.87 4.08446e-09 
1203.88 3.8925e-09 
1203.89 3.70804e-09 
1203.9 3.53088e-09 
1203.91 3.36081e-09 
1203.92 3.19763e-09 
1203.93 3.04112e-09 
1203.94 2.89109e-09 
1203.95 2.74734e-09 
1203.96 2.60968e-09 
1203.97 2.47789e-09 
1203.98 2.35026e-09 
1203.99 2.22974e-09 
1204 2.11454e-09 
1204.01 2.00447e-09 
1204.02 1.89935e-09 
1204.03 1.79901e-09 
1204.04 1.70328e-09 
1204.05 1.61198e-09 
1204.06 1.52495e-09 
1204.07 1.44203e-09 
1204.08 1.36306e-09 
1204.09 1.28789e-09 
1204.1 1.21637e-09 
1204.11 1.14835e-09 
1204.12 1.08369e-09 
1204.13 1.02225e-09 
1204.14 9.63905e-10 
1204.15 9.08516e-10 
1204.16 8.5596e-10 
1204.17 8.06115e-10 
1204.18 7.58862e-10 
1204.19 7.14088e-10 
1204.2 6.7168e-10 
1204.21 6.31533e-10 
1204.22 5.93543e-10 
1204.23 5.57173e-10 
1204.24 5.23225e-10 
1204.25 4.91145e-10 
1204.26 4.60844e-10 
1204.26 4.32235e-10 
1204.27 4.05236e-10 
1204.28 3.79769e-10 
1204.29 3.55757e-10 
1204.3 3.33127e-10 
1204.31 3.11809e-10 
1204.32 2.91735e-10 
1204.33 2.72843e-10 
1204.34 2.5507e-10 
1204.35 2.38357e-10 
1204.36 2.22648e-10 
1204.37 2.07889e-10 
1204.38 1.9403e-10 
1204.39 1.8102e-10 
1204.4 1.68814e-10 
1204.41 1.57366e-10 
1204.42 1.46635e-10 
1204.43 1.36579e-10 
1204.44 1.27162e-10 
1204.45 1.18345e-10 
1204.46 1.10094e-10 
1204.47 1.02377e-10 
1204.48 9.50751e-11 
1204.49 8.83381e-11 
1204.5 8.20449e-11 
1204.51 7.61689e-11 
1204.52 7.06849e-11 
1204.53 6.55689e-11 
1204.54 6.07983e-11 
1204.55 5.63517e-11 
1204.56 5.22091e-11 
1204.57 4.83512e-11 
1204.58 4.476e-11 
1204.59 4.14187e-11 
1204.6 3.83112e-11 
1204.61 3.54223e-11 
1204.62 3.27579e-11 
1204.63 3.0263e-11 
1204.64 2.79467e-11 
1204.65 2.57972e-11 
1204.66 2.38032e-11 
1204.67 2.19544e-11 
1204.68 2.02409e-11 
1204.68 1.86535e-11 
1204.69 1.71836e-11 
1204.7 1.5823e-11 
1204.71 1.45643e-11 
1204.72 1.33862e-11 
1204.73 1.23111e-11 
1204.74 1.13178e-11 
1204.75 1.04003e-11 
1204.76 9.55334e-12 
1204.77 8.77176e-12 
1204.78 8.05082e-12 
1204.79 7.38612e-12 
1204.8 6.77353e-12 
1204.81 6.2092e-12 
1204.82 5.68957e-12 
1204.83 5.21129e-12 
1204.84 4.77127e-12 
1204.85 4.36662e-12 
1204.86 3.99465e-12 
1204.87 3.65287e-12 
1204.88 3.33897e-12 
1204.89 3.0508e-12 
1204.9 2.78636e-12 
1204.91 2.5438e-12 
1204.92 2.32141e-12 
1204.93 2.11759e-12 
1204.94 1.93088e-12 
1204.95 1.75992e-12 
1204.96 1.60343e-12 
1204.97 1.46026e-12 
1204.98 1.32777e-12 
1204.99 1.20822e-12 
1205 1.09899e-12 
1205.01 9.99222e-13 
1205.02 9.0814e-13 
1205.03 8.25024e-13 
1205.04 7.49208e-13 
1205.05 6.80082e-13 
1205.06 6.17081e-13 
1205.07 5.59688e-13 
1205.08 5.07425e-13 
1205.09 4.59854e-13 
1205.1 4.16573e-13 
1205.11 3.77211e-13 
1205.11 3.41429e-13 
1205.12 3.08915e-13 
1205.13 2.79383e-13 
1205.14 2.52571e-13 
1205.15 2.28239e-13 
1205.16 2.06166e-13 
1205.17 1.86152e-13 
1205.18 1.68013e-13 
1205.19 1.51579e-13 
1205.2 1.36696e-13 
1205.21 1.23225e-13 
1205.22 1.10897e-13 
1205.23 9.98798e-14 
1205.24 8.99257e-14 
1205.25 8.09305e-14 
1205.26 7.28054e-14 
1205.27 6.54692e-14 
1205.28 5.88482e-14 
1205.29 5.28752e-14 
1205.3 4.7489e-14 
1205.31 4.2634e-14 
1205.32 3.82598e-14 
1205.33 3.43203e-14 
1205.34 3.07738e-14 
1205.35 2.75826e-14 
1205.36 2.47122e-14 
1205.37 2.21314e-14 
1205.38 1.98121e-14 
1205.39 1.77286e-14 
1205.4 1.58577e-14 
1205.41 1.41784e-14 
1205.42 1.26718e-14 
1205.43 1.13207e-14 
1205.44 1.01095e-14 
1205.45 9.02416e-15 
1205.46 8.05207e-15 
1205.47 7.18176e-15 
1205.48 6.3942e-15 
1205.49 5.69795e-15 
1205.5 5.07583e-15 
1205.51 4.51979e-15 
1205.52 4.02302e-15 
1205.53 3.57938e-15 
1205.54 3.18336e-15 
1205.54 2.83001e-15 
1205.55 2.51484e-15 
1205.56 2.23386e-15 
1205.57 1.98347e-15 
1205.58 1.76042e-15 
1205.59 1.56182e-15 
1205.6 1.38505e-15 
1205.61 1.22854e-15 
1205.62 1.08861e-15 
1205.63 9.64217e-16 
1205.64 8.53691e-16 
1205.65 7.55526e-16 
1205.66 6.68375e-16 
1205.67 5.91036e-16 
1205.68 5.22432e-16 
1205.69 4.61602e-16 
1205.7 4.07689e-16 
1205.71 3.59925e-16 
1205.72 3.17627e-16 
1205.73 2.79746e-16 
1205.74 2.46668e-16 
1205.75 2.17412e-16 
1205.76 1.91548e-16 
1205.77 1.68691e-16 
1205.78 1.48502e-16 
1205.79 1.30675e-16 
1205.8 1.14941e-16 
1205.81 1.01061e-16 
1205.82 8.882e-17 
1205.83 7.803e-17 
1205.84 6.85228e-17 
1205.85 6.01494e-17 
1205.86 5.27776e-17 
1205.87 4.62903e-17 
1205.88 4.05839e-17 
1205.89 3.55664e-17 
1205.9 3.11565e-17 
1205.91 2.72822e-17 
1205.92 2.38799e-17 
1205.93 2.08934e-17 
1205.94 1.82729e-17 
1205.95 1.59745e-17 
1205.96 1.39595e-17 
1205.96 1.21937e-17 
1205.97 1.06469e-17 
1205.98 9.27675e-18 
1205.99 8.09332e-18 
1206 7.05798e-18 
1206.01 6.15257e-18 
1206.02 5.36111e-18 
1206.03 4.66956e-18 
1206.04 4.06555e-18 
1206.05 3.53822e-18 
1206.06 3.07804e-18 
1206.07 2.67661e-18 
1206.08 2.32658e-18 
1206.09 2.0215e-18 
1206.1 1.75571e-18 
1206.11 1.52424e-18 
1206.12 1.32275e-18 
1206.13 1.14742e-18 
1206.14 9.94926e-19 
1206.15 8.62346e-19 
1206.16 7.47128e-19 
1206.17 6.4704e-19 
1206.18 5.60131e-19 
1206.19 4.84697e-19 
1206.2 4.1925e-19 
1206.21 3.62493e-19 
1206.22 3.13291e-19 
1206.23 2.70161e-19 
1206.24 2.333e-19 
1206.25 2.01385e-19 
1206.26 1.73765e-19 
1206.27 1.49873e-19 
1206.28 1.29212e-19 
1206.29 1.11354e-19 
1206.3 9.59251e-20 
1206.31 8.26002e-20 
1206.32 7.10971e-20 
1206.33 6.11709e-20 
1206.34 5.26091e-20 
1206.35 4.52272e-20 
1206.36 3.88652e-20 
1206.37 3.33844e-20 
1206.38 2.86648e-20 
1206.39 2.46024e-20 
1206.39 2.11071e-20 
1206.4 1.8101e-20 
1206.41 1.55166e-20 
1206.42 1.32959e-20 
1206.43 1.13883e-20 
1206.44 9.75035e-21 
1206.45 8.34461e-21 
1206.46 7.13862e-21 
1206.47 6.10443e-21 
1206.48 5.20769e-21 
1206.49 4.44958e-21 
1206.5 3.80027e-21 
1206.51 3.24439e-21 
1206.52 2.76869e-21 
1206.53 2.36177e-21 
1206.54 2.01383e-21 
1206.55 1.71645e-21 
1206.56 1.46239e-21 
1206.57 1.24542e-21 
1206.58 1.06021e-21 
1206.59 9.02175e-22 
1206.6 0 
