#energy geo_1 
1186.6 2.72704e-36 
1186.61 3.21308e-36 
1186.62 3.78493e-36 
1186.63 4.45759e-36 
1186.64 5.24867e-36 
1186.65 6.17882e-36 
1186.66 7.27223e-36 
1186.67 8.55729e-36 
1186.68 1.00673e-35 
1186.69 1.18411e-35 
1186.7 1.39246e-35 
1186.71 1.63711e-35 
1186.72 1.92432e-35 
1186.73 2.26601e-35 
1186.74 2.66241e-35 
1186.75 3.12748e-35 
1186.76 3.673e-35 
1186.77 4.31274e-35 
1186.78 5.06282e-35 
1186.79 5.94208e-35 
1186.8 6.97254e-35 
1186.81 8.17993e-35 
1186.81 9.59433e-35 
1186.82 1.12509e-34 
1186.83 1.31906e-34 
1186.84 1.54614e-34 
1186.85 1.81193e-34 
1186.86 2.12294e-34 
1186.87 2.48681e-34 
1186.88 2.91242e-34 
1186.89 3.41013e-34 
1186.9 3.99204e-34 
1186.91 4.67224e-34 
1186.92 5.46717e-34 
1186.93 6.39596e-34 
1186.94 7.48093e-34 
1186.95 8.74807e-34 
1186.96 1.02276e-33 
1186.97 1.19549e-33 
1186.98 1.3998e-33 
1186.99 1.63549e-33 
1187 1.91045e-33 
1187.01 2.23115e-33 
1187.02 2.60513e-33 
1187.03 3.04114e-33 
1187.04 3.54937e-33 
1187.05 4.14163e-33 
1187.06 4.83168e-33 
1187.07 5.63549e-33 
1187.08 6.5716e-33 
1187.09 7.66156e-33 
1187.1 8.93039e-33 
1187.11 1.04071e-32 
1187.12 1.21254e-32 
1187.13 1.41243e-32 
1187.14 1.64493e-32 
1187.15 1.91528e-32 
1187.16 2.22959e-32 
1187.17 2.59491e-32 
1187.18 3.01945e-32 
1187.19 3.51268e-32 
1187.2 4.08561e-32 
1187.21 4.75096e-32 
1187.22 5.52347e-32 
1187.23 6.4323e-32 
1187.24 7.47496e-32 
1187.24 8.68477e-32 
1187.25 1.00882e-31 
1187.26 1.17159e-31 
1187.27 1.36033e-31 
1187.28 1.57914e-31 
1187.29 1.83275e-31 
1187.3 2.12662e-31 
1187.31 2.46709e-31 
1187.32 2.86146e-31 
1187.33 3.31814e-31 
1187.34 3.84689e-31 
1187.35 4.45893e-31 
1187.36 5.16723e-31 
1187.37 5.98676e-31 
1187.38 6.93477e-31 
1187.39 8.03117e-31 
1187.4 9.29892e-31 
1187.41 1.07645e-30 
1187.42 1.24583e-30 
1187.43 1.44156e-30 
1187.44 1.66767e-30 
1187.45 1.92885e-30 
1187.46 2.23044e-30 
1187.47 2.57863e-30 
1187.48 2.98593e-30 
1187.49 3.45057e-30 
1187.5 3.98665e-30 
1187.51 4.60503e-30 
1187.52 5.31818e-30 
1187.53 6.14044e-30 
1187.54 7.08832e-30 
1187.55 8.18075e-30 
1187.56 9.43951e-30 
1187.57 1.08896e-29 
1187.58 1.25598e-29 
1187.59 1.4483e-29 
1187.6 1.66971e-29 
1187.61 1.92574e-29 
1187.62 2.21919e-29 
1187.63 2.5568e-29 
1187.64 2.94513e-29 
1187.65 3.39172e-29 
1187.66 3.90518e-29 
1187.66 4.49541e-29 
1187.67 5.17373e-29 
1187.68 5.95312e-29 
1187.69 6.84845e-29 
1187.7 7.87674e-29 
1187.71 9.05747e-29 
1187.72 1.0413e-28 
1187.73 1.19896e-28 
1187.74 1.37779e-28 
1187.75 1.58295e-28 
1187.76 1.81827e-28 
1187.77 2.08813e-28 
1187.78 2.39752e-28 
1187.79 2.75216e-28 
1187.8 3.15858e-28 
1187.81 3.62424e-28 
1187.82 4.15765e-28 
1187.83 4.76854e-28 
1187.84 5.46801e-28 
1187.85 6.26873e-28 
1187.86 7.18517e-28 
1187.87 8.2338e-28 
1187.88 9.43345e-28 
1187.89 1.08056e-27 
1187.9 1.23746e-27 
1187.91 1.41684e-27 
1187.92 1.62187e-27 
1187.93 1.85617e-27 
1187.94 2.12387e-27 
1187.95 2.42965e-27 
1187.96 2.77885e-27 
1187.97 3.17756e-27 
1187.98 3.63877e-27 
1187.99 4.15906e-27 
1188 4.75272e-27 
1188.01 5.42995e-27 
1188.02 6.20235e-27 
1188.03 7.08309e-27 
1188.04 8.08715e-27 
1188.05 9.23156e-27 
1188.06 1.05356e-26 
1188.07 1.20214e-26 
1188.08 1.37136e-26 
1188.09 1.56408e-26 
1188.09 1.78349e-26 
1188.1 2.03324e-26 
1188.11 2.31747e-26 
1188.12 2.64086e-26 
1188.13 3.00874e-26 
1188.14 3.42711e-26 
1188.15 3.90283e-26 
1188.16 4.44362e-26 
1188.17 5.05826e-26 
1188.18 5.75668e-26 
1188.19 6.55012e-26 
1188.2 7.45132e-26 
1188.21 8.47468e-26 
1188.22 9.63651e-26 
1188.23 1.09728e-25 
1188.24 1.24718e-25 
1188.25 1.41724e-25 
1188.26 1.61014e-25 
1188.27 1.82891e-25 
1188.28 2.07695e-25 
1188.29 2.35813e-25 
1188.3 2.6768e-25 
1188.31 3.03787e-25 
1188.32 3.44691e-25 
1188.33 3.91018e-25 
1188.34 4.43477e-25 
1188.35 5.02865e-25 
1188.36 5.70082e-25 
1188.37 6.46146e-25 
1188.38 7.32201e-25 
1188.39 8.29539e-25 
1188.4 9.39614e-25 
1188.41 1.06407e-24 
1188.42 1.20474e-24 
1188.43 1.36372e-24 
1188.44 1.54335e-24 
1188.45 1.74627e-24 
1188.46 1.97543e-24 
1188.47 2.23419e-24 
1188.48 2.53018e-24 
1188.49 2.86037e-24 
1188.5 3.23295e-24 
1188.51 3.65327e-24 
1188.52 4.12735e-24 
1188.52 4.66195e-24 
1188.53 5.26466e-24 
1188.54 5.944e-24 
1188.55 6.70957e-24 
1188.56 7.57211e-24 
1188.57 8.54369e-24 
1188.58 9.63786e-24 
1188.59 1.08698e-23 
1188.6 1.22642e-23 
1188.61 1.38259e-23 
1188.62 1.55832e-23 
1188.63 1.756e-23 
1188.64 1.97833e-23 
1188.65 2.22832e-23 
1188.66 2.50938e-23 
1188.67 2.82527e-23 
1188.68 3.18024e-23 
1188.69 3.57904e-23 
1188.7 4.02698e-23 
1188.71 4.53002e-23 
1188.72 5.09479e-23 
1188.73 5.73713e-23 
1188.74 6.4496e-23 
1188.75 7.24899e-23 
1188.76 8.14571e-23 
1188.77 9.15138e-23 
1188.78 1.0279e-22 
1188.79 1.15431e-22 
1188.8 1.29598e-22 
1188.81 1.45473e-22 
1188.82 1.63257e-22 
1188.83 1.83176e-22 
1188.84 2.05481e-22 
1188.85 2.30453e-22 
1188.86 2.58404e-22 
1188.87 2.89682e-22 
1188.88 3.24676e-22 
1188.89 3.6382e-22 
1188.9 4.07595e-22 
1188.91 4.56539e-22 
1188.92 5.1125e-22 
1188.93 5.72394e-22 
1188.94 6.40712e-22 
1188.94 7.17031e-22 
1188.95 8.02268e-22 
1188.96 8.97444e-22 
1188.97 1.00369e-21 
1188.98 1.12385e-21 
1188.99 1.25636e-21 
1189 1.40419e-21 
1189.01 1.56908e-21 
1189.02 1.75296e-21 
1189.03 1.95796e-21 
1189.04 2.18647e-21 
1189.05 2.44112e-21 
1189.06 2.72483e-21 
1189.07 3.04087e-21 
1189.08 3.39284e-21 
1189.09 3.78473e-21 
1189.1 4.22097e-21 
1189.11 4.70649e-21 
1189.12 5.24672e-21 
1189.13 5.8477e-21 
1189.14 6.51611e-21 
1189.15 7.25937e-21 
1189.16 8.08567e-21 
1189.17 9.00408e-21 
1189.18 1.00247e-20 
1189.19 1.11585e-20 
1189.2 1.24179e-20 
1189.21 1.38165e-20 
1189.22 1.53693e-20 
1189.23 1.71156e-20 
1189.24 1.9031e-20 
1189.25 2.11561e-20 
1189.26 2.35134e-20 
1189.27 2.61278e-20 
1189.28 2.90266e-20 
1189.29 3.22401e-20 
1189.3 3.58017e-20 
1189.31 3.97482e-20 
1189.32 4.41202e-20 
1189.33 4.89625e-20 
1189.34 5.43246e-20 
1189.35 6.02609e-20 
1189.36 6.68315e-20 
1189.36 7.41027e-20 
1189.37 8.21472e-20 
1189.38 9.10454e-20 
1189.39 1.00886e-19 
1189.4 1.11766e-19 
1189.41 1.23792e-19 
1189.42 1.37083e-19 
1189.43 1.51769e-19 
1189.44 1.67992e-19 
1189.45 1.85908e-19 
1189.46 2.05691e-19 
1189.47 2.27531e-19 
1189.48 2.51951e-19 
1189.49 2.78581e-19 
1189.5 3.0796e-19 
1189.51 3.40364e-19 
1189.52 3.76096e-19 
1189.53 4.1549e-19 
1189.54 4.58912e-19 
1189.55 5.06762e-19 
1189.56 5.59481e-19 
1189.57 6.17551e-19 
1189.58 6.81503e-19 
1189.59 7.51915e-19 
1189.6 8.29423e-19 
1189.61 9.1529e-19 
1189.62 1.0092e-18 
1189.63 1.11252e-18 
1189.64 1.22614e-18 
1189.65 1.35108e-18 
1189.66 1.48842e-18 
1189.67 1.63938e-18 
1189.68 1.80526e-18 
1189.69 1.98749e-18 
1189.7 2.18765e-18 
1189.71 2.40744e-18 
1189.72 2.64876e-18 
1189.73 2.9171e-18 
1189.74 3.2081e-18 
1189.75 3.52738e-18 
1189.76 3.87759e-18 
1189.77 4.26166e-18 
1189.78 4.68277e-18 
1189.79 5.14438e-18 
1189.79 5.65027e-18 
1189.8 6.20458e-18 
1189.81 6.81179e-18 
1189.82 7.47683e-18 
1189.83 8.20503e-18 
1189.84 9.00221e-18 
1189.85 9.87471e-18 
1189.86 1.08295e-17 
1189.87 1.18739e-17 
1189.88 1.30164e-17 
1189.89 1.42656e-17 
1189.9 1.56315e-17 
1189.91 1.71244e-17 
1189.92 1.87558e-17 
1189.93 2.05382e-17 
1189.94 2.24852e-17 
1189.95 2.46115e-17 
1189.96 2.6933e-17 
1189.97 2.94671e-17 
1189.98 3.22689e-17 
1189.99 3.52899e-17 
1190 3.85853e-17 
1190.01 4.21794e-17 
1190.02 4.60984e-17 
1190.03 5.03706e-17 
1190.04 5.50269e-17 
1190.05 6.01007e-17 
1190.06 6.56282e-17 
1190.07 7.16486e-17 
1190.08 7.82045e-17 
1190.09 8.53419e-17 
1190.1 9.31107e-17 
1190.11 1.01565e-16 
1190.12 1.10763e-16 
1190.13 1.20767e-16 
1190.14 1.31648e-16 
1190.15 1.43477e-16 
1190.16 1.56336e-16 
1190.17 1.7031e-16 
1190.18 1.85494e-16 
1190.19 2.01988e-16 
1190.2 2.19901e-16 
1190.21 2.39352e-16 
1190.21 2.60466e-16 
1190.22 2.83681e-16 
1190.23 3.08573e-16 
1190.24 3.35576e-16 
1190.25 3.64864e-16 
1190.26 3.96623e-16 
1190.27 4.31053e-16 
1190.28 4.68371e-16 
1190.29 5.08811e-16 
1190.3 5.52623e-16 
1190.31 6.00078e-16 
1190.32 6.51469e-16 
1190.33 7.07108e-16 
1190.34 7.67334e-16 
1190.35 8.3251e-16 
1190.36 9.03027e-16 
1190.37 9.79308e-16 
1190.38 1.0618e-15 
1190.39 1.151e-15 
1190.4 1.24742e-15 
1190.41 1.35163e-15 
1190.42 1.46422e-15 
1190.43 1.58586e-15 
1190.44 1.71723e-15 
1190.45 1.85908e-15 
1190.46 2.01222e-15 
1190.47 2.1775e-15 
1190.48 2.35817e-15 
1190.49 2.55076e-15 
1190.5 2.75849e-15 
1190.51 2.98249e-15 
1190.52 3.22399e-15 
1190.53 3.4843e-15 
1190.54 3.76481e-15 
1190.55 4.06703e-15 
1190.56 4.39256e-15 
1190.57 4.74313e-15 
1190.58 5.12057e-15 
1190.59 5.52686e-15 
1190.6 5.9641e-15 
1190.61 6.43854e-15 
1190.62 6.94491e-15 
1190.63 7.4895e-15 
1190.64 8.07506e-15 
1190.64 8.70452e-15 
1190.65 9.38103e-15 
1190.66 1.01079e-14 
1190.67 1.08888e-14 
1190.68 1.17275e-14 
1190.69 1.26281e-14 
1190.7 1.35949e-14 
1190.71 1.46326e-14 
1190.72 1.57461e-14 
1190.73 1.69561e-14 
1190.74 1.82385e-14 
1190.75 1.96137e-14 
1190.76 2.1088e-14 
1190.77 2.26683e-14 
1190.78 2.43617e-14 
1190.79 2.6176e-14 
1190.8 2.81194e-14 
1190.81 3.02005e-14 
1190.82 3.24287e-14 
1190.83 3.48138e-14 
1190.84 3.73663e-14 
1190.85 4.00972e-14 
1190.86 4.30185e-14 
1190.87 4.61427e-14 
1190.88 4.94832e-14 
1190.89 5.3054e-14 
1190.9 5.68703e-14 
1190.91 6.0948e-14 
1190.92 6.5304e-14 
1190.93 6.99562e-14 
1190.94 7.49238e-14 
1190.95 8.02268e-14 
1190.96 8.58867e-14 
1190.97 9.19261e-14 
1190.98 9.84522e-14 
1190.99 1.0533e-13 
1191 1.12663e-13 
1191.01 1.20481e-13 
1191.02 1.28814e-13 
1191.03 1.37694e-13 
1191.04 1.47154e-13 
1191.05 1.5723e-13 
1191.06 1.6796e-13 
1191.07 1.79383e-13 
1191.07 1.91543e-13 
1191.08 2.04482e-13 
1191.09 2.18249e-13 
1191.1 2.32892e-13 
1191.11 2.48464e-13 
1191.12 2.65021e-13 
1191.13 2.82619e-13 
1191.14 3.01322e-13 
1191.15 3.21193e-13 
1191.16 3.42301e-13 
1191.17 3.64718e-13 
1191.18 3.88519e-13 
1191.19 4.13784e-13 
1191.2 4.40597e-13 
1191.21 4.69046e-13 
1191.22 4.99226e-13 
1191.23 5.31644e-13 
1191.24 5.65606e-13 
1191.25 6.01608e-13 
1191.26 6.39763e-13 
1191.27 6.80192e-13 
1191.28 7.23021e-13 
1191.29 7.6838e-13 
1191.3 8.1641e-13 
1191.31 8.67255e-13 
1191.32 9.21068e-13 
1191.33 9.7801e-13 
1191.34 1.03825e-12 
1191.35 1.10196e-12 
1191.36 1.16933e-12 
1191.37 1.24055e-12 
1191.38 1.31583e-12 
1191.39 1.39537e-12 
1191.4 1.4794e-12 
1191.41 1.56816e-12 
1191.42 1.66189e-12 
1191.43 1.76083e-12 
1191.44 1.86527e-12 
1191.45 1.97547e-12 
1191.46 2.09174e-12 
1191.47 2.21437e-12 
1191.48 2.3454e-12 
1191.49 2.48178e-12 
1191.49 2.62557e-12 
1191.5 2.7771e-12 
1191.51 2.93675e-12 
1191.52 3.1049e-12 
1191.53 3.28198e-12 
1191.54 3.4684e-12 
1191.55 3.66463e-12 
1191.56 3.87113e-12 
1191.57 4.08838e-12 
1191.58 4.3169e-12 
1191.59 4.55721e-12 
1191.6 4.81284e-12 
1191.61 5.07857e-12 
1191.62 5.35782e-12 
1191.63 5.65121e-12 
1191.64 5.95938e-12 
1191.65 6.28301e-12 
1191.66 6.62279e-12 
1191.67 6.97944e-12 
1191.68 7.35371e-12 
1191.69 7.74639e-12 
1191.7 8.15829e-12 
1191.71 8.59024e-12 
1191.72 9.04311e-12 
1191.73 9.52389e-12 
1191.74 1.00216e-11 
1191.75 1.05432e-11 
1191.76 1.10894e-11 
1191.77 1.16615e-11 
1191.78 1.22604e-11 
1191.79 1.28873e-11 
1191.8 1.35434e-11 
1191.81 1.42298e-11 
1191.82 1.49478e-11 
1191.83 1.56987e-11 
1191.84 1.64837e-11 
1191.85 1.73042e-11 
1191.86 1.81618e-11 
1191.87 1.90577e-11 
1191.88 1.99935e-11 
1191.89 2.09707e-11 
1191.9 2.19911e-11 
1191.91 2.30561e-11 
1191.92 2.41675e-11 
1191.92 2.5327e-11 
1191.93 2.65365e-11 
1191.94 2.77978e-11 
1191.95 2.91128e-11 
1191.96 3.04834e-11 
1191.97 3.19118e-11 
1191.98 3.34189e-11 
1191.99 3.49697e-11 
1192 3.65847e-11 
1192.01 3.82661e-11 
1192.02 4.00161e-11 
1192.03 4.18373e-11 
1192.04 4.3732e-11 
1192.05 4.57027e-11 
1192.06 4.7752e-11 
1192.07 4.98826e-11 
1192.08 5.20971e-11 
1192.09 5.43983e-11 
1192.1 5.6789e-11 
1192.11 5.92722e-11 
1192.12 6.18508e-11 
1192.13 6.45278e-11 
1192.14 6.73063e-11 
1192.15 7.01895e-11 
1192.16 7.31808e-11 
1192.17 7.62832e-11 
1192.18 7.95003e-11 
1192.19 8.28355e-11 
1192.2 8.62924e-11 
1192.21 8.98744e-11 
1192.22 9.35853e-11 
1192.23 9.74778e-11 
1192.24 1.01459e-10 
1192.25 1.05582e-10 
1192.26 1.09848e-10 
1192.27 1.14263e-10 
1192.28 1.1883e-10 
1192.29 1.23553e-10 
1192.3 1.28438e-10 
1192.31 1.33487e-10 
1192.32 1.38707e-10 
1192.33 1.441e-10 
1192.34 1.49671e-10 
1192.34 1.55425e-10 
1192.35 1.61368e-10 
1192.36 1.67502e-10 
1192.37 1.73834e-10 
1192.38 1.80368e-10 
1192.39 1.87108e-10 
1192.4 1.94061e-10 
1192.41 2.0123e-10 
1192.42 2.08622e-10 
1192.43 2.16241e-10 
1192.44 2.24092e-10 
1192.45 2.32181e-10 
1192.46 2.40513e-10 
1192.47 2.49094e-10 
1192.48 2.58041e-10 
1192.49 2.67139e-10 
1192.5 2.76502e-10 
1192.51 2.86137e-10 
1192.52 2.96048e-10 
1192.53 3.06241e-10 
1192.54 3.16724e-10 
1192.55 3.275e-10 
1192.56 3.38578e-10 
1192.57 3.49961e-10 
1192.58 3.61658e-10 
1192.59 3.73674e-10 
1192.6 3.86014e-10 
1192.61 3.98934e-10 
1192.62 4.11952e-10 
1192.63 4.25316e-10 
1192.64 4.39032e-10 
1192.65 4.53106e-10 
1192.66 4.67545e-10 
1192.67 4.82357e-10 
1192.68 4.97548e-10 
1192.69 5.13125e-10 
1192.7 5.29097e-10 
1192.71 5.4547e-10 
1192.72 5.62252e-10 
1192.73 5.79669e-10 
1192.74 5.97298e-10 
1192.75 6.1536e-10 
1192.76 6.33863e-10 
1192.77 6.52817e-10 
1192.77 6.7223e-10 
1192.78 6.9211e-10 
1192.79 7.12467e-10 
1192.8 7.33312e-10 
1192.81 7.54653e-10 
1192.82 7.76501e-10 
1192.83 7.98866e-10 
1192.84 8.2176e-10 
1192.85 8.45194e-10 
1192.86 8.6918e-10 
1192.87 8.93729e-10 
1192.88 9.18856e-10 
1192.89 9.44573e-10 
1192.9 9.70895e-10 
1192.91 9.97835e-10 
1192.92 1.02541e-09 
1192.93 1.05363e-09 
1192.94 1.08253e-09 
1192.95 1.1121e-09 
1192.96 1.14238e-09 
1192.97 1.17339e-09 
1192.98 1.20553e-09 
1192.99 1.23806e-09 
1193 1.27136e-09 
1193.01 1.30549e-09 
1193.02 1.34044e-09 
1193.03 1.37627e-09 
1193.04 1.41298e-09 
1193.05 1.45062e-09 
1193.06 1.48921e-09 
1193.07 1.52878e-09 
1193.08 1.56938e-09 
1193.09 1.61104e-09 
1193.1 1.65379e-09 
1193.11 1.69768e-09 
1193.12 1.74276e-09 
1193.13 1.78907e-09 
1193.14 1.83665e-09 
1193.15 1.88557e-09 
1193.16 1.93587e-09 
1193.17 1.98761e-09 
1193.18 2.04086e-09 
1193.19 2.09568e-09 
1193.19 2.15213e-09 
1193.2 2.21029e-09 
1193.21 2.27024e-09 
1193.22 2.33285e-09 
1193.23 2.39662e-09 
1193.24 2.46244e-09 
1193.25 2.5304e-09 
1193.26 2.6006e-09 
1193.27 2.67313e-09 
1193.28 2.74811e-09 
1193.29 2.82565e-09 
1193.3 2.90588e-09 
1193.31 2.98893e-09 
1193.32 3.07493e-09 
1193.33 3.16403e-09 
1193.34 3.25636e-09 
1193.35 3.35211e-09 
1193.36 3.45142e-09 
1193.37 3.55447e-09 
1193.38 3.66144e-09 
1193.39 3.77253e-09 
1193.4 3.88794e-09 
1193.41 4.00787e-09 
1193.42 4.13256e-09 
1193.43 4.26222e-09 
1193.44 4.39711e-09 
1193.45 4.53748e-09 
1193.46 4.68358e-09 
1193.47 4.83571e-09 
1193.48 4.99617e-09 
1193.49 5.16131e-09 
1193.5 5.33339e-09 
1193.51 5.51274e-09 
1193.52 5.6997e-09 
1193.53 5.89463e-09 
1193.54 6.09792e-09 
1193.55 6.30996e-09 
1193.56 6.53115e-09 
1193.57 6.76193e-09 
1193.58 7.00273e-09 
1193.59 7.25402e-09 
1193.6 7.51628e-09 
1193.61 7.79482e-09 
1193.62 8.08072e-09 
1193.62 8.37916e-09 
1193.63 8.6907e-09 
1193.64 9.01592e-09 
1193.65 9.35543e-09 
1193.66 9.70986e-09 
1193.67 1.00799e-08 
1193.68 1.04661e-08 
1193.69 1.08693e-08 
1193.7 1.12901e-08 
1193.71 1.17293e-08 
1193.72 1.21878e-08 
1193.73 1.26723e-08 
1193.74 1.31718e-08 
1193.75 1.3693e-08 
1193.76 1.42367e-08 
1193.77 1.48039e-08 
1193.78 1.53955e-08 
1193.79 1.60125e-08 
1193.8 1.66559e-08 
1193.81 1.73267e-08 
1193.82 1.80259e-08 
1193.83 1.87548e-08 
1193.84 1.95143e-08 
1193.85 2.03056e-08 
1193.86 2.113e-08 
1193.87 2.19886e-08 
1193.88 2.28827e-08 
1193.89 2.38135e-08 
1193.9 2.47825e-08 
1193.91 2.57909e-08 
1193.92 2.68402e-08 
1193.93 2.79316e-08 
1193.94 2.90668e-08 
1193.95 3.02471e-08 
1193.96 3.14742e-08 
1193.97 3.27494e-08 
1193.98 3.40914e-08 
1193.99 3.54686e-08 
1194 3.68989e-08 
1194.01 3.8384e-08 
1194.02 3.99255e-08 
1194.03 4.15254e-08 
1194.04 4.31852e-08 
1194.05 4.49069e-08 
1194.05 4.66923e-08 
1194.06 4.85431e-08 
1194.07 5.04614e-08 
1194.08 5.24491e-08 
1194.09 5.4508e-08 
1194.1 5.66403e-08 
1194.11 5.88478e-08 
1194.12 6.11326e-08 
1194.13 6.34967e-08 
1194.14 6.59423e-08 
1194.15 6.84713e-08 
1194.16 7.1086e-08 
1194.17 7.37884e-08 
1194.18 7.65807e-08 
1194.19 7.9465e-08 
1194.2 8.24435e-08 
1194.21 8.55184e-08 
1194.22 8.86919e-08 
1194.23 9.20076e-08 
1194.24 9.53861e-08 
1194.25 9.88697e-08 
1194.26 1.02461e-07 
1194.27 1.06161e-07 
1194.28 1.09974e-07 
1194.29 1.139e-07 
1194.3 1.17942e-07 
1194.31 1.22103e-07 
1194.32 1.26384e-07 
1194.33 1.30788e-07 
1194.34 1.35316e-07 
1194.35 1.39971e-07 
1194.36 1.44755e-07 
1194.37 1.4967e-07 
1194.38 1.54718e-07 
1194.39 1.599e-07 
1194.4 1.65219e-07 
1194.41 1.70677e-07 
1194.42 1.76275e-07 
1194.43 1.82015e-07 
1194.44 1.87899e-07 
1194.45 1.93929e-07 
1194.46 2.00106e-07 
1194.47 2.06432e-07 
1194.47 2.12991e-07 
1194.48 2.19619e-07 
1194.49 2.26402e-07 
1194.5 2.33339e-07 
1194.51 2.40431e-07 
1194.52 2.47679e-07 
1194.53 2.55085e-07 
1194.54 2.62649e-07 
1194.55 2.70373e-07 
1194.56 2.78256e-07 
1194.57 2.863e-07 
1194.58 2.94504e-07 
1194.59 3.0287e-07 
1194.6 3.11398e-07 
1194.61 3.20285e-07 
1194.62 3.29141e-07 
1194.63 3.38159e-07 
1194.64 3.47339e-07 
1194.65 3.56679e-07 
1194.66 3.66181e-07 
1194.67 3.75842e-07 
1194.68 3.85662e-07 
1194.69 3.95641e-07 
1194.7 4.05777e-07 
1194.71 4.16069e-07 
1194.72 4.26515e-07 
1194.73 4.37248e-07 
1194.74 4.48001e-07 
1194.75 4.58904e-07 
1194.76 4.69954e-07 
1194.77 4.81149e-07 
1194.78 4.92488e-07 
1194.79 5.03967e-07 
1194.8 5.15585e-07 
1194.81 5.27338e-07 
1194.82 5.39223e-07 
1194.83 5.51237e-07 
1194.84 5.63377e-07 
1194.85 5.7564e-07 
1194.86 5.88022e-07 
1194.87 6.00519e-07 
1194.88 6.13127e-07 
1194.89 6.25842e-07 
1194.9 6.38661e-07 
1194.9 6.51577e-07 
1194.91 6.64588e-07 
1194.92 6.77688e-07 
1194.93 6.90873e-07 
1194.94 7.04136e-07 
1194.95 7.17475e-07 
1194.96 7.30882e-07 
1194.97 7.44353e-07 
1194.98 7.58051e-07 
1194.99 7.71633e-07 
1195 7.85262e-07 
1195.01 7.98931e-07 
1195.02 8.12635e-07 
1195.03 8.26367e-07 
1195.04 8.40121e-07 
1195.05 8.53891e-07 
1195.06 8.67671e-07 
1195.07 8.81453e-07 
1195.08 8.95232e-07 
1195.09 9.09001e-07 
1195.1 9.22752e-07 
1195.11 9.36479e-07 
1195.12 9.50175e-07 
1195.13 9.63834e-07 
1195.14 9.77448e-07 
1195.15 9.9101e-07 
1195.16 1.00451e-06 
1195.17 1.01795e-06 
1195.18 1.03132e-06 
1195.19 1.0446e-06 
1195.2 1.0578e-06 
1195.21 1.0709e-06 
1195.22 1.08391e-06 
1195.23 1.09696e-06 
1195.24 1.10974e-06 
1195.25 1.1224e-06 
1195.26 1.13493e-06 
1195.27 1.14732e-06 
1195.28 1.15958e-06 
1195.29 1.17168e-06 
1195.3 1.18363e-06 
1195.31 1.19541e-06 
1195.32 1.20703e-06 
1195.32 1.21848e-06 
1195.33 1.22974e-06 
1195.34 1.24082e-06 
1195.35 1.25171e-06 
1195.36 1.2624e-06 
1195.37 1.27288e-06 
1195.38 1.28316e-06 
1195.39 1.29322e-06 
1195.4 1.30307e-06 
1195.41 1.31269e-06 
1195.42 1.32208e-06 
1195.43 1.33124e-06 
1195.44 1.34017e-06 
1195.45 1.34885e-06 
1195.46 1.35729e-06 
1195.47 1.36548e-06 
1195.48 1.37352e-06 
1195.49 1.3812e-06 
1195.5 1.38862e-06 
1195.51 1.39578e-06 
1195.52 1.40268e-06 
1195.53 1.40931e-06 
1195.54 1.41567e-06 
1195.55 1.42177e-06 
1195.56 1.42759e-06 
1195.57 1.43315e-06 
1195.58 1.43842e-06 
1195.59 1.44343e-06 
1195.6 1.44816e-06 
1195.61 1.45351e-06 
1195.62 1.45769e-06 
1195.63 1.46159e-06 
1195.64 1.46523e-06 
1195.65 1.46858e-06 
1195.66 1.47167e-06 
1195.67 1.47448e-06 
1195.68 1.47702e-06 
1195.69 1.47929e-06 
1195.7 1.48129e-06 
1195.71 1.48303e-06 
1195.72 1.4845e-06 
1195.73 1.48572e-06 
1195.74 1.48667e-06 
1195.75 1.48737e-06 
1195.75 1.48781e-06 
1195.76 1.488e-06 
1195.77 1.48795e-06 
1195.78 1.48766e-06 
1195.79 1.48712e-06 
1195.8 1.48635e-06 
1195.81 1.48535e-06 
1195.82 1.48413e-06 
1195.83 1.48268e-06 
1195.84 1.48102e-06 
1195.85 1.47914e-06 
1195.86 1.47705e-06 
1195.87 1.47476e-06 
1195.88 1.47227e-06 
1195.89 1.46959e-06 
1195.9 1.46672e-06 
1195.91 1.46367e-06 
1195.92 1.46044e-06 
1195.93 1.45704e-06 
1195.94 1.45347e-06 
1195.95 1.44973e-06 
1195.96 1.44585e-06 
1195.97 1.44181e-06 
1195.98 1.43757e-06 
1195.99 1.43325e-06 
1196 1.42879e-06 
1196.01 1.4242e-06 
1196.02 1.41949e-06 
1196.03 1.41466e-06 
1196.04 1.40972e-06 
1196.05 1.40467e-06 
1196.06 1.39952e-06 
1196.07 1.39427e-06 
1196.08 1.38893e-06 
1196.09 1.38351e-06 
1196.1 1.37801e-06 
1196.11 1.37243e-06 
1196.12 1.36678e-06 
1196.13 1.36106e-06 
1196.14 1.35528e-06 
1196.15 1.34945e-06 
1196.16 1.34356e-06 
1196.17 1.33762e-06 
1196.17 1.33164e-06 
1196.18 1.32563e-06 
1196.19 1.31958e-06 
1196.2 1.31349e-06 
1196.21 1.30738e-06 
1196.22 1.30117e-06 
1196.23 1.29502e-06 
1196.24 1.28885e-06 
1196.25 1.28267e-06 
1196.26 1.27648e-06 
1196.27 1.27028e-06 
1196.28 1.26408e-06 
1196.29 1.25789e-06 
1196.3 1.25169e-06 
1196.31 1.2455e-06 
1196.32 1.23932e-06 
1196.33 1.23315e-06 
1196.34 1.22699e-06 
1196.35 1.22085e-06 
1196.36 1.21472e-06 
1196.37 1.20862e-06 
1196.38 1.20254e-06 
1196.39 1.19648e-06 
1196.4 1.19045e-06 
1196.41 1.18444e-06 
1196.42 1.17847e-06 
1196.43 1.17252e-06 
1196.44 1.16661e-06 
1196.45 1.16073e-06 
1196.46 1.15489e-06 
1196.47 1.14909e-06 
1196.48 1.14325e-06 
1196.49 1.13753e-06 
1196.5 1.13184e-06 
1196.51 1.1262e-06 
1196.52 1.12061e-06 
1196.53 1.11505e-06 
1196.54 1.10955e-06 
1196.55 1.10409e-06 
1196.56 1.09869e-06 
1196.57 1.09333e-06 
1196.58 1.08803e-06 
1196.59 1.08278e-06 
1196.6 1.07758e-06 
1196.6 1.07311e-06 
1196.61 1.06802e-06 
1196.62 1.063e-06 
1196.63 1.05804e-06 
1196.64 1.05314e-06 
1196.65 1.04831e-06 
1196.66 1.04354e-06 
1196.67 1.03884e-06 
1196.68 1.03421e-06 
1196.69 1.02966e-06 
1196.7 1.02517e-06 
1196.71 1.02077e-06 
1196.72 1.01645e-06 
1196.73 1.01215e-06 
1196.74 1.00799e-06 
1196.75 1.00392e-06 
1196.76 9.99943e-07 
1196.77 9.96055e-07 
1196.78 9.92262e-07 
1196.79 9.88567e-07 
1196.8 9.84973e-07 
1196.81 9.81484e-07 
1196.82 9.78103e-07 
1196.83 9.74833e-07 
1196.84 9.71678e-07 
1196.85 9.68641e-07 
1196.86 9.65725e-07 
1196.87 9.62935e-07 
1196.88 9.60275e-07 
1196.89 9.57748e-07 
1196.9 9.55358e-07 
1196.91 9.53109e-07 
1196.92 9.51006e-07 
1196.93 9.49052e-07 
1196.94 9.47252e-07 
1196.95 9.4561e-07 
1196.96 9.4413e-07 
1196.97 9.42817e-07 
1196.98 9.41662e-07 
1196.99 9.40697e-07 
1197 9.39913e-07 
1197.01 9.39312e-07 
1197.02 9.38901e-07 
1197.03 9.38683e-07 
1197.03 9.38662e-07 
1197.04 9.38844e-07 
1197.05 9.39232e-07 
1197.06 9.39831e-07 
1197.07 9.40645e-07 
1197.08 9.41679e-07 
1197.09 9.42936e-07 
1197.1 9.44421e-07 
1197.11 9.46138e-07 
1197.12 9.4809e-07 
1197.13 9.50283e-07 
1197.14 9.52719e-07 
1197.15 9.55402e-07 
1197.16 9.58335e-07 
1197.17 9.61523e-07 
1197.18 9.64968e-07 
1197.19 9.68674e-07 
1197.2 9.72644e-07 
1197.21 9.76879e-07 
1197.22 9.81384e-07 
1197.23 9.86222e-07 
1197.24 9.91276e-07 
1197.25 9.96605e-07 
1197.26 1.00221e-06 
1197.27 1.0081e-06 
1197.28 1.01427e-06 
1197.29 1.02072e-06 
1197.3 1.02745e-06 
1197.31 1.03447e-06 
1197.32 1.04177e-06 
1197.33 1.04936e-06 
1197.34 1.05724e-06 
1197.35 1.06539e-06 
1197.36 1.07384e-06 
1197.37 1.08256e-06 
1197.38 1.09157e-06 
1197.39 1.10086e-06 
1197.4 1.11044e-06 
1197.41 1.12028e-06 
1197.42 1.13041e-06 
1197.43 1.14081e-06 
1197.44 1.15148e-06 
1197.45 1.16242e-06 
1197.45 1.17363e-06 
1197.46 1.18509e-06 
1197.47 1.19682e-06 
1197.48 1.20894e-06 
1197.49 1.22117e-06 
1197.5 1.23365e-06 
1197.51 1.24636e-06 
1197.52 1.25931e-06 
1197.53 1.27249e-06 
1197.54 1.28589e-06 
1197.55 1.29951e-06 
1197.56 1.31334e-06 
1197.57 1.32737e-06 
1197.58 1.3416e-06 
1197.59 1.35602e-06 
1197.6 1.37062e-06 
1197.61 1.38625e-06 
1197.62 1.40121e-06 
1197.63 1.41632e-06 
1197.64 1.43159e-06 
1197.65 1.447e-06 
1197.66 1.46254e-06 
1197.67 1.4782e-06 
1197.68 1.49398e-06 
1197.69 1.50987e-06 
1197.7 1.52585e-06 
1197.71 1.54192e-06 
1197.72 1.55807e-06 
1197.73 1.57449e-06 
1197.74 1.59076e-06 
1197.75 1.60707e-06 
1197.76 1.62342e-06 
1197.77 1.6398e-06 
1197.78 1.65619e-06 
1197.79 1.67258e-06 
1197.8 1.68897e-06 
1197.81 1.70533e-06 
1197.82 1.72167e-06 
1197.83 1.73797e-06 
1197.84 1.75421e-06 
1197.85 1.77039e-06 
1197.86 1.7865e-06 
1197.87 1.80252e-06 
1197.88 1.81844e-06 
1197.88 1.83426e-06 
1197.89 1.84996e-06 
1197.9 1.86552e-06 
1197.91 1.88095e-06 
1197.92 1.89622e-06 
1197.93 1.91133e-06 
1197.94 1.92627e-06 
1197.95 1.94102e-06 
1197.96 1.95558e-06 
1197.97 1.96993e-06 
1197.98 1.98424e-06 
1197.99 1.99815e-06 
1198 2.01182e-06 
1198.01 2.02524e-06 
1198.02 2.03841e-06 
1198.03 2.05131e-06 
1198.04 2.06394e-06 
1198.05 2.07629e-06 
1198.06 2.08834e-06 
1198.07 2.10009e-06 
1198.08 2.11153e-06 
1198.09 2.12266e-06 
1198.1 2.13346e-06 
1198.11 2.14393e-06 
1198.12 2.15406e-06 
1198.13 2.16385e-06 
1198.14 2.17328e-06 
1198.15 2.18235e-06 
1198.16 2.19105e-06 
1198.17 2.19939e-06 
1198.18 2.20735e-06 
1198.19 2.21493e-06 
1198.2 2.22212e-06 
1198.21 2.22892e-06 
1198.22 2.23533e-06 
1198.23 2.24142e-06 
1198.24 2.24702e-06 
1198.25 2.25222e-06 
1198.26 2.25702e-06 
1198.27 2.26141e-06 
1198.28 2.26539e-06 
1198.29 2.26896e-06 
1198.3 2.27212e-06 
1198.3 2.27487e-06 
1198.31 2.2772e-06 
1198.32 2.27912e-06 
1198.33 2.28064e-06 
1198.34 2.28174e-06 
1198.35 2.28243e-06 
1198.36 2.28272e-06 
1198.37 2.2826e-06 
1198.38 2.28208e-06 
1198.39 2.28117e-06 
1198.4 2.27986e-06 
1198.41 2.27815e-06 
1198.42 2.27606e-06 
1198.43 2.27359e-06 
1198.44 2.27074e-06 
1198.45 2.26752e-06 
1198.46 2.26393e-06 
1198.47 2.25998e-06 
1198.48 2.25562e-06 
1198.49 2.25096e-06 
1198.5 2.24596e-06 
1198.51 2.24063e-06 
1198.52 2.23497e-06 
1198.53 2.22899e-06 
1198.54 2.22271e-06 
1198.55 2.21612e-06 
1198.56 2.20923e-06 
1198.57 2.20206e-06 
1198.58 2.19462e-06 
1198.59 2.18691e-06 
1198.6 2.17895e-06 
1198.61 2.17207e-06 
1198.62 2.16362e-06 
1198.63 2.15494e-06 
1198.64 2.14605e-06 
1198.65 2.13695e-06 
1198.66 2.12765e-06 
1198.67 2.11817e-06 
1198.68 2.10852e-06 
1198.69 2.09871e-06 
1198.7 2.08874e-06 
1198.71 2.07864e-06 
1198.72 2.0684e-06 
1198.73 2.05792e-06 
1198.73 2.04747e-06 
1198.74 2.03692e-06 
1198.75 2.02628e-06 
1198.76 2.01558e-06 
1198.77 2.00481e-06 
1198.78 1.994e-06 
1198.79 1.98314e-06 
1198.8 1.97227e-06 
1198.81 1.96137e-06 
1198.82 1.95048e-06 
1198.83 1.93959e-06 
1198.84 1.92871e-06 
1198.85 1.91787e-06 
1198.86 1.90706e-06 
1198.87 1.89631e-06 
1198.88 1.88561e-06 
1198.89 1.87498e-06 
1198.9 1.86444e-06 
1198.91 1.85398e-06 
1198.92 1.84362e-06 
1198.93 1.83336e-06 
1198.94 1.82322e-06 
1198.95 1.81321e-06 
1198.96 1.80333e-06 
1198.97 1.79359e-06 
1198.98 1.78389e-06 
1198.99 1.77445e-06 
1199 1.76519e-06 
1199.01 1.75609e-06 
1199.02 1.74717e-06 
1199.03 1.73844e-06 
1199.04 1.72989e-06 
1199.05 1.72154e-06 
1199.06 1.71339e-06 
1199.07 1.70544e-06 
1199.08 1.6977e-06 
1199.09 1.69017e-06 
1199.1 1.68287e-06 
1199.11 1.67578e-06 
1199.12 1.66891e-06 
1199.13 1.66227e-06 
1199.14 1.65586e-06 
1199.15 1.64968e-06 
1199.15 1.64372e-06 
1199.16 1.638e-06 
1199.17 1.63251e-06 
1199.18 1.62726e-06 
1199.19 1.62224e-06 
1199.2 1.61744e-06 
1199.21 1.61288e-06 
1199.22 1.6085e-06 
1199.23 1.6044e-06 
1199.24 1.60052e-06 
1199.25 1.59687e-06 
1199.26 1.59343e-06 
1199.27 1.59022e-06 
1199.28 1.58721e-06 
1199.29 1.58442e-06 
1199.3 1.58183e-06 
1199.31 1.57944e-06 
1199.32 1.57725e-06 
1199.33 1.57525e-06 
1199.34 1.57343e-06 
1199.35 1.57179e-06 
1199.36 1.57032e-06 
1199.37 1.56902e-06 
1199.38 1.56788e-06 
1199.39 1.56689e-06 
1199.4 1.56605e-06 
1199.41 1.56534e-06 
1199.42 1.56477e-06 
1199.43 1.56431e-06 
1199.44 1.56397e-06 
1199.45 1.56374e-06 
1199.46 1.5636e-06 
1199.47 1.56355e-06 
1199.48 1.56359e-06 
1199.49 1.56369e-06 
1199.5 1.56386e-06 
1199.51 1.56407e-06 
1199.52 1.56434e-06 
1199.53 1.56463e-06 
1199.54 1.56495e-06 
1199.55 1.56529e-06 
1199.56 1.56563e-06 
1199.57 1.56597e-06 
1199.58 1.5663e-06 
1199.58 1.5666e-06 
1199.59 1.56687e-06 
1199.6 1.56711e-06 
1199.61 1.56825e-06 
1199.62 1.56837e-06 
1199.63 1.56842e-06 
1199.64 1.56839e-06 
1199.65 1.56828e-06 
1199.66 1.56807e-06 
1199.67 1.56775e-06 
1199.68 1.56732e-06 
1199.69 1.56677e-06 
1199.7 1.56609e-06 
1199.71 1.56527e-06 
1199.72 1.56431e-06 
1199.73 1.56317e-06 
1199.74 1.56189e-06 
1199.75 1.56043e-06 
1199.76 1.5588e-06 
1199.77 1.55699e-06 
1199.78 1.55499e-06 
1199.79 1.55279e-06 
1199.8 1.55039e-06 
1199.81 1.54779e-06 
1199.82 1.54496e-06 
1199.83 1.54193e-06 
1199.84 1.53866e-06 
1199.85 1.53517e-06 
1199.86 1.53145e-06 
1199.87 1.52749e-06 
1199.88 1.5233e-06 
1199.89 1.51885e-06 
1199.9 1.51417e-06 
1199.91 1.50923e-06 
1199.92 1.50404e-06 
1199.93 1.4986e-06 
1199.94 1.49291e-06 
1199.95 1.48696e-06 
1199.96 1.48075e-06 
1199.97 1.47428e-06 
1199.98 1.46746e-06 
1199.99 1.46048e-06 
1200 1.45323e-06 
1200.01 1.44573e-06 
1200.01 1.43797e-06 
1200.02 1.42995e-06 
1200.03 1.42168e-06 
1200.04 1.41315e-06 
1200.05 1.40438e-06 
1200.06 1.39536e-06 
1200.07 1.38609e-06 
1200.08 1.37658e-06 
1200.09 1.36683e-06 
1200.1 1.35685e-06 
1200.11 1.34664e-06 
1200.12 1.33619e-06 
1200.13 1.32553e-06 
1200.14 1.31464e-06 
1200.15 1.30355e-06 
1200.16 1.29224e-06 
1200.17 1.28073e-06 
1200.18 1.26902e-06 
1200.19 1.25712e-06 
1200.2 1.24504e-06 
1200.21 1.23277e-06 
1200.22 1.22033e-06 
1200.23 1.20756e-06 
1200.24 1.19479e-06 
1200.25 1.18186e-06 
1200.26 1.16879e-06 
1200.27 1.15557e-06 
1200.28 1.14222e-06 
1200.29 1.12874e-06 
1200.3 1.11515e-06 
1200.31 1.10143e-06 
1200.32 1.08762e-06 
1200.33 1.0737e-06 
1200.34 1.0597e-06 
1200.35 1.04561e-06 
1200.36 1.03145e-06 
1200.37 1.01722e-06 
1200.38 1.00292e-06 
1200.39 9.88577e-07 
1200.4 9.74185e-07 
1200.41 9.59755e-07 
1200.42 9.45293e-07 
1200.43 9.30808e-07 
1200.43 9.16306e-07 
1200.44 9.01795e-07 
1200.45 8.87282e-07 
1200.46 8.72774e-07 
1200.47 8.58279e-07 
1200.48 8.43622e-07 
1200.49 8.29172e-07 
1200.5 8.14755e-07 
1200.51 8.00377e-07 
1200.52 7.86045e-07 
1200.53 7.71766e-07 
1200.54 7.57545e-07 
1200.55 7.43389e-07 
1200.56 7.29303e-07 
1200.57 7.15294e-07 
1200.58 7.01367e-07 
1200.59 6.87528e-07 
1200.6 6.73782e-07 
1200.61 6.60539e-07 
1200.62 6.46987e-07 
1200.63 6.33542e-07 
1200.64 6.20211e-07 
1200.65 6.06997e-07 
1200.66 5.93905e-07 
1200.67 5.80939e-07 
1200.68 5.68103e-07 
1200.69 5.55401e-07 
1200.7 5.42837e-07 
1200.71 5.30414e-07 
1200.72 5.18135e-07 
1200.73 5.05853e-07 
1200.74 4.93874e-07 
1200.75 4.82049e-07 
1200.76 4.70379e-07 
1200.77 4.58867e-07 
1200.78 4.47516e-07 
1200.79 4.36327e-07 
1200.8 4.25302e-07 
1200.81 4.14444e-07 
1200.82 4.03753e-07 
1200.83 3.9323e-07 
1200.84 3.82878e-07 
1200.85 3.72697e-07 
1200.85 3.62688e-07 
1200.86 3.52852e-07 
1200.87 3.43189e-07 
1200.88 3.337e-07 
1200.89 3.24384e-07 
1200.9 3.15243e-07 
1200.91 3.06276e-07 
1200.92 2.97482e-07 
1200.93 2.88862e-07 
1200.94 2.80416e-07 
1200.95 2.72141e-07 
1200.96 2.64039e-07 
1200.97 2.56109e-07 
1200.98 2.48252e-07 
1200.99 2.40663e-07 
1201 2.33242e-07 
1201.01 2.25988e-07 
1201.02 2.18899e-07 
1201.03 2.11975e-07 
1201.04 2.05214e-07 
1201.05 1.98614e-07 
1201.06 1.92174e-07 
1201.07 1.85891e-07 
1201.08 1.79765e-07 
1201.09 1.73793e-07 
1201.1 1.67973e-07 
1201.11 1.62303e-07 
1201.12 1.56782e-07 
1201.13 1.51407e-07 
1201.14 1.46177e-07 
1201.15 1.41088e-07 
1201.16 1.36139e-07 
1201.17 1.31328e-07 
1201.18 1.26652e-07 
1201.19 1.22108e-07 
1201.2 1.17696e-07 
1201.21 1.13412e-07 
1201.22 1.09253e-07 
1201.23 1.05169e-07 
1201.24 1.01257e-07 
1201.25 9.74637e-08 
1201.26 9.37867e-08 
1201.27 9.02236e-08 
1201.28 8.6772e-08 
1201.28 8.34295e-08 
1201.29 8.01938e-08 
1201.3 7.70623e-08 
1201.31 7.40327e-08 
1201.32 7.11027e-08 
1201.33 6.82699e-08 
1201.34 6.55319e-08 
1201.35 6.28865e-08 
1201.36 6.03312e-08 
1201.37 5.78638e-08 
1201.38 5.54821e-08 
1201.39 5.31837e-08 
1201.4 5.09666e-08 
1201.41 4.88284e-08 
1201.42 4.67671e-08 
1201.43 4.47804e-08 
1201.44 4.28664e-08 
1201.45 4.10229e-08 
1201.46 3.92478e-08 
1201.47 3.75392e-08 
1201.48 3.5875e-08 
1201.49 3.42942e-08 
1201.5 3.27741e-08 
1201.51 3.13127e-08 
1201.52 2.99083e-08 
1201.53 2.8559e-08 
1201.54 2.7263e-08 
1201.55 2.60187e-08 
1201.56 2.48243e-08 
1201.57 2.36783e-08 
1201.58 2.25789e-08 
1201.59 2.15247e-08 
1201.6 2.0514e-08 
1201.61 1.95574e-08 
1201.62 1.86288e-08 
1201.63 1.77394e-08 
1201.64 1.68879e-08 
1201.65 1.60728e-08 
1201.66 1.52928e-08 
1201.67 1.45466e-08 
1201.68 1.38331e-08 
1201.69 1.31509e-08 
1201.7 1.24989e-08 
1201.7 1.1876e-08 
1201.71 1.1281e-08 
1201.72 1.0706e-08 
1201.73 1.01639e-08 
1201.74 9.64672e-09 
1201.75 9.1533e-09 
1201.76 8.68271e-09 
1201.77 8.23406e-09 
1201.78 7.80643e-09 
1201.79 7.39897e-09 
1201.8 7.01085e-09 
1201.81 6.64126e-09 
1201.82 6.28942e-09 
1201.83 5.95457e-09 
1201.84 5.636e-09 
1201.85 5.333e-09 
1201.86 5.0449e-09 
1201.87 4.77105e-09 
1201.88 4.51083e-09 
1201.89 4.26361e-09 
1201.9 4.02884e-09 
1201.91 3.80595e-09 
1201.92 3.5944e-09 
1201.93 3.39367e-09 
1201.94 3.20326e-09 
1201.95 3.02271e-09 
1201.96 2.85155e-09 
1201.97 2.68933e-09 
1201.98 2.53378e-09 
1201.99 2.38832e-09 
1202 2.25059e-09 
1202.01 2.12022e-09 
1202.02 1.99684e-09 
1202.03 1.88013e-09 
1202.04 1.76976e-09 
1202.05 1.6654e-09 
1202.06 1.56677e-09 
1202.07 1.47357e-09 
1202.08 1.38553e-09 
1202.09 1.30239e-09 
1202.1 1.22391e-09 
1202.11 1.14983e-09 
1202.12 1.07995e-09 
1202.13 1.01403e-09 
1202.13 9.51867e-10 
1202.14 8.93273e-10 
1202.15 8.38054e-10 
1202.16 7.86032e-10 
1202.17 7.37036e-10 
1202.18 6.90904e-10 
1202.19 6.47481e-10 
1202.2 6.06619e-10 
1202.21 5.6818e-10 
1202.22 5.31605e-10 
1202.23 4.9763e-10 
1202.24 4.6571e-10 
1202.25 4.35717e-10 
1202.26 4.07544e-10 
1202.27 3.81087e-10 
1202.28 3.56249e-10 
1202.29 3.32938e-10 
1202.3 3.11067e-10 
1202.31 2.90553e-10 
1202.32 2.71316e-10 
1202.33 2.53284e-10 
1202.34 2.36384e-10 
1202.35 2.20552e-10 
1202.36 2.05723e-10 
1202.37 1.91838e-10 
1202.38 1.78841e-10 
1202.39 1.66679e-10 
1202.4 1.553e-10 
1202.41 1.44659e-10 
1202.42 1.3471e-10 
1202.43 1.2541e-10 
1202.44 1.16721e-10 
1202.45 1.08603e-10 
1202.46 1.01022e-10 
1202.47 9.39444e-11 
1202.48 8.72588e-11 
1202.49 8.11004e-11 
1202.5 7.53559e-11 
1202.51 6.99989e-11 
1202.52 6.50049e-11 
1202.53 6.03505e-11 
1202.54 5.60139e-11 
1202.55 5.19745e-11 
1202.56 4.82132e-11 
1202.56 4.47118e-11 
1202.57 4.14532e-11 
1202.58 3.84215e-11 
1202.59 3.56017e-11 
1202.6 3.29798e-11 
1202.61 3.05612e-11 
1202.62 2.82949e-11 
1202.63 2.61894e-11 
1202.64 2.42339e-11 
1202.65 2.24182e-11 
1202.66 2.07329e-11 
1202.67 1.91689e-11 
1202.68 1.77181e-11 
1202.69 1.63725e-11 
1202.7 1.5125e-11 
1202.71 1.39686e-11 
1202.72 1.28972e-11 
1202.73 1.18926e-11 
1202.74 1.09743e-11 
1202.75 1.01241e-11 
1202.76 9.33717e-12 
1202.77 8.60904e-12 
1202.78 7.9355e-12 
1202.79 7.31264e-12 
1202.8 6.73681e-12 
1202.81 6.20461e-12 
1202.82 5.71288e-12 
1202.83 5.25867e-12 
1202.84 4.83924e-12 
1202.85 4.45204e-12 
1202.86 4.09468e-12 
1202.87 3.76498e-12 
1202.88 3.46086e-12 
1202.89 3.18044e-12 
1202.9 2.92193e-12 
1202.91 2.68369e-12 
1202.92 2.4642e-12 
1202.93 2.26203e-12 
1202.94 2.07588e-12 
1202.95 1.90452e-12 
1202.96 1.74683e-12 
1202.97 1.60175e-12 
1202.98 1.46831e-12 
1202.98 1.34415e-12 
1202.99 1.2315e-12 
1203 1.12797e-12 
1203.01 1.03286e-12 
1203.02 9.45507e-13 
1203.03 8.65305e-13 
1203.04 7.91688e-13 
1203.05 7.24134e-13 
1203.06 6.62162e-13 
1203.07 6.05326e-13 
1203.08 5.53217e-13 
1203.09 5.05454e-13 
1203.1 4.61687e-13 
1203.11 4.21594e-13 
1203.12 3.84876e-13 
1203.13 3.51259e-13 
1203.14 3.2049e-13 
1203.15 2.92336e-13 
1203.16 2.66581e-13 
1203.17 2.43029e-13 
1203.18 2.21496e-13 
1203.19 2.01815e-13 
1203.2 1.83833e-13 
1203.21 1.67406e-13 
1203.22 1.52406e-13 
1203.23 1.38547e-13 
1203.24 1.26063e-13 
1203.25 1.14671e-13 
1203.26 1.04281e-13 
1203.27 9.48052e-14 
1203.28 8.6167e-14 
1203.29 7.82943e-14 
1203.3 7.11213e-14 
1203.31 6.45877e-14 
1203.32 5.86381e-14 
1203.33 5.32218e-14 
1203.34 4.82926e-14 
1203.35 4.38078e-14 
1203.36 3.97285e-14 
1203.37 3.60191e-14 
1203.38 3.26471e-14 
1203.39 2.95826e-14 
1203.4 2.67984e-14 
1203.41 2.42695e-14 
1203.41 2.19732e-14 
1203.42 1.98887e-14 
1203.43 1.79969e-14 
1203.44 1.62806e-14 
1203.45 1.4724e-14 
1203.46 1.33125e-14 
1203.47 1.2033e-14 
1203.48 1.08597e-14 
1203.49 9.81044e-15 
1203.5 8.86017e-15 
1203.51 7.99973e-15 
1203.52 7.22086e-15 
1203.53 6.51602e-15 
1203.54 5.87837e-15 
1203.55 5.30165e-15 
1203.56 4.78019e-15 
1203.57 4.30884e-15 
1203.58 3.88289e-15 
1203.59 3.49809e-15 
1203.6 3.15055e-15 
1203.61 2.83849e-15 
1203.62 2.55508e-15 
1203.63 2.29932e-15 
1203.64 2.0686e-15 
1203.65 1.86052e-15 
1203.66 1.6729e-15 
1203.67 1.50379e-15 
1203.68 1.3514e-15 
1203.69 1.21412e-15 
1203.7 1.09049e-15 
1203.71 9.79172e-16 
1203.72 8.78976e-16 
1203.73 7.87748e-16 
1203.74 7.06748e-16 
1203.75 6.33902e-16 
1203.76 5.68408e-16 
1203.77 5.0954e-16 
1203.78 4.56643e-16 
1203.79 4.09124e-16 
1203.8 3.66449e-16 
1203.81 3.28135e-16 
1203.82 2.93746e-16 
1203.83 2.62889e-16 
1203.83 2.35208e-16 
1203.84 2.10384e-16 
1203.85 1.88127e-16 
1203.86 1.68179e-16 
1203.87 1.50305e-16 
1203.88 1.34293e-16 
1203.89 1.19954e-16 
1203.9 1.07117e-16 
1203.91 9.56266e-17 
1203.92 8.53455e-17 
1203.93 7.61487e-17 
1203.94 6.79243e-17 
1203.95 6.05714e-17 
1203.96 5.39996e-17 
1203.97 4.81276e-17 
1203.98 4.28203e-17 
1203.99 3.81428e-17 
1204 3.39668e-17 
1204.01 3.02397e-17 
1204.02 2.69141e-17 
1204.03 2.39477e-17 
1204.04 2.13023e-17 
1204.05 1.89439e-17 
1204.06 1.6842e-17 
1204.07 1.49692e-17 
1204.08 1.33009e-17 
1204.09 1.18153e-17 
1204.1 1.04928e-17 
1204.11 9.31572e-18 
1204.12 8.2684e-18 
1204.13 7.33681e-18 
1204.14 6.50838e-18 
1204.15 5.7719e-18 
1204.16 5.11735e-18 
1204.17 4.53577e-18 
1204.18 4.01919e-18 
1204.19 3.56045e-18 
1204.2 3.1532e-18 
1204.21 2.79177e-18 
1204.22 2.47108e-18 
1204.23 2.18328e-18 
1204.24 1.93142e-18 
1204.25 1.70814e-18 
1204.26 1.51026e-18 
1204.26 1.33493e-18 
1204.27 1.17963e-18 
1204.28 1.04211e-18 
1204.29 9.20369e-19 
1204.3 8.12625e-19 
1204.31 7.17296e-19 
1204.32 6.32976e-19 
1204.33 5.58414e-19 
1204.34 4.92499e-19 
1204.35 4.34245e-19 
1204.36 3.82776e-19 
1204.37 3.37314e-19 
1204.38 2.9717e-19 
1204.39 2.61731e-19 
1204.4 2.30455e-19 
1204.41 2.0286e-19 
1204.42 1.78521e-19 
1204.43 1.57058e-19 
1204.44 1.38138e-19 
1204.45 1.21463e-19 
1204.46 1.06772e-19 
1204.47 9.38314e-20 
1204.48 8.23033e-20 
1204.49 7.22884e-20 
1204.5 6.34746e-20 
1204.51 5.57201e-20 
1204.52 4.88995e-20 
1204.53 4.29019e-20 
1204.54 3.76296e-20 
1204.55 3.2996e-20 
1204.56 2.89251e-20 
1204.57 2.53494e-20 
1204.58 2.22096e-20 
1204.59 1.94534e-20 
1204.6 1.70345e-20 
1204.61 1.49123e-20 
1204.62 1.30588e-20 
1204.63 1.14256e-20 
1204.64 9.99387e-21 
1204.65 8.73915e-21 
1204.66 7.63985e-21 
1204.67 6.67698e-21 
1204.68 5.83386e-21 
1204.68 5.0958e-21 
1204.69 4.44988e-21 
1204.7 3.88477e-21 
1204.71 3.39049e-21 
1204.72 2.95324e-21 
1204.73 2.57605e-21 
1204.74 2.24642e-21 
1204.75 1.95842e-21 
1204.76 1.70688e-21 
1204.77 1.48724e-21 
1204.78 1.2955e-21 
1204.79 1.12817e-21 
1204.8 9.82182e-22 
1204.81 8.5485e-22 
1204.82 7.4382e-22 
1204.83 6.47033e-22 
1204.84 5.62684e-22 
1204.85 4.89197e-22 
1204.86 4.2519e-22 
1204.87 3.69455e-22 
1204.88 3.20938e-22 
1204.89 2.78715e-22 
1204.9 2.41981e-22 
1204.91 2.1003e-22 
1204.92 1.82247e-22 
1204.93 1.58096e-22 
1204.94 1.37108e-22 
1204.95 1.18873e-22 
1204.96 1.03035e-22 
1204.97 8.92827e-23 
1204.98 7.72057e-23 
1204.99 6.68636e-23 
1205 5.78909e-23 
1205.01 5.01085e-23 
1205.02 4.33604e-23 
1205.03 3.75107e-23 
1205.04 3.24412e-23 
1205.05 2.80491e-23 
1205.06 2.42449e-23 
1205.07 2.09509e-23 
1205.08 1.80995e-23 
1205.09 1.56318e-23 
1205.1 1.34969e-23 
1205.11 1.16503e-23 
1205.11 1.00536e-23 
1205.12 8.67328e-24 
1205.13 7.48045e-24 
1205.14 6.44989e-24 
1205.15 5.55977e-24 
1205.16 4.79117e-24 
1205.17 4.12769e-24 
1205.18 3.55511e-24 
1205.19 3.0611e-24 
1205.2 2.63502e-24 
1205.21 2.26762e-24 
1205.22 1.9475e-24 
1205.23 1.6748e-24 
1205.24 1.44009e-24 
1205.25 1.23793e-24 
1205.26 1.06385e-24 
1205.27 9.14002e-25 
1205.28 7.85043e-25 
1205.29 6.74093e-25 
1205.3 5.78664e-25 
1205.31 4.96608e-25 
1205.32 4.2607e-25 
1205.33 3.65451e-25 
1205.34 3.13369e-25 
1205.35 2.68636e-25 
1205.36 2.30225e-25 
1205.37 1.97252e-25 
1205.38 1.68955e-25 
1205.39 1.44677e-25 
1205.4 1.23853e-25 
1205.41 1.05998e-25 
1205.42 9.06916e-26 
1205.43 7.75742e-26 
1205.44 6.63357e-26 
1205.45 5.67097e-26 
1205.46 4.84672e-26 
1205.47 4.14113e-26 
1205.48 3.53084e-26 
1205.49 3.0147e-26 
1205.5 2.57368e-26 
1205.51 2.19657e-26 
1205.52 1.87419e-26 
1205.53 1.5987e-26 
1205.54 1.36332e-26 
1205.54 1.16227e-26 
1205.55 9.90603e-27 
1205.56 8.44056e-27 
1205.57 7.18991e-27 
1205.58 6.12288e-27 
1205.59 5.21276e-27 
1205.6 4.43671e-27 
1205.61 3.77746e-27 
1205.62 3.21331e-27 
1205.63 2.73266e-27 
1205.64 2.32327e-27 
1205.65 1.97467e-27 
1205.66 1.67791e-27 
1205.67 1.42535e-27 
1205.68 1.21048e-27 
1205.69 1.02771e-27 
1205.7 8.72303e-28 
1205.71 7.40189e-28 
1205.72 6.27911e-28 
1205.73 5.31421e-28 
1205.74 4.50561e-28 
1205.75 3.81899e-28 
1205.76 3.23611e-28 
1205.77 2.74144e-28 
1205.78 2.32174e-28 
1205.79 1.96576e-28 
1205.8 1.6639e-28 
1205.81 1.408e-28 
1205.82 1.19113e-28 
1205.83 1.00739e-28 
1205.84 8.51751e-29 
1205.85 7.19962e-29 
1205.86 6.08397e-29 
1205.87 5.13978e-29 
1205.88 4.34093e-29 
1205.89 3.66523e-29 
1205.9 3.09385e-29 
1205.91 2.61083e-29 
1205.92 2.20261e-29 
1205.93 1.8577e-29 
1205.94 1.56637e-29 
1205.95 1.32037e-29 
1205.96 1.11269e-29 
1205.96 9.37422e-30 
1205.97 7.89543e-30 
1205.98 6.63379e-30 
1205.99 5.58421e-30 
1206 4.69938e-30 
1206.01 3.95367e-30 
1206.02 3.32538e-30 
1206.03 2.79615e-30 
1206.04 2.35051e-30 
1206.05 1.97534e-30 
1206.06 1.6596e-30 
1206.07 1.39394e-30 
1206.08 1.17049e-30 
1206.09 9.8258e-31 
1206.1 8.24613e-31 
1206.11 6.9185e-31 
1206.12 5.80303e-31 
1206.13 4.86606e-31 
1206.14 4.07925e-31 
1206.15 3.41872e-31 
1206.16 2.86436e-31 
1206.17 2.39922e-31 
1206.18 2.00907e-31 
1206.19 1.68189e-31 
1206.2 1.40761e-31 
1206.21 1.17774e-31 
1206.22 9.85128e-32 
1206.23 8.21951e-32 
1206.24 6.87147e-32 
1206.25 5.74293e-32 
1206.26 4.79842e-32 
1206.27 4.00814e-32 
1206.28 3.34709e-32 
1206.29 2.7943e-32 
1206.3 2.33216e-32 
1206.31 1.94591e-32 
1206.32 1.62319e-32 
1206.33 1.35361e-32 
1206.34 1.1285e-32 
1206.35 9.40563e-33 
1206.36 7.83709e-33 
1206.37 6.52832e-33 
1206.38 5.43662e-33 
1206.39 4.52622e-33 
1206.39 3.76725e-33 
1206.4 3.13467e-33 
1206.41 2.60759e-33 
1206.42 2.16854e-33 
1206.43 1.80292e-33 
1206.44 1.49853e-33 
1206.45 1.24519e-33 
1206.46 1.03439e-33 
1206.47 8.59041e-34 
1206.48 7.11563e-34 
1206.49 5.90611e-34 
1206.5 4.90084e-34 
1206.51 4.06555e-34 
1206.52 3.3717e-34 
1206.53 2.79549e-34 
1206.54 2.31712e-34 
1206.55 1.92008e-34 
1206.56 1.59063e-34 
1206.57 1.31734e-34 
1206.58 1.09071e-34 
1206.59 9.02819e-35 
1206.6 0 
