#energy geo_1 
1186.6 6.48707e-07 
1186.61 6.48303e-07 
1186.62 6.47899e-07 
1186.63 6.47495e-07 
1186.64 6.4709e-07 
1186.65 6.46687e-07 
1186.66 6.46283e-07 
1186.67 6.45881e-07 
1186.68 6.45476e-07 
1186.69 6.45074e-07 
1186.7 6.44671e-07 
1186.71 6.44269e-07 
1186.72 6.43866e-07 
1186.73 6.43464e-07 
1186.74 6.43062e-07 
1186.75 6.42661e-07 
1186.76 6.42259e-07 
1186.77 6.41857e-07 
1186.78 6.41456e-07 
1186.79 6.41055e-07 
1186.8 6.40655e-07 
1186.81 6.40253e-07 
1186.81 6.39854e-07 
1186.82 6.39454e-07 
1186.83 6.39054e-07 
1186.84 6.38654e-07 
1186.85 6.38255e-07 
1186.86 6.37855e-07 
1186.87 6.37456e-07 
1186.88 6.37057e-07 
1186.89 6.36658e-07 
1186.9 6.3626e-07 
1186.91 6.35862e-07 
1186.92 6.35463e-07 
1186.93 6.35065e-07 
1186.94 6.34667e-07 
1186.95 6.3427e-07 
1186.96 6.33872e-07 
1186.97 6.33475e-07 
1186.98 6.33078e-07 
1186.99 6.32682e-07 
1187 6.32285e-07 
1187.01 6.31889e-07 
1187.02 6.31494e-07 
1187.03 6.31098e-07 
1187.04 6.30701e-07 
1187.05 6.30306e-07 
1187.06 6.29911e-07 
1187.07 6.29516e-07 
1187.08 6.2912e-07 
1187.09 6.28726e-07 
1187.1 6.28332e-07 
1187.11 6.27937e-07 
1187.12 6.27543e-07 
1187.13 6.27149e-07 
1187.14 6.26756e-07 
1187.15 6.26362e-07 
1187.16 6.25969e-07 
1187.17 6.25576e-07 
1187.18 6.25183e-07 
1187.19 6.2479e-07 
1187.2 6.24398e-07 
1187.21 6.24006e-07 
1187.22 6.23614e-07 
1187.23 6.23221e-07 
1187.24 6.2283e-07 
1187.24 6.22439e-07 
1187.25 6.22047e-07 
1187.26 6.21655e-07 
1187.27 6.21265e-07 
1187.28 6.20875e-07 
1187.29 6.20484e-07 
1187.3 6.20094e-07 
1187.31 6.19703e-07 
1187.32 6.19314e-07 
1187.33 6.18925e-07 
1187.34 6.18536e-07 
1187.35 6.18146e-07 
1187.36 6.17758e-07 
1187.37 6.17368e-07 
1187.38 6.1698e-07 
1187.39 6.16591e-07 
1187.4 6.16203e-07 
1187.41 6.15815e-07 
1187.42 6.15427e-07 
1187.43 6.15039e-07 
1187.44 6.14652e-07 
1187.45 6.14265e-07 
1187.46 6.13878e-07 
1187.47 6.1349e-07 
1187.48 6.13104e-07 
1187.49 6.12718e-07 
1187.5 6.12333e-07 
1187.51 6.11946e-07 
1187.52 6.1156e-07 
1187.53 6.11175e-07 
1187.54 6.10789e-07 
1187.55 6.10404e-07 
1187.56 6.10019e-07 
1187.57 6.09635e-07 
1187.58 6.0925e-07 
1187.59 6.08865e-07 
1187.6 6.08482e-07 
1187.61 6.08476e-07 
1187.62 6.08093e-07 
1187.63 6.07709e-07 
1187.64 6.07325e-07 
1187.65 6.06942e-07 
1187.66 6.06559e-07 
1187.66 6.06176e-07 
1187.67 6.05793e-07 
1187.68 6.05411e-07 
1187.69 6.05029e-07 
1187.7 6.04646e-07 
1187.71 6.04265e-07 
1187.72 6.03883e-07 
1187.73 6.03501e-07 
1187.74 6.0312e-07 
1187.75 6.02739e-07 
1187.76 6.02358e-07 
1187.77 6.01977e-07 
1187.78 6.01597e-07 
1187.79 6.01216e-07 
1187.8 6.00836e-07 
1187.81 6.00457e-07 
1187.82 6.00077e-07 
1187.83 5.99698e-07 
1187.84 5.99318e-07 
1187.85 5.9894e-07 
1187.86 5.9856e-07 
1187.87 5.98182e-07 
1187.88 5.97804e-07 
1187.89 5.97425e-07 
1187.9 5.97047e-07 
1187.91 5.9667e-07 
1187.92 5.96291e-07 
1187.93 5.95914e-07 
1187.94 5.95537e-07 
1187.95 5.9516e-07 
1187.96 5.94783e-07 
1187.97 5.94407e-07 
1187.98 5.9403e-07 
1187.99 5.93654e-07 
1188 5.93278e-07 
1188.01 5.92902e-07 
1188.02 5.92526e-07 
1188.03 5.92151e-07 
1188.04 5.91775e-07 
1188.05 5.91401e-07 
1188.06 5.91026e-07 
1188.07 5.90651e-07 
1188.08 5.90278e-07 
1188.09 5.89903e-07 
1188.09 5.89529e-07 
1188.1 5.89155e-07 
1188.11 5.88782e-07 
1188.12 5.88408e-07 
1188.13 5.88035e-07 
1188.14 5.87662e-07 
1188.15 5.8729e-07 
1188.16 5.86917e-07 
1188.17 5.86544e-07 
1188.18 5.86172e-07 
1188.19 5.85801e-07 
1188.2 5.85429e-07 
1188.21 5.85057e-07 
1188.22 5.84686e-07 
1188.23 5.84315e-07 
1188.24 5.83944e-07 
1188.25 5.83573e-07 
1188.26 5.83203e-07 
1188.27 5.82832e-07 
1188.28 5.82463e-07 
1188.29 5.82092e-07 
1188.3 5.81723e-07 
1188.31 5.81354e-07 
1188.32 5.80983e-07 
1188.33 5.80615e-07 
1188.34 5.80245e-07 
1188.35 5.79877e-07 
1188.36 5.79508e-07 
1188.37 5.7914e-07 
1188.38 5.78772e-07 
1188.39 5.78404e-07 
1188.4 5.78036e-07 
1188.41 5.77669e-07 
1188.42 5.77301e-07 
1188.43 5.76934e-07 
1188.44 5.76568e-07 
1188.45 5.76201e-07 
1188.46 5.75834e-07 
1188.47 5.75467e-07 
1188.48 5.75102e-07 
1188.49 5.74735e-07 
1188.5 5.74369e-07 
1188.51 5.74004e-07 
1188.52 5.73639e-07 
1188.52 5.73273e-07 
1188.53 5.72909e-07 
1188.54 5.72543e-07 
1188.55 5.72179e-07 
1188.56 5.71815e-07 
1188.57 5.71451e-07 
1188.58 5.71087e-07 
1188.59 5.70723e-07 
1188.6 5.70714e-07 
1188.61 5.70351e-07 
1188.62 5.69987e-07 
1188.63 5.69624e-07 
1188.64 5.69262e-07 
1188.65 5.68898e-07 
1188.66 5.68535e-07 
1188.67 5.68173e-07 
1188.68 5.67811e-07 
1188.69 5.67449e-07 
1188.7 5.67087e-07 
1188.71 5.66725e-07 
1188.72 5.66364e-07 
1188.73 5.66002e-07 
1188.74 5.65642e-07 
1188.75 5.6528e-07 
1188.76 5.6492e-07 
1188.77 5.64559e-07 
1188.78 5.64199e-07 
1188.79 5.63839e-07 
1188.8 5.63479e-07 
1188.81 5.63119e-07 
1188.82 5.62759e-07 
1188.83 5.624e-07 
1188.84 5.62041e-07 
1188.85 5.61682e-07 
1188.86 5.61323e-07 
1188.87 5.60964e-07 
1188.88 5.60606e-07 
1188.89 5.60248e-07 
1188.9 5.5989e-07 
1188.91 5.59532e-07 
1188.92 5.59174e-07 
1188.93 5.58817e-07 
1188.94 5.58459e-07 
1188.94 5.58102e-07 
1188.95 5.57746e-07 
1188.96 5.57389e-07 
1188.97 5.57032e-07 
1188.98 5.56676e-07 
1188.99 5.56319e-07 
1189 5.55963e-07 
1189.01 5.55607e-07 
1189.02 5.55252e-07 
1189.03 5.54896e-07 
1189.04 5.54541e-07 
1189.05 5.54186e-07 
1189.06 5.53831e-07 
1189.07 5.53476e-07 
1189.08 5.53122e-07 
1189.09 5.52767e-07 
1189.1 5.52413e-07 
1189.11 5.52059e-07 
1189.12 5.51705e-07 
1189.13 5.51351e-07 
1189.14 5.50998e-07 
1189.15 5.50644e-07 
1189.16 5.50291e-07 
1189.17 5.49939e-07 
1189.18 5.49586e-07 
1189.19 5.49233e-07 
1189.2 5.48881e-07 
1189.21 5.48528e-07 
1189.22 5.48176e-07 
1189.23 5.47824e-07 
1189.24 5.47473e-07 
1189.25 5.47121e-07 
1189.26 5.4677e-07 
1189.27 5.46418e-07 
1189.28 5.46067e-07 
1189.29 5.45717e-07 
1189.3 5.45366e-07 
1189.31 5.45015e-07 
1189.32 5.44665e-07 
1189.33 5.44315e-07 
1189.34 5.43965e-07 
1189.35 5.43615e-07 
1189.36 5.43265e-07 
1189.36 5.42915e-07 
1189.37 5.42567e-07 
1189.38 5.42217e-07 
1189.39 5.41868e-07 
1189.4 5.4152e-07 
1189.41 5.41171e-07 
1189.42 5.40823e-07 
1189.43 5.40474e-07 
1189.44 5.40126e-07 
1189.45 5.39778e-07 
1189.46 5.3943e-07 
1189.47 5.39083e-07 
1189.48 5.38735e-07 
1189.49 5.38388e-07 
1189.5 5.3804e-07 
1189.51 5.37693e-07 
1189.52 5.37347e-07 
1189.53 5.36999e-07 
1189.54 5.36653e-07 
1189.55 5.36306e-07 
1189.56 5.3596e-07 
1189.57 5.35614e-07 
1189.58 5.35268e-07 
1189.59 5.34922e-07 
1189.6 5.34577e-07 
1189.61 5.34564e-07 
1189.62 5.34218e-07 
1189.63 5.33873e-07 
1189.64 5.33527e-07 
1189.65 5.33182e-07 
1189.66 5.32838e-07 
1189.67 5.32493e-07 
1189.68 5.32148e-07 
1189.69 5.31804e-07 
1189.7 5.31459e-07 
1189.71 5.31115e-07 
1189.72 5.30772e-07 
1189.73 5.30427e-07 
1189.74 5.30083e-07 
1189.75 5.2974e-07 
1189.76 5.29396e-07 
1189.77 5.29053e-07 
1189.78 5.2871e-07 
1189.79 5.28367e-07 
1189.79 5.28024e-07 
1189.8 5.27681e-07 
1189.81 5.27338e-07 
1189.82 5.26996e-07 
1189.83 5.26653e-07 
1189.84 5.26311e-07 
1189.85 5.25969e-07 
1189.86 5.25627e-07 
1189.87 5.25286e-07 
1189.88 5.24944e-07 
1189.89 5.24602e-07 
1189.9 5.24261e-07 
1189.91 5.23919e-07 
1189.92 5.23579e-07 
1189.93 5.23237e-07 
1189.94 5.22896e-07 
1189.95 5.22555e-07 
1189.96 5.22215e-07 
1189.97 5.21874e-07 
1189.98 5.21534e-07 
1189.99 5.21193e-07 
1190 5.20854e-07 
1190.01 5.20514e-07 
1190.02 5.20174e-07 
1190.03 5.19834e-07 
1190.04 5.19494e-07 
1190.05 5.19155e-07 
1190.06 5.18815e-07 
1190.07 5.18476e-07 
1190.08 5.18136e-07 
1190.09 5.17798e-07 
1190.1 5.17458e-07 
1190.11 5.1712e-07 
1190.12 5.16781e-07 
1190.13 5.16442e-07 
1190.14 5.16104e-07 
1190.15 5.15766e-07 
1190.16 5.15427e-07 
1190.17 5.15089e-07 
1190.18 5.14751e-07 
1190.19 5.14413e-07 
1190.2 5.14075e-07 
1190.21 5.13736e-07 
1190.21 5.13399e-07 
1190.22 5.13061e-07 
1190.23 5.12724e-07 
1190.24 5.12387e-07 
1190.25 5.12049e-07 
1190.26 5.11712e-07 
1190.27 5.11375e-07 
1190.28 5.11038e-07 
1190.29 5.10701e-07 
1190.3 5.10365e-07 
1190.31 5.10028e-07 
1190.32 5.09691e-07 
1190.33 5.09354e-07 
1190.34 5.09018e-07 
1190.35 5.08682e-07 
1190.36 5.08345e-07 
1190.37 5.08008e-07 
1190.38 5.07673e-07 
1190.39 5.07336e-07 
1190.4 5.07e-07 
1190.41 5.06665e-07 
1190.42 5.06329e-07 
1190.43 5.05992e-07 
1190.44 5.05657e-07 
1190.45 5.05322e-07 
1190.46 5.04986e-07 
1190.47 5.0465e-07 
1190.48 5.04315e-07 
1190.49 5.0398e-07 
1190.5 5.03645e-07 
1190.51 5.03309e-07 
1190.52 5.02974e-07 
1190.53 5.02639e-07 
1190.54 5.02304e-07 
1190.55 5.01969e-07 
1190.56 5.01634e-07 
1190.57 5.01299e-07 
1190.58 5.00964e-07 
1190.59 5.00629e-07 
1190.6 5.00295e-07 
1190.61 5.00271e-07 
1190.62 4.99936e-07 
1190.63 4.99601e-07 
1190.64 4.99267e-07 
1190.64 4.98932e-07 
1190.65 4.98598e-07 
1190.66 4.98263e-07 
1190.67 4.97928e-07 
1190.68 4.97594e-07 
1190.69 4.9726e-07 
1190.7 4.96925e-07 
1190.71 4.96591e-07 
1190.72 4.96257e-07 
1190.73 4.95922e-07 
1190.74 4.95588e-07 
1190.75 4.95254e-07 
1190.76 4.9492e-07 
1190.77 4.94585e-07 
1190.78 4.94251e-07 
1190.79 4.93917e-07 
1190.8 4.93583e-07 
1190.81 4.93249e-07 
1190.82 4.92915e-07 
1190.83 4.92581e-07 
1190.84 4.92247e-07 
1190.85 4.91913e-07 
1190.86 4.91579e-07 
1190.87 4.91245e-07 
1190.88 4.90911e-07 
1190.89 4.90577e-07 
1190.9 4.90243e-07 
1190.91 4.89909e-07 
1190.92 4.89575e-07 
1190.93 4.89241e-07 
1190.94 4.88907e-07 
1190.95 4.88573e-07 
1190.96 4.88239e-07 
1190.97 4.87905e-07 
1190.98 4.87571e-07 
1190.99 4.87237e-07 
1191 4.86903e-07 
1191.01 4.86569e-07 
1191.02 4.86235e-07 
1191.03 4.85901e-07 
1191.04 4.85567e-07 
1191.05 4.85233e-07 
1191.06 4.84899e-07 
1191.07 4.84565e-07 
1191.07 4.8423e-07 
1191.08 4.83896e-07 
1191.09 4.83562e-07 
1191.1 4.83227e-07 
1191.11 4.82893e-07 
1191.12 4.82559e-07 
1191.13 4.82224e-07 
1191.14 4.8189e-07 
1191.15 4.81556e-07 
1191.16 4.81221e-07 
1191.17 4.80886e-07 
1191.18 4.80552e-07 
1191.19 4.80217e-07 
1191.2 4.79883e-07 
1191.21 4.79548e-07 
1191.22 4.79213e-07 
1191.23 4.78878e-07 
1191.24 4.78543e-07 
1191.25 4.78208e-07 
1191.26 4.77873e-07 
1191.27 4.77538e-07 
1191.28 4.77203e-07 
1191.29 4.76868e-07 
1191.3 4.76532e-07 
1191.31 4.76197e-07 
1191.32 4.75862e-07 
1191.33 4.75526e-07 
1191.34 4.7519e-07 
1191.35 4.74855e-07 
1191.36 4.74519e-07 
1191.37 4.74183e-07 
1191.38 4.73847e-07 
1191.39 4.73511e-07 
1191.4 4.73175e-07 
1191.41 4.72839e-07 
1191.42 4.72502e-07 
1191.43 4.72166e-07 
1191.44 4.71829e-07 
1191.45 4.71493e-07 
1191.46 4.71156e-07 
1191.47 4.70819e-07 
1191.48 4.70482e-07 
1191.49 4.70145e-07 
1191.49 4.69808e-07 
1191.5 4.6947e-07 
1191.51 4.69133e-07 
1191.52 4.68796e-07 
1191.53 4.68458e-07 
1191.54 4.6812e-07 
1191.55 4.67782e-07 
1191.56 4.67444e-07 
1191.57 4.67106e-07 
1191.58 4.66768e-07 
1191.59 4.66429e-07 
1191.6 4.6638e-07 
1191.61 4.66041e-07 
1191.62 4.65702e-07 
1191.63 4.65362e-07 
1191.64 4.65023e-07 
1191.65 4.64684e-07 
1191.66 4.64344e-07 
1191.67 4.64004e-07 
1191.68 4.63664e-07 
1191.69 4.63324e-07 
1191.7 4.62983e-07 
1191.71 4.62643e-07 
1191.72 4.62302e-07 
1191.73 4.61961e-07 
1191.74 4.6162e-07 
1191.75 4.61278e-07 
1191.76 4.60937e-07 
1191.77 4.60595e-07 
1191.78 4.60253e-07 
1191.79 4.59911e-07 
1191.8 4.59569e-07 
1191.81 4.59227e-07 
1191.82 4.58884e-07 
1191.83 4.58542e-07 
1191.84 4.58199e-07 
1191.85 4.57855e-07 
1191.86 4.57512e-07 
1191.87 4.57168e-07 
1191.88 4.56824e-07 
1191.89 4.5648e-07 
1191.9 4.56136e-07 
1191.91 4.55792e-07 
1191.92 4.55447e-07 
1191.92 4.55102e-07 
1191.93 4.54757e-07 
1191.94 4.54411e-07 
1191.95 4.54065e-07 
1191.96 4.5372e-07 
1191.97 4.53373e-07 
1191.98 4.53027e-07 
1191.99 4.5268e-07 
1192 4.52333e-07 
1192.01 4.51986e-07 
1192.02 4.51639e-07 
1192.03 4.51291e-07 
1192.04 4.50943e-07 
1192.05 4.50595e-07 
1192.06 4.50247e-07 
1192.07 4.49898e-07 
1192.08 4.49549e-07 
1192.09 4.492e-07 
1192.1 4.4885e-07 
1192.11 4.485e-07 
1192.12 4.4815e-07 
1192.13 4.47799e-07 
1192.14 4.47449e-07 
1192.15 4.47098e-07 
1192.16 4.46746e-07 
1192.17 4.46395e-07 
1192.18 4.46043e-07 
1192.19 4.45691e-07 
1192.2 4.45338e-07 
1192.21 4.44985e-07 
1192.22 4.44632e-07 
1192.23 4.44279e-07 
1192.24 4.43924e-07 
1192.25 4.43571e-07 
1192.26 4.43216e-07 
1192.27 4.42861e-07 
1192.28 4.42506e-07 
1192.29 4.42151e-07 
1192.3 4.41794e-07 
1192.31 4.41439e-07 
1192.32 4.41082e-07 
1192.33 4.40725e-07 
1192.34 4.40368e-07 
1192.34 4.4001e-07 
1192.35 4.39652e-07 
1192.36 4.39294e-07 
1192.37 4.38936e-07 
1192.38 4.38576e-07 
1192.39 4.38217e-07 
1192.4 4.37857e-07 
1192.41 4.37497e-07 
1192.42 4.37136e-07 
1192.43 4.36775e-07 
1192.44 4.36414e-07 
1192.45 4.36052e-07 
1192.46 4.3569e-07 
1192.47 4.35327e-07 
1192.48 4.34964e-07 
1192.49 4.34601e-07 
1192.5 4.34237e-07 
1192.51 4.33873e-07 
1192.52 4.33508e-07 
1192.53 4.33143e-07 
1192.54 4.32778e-07 
1192.55 4.32412e-07 
1192.56 4.32045e-07 
1192.57 4.31679e-07 
1192.58 4.31312e-07 
1192.59 4.30944e-07 
1192.6 4.30576e-07 
1192.61 4.30474e-07 
1192.62 4.30105e-07 
1192.63 4.29735e-07 
1192.64 4.29365e-07 
1192.65 4.28995e-07 
1192.66 4.28623e-07 
1192.67 4.28252e-07 
1192.68 4.2788e-07 
1192.69 4.27508e-07 
1192.7 4.27135e-07 
1192.71 4.26761e-07 
1192.72 4.26387e-07 
1192.73 4.26013e-07 
1192.74 4.25638e-07 
1192.75 4.25263e-07 
1192.76 4.24887e-07 
1192.77 4.24511e-07 
1192.77 4.24134e-07 
1192.78 4.23756e-07 
1192.79 4.23379e-07 
1192.8 4.23e-07 
1192.81 4.22622e-07 
1192.82 4.22242e-07 
1192.83 4.21863e-07 
1192.84 4.21482e-07 
1192.85 4.21102e-07 
1192.86 4.2072e-07 
1192.87 4.20339e-07 
1192.88 4.19957e-07 
1192.89 4.19574e-07 
1192.9 4.19191e-07 
1192.91 4.18807e-07 
1192.92 4.18422e-07 
1192.93 4.18038e-07 
1192.94 4.17653e-07 
1192.95 4.17267e-07 
1192.96 4.16881e-07 
1192.97 4.16494e-07 
1192.98 4.16107e-07 
1192.99 4.1572e-07 
1193 4.15332e-07 
1193.01 4.14943e-07 
1193.02 4.14554e-07 
1193.03 4.14165e-07 
1193.04 4.13775e-07 
1193.05 4.13385e-07 
1193.06 4.12994e-07 
1193.07 4.12604e-07 
1193.08 4.12212e-07 
1193.09 4.11821e-07 
1193.1 4.11429e-07 
1193.11 4.11036e-07 
1193.12 4.10644e-07 
1193.13 4.10251e-07 
1193.14 4.09858e-07 
1193.15 4.09465e-07 
1193.16 4.09072e-07 
1193.17 4.08678e-07 
1193.18 4.08284e-07 
1193.19 4.07891e-07 
1193.19 4.07496e-07 
1193.2 4.07103e-07 
1193.21 4.06708e-07 
1193.22 4.06315e-07 
1193.23 4.05921e-07 
1193.24 4.05528e-07 
1193.25 4.05134e-07 
1193.26 4.04741e-07 
1193.27 4.04348e-07 
1193.28 4.03955e-07 
1193.29 4.03563e-07 
1193.3 4.03171e-07 
1193.31 4.0278e-07 
1193.32 4.02388e-07 
1193.33 4.01998e-07 
1193.34 4.01609e-07 
1193.35 4.0122e-07 
1193.36 4.00833e-07 
1193.37 4.00446e-07 
1193.38 4.00059e-07 
1193.39 3.99675e-07 
1193.4 3.99291e-07 
1193.41 3.98909e-07 
1193.42 3.98527e-07 
1193.43 3.98148e-07 
1193.44 3.9777e-07 
1193.45 3.97393e-07 
1193.46 3.97018e-07 
1193.47 3.96645e-07 
1193.48 3.96275e-07 
1193.49 3.95906e-07 
1193.5 3.95539e-07 
1193.51 3.95175e-07 
1193.52 3.94813e-07 
1193.53 3.94453e-07 
1193.54 3.94096e-07 
1193.55 3.93742e-07 
1193.56 3.9339e-07 
1193.57 3.93042e-07 
1193.58 3.92696e-07 
1193.59 3.92354e-07 
1193.6 3.92015e-07 
1193.61 3.91923e-07 
1193.62 3.91591e-07 
1193.62 3.91262e-07 
1193.63 3.90938e-07 
1193.64 3.90617e-07 
1193.65 3.903e-07 
1193.66 3.89988e-07 
1193.67 3.8968e-07 
1193.68 3.89376e-07 
1193.69 3.89076e-07 
1193.7 3.88781e-07 
1193.71 3.88491e-07 
1193.72 3.88204e-07 
1193.73 3.87926e-07 
1193.74 3.8765e-07 
1193.75 3.87378e-07 
1193.76 3.87112e-07 
1193.77 3.86851e-07 
1193.78 3.86595e-07 
1193.79 3.86344e-07 
1193.8 3.86098e-07 
1193.81 3.85858e-07 
1193.82 3.85622e-07 
1193.83 3.85392e-07 
1193.84 3.85167e-07 
1193.85 3.84947e-07 
1193.86 3.84731e-07 
1193.87 3.84522e-07 
1193.88 3.84316e-07 
1193.89 3.84116e-07 
1193.9 3.83921e-07 
1193.91 3.8373e-07 
1193.92 3.83544e-07 
1193.93 3.83362e-07 
1193.94 3.83185e-07 
1193.95 3.83012e-07 
1193.96 3.82843e-07 
1193.97 3.82677e-07 
1193.98 3.82519e-07 
1193.99 3.82361e-07 
1194 3.82206e-07 
1194.01 3.82054e-07 
1194.02 3.81904e-07 
1194.03 3.81757e-07 
1194.04 3.81612e-07 
1194.05 3.81468e-07 
1194.05 3.81326e-07 
1194.06 3.81186e-07 
1194.07 3.81046e-07 
1194.08 3.80906e-07 
1194.09 3.80767e-07 
1194.1 3.80627e-07 
1194.11 3.80487e-07 
1194.12 3.80346e-07 
1194.13 3.80203e-07 
1194.14 3.80058e-07 
1194.15 3.79911e-07 
1194.16 3.79762e-07 
1194.17 3.79609e-07 
1194.18 3.79452e-07 
1194.19 3.79292e-07 
1194.2 3.79127e-07 
1194.21 3.78957e-07 
1194.22 3.78781e-07 
1194.23 3.78604e-07 
1194.24 3.78416e-07 
1194.25 3.78222e-07 
1194.26 3.7802e-07 
1194.27 3.7781e-07 
1194.28 3.77593e-07 
1194.29 3.77367e-07 
1194.3 3.77132e-07 
1194.31 3.76888e-07 
1194.32 3.76633e-07 
1194.33 3.76369e-07 
1194.34 3.76094e-07 
1194.35 3.75808e-07 
1194.36 3.75511e-07 
1194.37 3.75202e-07 
1194.38 3.74881e-07 
1194.39 3.74548e-07 
1194.4 3.74202e-07 
1194.41 3.73843e-07 
1194.42 3.73472e-07 
1194.43 3.73087e-07 
1194.44 3.72688e-07 
1194.45 3.72275e-07 
1194.46 3.71849e-07 
1194.47 3.71408e-07 
1194.47 3.70954e-07 
1194.48 3.70485e-07 
1194.49 3.70002e-07 
1194.5 3.69504e-07 
1194.51 3.68991e-07 
1194.52 3.68464e-07 
1194.53 3.67923e-07 
1194.54 3.67368e-07 
1194.55 3.66798e-07 
1194.56 3.66214e-07 
1194.57 3.65616e-07 
1194.58 3.65005e-07 
1194.59 3.6438e-07 
1194.6 3.63741e-07 
1194.61 3.63315e-07 
1194.62 3.6265e-07 
1194.63 3.61973e-07 
1194.64 3.61284e-07 
1194.65 3.60583e-07 
1194.66 3.5987e-07 
1194.67 3.59147e-07 
1194.68 3.58413e-07 
1194.69 3.5767e-07 
1194.7 3.56917e-07 
1194.71 3.56155e-07 
1194.72 3.55385e-07 
1194.73 3.54605e-07 
1194.74 3.5382e-07 
1194.75 3.53029e-07 
1194.76 3.52232e-07 
1194.77 3.51431e-07 
1194.78 3.50625e-07 
1194.79 3.49816e-07 
1194.8 3.49005e-07 
1194.81 3.48192e-07 
1194.82 3.47379e-07 
1194.83 3.46565e-07 
1194.84 3.45753e-07 
1194.85 3.44943e-07 
1194.86 3.44136e-07 
1194.87 3.43334e-07 
1194.88 3.42538e-07 
1194.89 3.41747e-07 
1194.9 3.40965e-07 
1194.9 3.40192e-07 
1194.91 3.3943e-07 
1194.92 3.38679e-07 
1194.93 3.37942e-07 
1194.94 3.3722e-07 
1194.95 3.36514e-07 
1194.96 3.35825e-07 
1194.97 3.35157e-07 
1194.98 3.3451e-07 
1194.99 3.33886e-07 
1195 3.33288e-07 
1195.01 3.32717e-07 
1195.02 3.32175e-07 
1195.03 3.31664e-07 
1195.04 3.31187e-07 
1195.05 3.30747e-07 
1195.06 3.30344e-07 
1195.07 3.29982e-07 
1195.08 3.29664e-07 
1195.09 3.29392e-07 
1195.1 3.2917e-07 
1195.11 3.29e-07 
1195.12 3.28885e-07 
1195.13 3.28829e-07 
1195.14 3.28835e-07 
1195.15 3.28907e-07 
1195.16 3.29047e-07 
1195.17 3.29262e-07 
1195.18 3.29553e-07 
1195.19 3.29925e-07 
1195.2 3.30383e-07 
1195.21 3.30931e-07 
1195.22 3.31573e-07 
1195.23 3.32332e-07 
1195.24 3.3318e-07 
1195.25 3.34136e-07 
1195.26 3.35208e-07 
1195.27 3.36399e-07 
1195.28 3.37717e-07 
1195.29 3.39165e-07 
1195.3 3.40752e-07 
1195.31 3.42481e-07 
1195.32 3.44361e-07 
1195.32 3.46397e-07 
1195.33 3.48596e-07 
1195.34 3.50964e-07 
1195.35 3.53509e-07 
1195.36 3.56237e-07 
1195.37 3.59156e-07 
1195.38 3.62273e-07 
1195.39 3.65596e-07 
1195.4 3.69131e-07 
1195.41 3.72887e-07 
1195.42 3.76872e-07 
1195.43 3.81092e-07 
1195.44 3.85556e-07 
1195.45 3.90271e-07 
1195.46 3.95247e-07 
1195.47 4.00489e-07 
1195.48 4.06086e-07 
1195.49 4.11891e-07 
1195.5 4.17987e-07 
1195.51 4.24382e-07 
1195.52 4.31084e-07 
1195.53 4.381e-07 
1195.54 4.45437e-07 
1195.55 4.53104e-07 
1195.56 4.61106e-07 
1195.57 4.69451e-07 
1195.58 4.78145e-07 
1195.59 4.87196e-07 
1195.6 4.96609e-07 
1195.61 5.06702e-07 
1195.62 5.16862e-07 
1195.63 5.274e-07 
1195.64 5.3832e-07 
1195.65 5.49628e-07 
1195.66 5.61326e-07 
1195.67 5.73418e-07 
1195.68 5.85907e-07 
1195.69 5.98795e-07 
1195.7 6.12082e-07 
1195.71 6.25772e-07 
1195.72 6.39861e-07 
1195.73 6.54544e-07 
1195.74 6.69439e-07 
1195.75 6.84731e-07 
1195.75 7.00419e-07 
1195.76 7.16497e-07 
1195.77 7.32963e-07 
1195.78 7.4981e-07 
1195.79 7.67033e-07 
1195.8 7.84625e-07 
1195.81 8.02578e-07 
1195.82 8.20884e-07 
1195.83 8.39532e-07 
1195.84 8.58514e-07 
1195.85 8.77815e-07 
1195.86 8.97425e-07 
1195.87 9.17331e-07 
1195.88 9.37517e-07 
1195.89 9.57969e-07 
1195.9 9.7867e-07 
1195.91 9.99604e-07 
1195.92 1.02075e-06 
1195.93 1.0421e-06 
1195.94 1.06362e-06 
1195.95 1.08529e-06 
1195.96 1.1071e-06 
1195.97 1.12902e-06 
1195.98 1.15131e-06 
1195.99 1.17338e-06 
1196 1.19549e-06 
1196.01 1.21762e-06 
1196.02 1.23973e-06 
1196.03 1.26181e-06 
1196.04 1.28382e-06 
1196.05 1.30573e-06 
1196.06 1.32753e-06 
1196.07 1.34917e-06 
1196.08 1.37064e-06 
1196.09 1.3919e-06 
1196.1 1.41292e-06 
1196.11 1.43368e-06 
1196.12 1.45414e-06 
1196.13 1.47428e-06 
1196.14 1.49406e-06 
1196.15 1.51346e-06 
1196.16 1.53245e-06 
1196.17 1.55099e-06 
1196.17 1.56906e-06 
1196.18 1.58664e-06 
1196.19 1.60369e-06 
1196.2 1.62019e-06 
1196.21 1.63611e-06 
1196.22 1.65161e-06 
1196.23 1.66629e-06 
1196.24 1.68031e-06 
1196.25 1.69365e-06 
1196.26 1.70629e-06 
1196.27 1.71821e-06 
1196.28 1.72938e-06 
1196.29 1.73979e-06 
1196.3 1.74943e-06 
1196.31 1.75827e-06 
1196.32 1.76629e-06 
1196.33 1.77349e-06 
1196.34 1.77985e-06 
1196.35 1.78536e-06 
1196.36 1.79001e-06 
1196.37 1.7938e-06 
1196.38 1.7967e-06 
1196.39 1.79873e-06 
1196.4 1.79987e-06 
1196.41 1.80013e-06 
1196.42 1.79949e-06 
1196.43 1.79797e-06 
1196.44 1.79557e-06 
1196.45 1.79229e-06 
1196.46 1.78813e-06 
1196.47 1.78311e-06 
1196.48 1.77716e-06 
1196.49 1.77042e-06 
1196.5 1.76285e-06 
1196.51 1.75445e-06 
1196.52 1.74525e-06 
1196.53 1.73526e-06 
1196.54 1.72449e-06 
1196.55 1.71297e-06 
1196.56 1.70072e-06 
1196.57 1.68776e-06 
1196.58 1.67411e-06 
1196.59 1.6598e-06 
1196.6 1.64485e-06 
1196.6 1.6303e-06 
1196.61 1.61414e-06 
1196.62 1.59743e-06 
1196.63 1.58019e-06 
1196.64 1.56245e-06 
1196.65 1.54425e-06 
1196.66 1.52562e-06 
1196.67 1.50658e-06 
1196.68 1.48717e-06 
1196.69 1.46743e-06 
1196.7 1.44739e-06 
1196.71 1.42707e-06 
1196.72 1.40653e-06 
1196.73 1.38553e-06 
1196.74 1.36462e-06 
1196.75 1.34358e-06 
1196.76 1.32244e-06 
1196.77 1.30125e-06 
1196.78 1.28002e-06 
1196.79 1.25881e-06 
1196.8 1.23764e-06 
1196.81 1.21655e-06 
1196.82 1.19556e-06 
1196.83 1.17472e-06 
1196.84 1.15406e-06 
1196.85 1.1336e-06 
1196.86 1.11337e-06 
1196.87 1.09342e-06 
1196.88 1.07376e-06 
1196.89 1.05443e-06 
1196.9 1.03545e-06 
1196.91 1.01686e-06 
1196.92 9.98671e-07 
1196.93 9.80915e-07 
1196.94 9.63615e-07 
1196.95 9.46794e-07 
1196.96 9.30473e-07 
1196.97 9.14673e-07 
1196.98 8.99235e-07 
1196.99 8.84542e-07 
1197 8.70423e-07 
1197.01 8.56895e-07 
1197.02 8.43972e-07 
1197.03 8.31666e-07 
1197.03 8.19989e-07 
1197.04 8.0895e-07 
1197.05 7.98557e-07 
1197.06 7.88819e-07 
1197.07 7.79739e-07 
1197.08 7.71322e-07 
1197.09 7.63569e-07 
1197.1 7.56483e-07 
1197.11 7.50062e-07 
1197.12 7.44304e-07 
1197.13 7.39205e-07 
1197.14 7.34761e-07 
1197.15 7.30963e-07 
1197.16 7.27805e-07 
1197.17 7.25276e-07 
1197.18 7.23365e-07 
1197.19 7.22059e-07 
1197.2 7.21345e-07 
1197.21 7.21206e-07 
1197.22 7.21626e-07 
1197.23 7.22611e-07 
1197.24 7.24099e-07 
1197.25 7.26088e-07 
1197.26 7.28554e-07 
1197.27 7.31477e-07 
1197.28 7.3483e-07 
1197.29 7.38589e-07 
1197.3 7.42728e-07 
1197.31 7.4722e-07 
1197.32 7.52036e-07 
1197.33 7.5715e-07 
1197.34 7.6253e-07 
1197.35 7.68147e-07 
1197.36 7.7397e-07 
1197.37 7.7997e-07 
1197.38 7.86116e-07 
1197.39 7.92374e-07 
1197.4 7.98715e-07 
1197.41 8.05106e-07 
1197.42 8.11516e-07 
1197.43 8.17914e-07 
1197.44 8.24268e-07 
1197.45 8.30546e-07 
1197.45 8.36722e-07 
1197.46 8.42761e-07 
1197.47 8.48638e-07 
1197.48 8.544e-07 
1197.49 8.5986e-07 
1197.5 8.65072e-07 
1197.51 8.70012e-07 
1197.52 8.74654e-07 
1197.53 8.78973e-07 
1197.54 8.82948e-07 
1197.55 8.8656e-07 
1197.56 8.89785e-07 
1197.57 8.92608e-07 
1197.58 8.95011e-07 
1197.59 8.96979e-07 
1197.6 8.98499e-07 
1197.61 9.00113e-07 
1197.62 9.00702e-07 
1197.63 9.00811e-07 
1197.64 9.00434e-07 
1197.65 8.99565e-07 
1197.66 8.98202e-07 
1197.67 8.96343e-07 
1197.68 8.9399e-07 
1197.69 8.91143e-07 
1197.7 8.87806e-07 
1197.71 8.83987e-07 
1197.72 8.79691e-07 
1197.73 8.74876e-07 
1197.74 8.69652e-07 
1197.75 8.63987e-07 
1197.76 8.57892e-07 
1197.77 8.51384e-07 
1197.78 8.44481e-07 
1197.79 8.372e-07 
1197.8 8.29562e-07 
1197.81 8.21589e-07 
1197.82 8.13302e-07 
1197.83 8.04726e-07 
1197.84 7.95884e-07 
1197.85 7.86804e-07 
1197.86 7.77511e-07 
1197.87 7.68033e-07 
1197.88 7.58399e-07 
1197.88 7.48638e-07 
1197.89 7.38778e-07 
1197.9 7.28851e-07 
1197.91 7.18886e-07 
1197.92 7.08915e-07 
1197.93 6.98968e-07 
1197.94 6.89078e-07 
1197.95 6.79274e-07 
1197.96 6.69589e-07 
1197.97 6.60055e-07 
1197.98 6.50595e-07 
1197.99 6.41458e-07 
1198 6.32565e-07 
1198.01 6.23946e-07 
1198.02 6.15634e-07 
1198.03 6.07656e-07 
1198.04 6.00042e-07 
1198.05 5.92823e-07 
1198.06 5.86025e-07 
1198.07 5.79677e-07 
1198.08 5.73807e-07 
1198.09 5.68439e-07 
1198.1 5.63602e-07 
1198.11 5.59321e-07 
1198.12 5.55619e-07 
1198.13 5.5252e-07 
1198.14 5.50048e-07 
1198.15 5.48225e-07 
1198.16 5.47073e-07 
1198.17 5.46611e-07 
1198.18 5.46861e-07 
1198.19 5.47842e-07 
1198.2 5.4957e-07 
1198.21 5.52066e-07 
1198.22 5.55344e-07 
1198.23 5.59487e-07 
1198.24 5.64389e-07 
1198.25 5.7012e-07 
1198.26 5.76693e-07 
1198.27 5.84122e-07 
1198.28 5.92417e-07 
1198.29 6.01591e-07 
1198.3 6.11653e-07 
1198.3 6.22613e-07 
1198.31 6.3448e-07 
1198.32 6.47263e-07 
1198.33 6.60966e-07 
1198.34 6.75598e-07 
1198.35 6.91164e-07 
1198.36 7.07669e-07 
1198.37 7.25116e-07 
1198.38 7.43509e-07 
1198.39 7.6285e-07 
1198.4 7.8314e-07 
1198.41 8.04379e-07 
1198.42 8.26567e-07 
1198.43 8.49704e-07 
1198.44 8.73787e-07 
1198.45 8.98813e-07 
1198.46 9.24778e-07 
1198.47 9.51674e-07 
1198.48 9.79862e-07 
1198.49 1.00862e-06 
1198.5 1.03829e-06 
1198.51 1.06886e-06 
1198.52 1.10033e-06 
1198.53 1.13267e-06 
1198.54 1.16589e-06 
1198.55 1.19996e-06 
1198.56 1.23487e-06 
1198.57 1.27061e-06 
1198.58 1.30715e-06 
1198.59 1.34448e-06 
1198.6 1.38259e-06 
1198.61 1.42232e-06 
1198.62 1.46192e-06 
1198.63 1.50222e-06 
1198.64 1.54321e-06 
1198.65 1.58485e-06 
1198.66 1.62711e-06 
1198.67 1.66998e-06 
1198.68 1.71341e-06 
1198.69 1.75737e-06 
1198.7 1.80184e-06 
1198.71 1.84678e-06 
1198.72 1.89216e-06 
1198.73 1.93852e-06 
1198.73 1.98466e-06 
1198.74 2.03112e-06 
1198.75 2.07787e-06 
1198.76 2.12486e-06 
1198.77 2.17205e-06 
1198.78 2.2194e-06 
1198.79 2.26686e-06 
1198.8 2.31439e-06 
1198.81 2.36194e-06 
1198.82 2.40947e-06 
1198.83 2.45693e-06 
1198.84 2.50427e-06 
1198.85 2.55144e-06 
1198.86 2.5984e-06 
1198.87 2.64509e-06 
1198.88 2.69146e-06 
1198.89 2.73746e-06 
1198.9 2.78304e-06 
1198.91 2.82815e-06 
1198.92 2.87274e-06 
1198.93 2.91675e-06 
1198.94 2.96015e-06 
1198.95 3.00286e-06 
1198.96 3.04485e-06 
1198.97 3.08606e-06 
1198.98 3.12695e-06 
1198.99 3.16645e-06 
1199 3.20502e-06 
1199.01 3.24261e-06 
1199.02 3.27918e-06 
1199.03 3.31469e-06 
1199.04 3.34908e-06 
1199.05 3.38231e-06 
1199.06 3.41434e-06 
1199.07 3.44512e-06 
1199.08 3.47462e-06 
1199.09 3.5028e-06 
1199.1 3.52962e-06 
1199.11 3.55504e-06 
1199.12 3.57903e-06 
1199.13 3.60155e-06 
1199.14 3.62259e-06 
1199.15 3.6421e-06 
1199.15 3.66006e-06 
1199.16 3.67645e-06 
1199.17 3.69124e-06 
1199.18 3.70442e-06 
1199.19 3.71596e-06 
1199.2 3.72585e-06 
1199.21 3.73408e-06 
1199.22 3.7407e-06 
1199.23 3.74556e-06 
1199.24 3.74873e-06 
1199.25 3.75019e-06 
1199.26 3.74996e-06 
1199.27 3.74804e-06 
1199.28 3.74442e-06 
1199.29 3.73912e-06 
1199.3 3.73214e-06 
1199.31 3.72349e-06 
1199.32 3.71318e-06 
1199.33 3.70124e-06 
1199.34 3.68768e-06 
1199.35 3.67251e-06 
1199.36 3.65576e-06 
1199.37 3.63745e-06 
1199.38 3.61762e-06 
1199.39 3.59628e-06 
1199.4 3.57347e-06 
1199.41 3.54922e-06 
1199.42 3.52357e-06 
1199.43 3.49654e-06 
1199.44 3.46819e-06 
1199.45 3.43854e-06 
1199.46 3.40765e-06 
1199.47 3.37554e-06 
1199.48 3.34184e-06 
1199.49 3.30744e-06 
1199.5 3.27196e-06 
1199.51 3.23547e-06 
1199.52 3.19799e-06 
1199.53 3.15958e-06 
1199.54 3.12031e-06 
1199.55 3.0802e-06 
1199.56 3.03933e-06 
1199.57 2.99773e-06 
1199.58 2.95547e-06 
1199.58 2.91259e-06 
1199.59 2.86915e-06 
1199.6 2.8252e-06 
1199.61 2.78252e-06 
1199.62 2.73769e-06 
1199.63 2.69252e-06 
1199.64 2.64705e-06 
1199.65 2.60134e-06 
1199.66 2.55544e-06 
1199.67 2.50941e-06 
1199.68 2.4633e-06 
1199.69 2.41715e-06 
1199.7 2.37102e-06 
1199.71 2.32495e-06 
1199.72 2.279e-06 
1199.73 2.23264e-06 
1199.74 2.18705e-06 
1199.75 2.14173e-06 
1199.76 2.0967e-06 
1199.77 2.05201e-06 
1199.78 2.0077e-06 
1199.79 1.96382e-06 
1199.8 1.9204e-06 
1199.81 1.87747e-06 
1199.82 1.83509e-06 
1199.83 1.79326e-06 
1199.84 1.75205e-06 
1199.85 1.71146e-06 
1199.86 1.67154e-06 
1199.87 1.63232e-06 
1199.88 1.59381e-06 
1199.89 1.55604e-06 
1199.9 1.51904e-06 
1199.91 1.48283e-06 
1199.92 1.44743e-06 
1199.93 1.41285e-06 
1199.94 1.37913e-06 
1199.95 1.34625e-06 
1199.96 1.31426e-06 
1199.97 1.28314e-06 
1199.98 1.25256e-06 
1199.99 1.22325e-06 
1200 1.19485e-06 
1200.01 1.16737e-06 
1200.01 1.14081e-06 
1200.02 1.11517e-06 
1200.03 1.09046e-06 
1200.04 1.06667e-06 
1200.05 1.04379e-06 
1200.06 1.02184e-06 
1200.07 1.00079e-06 
1200.08 9.80651e-07 
1200.09 9.61408e-07 
1200.1 9.43057e-07 
1200.11 9.25583e-07 
1200.12 9.08978e-07 
1200.13 8.93229e-07 
1200.14 8.78323e-07 
1200.15 8.64244e-07 
1200.16 8.50979e-07 
1200.17 8.3851e-07 
1200.18 8.26821e-07 
1200.19 8.15892e-07 
1200.2 8.05706e-07 
1200.21 7.96242e-07 
1200.22 7.8748e-07 
1200.23 7.79303e-07 
1200.24 7.7189e-07 
1200.25 7.65113e-07 
1200.26 7.5895e-07 
1200.27 7.53378e-07 
1200.28 7.48372e-07 
1200.29 7.4391e-07 
1200.3 7.39966e-07 
1200.31 7.36515e-07 
1200.32 7.33533e-07 
1200.33 7.30995e-07 
1200.34 7.28875e-07 
1200.35 7.27149e-07 
1200.36 7.2579e-07 
1200.37 7.24773e-07 
1200.38 7.24074e-07 
1200.39 7.23667e-07 
1200.4 7.23525e-07 
1200.41 7.23626e-07 
1200.42 7.23944e-07 
1200.43 7.24455e-07 
1200.43 7.25134e-07 
1200.44 7.25957e-07 
1200.45 7.26902e-07 
1200.46 7.27945e-07 
1200.47 7.29064e-07 
1200.48 7.30252e-07 
1200.49 7.31455e-07 
1200.5 7.32671e-07 
1200.51 7.33876e-07 
1200.52 7.35052e-07 
1200.53 7.36178e-07 
1200.54 7.37237e-07 
1200.55 7.38211e-07 
1200.56 7.39081e-07 
1200.57 7.39832e-07 
1200.58 7.40448e-07 
1200.59 7.40915e-07 
1200.6 7.41218e-07 
1200.61 7.418e-07 
1200.62 7.41734e-07 
1200.63 7.41467e-07 
1200.64 7.40985e-07 
1200.65 7.40279e-07 
1200.66 7.39341e-07 
1200.67 7.38162e-07 
1200.68 7.36733e-07 
1200.69 7.35048e-07 
1200.7 7.331e-07 
1200.71 7.30885e-07 
1200.72 7.28398e-07 
1200.73 7.25598e-07 
1200.74 7.22553e-07 
1200.75 7.19226e-07 
1200.76 7.15618e-07 
1200.77 7.11726e-07 
1200.78 7.07552e-07 
1200.79 7.03097e-07 
1200.8 6.98361e-07 
1200.81 6.93349e-07 
1200.82 6.8806e-07 
1200.83 6.82501e-07 
1200.84 6.76675e-07 
1200.85 6.70587e-07 
1200.85 6.64243e-07 
1200.86 6.57648e-07 
1200.87 6.50807e-07 
1200.88 6.43731e-07 
1200.89 6.36424e-07 
1200.9 6.28895e-07 
1200.91 6.21152e-07 
1200.92 6.13205e-07 
1200.93 6.0506e-07 
1200.94 5.9673e-07 
1200.95 5.88222e-07 
1200.96 5.79546e-07 
1200.97 5.70713e-07 
1200.98 5.61619e-07 
1200.99 5.52501e-07 
1201 5.43256e-07 
1201.01 5.33895e-07 
1201.02 5.24429e-07 
1201.03 5.1487e-07 
1201.04 5.05227e-07 
1201.05 4.95512e-07 
1201.06 4.85735e-07 
1201.07 4.75908e-07 
1201.08 4.66039e-07 
1201.09 4.5614e-07 
1201.1 4.46223e-07 
1201.11 4.36295e-07 
1201.12 4.26369e-07 
1201.13 4.16453e-07 
1201.14 4.06557e-07 
1201.15 3.96691e-07 
1201.16 3.86864e-07 
1201.17 3.77084e-07 
1201.18 3.67361e-07 
1201.19 3.57703e-07 
1201.2 3.48117e-07 
1201.21 3.38612e-07 
1201.22 3.29195e-07 
1201.23 3.19758e-07 
1201.24 3.10539e-07 
1201.25 3.01429e-07 
1201.26 2.92434e-07 
1201.27 2.83559e-07 
1201.28 2.74809e-07 
1201.28 2.6619e-07 
1201.29 2.57708e-07 
1201.3 2.49364e-07 
1201.31 2.41165e-07 
1201.32 2.33114e-07 
1201.33 2.25213e-07 
1201.34 2.17466e-07 
1201.35 2.09875e-07 
1201.36 2.02444e-07 
1201.37 1.95173e-07 
1201.38 1.88065e-07 
1201.39 1.81121e-07 
1201.4 1.74341e-07 
1201.41 1.67728e-07 
1201.42 1.61281e-07 
1201.43 1.55e-07 
1201.44 1.48885e-07 
1201.45 1.42937e-07 
1201.46 1.37155e-07 
1201.47 1.31537e-07 
1201.48 1.26016e-07 
1201.49 1.20727e-07 
1201.5 1.156e-07 
1201.51 1.10631e-07 
1201.52 1.05821e-07 
1201.53 1.01167e-07 
1201.54 9.66669e-08 
1201.55 9.23183e-08 
1201.56 8.8119e-08 
1201.57 8.40666e-08 
1201.58 8.01584e-08 
1201.59 7.63918e-08 
1201.6 7.27639e-08 
1201.61 6.93147e-08 
1201.62 6.59535e-08 
1201.63 6.27224e-08 
1201.64 5.96182e-08 
1201.65 5.66379e-08 
1201.66 5.37783e-08 
1201.67 5.10363e-08 
1201.68 4.84086e-08 
1201.69 4.58921e-08 
1201.7 4.34835e-08 
1201.7 4.11797e-08 
1201.71 3.89774e-08 
1201.72 3.68479e-08 
1201.73 3.48405e-08 
1201.74 3.2925e-08 
1201.75 3.10986e-08 
1201.76 2.9358e-08 
1201.77 2.77003e-08 
1201.78 2.61224e-08 
1201.79 2.46215e-08 
1201.8 2.31946e-08 
1201.81 2.18389e-08 
1201.82 2.05517e-08 
1201.83 1.93301e-08 
1201.84 1.81716e-08 
1201.85 1.70736e-08 
1201.86 1.60335e-08 
1201.87 1.50488e-08 
1201.88 1.41172e-08 
1201.89 1.32363e-08 
1201.9 1.24038e-08 
1201.91 1.16175e-08 
1201.92 1.08754e-08 
1201.93 1.01754e-08 
1201.94 9.51539e-09 
1201.95 8.89353e-09 
1201.96 8.30793e-09 
1201.97 7.75681e-09 
1201.98 7.23218e-09 
1201.99 6.74528e-09 
1202 6.28785e-09 
1202.01 5.85837e-09 
1202.02 5.45535e-09 
1202.03 5.07738e-09 
1202.04 4.72312e-09 
1202.05 4.39126e-09 
1202.06 4.08058e-09 
1202.07 3.78988e-09 
1202.08 3.51804e-09 
1202.09 3.26399e-09 
1202.1 3.02668e-09 
1202.11 2.80516e-09 
1202.12 2.59848e-09 
1202.13 2.40576e-09 
1202.13 2.22617e-09 
1202.14 2.0589e-09 
1202.15 1.90319e-09 
1202.16 1.75834e-09 
1202.17 1.62366e-09 
1202.18 1.4985e-09 
1202.19 1.38227e-09 
1202.2 1.27438e-09 
1202.21 1.17429e-09 
1202.22 1.08043e-09 
1202.23 9.9448e-10 
1202.24 9.14927e-10 
1202.25 8.41295e-10 
1202.26 7.73181e-10 
1202.27 7.10209e-10 
1202.28 6.52022e-10 
1202.29 5.98288e-10 
1202.3 5.48694e-10 
1202.31 5.02946e-10 
1202.32 4.6077e-10 
1202.33 4.21908e-10 
1202.34 3.86122e-10 
1202.35 3.53185e-10 
1202.36 3.22887e-10 
1202.37 2.95034e-10 
1202.38 2.69441e-10 
1202.39 2.45939e-10 
1202.4 2.24369e-10 
1202.41 2.04584e-10 
1202.42 1.86444e-10 
1202.43 1.69824e-10 
1202.44 1.54604e-10 
1202.45 1.40674e-10 
1202.46 1.27932e-10 
1202.47 1.16283e-10 
1202.48 1.05512e-10 
1202.49 9.58032e-11 
1202.5 8.69418e-11 
1202.51 7.88586e-11 
1202.52 7.14893e-11 
1202.53 6.47746e-11 
1202.54 5.86596e-11 
1202.55 5.30941e-11 
1202.56 4.80313e-11 
1202.56 4.34285e-11 
1202.57 3.9246e-11 
1202.58 3.54478e-11 
1202.59 3.20003e-11 
1202.6 2.88729e-11 
1202.61 2.60534e-11 
1202.62 2.34825e-11 
1202.63 2.11541e-11 
1202.64 1.90466e-11 
1202.65 1.71401e-11 
1202.66 1.54162e-11 
1202.67 1.38585e-11 
1202.68 1.24516e-11 
1202.69 1.11816e-11 
1202.7 1.00359e-11 
1202.71 9.00287e-12 
1202.72 8.07191e-12 
1202.73 7.22348e-12 
1202.74 6.46967e-12 
1202.75 5.79148e-12 
1202.76 5.18165e-12 
1202.77 4.6336e-12 
1202.78 4.14134e-12 
1202.79 3.69943e-12 
1202.8 3.30293e-12 
1202.81 2.94738e-12 
1202.82 2.62872e-12 
1202.83 2.34328e-12 
1202.84 2.08774e-12 
1202.85 1.85909e-12 
1202.86 1.65461e-12 
1202.87 1.47184e-12 
1202.88 1.30858e-12 
1202.89 1.16281e-12 
1202.9 1.03274e-12 
1202.91 9.16732e-13 
1202.92 8.1333e-13 
1202.93 7.21211e-13 
1202.94 6.3919e-13 
1202.95 5.66199e-13 
1202.96 5.01279e-13 
1202.97 4.4357e-13 
1202.98 3.92298e-13 
1202.98 3.46234e-13 
1202.99 3.0589e-13 
1203 2.70104e-13 
1203.01 2.38379e-13 
1203.02 2.1027e-13 
1203.03 1.85378e-13 
1203.04 1.63346e-13 
1203.05 1.43858e-13 
1203.06 1.26628e-13 
1203.07 1.11403e-13 
1203.08 9.79567e-14 
1203.09 8.60883e-14 
1203.1 7.56181e-14 
1203.11 6.63864e-14 
1203.12 5.82511e-14 
1203.13 5.10859e-14 
1203.14 4.47784e-14 
1203.15 3.92291e-14 
1203.16 3.43494e-14 
1203.17 3.00609e-14 
1203.18 2.6294e-14 
1203.19 2.2987e-14 
1203.2 2.00854e-14 
1203.21 1.75408e-14 
1203.22 1.53105e-14 
1203.23 1.3334e-14 
1203.24 1.16263e-14 
1203.25 1.0132e-14 
1203.26 8.82508e-15 
1203.27 7.68271e-15 
1203.28 6.6847e-15 
1203.29 5.81328e-15 
1203.3 5.05279e-15 
1203.31 4.38949e-15 
1203.32 3.81125e-15 
1203.33 3.30745e-15 
1203.34 2.86873e-15 
1203.35 2.4869e-15 
1203.36 2.15476e-15 
1203.37 1.866e-15 
1203.38 1.61508e-15 
1203.39 1.39717e-15 
1203.4 1.20802e-15 
1203.41 1.04394e-15 
1203.41 9.01661e-16 
1203.42 7.78367e-16 
1203.43 6.7158e-16 
1203.44 5.79138e-16 
1203.45 4.99158e-16 
1203.46 4.29997e-16 
1203.47 3.70224e-16 
1203.48 3.17994e-16 
1203.49 2.73501e-16 
1203.5 2.35109e-16 
1203.51 2.02001e-16 
1203.52 1.73463e-16 
1203.53 1.48879e-16 
1203.54 1.27712e-16 
1203.55 1.09496e-16 
1203.56 9.38297e-17 
1203.57 8.03624e-17 
1203.58 6.87918e-17 
1203.59 5.88562e-17 
1203.6 5.03291e-17 
1203.61 4.30413e-17 
1203.62 3.67668e-17 
1203.63 3.13904e-17 
1203.64 2.67862e-17 
1203.65 2.28452e-17 
1203.66 1.94739e-17 
1203.67 1.65913e-17 
1203.68 1.4128e-17 
1203.69 1.20241e-17 
1203.7 1.02281e-17 
1203.71 8.69579e-18 
1203.72 7.38916e-18 
1203.73 6.26275e-18 
1203.74 5.31608e-18 
1203.75 4.51013e-18 
1203.76 3.82436e-18 
1203.77 3.24116e-18 
1203.78 2.74545e-18 
1203.79 2.32433e-18 
1203.8 1.96677e-18 
1203.81 1.66334e-18 
1203.82 1.40598e-18 
1203.83 1.18782e-18 
1203.83 1.00298e-18 
1203.84 8.46461e-19 
1203.85 7.13991e-19 
1203.86 6.01935e-19 
1203.87 5.07199e-19 
1203.88 4.27148e-19 
1203.89 3.59543e-19 
1203.9 3.02478e-19 
1203.91 2.54337e-19 
1203.92 2.13745e-19 
1203.93 1.79537e-19 
1203.94 1.50724e-19 
1203.95 1.26469e-19 
1203.96 1.06062e-19 
1203.97 8.89001e-20 
1203.98 7.43115e-20 
1203.99 6.22216e-20 
1204 5.20712e-20 
1204.01 4.35538e-20 
1204.02 3.64104e-20 
1204.03 3.04226e-20 
1204.04 2.54062e-20 
1204.05 2.12058e-20 
1204.06 1.76905e-20 
1204.07 1.47502e-20 
1204.08 1.22921e-20 
1204.09 1.02383e-20 
1204.1 8.52314e-21 
1204.11 7.09159e-21 
1204.12 5.89738e-21 
1204.13 4.9017e-21 
1204.14 4.07198e-21 
1204.15 3.38093e-21 
1204.16 2.80567e-21 
1204.17 2.32708e-21 
1204.18 1.92911e-21 
1204.19 1.59835e-21 
1204.2 1.32361e-21 
1204.21 1.09552e-21 
1204.22 9.06259e-22 
1204.23 7.47517e-22 
1204.24 6.17722e-22 
1204.25 5.10195e-22 
1204.26 4.21164e-22 
1204.26 3.47486e-22 
1204.27 2.86547e-22 
1204.28 2.3617e-22 
1204.29 1.94548e-22 
1204.3 1.60177e-22 
1204.31 1.31809e-22 
1204.32 1.08408e-22 
1204.33 8.91143e-23 
1204.34 7.32161e-23 
1204.35 6.01226e-23 
1204.36 4.93447e-23 
1204.37 4.04775e-23 
1204.38 3.31864e-23 
1204.39 2.71942e-23 
1204.4 2.22723e-23 
1204.41 1.82316e-23 
1204.42 1.49162e-23 
1204.43 1.21972e-23 
1204.44 9.96865e-24 
1204.45 8.14298e-24 
1204.46 6.64816e-24 
1204.47 5.42489e-24 
1204.48 4.41311e-24 
1204.49 3.59728e-24 
1204.5 2.93074e-24 
1204.51 2.38644e-24 
1204.52 1.9422e-24 
1204.53 1.57983e-24 
1204.54 1.2844e-24 
1204.55 1.04366e-24 
1204.56 8.47599e-25 
1204.57 6.88008e-25 
1204.58 5.58171e-25 
1204.59 4.52599e-25 
1204.6 3.66802e-25 
1204.61 2.97112e-25 
1204.62 2.40685e-25 
1204.63 1.94751e-25 
1204.64 1.57502e-25 
1204.65 1.27309e-25 
1204.66 1.02851e-25 
1204.67 8.30474e-26 
1204.68 6.70219e-26 
1204.68 5.40603e-26 
1204.69 4.35825e-26 
1204.7 3.5117e-26 
1204.71 2.82809e-26 
1204.72 2.27019e-26 
1204.73 1.82633e-26 
1204.74 1.46848e-26 
1204.75 1.18013e-26 
1204.76 9.47895e-27 
1204.77 7.60963e-27 
1204.78 6.10574e-27 
1204.79 4.89649e-27 
1204.8 3.92467e-27 
1204.81 3.14408e-27 
1204.82 2.51741e-27 
1204.83 2.01459e-27 
1204.84 1.61136e-27 
1204.85 1.28815e-27 
1204.86 1.02924e-27 
1204.87 8.2193e-28 
1204.88 6.56032e-28 
1204.89 5.23345e-28 
1204.9 4.17274e-28 
1204.91 3.32527e-28 
1204.92 2.64853e-28 
1204.93 2.1084e-28 
1204.94 1.67754e-28 
1204.95 1.33403e-28 
1204.96 1.0603e-28 
1204.97 8.42295e-29 
1204.98 6.66833e-29 
1204.99 5.29167e-29 
1205 4.19701e-29 
1205.01 3.32704e-29 
1205.02 2.63602e-29 
1205.03 2.08742e-29 
1205.04 1.65213e-29 
1205.05 1.30692e-29 
1205.06 1.0333e-29 
1205.07 8.16532e-30 
1205.08 6.44901e-30 
1205.09 5.09078e-30 
1205.1 4.0165e-30 
1205.11 3.16724e-30 
1205.11 2.49625e-30 
1205.12 1.96637e-30 
1205.13 1.54816e-30 
1205.14 1.21825e-30 
1205.15 9.58138e-31 
1205.16 7.53168e-31 
1205.17 5.91735e-31 
1205.18 4.64659e-31 
1205.19 3.64681e-31 
1205.2 2.86064e-31 
1205.21 2.24278e-31 
1205.22 1.75268e-31 
1205.23 1.3722e-31 
1205.24 1.07411e-31 
1205.25 8.40341e-32 
1205.26 6.57102e-32 
1205.27 5.13548e-32 
1205.28 4.01145e-32 
1205.29 3.1318e-32 
1205.3 2.44375e-32 
1205.31 1.90586e-32 
1205.32 1.48559e-32 
1205.33 1.15738e-32 
1205.34 9.01211e-33 
1205.35 7.01371e-33 
1205.36 5.45557e-33 
1205.37 4.24136e-33 
1205.38 3.29565e-33 
1205.39 2.55946e-33 
1205.4 1.98668e-33 
1205.41 1.54127e-33 
1205.42 1.19509e-33 
1205.43 9.2618e-34 
1205.44 7.17399e-34 
1205.45 5.5539e-34 
1205.46 4.29741e-34 
1205.47 3.32344e-34 
1205.48 2.56156e-34 
1205.49 1.97816e-34 
1205.5 1.5274e-34 
1205.51 1.17874e-34 
1205.52 9.09185e-35 
1205.53 7.00905e-35 
1205.54 5.40055e-35 
1205.54 4.15899e-35 
1205.55 3.20118e-35 
1205.56 2.46265e-35 
1205.57 1.89351e-35 
1205.58 1.45514e-35 
1205.59 1.11767e-35 
1205.6 8.5801e-36 
1205.61 6.58735e-36 
1205.62 5.05166e-36 
1205.63 3.87194e-36 
1205.64 2.96616e-36 
1205.65 2.27108e-36 
1205.66 1.73797e-36 
1205.67 1.3293e-36 
1205.68 1.01619e-36 
1205.69 7.76423e-37 
1205.7 5.92917e-37 
1205.71 4.52545e-37 
1205.72 3.45223e-37 
1205.73 2.62323e-37 
1205.74 1.99901e-37 
1205.75 1.52253e-37 
1205.76 1.15901e-37 
1205.77 8.81826e-38 
1205.78 6.70576e-38 
1205.79 5.09666e-38 
1205.8 3.87163e-38 
1205.81 2.93951e-38 
1205.82 2.23062e-38 
1205.83 1.6918e-38 
1205.84 1.28246e-38 
1205.85 9.71652e-39 
1205.86 7.35782e-39 
1205.87 5.56877e-39 
1205.88 4.2125e-39 
1205.89 3.18488e-39 
1205.9 2.40668e-39 
1205.91 1.81766e-39 
1205.92 1.37209e-39 
1205.93 1.03519e-39 
1205.94 7.80605e-40 
1205.95 5.88321e-40 
1205.96 4.43168e-40 
1205.96 3.33651e-40 
1205.97 2.51066e-40 
1205.98 1.88154e-40 
1205.99 1.41432e-40 
1206 1.06258e-40 
1206.01 7.97885e-41 
1206.02 5.98803e-41 
1206.03 4.49172e-41 
1206.04 3.3676e-41 
1206.05 2.52332e-41 
1206.06 1.88979e-41 
1206.07 1.41461e-41 
1206.08 1.0584e-41 
1206.09 7.91313e-42 
1206.1 5.91348e-42 
1206.11 4.41829e-42 
1206.12 3.29866e-42 
1206.13 2.46068e-42 
1206.14 1.8357e-42 
1206.15 1.36767e-42 
1206.16 1.02015e-42 
1206.17 7.58102e-43 
1206.18 5.64723e-43 
1206.19 4.2039e-43 
1206.2 3.1249e-43 
1206.21 2.31214e-43 
1206.22 1.7236e-43 
1206.23 1.26117e-43 
1206.24 9.3887e-44 
1206.25 7.00649e-44 
1206.26 5.1848e-44 
1206.27 3.92364e-44 
1206.28 2.94273e-44 
1206.29 2.10195e-44 
1206.3 1.54143e-44 
1206.31 1.12104e-44 
1206.32 8.40779e-45 
1206.33 7.00649e-45 
1206.34 4.2039e-45 
1206.35 2.8026e-45 
1206.36 2.8026e-45 
1206.37 2.8026e-45 
1206.38 1.4013e-45 
1206.39 1.4013e-45 
1206.39 1.4013e-45 
1206.4 0 
1206.41 0 
1206.42 0 
1206.43 0 
1206.44 0 
1206.45 0 
1206.46 0 
1206.47 0 
1206.48 0 
1206.49 0 
1206.5 0 
1206.51 0 
1206.52 0 
1206.53 0 
1206.54 0 
1206.55 0 
1206.56 0 
1206.57 0 
1206.58 0 
1206.59 0 
1206.6 0 
