#energy geo_1 
1186.6 1.35387e-06 
1186.61 1.35306e-06 
1186.62 1.35226e-06 
1186.63 1.35145e-06 
1186.64 1.35065e-06 
1186.65 1.34984e-06 
1186.66 1.34904e-06 
1186.67 1.34823e-06 
1186.68 1.34743e-06 
1186.69 1.34663e-06 
1186.7 1.34582e-06 
1186.71 1.34502e-06 
1186.72 1.34422e-06 
1186.73 1.34341e-06 
1186.74 1.34261e-06 
1186.75 1.34181e-06 
1186.76 1.34101e-06 
1186.77 1.34021e-06 
1186.78 1.33941e-06 
1186.79 1.33861e-06 
1186.8 1.33781e-06 
1186.81 1.33701e-06 
1186.81 1.33621e-06 
1186.82 1.33541e-06 
1186.83 1.33461e-06 
1186.84 1.33381e-06 
1186.85 1.33301e-06 
1186.86 1.33221e-06 
1186.87 1.33141e-06 
1186.88 1.33062e-06 
1186.89 1.32982e-06 
1186.9 1.32903e-06 
1186.91 1.32823e-06 
1186.92 1.32743e-06 
1186.93 1.32664e-06 
1186.94 1.32584e-06 
1186.95 1.32504e-06 
1186.96 1.32425e-06 
1186.97 1.32346e-06 
1186.98 1.32266e-06 
1186.99 1.32187e-06 
1187 1.32107e-06 
1187.01 1.32028e-06 
1187.02 1.31949e-06 
1187.03 1.3187e-06 
1187.04 1.3179e-06 
1187.05 1.31711e-06 
1187.06 1.31632e-06 
1187.07 1.31553e-06 
1187.08 1.31474e-06 
1187.09 1.31395e-06 
1187.1 1.31315e-06 
1187.11 1.31237e-06 
1187.12 1.31158e-06 
1187.13 1.31079e-06 
1187.14 1.31e-06 
1187.15 1.30921e-06 
1187.16 1.30842e-06 
1187.17 1.30763e-06 
1187.18 1.30685e-06 
1187.19 1.30606e-06 
1187.2 1.30527e-06 
1187.21 1.30448e-06 
1187.22 1.3037e-06 
1187.23 1.30291e-06 
1187.24 1.30213e-06 
1187.24 1.30134e-06 
1187.25 1.30055e-06 
1187.26 1.29977e-06 
1187.27 1.29899e-06 
1187.28 1.2982e-06 
1187.29 1.29741e-06 
1187.3 1.29663e-06 
1187.31 1.29585e-06 
1187.32 1.29506e-06 
1187.33 1.29428e-06 
1187.34 1.2935e-06 
1187.35 1.29272e-06 
1187.36 1.29194e-06 
1187.37 1.29116e-06 
1187.38 1.29037e-06 
1187.39 1.28959e-06 
1187.4 1.28881e-06 
1187.41 1.28803e-06 
1187.42 1.28725e-06 
1187.43 1.28647e-06 
1187.44 1.28569e-06 
1187.45 1.28492e-06 
1187.46 1.28414e-06 
1187.47 1.28336e-06 
1187.48 1.28258e-06 
1187.49 1.2818e-06 
1187.5 1.28103e-06 
1187.51 1.28025e-06 
1187.52 1.27947e-06 
1187.53 1.2787e-06 
1187.54 1.27792e-06 
1187.55 1.27714e-06 
1187.56 1.27637e-06 
1187.57 1.27559e-06 
1187.58 1.27482e-06 
1187.59 1.27405e-06 
1187.6 1.27327e-06 
1187.61 1.27329e-06 
1187.62 1.27251e-06 
1187.63 1.27174e-06 
1187.64 1.27097e-06 
1187.65 1.27019e-06 
1187.66 1.26942e-06 
1187.66 1.26865e-06 
1187.67 1.26788e-06 
1187.68 1.26711e-06 
1187.69 1.26633e-06 
1187.7 1.26556e-06 
1187.71 1.26479e-06 
1187.72 1.26402e-06 
1187.73 1.26325e-06 
1187.74 1.26248e-06 
1187.75 1.26171e-06 
1187.76 1.26094e-06 
1187.77 1.26017e-06 
1187.78 1.25941e-06 
1187.79 1.25864e-06 
1187.8 1.25787e-06 
1187.81 1.2571e-06 
1187.82 1.25634e-06 
1187.83 1.25557e-06 
1187.84 1.2548e-06 
1187.85 1.25404e-06 
1187.86 1.25327e-06 
1187.87 1.25251e-06 
1187.88 1.25174e-06 
1187.89 1.25097e-06 
1187.9 1.25021e-06 
1187.91 1.24945e-06 
1187.92 1.24868e-06 
1187.93 1.24792e-06 
1187.94 1.24715e-06 
1187.95 1.24639e-06 
1187.96 1.24563e-06 
1187.97 1.24487e-06 
1187.98 1.2441e-06 
1187.99 1.24334e-06 
1188 1.24258e-06 
1188.01 1.24182e-06 
1188.02 1.24106e-06 
1188.03 1.2403e-06 
1188.04 1.23954e-06 
1188.05 1.23878e-06 
1188.06 1.23802e-06 
1188.07 1.23726e-06 
1188.08 1.2365e-06 
1188.09 1.23574e-06 
1188.09 1.23499e-06 
1188.1 1.23423e-06 
1188.11 1.23347e-06 
1188.12 1.23271e-06 
1188.13 1.23196e-06 
1188.14 1.2312e-06 
1188.15 1.23044e-06 
1188.16 1.22968e-06 
1188.17 1.22893e-06 
1188.18 1.22818e-06 
1188.19 1.22742e-06 
1188.2 1.22667e-06 
1188.21 1.22591e-06 
1188.22 1.22516e-06 
1188.23 1.22441e-06 
1188.24 1.22365e-06 
1188.25 1.2229e-06 
1188.26 1.22214e-06 
1188.27 1.22139e-06 
1188.28 1.22064e-06 
1188.29 1.21989e-06 
1188.3 1.21914e-06 
1188.31 1.21839e-06 
1188.32 1.21764e-06 
1188.33 1.21689e-06 
1188.34 1.21614e-06 
1188.35 1.21539e-06 
1188.36 1.21464e-06 
1188.37 1.21389e-06 
1188.38 1.21314e-06 
1188.39 1.21239e-06 
1188.4 1.21164e-06 
1188.41 1.21089e-06 
1188.42 1.21015e-06 
1188.43 1.2094e-06 
1188.44 1.20865e-06 
1188.45 1.2079e-06 
1188.46 1.20716e-06 
1188.47 1.20641e-06 
1188.48 1.20567e-06 
1188.49 1.20492e-06 
1188.5 1.20418e-06 
1188.51 1.20343e-06 
1188.52 1.20269e-06 
1188.52 1.20195e-06 
1188.53 1.2012e-06 
1188.54 1.20046e-06 
1188.55 1.19971e-06 
1188.56 1.19897e-06 
1188.57 1.19823e-06 
1188.58 1.19749e-06 
1188.59 1.19675e-06 
1188.6 1.19675e-06 
1188.61 1.19601e-06 
1188.62 1.19526e-06 
1188.63 1.19452e-06 
1188.64 1.19378e-06 
1188.65 1.19304e-06 
1188.66 1.1923e-06 
1188.67 1.19156e-06 
1188.68 1.19083e-06 
1188.69 1.19009e-06 
1188.7 1.18935e-06 
1188.71 1.18861e-06 
1188.72 1.18787e-06 
1188.73 1.18713e-06 
1188.74 1.1864e-06 
1188.75 1.18566e-06 
1188.76 1.18492e-06 
1188.77 1.18419e-06 
1188.78 1.18345e-06 
1188.79 1.18271e-06 
1188.8 1.18198e-06 
1188.81 1.18124e-06 
1188.82 1.18051e-06 
1188.83 1.17977e-06 
1188.84 1.17904e-06 
1188.85 1.17831e-06 
1188.86 1.17757e-06 
1188.87 1.17684e-06 
1188.88 1.1761e-06 
1188.89 1.17537e-06 
1188.9 1.17464e-06 
1188.91 1.17391e-06 
1188.92 1.17318e-06 
1188.93 1.17245e-06 
1188.94 1.17172e-06 
1188.94 1.17098e-06 
1188.95 1.17025e-06 
1188.96 1.16952e-06 
1188.97 1.16879e-06 
1188.98 1.16806e-06 
1188.99 1.16734e-06 
1189 1.16661e-06 
1189.01 1.16588e-06 
1189.02 1.16515e-06 
1189.03 1.16442e-06 
1189.04 1.1637e-06 
1189.05 1.16297e-06 
1189.06 1.16224e-06 
1189.07 1.16151e-06 
1189.08 1.16079e-06 
1189.09 1.16006e-06 
1189.1 1.15934e-06 
1189.11 1.15861e-06 
1189.12 1.15789e-06 
1189.13 1.15716e-06 
1189.14 1.15644e-06 
1189.15 1.15571e-06 
1189.16 1.15499e-06 
1189.17 1.15427e-06 
1189.18 1.15354e-06 
1189.19 1.15282e-06 
1189.2 1.1521e-06 
1189.21 1.15138e-06 
1189.22 1.15065e-06 
1189.23 1.14993e-06 
1189.24 1.14921e-06 
1189.25 1.14849e-06 
1189.26 1.14777e-06 
1189.27 1.14705e-06 
1189.28 1.14633e-06 
1189.29 1.14561e-06 
1189.3 1.14489e-06 
1189.31 1.14417e-06 
1189.32 1.14346e-06 
1189.33 1.14274e-06 
1189.34 1.14202e-06 
1189.35 1.1413e-06 
1189.36 1.14058e-06 
1189.36 1.13987e-06 
1189.37 1.13915e-06 
1189.38 1.13843e-06 
1189.39 1.13772e-06 
1189.4 1.137e-06 
1189.41 1.13629e-06 
1189.42 1.13557e-06 
1189.43 1.13486e-06 
1189.44 1.13414e-06 
1189.45 1.13343e-06 
1189.46 1.13271e-06 
1189.47 1.132e-06 
1189.48 1.13129e-06 
1189.49 1.13057e-06 
1189.5 1.12986e-06 
1189.51 1.12915e-06 
1189.52 1.12844e-06 
1189.53 1.12772e-06 
1189.54 1.12701e-06 
1189.55 1.1263e-06 
1189.56 1.12559e-06 
1189.57 1.12488e-06 
1189.58 1.12417e-06 
1189.59 1.12346e-06 
1189.6 1.12275e-06 
1189.61 1.12274e-06 
1189.62 1.12203e-06 
1189.63 1.12132e-06 
1189.64 1.12061e-06 
1189.65 1.11991e-06 
1189.66 1.1192e-06 
1189.67 1.11849e-06 
1189.68 1.11778e-06 
1189.69 1.11708e-06 
1189.7 1.11637e-06 
1189.71 1.11566e-06 
1189.72 1.11495e-06 
1189.73 1.11425e-06 
1189.74 1.11354e-06 
1189.75 1.11284e-06 
1189.76 1.11213e-06 
1189.77 1.11143e-06 
1189.78 1.11072e-06 
1189.79 1.11002e-06 
1189.79 1.10931e-06 
1189.8 1.10861e-06 
1189.81 1.10791e-06 
1189.82 1.1072e-06 
1189.83 1.1065e-06 
1189.84 1.1058e-06 
1189.85 1.1051e-06 
1189.86 1.1044e-06 
1189.87 1.10369e-06 
1189.88 1.10299e-06 
1189.89 1.10229e-06 
1189.9 1.10159e-06 
1189.91 1.10089e-06 
1189.92 1.10019e-06 
1189.93 1.09949e-06 
1189.94 1.09879e-06 
1189.95 1.09809e-06 
1189.96 1.0974e-06 
1189.97 1.0967e-06 
1189.98 1.096e-06 
1189.99 1.0953e-06 
1190 1.0946e-06 
1190.01 1.09391e-06 
1190.02 1.09321e-06 
1190.03 1.09251e-06 
1190.04 1.09182e-06 
1190.05 1.09112e-06 
1190.06 1.09043e-06 
1190.07 1.08973e-06 
1190.08 1.08903e-06 
1190.09 1.08834e-06 
1190.1 1.08765e-06 
1190.11 1.08695e-06 
1190.12 1.08626e-06 
1190.13 1.08556e-06 
1190.14 1.08487e-06 
1190.15 1.08418e-06 
1190.16 1.08348e-06 
1190.17 1.08279e-06 
1190.18 1.0821e-06 
1190.19 1.08141e-06 
1190.2 1.08072e-06 
1190.21 1.08002e-06 
1190.21 1.07933e-06 
1190.22 1.07864e-06 
1190.23 1.07795e-06 
1190.24 1.07726e-06 
1190.25 1.07657e-06 
1190.26 1.07588e-06 
1190.27 1.07519e-06 
1190.28 1.0745e-06 
1190.29 1.07382e-06 
1190.3 1.07313e-06 
1190.31 1.07244e-06 
1190.32 1.07175e-06 
1190.33 1.07106e-06 
1190.34 1.07038e-06 
1190.35 1.06969e-06 
1190.36 1.069e-06 
1190.37 1.06831e-06 
1190.38 1.06763e-06 
1190.39 1.06694e-06 
1190.4 1.06626e-06 
1190.41 1.06557e-06 
1190.42 1.06489e-06 
1190.43 1.0642e-06 
1190.44 1.06352e-06 
1190.45 1.06283e-06 
1190.46 1.06215e-06 
1190.47 1.06147e-06 
1190.48 1.06078e-06 
1190.49 1.0601e-06 
1190.5 1.05942e-06 
1190.51 1.05874e-06 
1190.52 1.05805e-06 
1190.53 1.05737e-06 
1190.54 1.05669e-06 
1190.55 1.05601e-06 
1190.56 1.05533e-06 
1190.57 1.05465e-06 
1190.58 1.05397e-06 
1190.59 1.05328e-06 
1190.6 1.0526e-06 
1190.61 1.05258e-06 
1190.62 1.0519e-06 
1190.63 1.05122e-06 
1190.64 1.05054e-06 
1190.64 1.04986e-06 
1190.65 1.04918e-06 
1190.66 1.0485e-06 
1190.67 1.04782e-06 
1190.68 1.04714e-06 
1190.69 1.04647e-06 
1190.7 1.04579e-06 
1190.71 1.04511e-06 
1190.72 1.04444e-06 
1190.73 1.04376e-06 
1190.74 1.04308e-06 
1190.75 1.04241e-06 
1190.76 1.04173e-06 
1190.77 1.04105e-06 
1190.78 1.04038e-06 
1190.79 1.0397e-06 
1190.8 1.03903e-06 
1190.81 1.03835e-06 
1190.82 1.03768e-06 
1190.83 1.037e-06 
1190.84 1.03633e-06 
1190.85 1.03566e-06 
1190.86 1.03498e-06 
1190.87 1.03431e-06 
1190.88 1.03364e-06 
1190.89 1.03297e-06 
1190.9 1.03229e-06 
1190.91 1.03162e-06 
1190.92 1.03095e-06 
1190.93 1.03028e-06 
1190.94 1.02961e-06 
1190.95 1.02893e-06 
1190.96 1.02826e-06 
1190.97 1.02759e-06 
1190.98 1.02692e-06 
1190.99 1.02625e-06 
1191 1.02558e-06 
1191.01 1.02491e-06 
1191.02 1.02424e-06 
1191.03 1.02357e-06 
1191.04 1.0229e-06 
1191.05 1.02224e-06 
1191.06 1.02157e-06 
1191.07 1.0209e-06 
1191.07 1.02023e-06 
1191.08 1.01956e-06 
1191.09 1.01889e-06 
1191.1 1.01823e-06 
1191.11 1.01756e-06 
1191.12 1.01689e-06 
1191.13 1.01623e-06 
1191.14 1.01556e-06 
1191.15 1.01489e-06 
1191.16 1.01423e-06 
1191.17 1.01356e-06 
1191.18 1.0129e-06 
1191.19 1.01223e-06 
1191.2 1.01157e-06 
1191.21 1.0109e-06 
1191.22 1.01024e-06 
1191.23 1.00957e-06 
1191.24 1.00891e-06 
1191.25 1.00825e-06 
1191.26 1.00758e-06 
1191.27 1.00692e-06 
1191.28 1.00625e-06 
1191.29 1.00559e-06 
1191.3 1.00493e-06 
1191.31 1.00427e-06 
1191.32 1.0036e-06 
1191.33 1.00294e-06 
1191.34 1.00228e-06 
1191.35 1.00162e-06 
1191.36 1.00096e-06 
1191.37 1.00029e-06 
1191.38 9.99634e-07 
1191.39 9.98973e-07 
1191.4 9.98313e-07 
1191.41 9.97651e-07 
1191.42 9.96992e-07 
1191.43 9.96332e-07 
1191.44 9.95671e-07 
1191.45 9.95011e-07 
1191.46 9.94352e-07 
1191.47 9.93693e-07 
1191.48 9.93035e-07 
1191.49 9.92376e-07 
1191.49 9.91718e-07 
1191.5 9.91058e-07 
1191.51 9.904e-07 
1191.52 9.89742e-07 
1191.53 9.89085e-07 
1191.54 9.88427e-07 
1191.55 9.8777e-07 
1191.56 9.87112e-07 
1191.57 9.86455e-07 
1191.58 9.85798e-07 
1191.59 9.85141e-07 
1191.6 9.85095e-07 
1191.61 9.8444e-07 
1191.62 9.83782e-07 
1191.63 9.83127e-07 
1191.64 9.8247e-07 
1191.65 9.81814e-07 
1191.66 9.81158e-07 
1191.67 9.80503e-07 
1191.68 9.79848e-07 
1191.69 9.79192e-07 
1191.7 9.78535e-07 
1191.71 9.77882e-07 
1191.72 9.77227e-07 
1191.73 9.76572e-07 
1191.74 9.75918e-07 
1191.75 9.75263e-07 
1191.76 9.74609e-07 
1191.77 9.73956e-07 
1191.78 9.73302e-07 
1191.79 9.72648e-07 
1191.8 9.71995e-07 
1191.81 9.71342e-07 
1191.82 9.70688e-07 
1191.83 9.70036e-07 
1191.84 9.69384e-07 
1191.85 9.68731e-07 
1191.86 9.68078e-07 
1191.87 9.67426e-07 
1191.88 9.66774e-07 
1191.89 9.66121e-07 
1191.9 9.6547e-07 
1191.91 9.64818e-07 
1191.92 9.64166e-07 
1191.92 9.63516e-07 
1191.93 9.62864e-07 
1191.94 9.62213e-07 
1191.95 9.61562e-07 
1191.96 9.60911e-07 
1191.97 9.6026e-07 
1191.98 9.59611e-07 
1191.99 9.5896e-07 
1192 9.58308e-07 
1192.01 9.57659e-07 
1192.02 9.5701e-07 
1192.03 9.5636e-07 
1192.04 9.55711e-07 
1192.05 9.5506e-07 
1192.06 9.54411e-07 
1192.07 9.53761e-07 
1192.08 9.53113e-07 
1192.09 9.52464e-07 
1192.1 9.51815e-07 
1192.11 9.51165e-07 
1192.12 9.50517e-07 
1192.13 9.49868e-07 
1192.14 9.4922e-07 
1192.15 9.48571e-07 
1192.16 9.47924e-07 
1192.17 9.47276e-07 
1192.18 9.46628e-07 
1192.19 9.4598e-07 
1192.2 9.45333e-07 
1192.21 9.44685e-07 
1192.22 9.44038e-07 
1192.23 9.43391e-07 
1192.24 9.42743e-07 
1192.25 9.42096e-07 
1192.26 9.41449e-07 
1192.27 9.40802e-07 
1192.28 9.40155e-07 
1192.29 9.39508e-07 
1192.3 9.38861e-07 
1192.31 9.38215e-07 
1192.32 9.37568e-07 
1192.33 9.36923e-07 
1192.34 9.36275e-07 
1192.34 9.3563e-07 
1192.35 9.34983e-07 
1192.36 9.34338e-07 
1192.37 9.33692e-07 
1192.38 9.33045e-07 
1192.39 9.324e-07 
1192.4 9.31754e-07 
1192.41 9.31109e-07 
1192.42 9.30464e-07 
1192.43 9.29818e-07 
1192.44 9.29173e-07 
1192.45 9.28526e-07 
1192.46 9.27882e-07 
1192.47 9.27238e-07 
1192.48 9.26591e-07 
1192.49 9.25947e-07 
1192.5 9.25302e-07 
1192.51 9.24657e-07 
1192.52 9.24012e-07 
1192.53 9.23368e-07 
1192.54 9.22723e-07 
1192.55 9.22078e-07 
1192.56 9.21433e-07 
1192.57 9.20789e-07 
1192.58 9.20144e-07 
1192.59 9.195e-07 
1192.6 9.18856e-07 
1192.61 9.18781e-07 
1192.62 9.18136e-07 
1192.63 9.17492e-07 
1192.64 9.16846e-07 
1192.65 9.16202e-07 
1192.66 9.15558e-07 
1192.67 9.14913e-07 
1192.68 9.14269e-07 
1192.69 9.13625e-07 
1192.7 9.1298e-07 
1192.71 9.12336e-07 
1192.72 9.11692e-07 
1192.73 9.11048e-07 
1192.74 9.10404e-07 
1192.75 9.09758e-07 
1192.76 9.09115e-07 
1192.77 9.08471e-07 
1192.77 9.07826e-07 
1192.78 9.07182e-07 
1192.79 9.06539e-07 
1192.8 9.05895e-07 
1192.81 9.0525e-07 
1192.82 9.04607e-07 
1192.83 9.03963e-07 
1192.84 9.03319e-07 
1192.85 9.02675e-07 
1192.86 9.02031e-07 
1192.87 9.01387e-07 
1192.88 9.00743e-07 
1192.89 9.00098e-07 
1192.9 8.99455e-07 
1192.91 8.9881e-07 
1192.92 8.98167e-07 
1192.93 8.97523e-07 
1192.94 8.96879e-07 
1192.95 8.96234e-07 
1192.96 8.95591e-07 
1192.97 8.94946e-07 
1192.98 8.94302e-07 
1192.99 8.93658e-07 
1193 8.93014e-07 
1193.01 8.9237e-07 
1193.02 8.91726e-07 
1193.03 8.91082e-07 
1193.04 8.90438e-07 
1193.05 8.89793e-07 
1193.06 8.89149e-07 
1193.07 8.88505e-07 
1193.08 8.87861e-07 
1193.09 8.87216e-07 
1193.1 8.86572e-07 
1193.11 8.85927e-07 
1193.12 8.85284e-07 
1193.13 8.84638e-07 
1193.14 8.83993e-07 
1193.15 8.8335e-07 
1193.16 8.82705e-07 
1193.17 8.8206e-07 
1193.18 8.81415e-07 
1193.19 8.80771e-07 
1193.19 8.80126e-07 
1193.2 8.79481e-07 
1193.21 8.78836e-07 
1193.22 8.78192e-07 
1193.23 8.77547e-07 
1193.24 8.76901e-07 
1193.25 8.76256e-07 
1193.26 8.75612e-07 
1193.27 8.74966e-07 
1193.28 8.74322e-07 
1193.29 8.73674e-07 
1193.3 8.73031e-07 
1193.31 8.72384e-07 
1193.32 8.71739e-07 
1193.33 8.71094e-07 
1193.34 8.70448e-07 
1193.35 8.69803e-07 
1193.36 8.69157e-07 
1193.37 8.68512e-07 
1193.38 8.67867e-07 
1193.39 8.6722e-07 
1193.4 8.66575e-07 
1193.41 8.65929e-07 
1193.42 8.65283e-07 
1193.43 8.64637e-07 
1193.44 8.63992e-07 
1193.45 8.63346e-07 
1193.46 8.627e-07 
1193.47 8.62054e-07 
1193.48 8.61409e-07 
1193.49 8.60763e-07 
1193.5 8.60117e-07 
1193.51 8.59472e-07 
1193.52 8.58825e-07 
1193.53 8.58179e-07 
1193.54 8.57535e-07 
1193.55 8.56889e-07 
1193.56 8.56245e-07 
1193.57 8.55599e-07 
1193.58 8.54955e-07 
1193.59 8.5431e-07 
1193.6 8.53665e-07 
1193.61 8.53549e-07 
1193.62 8.52904e-07 
1193.62 8.52259e-07 
1193.63 8.51616e-07 
1193.64 8.50972e-07 
1193.65 8.50329e-07 
1193.66 8.49686e-07 
1193.67 8.49043e-07 
1193.68 8.48401e-07 
1193.69 8.47759e-07 
1193.7 8.47118e-07 
1193.71 8.46477e-07 
1193.72 8.45837e-07 
1193.73 8.45199e-07 
1193.74 8.4456e-07 
1193.75 8.43922e-07 
1193.76 8.43286e-07 
1193.77 8.42651e-07 
1193.78 8.42015e-07 
1193.79 8.41381e-07 
1193.8 8.40748e-07 
1193.81 8.40117e-07 
1193.82 8.39487e-07 
1193.83 8.38858e-07 
1193.84 8.38231e-07 
1193.85 8.37607e-07 
1193.86 8.36983e-07 
1193.87 8.36361e-07 
1193.88 8.35741e-07 
1193.89 8.35124e-07 
1193.9 8.34507e-07 
1193.91 8.33895e-07 
1193.92 8.33284e-07 
1193.93 8.32677e-07 
1193.94 8.32072e-07 
1193.95 8.3147e-07 
1193.96 8.30871e-07 
1193.97 8.30277e-07 
1193.98 8.29686e-07 
1193.99 8.29099e-07 
1194 8.28515e-07 
1194.01 8.27937e-07 
1194.02 8.27363e-07 
1194.03 8.26794e-07 
1194.04 8.2623e-07 
1194.05 8.25671e-07 
1194.05 8.25119e-07 
1194.06 8.24572e-07 
1194.07 8.24032e-07 
1194.08 8.23499e-07 
1194.09 8.22973e-07 
1194.1 8.22454e-07 
1194.11 8.21944e-07 
1194.12 8.21442e-07 
1194.13 8.20948e-07 
1194.14 8.20464e-07 
1194.15 8.1999e-07 
1194.16 8.19525e-07 
1194.17 8.19071e-07 
1194.18 8.18629e-07 
1194.19 8.182e-07 
1194.2 8.17781e-07 
1194.21 8.17375e-07 
1194.22 8.16984e-07 
1194.23 8.16609e-07 
1194.24 8.16246e-07 
1194.25 8.15899e-07 
1194.26 8.15568e-07 
1194.27 8.15255e-07 
1194.28 8.14958e-07 
1194.29 8.1468e-07 
1194.3 8.14421e-07 
1194.31 8.14182e-07 
1194.32 8.13964e-07 
1194.33 8.13767e-07 
1194.34 8.13594e-07 
1194.35 8.13444e-07 
1194.36 8.13318e-07 
1194.37 8.13218e-07 
1194.38 8.13143e-07 
1194.39 8.13097e-07 
1194.4 8.13078e-07 
1194.41 8.1309e-07 
1194.42 8.13132e-07 
1194.43 8.13206e-07 
1194.44 8.13312e-07 
1194.45 8.13453e-07 
1194.46 8.13629e-07 
1194.47 8.1384e-07 
1194.47 8.14102e-07 
1194.48 8.14391e-07 
1194.49 8.14719e-07 
1194.5 8.1509e-07 
1194.51 8.15502e-07 
1194.52 8.1596e-07 
1194.53 8.16462e-07 
1194.54 8.17011e-07 
1194.55 8.17608e-07 
1194.56 8.18255e-07 
1194.57 8.18953e-07 
1194.58 8.19702e-07 
1194.59 8.20505e-07 
1194.6 8.21364e-07 
1194.61 8.22787e-07 
1194.62 8.2376e-07 
1194.63 8.24794e-07 
1194.64 8.25887e-07 
1194.65 8.27042e-07 
1194.66 8.28261e-07 
1194.67 8.29545e-07 
1194.68 8.30898e-07 
1194.69 8.32316e-07 
1194.7 8.33804e-07 
1194.71 8.35362e-07 
1194.72 8.36993e-07 
1194.73 8.38726e-07 
1194.74 8.40507e-07 
1194.75 8.42363e-07 
1194.76 8.44294e-07 
1194.77 8.46305e-07 
1194.78 8.48395e-07 
1194.79 8.50566e-07 
1194.8 8.5282e-07 
1194.81 8.55154e-07 
1194.82 8.57574e-07 
1194.83 8.60078e-07 
1194.84 8.62667e-07 
1194.85 8.65343e-07 
1194.86 8.68108e-07 
1194.87 8.70958e-07 
1194.88 8.73898e-07 
1194.89 8.76927e-07 
1194.9 8.80046e-07 
1194.9 8.83254e-07 
1194.91 8.86553e-07 
1194.92 8.89944e-07 
1194.93 8.93425e-07 
1194.94 8.96995e-07 
1194.95 9.00658e-07 
1194.96 9.04411e-07 
1194.97 9.08255e-07 
1194.98 9.12246e-07 
1194.99 9.16272e-07 
1195 9.20385e-07 
1195.01 9.24587e-07 
1195.02 9.28876e-07 
1195.03 9.33254e-07 
1195.04 9.37717e-07 
1195.05 9.42264e-07 
1195.06 9.46896e-07 
1195.07 9.5161e-07 
1195.08 9.56403e-07 
1195.09 9.61275e-07 
1195.1 9.66225e-07 
1195.11 9.7125e-07 
1195.12 9.76349e-07 
1195.13 9.81518e-07 
1195.14 9.86757e-07 
1195.15 9.92061e-07 
1195.16 9.97431e-07 
1195.17 1.00286e-06 
1195.18 1.00835e-06 
1195.19 1.01389e-06 
1195.2 1.01949e-06 
1195.21 1.02514e-06 
1195.22 1.03083e-06 
1195.23 1.03664e-06 
1195.24 1.04242e-06 
1195.25 1.04822e-06 
1195.26 1.05406e-06 
1195.27 1.05993e-06 
1195.28 1.06582e-06 
1195.29 1.07173e-06 
1195.3 1.07766e-06 
1195.31 1.08359e-06 
1195.32 1.08954e-06 
1195.32 1.09548e-06 
1195.33 1.10142e-06 
1195.34 1.10735e-06 
1195.35 1.11327e-06 
1195.36 1.11918e-06 
1195.37 1.12506e-06 
1195.38 1.13091e-06 
1195.39 1.13673e-06 
1195.4 1.14252e-06 
1195.41 1.14826e-06 
1195.42 1.15395e-06 
1195.43 1.15959e-06 
1195.44 1.16517e-06 
1195.45 1.17069e-06 
1195.46 1.17614e-06 
1195.47 1.18152e-06 
1195.48 1.18689e-06 
1195.49 1.1921e-06 
1195.5 1.19722e-06 
1195.51 1.20225e-06 
1195.52 1.20718e-06 
1195.53 1.212e-06 
1195.54 1.21671e-06 
1195.55 1.22131e-06 
1195.56 1.22579e-06 
1195.57 1.23014e-06 
1195.58 1.23436e-06 
1195.59 1.23845e-06 
1195.6 1.2424e-06 
1195.61 1.24697e-06 
1195.62 1.25063e-06 
1195.63 1.25414e-06 
1195.64 1.25749e-06 
1195.65 1.26068e-06 
1195.66 1.2637e-06 
1195.67 1.26656e-06 
1195.68 1.26925e-06 
1195.69 1.27176e-06 
1195.7 1.27409e-06 
1195.71 1.27625e-06 
1195.72 1.27821e-06 
1195.73 1.28003e-06 
1195.74 1.28162e-06 
1195.75 1.28301e-06 
1195.75 1.28422e-06 
1195.76 1.28522e-06 
1195.77 1.28604e-06 
1195.78 1.28665e-06 
1195.79 1.28706e-06 
1195.8 1.28727e-06 
1195.81 1.28727e-06 
1195.82 1.28708e-06 
1195.83 1.28667e-06 
1195.84 1.28607e-06 
1195.85 1.28526e-06 
1195.86 1.28425e-06 
1195.87 1.28303e-06 
1195.88 1.28161e-06 
1195.89 1.27999e-06 
1195.9 1.27816e-06 
1195.91 1.27614e-06 
1195.92 1.27391e-06 
1195.93 1.27149e-06 
1195.94 1.26888e-06 
1195.95 1.26607e-06 
1195.96 1.26307e-06 
1195.97 1.25988e-06 
1195.98 1.25647e-06 
1195.99 1.2529e-06 
1196 1.24916e-06 
1196.01 1.24524e-06 
1196.02 1.24115e-06 
1196.03 1.23688e-06 
1196.04 1.23245e-06 
1196.05 1.22786e-06 
1196.06 1.2231e-06 
1196.07 1.21819e-06 
1196.08 1.21313e-06 
1196.09 1.20792e-06 
1196.1 1.20257e-06 
1196.11 1.19709e-06 
1196.12 1.19147e-06 
1196.13 1.18572e-06 
1196.14 1.17984e-06 
1196.15 1.17385e-06 
1196.16 1.16775e-06 
1196.17 1.16154e-06 
1196.17 1.15522e-06 
1196.18 1.14881e-06 
1196.19 1.1423e-06 
1196.2 1.1357e-06 
1196.21 1.12903e-06 
1196.22 1.1222e-06 
1196.23 1.11537e-06 
1196.24 1.10848e-06 
1196.25 1.10152e-06 
1196.26 1.09451e-06 
1196.27 1.08746e-06 
1196.28 1.08035e-06 
1196.29 1.07321e-06 
1196.3 1.06603e-06 
1196.31 1.05883e-06 
1196.32 1.0516e-06 
1196.33 1.04435e-06 
1196.34 1.03709e-06 
1196.35 1.02982e-06 
1196.36 1.02255e-06 
1196.37 1.01528e-06 
1196.38 1.00802e-06 
1196.39 1.00076e-06 
1196.4 9.93529e-07 
1196.41 9.86312e-07 
1196.42 9.79121e-07 
1196.43 9.71959e-07 
1196.44 9.64832e-07 
1196.45 9.57741e-07 
1196.46 9.50693e-07 
1196.47 9.43691e-07 
1196.48 9.36661e-07 
1196.49 9.29763e-07 
1196.5 9.22921e-07 
1196.51 9.16141e-07 
1196.52 9.09425e-07 
1196.53 9.02776e-07 
1196.54 8.96198e-07 
1196.55 8.89693e-07 
1196.56 8.83266e-07 
1196.57 8.76917e-07 
1196.58 8.70651e-07 
1196.59 8.64468e-07 
1196.6 8.58374e-07 
1196.6 8.52895e-07 
1196.61 8.46977e-07 
1196.62 8.41153e-07 
1196.63 8.35425e-07 
1196.64 8.29793e-07 
1196.65 8.24261e-07 
1196.66 8.1883e-07 
1196.67 8.13502e-07 
1196.68 8.08277e-07 
1196.69 8.03156e-07 
1196.7 7.98141e-07 
1196.71 7.93235e-07 
1196.72 7.88436e-07 
1196.73 7.83697e-07 
1196.74 7.79119e-07 
1196.75 7.74651e-07 
1196.76 7.70294e-07 
1196.77 7.66049e-07 
1196.78 7.61916e-07 
1196.79 7.57895e-07 
1196.8 7.53986e-07 
1196.81 7.50191e-07 
1196.82 7.46508e-07 
1196.83 7.42938e-07 
1196.84 7.3948e-07 
1196.85 7.36136e-07 
1196.86 7.32904e-07 
1196.87 7.29783e-07 
1196.88 7.26775e-07 
1196.89 7.23878e-07 
1196.9 7.21092e-07 
1196.91 7.18417e-07 
1196.92 7.15852e-07 
1196.93 7.13395e-07 
1196.94 7.11048e-07 
1196.95 7.08808e-07 
1196.96 7.06676e-07 
1196.97 7.04651e-07 
1196.98 7.02717e-07 
1196.99 7.00903e-07 
1197 6.99193e-07 
1197.01 6.97586e-07 
1197.02 6.96081e-07 
1197.03 6.94677e-07 
1197.03 6.93373e-07 
1197.04 6.92168e-07 
1197.05 6.9106e-07 
1197.06 6.90049e-07 
1197.07 6.89134e-07 
1197.08 6.88313e-07 
1197.09 6.87585e-07 
1197.1 6.86949e-07 
1197.11 6.86404e-07 
1197.12 6.85948e-07 
1197.13 6.8558e-07 
1197.14 6.85299e-07 
1197.15 6.85104e-07 
1197.16 6.84993e-07 
1197.17 6.84965e-07 
1197.18 6.85018e-07 
1197.19 6.85151e-07 
1197.2 6.85363e-07 
1197.21 6.85652e-07 
1197.22 6.86017e-07 
1197.23 6.86473e-07 
1197.24 6.86985e-07 
1197.25 6.87569e-07 
1197.26 6.88224e-07 
1197.27 6.88946e-07 
1197.28 6.89736e-07 
1197.29 6.9059e-07 
1197.3 6.91508e-07 
1197.31 6.9249e-07 
1197.32 6.93531e-07 
1197.33 6.94632e-07 
1197.34 6.9579e-07 
1197.35 6.97005e-07 
1197.36 6.98274e-07 
1197.37 6.99596e-07 
1197.38 7.0097e-07 
1197.39 7.02393e-07 
1197.4 7.03865e-07 
1197.41 7.05384e-07 
1197.42 7.06947e-07 
1197.43 7.08554e-07 
1197.44 7.10204e-07 
1197.45 7.11895e-07 
1197.45 7.13624e-07 
1197.46 7.15391e-07 
1197.47 7.17195e-07 
1197.48 7.19067e-07 
1197.49 7.20939e-07 
1197.5 7.22843e-07 
1197.51 7.24778e-07 
1197.52 7.26741e-07 
1197.53 7.28732e-07 
1197.54 7.30751e-07 
1197.55 7.32794e-07 
1197.56 7.34862e-07 
1197.57 7.36953e-07 
1197.58 7.39066e-07 
1197.59 7.41199e-07 
1197.6 7.43353e-07 
1197.61 7.45984e-07 
1197.62 7.48176e-07 
1197.63 7.50384e-07 
1197.64 7.52608e-07 
1197.65 7.54848e-07 
1197.66 7.57103e-07 
1197.67 7.59371e-07 
1197.68 7.61653e-07 
1197.69 7.63948e-07 
1197.7 7.66255e-07 
1197.71 7.68576e-07 
1197.72 7.70907e-07 
1197.73 7.73292e-07 
1197.74 7.75647e-07 
1197.75 7.78015e-07 
1197.76 7.80393e-07 
1197.77 7.82784e-07 
1197.78 7.85187e-07 
1197.79 7.87602e-07 
1197.8 7.90029e-07 
1197.81 7.9247e-07 
1197.82 7.94925e-07 
1197.83 7.97394e-07 
1197.84 7.99878e-07 
1197.85 8.02378e-07 
1197.86 8.04895e-07 
1197.87 8.0743e-07 
1197.88 8.09983e-07 
1197.88 8.12557e-07 
1197.89 8.15153e-07 
1197.9 8.1777e-07 
1197.91 8.20412e-07 
1197.92 8.2308e-07 
1197.93 8.25774e-07 
1197.94 8.28498e-07 
1197.95 8.31252e-07 
1197.96 8.34039e-07 
1197.97 8.3686e-07 
1197.98 8.39764e-07 
1197.99 8.42659e-07 
1198 8.45595e-07 
1198.01 8.48573e-07 
1198.02 8.51595e-07 
1198.03 8.54663e-07 
1198.04 8.57781e-07 
1198.05 8.60949e-07 
1198.06 8.6417e-07 
1198.07 8.67446e-07 
1198.08 8.70781e-07 
1198.09 8.74175e-07 
1198.1 8.77632e-07 
1198.11 8.81155e-07 
1198.12 8.84742e-07 
1198.13 8.884e-07 
1198.14 8.92131e-07 
1198.15 8.95934e-07 
1198.16 8.99813e-07 
1198.17 9.03771e-07 
1198.18 9.07809e-07 
1198.19 9.11929e-07 
1198.2 9.16134e-07 
1198.21 9.20425e-07 
1198.22 9.24804e-07 
1198.23 9.29343e-07 
1198.24 9.33905e-07 
1198.25 9.38561e-07 
1198.26 9.4331e-07 
1198.27 9.48156e-07 
1198.28 9.531e-07 
1198.29 9.58142e-07 
1198.3 9.63284e-07 
1198.3 9.68526e-07 
1198.31 9.7387e-07 
1198.32 9.79315e-07 
1198.33 9.84862e-07 
1198.34 9.90512e-07 
1198.35 9.96265e-07 
1198.36 1.00212e-06 
1198.37 1.00808e-06 
1198.38 1.01414e-06 
1198.39 1.0203e-06 
1198.4 1.02656e-06 
1198.41 1.03292e-06 
1198.42 1.03938e-06 
1198.43 1.04593e-06 
1198.44 1.05259e-06 
1198.45 1.05933e-06 
1198.46 1.06617e-06 
1198.47 1.07309e-06 
1198.48 1.08021e-06 
1198.49 1.08731e-06 
1198.5 1.09449e-06 
1198.51 1.10175e-06 
1198.52 1.10908e-06 
1198.53 1.11649e-06 
1198.54 1.12396e-06 
1198.55 1.13151e-06 
1198.56 1.13911e-06 
1198.57 1.14676e-06 
1198.58 1.15447e-06 
1198.59 1.16223e-06 
1198.6 1.17003e-06 
1198.61 1.17859e-06 
1198.62 1.18646e-06 
1198.63 1.19436e-06 
1198.64 1.20228e-06 
1198.65 1.21022e-06 
1198.66 1.21817e-06 
1198.67 1.22611e-06 
1198.68 1.23406e-06 
1198.69 1.242e-06 
1198.7 1.24993e-06 
1198.71 1.25783e-06 
1198.72 1.2657e-06 
1198.73 1.27365e-06 
1198.73 1.28145e-06 
1198.74 1.2892e-06 
1198.75 1.29689e-06 
1198.76 1.30452e-06 
1198.77 1.31208e-06 
1198.78 1.31956e-06 
1198.79 1.32695e-06 
1198.8 1.33426e-06 
1198.81 1.34146e-06 
1198.82 1.34856e-06 
1198.83 1.35555e-06 
1198.84 1.36241e-06 
1198.85 1.36915e-06 
1198.86 1.37575e-06 
1198.87 1.38221e-06 
1198.88 1.38852e-06 
1198.89 1.39467e-06 
1198.9 1.40067e-06 
1198.91 1.40649e-06 
1198.92 1.41213e-06 
1198.93 1.41759e-06 
1198.94 1.42287e-06 
1198.95 1.42794e-06 
1198.96 1.43282e-06 
1198.97 1.43749e-06 
1198.98 1.44201e-06 
1198.99 1.44624e-06 
1199 1.45025e-06 
1199.01 1.45403e-06 
1199.02 1.45758e-06 
1199.03 1.46088e-06 
1199.04 1.46395e-06 
1199.05 1.46676e-06 
1199.06 1.46933e-06 
1199.07 1.47164e-06 
1199.08 1.47369e-06 
1199.09 1.47548e-06 
1199.1 1.477e-06 
1199.11 1.47826e-06 
1199.12 1.47925e-06 
1199.13 1.47997e-06 
1199.14 1.48041e-06 
1199.15 1.48059e-06 
1199.15 1.48048e-06 
1199.16 1.48011e-06 
1199.17 1.47945e-06 
1199.18 1.47852e-06 
1199.19 1.47732e-06 
1199.2 1.47584e-06 
1199.21 1.47409e-06 
1199.22 1.47205e-06 
1199.23 1.46975e-06 
1199.24 1.46718e-06 
1199.25 1.46435e-06 
1199.26 1.46125e-06 
1199.27 1.4579e-06 
1199.28 1.45429e-06 
1199.29 1.45042e-06 
1199.3 1.44631e-06 
1199.31 1.44195e-06 
1199.32 1.43736e-06 
1199.33 1.43253e-06 
1199.34 1.42747e-06 
1199.35 1.42219e-06 
1199.36 1.41669e-06 
1199.37 1.41098e-06 
1199.38 1.40507e-06 
1199.39 1.39896e-06 
1199.4 1.39266e-06 
1199.41 1.38618e-06 
1199.42 1.37953e-06 
1199.43 1.37271e-06 
1199.44 1.36574e-06 
1199.45 1.35861e-06 
1199.46 1.35135e-06 
1199.47 1.34395e-06 
1199.48 1.33636e-06 
1199.49 1.32873e-06 
1199.5 1.321e-06 
1199.51 1.31318e-06 
1199.52 1.30527e-06 
1199.53 1.2973e-06 
1199.54 1.28926e-06 
1199.55 1.28117e-06 
1199.56 1.27305e-06 
1199.57 1.26489e-06 
1199.58 1.25672e-06 
1199.58 1.24854e-06 
1199.59 1.24037e-06 
1199.6 1.23221e-06 
1199.61 1.22483e-06 
1199.62 1.21674e-06 
1199.63 1.20869e-06 
1199.64 1.20071e-06 
1199.65 1.1928e-06 
1199.66 1.18498e-06 
1199.67 1.17725e-06 
1199.68 1.16964e-06 
1199.69 1.16214e-06 
1199.7 1.15478e-06 
1199.71 1.14756e-06 
1199.72 1.14049e-06 
1199.73 1.13352e-06 
1199.74 1.1268e-06 
1199.75 1.12027e-06 
1199.76 1.11394e-06 
1199.77 1.10782e-06 
1199.78 1.10192e-06 
1199.79 1.09626e-06 
1199.8 1.09084e-06 
1199.81 1.08567e-06 
1199.82 1.08077e-06 
1199.83 1.07613e-06 
1199.84 1.07179e-06 
1199.85 1.06774e-06 
1199.86 1.06399e-06 
1199.87 1.06055e-06 
1199.88 1.05743e-06 
1199.89 1.05464e-06 
1199.9 1.05219e-06 
1199.91 1.05009e-06 
1199.92 1.04834e-06 
1199.93 1.04696e-06 
1199.94 1.04594e-06 
1199.95 1.04529e-06 
1199.96 1.04503e-06 
1199.97 1.04516e-06 
1199.98 1.04571e-06 
1199.99 1.04664e-06 
1200 1.04798e-06 
1200.01 1.04973e-06 
1200.01 1.05189e-06 
1200.02 1.05447e-06 
1200.03 1.05747e-06 
1200.04 1.06091e-06 
1200.05 1.06477e-06 
1200.06 1.06906e-06 
1200.07 1.07379e-06 
1200.08 1.07896e-06 
1200.09 1.08456e-06 
1200.1 1.0906e-06 
1200.11 1.09709e-06 
1200.12 1.10401e-06 
1200.13 1.11137e-06 
1200.14 1.11917e-06 
1200.15 1.12741e-06 
1200.16 1.13608e-06 
1200.17 1.14519e-06 
1200.18 1.15473e-06 
1200.19 1.16469e-06 
1200.2 1.17509e-06 
1200.21 1.1859e-06 
1200.22 1.19713e-06 
1200.23 1.20894e-06 
1200.24 1.221e-06 
1200.25 1.23345e-06 
1200.26 1.24631e-06 
1200.27 1.25955e-06 
1200.28 1.27318e-06 
1200.29 1.28718e-06 
1200.3 1.30155e-06 
1200.31 1.31629e-06 
1200.32 1.33137e-06 
1200.33 1.3468e-06 
1200.34 1.36256e-06 
1200.35 1.37864e-06 
1200.36 1.39504e-06 
1200.37 1.41175e-06 
1200.38 1.42875e-06 
1200.39 1.44603e-06 
1200.4 1.46359e-06 
1200.41 1.4814e-06 
1200.42 1.49947e-06 
1200.43 1.51777e-06 
1200.43 1.5363e-06 
1200.44 1.55504e-06 
1200.45 1.57398e-06 
1200.46 1.59311e-06 
1200.47 1.61242e-06 
1200.48 1.63214e-06 
1200.49 1.65176e-06 
1200.5 1.67151e-06 
1200.51 1.69138e-06 
1200.52 1.71136e-06 
1200.53 1.73143e-06 
1200.54 1.75158e-06 
1200.55 1.7718e-06 
1200.56 1.79207e-06 
1200.57 1.81238e-06 
1200.58 1.83272e-06 
1200.59 1.85306e-06 
1200.6 1.8734e-06 
1200.61 1.8949e-06 
1200.62 1.91521e-06 
1200.63 1.93549e-06 
1200.64 1.9557e-06 
1200.65 1.97585e-06 
1200.66 1.99592e-06 
1200.67 2.0159e-06 
1200.68 2.03578e-06 
1200.69 2.05553e-06 
1200.7 2.07517e-06 
1200.71 2.09466e-06 
1200.72 2.11401e-06 
1200.73 2.13345e-06 
1200.74 2.15246e-06 
1200.75 2.1713e-06 
1200.76 2.18995e-06 
1200.77 2.20841e-06 
1200.78 2.22666e-06 
1200.79 2.24471e-06 
1200.8 2.26253e-06 
1200.81 2.28013e-06 
1200.82 2.2975e-06 
1200.83 2.31464e-06 
1200.84 2.33154e-06 
1200.85 2.34819e-06 
1200.85 2.3646e-06 
1200.86 2.38076e-06 
1200.87 2.39667e-06 
1200.88 2.41232e-06 
1200.89 2.42773e-06 
1200.9 2.44287e-06 
1200.91 2.45777e-06 
1200.92 2.47241e-06 
1200.93 2.4868e-06 
1200.94 2.50095e-06 
1200.95 2.51485e-06 
1200.96 2.52852e-06 
1200.97 2.54195e-06 
1200.98 2.55533e-06 
1200.99 2.5683e-06 
1201 2.58106e-06 
1201.01 2.59361e-06 
1201.02 2.60596e-06 
1201.03 2.61812e-06 
1201.04 2.6301e-06 
1201.05 2.64191e-06 
1201.06 2.65355e-06 
1201.07 2.66505e-06 
1201.08 2.6764e-06 
1201.09 2.68764e-06 
1201.1 2.69876e-06 
1201.11 2.70978e-06 
1201.12 2.72072e-06 
1201.13 2.73158e-06 
1201.14 2.7424e-06 
1201.15 2.75317e-06 
1201.16 2.76392e-06 
1201.17 2.77466e-06 
1201.18 2.78541e-06 
1201.19 2.79619e-06 
1201.2 2.80701e-06 
1201.21 2.81789e-06 
1201.22 2.82885e-06 
1201.23 2.84006e-06 
1201.24 2.85123e-06 
1201.25 2.86253e-06 
1201.26 2.87397e-06 
1201.27 2.88559e-06 
1201.28 2.89739e-06 
1201.28 2.9094e-06 
1201.29 2.92162e-06 
1201.3 2.93409e-06 
1201.31 2.94681e-06 
1201.32 2.9598e-06 
1201.33 2.97308e-06 
1201.34 2.98667e-06 
1201.35 3.00058e-06 
1201.36 3.01484e-06 
1201.37 3.02944e-06 
1201.38 3.04442e-06 
1201.39 3.05977e-06 
1201.4 3.07553e-06 
1201.41 3.0917e-06 
1201.42 3.10829e-06 
1201.43 3.12532e-06 
1201.44 3.14279e-06 
1201.45 3.16072e-06 
1201.46 3.17912e-06 
1201.47 3.19799e-06 
1201.48 3.21761e-06 
1201.49 3.23746e-06 
1201.5 3.25782e-06 
1201.51 3.27868e-06 
1201.52 3.30005e-06 
1201.53 3.32192e-06 
1201.54 3.34431e-06 
1201.55 3.36722e-06 
1201.56 3.39064e-06 
1201.57 3.41457e-06 
1201.58 3.43902e-06 
1201.59 3.46398e-06 
1201.6 3.48945e-06 
1201.61 3.51758e-06 
1201.62 3.54405e-06 
1201.63 3.57101e-06 
1201.64 3.59845e-06 
1201.65 3.62637e-06 
1201.66 3.65473e-06 
1201.67 3.68354e-06 
1201.68 3.71279e-06 
1201.69 3.74245e-06 
1201.7 3.77251e-06 
1201.7 3.80297e-06 
1201.71 3.83378e-06 
1201.72 3.86535e-06 
1201.73 3.89685e-06 
1201.74 3.92866e-06 
1201.75 3.96075e-06 
1201.76 3.9931e-06 
1201.77 4.02569e-06 
1201.78 4.05849e-06 
1201.79 4.09148e-06 
1201.8 4.12462e-06 
1201.81 4.15791e-06 
1201.82 4.19129e-06 
1201.83 4.22474e-06 
1201.84 4.25823e-06 
1201.85 4.29174e-06 
1201.86 4.32523e-06 
1201.87 4.35866e-06 
1201.88 4.39201e-06 
1201.89 4.42524e-06 
1201.9 4.45832e-06 
1201.91 4.4912e-06 
1201.92 4.52387e-06 
1201.93 4.55628e-06 
1201.94 4.58838e-06 
1201.95 4.62017e-06 
1201.96 4.65159e-06 
1201.97 4.68261e-06 
1201.98 4.71358e-06 
1201.99 4.74368e-06 
1202 4.77327e-06 
1202.01 4.80231e-06 
1202.02 4.83077e-06 
1202.03 4.85861e-06 
1202.04 4.88579e-06 
1202.05 4.91229e-06 
1202.06 4.93806e-06 
1202.07 4.96307e-06 
1202.08 4.9873e-06 
1202.09 5.01069e-06 
1202.1 5.03322e-06 
1202.11 5.05487e-06 
1202.12 5.07559e-06 
1202.13 5.09536e-06 
1202.13 5.11415e-06 
1202.14 5.13192e-06 
1202.15 5.14865e-06 
1202.16 5.16432e-06 
1202.17 5.17889e-06 
1202.18 5.19234e-06 
1202.19 5.20465e-06 
1202.2 5.21578e-06 
1202.21 5.22573e-06 
1202.22 5.23457e-06 
1202.23 5.24208e-06 
1202.24 5.24832e-06 
1202.25 5.25331e-06 
1202.26 5.257e-06 
1202.27 5.2594e-06 
1202.28 5.26049e-06 
1202.29 5.26027e-06 
1202.3 5.25871e-06 
1202.31 5.25581e-06 
1202.32 5.25157e-06 
1202.33 5.24596e-06 
1202.34 5.239e-06 
1202.35 5.23067e-06 
1202.36 5.22099e-06 
1202.37 5.20993e-06 
1202.38 5.19751e-06 
1202.39 5.18373e-06 
1202.4 5.16858e-06 
1202.41 5.15209e-06 
1202.42 5.13425e-06 
1202.43 5.11507e-06 
1202.44 5.09456e-06 
1202.45 5.07274e-06 
1202.46 5.0496e-06 
1202.47 5.02517e-06 
1202.48 4.99914e-06 
1202.49 4.97214e-06 
1202.5 4.94391e-06 
1202.51 4.91445e-06 
1202.52 4.88379e-06 
1202.53 4.85193e-06 
1202.54 4.8189e-06 
1202.55 4.78474e-06 
1202.56 4.74946e-06 
1202.56 4.71308e-06 
1202.57 4.67564e-06 
1202.58 4.63715e-06 
1202.59 4.59766e-06 
1202.6 4.55717e-06 
1202.61 4.51851e-06 
1202.62 4.47612e-06 
1202.63 4.43283e-06 
1202.64 4.38868e-06 
1202.65 4.3437e-06 
1202.66 4.29792e-06 
1202.67 4.25137e-06 
1202.68 4.20409e-06 
1202.69 4.15611e-06 
1202.7 4.10747e-06 
1202.71 4.0582e-06 
1202.72 4.00833e-06 
1202.73 3.95727e-06 
1202.74 3.90631e-06 
1202.75 3.85487e-06 
1202.76 3.80297e-06 
1202.77 3.75065e-06 
1202.78 3.69796e-06 
1202.79 3.64491e-06 
1202.8 3.59156e-06 
1202.81 3.53792e-06 
1202.82 3.48405e-06 
1202.83 3.42997e-06 
1202.84 3.37572e-06 
1202.85 3.32133e-06 
1202.86 3.26684e-06 
1202.87 3.21228e-06 
1202.88 3.15768e-06 
1202.89 3.10308e-06 
1202.9 3.0485e-06 
1202.91 2.99398e-06 
1202.92 2.93955e-06 
1202.93 2.88524e-06 
1202.94 2.83109e-06 
1202.95 2.77711e-06 
1202.96 2.72333e-06 
1202.97 2.6698e-06 
1202.98 2.61652e-06 
1202.98 2.56288e-06 
1202.99 2.51021e-06 
1203 2.45788e-06 
1203.01 2.40591e-06 
1203.02 2.35433e-06 
1203.03 2.30316e-06 
1203.04 2.25242e-06 
1203.05 2.20213e-06 
1203.06 2.15231e-06 
1203.07 2.10298e-06 
1203.08 2.05415e-06 
1203.09 2.00586e-06 
1203.1 1.9581e-06 
1203.11 1.9109e-06 
1203.12 1.86427e-06 
1203.13 1.81823e-06 
1203.14 1.77279e-06 
1203.15 1.72795e-06 
1203.16 1.68374e-06 
1203.17 1.64016e-06 
1203.18 1.59723e-06 
1203.19 1.55495e-06 
1203.2 1.51332e-06 
1203.21 1.47236e-06 
1203.22 1.43207e-06 
1203.23 1.39198e-06 
1203.24 1.35306e-06 
1203.25 1.31483e-06 
1203.26 1.2773e-06 
1203.27 1.24046e-06 
1203.28 1.20431e-06 
1203.29 1.16886e-06 
1203.3 1.13411e-06 
1203.31 1.10006e-06 
1203.32 1.0667e-06 
1203.33 1.03404e-06 
1203.34 1.00208e-06 
1203.35 9.70806e-07 
1203.36 9.40224e-07 
1203.37 9.10327e-07 
1203.38 8.81112e-07 
1203.39 8.52576e-07 
1203.4 8.24712e-07 
1203.41 7.97515e-07 
1203.41 7.7098e-07 
1203.42 7.45101e-07 
1203.43 7.19871e-07 
1203.44 6.95283e-07 
1203.45 6.71331e-07 
1203.46 6.48006e-07 
1203.47 6.253e-07 
1203.48 6.02934e-07 
1203.49 5.81452e-07 
1203.5 5.60563e-07 
1203.51 5.4026e-07 
1203.52 5.20533e-07 
1203.53 5.01374e-07 
1203.54 4.82772e-07 
1203.55 4.6472e-07 
1203.56 4.47205e-07 
1203.57 4.30219e-07 
1203.58 4.13752e-07 
1203.59 3.97795e-07 
1203.6 3.82335e-07 
1203.61 3.67591e-07 
1203.62 3.5309e-07 
1203.63 3.39058e-07 
1203.64 3.25484e-07 
1203.65 3.12358e-07 
1203.66 2.99669e-07 
1203.67 2.87409e-07 
1203.68 2.75566e-07 
1203.69 2.64131e-07 
1203.7 2.53092e-07 
1203.71 2.42441e-07 
1203.72 2.32168e-07 
1203.73 2.2214e-07 
1203.74 2.12596e-07 
1203.75 2.034e-07 
1203.76 1.94542e-07 
1203.77 1.86013e-07 
1203.78 1.77804e-07 
1203.79 1.69905e-07 
1203.8 1.62308e-07 
1203.81 1.55003e-07 
1203.82 1.47982e-07 
1203.83 1.41235e-07 
1203.83 1.34755e-07 
1203.84 1.28533e-07 
1203.85 1.22561e-07 
1203.86 1.1683e-07 
1203.87 1.11334e-07 
1203.88 1.06064e-07 
1203.89 1.01012e-07 
1203.9 9.61719e-08 
1203.91 9.15354e-08 
1203.92 8.7096e-08 
1203.93 8.28466e-08 
1203.94 7.87803e-08 
1203.95 7.48908e-08 
1203.96 7.11717e-08 
1203.97 6.76165e-08 
1203.98 6.41779e-08 
1203.99 6.09346e-08 
1204 5.78376e-08 
1204.01 5.48812e-08 
1204.02 5.206e-08 
1204.03 4.93689e-08 
1204.04 4.68024e-08 
1204.05 4.43559e-08 
1204.06 4.20245e-08 
1204.07 3.98033e-08 
1204.08 3.76881e-08 
1204.09 3.56745e-08 
1204.1 3.3758e-08 
1204.11 3.19348e-08 
1204.12 3.02008e-08 
1204.13 2.85523e-08 
1204.14 2.69855e-08 
1204.15 2.54968e-08 
1204.16 2.4083e-08 
1204.17 2.27406e-08 
1204.18 2.14664e-08 
1204.19 2.02575e-08 
1204.2 1.91108e-08 
1204.21 1.80236e-08 
1204.22 1.69929e-08 
1204.23 1.60045e-08 
1204.24 1.50801e-08 
1204.25 1.42047e-08 
1204.26 1.3376e-08 
1204.26 1.25919e-08 
1204.27 1.18501e-08 
1204.28 1.11486e-08 
1204.29 1.04854e-08 
1204.3 9.85863e-09 
1204.31 9.26653e-09 
1204.32 8.70731e-09 
1204.33 8.17935e-09 
1204.34 7.68105e-09 
1204.35 7.21091e-09 
1204.36 6.76747e-09 
1204.37 6.34937e-09 
1204.38 5.95528e-09 
1204.39 5.58394e-09 
1204.4 5.23416e-09 
1204.41 4.90479e-09 
1204.42 4.59474e-09 
1204.43 4.30298e-09 
1204.44 4.02851e-09 
1204.45 3.7704e-09 
1204.46 3.52775e-09 
1204.47 3.2997e-09 
1204.48 3.08287e-09 
1204.49 2.88181e-09 
1204.5 2.69304e-09 
1204.51 2.51587e-09 
1204.52 2.34964e-09 
1204.53 2.19372e-09 
1204.54 2.04752e-09 
1204.55 1.91048e-09 
1204.56 1.78207e-09 
1204.57 1.66178e-09 
1204.58 1.54914e-09 
1204.59 1.44369e-09 
1204.6 1.34501e-09 
1204.61 1.25269e-09 
1204.62 1.16707e-09 
1204.63 1.0863e-09 
1204.64 1.01081e-09 
1204.65 9.40283e-10 
1204.66 8.74408e-10 
1204.67 8.12899e-10 
1204.68 7.55487e-10 
1204.68 7.01915e-10 
1204.69 6.51941e-10 
1204.7 6.05342e-10 
1204.71 5.61902e-10 
1204.72 5.20931e-10 
1204.73 4.83251e-10 
1204.74 4.48159e-10 
1204.75 4.15489e-10 
1204.76 3.85083e-10 
1204.77 3.56792e-10 
1204.78 3.3048e-10 
1204.79 3.06014e-10 
1204.8 2.83273e-10 
1204.81 2.62142e-10 
1204.82 2.42513e-10 
1204.83 2.24285e-10 
1204.84 2.07364e-10 
1204.85 1.91661e-10 
1204.86 1.77093e-10 
1204.87 1.63582e-10 
1204.88 1.51056e-10 
1204.89 1.39447e-10 
1204.9 1.2869e-10 
1204.91 1.18727e-10 
1204.92 1.09502e-10 
1204.93 1.00963e-10 
1204.94 9.3061e-11 
1204.95 8.57515e-11 
1204.96 7.89919e-11 
1204.97 7.2743e-11 
1204.98 6.68987e-11 
1204.99 6.15686e-11 
1205 5.66458e-11 
1205.01 5.21008e-11 
1205.02 4.79057e-11 
1205.03 4.40351e-11 
1205.04 4.04647e-11 
1205.05 3.71725e-11 
1205.06 3.41378e-11 
1205.07 3.13412e-11 
1205.08 2.87649e-11 
1205.09 2.63923e-11 
1205.1 2.4208e-11 
1205.11 2.21978e-11 
1205.11 2.03482e-11 
1205.12 1.86471e-11 
1205.13 1.70829e-11 
1205.14 1.56452e-11 
1205.15 1.43241e-11 
1205.16 1.31105e-11 
1205.17 1.19961e-11 
1205.18 1.09731e-11 
1205.19 1.00343e-11 
1205.2 9.17293e-12 
1205.21 8.38298e-12 
1205.22 7.65043e-12 
1205.23 6.98696e-12 
1205.24 6.37938e-12 
1205.25 5.82286e-12 
1205.26 5.31326e-12 
1205.27 4.84679e-12 
1205.28 4.41992e-12 
1205.29 4.02941e-12 
1205.3 3.67228e-12 
1205.31 3.34578e-12 
1205.32 3.04738e-12 
1205.33 2.77475e-12 
1205.34 2.52574e-12 
1205.35 2.29836e-12 
1205.36 2.09082e-12 
1205.37 1.90144e-12 
1205.38 1.72869e-12 
1205.39 1.57115e-12 
1205.4 1.42753e-12 
1205.41 1.29664e-12 
1205.42 1.1774e-12 
1205.43 1.06879e-12 
1205.44 9.69907e-13 
1205.45 8.79903e-13 
1205.46 7.98007e-13 
1205.47 7.23513e-13 
1205.48 6.55002e-13 
1205.49 5.93459e-13 
1205.5 5.37564e-13 
1205.51 4.86785e-13 
1205.52 4.40668e-13 
1205.53 3.98798e-13 
1205.54 3.60796e-13 
1205.54 3.26316e-13 
1205.55 2.9504e-13 
1205.56 2.66681e-13 
1205.57 2.40974e-13 
1205.58 2.17679e-13 
1205.59 1.96576e-13 
1205.6 1.77464e-13 
1205.61 1.6026e-13 
1205.62 1.4459e-13 
1205.63 1.30413e-13 
1205.64 1.1759e-13 
1205.65 1.05996e-13 
1205.66 9.55151e-14 
1205.67 8.60446e-14 
1205.68 7.74894e-14 
1205.69 6.97636e-14 
1205.7 6.27888e-14 
1205.71 5.64941e-14 
1205.72 5.0815e-14 
1205.73 4.5632e-14 
1205.74 4.10195e-14 
1205.75 3.68621e-14 
1205.76 3.31158e-14 
1205.77 2.97412e-14 
1205.78 2.67023e-14 
1205.79 2.39666e-14 
1205.8 2.15047e-14 
1205.81 1.92897e-14 
1205.82 1.72976e-14 
1205.83 1.55064e-14 
1205.84 1.38966e-14 
1205.85 1.245e-14 
1205.86 1.11506e-14 
1205.87 9.98377e-15 
1205.88 8.93632e-15 
1205.89 7.99632e-15 
1205.9 7.15301e-15 
1205.91 6.39668e-15 
1205.92 5.71858e-15 
1205.93 5.11079e-15 
1205.94 4.56621e-15 
1205.95 4.07842e-15 
1205.96 3.64162e-15 
1205.96 3.25061e-15 
1205.97 2.90069e-15 
1205.98 2.58396e-15 
1205.99 2.30439e-15 
1206 2.05444e-15 
1206.01 1.83104e-15 
1206.02 1.63144e-15 
1206.03 1.45315e-15 
1206.04 1.29395e-15 
1206.05 1.15184e-15 
1206.06 1.02502e-15 
1206.07 9.11888e-16 
1206.08 8.10994e-16 
1206.09 7.21043e-16 
1206.1 6.40874e-16 
1206.11 5.69443e-16 
1206.12 5.0582e-16 
1206.13 4.49168e-16 
1206.14 3.98739e-16 
1206.15 3.53864e-16 
1206.16 3.13943e-16 
1206.17 2.78441e-16 
1206.18 2.46878e-16 
1206.19 2.18826e-16 
1206.2 1.93903e-16 
1206.21 1.71765e-16 
1206.22 1.52109e-16 
1206.23 1.34455e-16 
1206.24 1.18995e-16 
1206.25 1.05281e-16 
1206.26 9.31183e-17 
1206.27 8.23358e-17 
1206.28 7.27796e-17 
1206.29 6.43129e-17 
1206.3 5.68138e-17 
1206.31 5.01737e-17 
1206.32 4.42962e-17 
1206.33 3.90952e-17 
1206.34 3.44944e-17 
1206.35 3.04257e-17 
1206.36 2.68287e-17 
1206.37 2.36498e-17 
1206.38 2.08411e-17 
1206.39 1.83604e-17 
1206.39 1.617e-17 
1206.4 1.42366e-17 
1206.41 1.25305e-17 
1206.42 1.10255e-17 
1206.43 9.69831e-18 
1206.44 8.52826e-18 
1206.45 7.49708e-18 
1206.46 6.58858e-18 
1206.47 5.78839e-18 
1206.48 5.07559e-18 
1206.49 4.45641e-18 
1206.5 3.91158e-18 
1206.51 3.4323e-18 
1206.52 3.01083e-18 
1206.53 2.64031e-18 
1206.54 2.31468e-18 
1206.55 2.02859e-18 
1206.56 1.77732e-18 
1206.57 1.55669e-18 
1206.58 1.36304e-18 
1206.59 1.19312e-18 
1206.6 0 
