#energy geo_1 
1186.6 0 
1186.61 0 
1186.62 0 
1186.63 0 
1186.64 0 
1186.65 0 
1186.66 0 
1186.67 0 
1186.68 0 
1186.69 0 
1186.7 0 
1186.71 0 
1186.72 0 
1186.73 0 
1186.74 0 
1186.75 0 
1186.76 0 
1186.77 0 
1186.78 0 
1186.79 0 
1186.8 0 
1186.81 0 
1186.81 0 
1186.82 0 
1186.83 0 
1186.84 0 
1186.85 0 
1186.86 0 
1186.87 0 
1186.88 0 
1186.89 0 
1186.9 0 
1186.91 0 
1186.92 0 
1186.93 0 
1186.94 0 
1186.95 0 
1186.96 0 
1186.97 0 
1186.98 0 
1186.99 0 
1187 0 
1187.01 0 
1187.02 0 
1187.03 0 
1187.04 0 
1187.05 0 
1187.06 0 
1187.07 0 
1187.08 0 
1187.09 0 
1187.1 0 
1187.11 0 
1187.12 0 
1187.13 0 
1187.14 0 
1187.15 0 
1187.16 0 
1187.17 0 
1187.18 0 
1187.19 0 
1187.2 0 
1187.21 0 
1187.22 0 
1187.23 0 
1187.24 0 
1187.24 0 
1187.25 0 
1187.26 0 
1187.27 0 
1187.28 0 
1187.29 0 
1187.3 0 
1187.31 0 
1187.32 0 
1187.33 0 
1187.34 0 
1187.35 0 
1187.36 0 
1187.37 0 
1187.38 0 
1187.39 0 
1187.4 0 
1187.41 0 
1187.42 0 
1187.43 0 
1187.44 0 
1187.45 0 
1187.46 0 
1187.47 0 
1187.48 0 
1187.49 0 
1187.5 0 
1187.51 0 
1187.52 0 
1187.53 0 
1187.54 0 
1187.55 0 
1187.56 0 
1187.57 0 
1187.58 0 
1187.59 0 
1187.6 0 
1187.61 0 
1187.62 0 
1187.63 0 
1187.64 0 
1187.65 0 
1187.66 0 
1187.66 0 
1187.67 0 
1187.68 0 
1187.69 0 
1187.7 0 
1187.71 0 
1187.72 0 
1187.73 0 
1187.74 0 
1187.75 0 
1187.76 0 
1187.77 0 
1187.78 0 
1187.79 0 
1187.8 0 
1187.81 0 
1187.82 0 
1187.83 0 
1187.84 0 
1187.85 0 
1187.86 0 
1187.87 0 
1187.88 0 
1187.89 0 
1187.9 0 
1187.91 0 
1187.92 0 
1187.93 0 
1187.94 0 
1187.95 0 
1187.96 0 
1187.97 0 
1187.98 0 
1187.99 0 
1188 0 
1188.01 0 
1188.02 0 
1188.03 0 
1188.04 0 
1188.05 0 
1188.06 0 
1188.07 0 
1188.08 0 
1188.09 0 
1188.09 0 
1188.1 0 
1188.11 0 
1188.12 0 
1188.13 0 
1188.14 0 
1188.15 0 
1188.16 0 
1188.17 0 
1188.18 0 
1188.19 0 
1188.2 0 
1188.21 0 
1188.22 0 
1188.23 0 
1188.24 0 
1188.25 0 
1188.26 0 
1188.27 0 
1188.28 0 
1188.29 0 
1188.3 0 
1188.31 0 
1188.32 0 
1188.33 0 
1188.34 0 
1188.35 0 
1188.36 0 
1188.37 0 
1188.38 0 
1188.39 0 
1188.4 0 
1188.41 0 
1188.42 0 
1188.43 0 
1188.44 0 
1188.45 0 
1188.46 0 
1188.47 0 
1188.48 0 
1188.49 0 
1188.5 0 
1188.51 0 
1188.52 0 
1188.52 0 
1188.53 0 
1188.54 0 
1188.55 0 
1188.56 0 
1188.57 0 
1188.58 0 
1188.59 0 
1188.6 0 
1188.61 0 
1188.62 0 
1188.63 0 
1188.64 0 
1188.65 0 
1188.66 1.4013e-45 
1188.67 1.4013e-45 
1188.68 1.4013e-45 
1188.69 2.8026e-45 
1188.7 2.8026e-45 
1188.71 2.8026e-45 
1188.72 4.2039e-45 
1188.73 7.00649e-45 
1188.74 8.40779e-45 
1188.75 1.26117e-44 
1188.76 1.68156e-44 
1188.77 2.24208e-44 
1188.78 3.08286e-44 
1188.79 4.2039e-44 
1188.8 5.74532e-44 
1188.81 7.84727e-44 
1188.82 1.079e-43 
1188.83 1.48538e-43 
1188.84 2.01787e-43 
1188.85 2.76056e-43 
1188.86 3.76949e-43 
1188.87 5.12875e-43 
1188.88 7.00649e-43 
1188.89 9.54284e-43 
1188.9 1.3004e-42 
1188.91 1.76984e-42 
1188.92 2.40743e-42 
1188.93 3.27343e-42 
1188.94 4.44912e-42 
1188.94 6.0424e-42 
1188.95 8.2032e-42 
1188.96 1.11277e-41 
1188.97 1.50878e-41 
1188.98 2.05234e-41 
1188.99 2.77948e-41 
1189 3.76179e-41 
1189.01 5.08868e-41 
1189.02 6.87953e-41 
1189.03 9.29523e-41 
1189.04 1.25521e-40 
1189.05 1.69404e-40 
1189.06 2.28494e-40 
1189.07 3.08018e-40 
1189.08 4.14979e-40 
1189.09 5.58762e-40 
1189.1 7.51927e-40 
1189.11 1.01129e-39 
1189.12 1.35932e-39 
1189.13 1.82607e-39 
1189.14 2.45168e-39 
1189.15 3.28972e-39 
1189.16 4.41167e-39 
1189.17 5.91283e-39 
1189.18 7.92024e-39 
1189.19 1.0603e-38 
1189.2 1.41864e-38 
1189.21 1.89697e-38 
1189.22 2.53513e-38 
1189.23 3.39827e-38 
1189.24 4.5362e-38 
1189.25 6.05168e-38 
1189.26 8.06879e-38 
1189.27 1.0752e-37 
1189.28 1.43193e-37 
1189.29 1.90591e-37 
1189.3 2.53531e-37 
1189.31 3.37062e-37 
1189.32 4.47856e-37 
1189.33 5.94723e-37 
1189.34 7.89298e-37 
1189.35 1.04693e-36 
1189.36 1.38785e-36 
1189.36 1.83872e-36 
1189.37 2.43466e-36 
1189.38 3.22188e-36 
1189.39 4.26119e-36 
1189.4 5.63251e-36 
1189.41 7.44083e-36 
1189.42 9.82404e-36 
1189.43 1.29631e-35 
1189.44 1.70953e-35 
1189.45 2.25316e-35 
1189.46 2.96796e-35 
1189.47 3.90726e-35 
1189.48 5.15851e-35 
1189.49 6.78319e-35 
1189.5 8.91443e-35 
1189.51 1.17085e-34 
1189.52 1.53695e-34 
1189.53 2.01635e-34 
1189.54 2.64376e-34 
1189.55 3.46439e-34 
1189.56 4.53713e-34 
1189.57 5.93861e-34 
1189.58 7.7685e-34 
1189.59 1.01564e-33 
1189.6 1.32706e-33 
1189.61 1.73404e-33 
1189.62 2.26313e-33 
1189.63 2.95194e-33 
1189.64 3.84818e-33 
1189.65 5.01363e-33 
1189.66 6.52828e-33 
1189.67 8.4956e-33 
1189.68 1.10494e-32 
1189.69 1.43626e-32 
1189.7 1.86584e-32 
1189.71 2.42252e-32 
1189.72 3.14346e-32 
1189.73 4.08985e-32 
1189.74 5.30083e-32 
1189.75 6.86641e-32 
1189.76 8.88924e-32 
1189.77 1.15013e-31 
1189.78 1.48724e-31 
1189.79 1.92205e-31 
1189.79 2.48253e-31 
1189.8 3.20462e-31 
1189.81 4.13434e-31 
1189.82 5.33071e-31 
1189.83 6.86931e-31 
1189.84 8.84689e-31 
1189.85 1.13872e-30 
1189.86 1.46485e-30 
1189.87 1.88329e-30 
1189.88 2.41987e-30 
1189.89 3.10753e-30 
1189.9 3.9883e-30 
1189.91 5.11575e-30 
1189.92 6.55813e-30 
1189.93 8.40234e-30 
1189.94 1.07589e-29 
1189.95 1.37685e-29 
1189.96 1.76098e-29 
1189.97 2.25098e-29 
1189.98 2.88447e-29 
1189.99 3.6828e-29 
1190 4.69936e-29 
1190.01 5.99307e-29 
1190.02 7.63851e-29 
1190.03 9.7301e-29 
1190.04 1.23873e-28 
1190.05 1.57609e-28 
1190.06 2.00419e-28 
1190.07 2.54709e-28 
1190.08 3.23518e-28 
1190.09 4.10679e-28 
1190.1 5.21021e-28 
1190.11 6.60629e-28 
1190.12 8.3716e-28 
1190.13 1.06025e-27 
1190.14 1.34202e-27 
1190.15 1.69769e-27 
1190.16 2.14638e-27 
1190.17 2.71208e-27 
1190.18 3.42491e-27 
1190.19 4.3226e-27 
1190.2 5.45243e-27 
1190.21 6.87359e-27 
1190.21 8.66018e-27 
1190.22 1.09363e-26 
1190.23 1.37628e-26 
1190.24 1.73099e-26 
1190.25 2.17586e-26 
1190.26 2.73349e-26 
1190.27 3.43204e-26 
1190.28 4.30662e-26 
1190.29 5.40095e-26 
1190.3 6.76944e-26 
1190.31 8.47978e-26 
1190.32 1.06161e-25 
1190.33 1.3283e-25 
1190.34 1.66102e-25 
1190.35 2.07589e-25 
1190.36 2.59287e-25 
1190.37 3.23674e-25 
1190.38 4.03817e-25 
1190.39 5.03512e-25 
1190.4 6.27457e-25 
1190.41 7.81462e-25 
1190.42 9.72704e-25 
1190.43 1.21005e-24 
1190.44 1.50444e-24 
1190.45 1.86936e-24 
1190.46 2.32147e-24 
1190.47 2.88126e-24 
1190.48 3.58359e-24 
1190.49 4.44255e-24 
1190.5 5.50421e-24 
1190.51 6.81565e-24 
1190.52 8.43469e-24 
1190.53 1.04323e-23 
1190.54 1.28955e-23 
1190.55 1.59312e-23 
1190.56 1.96701e-23 
1190.57 2.42725e-23 
1190.58 2.99344e-23 
1190.59 3.68958e-23 
1190.6 4.54497e-23 
1190.61 5.59893e-23 
1190.62 6.88904e-23 
1190.63 8.47152e-23 
1190.64 1.04115e-22 
1190.64 1.27883e-22 
1190.65 1.56987e-22 
1190.66 1.92603e-22 
1190.67 2.36163e-22 
1190.68 2.89407e-22 
1190.69 3.5445e-22 
1190.7 4.33862e-22 
1190.71 5.30758e-22 
1190.72 6.4892e-22 
1190.73 7.94915e-22 
1190.74 9.70757e-22 
1190.75 1.18481e-21 
1190.76 1.44523e-21 
1190.77 1.76187e-21 
1190.78 2.14665e-21 
1190.79 2.61394e-21 
1190.8 3.18112e-21 
1190.81 3.86914e-21 
1190.82 4.70324e-21 
1190.83 5.71385e-21 
1190.84 6.93762e-21 
1190.85 8.41862e-21 
1190.86 1.02099e-20 
1190.87 1.23751e-20 
1190.88 1.49909e-20 
1190.89 1.81491e-20 
1190.9 2.19599e-20 
1190.91 2.65557e-20 
1190.92 3.20946e-20 
1190.93 3.87664e-20 
1190.94 4.67982e-20 
1190.95 5.64613e-20 
1190.96 6.80805e-20 
1190.97 8.20434e-20 
1190.98 9.90424e-20 
1190.99 1.19217e-19 
1191 1.43418e-19 
1191.01 1.72431e-19 
1191.02 2.07195e-19 
1191.03 2.48824e-19 
1191.04 2.98645e-19 
1191.05 3.58233e-19 
1191.06 4.29463e-19 
1191.07 5.14559e-19 
1191.07 6.1616e-19 
1191.08 7.37397e-19 
1191.09 8.81979e-19 
1191.1 1.0543e-18 
1191.11 1.25956e-18 
1191.12 1.50392e-18 
1191.13 1.79464e-18 
1191.14 2.14033e-18 
1191.15 2.55113e-18 
1191.16 3.03902e-18 
1191.17 3.61813e-18 
1191.18 4.3051e-18 
1191.19 5.11956e-18 
1191.2 6.08458e-18 
1191.21 7.22732e-18 
1191.22 8.57973e-18 
1191.23 1.02011e-17 
1191.24 1.20959e-17 
1191.25 1.43343e-17 
1191.26 1.69773e-17 
1191.27 2.00959e-17 
1191.28 2.37736e-17 
1191.29 2.81082e-17 
1191.3 3.32138e-17 
1191.31 3.92243e-17 
1191.32 4.62956e-17 
1191.33 5.46102e-17 
1191.34 6.43809e-17 
1191.35 7.58559e-17 
1191.36 8.93246e-17 
1191.37 1.05124e-16 
1191.38 1.23647e-16 
1191.39 1.45349e-16 
1191.4 1.70761e-16 
1191.41 2.00501e-16 
1191.42 2.35285e-16 
1191.43 2.75943e-16 
1191.44 3.23441e-16 
1191.45 3.78896e-16 
1191.46 4.43602e-16 
1191.47 5.19058e-16 
1191.48 6.0828e-16 
1191.49 7.1081e-16 
1191.49 8.30272e-16 
1191.5 9.69252e-16 
1191.51 1.13084e-15 
1191.52 1.31861e-15 
1191.53 1.53667e-15 
1191.54 1.78976e-15 
1191.55 2.08332e-15 
1191.56 2.42363e-15 
1191.57 2.81791e-15 
1191.58 3.27444e-15 
1191.59 3.80274e-15 
1191.6 4.41646e-15 
1191.61 5.12308e-15 
1191.62 5.93934e-15 
1191.63 6.88166e-15 
1191.64 7.9689e-15 
1191.65 9.22258e-15 
1191.66 1.06673e-14 
1191.67 1.23313e-14 
1191.68 1.42465e-14 
1191.69 1.64498e-14 
1191.7 1.89828e-14 
1191.71 2.18932e-14 
1191.72 2.52352e-14 
1191.73 2.9122e-14 
1191.74 3.35285e-14 
1191.75 3.85796e-14 
1191.76 4.43659e-14 
1191.77 5.09906e-14 
1191.78 5.85707e-14 
1191.79 6.72388e-14 
1191.8 7.71451e-14 
1191.81 8.84598e-14 
1191.82 1.01376e-13 
1191.83 1.1611e-13 
1191.84 1.32909e-13 
1191.85 1.52051e-13 
1191.86 1.73849e-13 
1191.87 1.98658e-13 
1191.88 2.26875e-13 
1191.89 2.58952e-13 
1191.9 2.95392e-13 
1191.91 3.36766e-13 
1191.92 3.83714e-13 
1191.92 4.36954e-13 
1191.93 4.97293e-13 
1191.94 5.65638e-13 
1191.95 6.43005e-13 
1191.96 7.30531e-13 
1191.97 8.29493e-13 
1191.98 9.42802e-13 
1191.99 1.06928e-12 
1192 1.21201e-12 
1192.01 1.37301e-12 
1192.02 1.5545e-12 
1192.03 1.75897e-12 
1192.04 1.98917e-12 
1192.05 2.24821e-12 
1192.06 2.53951e-12 
1192.07 2.8669e-12 
1192.08 3.23463e-12 
1192.09 3.64741e-12 
1192.1 4.11051e-12 
1192.11 4.62972e-12 
1192.12 5.2115e-12 
1192.13 5.86301e-12 
1192.14 6.59215e-12 
1192.15 7.4077e-12 
1192.16 8.31933e-12 
1192.17 9.33776e-12 
1192.18 1.04748e-11 
1192.19 1.17435e-11 
1192.2 1.31583e-11 
1192.21 1.47351e-11 
1192.22 1.64912e-11 
1192.23 1.84717e-11 
1192.24 2.06492e-11 
1192.25 2.307e-11 
1192.26 2.57598e-11 
1192.27 2.87465e-11 
1192.28 3.2061e-11 
1192.29 3.5737e-11 
1192.3 3.98115e-11 
1192.31 4.4325e-11 
1192.32 4.93216e-11 
1192.33 5.48499e-11 
1192.34 6.09625e-11 
1192.34 6.77173e-11 
1192.35 7.5177e-11 
1192.36 8.34103e-11 
1192.37 9.24919e-11 
1192.38 1.02503e-10 
1192.39 1.13532e-10 
1192.4 1.25676e-10 
1192.41 1.39037e-10 
1192.42 1.53731e-10 
1192.43 1.69879e-10 
1192.44 1.87616e-10 
1192.45 2.07084e-10 
1192.46 2.2844e-10 
1192.47 2.51854e-10 
1192.48 2.77843e-10 
1192.49 3.05964e-10 
1192.5 3.36736e-10 
1192.51 3.7039e-10 
1192.52 4.07172e-10 
1192.53 4.47348e-10 
1192.54 4.91205e-10 
1192.55 5.3905e-10 
1192.56 5.91213e-10 
1192.57 6.4805e-10 
1192.58 7.09941e-10 
1192.59 7.77294e-10 
1192.6 8.50545e-10 
1192.61 9.30739e-10 
1192.62 1.01727e-09 
1192.63 1.11121e-09 
1192.64 1.21313e-09 
1192.65 1.32362e-09 
1192.66 1.44335e-09 
1192.67 1.573e-09 
1192.68 1.7133e-09 
1192.69 1.86504e-09 
1192.7 2.02905e-09 
1192.71 2.2062e-09 
1192.72 2.39744e-09 
1192.73 2.60642e-09 
1192.74 2.82906e-09 
1192.75 3.06894e-09 
1192.76 3.32725e-09 
1192.77 3.6052e-09 
1192.77 3.90413e-09 
1192.78 4.22539e-09 
1192.79 4.57046e-09 
1192.8 4.94085e-09 
1192.81 5.33817e-09 
1192.82 5.76411e-09 
1192.83 6.22045e-09 
1192.84 6.70904e-09 
1192.85 7.23182e-09 
1192.86 7.79085e-09 
1192.87 8.38823e-09 
1192.88 9.02622e-09 
1192.89 9.70711e-09 
1192.9 1.04333e-08 
1192.91 1.12074e-08 
1192.92 1.2032e-08 
1192.93 1.29098e-08 
1192.94 1.38436e-08 
1192.95 1.48364e-08 
1192.96 1.58912e-08 
1192.97 1.70112e-08 
1192.98 1.82149e-08 
1192.99 1.9476e-08 
1193 2.08124e-08 
1193.01 2.22277e-08 
1193.02 2.37254e-08 
1193.03 2.53095e-08 
1193.04 2.69838e-08 
1193.05 2.87522e-08 
1193.06 3.06188e-08 
1193.07 3.25878e-08 
1193.08 3.46634e-08 
1193.09 3.68498e-08 
1193.1 3.91516e-08 
1193.11 4.15731e-08 
1193.12 4.41189e-08 
1193.13 4.67936e-08 
1193.14 4.96018e-08 
1193.15 5.25481e-08 
1193.16 5.56373e-08 
1193.17 5.88741e-08 
1193.18 6.22633e-08 
1193.19 6.58095e-08 
1193.19 6.95176e-08 
1193.2 7.33921e-08 
1193.21 7.74379e-08 
1193.22 8.17146e-08 
1193.23 8.61178e-08 
1193.24 9.07072e-08 
1193.25 9.54859e-08 
1193.26 1.00458e-07 
1193.27 1.05629e-07 
1193.28 1.11001e-07 
1193.29 1.1658e-07 
1193.3 1.22367e-07 
1193.31 1.28369e-07 
1193.32 1.34586e-07 
1193.33 1.41024e-07 
1193.34 1.47684e-07 
1193.35 1.54569e-07 
1193.36 1.61682e-07 
1193.37 1.69024e-07 
1193.38 1.76598e-07 
1193.39 1.84405e-07 
1193.4 1.92446e-07 
1193.41 2.00721e-07 
1193.42 2.09231e-07 
1193.43 2.17976e-07 
1193.44 2.26956e-07 
1193.45 2.36169e-07 
1193.46 2.45614e-07 
1193.47 2.5529e-07 
1193.48 2.65318e-07 
1193.49 2.7545e-07 
1193.5 2.85803e-07 
1193.51 2.96374e-07 
1193.52 3.07158e-07 
1193.53 3.18152e-07 
1193.54 3.29348e-07 
1193.55 3.40742e-07 
1193.56 3.52326e-07 
1193.57 3.64094e-07 
1193.58 3.76037e-07 
1193.59 3.88148e-07 
1193.6 4.00418e-07 
1193.61 4.13093e-07 
1193.62 4.25659e-07 
1193.62 4.38355e-07 
1193.63 4.51168e-07 
1193.64 4.64088e-07 
1193.65 4.77102e-07 
1193.66 4.90198e-07 
1193.67 5.03363e-07 
1193.68 5.16583e-07 
1193.69 5.29844e-07 
1193.7 5.43131e-07 
1193.71 5.56431e-07 
1193.72 5.69726e-07 
1193.73 5.83169e-07 
1193.74 5.9641e-07 
1193.75 6.096e-07 
1193.76 6.22721e-07 
1193.77 6.35758e-07 
1193.78 6.48693e-07 
1193.79 6.61509e-07 
1193.8 6.74189e-07 
1193.81 6.86715e-07 
1193.82 6.9907e-07 
1193.83 7.11237e-07 
1193.84 7.23197e-07 
1193.85 7.34934e-07 
1193.86 7.4643e-07 
1193.87 7.57669e-07 
1193.88 7.68632e-07 
1193.89 7.79305e-07 
1193.9 7.89669e-07 
1193.91 7.99709e-07 
1193.92 8.09409e-07 
1193.93 8.18754e-07 
1193.94 8.27729e-07 
1193.95 8.36318e-07 
1193.96 8.4451e-07 
1193.97 8.52289e-07 
1193.98 8.59733e-07 
1193.99 8.66644e-07 
1194 8.73108e-07 
1194.01 8.79111e-07 
1194.02 8.84645e-07 
1194.03 8.897e-07 
1194.04 8.94268e-07 
1194.05 8.9834e-07 
1194.05 9.01909e-07 
1194.06 9.04971e-07 
1194.07 9.07519e-07 
1194.08 9.09549e-07 
1194.09 9.11057e-07 
1194.1 9.12041e-07 
1194.11 9.125e-07 
1194.12 9.12432e-07 
1194.13 9.11838e-07 
1194.14 9.10719e-07 
1194.15 9.09077e-07 
1194.16 9.06914e-07 
1194.17 9.04234e-07 
1194.18 9.01043e-07 
1194.19 8.97346e-07 
1194.2 8.93148e-07 
1194.21 8.88458e-07 
1194.22 8.83284e-07 
1194.23 8.7756e-07 
1194.24 8.71438e-07 
1194.25 8.6486e-07 
1194.26 8.57838e-07 
1194.27 8.50383e-07 
1194.28 8.42509e-07 
1194.29 8.34227e-07 
1194.3 8.25552e-07 
1194.31 8.16498e-07 
1194.32 8.07079e-07 
1194.33 7.97311e-07 
1194.34 7.87209e-07 
1194.35 7.76791e-07 
1194.36 7.66071e-07 
1194.37 7.55066e-07 
1194.38 7.43794e-07 
1194.39 7.32271e-07 
1194.4 7.20516e-07 
1194.41 7.08545e-07 
1194.42 6.96377e-07 
1194.43 6.84028e-07 
1194.44 6.71517e-07 
1194.45 6.58861e-07 
1194.46 6.46078e-07 
1194.47 6.33185e-07 
1194.47 6.20036e-07 
1194.48 6.06976e-07 
1194.49 5.93857e-07 
1194.5 5.80696e-07 
1194.51 5.67512e-07 
1194.52 5.54318e-07 
1194.53 5.41132e-07 
1194.54 5.27969e-07 
1194.55 5.14844e-07 
1194.56 5.01771e-07 
1194.57 4.88765e-07 
1194.58 4.7584e-07 
1194.59 4.63009e-07 
1194.6 4.50284e-07 
1194.61 4.3795e-07 
1194.62 4.25468e-07 
1194.63 4.13128e-07 
1194.64 4.00942e-07 
1194.65 3.88918e-07 
1194.66 3.77068e-07 
1194.67 3.65399e-07 
1194.68 3.53921e-07 
1194.69 3.42642e-07 
1194.7 3.31568e-07 
1194.71 3.20708e-07 
1194.72 3.10066e-07 
1194.73 2.9952e-07 
1194.74 2.89336e-07 
1194.75 2.79387e-07 
1194.76 2.69677e-07 
1194.77 2.60208e-07 
1194.78 2.50986e-07 
1194.79 2.42011e-07 
1194.8 2.33287e-07 
1194.81 2.24814e-07 
1194.82 2.16594e-07 
1194.83 2.08628e-07 
1194.84 2.00916e-07 
1194.85 1.93457e-07 
1194.86 1.86252e-07 
1194.87 1.79298e-07 
1194.88 1.72596e-07 
1194.89 1.66143e-07 
1194.9 1.59937e-07 
1194.9 1.53976e-07 
1194.91 1.48257e-07 
1194.92 1.42777e-07 
1194.93 1.37534e-07 
1194.94 1.32523e-07 
1194.95 1.27742e-07 
1194.96 1.23186e-07 
1194.97 1.1885e-07 
1194.98 1.14681e-07 
1194.99 1.10778e-07 
1195 1.07082e-07 
1195.01 1.03588e-07 
1195.02 1.00293e-07 
1195.03 9.71897e-08 
1195.04 9.42746e-08 
1195.05 9.1542e-08 
1195.06 8.89864e-08 
1195.07 8.66026e-08 
1195.08 8.4385e-08 
1195.09 8.23283e-08 
1195.1 8.04268e-08 
1195.11 7.8675e-08 
1195.12 7.70674e-08 
1195.13 7.55984e-08 
1195.14 7.42623e-08 
1195.15 7.30537e-08 
1195.16 7.19671e-08 
1195.17 7.09968e-08 
1195.18 7.01375e-08 
1195.19 6.93836e-08 
1195.2 6.87299e-08 
1195.21 6.8171e-08 
1195.22 6.77016e-08 
1195.23 6.73123e-08 
1195.24 6.70074e-08 
1195.25 6.67767e-08 
1195.26 6.66151e-08 
1195.27 6.65178e-08 
1195.28 6.648e-08 
1195.29 6.64971e-08 
1195.3 6.65645e-08 
1195.31 6.66777e-08 
1195.32 6.68324e-08 
1195.32 6.70244e-08 
1195.33 6.72496e-08 
1195.34 6.75039e-08 
1195.35 6.77836e-08 
1195.36 6.8085e-08 
1195.37 6.84045e-08 
1195.38 6.87386e-08 
1195.39 6.9084e-08 
1195.4 6.94377e-08 
1195.41 6.97965e-08 
1195.42 7.01578e-08 
1195.43 7.05187e-08 
1195.44 7.08769e-08 
1195.45 7.12298e-08 
1195.46 7.15754e-08 
1195.47 7.19117e-08 
1195.48 7.22407e-08 
1195.49 7.25526e-08 
1195.5 7.28502e-08 
1195.51 7.3132e-08 
1195.52 7.3397e-08 
1195.53 7.36441e-08 
1195.54 7.38727e-08 
1195.55 7.40822e-08 
1195.56 7.42722e-08 
1195.57 7.44424e-08 
1195.58 7.45929e-08 
1195.59 7.4724e-08 
1195.6 7.48359e-08 
1195.61 7.49757e-08 
1195.62 7.50515e-08 
1195.63 7.51105e-08 
1195.64 7.5154e-08 
1195.65 7.51833e-08 
1195.66 7.52002e-08 
1195.67 7.52064e-08 
1195.68 7.52038e-08 
1195.69 7.51949e-08 
1195.7 7.51819e-08 
1195.71 7.51676e-08 
1195.72 7.51548e-08 
1195.73 7.51464e-08 
1195.74 7.51461e-08 
1195.75 7.51572e-08 
1195.75 7.51833e-08 
1195.76 7.52283e-08 
1195.77 7.52965e-08 
1195.78 7.53921e-08 
1195.79 7.55196e-08 
1195.8 7.56838e-08 
1195.81 7.58898e-08 
1195.82 7.61425e-08 
1195.83 7.64476e-08 
1195.84 7.68104e-08 
1195.85 7.72369e-08 
1195.86 7.77331e-08 
1195.87 7.83051e-08 
1195.88 7.89595e-08 
1195.89 7.97028e-08 
1195.9 8.0542e-08 
1195.91 8.14841e-08 
1195.92 8.25364e-08 
1195.93 8.37063e-08 
1195.94 8.50015e-08 
1195.95 8.64299e-08 
1195.96 8.79997e-08 
1195.97 8.9719e-08 
1195.98 9.16209e-08 
1195.99 9.36673e-08 
1196 9.58893e-08 
1196.01 9.82963e-08 
1196.02 1.00897e-07 
1196.03 1.03702e-07 
1196.04 1.06719e-07 
1196.05 1.0996e-07 
1196.06 1.13434e-07 
1196.07 1.1715e-07 
1196.08 1.2112e-07 
1196.09 1.25354e-07 
1196.1 1.29862e-07 
1196.11 1.34655e-07 
1196.12 1.39745e-07 
1196.13 1.45141e-07 
1196.14 1.50855e-07 
1196.15 1.56899e-07 
1196.16 1.63283e-07 
1196.17 1.70019e-07 
1196.17 1.77118e-07 
1196.18 1.84592e-07 
1196.19 1.92453e-07 
1196.2 2.00711e-07 
1196.21 2.09378e-07 
1196.22 2.18585e-07 
1196.23 2.28108e-07 
1196.24 2.38078e-07 
1196.25 2.48503e-07 
1196.26 2.59394e-07 
1196.27 2.70762e-07 
1196.28 2.82619e-07 
1196.29 2.94975e-07 
1196.3 3.07841e-07 
1196.31 3.21227e-07 
1196.32 3.35143e-07 
1196.33 3.49599e-07 
1196.34 3.64604e-07 
1196.35 3.80169e-07 
1196.36 3.96301e-07 
1196.37 4.13008e-07 
1196.38 4.303e-07 
1196.39 4.48184e-07 
1196.4 4.66666e-07 
1196.41 4.85752e-07 
1196.42 5.0545e-07 
1196.43 5.25764e-07 
1196.44 5.46699e-07 
1196.45 5.68259e-07 
1196.46 5.90447e-07 
1196.47 6.13266e-07 
1196.48 6.37015e-07 
1196.49 6.61108e-07 
1196.5 6.85835e-07 
1196.51 7.11195e-07 
1196.52 7.37187e-07 
1196.53 7.63808e-07 
1196.54 7.91055e-07 
1196.55 8.18923e-07 
1196.56 8.47406e-07 
1196.57 8.76499e-07 
1196.58 9.06193e-07 
1196.59 9.3648e-07 
1196.6 9.6735e-07 
1196.6 9.9941e-07 
1196.61 1.03143e-06 
1196.62 1.064e-06 
1196.63 1.0971e-06 
1196.64 1.13072e-06 
1196.65 1.16485e-06 
1196.66 1.19945e-06 
1196.67 1.23451e-06 
1196.68 1.27002e-06 
1196.69 1.30596e-06 
1196.7 1.34229e-06 
1196.71 1.37899e-06 
1196.72 1.41604e-06 
1196.73 1.45389e-06 
1196.74 1.49157e-06 
1196.75 1.52951e-06 
1196.76 1.5677e-06 
1196.77 1.60608e-06 
1196.78 1.64465e-06 
1196.79 1.68336e-06 
1196.8 1.72217e-06 
1196.81 1.76106e-06 
1196.82 1.79999e-06 
1196.83 1.83892e-06 
1196.84 1.87782e-06 
1196.85 1.91664e-06 
1196.86 1.95535e-06 
1196.87 1.99391e-06 
1196.88 2.03229e-06 
1196.89 2.07043e-06 
1196.9 2.1083e-06 
1196.91 2.14586e-06 
1196.92 2.18307e-06 
1196.93 2.21988e-06 
1196.94 2.25626e-06 
1196.95 2.29216e-06 
1196.96 2.32754e-06 
1196.97 2.36236e-06 
1196.98 2.397e-06 
1196.99 2.43057e-06 
1197 2.46346e-06 
1197.01 2.49562e-06 
1197.02 2.52701e-06 
1197.03 2.55761e-06 
1197.03 2.58736e-06 
1197.04 2.61623e-06 
1197.05 2.64418e-06 
1197.06 2.67119e-06 
1197.07 2.6972e-06 
1197.08 2.72219e-06 
1197.09 2.74613e-06 
1197.1 2.76899e-06 
1197.11 2.79072e-06 
1197.12 2.81131e-06 
1197.13 2.83073e-06 
1197.14 2.84895e-06 
1197.15 2.86595e-06 
1197.16 2.8817e-06 
1197.17 2.89619e-06 
1197.18 2.90939e-06 
1197.19 2.92128e-06 
1197.2 2.93185e-06 
1197.21 2.94109e-06 
1197.22 2.94899e-06 
1197.23 2.9556e-06 
1197.24 2.96076e-06 
1197.25 2.96455e-06 
1197.26 2.96696e-06 
1197.27 2.968e-06 
1197.28 2.96766e-06 
1197.29 2.96595e-06 
1197.3 2.96287e-06 
1197.31 2.95842e-06 
1197.32 2.95262e-06 
1197.33 2.94547e-06 
1197.34 2.93699e-06 
1197.35 2.92719e-06 
1197.36 2.9161e-06 
1197.37 2.90371e-06 
1197.38 2.89007e-06 
1197.39 2.87518e-06 
1197.4 2.85908e-06 
1197.41 2.84179e-06 
1197.42 2.82334e-06 
1197.43 2.80376e-06 
1197.44 2.78307e-06 
1197.45 2.76132e-06 
1197.45 2.73853e-06 
1197.46 2.71475e-06 
1197.47 2.69001e-06 
1197.48 2.66403e-06 
1197.49 2.63748e-06 
1197.5 2.6101e-06 
1197.51 2.58192e-06 
1197.52 2.553e-06 
1197.53 2.52338e-06 
1197.54 2.49311e-06 
1197.55 2.46222e-06 
1197.56 2.43078e-06 
1197.57 2.39884e-06 
1197.58 2.36643e-06 
1197.59 2.33362e-06 
1197.6 2.30046e-06 
1197.61 2.2684e-06 
1197.62 2.23467e-06 
1197.63 2.20074e-06 
1197.64 2.16668e-06 
1197.65 2.13253e-06 
1197.66 2.09835e-06 
1197.67 2.06419e-06 
1197.68 2.03011e-06 
1197.69 1.99617e-06 
1197.7 1.96241e-06 
1197.71 1.9289e-06 
1197.72 1.89569e-06 
1197.73 1.86243e-06 
1197.74 1.82998e-06 
1197.75 1.79801e-06 
1197.76 1.76654e-06 
1197.77 1.73565e-06 
1197.78 1.70538e-06 
1197.79 1.67578e-06 
1197.8 1.64691e-06 
1197.81 1.61882e-06 
1197.82 1.59155e-06 
1197.83 1.56516e-06 
1197.84 1.53969e-06 
1197.85 1.5152e-06 
1197.86 1.49172e-06 
1197.87 1.4693e-06 
1197.88 1.44799e-06 
1197.88 1.42782e-06 
1197.89 1.40885e-06 
1197.9 1.3911e-06 
1197.91 1.37463e-06 
1197.92 1.35945e-06 
1197.93 1.34562e-06 
1197.94 1.33316e-06 
1197.95 1.3221e-06 
1197.96 1.31248e-06 
1197.97 1.30433e-06 
1197.98 1.29758e-06 
1197.99 1.29245e-06 
1198 1.28885e-06 
1198.01 1.2868e-06 
1198.02 1.28633e-06 
1198.03 1.28744e-06 
1198.04 1.29016e-06 
1198.05 1.29448e-06 
1198.06 1.30043e-06 
1198.07 1.308e-06 
1198.08 1.31719e-06 
1198.09 1.328e-06 
1198.1 1.34044e-06 
1198.11 1.3545e-06 
1198.12 1.37016e-06 
1198.13 1.38741e-06 
1198.14 1.40624e-06 
1198.15 1.42663e-06 
1198.16 1.44857e-06 
1198.17 1.47201e-06 
1198.18 1.49695e-06 
1198.19 1.52334e-06 
1198.2 1.55115e-06 
1198.21 1.58035e-06 
1198.22 1.61089e-06 
1198.23 1.64314e-06 
1198.24 1.67626e-06 
1198.25 1.71057e-06 
1198.26 1.74604e-06 
1198.27 1.7826e-06 
1198.28 1.8202e-06 
1198.29 1.85877e-06 
1198.3 1.89825e-06 
1198.3 1.93857e-06 
1198.31 1.97966e-06 
1198.32 2.02145e-06 
1198.33 2.06386e-06 
1198.34 2.10682e-06 
1198.35 2.15024e-06 
1198.36 2.19405e-06 
1198.37 2.23815e-06 
1198.38 2.28248e-06 
1198.39 2.32693e-06 
1198.4 2.37142e-06 
1198.41 2.41586e-06 
1198.42 2.46017e-06 
1198.43 2.50425e-06 
1198.44 2.548e-06 
1198.45 2.59135e-06 
1198.46 2.63419e-06 
1198.47 2.67644e-06 
1198.48 2.71852e-06 
1198.49 2.75929e-06 
1198.5 2.7992e-06 
1198.51 2.83816e-06 
1198.52 2.87607e-06 
1198.53 2.91286e-06 
1198.54 2.94844e-06 
1198.55 2.98273e-06 
1198.56 3.01565e-06 
1198.57 3.04712e-06 
1198.58 3.07707e-06 
1198.59 3.10543e-06 
1198.6 3.13213e-06 
1198.61 3.15906e-06 
1198.62 3.18227e-06 
1198.63 3.20364e-06 
1198.64 3.22312e-06 
1198.65 3.24066e-06 
1198.66 3.2562e-06 
1198.67 3.26972e-06 
1198.68 3.28118e-06 
1198.69 3.29054e-06 
1198.7 3.29777e-06 
1198.71 3.30287e-06 
1198.72 3.3058e-06 
1198.73 3.30656e-06 
1198.73 3.30512e-06 
1198.74 3.30149e-06 
1198.75 3.29568e-06 
1198.76 3.2877e-06 
1198.77 3.27756e-06 
1198.78 3.26527e-06 
1198.79 3.25086e-06 
1198.8 3.23436e-06 
1198.81 3.21579e-06 
1198.82 3.19519e-06 
1198.83 3.1726e-06 
1198.84 3.14806e-06 
1198.85 3.12162e-06 
1198.86 3.09333e-06 
1198.87 3.06325e-06 
1198.88 3.03144e-06 
1198.89 2.99795e-06 
1198.9 2.96286e-06 
1198.91 2.92623e-06 
1198.92 2.88813e-06 
1198.93 2.84863e-06 
1198.94 2.80782e-06 
1198.95 2.76576e-06 
1198.96 2.72254e-06 
1198.97 2.67824e-06 
1198.98 2.63238e-06 
1198.99 2.58615e-06 
1199 2.5391e-06 
1199.01 2.49131e-06 
1199.02 2.44285e-06 
1199.03 2.39383e-06 
1199.04 2.34432e-06 
1199.05 2.29441e-06 
1199.06 2.24419e-06 
1199.07 2.19374e-06 
1199.08 2.14314e-06 
1199.09 2.09248e-06 
1199.1 2.04185e-06 
1199.11 1.99132e-06 
1199.12 1.94097e-06 
1199.13 1.89088e-06 
1199.14 1.84114e-06 
1199.15 1.7918e-06 
1199.15 1.74295e-06 
1199.16 1.69465e-06 
1199.17 1.64699e-06 
1199.18 1.60001e-06 
1199.19 1.55379e-06 
1199.2 1.50839e-06 
1199.21 1.46386e-06 
1199.22 1.41974e-06 
1199.23 1.37715e-06 
1199.24 1.3356e-06 
1199.25 1.29515e-06 
1199.26 1.25584e-06 
1199.27 1.21771e-06 
1199.28 1.1808e-06 
1199.29 1.14516e-06 
1199.3 1.11082e-06 
1199.31 1.07782e-06 
1199.32 1.04618e-06 
1199.33 1.01593e-06 
1199.34 9.87107e-07 
1199.35 9.59729e-07 
1199.36 9.33817e-07 
1199.37 9.09389e-07 
1199.38 8.86464e-07 
1199.39 8.65054e-07 
1199.4 8.45171e-07 
1199.41 8.26824e-07 
1199.42 8.10021e-07 
1199.43 7.94766e-07 
1199.44 7.8106e-07 
1199.45 7.68905e-07 
1199.46 7.58298e-07 
1199.47 7.49235e-07 
1199.48 7.41625e-07 
1199.49 7.35646e-07 
1199.5 7.31185e-07 
1199.51 7.28228e-07 
1199.52 7.26759e-07 
1199.53 7.26763e-07 
1199.54 7.28218e-07 
1199.55 7.31105e-07 
1199.56 7.35398e-07 
1199.57 7.41072e-07 
1199.58 7.481e-07 
1199.58 7.56452e-07 
1199.59 7.66095e-07 
1199.6 7.76997e-07 
1199.61 7.89608e-07 
1199.62 8.02924e-07 
1199.63 8.17385e-07 
1199.64 8.32949e-07 
1199.65 8.49573e-07 
1199.66 8.6721e-07 
1199.67 8.85814e-07 
1199.68 9.05335e-07 
1199.69 9.25722e-07 
1199.7 9.46922e-07 
1199.71 9.68881e-07 
1199.72 9.91543e-07 
1199.73 1.01515e-06 
1199.74 1.03905e-06 
1199.75 1.06347e-06 
1199.76 1.08836e-06 
1199.77 1.11365e-06 
1199.78 1.13928e-06 
1199.79 1.16518e-06 
1199.8 1.19129e-06 
1199.81 1.21754e-06 
1199.82 1.24386e-06 
1199.83 1.2702e-06 
1199.84 1.29647e-06 
1199.85 1.32261e-06 
1199.86 1.34856e-06 
1199.87 1.37425e-06 
1199.88 1.39961e-06 
1199.89 1.42457e-06 
1199.9 1.44908e-06 
1199.91 1.47305e-06 
1199.92 1.49644e-06 
1199.93 1.51918e-06 
1199.94 1.54121e-06 
1199.95 1.56247e-06 
1199.96 1.5829e-06 
1199.97 1.60245e-06 
1199.98 1.62128e-06 
1199.99 1.63889e-06 
1200 1.65546e-06 
1200.01 1.67095e-06 
1200.01 1.68531e-06 
1200.02 1.69851e-06 
1200.03 1.7105e-06 
1200.04 1.72125e-06 
1200.05 1.73074e-06 
1200.06 1.73892e-06 
1200.07 1.74579e-06 
1200.08 1.75131e-06 
1200.09 1.75547e-06 
1200.1 1.75826e-06 
1200.11 1.75966e-06 
1200.12 1.75967e-06 
1200.13 1.75828e-06 
1200.14 1.7555e-06 
1200.15 1.75134e-06 
1200.16 1.74578e-06 
1200.17 1.73886e-06 
1200.18 1.73059e-06 
1200.19 1.72097e-06 
1200.2 1.71004e-06 
1200.21 1.69781e-06 
1200.22 1.68432e-06 
1200.23 1.6694e-06 
1200.24 1.65346e-06 
1200.25 1.63636e-06 
1200.26 1.61813e-06 
1200.27 1.59881e-06 
1200.28 1.57845e-06 
1200.29 1.5571e-06 
1200.3 1.53479e-06 
1200.31 1.51159e-06 
1200.32 1.48754e-06 
1200.33 1.46269e-06 
1200.34 1.43709e-06 
1200.35 1.4108e-06 
1200.36 1.38387e-06 
1200.37 1.35636e-06 
1200.38 1.32833e-06 
1200.39 1.29982e-06 
1200.4 1.2709e-06 
1200.41 1.24162e-06 
1200.42 1.21203e-06 
1200.43 1.18219e-06 
1200.43 1.15215e-06 
1200.44 1.12197e-06 
1200.45 1.0917e-06 
1200.46 1.06138e-06 
1200.47 1.03107e-06 
1200.48 1.00044e-06 
1200.49 9.70294e-07 
1200.5 9.40292e-07 
1200.51 9.10481e-07 
1200.52 8.80903e-07 
1200.53 8.51596e-07 
1200.54 8.22598e-07 
1200.55 7.93945e-07 
1200.56 7.6567e-07 
1200.57 7.37805e-07 
1200.58 7.10379e-07 
1200.59 6.83419e-07 
1200.6 6.5695e-07 
1200.61 6.31385e-07 
1200.62 6.0595e-07 
1200.63 5.8107e-07 
1200.64 5.5676e-07 
1200.65 5.33036e-07 
1200.66 5.0991e-07 
1200.67 4.87392e-07 
1200.68 4.65492e-07 
1200.69 4.44216e-07 
1200.7 4.2357e-07 
1200.71 4.03557e-07 
1200.72 3.84178e-07 
1200.73 3.65204e-07 
1200.74 3.47101e-07 
1200.75 3.29629e-07 
1200.76 3.12782e-07 
1200.77 2.96557e-07 
1200.78 2.80946e-07 
1200.79 2.65941e-07 
1200.8 2.51534e-07 
1200.81 2.37715e-07 
1200.82 2.24474e-07 
1200.83 2.11799e-07 
1200.84 1.99677e-07 
1200.85 1.88097e-07 
1200.85 1.77046e-07 
1200.86 1.66508e-07 
1200.87 1.56472e-07 
1200.88 1.46921e-07 
1200.89 1.37841e-07 
1200.9 1.29219e-07 
1200.91 1.21037e-07 
1200.92 1.13282e-07 
1200.93 1.05938e-07 
1200.94 9.89896e-08 
1200.95 9.24224e-08 
1200.96 8.6221e-08 
1200.97 8.03706e-08 
1200.98 7.47898e-08 
1200.99 6.96016e-08 
1201 6.47209e-08 
1201.01 6.01338e-08 
1201.02 5.58266e-08 
1201.03 5.1786e-08 
1201.04 4.79989e-08 
1201.05 4.44528e-08 
1201.06 4.11354e-08 
1201.07 3.80348e-08 
1201.08 3.51394e-08 
1201.09 3.24382e-08 
1201.1 2.99204e-08 
1201.11 2.75756e-08 
1201.12 2.53941e-08 
1201.13 2.33662e-08 
1201.14 2.14829e-08 
1201.15 1.97354e-08 
1201.16 1.81154e-08 
1201.17 1.66149e-08 
1201.18 1.52263e-08 
1201.19 1.39425e-08 
1201.2 1.27567e-08 
1201.21 1.16622e-08 
1201.22 1.0653e-08 
1201.23 9.71217e-09 
1201.24 8.85729e-09 
1201.25 8.07113e-09 
1201.26 7.34879e-09 
1201.27 6.68569e-09 
1201.28 6.0775e-09 
1201.28 5.52017e-09 
1201.29 5.00989e-09 
1201.3 4.5431e-09 
1201.31 4.11647e-09 
1201.32 3.72689e-09 
1201.33 3.37145e-09 
1201.34 3.04743e-09 
1201.35 2.75233e-09 
1201.36 2.4838e-09 
1201.37 2.23965e-09 
1201.38 2.01787e-09 
1201.39 1.81657e-09 
1201.4 1.63404e-09 
1201.41 1.46865e-09 
1201.42 1.31894e-09 
1201.43 1.18353e-09 
1201.44 1.06117e-09 
1201.45 9.50682e-10 
1201.46 8.51011e-10 
1201.47 7.61174e-10 
1201.48 6.79311e-10 
1201.49 6.0661e-10 
1201.5 5.41252e-10 
1201.51 4.82545e-10 
1201.52 4.29857e-10 
1201.53 3.82612e-10 
1201.54 3.40285e-10 
1201.55 3.02395e-10 
1201.56 2.68507e-10 
1201.57 2.38223e-10 
1201.58 2.11184e-10 
1201.59 1.87063e-10 
1201.6 1.65563e-10 
1201.61 1.46505e-10 
1201.62 1.29457e-10 
1201.63 1.143e-10 
1201.64 1.00835e-10 
1201.65 8.88854e-11 
1201.66 7.82881e-11 
1201.67 6.88985e-11 
1201.68 6.0586e-11 
1201.69 5.32333e-11 
1201.7 4.6735e-11 
1201.7 4.09968e-11 
1201.71 3.59341e-11 
1201.72 3.14188e-11 
1201.73 2.7494e-11 
1201.74 2.40401e-11 
1201.75 2.1003e-11 
1201.76 1.83348e-11 
1201.77 1.59926e-11 
1201.78 1.39383e-11 
1201.79 1.21381e-11 
1201.8 1.05618e-11 
1201.81 9.18281e-12 
1201.82 7.9774e-12 
1201.83 6.92461e-12 
1201.84 6.00589e-12 
1201.85 5.20485e-12 
1201.86 4.507e-12 
1201.87 3.89956e-12 
1201.88 3.37126e-12 
1201.89 2.91217e-12 
1201.9 2.51356e-12 
1201.91 2.16776e-12 
1201.92 1.86802e-12 
1201.93 1.60842e-12 
1201.94 1.38378e-12 
1201.95 1.18955e-12 
1201.96 1.02176e-12 
1201.97 8.76921e-13 
1201.98 7.5056e-13 
1201.99 6.43118e-13 
1202 5.5061e-13 
1202.01 4.71028e-13 
1202.02 4.02622e-13 
1202.03 3.43872e-13 
1202.04 2.93457e-13 
1202.05 2.50231e-13 
1202.06 2.13199e-13 
1202.07 1.81501e-13 
1202.08 1.5439e-13 
1202.09 1.31223e-13 
1202.1 1.11442e-13 
1202.11 9.45662e-14 
1202.12 8.0181e-14 
1202.13 6.79291e-14 
1202.13 5.75027e-14 
1202.14 4.86373e-14 
1202.15 4.11054e-14 
1202.16 3.47118e-14 
1202.17 2.9289e-14 
1202.18 2.46933e-14 
1202.19 2.08019e-14 
1202.2 1.75095e-14 
1202.21 1.47263e-14 
1202.22 1.23508e-14 
1202.23 1.03689e-14 
1202.24 8.69946e-15 
1202.25 7.29294e-15 
1202.26 6.10887e-15 
1202.27 5.11291e-15 
1202.28 4.27586e-15 
1202.29 3.57296e-15 
1202.3 2.98319e-15 
1202.31 2.48875e-15 
1202.32 2.07458e-15 
1202.33 1.72794e-15 
1202.34 1.43805e-15 
1202.35 1.19583e-15 
1202.36 9.93605e-16 
1202.37 8.24908e-16 
1202.38 6.84299e-16 
1202.39 5.67199e-16 
1202.4 4.69756e-16 
1202.41 3.88739e-16 
1202.42 3.21435e-16 
1202.43 2.65568e-16 
1202.44 2.19234e-16 
1202.45 1.80837e-16 
1202.46 1.49044e-16 
1202.47 1.22742e-16 
1202.48 1.00753e-16 
1202.49 8.28374e-17 
1202.5 6.80525e-17 
1202.51 5.58612e-17 
1202.52 4.58169e-17 
1202.53 3.75482e-17 
1202.54 3.07469e-17 
1202.55 2.51571e-17 
1202.56 2.0567e-17 
1202.56 1.68007e-17 
1202.57 1.3713e-17 
1202.58 1.11838e-17 
1202.59 9.11361e-18 
1202.6 7.42064e-18 
1202.61 6.041e-18 
1202.62 4.91085e-18 
1202.63 3.98891e-18 
1202.64 3.23742e-18 
1202.65 2.62538e-18 
1202.66 2.12733e-18 
1202.67 1.72237e-18 
1202.68 1.39337e-18 
1202.69 1.1263e-18 
1202.7 9.0968e-19 
1202.71 7.34131e-19 
1202.72 5.9198e-19 
1202.73 4.75678e-19 
1202.74 3.82947e-19 
1202.75 3.08044e-19 
1202.76 2.47592e-19 
1202.77 1.98842e-19 
1202.78 1.59561e-19 
1202.79 1.27937e-19 
1202.8 1.02497e-19 
1202.81 8.20497e-20 
1202.82 6.56282e-20 
1202.83 5.24509e-20 
1202.84 4.18855e-20 
1202.85 3.34212e-20 
1202.86 2.66459e-20 
1202.87 2.12269e-20 
1202.88 1.68963e-20 
1202.89 1.34383e-20 
1202.9 1.06794e-20 
1202.91 8.47999e-21 
1202.92 6.72812e-21 
1202.93 5.33385e-21 
1202.94 4.2251e-21 
1202.95 3.34411e-21 
1202.96 2.64468e-21 
1202.97 2.08984e-21 
1202.98 1.65007e-21 
1202.98 1.29793e-21 
1202.99 1.02314e-21 
1203 8.0587e-22 
1203.01 6.34226e-22 
1203.02 4.98737e-22 
1203.03 3.91875e-22 
1203.04 3.07661e-22 
1203.05 2.41349e-22 
1203.06 1.89176e-22 
1203.07 1.48162e-22 
1203.08 1.15946e-22 
1203.09 9.06613e-23 
1203.1 7.08333e-23 
1203.11 5.52969e-23 
1203.12 4.31334e-23 
1203.13 3.36182e-23 
1203.14 2.61809e-23 
1203.15 2.03724e-23 
1203.16 1.58397e-23 
1203.17 1.23056e-23 
1203.18 9.55226e-24 
1203.19 7.40897e-24 
1203.2 5.74194e-24 
1203.21 4.44639e-24 
1203.22 3.44036e-24 
1203.23 2.65125e-24 
1203.24 2.04805e-24 
1203.25 1.58081e-24 
1203.26 1.21918e-24 
1203.27 9.3951e-25 
1203.28 7.23412e-25 
1203.29 5.56567e-25 
1203.3 4.27857e-25 
1203.31 3.28646e-25 
1203.32 2.52235e-25 
1203.33 1.93434e-25 
1203.34 1.4822e-25 
1203.35 1.13483e-25 
1203.36 8.68164e-26 
1203.37 6.63624e-26 
1203.38 5.06863e-26 
1203.39 3.86819e-26 
1203.4 2.94967e-26 
1203.41 2.24744e-26 
1203.41 1.711e-26 
1203.42 1.30155e-26 
1203.43 9.89285e-27 
1203.44 7.51328e-27 
1203.45 5.70146e-27 
1203.46 4.32306e-27 
1203.47 3.27525e-27 
1203.48 2.47078e-27 
1203.49 1.86887e-27 
1203.5 1.41245e-27 
1203.51 1.06664e-27 
1203.52 8.04839e-28 
1203.53 6.06805e-28 
1203.54 4.57128e-28 
1203.55 3.44092e-28 
1203.56 2.58798e-28 
1203.57 1.94489e-28 
1203.58 1.46042e-28 
1203.59 1.09574e-28 
1203.6 8.21463e-29 
1203.61 6.1572e-29 
1203.62 4.6085e-29 
1203.63 3.44655e-29 
1203.64 2.57548e-29 
1203.65 1.92301e-29 
1203.66 1.43467e-29 
1203.67 1.06947e-29 
1203.68 7.96595e-30 
1203.69 5.92862e-30 
1203.7 4.40878e-30 
1203.71 3.2759e-30 
1203.72 2.43216e-30 
1203.73 1.79754e-30 
1203.74 1.33239e-30 
1203.75 9.86814e-31 
1203.76 7.30275e-31 
1203.77 5.3999e-31 
1203.78 3.98964e-31 
1203.79 2.94531e-31 
1203.8 2.17258e-31 
1203.81 1.60129e-31 
1203.82 1.17926e-31 
1203.83 8.67763e-32 
1203.83 6.38028e-32 
1203.84 4.68735e-32 
1203.85 3.44083e-32 
1203.86 2.52376e-32 
1203.87 1.84961e-32 
1203.88 1.35445e-32 
1203.89 9.91041e-33 
1203.9 7.24553e-33 
1203.91 5.29294e-33 
1203.92 3.86342e-33 
1203.93 2.81771e-33 
1203.94 2.05338e-33 
1203.95 1.49516e-33 
1203.96 1.08782e-33 
1203.97 7.90817e-34 
1203.98 5.72143e-34 
1203.99 4.15255e-34 
1204 3.01144e-34 
1204.01 2.18213e-34 
1204.02 1.57993e-34 
1204.03 1.14299e-34 
1204.04 8.26217e-35 
1204.05 5.96754e-35 
1204.06 4.3067e-35 
1204.07 3.10558e-35 
1204.08 2.23764e-35 
1204.09 1.61096e-35 
1204.1 1.15885e-35 
1204.11 8.32954e-36 
1204.12 5.98221e-36 
1204.13 4.2929e-36 
1204.14 3.07814e-36 
1204.15 2.20534e-36 
1204.16 1.57874e-36 
1204.17 1.12926e-36 
1204.18 8.07094e-37 
1204.19 5.76374e-37 
1204.2 4.11276e-37 
1204.21 2.93231e-37 
1204.22 2.08899e-37 
1204.23 1.48068e-37 
1204.24 1.05313e-37 
1204.25 7.48422e-38 
1204.26 5.31449e-38 
1204.26 3.77073e-38 
1204.27 2.67324e-38 
1204.28 1.89364e-38 
1204.29 1.34032e-38 
1204.3 9.47905e-39 
1204.31 6.6984e-39 
1204.32 4.72961e-39 
1204.33 3.33679e-39 
1204.34 2.35223e-39 
1204.35 1.65684e-39 
1204.36 1.16608e-39 
1204.37 8.20023e-40 
1204.38 5.76197e-40 
1204.39 4.04542e-40 
1204.4 2.83797e-40 
1204.41 1.9893e-40 
1204.42 1.39327e-40 
1204.43 9.75051e-41 
1204.44 6.81802e-41 
1204.45 4.76385e-41 
1204.46 3.3257e-41 
1204.47 2.31985e-41 
1204.48 1.60967e-41 
1204.49 1.12104e-41 
1204.5 7.80103e-42 
1204.51 5.42443e-42 
1204.52 3.76809e-42 
1204.53 2.61622e-42 
1204.54 1.81468e-42 
1204.55 1.25696e-42 
1204.56 8.70206e-43 
1204.57 6.0396e-43 
1204.58 4.16186e-43 
1204.59 2.87266e-43 
1204.6 1.98984e-43 
1204.61 1.35926e-43 
1204.62 9.3887e-44 
1204.63 6.5861e-44 
1204.64 4.48416e-44 
1204.65 3.08286e-44 
1204.66 2.10195e-44 
1204.67 1.4013e-44 
1204.68 9.80909e-45 
1204.68 7.00649e-45 
1204.69 4.2039e-45 
1204.7 2.8026e-45 
1204.71 2.8026e-45 
1204.72 1.4013e-45 
1204.73 1.4013e-45 
1204.74 1.4013e-45 
1204.75 0 
1204.76 0 
1204.77 0 
1204.78 0 
1204.79 0 
1204.8 0 
1204.81 0 
1204.82 0 
1204.83 0 
1204.84 0 
1204.85 0 
1204.86 0 
1204.87 0 
1204.88 0 
1204.89 0 
1204.9 0 
1204.91 0 
1204.92 0 
1204.93 0 
1204.94 0 
1204.95 0 
1204.96 0 
1204.97 0 
1204.98 0 
1204.99 0 
1205 0 
1205.01 0 
1205.02 0 
1205.03 0 
1205.04 0 
1205.05 0 
1205.06 0 
1205.07 0 
1205.08 0 
1205.09 0 
1205.1 0 
1205.11 0 
1205.11 0 
1205.12 0 
1205.13 0 
1205.14 0 
1205.15 0 
1205.16 0 
1205.17 0 
1205.18 0 
1205.19 0 
1205.2 0 
1205.21 0 
1205.22 0 
1205.23 0 
1205.24 0 
1205.25 0 
1205.26 0 
1205.27 0 
1205.28 0 
1205.29 0 
1205.3 0 
1205.31 0 
1205.32 0 
1205.33 0 
1205.34 0 
1205.35 0 
1205.36 0 
1205.37 0 
1205.38 0 
1205.39 0 
1205.4 0 
1205.41 0 
1205.42 0 
1205.43 0 
1205.44 0 
1205.45 0 
1205.46 0 
1205.47 0 
1205.48 0 
1205.49 0 
1205.5 0 
1205.51 0 
1205.52 0 
1205.53 0 
1205.54 0 
1205.54 0 
1205.55 0 
1205.56 0 
1205.57 0 
1205.58 0 
1205.59 0 
1205.6 0 
1205.61 0 
1205.62 0 
1205.63 0 
1205.64 0 
1205.65 0 
1205.66 0 
1205.67 0 
1205.68 0 
1205.69 0 
1205.7 0 
1205.71 0 
1205.72 0 
1205.73 0 
1205.74 0 
1205.75 0 
1205.76 0 
1205.77 0 
1205.78 0 
1205.79 0 
1205.8 0 
1205.81 0 
1205.82 0 
1205.83 0 
1205.84 0 
1205.85 0 
1205.86 0 
1205.87 0 
1205.88 0 
1205.89 0 
1205.9 0 
1205.91 0 
1205.92 0 
1205.93 0 
1205.94 0 
1205.95 0 
1205.96 0 
1205.96 0 
1205.97 0 
1205.98 0 
1205.99 0 
1206 0 
1206.01 0 
1206.02 0 
1206.03 0 
1206.04 0 
1206.05 0 
1206.06 0 
1206.07 0 
1206.08 0 
1206.09 0 
1206.1 0 
1206.11 0 
1206.12 0 
1206.13 0 
1206.14 0 
1206.15 0 
1206.16 0 
1206.17 0 
1206.18 0 
1206.19 0 
1206.2 0 
1206.21 0 
1206.22 0 
1206.23 0 
1206.24 0 
1206.25 0 
1206.26 0 
1206.27 0 
1206.28 0 
1206.29 0 
1206.3 0 
1206.31 0 
1206.32 0 
1206.33 0 
1206.34 0 
1206.35 0 
1206.36 0 
1206.37 0 
1206.38 0 
1206.39 0 
1206.39 0 
1206.4 0 
1206.41 0 
1206.42 0 
1206.43 0 
1206.44 0 
1206.45 0 
1206.46 0 
1206.47 0 
1206.48 0 
1206.49 0 
1206.5 0 
1206.51 0 
1206.52 0 
1206.53 0 
1206.54 0 
1206.55 0 
1206.56 0 
1206.57 0 
1206.58 0 
1206.59 0 
1206.6 0 
