#energy geo_1 
1186.6 8.5129e-07 
1186.61 8.50787e-07 
1186.62 8.50285e-07 
1186.63 8.49783e-07 
1186.64 8.49282e-07 
1186.65 8.4878e-07 
1186.66 8.48277e-07 
1186.67 8.47777e-07 
1186.68 8.47276e-07 
1186.69 8.46775e-07 
1186.7 8.46274e-07 
1186.71 8.45773e-07 
1186.72 8.45273e-07 
1186.73 8.44773e-07 
1186.74 8.44273e-07 
1186.75 8.43773e-07 
1186.76 8.43274e-07 
1186.77 8.42774e-07 
1186.78 8.42276e-07 
1186.79 8.41776e-07 
1186.8 8.41277e-07 
1186.81 8.40778e-07 
1186.81 8.40281e-07 
1186.82 8.39782e-07 
1186.83 8.39283e-07 
1186.84 8.38786e-07 
1186.85 8.38288e-07 
1186.86 8.37791e-07 
1186.87 8.37294e-07 
1186.88 8.36797e-07 
1186.89 8.36299e-07 
1186.9 8.35803e-07 
1186.91 8.35306e-07 
1186.92 8.3481e-07 
1186.93 8.34315e-07 
1186.94 8.33819e-07 
1186.95 8.33323e-07 
1186.96 8.32827e-07 
1186.97 8.32331e-07 
1186.98 8.31837e-07 
1186.99 8.31342e-07 
1187 8.30848e-07 
1187.01 8.30353e-07 
1187.02 8.29858e-07 
1187.03 8.29365e-07 
1187.04 8.2887e-07 
1187.05 8.28376e-07 
1187.06 8.27883e-07 
1187.07 8.27389e-07 
1187.08 8.26895e-07 
1187.09 8.26404e-07 
1187.1 8.2591e-07 
1187.11 8.25417e-07 
1187.12 8.24926e-07 
1187.13 8.24434e-07 
1187.14 8.23941e-07 
1187.15 8.2345e-07 
1187.16 8.22959e-07 
1187.17 8.22467e-07 
1187.18 8.21976e-07 
1187.19 8.21485e-07 
1187.2 8.20994e-07 
1187.21 8.20503e-07 
1187.22 8.20013e-07 
1187.23 8.19522e-07 
1187.24 8.19032e-07 
1187.24 8.18543e-07 
1187.25 8.18053e-07 
1187.26 8.17563e-07 
1187.27 8.17074e-07 
1187.28 8.16585e-07 
1187.29 8.16097e-07 
1187.3 8.15608e-07 
1187.31 8.1512e-07 
1187.32 8.14632e-07 
1187.33 8.14143e-07 
1187.34 8.13655e-07 
1187.35 8.13167e-07 
1187.36 8.1268e-07 
1187.37 8.12192e-07 
1187.38 8.11705e-07 
1187.39 8.11218e-07 
1187.4 8.10732e-07 
1187.41 8.10245e-07 
1187.42 8.09759e-07 
1187.43 8.09273e-07 
1187.44 8.08788e-07 
1187.45 8.08302e-07 
1187.46 8.07815e-07 
1187.47 8.0733e-07 
1187.48 8.06846e-07 
1187.49 8.0636e-07 
1187.5 8.05875e-07 
1187.51 8.05391e-07 
1187.52 8.04907e-07 
1187.53 8.04423e-07 
1187.54 8.03939e-07 
1187.55 8.03455e-07 
1187.56 8.02972e-07 
1187.57 8.02488e-07 
1187.58 8.02004e-07 
1187.59 8.01522e-07 
1187.6 8.01039e-07 
1187.61 8.01057e-07 
1187.62 8.00574e-07 
1187.63 8.00092e-07 
1187.64 7.99609e-07 
1187.65 7.99128e-07 
1187.66 7.98646e-07 
1187.66 7.98163e-07 
1187.67 7.97682e-07 
1187.68 7.972e-07 
1187.69 7.9672e-07 
1187.7 7.9624e-07 
1187.71 7.95758e-07 
1187.72 7.95278e-07 
1187.73 7.94798e-07 
1187.74 7.94318e-07 
1187.75 7.93838e-07 
1187.76 7.93358e-07 
1187.77 7.92879e-07 
1187.78 7.92399e-07 
1187.79 7.9192e-07 
1187.8 7.91441e-07 
1187.81 7.90962e-07 
1187.82 7.90484e-07 
1187.83 7.90007e-07 
1187.84 7.89528e-07 
1187.85 7.8905e-07 
1187.86 7.88572e-07 
1187.87 7.88096e-07 
1187.88 7.87617e-07 
1187.89 7.8714e-07 
1187.9 7.86664e-07 
1187.91 7.86187e-07 
1187.92 7.8571e-07 
1187.93 7.85234e-07 
1187.94 7.84759e-07 
1187.95 7.84282e-07 
1187.96 7.83806e-07 
1187.97 7.83332e-07 
1187.98 7.82857e-07 
1187.99 7.82381e-07 
1188 7.81907e-07 
1188.01 7.81432e-07 
1188.02 7.80957e-07 
1188.03 7.80483e-07 
1188.04 7.80009e-07 
1188.05 7.79536e-07 
1188.06 7.79062e-07 
1188.07 7.78588e-07 
1188.08 7.78115e-07 
1188.09 7.77643e-07 
1188.09 7.77169e-07 
1188.1 7.76695e-07 
1188.11 7.76224e-07 
1188.12 7.75752e-07 
1188.13 7.75279e-07 
1188.14 7.74808e-07 
1188.15 7.74336e-07 
1188.16 7.73866e-07 
1188.17 7.73393e-07 
1188.18 7.72922e-07 
1188.19 7.72451e-07 
1188.2 7.7198e-07 
1188.21 7.71511e-07 
1188.22 7.71041e-07 
1188.23 7.7057e-07 
1188.24 7.70101e-07 
1188.25 7.6963e-07 
1188.26 7.69162e-07 
1188.27 7.68692e-07 
1188.28 7.68223e-07 
1188.29 7.67755e-07 
1188.3 7.67286e-07 
1188.31 7.66818e-07 
1188.32 7.66351e-07 
1188.33 7.65882e-07 
1188.34 7.65414e-07 
1188.35 7.64947e-07 
1188.36 7.64479e-07 
1188.37 7.64012e-07 
1188.38 7.63545e-07 
1188.39 7.6308e-07 
1188.4 7.62612e-07 
1188.41 7.62146e-07 
1188.42 7.61679e-07 
1188.43 7.61213e-07 
1188.44 7.60747e-07 
1188.45 7.60284e-07 
1188.46 7.59818e-07 
1188.47 7.59352e-07 
1188.48 7.58888e-07 
1188.49 7.58423e-07 
1188.5 7.57959e-07 
1188.51 7.57494e-07 
1188.52 7.57031e-07 
1188.52 7.56566e-07 
1188.53 7.56102e-07 
1188.54 7.55639e-07 
1188.55 7.55176e-07 
1188.56 7.54713e-07 
1188.57 7.5425e-07 
1188.58 7.53788e-07 
1188.59 7.53325e-07 
1188.6 7.53332e-07 
1188.61 7.52871e-07 
1188.62 7.52408e-07 
1188.63 7.51947e-07 
1188.64 7.51485e-07 
1188.65 7.51024e-07 
1188.66 7.50562e-07 
1188.67 7.50101e-07 
1188.68 7.49641e-07 
1188.69 7.49179e-07 
1188.7 7.48721e-07 
1188.71 7.4826e-07 
1188.72 7.47799e-07 
1188.73 7.47339e-07 
1188.74 7.46881e-07 
1188.75 7.4642e-07 
1188.76 7.45962e-07 
1188.77 7.45502e-07 
1188.78 7.45044e-07 
1188.79 7.44585e-07 
1188.8 7.44126e-07 
1188.81 7.43669e-07 
1188.82 7.43212e-07 
1188.83 7.42754e-07 
1188.84 7.42296e-07 
1188.85 7.41839e-07 
1188.86 7.41381e-07 
1188.87 7.40926e-07 
1188.88 7.40467e-07 
1188.89 7.40012e-07 
1188.9 7.39555e-07 
1188.91 7.39099e-07 
1188.92 7.38644e-07 
1188.93 7.38189e-07 
1188.94 7.37733e-07 
1188.94 7.37277e-07 
1188.95 7.36823e-07 
1188.96 7.36368e-07 
1188.97 7.35914e-07 
1188.98 7.35459e-07 
1188.99 7.35005e-07 
1189 7.34551e-07 
1189.01 7.34098e-07 
1189.02 7.33644e-07 
1189.03 7.33191e-07 
1189.04 7.32739e-07 
1189.05 7.32285e-07 
1189.06 7.31832e-07 
1189.07 7.3138e-07 
1189.08 7.30928e-07 
1189.09 7.30476e-07 
1189.1 7.30023e-07 
1189.11 7.29572e-07 
1189.12 7.29121e-07 
1189.13 7.2867e-07 
1189.14 7.28219e-07 
1189.15 7.27768e-07 
1189.16 7.27318e-07 
1189.17 7.26867e-07 
1189.18 7.26418e-07 
1189.19 7.25967e-07 
1189.2 7.25518e-07 
1189.21 7.25068e-07 
1189.22 7.24619e-07 
1189.23 7.2417e-07 
1189.24 7.23721e-07 
1189.25 7.23273e-07 
1189.26 7.22824e-07 
1189.27 7.22377e-07 
1189.28 7.21929e-07 
1189.29 7.21481e-07 
1189.3 7.21033e-07 
1189.31 7.20586e-07 
1189.32 7.20139e-07 
1189.33 7.19692e-07 
1189.34 7.19246e-07 
1189.35 7.18799e-07 
1189.36 7.18353e-07 
1189.36 7.17907e-07 
1189.37 7.17461e-07 
1189.38 7.17015e-07 
1189.39 7.1657e-07 
1189.4 7.16125e-07 
1189.41 7.1568e-07 
1189.42 7.15234e-07 
1189.43 7.1479e-07 
1189.44 7.14346e-07 
1189.45 7.13902e-07 
1189.46 7.13458e-07 
1189.47 7.13014e-07 
1189.48 7.12572e-07 
1189.49 7.12128e-07 
1189.5 7.11685e-07 
1189.51 7.11242e-07 
1189.52 7.10799e-07 
1189.53 7.10358e-07 
1189.54 7.09917e-07 
1189.55 7.09474e-07 
1189.56 7.09032e-07 
1189.57 7.08591e-07 
1189.58 7.08149e-07 
1189.59 7.07708e-07 
1189.6 7.07267e-07 
1189.61 7.07268e-07 
1189.62 7.06827e-07 
1189.63 7.06387e-07 
1189.64 7.05946e-07 
1189.65 7.05505e-07 
1189.66 7.05066e-07 
1189.67 7.04626e-07 
1189.68 7.04187e-07 
1189.69 7.03748e-07 
1189.7 7.03309e-07 
1189.71 7.0287e-07 
1189.72 7.02432e-07 
1189.73 7.01993e-07 
1189.74 7.01555e-07 
1189.75 7.01117e-07 
1189.76 7.0068e-07 
1189.77 7.00243e-07 
1189.78 6.99805e-07 
1189.79 6.99368e-07 
1189.79 6.98932e-07 
1189.8 6.98495e-07 
1189.81 6.98059e-07 
1189.82 6.97622e-07 
1189.83 6.97187e-07 
1189.84 6.96751e-07 
1189.85 6.96315e-07 
1189.86 6.95879e-07 
1189.87 6.95445e-07 
1189.88 6.9501e-07 
1189.89 6.94575e-07 
1189.9 6.94141e-07 
1189.91 6.93707e-07 
1189.92 6.93273e-07 
1189.93 6.9284e-07 
1189.94 6.92406e-07 
1189.95 6.91973e-07 
1189.96 6.9154e-07 
1189.97 6.91107e-07 
1189.98 6.90674e-07 
1189.99 6.90242e-07 
1190 6.8981e-07 
1190.01 6.89378e-07 
1190.02 6.88946e-07 
1190.03 6.88514e-07 
1190.04 6.88084e-07 
1190.05 6.87652e-07 
1190.06 6.87222e-07 
1190.07 6.86791e-07 
1190.08 6.8636e-07 
1190.09 6.8593e-07 
1190.1 6.855e-07 
1190.11 6.85071e-07 
1190.12 6.84641e-07 
1190.13 6.84211e-07 
1190.14 6.83782e-07 
1190.15 6.83353e-07 
1190.16 6.82925e-07 
1190.17 6.82497e-07 
1190.18 6.82068e-07 
1190.19 6.8164e-07 
1190.2 6.81213e-07 
1190.21 6.80785e-07 
1190.21 6.80358e-07 
1190.22 6.7993e-07 
1190.23 6.79504e-07 
1190.24 6.79077e-07 
1190.25 6.7865e-07 
1190.26 6.78224e-07 
1190.27 6.77798e-07 
1190.28 6.77371e-07 
1190.29 6.76947e-07 
1190.3 6.76521e-07 
1190.31 6.76095e-07 
1190.32 6.75671e-07 
1190.33 6.75247e-07 
1190.34 6.74822e-07 
1190.35 6.74399e-07 
1190.36 6.73973e-07 
1190.37 6.7355e-07 
1190.38 6.73126e-07 
1190.39 6.72703e-07 
1190.4 6.7228e-07 
1190.41 6.71857e-07 
1190.42 6.71434e-07 
1190.43 6.71012e-07 
1190.44 6.70589e-07 
1190.45 6.70167e-07 
1190.46 6.69745e-07 
1190.47 6.69324e-07 
1190.48 6.68903e-07 
1190.49 6.68481e-07 
1190.5 6.68061e-07 
1190.51 6.67639e-07 
1190.52 6.67219e-07 
1190.53 6.66799e-07 
1190.54 6.66379e-07 
1190.55 6.65959e-07 
1190.56 6.65539e-07 
1190.57 6.6512e-07 
1190.58 6.64701e-07 
1190.59 6.64282e-07 
1190.6 6.63863e-07 
1190.61 6.63858e-07 
1190.62 6.63439e-07 
1190.63 6.63021e-07 
1190.64 6.62602e-07 
1190.64 6.62185e-07 
1190.65 6.61767e-07 
1190.66 6.6135e-07 
1190.67 6.60932e-07 
1190.68 6.60516e-07 
1190.69 6.60099e-07 
1190.7 6.59682e-07 
1190.71 6.59266e-07 
1190.72 6.5885e-07 
1190.73 6.58433e-07 
1190.74 6.58018e-07 
1190.75 6.57602e-07 
1190.76 6.57187e-07 
1190.77 6.56772e-07 
1190.78 6.56358e-07 
1190.79 6.55942e-07 
1190.8 6.55528e-07 
1190.81 6.55114e-07 
1190.82 6.54699e-07 
1190.83 6.54286e-07 
1190.84 6.53872e-07 
1190.85 6.5346e-07 
1190.86 6.53046e-07 
1190.87 6.52633e-07 
1190.88 6.52221e-07 
1190.89 6.51808e-07 
1190.9 6.51397e-07 
1190.91 6.50984e-07 
1190.92 6.50572e-07 
1190.93 6.50161e-07 
1190.94 6.49749e-07 
1190.95 6.49338e-07 
1190.96 6.48928e-07 
1190.97 6.48517e-07 
1190.98 6.48106e-07 
1190.99 6.47696e-07 
1191 6.47286e-07 
1191.01 6.46876e-07 
1191.02 6.46467e-07 
1191.03 6.46057e-07 
1191.04 6.45648e-07 
1191.05 6.45239e-07 
1191.06 6.44831e-07 
1191.07 6.44422e-07 
1191.07 6.44014e-07 
1191.08 6.43605e-07 
1191.09 6.43198e-07 
1191.1 6.4279e-07 
1191.11 6.42383e-07 
1191.12 6.41975e-07 
1191.13 6.41568e-07 
1191.14 6.41162e-07 
1191.15 6.40755e-07 
1191.16 6.40349e-07 
1191.17 6.39943e-07 
1191.18 6.39537e-07 
1191.19 6.39131e-07 
1191.2 6.38725e-07 
1191.21 6.3832e-07 
1191.22 6.37915e-07 
1191.23 6.37511e-07 
1191.24 6.37106e-07 
1191.25 6.36702e-07 
1191.26 6.36297e-07 
1191.27 6.35893e-07 
1191.28 6.35489e-07 
1191.29 6.35086e-07 
1191.3 6.34682e-07 
1191.31 6.34279e-07 
1191.32 6.33877e-07 
1191.33 6.33474e-07 
1191.34 6.33072e-07 
1191.35 6.32669e-07 
1191.36 6.32267e-07 
1191.37 6.31865e-07 
1191.38 6.31464e-07 
1191.39 6.31062e-07 
1191.4 6.30661e-07 
1191.41 6.3026e-07 
1191.42 6.2986e-07 
1191.43 6.29458e-07 
1191.44 6.29059e-07 
1191.45 6.28659e-07 
1191.46 6.28259e-07 
1191.47 6.27859e-07 
1191.48 6.27459e-07 
1191.49 6.2706e-07 
1191.49 6.26661e-07 
1191.5 6.26262e-07 
1191.51 6.25863e-07 
1191.52 6.25464e-07 
1191.53 6.25067e-07 
1191.54 6.24668e-07 
1191.55 6.2427e-07 
1191.56 6.23873e-07 
1191.57 6.23475e-07 
1191.58 6.23078e-07 
1191.59 6.22682e-07 
1191.6 6.22672e-07 
1191.61 6.22275e-07 
1191.62 6.21878e-07 
1191.63 6.21482e-07 
1191.64 6.21086e-07 
1191.65 6.2069e-07 
1191.66 6.20294e-07 
1191.67 6.19899e-07 
1191.68 6.19503e-07 
1191.69 6.19107e-07 
1191.7 6.18713e-07 
1191.71 6.18318e-07 
1191.72 6.17924e-07 
1191.73 6.17529e-07 
1191.74 6.17135e-07 
1191.75 6.16741e-07 
1191.76 6.16347e-07 
1191.77 6.15953e-07 
1191.78 6.1556e-07 
1191.79 6.15167e-07 
1191.8 6.14774e-07 
1191.81 6.14382e-07 
1191.82 6.13989e-07 
1191.83 6.13597e-07 
1191.84 6.13204e-07 
1191.85 6.12813e-07 
1191.86 6.1242e-07 
1191.87 6.12029e-07 
1191.88 6.11638e-07 
1191.89 6.11246e-07 
1191.9 6.10856e-07 
1191.91 6.10465e-07 
1191.92 6.10074e-07 
1191.92 6.09684e-07 
1191.93 6.09294e-07 
1191.94 6.08903e-07 
1191.95 6.08513e-07 
1191.96 6.08124e-07 
1191.97 6.07735e-07 
1191.98 6.07345e-07 
1191.99 6.06956e-07 
1192 6.06567e-07 
1192.01 6.06178e-07 
1192.02 6.0579e-07 
1192.03 6.05402e-07 
1192.04 6.05014e-07 
1192.05 6.04626e-07 
1192.06 6.04238e-07 
1192.07 6.0385e-07 
1192.08 6.03463e-07 
1192.09 6.03076e-07 
1192.1 6.02689e-07 
1192.11 6.02303e-07 
1192.12 6.01916e-07 
1192.13 6.0153e-07 
1192.14 6.01143e-07 
1192.15 6.00757e-07 
1192.16 6.00371e-07 
1192.17 5.99985e-07 
1192.18 5.996e-07 
1192.19 5.99215e-07 
1192.2 5.9883e-07 
1192.21 5.98445e-07 
1192.22 5.9806e-07 
1192.23 5.97676e-07 
1192.24 5.97291e-07 
1192.25 5.96907e-07 
1192.26 5.96523e-07 
1192.27 5.96139e-07 
1192.28 5.95756e-07 
1192.29 5.95372e-07 
1192.3 5.94989e-07 
1192.31 5.94606e-07 
1192.32 5.94223e-07 
1192.33 5.9384e-07 
1192.34 5.93457e-07 
1192.34 5.93075e-07 
1192.35 5.92693e-07 
1192.36 5.92311e-07 
1192.37 5.91929e-07 
1192.38 5.91548e-07 
1192.39 5.91165e-07 
1192.4 5.90784e-07 
1192.41 5.90403e-07 
1192.42 5.90022e-07 
1192.43 5.89641e-07 
1192.44 5.8926e-07 
1192.45 5.8888e-07 
1192.46 5.885e-07 
1192.47 5.88119e-07 
1192.48 5.87739e-07 
1192.49 5.87359e-07 
1192.5 5.8698e-07 
1192.51 5.866e-07 
1192.52 5.86221e-07 
1192.53 5.85842e-07 
1192.54 5.85462e-07 
1192.55 5.85084e-07 
1192.56 5.84705e-07 
1192.57 5.84326e-07 
1192.58 5.83947e-07 
1192.59 5.83569e-07 
1192.6 5.83192e-07 
1192.61 5.83176e-07 
1192.62 5.82798e-07 
1192.63 5.8242e-07 
1192.64 5.82043e-07 
1192.65 5.81665e-07 
1192.66 5.81287e-07 
1192.67 5.8091e-07 
1192.68 5.80533e-07 
1192.69 5.80156e-07 
1192.7 5.79779e-07 
1192.71 5.79402e-07 
1192.72 5.79026e-07 
1192.73 5.78649e-07 
1192.74 5.78273e-07 
1192.75 5.77897e-07 
1192.76 5.77522e-07 
1192.77 5.77146e-07 
1192.77 5.7677e-07 
1192.78 5.76394e-07 
1192.79 5.76019e-07 
1192.8 5.75644e-07 
1192.81 5.75269e-07 
1192.82 5.74894e-07 
1192.83 5.74519e-07 
1192.84 5.74144e-07 
1192.85 5.7377e-07 
1192.86 5.73395e-07 
1192.87 5.73021e-07 
1192.88 5.72647e-07 
1192.89 5.72273e-07 
1192.9 5.71899e-07 
1192.91 5.71526e-07 
1192.92 5.71152e-07 
1192.93 5.70778e-07 
1192.94 5.70405e-07 
1192.95 5.70032e-07 
1192.96 5.69659e-07 
1192.97 5.69285e-07 
1192.98 5.68913e-07 
1192.99 5.6854e-07 
1193 5.68168e-07 
1193.01 5.67795e-07 
1193.02 5.67423e-07 
1193.03 5.6705e-07 
1193.04 5.66678e-07 
1193.05 5.66306e-07 
1193.06 5.65934e-07 
1193.07 5.65562e-07 
1193.08 5.65191e-07 
1193.09 5.64819e-07 
1193.1 5.64448e-07 
1193.11 5.64077e-07 
1193.12 5.63705e-07 
1193.13 5.63334e-07 
1193.14 5.62963e-07 
1193.15 5.62592e-07 
1193.16 5.62222e-07 
1193.17 5.61851e-07 
1193.18 5.6148e-07 
1193.19 5.6111e-07 
1193.19 5.60739e-07 
1193.2 5.60369e-07 
1193.21 5.59999e-07 
1193.22 5.59628e-07 
1193.23 5.59258e-07 
1193.24 5.58888e-07 
1193.25 5.58519e-07 
1193.26 5.58149e-07 
1193.27 5.57779e-07 
1193.28 5.57409e-07 
1193.29 5.5704e-07 
1193.3 5.56671e-07 
1193.31 5.56302e-07 
1193.32 5.55932e-07 
1193.33 5.55563e-07 
1193.34 5.55194e-07 
1193.35 5.54825e-07 
1193.36 5.54456e-07 
1193.37 5.54087e-07 
1193.38 5.53718e-07 
1193.39 5.5335e-07 
1193.4 5.52981e-07 
1193.41 5.52612e-07 
1193.42 5.52244e-07 
1193.43 5.51876e-07 
1193.44 5.51507e-07 
1193.45 5.51139e-07 
1193.46 5.50771e-07 
1193.47 5.50403e-07 
1193.48 5.50035e-07 
1193.49 5.49667e-07 
1193.5 5.49299e-07 
1193.51 5.48931e-07 
1193.52 5.48563e-07 
1193.53 5.48195e-07 
1193.54 5.47827e-07 
1193.55 5.4746e-07 
1193.56 5.47092e-07 
1193.57 5.46725e-07 
1193.58 5.46357e-07 
1193.59 5.4599e-07 
1193.6 5.45622e-07 
1193.61 5.45593e-07 
1193.62 5.45226e-07 
1193.62 5.44858e-07 
1193.63 5.44491e-07 
1193.64 5.44123e-07 
1193.65 5.43756e-07 
1193.66 5.43389e-07 
1193.67 5.43021e-07 
1193.68 5.42654e-07 
1193.69 5.42287e-07 
1193.7 5.41919e-07 
1193.71 5.41552e-07 
1193.72 5.41184e-07 
1193.73 5.40818e-07 
1193.74 5.4045e-07 
1193.75 5.40083e-07 
1193.76 5.39716e-07 
1193.77 5.39349e-07 
1193.78 5.38982e-07 
1193.79 5.38615e-07 
1193.8 5.38248e-07 
1193.81 5.37881e-07 
1193.82 5.37513e-07 
1193.83 5.37146e-07 
1193.84 5.36779e-07 
1193.85 5.36412e-07 
1193.86 5.36045e-07 
1193.87 5.35678e-07 
1193.88 5.35311e-07 
1193.89 5.34944e-07 
1193.9 5.34577e-07 
1193.91 5.3421e-07 
1193.92 5.33842e-07 
1193.93 5.33475e-07 
1193.94 5.33108e-07 
1193.95 5.32741e-07 
1193.96 5.32374e-07 
1193.97 5.32007e-07 
1193.98 5.3164e-07 
1193.99 5.31272e-07 
1194 5.30905e-07 
1194.01 5.30538e-07 
1194.02 5.30171e-07 
1194.03 5.29803e-07 
1194.04 5.29436e-07 
1194.05 5.29068e-07 
1194.05 5.28701e-07 
1194.06 5.28333e-07 
1194.07 5.27966e-07 
1194.08 5.27598e-07 
1194.09 5.27231e-07 
1194.1 5.26863e-07 
1194.11 5.26495e-07 
1194.12 5.26127e-07 
1194.13 5.2576e-07 
1194.14 5.25391e-07 
1194.15 5.25024e-07 
1194.16 5.24656e-07 
1194.17 5.24288e-07 
1194.18 5.2392e-07 
1194.19 5.23552e-07 
1194.2 5.23183e-07 
1194.21 5.22815e-07 
1194.22 5.22447e-07 
1194.23 5.22078e-07 
1194.24 5.2171e-07 
1194.25 5.21341e-07 
1194.26 5.20972e-07 
1194.27 5.20603e-07 
1194.28 5.20234e-07 
1194.29 5.19865e-07 
1194.3 5.19497e-07 
1194.31 5.19128e-07 
1194.32 5.18758e-07 
1194.33 5.18389e-07 
1194.34 5.18019e-07 
1194.35 5.1765e-07 
1194.36 5.17281e-07 
1194.37 5.16911e-07 
1194.38 5.16541e-07 
1194.39 5.16171e-07 
1194.4 5.15801e-07 
1194.41 5.15431e-07 
1194.42 5.1506e-07 
1194.43 5.1469e-07 
1194.44 5.1432e-07 
1194.45 5.13949e-07 
1194.46 5.13578e-07 
1194.47 5.13207e-07 
1194.47 5.12836e-07 
1194.48 5.12465e-07 
1194.49 5.12094e-07 
1194.5 5.11722e-07 
1194.51 5.11351e-07 
1194.52 5.10979e-07 
1194.53 5.10607e-07 
1194.54 5.10235e-07 
1194.55 5.09863e-07 
1194.56 5.0949e-07 
1194.57 5.09118e-07 
1194.58 5.08746e-07 
1194.59 5.08372e-07 
1194.6 5.08e-07 
1194.61 5.07942e-07 
1194.62 5.07569e-07 
1194.63 5.07195e-07 
1194.64 5.06822e-07 
1194.65 5.06448e-07 
1194.66 5.06073e-07 
1194.67 5.05699e-07 
1194.68 5.05324e-07 
1194.69 5.0495e-07 
1194.7 5.04574e-07 
1194.71 5.04199e-07 
1194.72 5.03824e-07 
1194.73 5.03449e-07 
1194.74 5.03073e-07 
1194.75 5.02697e-07 
1194.76 5.02321e-07 
1194.77 5.01945e-07 
1194.78 5.01568e-07 
1194.79 5.01191e-07 
1194.8 5.00815e-07 
1194.81 5.00437e-07 
1194.82 5.0006e-07 
1194.83 4.99682e-07 
1194.84 4.99304e-07 
1194.85 4.98926e-07 
1194.86 4.98548e-07 
1194.87 4.98169e-07 
1194.88 4.9779e-07 
1194.89 4.97412e-07 
1194.9 4.97033e-07 
1194.9 4.96653e-07 
1194.91 4.96273e-07 
1194.92 4.95893e-07 
1194.93 4.95513e-07 
1194.94 4.95132e-07 
1194.95 4.94751e-07 
1194.96 4.94371e-07 
1194.97 4.93989e-07 
1194.98 4.93608e-07 
1194.99 4.93226e-07 
1195 4.92844e-07 
1195.01 4.92461e-07 
1195.02 4.92079e-07 
1195.03 4.91696e-07 
1195.04 4.91313e-07 
1195.05 4.90929e-07 
1195.06 4.90545e-07 
1195.07 4.90161e-07 
1195.08 4.89777e-07 
1195.09 4.89392e-07 
1195.1 4.89007e-07 
1195.11 4.88622e-07 
1195.12 4.88236e-07 
1195.13 4.8785e-07 
1195.14 4.87464e-07 
1195.15 4.87078e-07 
1195.16 4.8669e-07 
1195.17 4.86303e-07 
1195.18 4.85916e-07 
1195.19 4.85528e-07 
1195.2 4.8514e-07 
1195.21 4.84751e-07 
1195.22 4.84362e-07 
1195.23 4.83973e-07 
1195.24 4.83583e-07 
1195.25 4.83193e-07 
1195.26 4.82803e-07 
1195.27 4.82412e-07 
1195.28 4.82021e-07 
1195.29 4.8163e-07 
1195.3 4.81238e-07 
1195.31 4.80846e-07 
1195.32 4.80454e-07 
1195.32 4.80061e-07 
1195.33 4.79668e-07 
1195.34 4.79273e-07 
1195.35 4.7888e-07 
1195.36 4.78485e-07 
1195.37 4.78091e-07 
1195.38 4.77695e-07 
1195.39 4.773e-07 
1195.4 4.76904e-07 
1195.41 4.76508e-07 
1195.42 4.76111e-07 
1195.43 4.75713e-07 
1195.44 4.75316e-07 
1195.45 4.74918e-07 
1195.46 4.7452e-07 
1195.47 4.7412e-07 
1195.48 4.73721e-07 
1195.49 4.73322e-07 
1195.5 4.72922e-07 
1195.51 4.72521e-07 
1195.52 4.7212e-07 
1195.53 4.71718e-07 
1195.54 4.71316e-07 
1195.55 4.70914e-07 
1195.56 4.70511e-07 
1195.57 4.70107e-07 
1195.58 4.69704e-07 
1195.59 4.69299e-07 
1195.6 4.68895e-07 
1195.61 4.68781e-07 
1195.62 4.68374e-07 
1195.63 4.67968e-07 
1195.64 4.67561e-07 
1195.65 4.67154e-07 
1195.66 4.66746e-07 
1195.67 4.66337e-07 
1195.68 4.65929e-07 
1195.69 4.65519e-07 
1195.7 4.6511e-07 
1195.71 4.64699e-07 
1195.72 4.64288e-07 
1195.73 4.63877e-07 
1195.74 4.63465e-07 
1195.75 4.63052e-07 
1195.75 4.62639e-07 
1195.76 4.62226e-07 
1195.77 4.61812e-07 
1195.78 4.61397e-07 
1195.79 4.60982e-07 
1195.8 4.60567e-07 
1195.81 4.6015e-07 
1195.82 4.59734e-07 
1195.83 4.59316e-07 
1195.84 4.58898e-07 
1195.85 4.5848e-07 
1195.86 4.58061e-07 
1195.87 4.57641e-07 
1195.88 4.57221e-07 
1195.89 4.56801e-07 
1195.9 4.56379e-07 
1195.91 4.55957e-07 
1195.92 4.55535e-07 
1195.93 4.55112e-07 
1195.94 4.54689e-07 
1195.95 4.54265e-07 
1195.96 4.5384e-07 
1195.97 4.53414e-07 
1195.98 4.52988e-07 
1195.99 4.52562e-07 
1196 4.52135e-07 
1196.01 4.51707e-07 
1196.02 4.51279e-07 
1196.03 4.5085e-07 
1196.04 4.50421e-07 
1196.05 4.49991e-07 
1196.06 4.4956e-07 
1196.07 4.49129e-07 
1196.08 4.48697e-07 
1196.09 4.48264e-07 
1196.1 4.47831e-07 
1196.11 4.47397e-07 
1196.12 4.46963e-07 
1196.13 4.46528e-07 
1196.14 4.46093e-07 
1196.15 4.45657e-07 
1196.16 4.4522e-07 
1196.17 4.44783e-07 
1196.17 4.44345e-07 
1196.18 4.43907e-07 
1196.19 4.43468e-07 
1196.2 4.43029e-07 
1196.21 4.42589e-07 
1196.22 4.42148e-07 
1196.23 4.41707e-07 
1196.24 4.41266e-07 
1196.25 4.40824e-07 
1196.26 4.40381e-07 
1196.27 4.39938e-07 
1196.28 4.39494e-07 
1196.29 4.39051e-07 
1196.3 4.38606e-07 
1196.31 4.38161e-07 
1196.32 4.37716e-07 
1196.33 4.37271e-07 
1196.34 4.36825e-07 
1196.35 4.36379e-07 
1196.36 4.35932e-07 
1196.37 4.35485e-07 
1196.38 4.35038e-07 
1196.39 4.34591e-07 
1196.4 4.34144e-07 
1196.41 4.33696e-07 
1196.42 4.33249e-07 
1196.43 4.32801e-07 
1196.44 4.32354e-07 
1196.45 4.31906e-07 
1196.46 4.31459e-07 
1196.47 4.31012e-07 
1196.48 4.30565e-07 
1196.49 4.30118e-07 
1196.5 4.29672e-07 
1196.51 4.29226e-07 
1196.52 4.28781e-07 
1196.53 4.28337e-07 
1196.54 4.27892e-07 
1196.55 4.27449e-07 
1196.56 4.27007e-07 
1196.57 4.26566e-07 
1196.58 4.26126e-07 
1196.59 4.25687e-07 
1196.6 4.25249e-07 
1196.6 4.25077e-07 
1196.61 4.24642e-07 
1196.62 4.2421e-07 
1196.63 4.23779e-07 
1196.64 4.2335e-07 
1196.65 4.22923e-07 
1196.66 4.22499e-07 
1196.67 4.22078e-07 
1196.68 4.21659e-07 
1196.69 4.21243e-07 
1196.7 4.20831e-07 
1196.71 4.20422e-07 
1196.72 4.20017e-07 
1196.73 4.19617e-07 
1196.74 4.1922e-07 
1196.75 4.18828e-07 
1196.76 4.18441e-07 
1196.77 4.18059e-07 
1196.78 4.17682e-07 
1196.79 4.17311e-07 
1196.8 4.16946e-07 
1196.81 4.16588e-07 
1196.82 4.16237e-07 
1196.83 4.15892e-07 
1196.84 4.15556e-07 
1196.85 4.15228e-07 
1196.86 4.14909e-07 
1196.87 4.14598e-07 
1196.88 4.14297e-07 
1196.89 4.14006e-07 
1196.9 4.13726e-07 
1196.91 4.13457e-07 
1196.92 4.13199e-07 
1196.93 4.12954e-07 
1196.94 4.12722e-07 
1196.95 4.12504e-07 
1196.96 4.12299e-07 
1196.97 4.1211e-07 
1196.98 4.1194e-07 
1196.99 4.11782e-07 
1197 4.11642e-07 
1197.01 4.1152e-07 
1197.02 4.11416e-07 
1197.03 4.11332e-07 
1197.03 4.11269e-07 
1197.04 4.11226e-07 
1197.05 4.11206e-07 
1197.06 4.11209e-07 
1197.07 4.11236e-07 
1197.08 4.11287e-07 
1197.09 4.11365e-07 
1197.1 4.1147e-07 
1197.11 4.11603e-07 
1197.12 4.11766e-07 
1197.13 4.11959e-07 
1197.14 4.12183e-07 
1197.15 4.1244e-07 
1197.16 4.12732e-07 
1197.17 4.13058e-07 
1197.18 4.13421e-07 
1197.19 4.13821e-07 
1197.2 4.1426e-07 
1197.21 4.1474e-07 
1197.22 4.15262e-07 
1197.23 4.15841e-07 
1197.24 4.1645e-07 
1197.25 4.17106e-07 
1197.26 4.17809e-07 
1197.27 4.18561e-07 
1197.28 4.19364e-07 
1197.29 4.20217e-07 
1197.3 4.21125e-07 
1197.31 4.22087e-07 
1197.32 4.23106e-07 
1197.33 4.24183e-07 
1197.34 4.25319e-07 
1197.35 4.26517e-07 
1197.36 4.27777e-07 
1197.37 4.29102e-07 
1197.38 4.30492e-07 
1197.39 4.3195e-07 
1197.4 4.33477e-07 
1197.41 4.35075e-07 
1197.42 4.36745e-07 
1197.43 4.38489e-07 
1197.44 4.40309e-07 
1197.45 4.42205e-07 
1197.45 4.4418e-07 
1197.46 4.46235e-07 
1197.47 4.48372e-07 
1197.48 4.50627e-07 
1197.49 4.52932e-07 
1197.5 4.55324e-07 
1197.51 4.57802e-07 
1197.52 4.6037e-07 
1197.53 4.63027e-07 
1197.54 4.65776e-07 
1197.55 4.68617e-07 
1197.56 4.71552e-07 
1197.57 4.74582e-07 
1197.58 4.77708e-07 
1197.59 4.8093e-07 
1197.6 4.84251e-07 
1197.61 4.87972e-07 
1197.62 4.91494e-07 
1197.63 4.95115e-07 
1197.64 4.98838e-07 
1197.65 5.02662e-07 
1197.66 5.06589e-07 
1197.67 5.10618e-07 
1197.68 5.1475e-07 
1197.69 5.18985e-07 
1197.7 5.23323e-07 
1197.71 5.27766e-07 
1197.72 5.32311e-07 
1197.73 5.37026e-07 
1197.74 5.41779e-07 
1197.75 5.46634e-07 
1197.76 5.51591e-07 
1197.77 5.5665e-07 
1197.78 5.61809e-07 
1197.79 5.67067e-07 
1197.8 5.72426e-07 
1197.81 5.77881e-07 
1197.82 5.83433e-07 
1197.83 5.8908e-07 
1197.84 5.94821e-07 
1197.85 6.00653e-07 
1197.86 6.06576e-07 
1197.87 6.12587e-07 
1197.88 6.18685e-07 
1197.88 6.24865e-07 
1197.89 6.31129e-07 
1197.9 6.37471e-07 
1197.91 6.4389e-07 
1197.92 6.50384e-07 
1197.93 6.56948e-07 
1197.94 6.63581e-07 
1197.95 6.70278e-07 
1197.96 6.77038e-07 
1197.97 6.83856e-07 
1197.98 6.90823e-07 
1197.99 6.97748e-07 
1198 7.0472e-07 
1198.01 7.11736e-07 
1198.02 7.18792e-07 
1198.03 7.25882e-07 
1198.04 7.33004e-07 
1198.05 7.40153e-07 
1198.06 7.47325e-07 
1198.07 7.54514e-07 
1198.08 7.61718e-07 
1198.09 7.68929e-07 
1198.1 7.76144e-07 
1198.11 7.83358e-07 
1198.12 7.90567e-07 
1198.13 7.97765e-07 
1198.14 8.04946e-07 
1198.15 8.12106e-07 
1198.16 8.19239e-07 
1198.17 8.26342e-07 
1198.18 8.33407e-07 
1198.19 8.40431e-07 
1198.2 8.47407e-07 
1198.21 8.5433e-07 
1198.22 8.61196e-07 
1198.23 8.68091e-07 
1198.24 8.74824e-07 
1198.25 8.81482e-07 
1198.26 8.88063e-07 
1198.27 8.94559e-07 
1198.28 9.00964e-07 
1198.29 9.07276e-07 
1198.3 9.13488e-07 
1198.3 9.19596e-07 
1198.31 9.25594e-07 
1198.32 9.31478e-07 
1198.33 9.37243e-07 
1198.34 9.42885e-07 
1198.35 9.48398e-07 
1198.36 9.5378e-07 
1198.37 9.59024e-07 
1198.38 9.64129e-07 
1198.39 9.69086e-07 
1198.4 9.73897e-07 
1198.41 9.78555e-07 
1198.42 9.83056e-07 
1198.43 9.874e-07 
1198.44 9.9158e-07 
1198.45 9.95595e-07 
1198.46 9.99442e-07 
1198.47 1.00312e-06 
1198.48 1.00667e-06 
1198.49 1.01e-06 
1198.5 1.01314e-06 
1198.51 1.01611e-06 
1198.52 1.0189e-06 
1198.53 1.0215e-06 
1198.54 1.02392e-06 
1198.55 1.02616e-06 
1198.56 1.02821e-06 
1198.57 1.03008e-06 
1198.58 1.03175e-06 
1198.59 1.03325e-06 
1198.6 1.03455e-06 
1198.61 1.03631e-06 
1198.62 1.03725e-06 
1198.63 1.038e-06 
1198.64 1.03857e-06 
1198.65 1.03895e-06 
1198.66 1.03916e-06 
1198.67 1.03919e-06 
1198.68 1.03904e-06 
1198.69 1.03871e-06 
1198.7 1.03821e-06 
1198.71 1.03755e-06 
1198.72 1.03671e-06 
1198.73 1.03571e-06 
1198.73 1.03454e-06 
1198.74 1.03322e-06 
1198.75 1.03175e-06 
1198.76 1.03012e-06 
1198.77 1.02835e-06 
1198.78 1.02643e-06 
1198.79 1.02438e-06 
1198.8 1.02219e-06 
1198.81 1.01987e-06 
1198.82 1.01743e-06 
1198.83 1.01486e-06 
1198.84 1.01217e-06 
1198.85 1.00938e-06 
1198.86 1.00647e-06 
1198.87 1.00347e-06 
1198.88 1.00037e-06 
1198.89 9.97174e-07 
1198.9 9.93893e-07 
1198.91 9.90531e-07 
1198.92 9.87091e-07 
1198.93 9.83581e-07 
1198.94 9.80004e-07 
1198.95 9.76366e-07 
1198.96 9.72672e-07 
1198.97 9.68929e-07 
1198.98 9.65099e-07 
1198.99 9.61268e-07 
1199 9.57403e-07 
1199.01 9.53507e-07 
1199.02 9.49585e-07 
1199.03 9.45643e-07 
1199.04 9.41685e-07 
1199.05 9.37716e-07 
1199.06 9.3374e-07 
1199.07 9.29763e-07 
1199.08 9.25787e-07 
1199.09 9.21817e-07 
1199.1 9.17859e-07 
1199.11 9.13914e-07 
1199.12 9.09987e-07 
1199.13 9.06083e-07 
1199.14 9.02204e-07 
1199.15 8.98353e-07 
1199.15 8.94534e-07 
1199.16 8.9075e-07 
1199.17 8.87003e-07 
1199.18 8.83296e-07 
1199.19 8.79632e-07 
1199.2 8.76014e-07 
1199.21 8.72441e-07 
1199.22 8.68883e-07 
1199.23 8.6541e-07 
1199.24 8.61989e-07 
1199.25 8.58621e-07 
1199.26 8.55309e-07 
1199.27 8.5205e-07 
1199.28 8.48849e-07 
1199.29 8.45703e-07 
1199.3 8.42615e-07 
1199.31 8.39583e-07 
1199.32 8.36607e-07 
1199.33 8.33689e-07 
1199.34 8.30827e-07 
1199.35 8.28021e-07 
1199.36 8.25269e-07 
1199.37 8.22572e-07 
1199.38 8.19927e-07 
1199.39 8.17334e-07 
1199.4 8.14792e-07 
1199.41 8.12298e-07 
1199.42 8.09851e-07 
1199.43 8.07449e-07 
1199.44 8.0509e-07 
1199.45 8.02773e-07 
1199.46 8.00494e-07 
1199.47 7.98252e-07 
1199.48 7.96026e-07 
1199.49 7.93851e-07 
1199.5 7.91705e-07 
1199.51 7.89584e-07 
1199.52 7.87488e-07 
1199.53 7.85413e-07 
1199.54 7.83355e-07 
1199.55 7.81313e-07 
1199.56 7.79282e-07 
1199.57 7.77262e-07 
1199.58 7.75247e-07 
1199.58 7.73236e-07 
1199.59 7.71225e-07 
1199.6 7.69211e-07 
1199.61 7.67667e-07 
1199.62 7.65637e-07 
1199.63 7.63596e-07 
1199.64 7.61541e-07 
1199.65 7.59468e-07 
1199.66 7.57375e-07 
1199.67 7.5526e-07 
1199.68 7.53119e-07 
1199.69 7.50949e-07 
1199.7 7.4875e-07 
1199.71 7.46517e-07 
1199.72 7.44249e-07 
1199.73 7.41924e-07 
1199.74 7.39579e-07 
1199.75 7.37191e-07 
1199.76 7.34762e-07 
1199.77 7.32287e-07 
1199.78 7.29766e-07 
1199.79 7.27197e-07 
1199.8 7.24578e-07 
1199.81 7.2191e-07 
1199.82 7.1919e-07 
1199.83 7.16419e-07 
1199.84 7.13595e-07 
1199.85 7.10718e-07 
1199.86 7.07789e-07 
1199.87 7.04806e-07 
1199.88 7.0177e-07 
1199.89 6.98681e-07 
1199.9 6.9554e-07 
1199.91 6.92348e-07 
1199.92 6.89105e-07 
1199.93 6.85813e-07 
1199.94 6.82472e-07 
1199.95 6.79085e-07 
1199.96 6.75653e-07 
1199.97 6.72178e-07 
1199.98 6.68628e-07 
1199.99 6.65073e-07 
1200 6.61482e-07 
1200.01 6.57858e-07 
1200.01 6.54204e-07 
1200.02 6.50522e-07 
1200.03 6.46816e-07 
1200.04 6.4309e-07 
1200.05 6.39348e-07 
1200.06 6.35593e-07 
1200.07 6.3183e-07 
1200.08 6.28063e-07 
1200.09 6.24296e-07 
1200.1 6.20534e-07 
1200.11 6.16783e-07 
1200.12 6.13047e-07 
1200.13 6.09331e-07 
1200.14 6.05642e-07 
1200.15 6.01984e-07 
1200.16 5.98364e-07 
1200.17 5.94788e-07 
1200.18 5.91262e-07 
1200.19 5.87791e-07 
1200.2 5.84384e-07 
1200.21 5.81046e-07 
1200.22 5.77783e-07 
1200.23 5.74576e-07 
1200.24 5.71489e-07 
1200.25 5.68499e-07 
1200.26 5.65615e-07 
1200.27 5.62843e-07 
1200.28 5.60191e-07 
1200.29 5.57668e-07 
1200.3 5.55281e-07 
1200.31 5.53037e-07 
1200.32 5.50946e-07 
1200.33 5.49015e-07 
1200.34 5.47252e-07 
1200.35 5.45666e-07 
1200.36 5.44267e-07 
1200.37 5.4306e-07 
1200.38 5.42057e-07 
1200.39 5.41264e-07 
1200.4 5.40691e-07 
1200.41 5.40348e-07 
1200.42 5.40241e-07 
1200.43 5.4038e-07 
1200.43 5.40775e-07 
1200.44 5.41433e-07 
1200.45 5.42364e-07 
1200.46 5.43576e-07 
1200.47 5.45079e-07 
1200.48 5.46916e-07 
1200.49 5.49029e-07 
1200.5 5.51459e-07 
1200.51 5.54215e-07 
1200.52 5.57304e-07 
1200.53 5.60735e-07 
1200.54 5.64518e-07 
1200.55 5.68659e-07 
1200.56 5.73167e-07 
1200.57 5.78051e-07 
1200.58 5.83318e-07 
1200.59 5.88976e-07 
1200.6 5.95033e-07 
1200.61 6.01869e-07 
1200.62 6.0875e-07 
1200.63 6.16051e-07 
1200.64 6.23781e-07 
1200.65 6.31944e-07 
1200.66 6.40549e-07 
1200.67 6.49601e-07 
1200.68 6.59106e-07 
1200.69 6.6907e-07 
1200.7 6.79498e-07 
1200.71 6.90396e-07 
1200.72 7.01766e-07 
1200.73 7.13778e-07 
1200.74 7.26115e-07 
1200.75 7.3894e-07 
1200.76 7.52253e-07 
1200.77 7.6606e-07 
1200.78 7.80362e-07 
1200.79 7.95161e-07 
1200.8 8.1046e-07 
1200.81 8.26259e-07 
1200.82 8.42559e-07 
1200.83 8.59362e-07 
1200.84 8.76666e-07 
1200.85 8.94471e-07 
1200.85 9.12776e-07 
1200.86 9.31581e-07 
1200.87 9.50882e-07 
1200.88 9.70677e-07 
1200.89 9.90962e-07 
1200.9 1.01173e-06 
1200.91 1.03299e-06 
1200.92 1.05472e-06 
1200.93 1.07693e-06 
1200.94 1.09961e-06 
1200.95 1.12274e-06 
1200.96 1.14633e-06 
1200.97 1.17036e-06 
1200.98 1.19515e-06 
1200.99 1.22006e-06 
1201 1.24538e-06 
1201.01 1.27111e-06 
1201.02 1.29724e-06 
1201.03 1.32376e-06 
1201.04 1.35065e-06 
1201.05 1.37791e-06 
1201.06 1.40551e-06 
1201.07 1.43345e-06 
1201.08 1.46171e-06 
1201.09 1.49028e-06 
1201.1 1.51914e-06 
1201.11 1.54828e-06 
1201.12 1.57767e-06 
1201.13 1.60731e-06 
1201.14 1.63718e-06 
1201.15 1.66725e-06 
1201.16 1.69751e-06 
1201.17 1.72794e-06 
1201.18 1.75852e-06 
1201.19 1.78923e-06 
1201.2 1.82005e-06 
1201.21 1.85096e-06 
1201.22 1.88194e-06 
1201.23 1.91337e-06 
1201.24 1.94443e-06 
1201.25 1.97549e-06 
1201.26 2.00654e-06 
1201.27 2.03754e-06 
1201.28 2.06849e-06 
1201.28 2.09935e-06 
1201.29 2.1301e-06 
1201.3 2.16073e-06 
1201.31 2.1912e-06 
1201.32 2.22149e-06 
1201.33 2.25159e-06 
1201.34 2.28147e-06 
1201.35 2.3111e-06 
1201.36 2.34047e-06 
1201.37 2.36954e-06 
1201.38 2.3983e-06 
1201.39 2.42673e-06 
1201.4 2.45481e-06 
1201.41 2.4825e-06 
1201.42 2.5098e-06 
1201.43 2.53668e-06 
1201.44 2.56312e-06 
1201.45 2.58909e-06 
1201.46 2.61459e-06 
1201.47 2.63958e-06 
1201.48 2.66437e-06 
1201.49 2.68831e-06 
1201.5 2.71169e-06 
1201.51 2.73449e-06 
1201.52 2.75671e-06 
1201.53 2.77833e-06 
1201.54 2.79933e-06 
1201.55 2.8197e-06 
1201.56 2.83942e-06 
1201.57 2.85848e-06 
1201.58 2.87687e-06 
1201.59 2.89458e-06 
1201.6 2.9116e-06 
1201.61 2.92972e-06 
1201.62 2.94534e-06 
1201.63 2.96024e-06 
1201.64 2.97442e-06 
1201.65 2.98787e-06 
1201.66 3.00059e-06 
1201.67 3.01257e-06 
1201.68 3.0238e-06 
1201.69 3.0343e-06 
1201.7 3.04406e-06 
1201.7 3.05307e-06 
1201.71 3.06134e-06 
1201.72 3.06898e-06 
1201.73 3.07577e-06 
1201.74 3.08183e-06 
1201.75 3.08716e-06 
1201.76 3.09177e-06 
1201.77 3.09567e-06 
1201.78 3.09886e-06 
1201.79 3.10136e-06 
1201.8 3.10317e-06 
1201.81 3.10431e-06 
1201.82 3.10479e-06 
1201.83 3.1046e-06 
1201.84 3.10378e-06 
1201.85 3.10234e-06 
1201.86 3.10028e-06 
1201.87 3.09764e-06 
1201.88 3.09441e-06 
1201.89 3.09062e-06 
1201.9 3.08628e-06 
1201.91 3.08142e-06 
1201.92 3.07604e-06 
1201.93 3.07018e-06 
1201.94 3.06385e-06 
1201.95 3.05706e-06 
1201.96 3.04985e-06 
1201.97 3.04222e-06 
1201.98 3.03411e-06 
1201.99 3.02572e-06 
1202 3.01698e-06 
1202.01 3.00792e-06 
1202.02 2.99856e-06 
1202.03 2.98891e-06 
1202.04 2.979e-06 
1202.05 2.96885e-06 
1202.06 2.95848e-06 
1202.07 2.94792e-06 
1202.08 2.93718e-06 
1202.09 2.92628e-06 
1202.1 2.91526e-06 
1202.11 2.90412e-06 
1202.12 2.89289e-06 
1202.13 2.88159e-06 
1202.13 2.87023e-06 
1202.14 2.85884e-06 
1202.15 2.84744e-06 
1202.16 2.83604e-06 
1202.17 2.82465e-06 
1202.18 2.81331e-06 
1202.19 2.80202e-06 
1202.2 2.7908e-06 
1202.21 2.77966e-06 
1202.22 2.76849e-06 
1202.23 2.75756e-06 
1202.24 2.74676e-06 
1202.25 2.7361e-06 
1202.26 2.72559e-06 
1202.27 2.71523e-06 
1202.28 2.70504e-06 
1202.29 2.69503e-06 
1202.3 2.6852e-06 
1202.31 2.67557e-06 
1202.32 2.66613e-06 
1202.33 2.6569e-06 
1202.34 2.64787e-06 
1202.35 2.63906e-06 
1202.36 2.63046e-06 
1202.37 2.62207e-06 
1202.38 2.6139e-06 
1202.39 2.60594e-06 
1202.4 2.59821e-06 
1202.41 2.59068e-06 
1202.42 2.58336e-06 
1202.43 2.57625e-06 
1202.44 2.56934e-06 
1202.45 2.56263e-06 
1202.46 2.55611e-06 
1202.47 2.54978e-06 
1202.48 2.54355e-06 
1202.49 2.53756e-06 
1202.5 2.53174e-06 
1202.51 2.52606e-06 
1202.52 2.52053e-06 
1202.53 2.51513e-06 
1202.54 2.50984e-06 
1202.55 2.50467e-06 
1202.56 2.49958e-06 
1202.56 2.49459e-06 
1202.57 2.48965e-06 
1202.58 2.48478e-06 
1202.59 2.47994e-06 
1202.6 2.47514e-06 
1202.61 2.47187e-06 
1202.62 2.46708e-06 
1202.63 2.46226e-06 
1202.64 2.45742e-06 
1202.65 2.45253e-06 
1202.66 2.44757e-06 
1202.67 2.44254e-06 
1202.68 2.43742e-06 
1202.69 2.43219e-06 
1202.7 2.42683e-06 
1202.71 2.42134e-06 
1202.72 2.4157e-06 
1202.73 2.40981e-06 
1202.74 2.40381e-06 
1202.75 2.39762e-06 
1202.76 2.39121e-06 
1202.77 2.38458e-06 
1202.78 2.3777e-06 
1202.79 2.37058e-06 
1202.8 2.3632e-06 
1202.81 2.35554e-06 
1202.82 2.34759e-06 
1202.83 2.33934e-06 
1202.84 2.33078e-06 
1202.85 2.32191e-06 
1202.86 2.3127e-06 
1202.87 2.30316e-06 
1202.88 2.29328e-06 
1202.89 2.28303e-06 
1202.9 2.27243e-06 
1202.91 2.26146e-06 
1202.92 2.25012e-06 
1202.93 2.2384e-06 
1202.94 2.22629e-06 
1202.95 2.2138e-06 
1202.96 2.20092e-06 
1202.97 2.18765e-06 
1202.98 2.17398e-06 
1202.98 2.15974e-06 
1202.99 2.14528e-06 
1203 2.13043e-06 
1203.01 2.11518e-06 
1203.02 2.09954e-06 
1203.03 2.08351e-06 
1203.04 2.06709e-06 
1203.05 2.0503e-06 
1203.06 2.03312e-06 
1203.07 2.01557e-06 
1203.08 1.99765e-06 
1203.09 1.97938e-06 
1203.1 1.96075e-06 
1203.11 1.94178e-06 
1203.12 1.92246e-06 
1203.13 1.90282e-06 
1203.14 1.88285e-06 
1203.15 1.86257e-06 
1203.16 1.842e-06 
1203.17 1.82113e-06 
1203.18 1.79998e-06 
1203.19 1.77856e-06 
1203.2 1.75689e-06 
1203.21 1.73497e-06 
1203.22 1.71282e-06 
1203.23 1.69017e-06 
1203.24 1.66759e-06 
1203.25 1.64482e-06 
1203.26 1.62186e-06 
1203.27 1.59874e-06 
1203.28 1.57547e-06 
1203.29 1.55206e-06 
1203.3 1.52852e-06 
1203.31 1.50487e-06 
1203.32 1.48113e-06 
1203.33 1.4573e-06 
1203.34 1.43341e-06 
1203.35 1.40946e-06 
1203.36 1.38547e-06 
1203.37 1.36146e-06 
1203.38 1.33743e-06 
1203.39 1.31341e-06 
1203.4 1.28941e-06 
1203.41 1.26543e-06 
1203.41 1.2415e-06 
1203.42 1.21763e-06 
1203.43 1.19383e-06 
1203.44 1.17011e-06 
1203.45 1.14648e-06 
1203.46 1.12297e-06 
1203.47 1.09957e-06 
1203.48 1.07602e-06 
1203.49 1.0529e-06 
1203.5 1.02995e-06 
1203.51 1.00715e-06 
1203.52 9.84535e-07 
1203.53 9.62107e-07 
1203.54 9.39876e-07 
1203.55 9.17852e-07 
1203.56 8.96044e-07 
1203.57 8.74462e-07 
1203.58 8.53113e-07 
1203.59 8.32006e-07 
1203.6 8.11147e-07 
1203.61 7.91033e-07 
1203.62 7.70683e-07 
1203.63 7.50602e-07 
1203.64 7.30797e-07 
1203.65 7.11274e-07 
1203.66 6.92038e-07 
1203.67 6.73094e-07 
1203.68 6.54446e-07 
1203.69 6.36098e-07 
1203.7 6.18054e-07 
1203.71 6.00319e-07 
1203.72 5.82892e-07 
1203.73 5.65568e-07 
1203.74 5.48774e-07 
1203.75 5.32296e-07 
1203.76 5.16137e-07 
1203.77 5.00297e-07 
1203.78 4.84778e-07 
1203.79 4.69579e-07 
1203.8 4.547e-07 
1203.81 4.40142e-07 
1203.82 4.25904e-07 
1203.83 4.11985e-07 
1203.83 3.98384e-07 
1203.84 3.85099e-07 
1203.85 3.7213e-07 
1203.86 3.59474e-07 
1203.87 3.47129e-07 
1203.88 3.35092e-07 
1203.89 3.23361e-07 
1203.9 3.11933e-07 
1203.91 3.00806e-07 
1203.92 2.89975e-07 
1203.93 2.79438e-07 
1203.94 2.69191e-07 
1203.95 2.59231e-07 
1203.96 2.49552e-07 
1203.97 2.40152e-07 
1203.98 2.30914e-07 
1203.99 2.22062e-07 
1204 2.13475e-07 
1204.01 2.05149e-07 
1204.02 1.9708e-07 
1204.03 1.89263e-07 
1204.04 1.81692e-07 
1204.05 1.74365e-07 
1204.06 1.67275e-07 
1204.07 1.60417e-07 
1204.08 1.53788e-07 
1204.09 1.47381e-07 
1204.1 1.41193e-07 
1204.11 1.35217e-07 
1204.12 1.29449e-07 
1204.13 1.23885e-07 
1204.14 1.18518e-07 
1204.15 1.13345e-07 
1204.16 1.0836e-07 
1204.17 1.03559e-07 
1204.18 9.89353e-08 
1204.19 9.44857e-08 
1204.2 9.02048e-08 
1204.21 8.60881e-08 
1204.22 8.21308e-08 
1204.23 7.82816e-08 
1204.24 7.46309e-08 
1204.25 7.11259e-08 
1204.26 6.77619e-08 
1204.26 6.45346e-08 
1204.27 6.14397e-08 
1204.28 5.84728e-08 
1204.29 5.563e-08 
1204.3 5.2907e-08 
1204.31 5.02997e-08 
1204.32 4.78044e-08 
1204.33 4.54171e-08 
1204.34 4.3134e-08 
1204.35 4.09515e-08 
1204.36 3.88658e-08 
1204.37 3.68736e-08 
1204.38 3.49714e-08 
1204.39 3.31557e-08 
1204.4 3.14234e-08 
1204.41 2.97713e-08 
1204.42 2.81962e-08 
1204.43 2.66952e-08 
1204.44 2.52653e-08 
1204.45 2.39037e-08 
1204.46 2.26076e-08 
1204.47 2.13744e-08 
1204.48 2.01871e-08 
1204.49 1.90725e-08 
1204.5 1.80132e-08 
1204.51 1.70069e-08 
1204.52 1.60512e-08 
1204.53 1.51439e-08 
1204.54 1.42829e-08 
1204.55 1.34662e-08 
1204.56 1.26918e-08 
1204.57 1.19578e-08 
1204.58 1.12623e-08 
1204.59 1.06035e-08 
1204.6 9.97984e-09 
1204.61 9.38958e-09 
1204.62 8.83661e-09 
1204.63 8.30819e-09 
1204.64 7.80865e-09 
1204.65 7.33659e-09 
1204.66 6.89067e-09 
1204.67 6.46961e-09 
1204.68 6.07216e-09 
1204.68 5.69715e-09 
1204.69 5.34344e-09 
1204.7 5.00995e-09 
1204.71 4.69564e-09 
1204.72 4.39592e-09 
1204.73 4.11725e-09 
1204.74 3.8549e-09 
1204.75 3.60801e-09 
1204.76 3.37577e-09 
1204.77 3.15737e-09 
1204.78 2.95207e-09 
1204.79 2.75917e-09 
1204.8 2.57797e-09 
1204.81 2.40783e-09 
1204.82 2.24814e-09 
1204.83 2.09831e-09 
1204.84 1.95779e-09 
1204.85 1.82604e-09 
1204.86 1.70256e-09 
1204.87 1.58688e-09 
1204.88 1.47855e-09 
1204.89 1.37713e-09 
1204.9 1.28223e-09 
1204.91 1.19345e-09 
1204.92 1.11043e-09 
1204.93 1.03282e-09 
1204.94 9.60306e-10 
1204.95 8.92572e-10 
1204.96 8.29327e-10 
1204.97 7.70294e-10 
1204.98 7.14552e-10 
1204.99 6.63224e-10 
1205 6.15371e-10 
1205.01 5.70771e-10 
1205.02 5.29219e-10 
1205.03 4.90522e-10 
1205.04 4.54496e-10 
1205.05 4.2097e-10 
1205.06 3.89781e-10 
1205.07 3.60777e-10 
1205.08 3.33815e-10 
1205.09 3.08761e-10 
1205.1 2.85488e-10 
1205.11 2.63877e-10 
1205.11 2.43817e-10 
1205.12 2.25204e-10 
1205.13 2.0794e-10 
1205.14 1.91932e-10 
1205.15 1.77094e-10 
1205.16 1.63347e-10 
1205.17 1.50615e-10 
1205.18 1.38827e-10 
1205.19 1.27917e-10 
1205.2 1.17823e-10 
1205.21 1.08488e-10 
1205.22 9.97586e-11 
1205.23 9.17869e-11 
1205.24 8.44263e-11 
1205.25 7.76288e-11 
1205.26 7.13539e-11 
1205.27 6.55633e-11 
1205.28 6.02217e-11 
1205.29 5.52961e-11 
1205.3 5.07557e-11 
1205.31 4.65718e-11 
1205.32 4.2718e-11 
1205.33 3.91695e-11 
1205.34 3.59032e-11 
1205.35 3.28979e-11 
1205.36 3.01336e-11 
1205.37 2.7592e-11 
1205.38 2.5256e-11 
1205.39 2.31097e-11 
1205.4 2.11385e-11 
1205.41 1.93287e-11 
1205.42 1.76676e-11 
1205.43 1.61437e-11 
1205.44 1.47461e-11 
1205.45 1.34649e-11 
1205.46 1.22906e-11 
1205.47 1.12149e-11 
1205.48 1.02185e-11 
1205.49 9.31713e-12 
1205.5 8.49275e-12 
1205.51 7.73861e-12 
1205.52 7.04899e-12 
1205.53 6.41859e-12 
1205.54 5.84253e-12 
1205.54 5.31632e-12 
1205.55 4.83583e-12 
1205.56 4.39723e-12 
1205.57 3.99701e-12 
1205.58 3.63196e-12 
1205.59 3.29911e-12 
1205.6 2.99571e-12 
1205.61 2.72095e-12 
1205.62 2.469e-12 
1205.63 2.23961e-12 
1205.64 2.03082e-12 
1205.65 1.84085e-12 
1205.66 1.66808e-12 
1205.67 1.51099e-12 
1205.68 1.36822e-12 
1205.69 1.23851e-12 
1205.7 1.12071e-12 
1205.71 1.01376e-12 
1205.72 9.16696e-13 
1205.73 8.2759e-13 
1205.74 7.47827e-13 
1205.75 6.75518e-13 
1205.76 6.09987e-13 
1205.77 5.50622e-13 
1205.78 4.96861e-13 
1205.79 4.48194e-13 
1205.8 4.04153e-13 
1205.81 3.64312e-13 
1205.82 3.28285e-13 
1205.83 2.95718e-13 
1205.84 2.66288e-13 
1205.85 2.39705e-13 
1205.86 2.157e-13 
1205.87 1.94031e-13 
1205.88 1.74478e-13 
1205.89 1.56841e-13 
1205.9 1.40938e-13 
1205.91 1.26604e-13 
1205.92 1.13687e-13 
1205.93 1.02053e-13 
1205.94 9.15781e-14 
1205.95 8.21494e-14 
1205.96 7.36658e-14 
1205.96 6.60354e-14 
1205.97 5.91747e-14 
1205.98 5.29354e-14 
1205.99 4.74025e-14 
1206 4.24332e-14 
1206.01 3.79716e-14 
1206.02 3.39673e-14 
1206.03 3.03747e-14 
1206.04 2.71526e-14 
1206.05 2.42639e-14 
1206.06 2.16749e-14 
1206.07 1.93555e-14 
1206.08 1.72782e-14 
1206.09 1.54185e-14 
1206.1 1.37542e-14 
1206.11 1.22653e-14 
1206.12 1.09337e-14 
1206.13 9.74335e-15 
1206.14 8.67954e-15 
1206.15 7.72919e-15 
1206.16 6.88051e-15 
1206.17 6.12288e-15 
1206.18 5.44677e-15 
1206.19 4.84365e-15 
1206.2 4.3058e-15 
1206.21 3.82635e-15 
1206.22 3.3991e-15 
1206.23 3.01402e-15 
1206.24 2.67561e-15 
1206.25 2.37436e-15 
1206.26 2.1063e-15 
1206.27 1.86785e-15 
1206.28 1.65582e-15 
1206.29 1.46734e-15 
1206.3 1.29987e-15 
1206.31 1.15111e-15 
1206.32 1.01902e-15 
1206.33 9.01776e-16 
1206.34 7.97742e-16 
1206.35 7.05464e-16 
1206.36 6.23644e-16 
1206.37 5.51121e-16 
1206.38 4.86862e-16 
1206.39 4.29946e-16 
1206.39 3.79552e-16 
1206.4 3.34947e-16 
1206.41 2.95482e-16 
1206.42 2.60576e-16 
1206.43 2.29713e-16 
1206.44 2.02436e-16 
1206.45 1.78335e-16 
1206.46 1.57049e-16 
1206.47 1.38255e-16 
1206.48 1.21474e-16 
1206.49 1.06863e-16 
1206.5 9.39763e-17 
1206.51 8.2615e-17 
1206.52 7.2602e-17 
1206.53 6.37803e-17 
1206.54 5.60111e-17 
1206.55 4.91712e-17 
1206.56 4.31515e-17 
1206.57 3.78556e-17 
1206.58 3.31981e-17 
1206.59 2.91036e-17 
1206.6 0 
