#energy geo_1 
1186.6 1.09438e-06 
1186.61 1.09372e-06 
1186.62 1.09306e-06 
1186.63 1.0924e-06 
1186.64 1.09174e-06 
1186.65 1.09108e-06 
1186.66 1.09041e-06 
1186.67 1.08976e-06 
1186.68 1.0891e-06 
1186.69 1.08844e-06 
1186.7 1.08778e-06 
1186.71 1.08712e-06 
1186.72 1.08646e-06 
1186.73 1.0858e-06 
1186.74 1.08514e-06 
1186.75 1.08449e-06 
1186.76 1.08383e-06 
1186.77 1.08317e-06 
1186.78 1.08251e-06 
1186.79 1.08186e-06 
1186.8 1.0812e-06 
1186.81 1.08054e-06 
1186.81 1.07989e-06 
1186.82 1.07923e-06 
1186.83 1.07858e-06 
1186.84 1.07792e-06 
1186.85 1.07727e-06 
1186.86 1.07661e-06 
1186.87 1.07596e-06 
1186.88 1.07531e-06 
1186.89 1.07465e-06 
1186.9 1.074e-06 
1186.91 1.07335e-06 
1186.92 1.07269e-06 
1186.93 1.07204e-06 
1186.94 1.07139e-06 
1186.95 1.07074e-06 
1186.96 1.07009e-06 
1186.97 1.06943e-06 
1186.98 1.06878e-06 
1186.99 1.06813e-06 
1187 1.06748e-06 
1187.01 1.06683e-06 
1187.02 1.06618e-06 
1187.03 1.06553e-06 
1187.04 1.06488e-06 
1187.05 1.06423e-06 
1187.06 1.06358e-06 
1187.07 1.06294e-06 
1187.08 1.06229e-06 
1187.09 1.06164e-06 
1187.1 1.06099e-06 
1187.11 1.06034e-06 
1187.12 1.0597e-06 
1187.13 1.05905e-06 
1187.14 1.0584e-06 
1187.15 1.05776e-06 
1187.16 1.05711e-06 
1187.17 1.05646e-06 
1187.18 1.05582e-06 
1187.19 1.05517e-06 
1187.2 1.05453e-06 
1187.21 1.05388e-06 
1187.22 1.05324e-06 
1187.23 1.05259e-06 
1187.24 1.05195e-06 
1187.24 1.05131e-06 
1187.25 1.05066e-06 
1187.26 1.05002e-06 
1187.27 1.04938e-06 
1187.28 1.04874e-06 
1187.29 1.04809e-06 
1187.3 1.04745e-06 
1187.31 1.04681e-06 
1187.32 1.04617e-06 
1187.33 1.04553e-06 
1187.34 1.04488e-06 
1187.35 1.04424e-06 
1187.36 1.0436e-06 
1187.37 1.04296e-06 
1187.38 1.04232e-06 
1187.39 1.04169e-06 
1187.4 1.04104e-06 
1187.41 1.04041e-06 
1187.42 1.03977e-06 
1187.43 1.03913e-06 
1187.44 1.03849e-06 
1187.45 1.03785e-06 
1187.46 1.03722e-06 
1187.47 1.03658e-06 
1187.48 1.03594e-06 
1187.49 1.0353e-06 
1187.5 1.03467e-06 
1187.51 1.03403e-06 
1187.52 1.0334e-06 
1187.53 1.03276e-06 
1187.54 1.03212e-06 
1187.55 1.03149e-06 
1187.56 1.03086e-06 
1187.57 1.03022e-06 
1187.58 1.02959e-06 
1187.59 1.02895e-06 
1187.6 1.02832e-06 
1187.61 1.02833e-06 
1187.62 1.02769e-06 
1187.63 1.02706e-06 
1187.64 1.02643e-06 
1187.65 1.02579e-06 
1187.66 1.02516e-06 
1187.66 1.02453e-06 
1187.67 1.0239e-06 
1187.68 1.02327e-06 
1187.69 1.02263e-06 
1187.7 1.022e-06 
1187.71 1.02137e-06 
1187.72 1.02074e-06 
1187.73 1.02011e-06 
1187.74 1.01948e-06 
1187.75 1.01885e-06 
1187.76 1.01822e-06 
1187.77 1.0176e-06 
1187.78 1.01697e-06 
1187.79 1.01634e-06 
1187.8 1.01571e-06 
1187.81 1.01508e-06 
1187.82 1.01445e-06 
1187.83 1.01383e-06 
1187.84 1.0132e-06 
1187.85 1.01257e-06 
1187.86 1.01195e-06 
1187.87 1.01132e-06 
1187.88 1.0107e-06 
1187.89 1.01007e-06 
1187.9 1.00944e-06 
1187.91 1.00882e-06 
1187.92 1.0082e-06 
1187.93 1.00757e-06 
1187.94 1.00695e-06 
1187.95 1.00632e-06 
1187.96 1.0057e-06 
1187.97 1.00508e-06 
1187.98 1.00445e-06 
1187.99 1.00383e-06 
1188 1.00321e-06 
1188.01 1.00259e-06 
1188.02 1.00196e-06 
1188.03 1.00134e-06 
1188.04 1.00072e-06 
1188.05 1.0001e-06 
1188.06 9.9948e-07 
1188.07 9.98859e-07 
1188.08 9.98238e-07 
1188.09 9.9762e-07 
1188.09 9.96999e-07 
1188.1 9.96381e-07 
1188.11 9.95761e-07 
1188.12 9.95142e-07 
1188.13 9.94524e-07 
1188.14 9.93906e-07 
1188.15 9.93289e-07 
1188.16 9.9267e-07 
1188.17 9.92054e-07 
1188.18 9.91436e-07 
1188.19 9.9082e-07 
1188.2 9.90204e-07 
1188.21 9.89587e-07 
1188.22 9.88972e-07 
1188.23 9.88356e-07 
1188.24 9.87741e-07 
1188.25 9.87126e-07 
1188.26 9.86511e-07 
1188.27 9.85897e-07 
1188.28 9.85283e-07 
1188.29 9.84669e-07 
1188.3 9.84056e-07 
1188.31 9.83442e-07 
1188.32 9.82829e-07 
1188.33 9.82216e-07 
1188.34 9.81605e-07 
1188.35 9.80992e-07 
1188.36 9.8038e-07 
1188.37 9.79769e-07 
1188.38 9.79159e-07 
1188.39 9.78547e-07 
1188.4 9.77936e-07 
1188.41 9.77327e-07 
1188.42 9.76716e-07 
1188.43 9.76107e-07 
1188.44 9.75497e-07 
1188.45 9.74888e-07 
1188.46 9.74279e-07 
1188.47 9.7367e-07 
1188.48 9.73062e-07 
1188.49 9.72455e-07 
1188.5 9.71846e-07 
1188.51 9.71239e-07 
1188.52 9.70632e-07 
1188.52 9.70025e-07 
1188.53 9.69419e-07 
1188.54 9.68812e-07 
1188.55 9.68206e-07 
1188.56 9.676e-07 
1188.57 9.66994e-07 
1188.58 9.6639e-07 
1188.59 9.65785e-07 
1188.6 9.65782e-07 
1188.61 9.65176e-07 
1188.62 9.64573e-07 
1188.63 9.63968e-07 
1188.64 9.63364e-07 
1188.65 9.62761e-07 
1188.66 9.62158e-07 
1188.67 9.61556e-07 
1188.68 9.60953e-07 
1188.69 9.60351e-07 
1188.7 9.59749e-07 
1188.71 9.59147e-07 
1188.72 9.58545e-07 
1188.73 9.57945e-07 
1188.74 9.57344e-07 
1188.75 9.56743e-07 
1188.76 9.56143e-07 
1188.77 9.55542e-07 
1188.78 9.54943e-07 
1188.79 9.54344e-07 
1188.8 9.53746e-07 
1188.81 9.53146e-07 
1188.82 9.52549e-07 
1188.83 9.5195e-07 
1188.84 9.51351e-07 
1188.85 9.50755e-07 
1188.86 9.50157e-07 
1188.87 9.4956e-07 
1188.88 9.48964e-07 
1188.89 9.48367e-07 
1188.9 9.4777e-07 
1188.91 9.47175e-07 
1188.92 9.4658e-07 
1188.93 9.45984e-07 
1188.94 9.4539e-07 
1188.94 9.44795e-07 
1188.95 9.44201e-07 
1188.96 9.43608e-07 
1188.97 9.43013e-07 
1188.98 9.42419e-07 
1188.99 9.41825e-07 
1189 9.41234e-07 
1189.01 9.40641e-07 
1189.02 9.40048e-07 
1189.03 9.39457e-07 
1189.04 9.38865e-07 
1189.05 9.38273e-07 
1189.06 9.37682e-07 
1189.07 9.37091e-07 
1189.08 9.365e-07 
1189.09 9.35911e-07 
1189.1 9.3532e-07 
1189.11 9.34731e-07 
1189.12 9.34142e-07 
1189.13 9.33553e-07 
1189.14 9.32964e-07 
1189.15 9.32376e-07 
1189.16 9.31788e-07 
1189.17 9.312e-07 
1189.18 9.30612e-07 
1189.19 9.30026e-07 
1189.2 9.29439e-07 
1189.21 9.28851e-07 
1189.22 9.28265e-07 
1189.23 9.27678e-07 
1189.24 9.27093e-07 
1189.25 9.26508e-07 
1189.26 9.25923e-07 
1189.27 9.25337e-07 
1189.28 9.24752e-07 
1189.29 9.24168e-07 
1189.3 9.23584e-07 
1189.31 9.23e-07 
1189.32 9.22417e-07 
1189.33 9.21834e-07 
1189.34 9.21252e-07 
1189.35 9.20668e-07 
1189.36 9.20086e-07 
1189.36 9.19505e-07 
1189.37 9.18923e-07 
1189.38 9.18342e-07 
1189.39 9.17761e-07 
1189.4 9.1718e-07 
1189.41 9.16599e-07 
1189.42 9.16019e-07 
1189.43 9.15441e-07 
1189.44 9.1486e-07 
1189.45 9.1428e-07 
1189.46 9.13701e-07 
1189.47 9.13123e-07 
1189.48 9.12545e-07 
1189.49 9.11967e-07 
1189.5 9.11389e-07 
1189.51 9.10811e-07 
1189.52 9.10234e-07 
1189.53 9.09658e-07 
1189.54 9.09081e-07 
1189.55 9.08504e-07 
1189.56 9.07928e-07 
1189.57 9.07353e-07 
1189.58 9.06776e-07 
1189.59 9.06201e-07 
1189.6 9.05626e-07 
1189.61 9.05615e-07 
1189.62 9.0504e-07 
1189.63 9.04467e-07 
1189.64 9.03892e-07 
1189.65 9.03318e-07 
1189.66 9.02746e-07 
1189.67 9.02173e-07 
1189.68 9.01598e-07 
1189.69 9.01026e-07 
1189.7 9.00455e-07 
1189.71 8.99882e-07 
1189.72 8.9931e-07 
1189.73 8.98739e-07 
1189.74 8.98167e-07 
1189.75 8.97598e-07 
1189.76 8.97027e-07 
1189.77 8.96456e-07 
1189.78 8.95886e-07 
1189.79 8.95317e-07 
1189.79 8.94748e-07 
1189.8 8.94178e-07 
1189.81 8.9361e-07 
1189.82 8.93041e-07 
1189.83 8.92473e-07 
1189.84 8.91905e-07 
1189.85 8.91338e-07 
1189.86 8.9077e-07 
1189.87 8.90204e-07 
1189.88 8.89636e-07 
1189.89 8.89071e-07 
1189.9 8.88504e-07 
1189.91 8.87938e-07 
1189.92 8.87374e-07 
1189.93 8.86808e-07 
1189.94 8.86242e-07 
1189.95 8.85678e-07 
1189.96 8.85114e-07 
1189.97 8.84549e-07 
1189.98 8.83985e-07 
1189.99 8.83423e-07 
1190 8.82859e-07 
1190.01 8.82296e-07 
1190.02 8.81733e-07 
1190.03 8.8117e-07 
1190.04 8.80609e-07 
1190.05 8.80048e-07 
1190.06 8.79485e-07 
1190.07 8.78925e-07 
1190.08 8.78364e-07 
1190.09 8.77803e-07 
1190.1 8.77243e-07 
1190.11 8.76683e-07 
1190.12 8.76124e-07 
1190.13 8.75564e-07 
1190.14 8.75005e-07 
1190.15 8.74446e-07 
1190.16 8.73887e-07 
1190.17 8.73329e-07 
1190.18 8.72771e-07 
1190.19 8.72213e-07 
1190.2 8.71655e-07 
1190.21 8.71099e-07 
1190.21 8.70542e-07 
1190.22 8.69985e-07 
1190.23 8.6943e-07 
1190.24 8.68873e-07 
1190.25 8.68318e-07 
1190.26 8.67763e-07 
1190.27 8.67208e-07 
1190.28 8.66652e-07 
1190.29 8.66097e-07 
1190.3 8.65544e-07 
1190.31 8.64989e-07 
1190.32 8.64435e-07 
1190.33 8.63882e-07 
1190.34 8.6333e-07 
1190.35 8.62777e-07 
1190.36 8.62224e-07 
1190.37 8.61672e-07 
1190.38 8.61119e-07 
1190.39 8.60567e-07 
1190.4 8.60017e-07 
1190.41 8.59465e-07 
1190.42 8.58915e-07 
1190.43 8.58364e-07 
1190.44 8.57814e-07 
1190.45 8.57263e-07 
1190.46 8.56714e-07 
1190.47 8.56164e-07 
1190.48 8.55616e-07 
1190.49 8.55066e-07 
1190.5 8.54518e-07 
1190.51 8.53969e-07 
1190.52 8.53421e-07 
1190.53 8.52874e-07 
1190.54 8.52326e-07 
1190.55 8.51779e-07 
1190.56 8.51232e-07 
1190.57 8.50685e-07 
1190.58 8.50139e-07 
1190.59 8.49594e-07 
1190.6 8.49047e-07 
1190.61 8.49029e-07 
1190.62 8.48483e-07 
1190.63 8.47938e-07 
1190.64 8.47393e-07 
1190.64 8.46848e-07 
1190.65 8.46304e-07 
1190.66 8.4576e-07 
1190.67 8.45216e-07 
1190.68 8.44672e-07 
1190.69 8.44128e-07 
1190.7 8.43585e-07 
1190.71 8.43042e-07 
1190.72 8.42499e-07 
1190.73 8.41957e-07 
1190.74 8.41415e-07 
1190.75 8.40873e-07 
1190.76 8.40331e-07 
1190.77 8.3979e-07 
1190.78 8.3925e-07 
1190.79 8.38709e-07 
1190.8 8.38168e-07 
1190.81 8.37628e-07 
1190.82 8.37088e-07 
1190.83 8.36548e-07 
1190.84 8.36009e-07 
1190.85 8.3547e-07 
1190.86 8.34931e-07 
1190.87 8.34392e-07 
1190.88 8.33854e-07 
1190.89 8.33316e-07 
1190.9 8.32779e-07 
1190.91 8.32242e-07 
1190.92 8.31703e-07 
1190.93 8.31167e-07 
1190.94 8.30629e-07 
1190.95 8.30093e-07 
1190.96 8.29557e-07 
1190.97 8.29021e-07 
1190.98 8.28486e-07 
1190.99 8.27949e-07 
1191 8.27415e-07 
1191.01 8.26879e-07 
1191.02 8.26345e-07 
1191.03 8.2581e-07 
1191.04 8.25276e-07 
1191.05 8.24742e-07 
1191.06 8.24208e-07 
1191.07 8.23675e-07 
1191.07 8.23142e-07 
1191.08 8.22609e-07 
1191.09 8.22076e-07 
1191.1 8.21544e-07 
1191.11 8.21012e-07 
1191.12 8.2048e-07 
1191.13 8.19948e-07 
1191.14 8.19416e-07 
1191.15 8.18885e-07 
1191.16 8.18354e-07 
1191.17 8.17823e-07 
1191.18 8.17294e-07 
1191.19 8.16764e-07 
1191.2 8.16234e-07 
1191.21 8.15703e-07 
1191.22 8.15174e-07 
1191.23 8.14645e-07 
1191.24 8.14116e-07 
1191.25 8.13586e-07 
1191.26 8.13059e-07 
1191.27 8.1253e-07 
1191.28 8.12002e-07 
1191.29 8.11475e-07 
1191.3 8.10947e-07 
1191.31 8.1042e-07 
1191.32 8.09892e-07 
1191.33 8.09366e-07 
1191.34 8.08838e-07 
1191.35 8.08313e-07 
1191.36 8.07786e-07 
1191.37 8.0726e-07 
1191.38 8.06735e-07 
1191.39 8.06209e-07 
1191.4 8.05684e-07 
1191.41 8.05158e-07 
1191.42 8.04635e-07 
1191.43 8.0411e-07 
1191.44 8.03586e-07 
1191.45 8.03061e-07 
1191.46 8.02537e-07 
1191.47 8.02014e-07 
1191.48 8.0149e-07 
1191.49 8.00967e-07 
1191.49 8.00444e-07 
1191.5 7.99921e-07 
1191.51 7.99398e-07 
1191.52 7.98876e-07 
1191.53 7.98354e-07 
1191.54 7.97832e-07 
1191.55 7.9731e-07 
1191.56 7.96789e-07 
1191.57 7.96268e-07 
1191.58 7.95747e-07 
1191.59 7.95225e-07 
1191.6 7.95199e-07 
1191.61 7.94678e-07 
1191.62 7.94158e-07 
1191.63 7.93637e-07 
1191.64 7.93117e-07 
1191.65 7.92597e-07 
1191.66 7.92077e-07 
1191.67 7.91558e-07 
1191.68 7.91039e-07 
1191.69 7.9052e-07 
1191.7 7.9e-07 
1191.71 7.89481e-07 
1191.72 7.88963e-07 
1191.73 7.88445e-07 
1191.74 7.87926e-07 
1191.75 7.87409e-07 
1191.76 7.86891e-07 
1191.77 7.86374e-07 
1191.78 7.85856e-07 
1191.79 7.85338e-07 
1191.8 7.84822e-07 
1191.81 7.84305e-07 
1191.82 7.83787e-07 
1191.83 7.83271e-07 
1191.84 7.82755e-07 
1191.85 7.82239e-07 
1191.86 7.81723e-07 
1191.87 7.81207e-07 
1191.88 7.80692e-07 
1191.89 7.80177e-07 
1191.9 7.79661e-07 
1191.91 7.79146e-07 
1191.92 7.78631e-07 
1191.92 7.78116e-07 
1191.93 7.77602e-07 
1191.94 7.77088e-07 
1191.95 7.76573e-07 
1191.96 7.76059e-07 
1191.97 7.75545e-07 
1191.98 7.75032e-07 
1191.99 7.74518e-07 
1192 7.74005e-07 
1192.01 7.73491e-07 
1192.02 7.72979e-07 
1192.03 7.72466e-07 
1192.04 7.71954e-07 
1192.05 7.7144e-07 
1192.06 7.70929e-07 
1192.07 7.70416e-07 
1192.08 7.69903e-07 
1192.09 7.69391e-07 
1192.1 7.6888e-07 
1192.11 7.68368e-07 
1192.12 7.67857e-07 
1192.13 7.67345e-07 
1192.14 7.66834e-07 
1192.15 7.66322e-07 
1192.16 7.65811e-07 
1192.17 7.65301e-07 
1192.18 7.6479e-07 
1192.19 7.64279e-07 
1192.2 7.63768e-07 
1192.21 7.63258e-07 
1192.22 7.62748e-07 
1192.23 7.62238e-07 
1192.24 7.61728e-07 
1192.25 7.61218e-07 
1192.26 7.60708e-07 
1192.27 7.60199e-07 
1192.28 7.59689e-07 
1192.29 7.5918e-07 
1192.3 7.58671e-07 
1192.31 7.58161e-07 
1192.32 7.57652e-07 
1192.33 7.57145e-07 
1192.34 7.56636e-07 
1192.34 7.56127e-07 
1192.35 7.55618e-07 
1192.36 7.5511e-07 
1192.37 7.54601e-07 
1192.38 7.54093e-07 
1192.39 7.53585e-07 
1192.4 7.53077e-07 
1192.41 7.52569e-07 
1192.42 7.52061e-07 
1192.43 7.51553e-07 
1192.44 7.51045e-07 
1192.45 7.50538e-07 
1192.46 7.5003e-07 
1192.47 7.49523e-07 
1192.48 7.49015e-07 
1192.49 7.48508e-07 
1192.5 7.48001e-07 
1192.51 7.47494e-07 
1192.52 7.46986e-07 
1192.53 7.4648e-07 
1192.54 7.45973e-07 
1192.55 7.45466e-07 
1192.56 7.44959e-07 
1192.57 7.44452e-07 
1192.58 7.43946e-07 
1192.59 7.43439e-07 
1192.6 7.42933e-07 
1192.61 7.42886e-07 
1192.62 7.4238e-07 
1192.63 7.41873e-07 
1192.64 7.41366e-07 
1192.65 7.4086e-07 
1192.66 7.40353e-07 
1192.67 7.39847e-07 
1192.68 7.3934e-07 
1192.69 7.38834e-07 
1192.7 7.38327e-07 
1192.71 7.37821e-07 
1192.72 7.37315e-07 
1192.73 7.36808e-07 
1192.74 7.36302e-07 
1192.75 7.35796e-07 
1192.76 7.35289e-07 
1192.77 7.34784e-07 
1192.77 7.34277e-07 
1192.78 7.33771e-07 
1192.79 7.33265e-07 
1192.8 7.32759e-07 
1192.81 7.32252e-07 
1192.82 7.31746e-07 
1192.83 7.3124e-07 
1192.84 7.30734e-07 
1192.85 7.30228e-07 
1192.86 7.29722e-07 
1192.87 7.29216e-07 
1192.88 7.2871e-07 
1192.89 7.28203e-07 
1192.9 7.27698e-07 
1192.91 7.27191e-07 
1192.92 7.26685e-07 
1192.93 7.26179e-07 
1192.94 7.25672e-07 
1192.95 7.25165e-07 
1192.96 7.2466e-07 
1192.97 7.24153e-07 
1192.98 7.23647e-07 
1192.99 7.23141e-07 
1193 7.22634e-07 
1193.01 7.22128e-07 
1193.02 7.21621e-07 
1193.03 7.21115e-07 
1193.04 7.20609e-07 
1193.05 7.20102e-07 
1193.06 7.19595e-07 
1193.07 7.19089e-07 
1193.08 7.18582e-07 
1193.09 7.18074e-07 
1193.1 7.17568e-07 
1193.11 7.17061e-07 
1193.12 7.16555e-07 
1193.13 7.16047e-07 
1193.14 7.1554e-07 
1193.15 7.15032e-07 
1193.16 7.14525e-07 
1193.17 7.14017e-07 
1193.18 7.1351e-07 
1193.19 7.13003e-07 
1193.19 7.12495e-07 
1193.2 7.11987e-07 
1193.21 7.11479e-07 
1193.22 7.10971e-07 
1193.23 7.10464e-07 
1193.24 7.09956e-07 
1193.25 7.09447e-07 
1193.26 7.08939e-07 
1193.27 7.0843e-07 
1193.28 7.07922e-07 
1193.29 7.07413e-07 
1193.3 7.06905e-07 
1193.31 7.06395e-07 
1193.32 7.05886e-07 
1193.33 7.05377e-07 
1193.34 7.04867e-07 
1193.35 7.04358e-07 
1193.36 7.03848e-07 
1193.37 7.03339e-07 
1193.38 7.02829e-07 
1193.39 7.02319e-07 
1193.4 7.01809e-07 
1193.41 7.01298e-07 
1193.42 7.00788e-07 
1193.43 7.00277e-07 
1193.44 6.99766e-07 
1193.45 6.99255e-07 
1193.46 6.98744e-07 
1193.47 6.98233e-07 
1193.48 6.97721e-07 
1193.49 6.97209e-07 
1193.5 6.96698e-07 
1193.51 6.96185e-07 
1193.52 6.95673e-07 
1193.53 6.95161e-07 
1193.54 6.94648e-07 
1193.55 6.94135e-07 
1193.56 6.93622e-07 
1193.57 6.93109e-07 
1193.58 6.92596e-07 
1193.59 6.92081e-07 
1193.6 6.91568e-07 
1193.61 6.91482e-07 
1193.62 6.90967e-07 
1193.62 6.90453e-07 
1193.63 6.89938e-07 
1193.64 6.89422e-07 
1193.65 6.88907e-07 
1193.66 6.8839e-07 
1193.67 6.87875e-07 
1193.68 6.87358e-07 
1193.69 6.86842e-07 
1193.7 6.86325e-07 
1193.71 6.85808e-07 
1193.72 6.85291e-07 
1193.73 6.84773e-07 
1193.74 6.84255e-07 
1193.75 6.83737e-07 
1193.76 6.83219e-07 
1193.77 6.827e-07 
1193.78 6.82181e-07 
1193.79 6.81662e-07 
1193.8 6.81142e-07 
1193.81 6.80622e-07 
1193.82 6.80102e-07 
1193.83 6.79581e-07 
1193.84 6.79061e-07 
1193.85 6.7854e-07 
1193.86 6.78019e-07 
1193.87 6.77497e-07 
1193.88 6.76974e-07 
1193.89 6.76453e-07 
1193.9 6.7593e-07 
1193.91 6.75407e-07 
1193.92 6.74884e-07 
1193.93 6.7436e-07 
1193.94 6.73836e-07 
1193.95 6.73311e-07 
1193.96 6.72787e-07 
1193.97 6.72262e-07 
1193.98 6.71736e-07 
1193.99 6.7121e-07 
1194 6.70685e-07 
1194.01 6.70158e-07 
1194.02 6.69631e-07 
1194.03 6.69104e-07 
1194.04 6.68576e-07 
1194.05 6.68048e-07 
1194.05 6.6752e-07 
1194.06 6.66991e-07 
1194.07 6.66462e-07 
1194.08 6.65932e-07 
1194.09 6.65402e-07 
1194.1 6.64871e-07 
1194.11 6.64341e-07 
1194.12 6.63809e-07 
1194.13 6.63278e-07 
1194.14 6.62746e-07 
1194.15 6.62213e-07 
1194.16 6.6168e-07 
1194.17 6.61147e-07 
1194.18 6.60613e-07 
1194.19 6.60079e-07 
1194.2 6.59544e-07 
1194.21 6.59009e-07 
1194.22 6.58473e-07 
1194.23 6.57937e-07 
1194.24 6.574e-07 
1194.25 6.56864e-07 
1194.26 6.56326e-07 
1194.27 6.55789e-07 
1194.28 6.5525e-07 
1194.29 6.54711e-07 
1194.3 6.54171e-07 
1194.31 6.53631e-07 
1194.32 6.53091e-07 
1194.33 6.5255e-07 
1194.34 6.52009e-07 
1194.35 6.51466e-07 
1194.36 6.50924e-07 
1194.37 6.50381e-07 
1194.38 6.49837e-07 
1194.39 6.49293e-07 
1194.4 6.48749e-07 
1194.41 6.48203e-07 
1194.42 6.47658e-07 
1194.43 6.47111e-07 
1194.44 6.46565e-07 
1194.45 6.46017e-07 
1194.46 6.4547e-07 
1194.47 6.44921e-07 
1194.47 6.44372e-07 
1194.48 6.43822e-07 
1194.49 6.43272e-07 
1194.5 6.42721e-07 
1194.51 6.4217e-07 
1194.52 6.41618e-07 
1194.53 6.41065e-07 
1194.54 6.40512e-07 
1194.55 6.39958e-07 
1194.56 6.39404e-07 
1194.57 6.38848e-07 
1194.58 6.38293e-07 
1194.59 6.37737e-07 
1194.6 6.3718e-07 
1194.61 6.37016e-07 
1194.62 6.36458e-07 
1194.63 6.35899e-07 
1194.64 6.35339e-07 
1194.65 6.34779e-07 
1194.66 6.34218e-07 
1194.67 6.33655e-07 
1194.68 6.33093e-07 
1194.69 6.3253e-07 
1194.7 6.31967e-07 
1194.71 6.31402e-07 
1194.72 6.30837e-07 
1194.73 6.30271e-07 
1194.74 6.29703e-07 
1194.75 6.29137e-07 
1194.76 6.28569e-07 
1194.77 6.28e-07 
1194.78 6.27431e-07 
1194.79 6.26861e-07 
1194.8 6.2629e-07 
1194.81 6.25718e-07 
1194.82 6.25146e-07 
1194.83 6.24572e-07 
1194.84 6.23999e-07 
1194.85 6.23425e-07 
1194.86 6.2285e-07 
1194.87 6.22273e-07 
1194.88 6.21697e-07 
1194.89 6.21118e-07 
1194.9 6.2054e-07 
1194.9 6.19961e-07 
1194.91 6.19381e-07 
1194.92 6.188e-07 
1194.93 6.18218e-07 
1194.94 6.17637e-07 
1194.95 6.17054e-07 
1194.96 6.16469e-07 
1194.97 6.15885e-07 
1194.98 6.15299e-07 
1194.99 6.14713e-07 
1195 6.14126e-07 
1195.01 6.13538e-07 
1195.02 6.12949e-07 
1195.03 6.1236e-07 
1195.04 6.11769e-07 
1195.05 6.11178e-07 
1195.06 6.10585e-07 
1195.07 6.09993e-07 
1195.08 6.09399e-07 
1195.09 6.08804e-07 
1195.1 6.08208e-07 
1195.11 6.07612e-07 
1195.12 6.07014e-07 
1195.13 6.06416e-07 
1195.14 6.05817e-07 
1195.15 6.05217e-07 
1195.16 6.04615e-07 
1195.17 6.04013e-07 
1195.18 6.03411e-07 
1195.19 6.02807e-07 
1195.2 6.02203e-07 
1195.21 6.01597e-07 
1195.22 6.0099e-07 
1195.23 6.00383e-07 
1195.24 5.99774e-07 
1195.25 5.99165e-07 
1195.26 5.98555e-07 
1195.27 5.97943e-07 
1195.28 5.97332e-07 
1195.29 5.96718e-07 
1195.3 5.96104e-07 
1195.31 5.9549e-07 
1195.32 5.94873e-07 
1195.32 5.94257e-07 
1195.33 5.93639e-07 
1195.34 5.9302e-07 
1195.35 5.924e-07 
1195.36 5.91779e-07 
1195.37 5.91158e-07 
1195.38 5.90535e-07 
1195.39 5.89911e-07 
1195.4 5.89286e-07 
1195.41 5.8866e-07 
1195.42 5.88034e-07 
1195.43 5.87406e-07 
1195.44 5.86777e-07 
1195.45 5.86148e-07 
1195.46 5.85517e-07 
1195.47 5.84886e-07 
1195.48 5.84253e-07 
1195.49 5.83619e-07 
1195.5 5.82985e-07 
1195.51 5.8235e-07 
1195.52 5.81713e-07 
1195.53 5.81075e-07 
1195.54 5.80438e-07 
1195.55 5.79798e-07 
1195.56 5.79158e-07 
1195.57 5.78517e-07 
1195.58 5.77875e-07 
1195.59 5.77232e-07 
1195.6 5.76589e-07 
1195.61 5.763e-07 
1195.62 5.75655e-07 
1195.63 5.75009e-07 
1195.64 5.74361e-07 
1195.65 5.73713e-07 
1195.66 5.73064e-07 
1195.67 5.72414e-07 
1195.68 5.71764e-07 
1195.69 5.71113e-07 
1195.7 5.70461e-07 
1195.71 5.69809e-07 
1195.72 5.69156e-07 
1195.73 5.68502e-07 
1195.74 5.67849e-07 
1195.75 5.67195e-07 
1195.75 5.6654e-07 
1195.76 5.65885e-07 
1195.77 5.65231e-07 
1195.78 5.64575e-07 
1195.79 5.6392e-07 
1195.8 5.63265e-07 
1195.81 5.6261e-07 
1195.82 5.61955e-07 
1195.83 5.613e-07 
1195.84 5.60646e-07 
1195.85 5.59992e-07 
1195.86 5.59338e-07 
1195.87 5.58686e-07 
1195.88 5.58034e-07 
1195.89 5.57384e-07 
1195.9 5.56735e-07 
1195.91 5.56086e-07 
1195.92 5.55439e-07 
1195.93 5.54794e-07 
1195.94 5.54151e-07 
1195.95 5.5351e-07 
1195.96 5.52871e-07 
1195.97 5.52235e-07 
1195.98 5.51602e-07 
1195.99 5.50971e-07 
1196 5.50344e-07 
1196.01 5.4972e-07 
1196.02 5.491e-07 
1196.03 5.48485e-07 
1196.04 5.47874e-07 
1196.05 5.47268e-07 
1196.06 5.46667e-07 
1196.07 5.46071e-07 
1196.08 5.45483e-07 
1196.09 5.449e-07 
1196.1 5.44324e-07 
1196.11 5.43756e-07 
1196.12 5.43195e-07 
1196.13 5.42644e-07 
1196.14 5.42101e-07 
1196.15 5.41568e-07 
1196.16 5.41045e-07 
1196.17 5.40534e-07 
1196.17 5.40034e-07 
1196.18 5.39546e-07 
1196.19 5.39071e-07 
1196.2 5.3861e-07 
1196.21 5.38164e-07 
1196.22 5.37737e-07 
1196.23 5.37322e-07 
1196.24 5.36926e-07 
1196.25 5.36547e-07 
1196.26 5.36187e-07 
1196.27 5.35848e-07 
1196.28 5.3553e-07 
1196.29 5.35235e-07 
1196.3 5.34963e-07 
1196.31 5.34716e-07 
1196.32 5.34496e-07 
1196.33 5.34303e-07 
1196.34 5.34139e-07 
1196.35 5.34004e-07 
1196.36 5.33902e-07 
1196.37 5.33832e-07 
1196.38 5.33797e-07 
1196.39 5.33798e-07 
1196.4 5.33838e-07 
1196.41 5.33917e-07 
1196.42 5.34037e-07 
1196.43 5.34201e-07 
1196.44 5.3441e-07 
1196.45 5.34665e-07 
1196.46 5.34969e-07 
1196.47 5.35324e-07 
1196.48 5.35748e-07 
1196.49 5.36212e-07 
1196.5 5.36733e-07 
1196.51 5.37315e-07 
1196.52 5.37957e-07 
1196.53 5.38664e-07 
1196.54 5.39438e-07 
1196.55 5.40281e-07 
1196.56 5.41194e-07 
1196.57 5.42183e-07 
1196.58 5.43248e-07 
1196.59 5.44392e-07 
1196.6 5.45617e-07 
1196.6 5.47265e-07 
1196.61 5.48663e-07 
1196.62 5.50152e-07 
1196.63 5.51733e-07 
1196.64 5.53409e-07 
1196.65 5.55184e-07 
1196.66 5.57061e-07 
1196.67 5.59042e-07 
1196.68 5.6113e-07 
1196.69 5.63328e-07 
1196.7 5.6564e-07 
1196.71 5.68068e-07 
1196.72 5.70614e-07 
1196.73 5.73327e-07 
1196.74 5.76121e-07 
1196.75 5.79044e-07 
1196.76 5.82097e-07 
1196.77 5.85284e-07 
1196.78 5.88608e-07 
1196.79 5.9207e-07 
1196.8 5.95675e-07 
1196.81 5.99424e-07 
1196.82 6.03321e-07 
1196.83 6.07368e-07 
1196.84 6.11567e-07 
1196.85 6.15921e-07 
1196.86 6.20433e-07 
1196.87 6.25105e-07 
1196.88 6.29939e-07 
1196.89 6.34937e-07 
1196.9 6.401e-07 
1196.91 6.45433e-07 
1196.92 6.50934e-07 
1196.93 6.56607e-07 
1196.94 6.62454e-07 
1196.95 6.68475e-07 
1196.96 6.74671e-07 
1196.97 6.81044e-07 
1196.98 6.87688e-07 
1196.99 6.94418e-07 
1197 7.01329e-07 
1197.01 7.08417e-07 
1197.02 7.15685e-07 
1197.03 7.23132e-07 
1197.03 7.30759e-07 
1197.04 7.38564e-07 
1197.05 7.46546e-07 
1197.06 7.54706e-07 
1197.07 7.63041e-07 
1197.08 7.71551e-07 
1197.09 7.80233e-07 
1197.1 7.89087e-07 
1197.11 7.98109e-07 
1197.12 8.07297e-07 
1197.13 8.16649e-07 
1197.14 8.26162e-07 
1197.15 8.35832e-07 
1197.16 8.45656e-07 
1197.17 8.55631e-07 
1197.18 8.65752e-07 
1197.19 8.76014e-07 
1197.2 8.86415e-07 
1197.21 8.96947e-07 
1197.22 9.07607e-07 
1197.23 9.18536e-07 
1197.24 9.29436e-07 
1197.25 9.40445e-07 
1197.26 9.51559e-07 
1197.27 9.62771e-07 
1197.28 9.74072e-07 
1197.29 9.85457e-07 
1197.3 9.96918e-07 
1197.31 1.00845e-06 
1197.32 1.02004e-06 
1197.33 1.03168e-06 
1197.34 1.04337e-06 
1197.35 1.05509e-06 
1197.36 1.06685e-06 
1197.37 1.07861e-06 
1197.38 1.09039e-06 
1197.39 1.10217e-06 
1197.4 1.11394e-06 
1197.41 1.12569e-06 
1197.42 1.13741e-06 
1197.43 1.14909e-06 
1197.44 1.16072e-06 
1197.45 1.17229e-06 
1197.45 1.18379e-06 
1197.46 1.19521e-06 
1197.47 1.20654e-06 
1197.48 1.21792e-06 
1197.49 1.22903e-06 
1197.5 1.24002e-06 
1197.51 1.25088e-06 
1197.52 1.26159e-06 
1197.53 1.27215e-06 
1197.54 1.28255e-06 
1197.55 1.29276e-06 
1197.56 1.3028e-06 
1197.57 1.31263e-06 
1197.58 1.32226e-06 
1197.59 1.33167e-06 
1197.6 1.34086e-06 
1197.61 1.35064e-06 
1197.62 1.35935e-06 
1197.63 1.3678e-06 
1197.64 1.37599e-06 
1197.65 1.3839e-06 
1197.66 1.39154e-06 
1197.67 1.39888e-06 
1197.68 1.40592e-06 
1197.69 1.41266e-06 
1197.7 1.41908e-06 
1197.71 1.42518e-06 
1197.72 1.43095e-06 
1197.73 1.43647e-06 
1197.74 1.44156e-06 
1197.75 1.44631e-06 
1197.76 1.4507e-06 
1197.77 1.45474e-06 
1197.78 1.45842e-06 
1197.79 1.46173e-06 
1197.8 1.46468e-06 
1197.81 1.46725e-06 
1197.82 1.46946e-06 
1197.83 1.47128e-06 
1197.84 1.47273e-06 
1197.85 1.4738e-06 
1197.86 1.47449e-06 
1197.87 1.4748e-06 
1197.88 1.47474e-06 
1197.88 1.4743e-06 
1197.89 1.47348e-06 
1197.9 1.47228e-06 
1197.91 1.47072e-06 
1197.92 1.46879e-06 
1197.93 1.46649e-06 
1197.94 1.46383e-06 
1197.95 1.46082e-06 
1197.96 1.45746e-06 
1197.97 1.45375e-06 
1197.98 1.44966e-06 
1197.99 1.44527e-06 
1198 1.44056e-06 
1198.01 1.43554e-06 
1198.02 1.4302e-06 
1198.03 1.42457e-06 
1198.04 1.41864e-06 
1198.05 1.41243e-06 
1198.06 1.40595e-06 
1198.07 1.39921e-06 
1198.08 1.39222e-06 
1198.09 1.38499e-06 
1198.1 1.37754e-06 
1198.11 1.36986e-06 
1198.12 1.36199e-06 
1198.13 1.35393e-06 
1198.14 1.34569e-06 
1198.15 1.33728e-06 
1198.16 1.32873e-06 
1198.17 1.32004e-06 
1198.18 1.31123e-06 
1198.19 1.30232e-06 
1198.2 1.29331e-06 
1198.21 1.28423e-06 
1198.22 1.27509e-06 
1198.23 1.2658e-06 
1198.24 1.25659e-06 
1198.25 1.24736e-06 
1198.26 1.23813e-06 
1198.27 1.22892e-06 
1198.28 1.21975e-06 
1198.29 1.21063e-06 
1198.3 1.20158e-06 
1198.3 1.19261e-06 
1198.31 1.18375e-06 
1198.32 1.175e-06 
1198.33 1.16638e-06 
1198.34 1.15792e-06 
1198.35 1.14963e-06 
1198.36 1.14152e-06 
1198.37 1.13361e-06 
1198.38 1.12591e-06 
1198.39 1.11845e-06 
1198.4 1.11124e-06 
1198.41 1.10429e-06 
1198.42 1.09763e-06 
1198.43 1.09125e-06 
1198.44 1.0852e-06 
1198.45 1.07947e-06 
1198.46 1.07407e-06 
1198.47 1.06904e-06 
1198.48 1.06433e-06 
1198.49 1.06006e-06 
1198.5 1.05619e-06 
1198.51 1.05273e-06 
1198.52 1.0497e-06 
1198.53 1.0471e-06 
1198.54 1.04496e-06 
1198.55 1.04328e-06 
1198.56 1.04208e-06 
1198.57 1.04137e-06 
1198.58 1.04115e-06 
1198.59 1.04144e-06 
1198.6 1.04226e-06 
1198.61 1.04425e-06 
1198.62 1.04613e-06 
1198.63 1.04856e-06 
1198.64 1.05155e-06 
1198.65 1.0551e-06 
1198.66 1.05922e-06 
1198.67 1.06393e-06 
1198.68 1.06921e-06 
1198.69 1.07509e-06 
1198.7 1.08157e-06 
1198.71 1.08864e-06 
1198.72 1.09632e-06 
1198.73 1.10473e-06 
1198.73 1.11364e-06 
1198.74 1.12316e-06 
1198.75 1.1333e-06 
1198.76 1.14406e-06 
1198.77 1.15543e-06 
1198.78 1.16742e-06 
1198.79 1.18002e-06 
1198.8 1.19324e-06 
1198.81 1.20707e-06 
1198.82 1.22151e-06 
1198.83 1.23656e-06 
1198.84 1.25221e-06 
1198.85 1.26846e-06 
1198.86 1.28529e-06 
1198.87 1.30272e-06 
1198.88 1.32072e-06 
1198.89 1.33929e-06 
1198.9 1.35843e-06 
1198.91 1.37812e-06 
1198.92 1.39835e-06 
1198.93 1.41911e-06 
1198.94 1.4404e-06 
1198.95 1.4622e-06 
1198.96 1.48449e-06 
1198.97 1.50727e-06 
1198.98 1.53082e-06 
1198.99 1.55453e-06 
1199 1.57868e-06 
1199.01 1.60326e-06 
1199.02 1.62824e-06 
1199.03 1.65361e-06 
1199.04 1.67935e-06 
1199.05 1.70545e-06 
1199.06 1.73189e-06 
1199.07 1.75863e-06 
1199.08 1.78568e-06 
1199.09 1.81299e-06 
1199.1 1.84056e-06 
1199.11 1.86836e-06 
1199.12 1.89636e-06 
1199.13 1.92455e-06 
1199.14 1.9529e-06 
1199.15 1.98139e-06 
1199.15 2.00999e-06 
1199.16 2.03868e-06 
1199.17 2.06744e-06 
1199.18 2.09622e-06 
1199.19 2.12502e-06 
1199.2 2.15381e-06 
1199.21 2.18256e-06 
1199.22 2.2116e-06 
1199.23 2.24019e-06 
1199.24 2.26865e-06 
1199.25 2.29696e-06 
1199.26 2.32509e-06 
1199.27 2.35303e-06 
1199.28 2.38073e-06 
1199.29 2.40817e-06 
1199.3 2.43533e-06 
1199.31 2.46217e-06 
1199.32 2.48868e-06 
1199.33 2.51482e-06 
1199.34 2.54056e-06 
1199.35 2.56589e-06 
1199.36 2.59077e-06 
1199.37 2.61518e-06 
1199.38 2.63908e-06 
1199.39 2.66246e-06 
1199.4 2.6853e-06 
1199.41 2.70757e-06 
1199.42 2.72923e-06 
1199.43 2.75027e-06 
1199.44 2.77067e-06 
1199.45 2.79041e-06 
1199.46 2.80946e-06 
1199.47 2.82779e-06 
1199.48 2.84563e-06 
1199.49 2.86247e-06 
1199.5 2.87855e-06 
1199.51 2.89384e-06 
1199.52 2.90833e-06 
1199.53 2.922e-06 
1199.54 2.93483e-06 
1199.55 2.94681e-06 
1199.56 2.95792e-06 
1199.57 2.96815e-06 
1199.58 2.97749e-06 
1199.58 2.98594e-06 
1199.59 2.99347e-06 
1199.6 3.00007e-06 
1199.61 3.00761e-06 
1199.62 3.01235e-06 
1199.63 3.01615e-06 
1199.64 3.019e-06 
1199.65 3.0209e-06 
1199.66 3.02185e-06 
1199.67 3.02183e-06 
1199.68 3.02086e-06 
1199.69 3.01893e-06 
1199.7 3.01604e-06 
1199.71 3.01221e-06 
1199.72 3.00741e-06 
1199.73 3.00161e-06 
1199.74 2.99492e-06 
1199.75 2.98729e-06 
1199.76 2.97874e-06 
1199.77 2.96928e-06 
1199.78 2.9589e-06 
1199.79 2.94763e-06 
1199.8 2.93547e-06 
1199.81 2.92243e-06 
1199.82 2.90853e-06 
1199.83 2.89379e-06 
1199.84 2.87822e-06 
1199.85 2.86184e-06 
1199.86 2.84465e-06 
1199.87 2.82669e-06 
1199.88 2.80796e-06 
1199.89 2.78848e-06 
1199.9 2.76829e-06 
1199.91 2.74739e-06 
1199.92 2.72581e-06 
1199.93 2.70357e-06 
1199.94 2.68069e-06 
1199.95 2.65719e-06 
1199.96 2.6331e-06 
1199.97 2.60843e-06 
1199.98 2.58292e-06 
1199.99 2.55719e-06 
1200 2.53095e-06 
1200.01 2.50425e-06 
1200.01 2.4771e-06 
1200.02 2.44953e-06 
1200.03 2.42156e-06 
1200.04 2.39323e-06 
1200.05 2.36454e-06 
1200.06 2.33554e-06 
1200.07 2.30625e-06 
1200.08 2.27668e-06 
1200.09 2.24688e-06 
1200.1 2.21686e-06 
1200.11 2.18665e-06 
1200.12 2.15627e-06 
1200.13 2.12575e-06 
1200.14 2.09511e-06 
1200.15 2.06438e-06 
1200.16 2.03359e-06 
1200.17 2.00275e-06 
1200.18 1.97189e-06 
1200.19 1.94103e-06 
1200.2 1.9102e-06 
1200.21 1.87941e-06 
1200.22 1.84869e-06 
1200.23 1.81769e-06 
1200.24 1.78718e-06 
1200.25 1.75679e-06 
1200.26 1.72656e-06 
1200.27 1.6965e-06 
1200.28 1.66662e-06 
1200.29 1.63695e-06 
1200.3 1.6075e-06 
1200.31 1.57828e-06 
1200.32 1.54933e-06 
1200.33 1.52064e-06 
1200.34 1.49224e-06 
1200.35 1.46413e-06 
1200.36 1.43633e-06 
1200.37 1.40886e-06 
1200.38 1.38172e-06 
1200.39 1.35493e-06 
1200.4 1.32849e-06 
1200.41 1.30242e-06 
1200.42 1.27672e-06 
1200.43 1.25141e-06 
1200.43 1.22648e-06 
1200.44 1.20195e-06 
1200.45 1.17783e-06 
1200.46 1.15411e-06 
1200.47 1.1308e-06 
1200.48 1.10764e-06 
1200.49 1.08517e-06 
1200.5 1.06314e-06 
1200.51 1.04152e-06 
1200.52 1.02034e-06 
1200.53 9.9958e-07 
1200.54 9.79255e-07 
1200.55 9.59359e-07 
1200.56 9.39892e-07 
1200.57 9.20855e-07 
1200.58 9.02244e-07 
1200.59 8.84059e-07 
1200.6 8.66298e-07 
1200.61 8.49482e-07 
1200.62 8.32549e-07 
1200.63 8.16031e-07 
1200.64 7.99924e-07 
1200.65 7.84224e-07 
1200.66 7.68928e-07 
1200.67 7.5403e-07 
1200.68 7.39525e-07 
1200.69 7.2541e-07 
1200.7 7.11677e-07 
1200.71 6.98323e-07 
1200.72 6.85341e-07 
1200.73 6.72581e-07 
1200.74 6.60333e-07 
1200.75 6.4844e-07 
1200.76 6.36897e-07 
1200.77 6.25698e-07 
1200.78 6.14837e-07 
1200.79 6.04308e-07 
1200.8 5.94106e-07 
1200.81 5.84226e-07 
1200.82 5.7466e-07 
1200.83 5.65404e-07 
1200.84 5.56452e-07 
1200.85 5.478e-07 
1200.85 5.39441e-07 
1200.86 5.31373e-07 
1200.87 5.23588e-07 
1200.88 5.16084e-07 
1200.89 5.08856e-07 
1200.9 5.019e-07 
1200.91 4.95213e-07 
1200.92 4.88791e-07 
1200.93 4.82632e-07 
1200.94 4.76731e-07 
1200.95 4.71088e-07 
1200.96 4.65699e-07 
1200.97 4.60564e-07 
1200.98 4.55631e-07 
1200.99 4.51001e-07 
1201 4.46623e-07 
1201.01 4.42495e-07 
1201.02 4.38617e-07 
1201.03 4.34989e-07 
1201.04 4.31615e-07 
1201.05 4.28493e-07 
1201.06 4.25627e-07 
1201.07 4.23019e-07 
1201.08 4.20671e-07 
1201.09 4.18587e-07 
1201.1 4.16769e-07 
1201.11 4.15222e-07 
1201.12 4.13951e-07 
1201.13 4.12961e-07 
1201.14 4.12255e-07 
1201.15 4.11841e-07 
1201.16 4.11723e-07 
1201.17 4.1191e-07 
1201.18 4.12407e-07 
1201.19 4.13221e-07 
1201.2 4.1436e-07 
1201.21 4.15833e-07 
1201.22 4.17647e-07 
1201.23 4.1985e-07 
1201.24 4.22379e-07 
1201.25 4.25276e-07 
1201.26 4.28551e-07 
1201.27 4.32214e-07 
1201.28 4.36276e-07 
1201.28 4.40747e-07 
1201.29 4.45638e-07 
1201.3 4.50959e-07 
1201.31 4.56722e-07 
1201.32 4.62938e-07 
1201.33 4.69619e-07 
1201.34 4.76777e-07 
1201.35 4.84423e-07 
1201.36 4.92569e-07 
1201.37 5.01227e-07 
1201.38 5.10409e-07 
1201.39 5.20128e-07 
1201.4 5.30395e-07 
1201.41 5.41222e-07 
1201.42 5.52622e-07 
1201.43 5.64606e-07 
1201.44 5.77187e-07 
1201.45 5.90376e-07 
1201.46 6.04184e-07 
1201.47 6.18624e-07 
1201.48 6.33908e-07 
1201.49 6.4965e-07 
1201.5 6.66057e-07 
1201.51 6.83138e-07 
1201.52 7.00904e-07 
1201.53 7.19361e-07 
1201.54 7.38524e-07 
1201.55 7.58397e-07 
1201.56 7.7899e-07 
1201.57 8.00312e-07 
1201.58 8.22367e-07 
1201.59 8.45165e-07 
1201.6 8.68709e-07 
1201.61 8.93558e-07 
1201.62 9.18628e-07 
1201.63 9.44463e-07 
1201.64 9.71061e-07 
1201.65 9.98428e-07 
1201.66 1.02656e-06 
1201.67 1.05547e-06 
1201.68 1.08515e-06 
1201.69 1.1156e-06 
1201.7 1.14681e-06 
1201.7 1.17879e-06 
1201.71 1.21153e-06 
1201.72 1.24546e-06 
1201.73 1.27972e-06 
1201.74 1.31473e-06 
1201.75 1.35047e-06 
1201.76 1.38693e-06 
1201.77 1.42412e-06 
1201.78 1.46201e-06 
1201.79 1.50059e-06 
1201.8 1.53986e-06 
1201.81 1.57979e-06 
1201.82 1.62037e-06 
1201.83 1.66159e-06 
1201.84 1.70342e-06 
1201.85 1.74584e-06 
1201.86 1.78884e-06 
1201.87 1.8324e-06 
1201.88 1.87648e-06 
1201.89 1.92107e-06 
1201.9 1.96615e-06 
1201.91 2.01168e-06 
1201.92 2.05763e-06 
1201.93 2.10399e-06 
1201.94 2.15071e-06 
1201.95 2.19777e-06 
1201.96 2.24514e-06 
1201.97 2.29278e-06 
1201.98 2.34127e-06 
1201.99 2.38936e-06 
1202 2.43761e-06 
1202.01 2.486e-06 
1202.02 2.53448e-06 
1202.03 2.58301e-06 
1202.04 2.63156e-06 
1202.05 2.68008e-06 
1202.06 2.72854e-06 
1202.07 2.77689e-06 
1202.08 2.82509e-06 
1202.09 2.8731e-06 
1202.1 2.92087e-06 
1202.11 2.96836e-06 
1202.12 3.01554e-06 
1202.13 3.06234e-06 
1202.13 3.10874e-06 
1202.14 3.15468e-06 
1202.15 3.20011e-06 
1202.16 3.24501e-06 
1202.17 3.28931e-06 
1202.18 3.33297e-06 
1202.19 3.37596e-06 
1202.2 3.41822e-06 
1202.21 3.45972e-06 
1202.22 3.50091e-06 
1202.23 3.54074e-06 
1202.24 3.57966e-06 
1202.25 3.61764e-06 
1202.26 3.65464e-06 
1202.27 3.69063e-06 
1202.28 3.72555e-06 
1202.29 3.75937e-06 
1202.3 3.79206e-06 
1202.31 3.82357e-06 
1202.32 3.85387e-06 
1202.33 3.88293e-06 
1202.34 3.91071e-06 
1202.35 3.93718e-06 
1202.36 3.96232e-06 
1202.37 3.98608e-06 
1202.38 4.00844e-06 
1202.39 4.02938e-06 
1202.4 4.04887e-06 
1202.41 4.06689e-06 
1202.42 4.08341e-06 
1202.43 4.09843e-06 
1202.44 4.11191e-06 
1202.45 4.12384e-06 
1202.46 4.13421e-06 
1202.47 4.143e-06 
1202.48 4.1503e-06 
1202.49 4.15589e-06 
1202.5 4.15988e-06 
1202.51 4.16226e-06 
1202.52 4.16302e-06 
1202.53 4.16218e-06 
1202.54 4.15972e-06 
1202.55 4.15565e-06 
1202.56 4.14998e-06 
1202.56 4.1427e-06 
1202.57 4.13383e-06 
1202.58 4.12338e-06 
1202.59 4.11135e-06 
1202.6 4.09778e-06 
1202.61 4.08517e-06 
1202.62 4.06851e-06 
1202.63 4.05034e-06 
1202.64 4.03069e-06 
1202.65 4.00957e-06 
1202.66 3.98701e-06 
1202.67 3.96303e-06 
1202.68 3.93767e-06 
1202.69 3.91094e-06 
1202.7 3.88289e-06 
1202.71 3.85353e-06 
1202.72 3.8229e-06 
1202.73 3.79064e-06 
1202.74 3.75757e-06 
1202.75 3.72334e-06 
1202.76 3.68797e-06 
1202.77 3.65152e-06 
1202.78 3.61402e-06 
1202.79 3.57552e-06 
1202.8 3.53604e-06 
1202.81 3.49564e-06 
1202.82 3.45435e-06 
1202.83 3.41221e-06 
1202.84 3.36927e-06 
1202.85 3.32558e-06 
1202.86 3.28117e-06 
1202.87 3.2361e-06 
1202.88 3.19039e-06 
1202.89 3.14411e-06 
1202.9 3.09728e-06 
1202.91 3.04996e-06 
1202.92 3.0022e-06 
1202.93 2.95402e-06 
1202.94 2.90549e-06 
1202.95 2.85664e-06 
1202.96 2.80751e-06 
1202.97 2.75815e-06 
1202.98 2.7086e-06 
1202.98 2.65829e-06 
1202.99 2.60848e-06 
1203 2.5586e-06 
1203.01 2.5087e-06 
1203.02 2.45881e-06 
1203.03 2.40897e-06 
1203.04 2.35923e-06 
1203.05 2.3096e-06 
1203.06 2.26014e-06 
1203.07 2.21088e-06 
1203.08 2.16184e-06 
1203.09 2.11306e-06 
1203.1 2.06457e-06 
1203.11 2.01641e-06 
1203.12 1.96861e-06 
1203.13 1.92119e-06 
1203.14 1.87417e-06 
1203.15 1.8276e-06 
1203.16 1.78148e-06 
1203.17 1.73585e-06 
1203.18 1.69073e-06 
1203.19 1.64613e-06 
1203.2 1.60209e-06 
1203.21 1.55861e-06 
1203.22 1.51573e-06 
1203.23 1.47292e-06 
1203.24 1.43126e-06 
1203.25 1.39024e-06 
1203.26 1.34987e-06 
1203.27 1.31015e-06 
1203.28 1.27111e-06 
1203.29 1.23275e-06 
1203.3 1.19508e-06 
1203.31 1.15811e-06 
1203.32 1.12184e-06 
1203.33 1.08628e-06 
1203.34 1.05144e-06 
1203.35 1.01732e-06 
1203.36 9.83921e-07 
1203.37 9.51248e-07 
1203.38 9.19299e-07 
1203.39 8.88076e-07 
1203.4 8.57579e-07 
1203.41 8.27804e-07 
1203.41 7.98751e-07 
1203.42 7.70416e-07 
1203.43 7.42797e-07 
1203.44 7.15887e-07 
1203.45 6.89682e-07 
1203.46 6.64177e-07 
1203.47 6.39364e-07 
1203.48 6.14942e-07 
1203.49 5.91503e-07 
1203.5 5.68735e-07 
1203.51 5.4663e-07 
1203.52 5.25179e-07 
1203.53 5.04372e-07 
1203.54 4.842e-07 
1203.55 4.64652e-07 
1203.56 4.45721e-07 
1203.57 4.27392e-07 
1203.58 4.09657e-07 
1203.59 3.92506e-07 
1203.6 3.75924e-07 
1203.61 3.60125e-07 
1203.62 3.44641e-07 
1203.63 3.29695e-07 
1203.64 3.15274e-07 
1203.65 3.01365e-07 
1203.66 2.87958e-07 
1203.67 2.75039e-07 
1203.68 2.62597e-07 
1203.69 2.5062e-07 
1203.7 2.39096e-07 
1203.71 2.28012e-07 
1203.72 2.17357e-07 
1203.73 2.06994e-07 
1203.74 1.97166e-07 
1203.75 1.87731e-07 
1203.76 1.78678e-07 
1203.77 1.69995e-07 
1203.78 1.6167e-07 
1203.79 1.53693e-07 
1203.8 1.46053e-07 
1203.81 1.38738e-07 
1203.82 1.31738e-07 
1203.83 1.25042e-07 
1203.83 1.1864e-07 
1203.84 1.12522e-07 
1203.85 1.06677e-07 
1203.86 1.01097e-07 
1203.87 9.57711e-08 
1203.88 9.06903e-08 
1203.89 8.58453e-08 
1203.9 8.12275e-08 
1203.91 7.6828e-08 
1203.92 7.26384e-08 
1203.93 6.86503e-08 
1203.94 6.48559e-08 
1203.95 6.12472e-08 
1203.96 5.78167e-08 
1203.97 5.45569e-08 
1203.98 5.14232e-08 
1203.99 4.84858e-08 
1204 4.56982e-08 
1204.01 4.30541e-08 
1204.02 4.05471e-08 
1204.03 3.81712e-08 
1204.04 3.59204e-08 
1204.05 3.37891e-08 
1204.06 3.17719e-08 
1204.07 2.98634e-08 
1204.08 2.80585e-08 
1204.09 2.63525e-08 
1204.1 2.47404e-08 
1204.11 2.32179e-08 
1204.12 2.17806e-08 
1204.13 2.04243e-08 
1204.14 1.91449e-08 
1204.15 1.79387e-08 
1204.16 1.68018e-08 
1204.17 1.57309e-08 
1204.18 1.47225e-08 
1204.19 1.37733e-08 
1204.2 1.28803e-08 
1204.21 1.20404e-08 
1204.22 1.1251e-08 
1204.23 1.05002e-08 
1204.24 9.80396e-09 
1204.25 9.15034e-09 
1204.26 8.53695e-09 
1204.26 7.96156e-09 
1204.27 7.42206e-09 
1204.28 6.91641e-09 
1204.29 6.44268e-09 
1204.3 5.99905e-09 
1204.31 5.58379e-09 
1204.32 5.19523e-09 
1204.33 4.83183e-09 
1204.34 4.49209e-09 
1204.35 4.1746e-09 
1204.36 3.87803e-09 
1204.37 3.60113e-09 
1204.38 3.34268e-09 
1204.39 3.10157e-09 
1204.4 2.87673e-09 
1204.41 2.66714e-09 
1204.42 2.47186e-09 
1204.43 2.28998e-09 
1204.44 2.12065e-09 
1204.45 1.96307e-09 
1204.46 1.81649e-09 
1204.47 1.6802e-09 
1204.48 1.552e-09 
1204.49 1.43443e-09 
1204.5 1.32524e-09 
1204.51 1.22388e-09 
1204.52 1.12984e-09 
1204.53 1.04261e-09 
1204.54 9.61742e-10 
1204.55 8.86798e-10 
1204.56 8.17375e-10 
1204.57 7.53092e-10 
1204.58 6.93592e-10 
1204.59 6.38544e-10 
1204.6 5.87635e-10 
1204.61 5.40574e-10 
1204.62 4.97392e-10 
1204.63 4.57199e-10 
1204.64 4.2009e-10 
1204.65 3.85842e-10 
1204.66 3.54248e-10 
1204.67 3.25113e-10 
1204.68 2.98258e-10 
1204.68 2.73514e-10 
1204.69 2.50725e-10 
1204.7 2.29744e-10 
1204.71 2.10437e-10 
1204.72 1.92465e-10 
1204.73 1.76152e-10 
1204.74 1.61158e-10 
1204.75 1.47383e-10 
1204.76 1.34733e-10 
1204.77 1.23121e-10 
1204.78 1.12465e-10 
1204.79 1.02691e-10 
1204.8 9.37303e-11 
1204.81 8.55179e-11 
1204.82 7.79944e-11 
1204.83 7.1105e-11 
1204.84 6.47988e-11 
1204.85 5.90288e-11 
1204.86 5.37515e-11 
1204.87 4.89269e-11 
1204.88 4.45179e-11 
1204.89 4.04904e-11 
1204.9 3.68128e-11 
1204.91 3.34562e-11 
1204.92 3.03938e-11 
1204.93 2.76008e-11 
1204.94 2.50547e-11 
1204.95 2.27346e-11 
1204.96 2.06213e-11 
1204.97 1.8697e-11 
1204.98 1.69249e-11 
1204.99 1.53335e-11 
1205 1.38863e-11 
1205.01 1.25708e-11 
1205.02 1.13755e-11 
1205.03 1.02898e-11 
1205.04 9.30407e-12 
1205.05 8.40949e-12 
1205.06 7.59795e-12 
1205.07 6.86203e-12 
1205.08 6.19497e-12 
1205.09 5.59057e-12 
1205.1 5.04316e-12 
1205.11 4.54758e-12 
1205.11 4.09909e-12 
1205.12 3.69338e-12 
1205.13 3.32653e-12 
1205.14 2.99495e-12 
1205.15 2.69536e-12 
1205.16 2.42479e-12 
1205.17 2.18053e-12 
1205.18 1.9601e-12 
1205.19 1.76127e-12 
1205.2 1.58199e-12 
1205.21 1.4204e-12 
1205.22 1.27319e-12 
1205.23 1.14216e-12 
1205.24 1.02429e-12 
1205.25 9.18227e-13 
1205.26 8.22823e-13 
1205.27 7.37043e-13 
1205.28 6.59947e-13 
1205.29 5.90684e-13 
1205.3 5.28484e-13 
1205.31 4.72649e-13 
1205.32 4.22547e-13 
1205.33 3.77609e-13 
1205.34 3.37317e-13 
1205.35 3.01207e-13 
1205.36 2.68858e-13 
1205.37 2.39889e-13 
1205.38 2.13957e-13 
1205.39 1.90754e-13 
1205.4 1.70001e-13 
1205.41 1.51446e-13 
1205.42 1.34864e-13 
1205.43 1.2005e-13 
1205.44 1.06822e-13 
1205.45 9.50144e-14 
1205.46 8.44787e-14 
1205.47 7.50819e-14 
1205.48 6.66109e-14 
1205.49 5.91501e-14 
1205.5 5.25088e-14 
1205.51 4.65949e-14 
1205.52 4.13308e-14 
1205.53 3.66472e-14 
1205.54 3.24816e-14 
1205.54 2.87782e-14 
1205.55 2.54871e-14 
1205.56 2.25635e-14 
1205.57 1.99675e-14 
1205.58 1.76632e-14 
1205.59 1.56188e-14 
1205.6 1.38056e-14 
1205.61 1.22056e-14 
1205.62 1.07802e-14 
1205.63 9.51748e-15 
1205.64 8.39942e-15 
1205.65 7.4098e-15 
1205.66 6.53423e-15 
1205.67 5.75986e-15 
1205.68 5.07527e-15 
1205.69 4.4703e-15 
1205.7 3.9359e-15 
1205.71 3.46404e-15 
1205.72 3.04755e-15 
1205.73 2.67578e-15 
1205.74 2.35221e-15 
1205.75 2.06696e-15 
1205.76 1.81559e-15 
1205.77 1.59417e-15 
1205.78 1.3992e-15 
1205.79 1.2276e-15 
1205.8 1.07662e-15 
1205.81 9.43843e-16 
1205.82 8.27116e-16 
1205.83 7.24542e-16 
1205.84 6.34439e-16 
1205.85 5.55325e-16 
1205.86 4.85885e-16 
1205.87 4.24963e-16 
1205.88 3.71533e-16 
1205.89 3.24695e-16 
1205.9 2.8365e-16 
1205.91 2.47696e-16 
1205.92 2.16216e-16 
1205.93 1.88662e-16 
1205.94 1.64556e-16 
1205.95 1.43473e-16 
1205.96 1.25043e-16 
1205.96 1.08937e-16 
1205.97 9.48688e-17 
1205.98 8.24419e-17 
1205.99 7.17387e-17 
1206 6.24007e-17 
1206.01 5.4257e-17 
1206.02 4.71576e-17 
1206.03 4.09712e-17 
1206.04 3.55823e-17 
1206.05 3.08902e-17 
1206.06 2.68064e-17 
1206.07 2.32533e-17 
1206.08 2.01633e-17 
1206.09 1.7477e-17 
1206.1 1.51427e-17 
1206.11 1.31151e-17 
1206.12 1.13545e-17 
1206.13 9.82643e-18 
1206.14 8.50066e-18 
1206.15 7.35089e-18 
1206.16 6.35415e-18 
1206.17 5.49041e-18 
1206.18 4.74223e-18 
1206.19 4.0944e-18 
1206.2 3.53368e-18 
1206.21 3.04856e-18 
1206.22 2.62902e-18 
1206.23 2.26211e-18 
1206.24 1.94926e-18 
1206.25 1.67902e-18 
1206.26 1.44568e-18 
1206.27 1.24428e-18 
1206.28 1.07052e-18 
1206.29 9.20661e-19 
1206.3 7.91473e-19 
1206.31 6.80146e-19 
1206.32 5.8425e-19 
1206.33 5.01678e-19 
1206.34 4.30607e-19 
1206.35 3.6946e-19 
1206.36 3.16872e-19 
1206.37 2.71663e-19 
1206.38 2.32813e-19 
1206.39 1.99441e-19 
1206.39 1.70785e-19 
1206.4 1.4619e-19 
1206.41 1.25088e-19 
1206.42 1.06989e-19 
1206.43 9.1474e-20 
1206.44 7.8178e-20 
1206.45 6.67885e-20 
1206.46 5.70359e-20 
1206.47 4.86883e-20 
1206.48 4.14638e-20 
1206.49 3.53675e-20 
1206.5 3.01557e-20 
1206.51 2.57018e-20 
1206.52 2.18972e-20 
1206.53 1.86485e-20 
1206.54 1.58755e-20 
1206.55 1.35096e-20 
1206.56 1.14918e-20 
1206.57 9.77154e-21 
1206.58 8.30556e-21 
1206.59 7.05675e-21 
1206.6 0 
