#energy geo_1 
1186.6 0 
1186.61 0 
1186.62 0 
1186.63 0 
1186.64 0 
1186.65 0 
1186.66 0 
1186.67 0 
1186.68 0 
1186.69 0 
1186.7 0 
1186.71 0 
1186.72 0 
1186.73 0 
1186.74 0 
1186.75 0 
1186.76 0 
1186.77 0 
1186.78 0 
1186.79 0 
1186.8 0 
1186.81 0 
1186.81 0 
1186.82 0 
1186.83 0 
1186.84 0 
1186.85 0 
1186.86 0 
1186.87 0 
1186.88 0 
1186.89 0 
1186.9 0 
1186.91 0 
1186.92 0 
1186.93 0 
1186.94 0 
1186.95 0 
1186.96 0 
1186.97 0 
1186.98 0 
1186.99 0 
1187 0 
1187.01 0 
1187.02 0 
1187.03 0 
1187.04 0 
1187.05 0 
1187.06 0 
1187.07 0 
1187.08 0 
1187.09 0 
1187.1 0 
1187.11 0 
1187.12 0 
1187.13 0 
1187.14 0 
1187.15 0 
1187.16 0 
1187.17 0 
1187.18 0 
1187.19 0 
1187.2 0 
1187.21 0 
1187.22 0 
1187.23 0 
1187.24 0 
1187.24 0 
1187.25 0 
1187.26 0 
1187.27 0 
1187.28 0 
1187.29 0 
1187.3 0 
1187.31 0 
1187.32 0 
1187.33 0 
1187.34 0 
1187.35 0 
1187.36 0 
1187.37 0 
1187.38 0 
1187.39 0 
1187.4 0 
1187.41 0 
1187.42 0 
1187.43 0 
1187.44 0 
1187.45 0 
1187.46 0 
1187.47 0 
1187.48 0 
1187.49 0 
1187.5 0 
1187.51 0 
1187.52 0 
1187.53 0 
1187.54 0 
1187.55 0 
1187.56 0 
1187.57 0 
1187.58 0 
1187.59 0 
1187.6 0 
1187.61 0 
1187.62 0 
1187.63 0 
1187.64 0 
1187.65 0 
1187.66 0 
1187.66 0 
1187.67 0 
1187.68 0 
1187.69 0 
1187.7 0 
1187.71 0 
1187.72 0 
1187.73 0 
1187.74 0 
1187.75 0 
1187.76 0 
1187.77 0 
1187.78 0 
1187.79 0 
1187.8 0 
1187.81 0 
1187.82 0 
1187.83 0 
1187.84 0 
1187.85 0 
1187.86 0 
1187.87 0 
1187.88 0 
1187.89 0 
1187.9 0 
1187.91 0 
1187.92 0 
1187.93 0 
1187.94 0 
1187.95 0 
1187.96 0 
1187.97 1.4013e-45 
1187.98 1.4013e-45 
1187.99 1.4013e-45 
1188 1.4013e-45 
1188.01 1.4013e-45 
1188.02 2.8026e-45 
1188.03 2.8026e-45 
1188.04 2.8026e-45 
1188.05 2.8026e-45 
1188.06 4.2039e-45 
1188.07 5.60519e-45 
1188.08 7.00649e-45 
1188.09 8.40779e-45 
1188.09 9.80909e-45 
1188.1 1.26117e-44 
1188.11 1.4013e-44 
1188.12 1.82169e-44 
1188.13 2.24208e-44 
1188.14 2.8026e-44 
1188.15 3.36312e-44 
1188.16 4.06377e-44 
1188.17 5.04467e-44 
1188.18 6.16571e-44 
1188.19 7.70714e-44 
1188.2 9.3887e-44 
1188.21 1.14906e-43 
1188.22 1.4013e-43 
1188.23 1.7236e-43 
1188.24 2.10195e-43 
1188.25 2.57839e-43 
1188.26 3.16693e-43 
1188.27 3.86758e-43 
1188.28 4.73639e-43 
1188.29 5.80138e-43 
1188.3 7.07656e-43 
1188.31 8.66002e-43 
1188.32 1.05798e-42 
1188.33 1.2906e-42 
1188.34 1.57786e-42 
1188.35 1.92538e-42 
1188.36 2.35138e-42 
1188.37 2.86846e-42 
1188.38 3.49904e-42 
1188.39 4.26695e-42 
1188.4 5.20302e-42 
1188.41 6.34228e-42 
1188.42 7.72676e-42 
1188.43 9.41252e-42 
1188.44 1.1464e-41 
1188.45 1.39569e-41 
1188.46 1.69879e-41 
1188.47 2.0672e-41 
1188.48 2.52094e-41 
1188.49 3.0659e-41 
1188.5 3.72759e-41 
1188.51 4.53082e-41 
1188.52 5.50556e-41 
1188.52 6.68812e-41 
1188.53 8.12235e-41 
1188.54 9.8615e-41 
1188.55 1.19698e-40 
1188.56 1.45246e-40 
1188.57 1.76201e-40 
1188.58 2.13688e-40 
1188.59 2.59082e-40 
1188.6 3.14226e-40 
1188.61 3.80764e-40 
1188.62 4.61261e-40 
1188.63 5.58621e-40 
1188.64 6.76342e-40 
1188.65 8.18644e-40 
1188.66 9.90609e-40 
1188.67 1.19836e-39 
1188.68 1.44928e-39 
1188.69 1.75226e-39 
1188.7 2.11797e-39 
1188.71 2.5593e-39 
1188.72 3.09173e-39 
1188.73 3.74269e-39 
1188.74 4.51877e-39 
1188.75 5.45425e-39 
1188.76 6.58156e-39 
1188.77 7.93965e-39 
1188.78 9.57532e-39 
1188.79 1.15447e-38 
1188.8 1.39153e-38 
1188.81 1.6768e-38 
1188.82 2.01998e-38 
1188.83 2.43272e-38 
1188.84 2.92898e-38 
1188.85 3.52549e-38 
1188.86 4.2423e-38 
1188.87 5.10343e-38 
1188.88 6.13765e-38 
1188.89 7.37939e-38 
1188.9 8.86988e-38 
1188.91 1.06584e-37 
1188.92 1.28041e-37 
1188.93 1.53774e-37 
1188.94 1.84627e-37 
1188.94 2.21608e-37 
1188.95 2.65923e-37 
1188.96 3.1901e-37 
1188.97 3.82588e-37 
1188.98 4.59751e-37 
1188.99 5.51069e-37 
1189 6.60341e-37 
1189.01 7.91061e-37 
1189.02 9.47392e-37 
1189.03 1.1343e-36 
1189.04 1.35771e-36 
1189.05 1.62466e-36 
1189.06 1.94356e-36 
1189.07 2.32441e-36 
1189.08 2.77911e-36 
1189.09 3.32183e-36 
1189.1 3.96943e-36 
1189.11 4.74195e-36 
1189.12 5.66324e-36 
1189.13 6.76164e-36 
1189.14 8.07082e-36 
1189.15 9.6308e-36 
1189.16 1.14891e-35 
1189.17 1.37021e-35 
1189.18 1.63369e-35 
1189.19 1.94728e-35 
1189.2 2.32042e-35 
1189.21 2.7643e-35 
1189.22 3.29216e-35 
1189.23 3.92828e-35 
1189.24 4.67579e-35 
1189.25 5.56398e-35 
1189.26 6.61905e-35 
1189.27 7.87199e-35 
1189.28 9.35949e-35 
1189.29 1.1125e-34 
1189.3 1.32198e-34 
1189.31 1.57046e-34 
1189.32 1.86514e-34 
1189.33 2.21448e-34 
1189.34 2.62853e-34 
1189.35 3.11912e-34 
1189.36 3.70024e-34 
1189.36 4.3884e-34 
1189.37 5.2031e-34 
1189.38 6.16732e-34 
1189.39 7.30819e-34 
1189.4 8.65768e-34 
1189.41 1.02535e-33 
1189.42 1.21401e-33 
1189.43 1.43698e-33 
1189.44 1.70043e-33 
1189.45 2.01161e-33 
1189.46 2.37908e-33 
1189.47 2.81289e-33 
1189.48 3.33182e-33 
1189.49 3.93715e-33 
1189.5 4.65115e-33 
1189.51 5.4931e-33 
1189.52 6.48565e-33 
1189.53 7.65541e-33 
1189.54 9.03363e-33 
1189.55 1.0657e-32 
1189.56 1.25686e-32 
1189.57 1.48189e-32 
1189.58 1.74673e-32 
1189.59 2.05832e-32 
1189.6 2.42482e-32 
1189.61 2.85756e-32 
1189.62 3.36449e-32 
1189.63 3.96025e-32 
1189.64 4.6602e-32 
1189.65 5.48233e-32 
1189.66 6.4477e-32 
1189.67 7.58094e-32 
1189.68 8.91087e-32 
1189.69 1.04712e-31 
1189.7 1.23013e-31 
1189.71 1.44472e-31 
1189.72 1.69628e-31 
1189.73 1.99506e-31 
1189.74 2.34113e-31 
1189.75 2.74645e-31 
1189.76 3.22106e-31 
1189.77 3.77662e-31 
1189.78 4.42677e-31 
1189.79 5.18739e-31 
1189.79 6.07702e-31 
1189.8 7.11722e-31 
1189.81 8.33315e-31 
1189.82 9.7541e-31 
1189.83 1.14141e-30 
1189.84 1.3353e-30 
1189.85 1.56168e-30 
1189.86 1.82594e-30 
1189.87 2.13431e-30 
1189.88 2.49407e-30 
1189.89 2.91365e-30 
1189.9 3.40287e-30 
1189.91 3.97312e-30 
1189.92 4.63765e-30 
1189.93 5.41181e-30 
1189.94 6.31343e-30 
1189.95 7.36322e-30 
1189.96 8.58517e-30 
1189.97 1.00071e-29 
1189.98 1.16836e-29 
1189.99 1.36111e-29 
1190 1.58521e-29 
1190.01 1.8457e-29 
1190.02 2.14839e-29 
1190.03 2.50002e-29 
1190.04 2.9084e-29 
1190.05 3.38254e-29 
1190.06 3.93287e-29 
1190.07 4.57147e-29 
1190.08 5.31228e-29 
1190.09 6.17142e-29 
1190.1 7.1675e-29 
1190.11 8.32203e-29 
1190.12 9.65983e-29 
1190.13 1.12096e-28 
1190.14 1.30043e-28 
1190.15 1.50822e-28 
1190.16 1.74871e-28 
1190.17 2.027e-28 
1190.18 2.34891e-28 
1190.19 2.72119e-28 
1190.2 3.15159e-28 
1190.21 3.64904e-28 
1190.21 4.22384e-28 
1190.22 4.89673e-28 
1190.23 5.66488e-28 
1190.24 6.5517e-28 
1190.25 7.57523e-28 
1190.26 8.75622e-28 
1190.27 1.01185e-27 
1190.28 1.16895e-27 
1190.29 1.35006e-27 
1190.3 1.55879e-27 
1190.31 1.7993e-27 
1190.32 2.07633e-27 
1190.33 2.39535e-27 
1190.34 2.76262e-27 
1190.35 3.18531e-27 
1190.36 3.67164e-27 
1190.37 4.23105e-27 
1190.38 4.87432e-27 
1190.39 5.61384e-27 
1190.4 6.46374e-27 
1190.41 7.44024e-27 
1190.42 8.56187e-27 
1190.43 9.84984e-27 
1190.44 1.13284e-26 
1190.45 1.30253e-26 
1190.46 1.49721e-26 
1190.47 1.72052e-26 
1190.48 1.98001e-26 
1190.49 2.27404e-26 
1190.5 2.61101e-26 
1190.51 2.99708e-26 
1190.52 3.43928e-26 
1190.53 3.94561e-26 
1190.54 4.52523e-26 
1190.55 5.18854e-26 
1190.56 5.94742e-26 
1190.57 6.81539e-26 
1190.58 7.80786e-26 
1190.59 8.94236e-26 
1190.6 1.02388e-25 
1190.61 1.17273e-25 
1190.62 1.34201e-25 
1190.63 1.53529e-25 
1190.64 1.75592e-25 
1190.64 2.00769e-25 
1190.65 2.29492e-25 
1190.66 2.62252e-25 
1190.67 2.99604e-25 
1190.68 3.42181e-25 
1190.69 3.907e-25 
1190.7 4.45973e-25 
1190.71 5.08924e-25 
1190.72 5.80599e-25 
1190.73 6.63271e-25 
1190.74 7.56259e-25 
1190.75 8.62043e-25 
1190.76 9.82349e-25 
1190.77 1.11913e-24 
1190.78 1.27461e-24 
1190.79 1.45127e-24 
1190.8 1.65197e-24 
1190.81 1.87989e-24 
1190.82 2.13866e-24 
1190.83 2.43238e-24 
1190.84 2.76566e-24 
1190.85 3.14373e-24 
1190.86 3.57248e-24 
1190.87 4.05858e-24 
1190.88 4.60953e-24 
1190.89 5.23381e-24 
1190.9 5.94098e-24 
1190.91 6.74182e-24 
1190.92 7.64848e-24 
1190.93 8.67464e-24 
1190.94 9.83574e-24 
1190.95 1.11491e-23 
1190.96 1.26344e-23 
1190.97 1.43135e-23 
1190.98 1.62365e-23 
1190.99 1.8384e-23 
1191 2.08098e-23 
1191.01 2.3549e-23 
1191.02 2.66414e-23 
1191.03 3.01315e-23 
1191.04 3.40692e-23 
1191.05 3.85108e-23 
1191.06 4.35194e-23 
1191.07 4.91656e-23 
1191.07 5.55288e-23 
1191.08 6.26981e-23 
1191.09 7.07732e-23 
1191.1 7.98662e-23 
1191.11 9.01022e-23 
1191.12 1.01622e-22 
1191.13 1.14582e-22 
1191.14 1.29159e-22 
1191.15 1.4555e-22 
1191.16 1.63976e-22 
1191.17 1.84682e-22 
1191.18 2.07945e-22 
1191.19 2.34073e-22 
1191.2 2.63411e-22 
1191.21 2.96343e-22 
1191.22 3.33299e-22 
1191.23 3.75308e-22 
1191.24 4.21874e-22 
1191.25 4.74086e-22 
1191.26 5.32611e-22 
1191.27 5.98194e-22 
1191.28 6.71665e-22 
1191.29 7.53949e-22 
1191.3 8.46078e-22 
1191.31 9.49199e-22 
1191.32 1.06459e-21 
1191.33 1.19368e-21 
1191.34 1.33805e-21 
1191.35 1.49946e-21 
1191.36 1.67987e-21 
1191.37 1.88146e-21 
1191.38 2.10666e-21 
1191.39 2.35815e-21 
1191.4 2.63893e-21 
1191.41 2.95231e-21 
1191.42 3.302e-21 
1191.43 3.69206e-21 
1191.44 4.12706e-21 
1191.45 4.61202e-21 
1191.46 5.15253e-21 
1191.47 5.75477e-21 
1191.48 6.43496e-21 
1191.49 7.18252e-21 
1191.49 8.0153e-21 
1191.5 8.94214e-21 
1191.51 9.97337e-21 
1191.52 1.11204e-20 
1191.53 1.23959e-20 
1191.54 1.38139e-20 
1191.55 1.53898e-20 
1191.56 1.71406e-20 
1191.57 1.90853e-20 
1191.58 2.12448e-20 
1191.59 2.36419e-20 
1191.6 2.63186e-20 
1191.61 2.92719e-20 
1191.62 3.25475e-20 
1191.63 3.61797e-20 
1191.64 4.02059e-20 
1191.65 4.46677e-20 
1191.66 4.96107e-20 
1191.67 5.50855e-20 
1191.68 6.11473e-20 
1191.69 6.78573e-20 
1191.7 7.52825e-20 
1191.71 8.3497e-20 
1191.72 9.25819e-20 
1191.73 1.02759e-19 
1191.74 1.13875e-19 
1191.75 1.2616e-19 
1191.76 1.3973e-19 
1191.77 1.54717e-19 
1191.78 1.71263e-19 
1191.79 1.89526e-19 
1191.8 2.09679e-19 
1191.81 2.31909e-19 
1191.82 2.56424e-19 
1191.83 2.83452e-19 
1191.84 3.13242e-19 
1191.85 3.46065e-19 
1191.86 3.82222e-19 
1191.87 4.22038e-19 
1191.88 4.65871e-19 
1191.89 5.14114e-19 
1191.9 5.67194e-19 
1191.91 6.2558e-19 
1191.92 6.89784e-19 
1191.92 7.60365e-19 
1191.93 8.37934e-19 
1191.94 9.23158e-19 
1191.95 1.01677e-18 
1191.96 1.11955e-18 
1191.97 1.23239e-18 
1191.98 1.35784e-18 
1191.99 1.49385e-18 
1192 1.64303e-18 
1192.01 1.8066e-18 
1192.02 1.9859e-18 
1192.03 2.18239e-18 
1192.04 2.39764e-18 
1192.05 2.6334e-18 
1192.06 2.89153e-18 
1192.07 3.17407e-18 
1192.08 3.48325e-18 
1192.09 3.82148e-18 
1192.1 4.19138e-18 
1192.11 4.59581e-18 
1192.12 5.03785e-18 
1192.13 5.52087e-18 
1192.14 6.04851e-18 
1192.15 6.62473e-18 
1192.16 7.25383e-18 
1192.17 7.94044e-18 
1192.18 8.68962e-18 
1192.19 9.50683e-18 
1192.2 1.0398e-17 
1192.21 1.13695e-17 
1192.22 1.24284e-17 
1192.23 1.35971e-17 
1192.24 1.4855e-17 
1192.25 1.62248e-17 
1192.26 1.7716e-17 
1192.27 1.93388e-17 
1192.28 2.11043e-17 
1192.29 2.30247e-17 
1192.3 2.51127e-17 
1192.31 2.73825e-17 
1192.32 2.98491e-17 
1192.33 3.25288e-17 
1192.34 3.54391e-17 
1192.34 3.85991e-17 
1192.35 4.20292e-17 
1192.36 4.57513e-17 
1192.37 4.9789e-17 
1192.38 5.41681e-17 
1192.39 5.89158e-17 
1192.4 6.40618e-17 
1192.41 6.96378e-17 
1192.42 7.56781e-17 
1192.43 8.22193e-17 
1192.44 8.9301e-17 
1192.45 9.69656e-17 
1192.46 1.05259e-16 
1192.47 1.14229e-16 
1192.48 1.24056e-16 
1192.49 1.34552e-16 
1192.5 1.45897e-16 
1192.51 1.58153e-16 
1192.52 1.71392e-16 
1192.53 1.85686e-16 
1192.54 2.01117e-16 
1192.55 2.17769e-16 
1192.56 2.35735e-16 
1192.57 2.55111e-16 
1192.58 2.76002e-16 
1192.59 2.98522e-16 
1192.6 3.22788e-16 
1192.61 3.49147e-16 
1192.62 3.77318e-16 
1192.63 4.07649e-16 
1192.64 4.40294e-16 
1192.65 4.75422e-16 
1192.66 5.13209e-16 
1192.67 5.53844e-16 
1192.68 5.9753e-16 
1192.69 6.44482e-16 
1192.7 6.9493e-16 
1192.71 7.49117e-16 
1192.72 8.07305e-16 
1192.73 8.70578e-16 
1192.74 9.37673e-16 
1192.75 1.00966e-15 
1192.76 1.08686e-15 
1192.77 1.16965e-15 
1192.77 1.25839e-15 
1192.78 1.35348e-15 
1192.79 1.45535e-15 
1192.8 1.56446e-15 
1192.81 1.68127e-15 
1192.82 1.80631e-15 
1192.83 1.9401e-15 
1192.84 2.08321e-15 
1192.85 2.23627e-15 
1192.86 2.39989e-15 
1192.87 2.57477e-15 
1192.88 2.76162e-15 
1192.89 2.96121e-15 
1192.9 3.17434e-15 
1192.91 3.40185e-15 
1192.92 3.64465e-15 
1192.93 3.9037e-15 
1192.94 4.17999e-15 
1192.95 4.47459e-15 
1192.96 4.78861e-15 
1192.97 5.12324e-15 
1192.98 5.48433e-15 
1192.99 5.86428e-15 
1193 6.26881e-15 
1193.01 6.69937e-15 
1193.02 7.15751e-15 
1193.03 7.64485e-15 
1193.04 8.16309e-15 
1193.05 8.71404e-15 
1193.06 9.29957e-15 
1193.07 9.92167e-15 
1193.08 1.05824e-14 
1193.09 1.12841e-14 
1193.1 1.20289e-14 
1193.11 1.28192e-14 
1193.12 1.36577e-14 
1193.13 1.4547e-14 
1193.14 1.54899e-14 
1193.15 1.64893e-14 
1193.16 1.75483e-14 
1193.17 1.867e-14 
1193.18 1.9858e-14 
1193.19 2.11156e-14 
1193.19 2.24467e-14 
1193.2 2.38549e-14 
1193.21 2.53445e-14 
1193.22 2.69404e-14 
1193.23 2.8606e-14 
1193.24 3.03668e-14 
1193.25 3.22269e-14 
1193.26 3.41915e-14 
1193.27 3.62657e-14 
1193.28 3.8455e-14 
1193.29 4.07652e-14 
1193.3 4.32021e-14 
1193.31 4.57719e-14 
1193.32 4.84811e-14 
1193.33 5.13364e-14 
1193.34 5.43447e-14 
1193.35 5.75133e-14 
1193.36 6.08497e-14 
1193.37 6.43618e-14 
1193.38 6.80577e-14 
1193.39 7.19458e-14 
1193.4 7.60349e-14 
1193.41 8.03341e-14 
1193.42 8.48529e-14 
1193.43 8.96009e-14 
1193.44 9.45885e-14 
1193.45 9.98259e-14 
1193.46 1.05324e-13 
1193.47 1.11095e-13 
1193.48 1.17226e-13 
1193.49 1.2358e-13 
1193.5 1.30242e-13 
1193.51 1.37225e-13 
1193.52 1.44543e-13 
1193.53 1.52209e-13 
1193.54 1.60237e-13 
1193.55 1.68642e-13 
1193.56 1.7744e-13 
1193.57 1.86645e-13 
1193.58 1.96274e-13 
1193.59 2.06343e-13 
1193.6 2.16869e-13 
1193.61 2.28012e-13 
1193.62 2.39513e-13 
1193.62 2.51525e-13 
1193.63 2.64068e-13 
1193.64 2.77161e-13 
1193.65 2.90825e-13 
1193.66 3.0508e-13 
1193.67 3.19948e-13 
1193.68 3.35449e-13 
1193.69 3.51608e-13 
1193.7 3.68446e-13 
1193.71 3.85988e-13 
1193.72 4.04258e-13 
1193.73 4.23523e-13 
1193.74 4.43333e-13 
1193.75 4.63949e-13 
1193.76 4.85396e-13 
1193.77 5.07703e-13 
1193.78 5.30897e-13 
1193.79 5.55008e-13 
1193.8 5.80066e-13 
1193.81 6.06101e-13 
1193.82 6.33145e-13 
1193.83 6.6123e-13 
1193.84 6.9039e-13 
1193.85 7.20658e-13 
1193.86 7.5207e-13 
1193.87 7.84661e-13 
1193.88 8.1847e-13 
1193.89 8.53533e-13 
1193.9 8.89892e-13 
1193.91 9.27586e-13 
1193.92 9.66659e-13 
1193.93 1.00715e-12 
1193.94 1.04911e-12 
1193.95 1.09259e-12 
1193.96 1.13763e-12 
1193.97 1.18428e-12 
1193.98 1.23321e-12 
1193.99 1.28327e-12 
1194 1.33511e-12 
1194.01 1.38879e-12 
1194.02 1.44438e-12 
1194.03 1.50193e-12 
1194.04 1.56153e-12 
1194.05 1.62324e-12 
1194.05 1.68714e-12 
1194.06 1.75332e-12 
1194.07 1.82186e-12 
1194.08 1.89285e-12 
1194.09 1.9664e-12 
1194.1 2.04261e-12 
1194.11 2.12159e-12 
1194.12 2.20347e-12 
1194.13 2.28837e-12 
1194.14 2.37643e-12 
1194.15 2.4678e-12 
1194.16 2.56265e-12 
1194.17 2.66114e-12 
1194.18 2.76345e-12 
1194.19 2.8698e-12 
1194.2 2.9804e-12 
1194.21 3.09548e-12 
1194.22 3.21529e-12 
1194.23 3.34171e-12 
1194.24 3.47192e-12 
1194.25 3.60776e-12 
1194.26 3.7496e-12 
1194.27 3.8978e-12 
1194.28 4.05279e-12 
1194.29 4.215e-12 
1194.3 4.38495e-12 
1194.31 4.56314e-12 
1194.32 4.75016e-12 
1194.33 4.94663e-12 
1194.34 5.15324e-12 
1194.35 5.37072e-12 
1194.36 5.59988e-12 
1194.37 5.84159e-12 
1194.38 6.0968e-12 
1194.39 6.36653e-12 
1194.4 6.65192e-12 
1194.41 6.95417e-12 
1194.42 7.27461e-12 
1194.43 7.61466e-12 
1194.44 7.97588e-12 
1194.45 8.35996e-12 
1194.46 8.76873e-12 
1194.47 9.20418e-12 
1194.47 9.67464e-12 
1194.48 1.01703e-11 
1194.49 1.06998e-11 
1194.5 1.12658e-11 
1194.51 1.18712e-11 
1194.52 1.25192e-11 
1194.53 1.32133e-11 
1194.54 1.39573e-11 
1194.55 1.47551e-11 
1194.56 1.56113e-11 
1194.57 1.65304e-11 
1194.58 1.75177e-11 
1194.59 1.85787e-11 
1194.6 1.97193e-11 
1194.61 2.09589e-11 
1194.62 2.22793e-11 
1194.63 2.37002e-11 
1194.64 2.52296e-11 
1194.65 2.68763e-11 
1194.66 2.86496e-11 
1194.67 3.05594e-11 
1194.68 3.26167e-11 
1194.69 3.48329e-11 
1194.7 3.72207e-11 
1194.71 3.97934e-11 
1194.72 4.25655e-11 
1194.73 4.55911e-11 
1194.74 4.88124e-11 
1194.75 5.2283e-11 
1194.76 5.60222e-11 
1194.77 6.00505e-11 
1194.78 6.43896e-11 
1194.79 6.90632e-11 
1194.8 7.40964e-11 
1194.81 7.95161e-11 
1194.82 8.53511e-11 
1194.83 9.1632e-11 
1194.84 9.83919e-11 
1194.85 1.05666e-10 
1194.86 1.13491e-10 
1194.87 1.21908e-10 
1194.88 1.3096e-10 
1194.89 1.40691e-10 
1194.9 1.51151e-10 
1194.9 1.62391e-10 
1194.91 1.74466e-10 
1194.92 1.87435e-10 
1194.93 2.0136e-10 
1194.94 2.16309e-10 
1194.95 2.32351e-10 
1194.96 2.49562e-10 
1194.97 2.68021e-10 
1194.98 2.8807e-10 
1194.99 3.09304e-10 
1195 3.32058e-10 
1195.01 3.56434e-10 
1195.02 3.82538e-10 
1195.03 4.10485e-10 
1195.04 4.40395e-10 
1195.05 4.72397e-10 
1195.06 5.06624e-10 
1195.07 5.43221e-10 
1195.08 5.82339e-10 
1195.09 6.24138e-10 
1195.1 6.68786e-10 
1195.11 7.16462e-10 
1195.12 7.67355e-10 
1195.13 8.21663e-10 
1195.14 8.79596e-10 
1195.15 9.41375e-10 
1195.16 1.00723e-09 
1195.17 1.07742e-09 
1195.18 1.15218e-09 
1195.19 1.2318e-09 
1195.2 1.31657e-09 
1195.21 1.40677e-09 
1195.22 1.50274e-09 
1195.23 1.60611e-09 
1195.24 1.71468e-09 
1195.25 1.83007e-09 
1195.26 1.95265e-09 
1195.27 2.08283e-09 
1195.28 2.22103e-09 
1195.29 2.3677e-09 
1195.3 2.52328e-09 
1195.31 2.68829e-09 
1195.32 2.86321e-09 
1195.32 3.04858e-09 
1195.33 3.24495e-09 
1195.34 3.45291e-09 
1195.35 3.67306e-09 
1195.36 3.90603e-09 
1195.37 4.15248e-09 
1195.38 4.41309e-09 
1195.39 4.68859e-09 
1195.4 4.97972e-09 
1195.41 5.28725e-09 
1195.42 5.61199e-09 
1195.43 5.95479e-09 
1195.44 6.31651e-09 
1195.45 6.69807e-09 
1195.46 7.1004e-09 
1195.47 7.52449e-09 
1195.48 7.97708e-09 
1195.49 8.44806e-09 
1195.5 8.94397e-09 
1195.51 9.46594e-09 
1195.52 1.00151e-08 
1195.53 1.05928e-08 
1195.54 1.12001e-08 
1195.55 1.18384e-08 
1195.56 1.2509e-08 
1195.57 1.32133e-08 
1195.58 1.39527e-08 
1195.59 1.47287e-08 
1195.6 1.55428e-08 
1195.61 1.64067e-08 
1195.62 1.73023e-08 
1195.63 1.82408e-08 
1195.64 1.92239e-08 
1195.65 2.02534e-08 
1195.66 2.13311e-08 
1195.67 2.24587e-08 
1195.68 2.36382e-08 
1195.69 2.48715e-08 
1195.7 2.61606e-08 
1195.71 2.75076e-08 
1195.72 2.89143e-08 
1195.73 3.04019e-08 
1195.74 3.19356e-08 
1195.75 3.35357e-08 
1195.75 3.52044e-08 
1195.76 3.6944e-08 
1195.77 3.87569e-08 
1195.78 4.06454e-08 
1195.79 4.26119e-08 
1195.8 4.46589e-08 
1195.81 4.67888e-08 
1195.82 4.90043e-08 
1195.83 5.13078e-08 
1195.84 5.3702e-08 
1195.85 5.61894e-08 
1195.86 5.87727e-08 
1195.87 6.14546e-08 
1195.88 6.42378e-08 
1195.89 6.71249e-08 
1195.9 7.01188e-08 
1195.91 7.32222e-08 
1195.92 7.64378e-08 
1195.93 7.97684e-08 
1195.94 8.32168e-08 
1195.95 8.67858e-08 
1195.96 9.04781e-08 
1195.97 9.42966e-08 
1195.98 9.82941e-08 
1195.99 1.02375e-07 
1196 1.0659e-07 
1196.01 1.10942e-07 
1196.02 1.15434e-07 
1196.03 1.20069e-07 
1196.04 1.24848e-07 
1196.05 1.29775e-07 
1196.06 1.34853e-07 
1196.07 1.40083e-07 
1196.08 1.45469e-07 
1196.09 1.51012e-07 
1196.1 1.56714e-07 
1196.11 1.62579e-07 
1196.12 1.68609e-07 
1196.13 1.74804e-07 
1196.14 1.81168e-07 
1196.15 1.87702e-07 
1196.16 1.94408e-07 
1196.17 2.01288e-07 
1196.17 2.08344e-07 
1196.18 2.15576e-07 
1196.19 2.22986e-07 
1196.2 2.30576e-07 
1196.21 2.38346e-07 
1196.22 2.464e-07 
1196.23 2.54535e-07 
1196.24 2.62855e-07 
1196.25 2.71358e-07 
1196.26 2.80044e-07 
1196.27 2.88915e-07 
1196.28 2.9797e-07 
1196.29 3.07209e-07 
1196.3 3.16631e-07 
1196.31 3.26237e-07 
1196.32 3.36025e-07 
1196.33 3.45994e-07 
1196.34 3.56143e-07 
1196.35 3.66472e-07 
1196.36 3.76978e-07 
1196.37 3.8766e-07 
1196.38 3.98516e-07 
1196.39 4.09543e-07 
1196.4 4.20741e-07 
1196.41 4.32105e-07 
1196.42 4.43633e-07 
1196.43 4.55322e-07 
1196.44 4.67169e-07 
1196.45 4.79171e-07 
1196.46 4.91323e-07 
1196.47 5.03623e-07 
1196.48 5.16221e-07 
1196.49 5.28804e-07 
1196.5 5.4152e-07 
1196.51 5.54366e-07 
1196.52 5.67336e-07 
1196.53 5.80425e-07 
1196.54 5.93627e-07 
1196.55 6.06938e-07 
1196.56 6.20352e-07 
1196.57 6.33861e-07 
1196.58 6.47461e-07 
1196.59 6.61145e-07 
1196.6 6.74906e-07 
1196.6 6.89165e-07 
1196.61 7.03069e-07 
1196.62 7.17031e-07 
1196.63 7.31042e-07 
1196.64 7.45096e-07 
1196.65 7.59185e-07 
1196.66 7.73302e-07 
1196.67 7.87439e-07 
1196.68 8.01588e-07 
1196.69 8.15742e-07 
1196.7 8.29892e-07 
1196.71 8.44031e-07 
1196.72 8.58151e-07 
1196.73 8.72419e-07 
1196.74 8.86475e-07 
1196.75 9.00488e-07 
1196.76 9.14449e-07 
1196.77 9.2835e-07 
1196.78 9.42183e-07 
1196.79 9.5594e-07 
1196.8 9.69613e-07 
1196.81 9.83194e-07 
1196.82 9.96676e-07 
1196.83 1.01005e-06 
1196.84 1.02331e-06 
1196.85 1.03645e-06 
1196.86 1.04945e-06 
1196.87 1.06232e-06 
1196.88 1.07505e-06 
1196.89 1.08762e-06 
1196.9 1.10004e-06 
1196.91 1.11229e-06 
1196.92 1.12437e-06 
1196.93 1.13628e-06 
1196.94 1.148e-06 
1196.95 1.15953e-06 
1196.96 1.17087e-06 
1196.97 1.18201e-06 
1196.98 1.19309e-06 
1196.99 1.20382e-06 
1197 1.21433e-06 
1197.01 1.22464e-06 
1197.02 1.23472e-06 
1197.03 1.24458e-06 
1197.03 1.25421e-06 
1197.04 1.26362e-06 
1197.05 1.2728e-06 
1197.06 1.28175e-06 
1197.07 1.29046e-06 
1197.08 1.29895e-06 
1197.09 1.30719e-06 
1197.1 1.31521e-06 
1197.11 1.32299e-06 
1197.12 1.33053e-06 
1197.13 1.33785e-06 
1197.14 1.34493e-06 
1197.15 1.35179e-06 
1197.16 1.35841e-06 
1197.17 1.36482e-06 
1197.18 1.371e-06 
1197.19 1.37696e-06 
1197.2 1.38271e-06 
1197.21 1.38825e-06 
1197.22 1.39359e-06 
1197.23 1.39878e-06 
1197.24 1.40371e-06 
1197.25 1.40846e-06 
1197.26 1.41302e-06 
1197.27 1.4174e-06 
1197.28 1.42161e-06 
1197.29 1.42565e-06 
1197.3 1.42954e-06 
1197.31 1.43327e-06 
1197.32 1.43686e-06 
1197.33 1.44032e-06 
1197.34 1.44365e-06 
1197.35 1.44686e-06 
1197.36 1.44996e-06 
1197.37 1.45296e-06 
1197.38 1.45586e-06 
1197.39 1.45868e-06 
1197.4 1.46143e-06 
1197.41 1.4641e-06 
1197.42 1.46673e-06 
1197.43 1.4693e-06 
1197.44 1.47184e-06 
1197.45 1.47434e-06 
1197.45 1.47683e-06 
1197.46 1.47931e-06 
1197.47 1.48178e-06 
1197.48 1.4843e-06 
1197.49 1.4868e-06 
1197.5 1.48933e-06 
1197.51 1.4919e-06 
1197.52 1.49451e-06 
1197.53 1.49718e-06 
1197.54 1.4999e-06 
1197.55 1.5027e-06 
1197.56 1.50557e-06 
1197.57 1.50853e-06 
1197.58 1.51159e-06 
1197.59 1.51474e-06 
1197.6 1.518e-06 
1197.61 1.52232e-06 
1197.62 1.52582e-06 
1197.63 1.52945e-06 
1197.64 1.53321e-06 
1197.65 1.53711e-06 
1197.66 1.54115e-06 
1197.67 1.54533e-06 
1197.68 1.54967e-06 
1197.69 1.55417e-06 
1197.7 1.55882e-06 
1197.71 1.56363e-06 
1197.72 1.5686e-06 
1197.73 1.57381e-06 
1197.74 1.57911e-06 
1197.75 1.58459e-06 
1197.76 1.59023e-06 
1197.77 1.59604e-06 
1197.78 1.60201e-06 
1197.79 1.60815e-06 
1197.8 1.61445e-06 
1197.81 1.62092e-06 
1197.82 1.62754e-06 
1197.83 1.63432e-06 
1197.84 1.64125e-06 
1197.85 1.64832e-06 
1197.86 1.65554e-06 
1197.87 1.6629e-06 
1197.88 1.67038e-06 
1197.88 1.678e-06 
1197.89 1.68573e-06 
1197.9 1.69357e-06 
1197.91 1.70152e-06 
1197.92 1.70957e-06 
1197.93 1.7177e-06 
1197.94 1.72591e-06 
1197.95 1.73419e-06 
1197.96 1.74254e-06 
1197.97 1.75093e-06 
1197.98 1.75947e-06 
1197.99 1.76793e-06 
1198 1.77641e-06 
1198.01 1.78491e-06 
1198.02 1.79339e-06 
1198.03 1.80186e-06 
1198.04 1.81031e-06 
1198.05 1.81871e-06 
1198.06 1.82706e-06 
1198.07 1.83535e-06 
1198.08 1.84356e-06 
1198.09 1.85168e-06 
1198.1 1.8597e-06 
1198.11 1.8676e-06 
1198.12 1.87538e-06 
1198.13 1.88301e-06 
1198.14 1.89049e-06 
1198.15 1.8978e-06 
1198.16 1.90493e-06 
1198.17 1.91187e-06 
1198.18 1.9186e-06 
1198.19 1.92511e-06 
1198.2 1.93139e-06 
1198.21 1.93742e-06 
1198.22 1.9432e-06 
1198.23 1.94878e-06 
1198.24 1.95401e-06 
1198.25 1.95894e-06 
1198.26 1.96358e-06 
1198.27 1.9679e-06 
1198.28 1.97189e-06 
1198.29 1.97555e-06 
1198.3 1.97887e-06 
1198.3 1.98183e-06 
1198.31 1.98443e-06 
1198.32 1.98665e-06 
1198.33 1.9885e-06 
1198.34 1.98996e-06 
1198.35 1.99102e-06 
1198.36 1.99168e-06 
1198.37 1.99192e-06 
1198.38 1.99176e-06 
1198.39 1.99117e-06 
1198.4 1.99015e-06 
1198.41 1.98871e-06 
1198.42 1.98683e-06 
1198.43 1.98451e-06 
1198.44 1.98175e-06 
1198.45 1.97855e-06 
1198.46 1.97491e-06 
1198.47 1.97081e-06 
1198.48 1.96621e-06 
1198.49 1.96122e-06 
1198.5 1.95578e-06 
1198.51 1.9499e-06 
1198.52 1.94357e-06 
1198.53 1.9368e-06 
1198.54 1.9296e-06 
1198.55 1.92196e-06 
1198.56 1.91388e-06 
1198.57 1.90538e-06 
1198.58 1.89646e-06 
1198.59 1.88712e-06 
1198.6 1.87737e-06 
1198.61 1.86837e-06 
1198.62 1.85782e-06 
1198.63 1.84687e-06 
1198.64 1.83555e-06 
1198.65 1.82385e-06 
1198.66 1.81179e-06 
1198.67 1.79937e-06 
1198.68 1.78661e-06 
1198.69 1.77352e-06 
1198.7 1.76011e-06 
1198.71 1.74638e-06 
1198.72 1.73235e-06 
1198.73 1.71786e-06 
1198.73 1.70326e-06 
1198.74 1.68841e-06 
1198.75 1.6733e-06 
1198.76 1.65796e-06 
1198.77 1.64239e-06 
1198.78 1.62661e-06 
1198.79 1.61064e-06 
1198.8 1.59449e-06 
1198.81 1.57817e-06 
1198.82 1.5617e-06 
1198.83 1.54509e-06 
1198.84 1.52836e-06 
1198.85 1.51152e-06 
1198.86 1.49459e-06 
1198.87 1.47759e-06 
1198.88 1.46052e-06 
1198.89 1.44341e-06 
1198.9 1.42626e-06 
1198.91 1.4091e-06 
1198.92 1.39194e-06 
1198.93 1.3748e-06 
1198.94 1.35769e-06 
1198.95 1.34062e-06 
1198.96 1.32362e-06 
1198.97 1.30669e-06 
1198.98 1.28965e-06 
1198.99 1.27292e-06 
1199 1.25632e-06 
1199.01 1.23985e-06 
1199.02 1.22353e-06 
1199.03 1.20738e-06 
1199.04 1.19141e-06 
1199.05 1.17563e-06 
1199.06 1.16005e-06 
1199.07 1.1447e-06 
1199.08 1.12958e-06 
1199.09 1.1147e-06 
1199.1 1.10008e-06 
1199.11 1.08573e-06 
1199.12 1.07167e-06 
1199.13 1.0579e-06 
1199.14 1.04443e-06 
1199.15 1.03128e-06 
1199.15 1.01845e-06 
1199.16 1.00596e-06 
1199.17 9.93821e-07 
1199.18 9.82035e-07 
1199.19 9.70613e-07 
1199.2 9.59564e-07 
1199.21 9.48898e-07 
1199.22 9.38497e-07 
1199.23 9.2862e-07 
1199.24 9.19149e-07 
1199.25 9.10088e-07 
1199.26 9.01445e-07 
1199.27 8.93224e-07 
1199.28 8.85432e-07 
1199.29 8.78072e-07 
1199.3 8.71149e-07 
1199.31 8.64669e-07 
1199.32 8.58633e-07 
1199.33 8.53045e-07 
1199.34 8.47908e-07 
1199.35 8.43225e-07 
1199.36 8.38997e-07 
1199.37 8.35225e-07 
1199.38 8.31911e-07 
1199.39 8.29055e-07 
1199.4 8.26657e-07 
1199.41 8.24717e-07 
1199.42 8.23234e-07 
1199.43 8.22208e-07 
1199.44 8.21636e-07 
1199.45 8.21517e-07 
1199.46 8.21847e-07 
1199.47 8.22626e-07 
1199.48 8.23867e-07 
1199.49 8.25535e-07 
1199.5 8.27641e-07 
1199.51 8.30179e-07 
1199.52 8.33144e-07 
1199.53 8.36533e-07 
1199.54 8.40338e-07 
1199.55 8.44555e-07 
1199.56 8.49177e-07 
1199.57 8.54198e-07 
1199.58 8.59611e-07 
1199.58 8.65409e-07 
1199.59 8.71584e-07 
1199.6 8.7813e-07 
1199.61 8.85583e-07 
1199.62 8.92848e-07 
1199.63 9.00458e-07 
1199.64 9.08404e-07 
1199.65 9.16678e-07 
1199.66 9.25269e-07 
1199.67 9.34169e-07 
1199.68 9.43367e-07 
1199.69 9.52855e-07 
1199.7 9.6262e-07 
1199.71 9.72654e-07 
1199.72 9.82945e-07 
1199.73 9.93616e-07 
1199.74 1.00439e-06 
1199.75 1.0154e-06 
1199.76 1.02661e-06 
1199.77 1.03803e-06 
1199.78 1.04964e-06 
1199.79 1.06143e-06 
1199.8 1.07339e-06 
1199.81 1.08551e-06 
1199.82 1.09777e-06 
1199.83 1.11017e-06 
1199.84 1.12269e-06 
1199.85 1.13532e-06 
1199.86 1.14805e-06 
1199.87 1.16086e-06 
1199.88 1.17376e-06 
1199.89 1.18672e-06 
1199.9 1.19973e-06 
1199.91 1.21278e-06 
1199.92 1.22587e-06 
1199.93 1.23897e-06 
1199.94 1.25209e-06 
1199.95 1.2652e-06 
1199.96 1.2783e-06 
1199.97 1.29137e-06 
1199.98 1.30457e-06 
1199.99 1.31757e-06 
1200 1.33051e-06 
1200.01 1.34339e-06 
1200.01 1.35619e-06 
1200.02 1.36891e-06 
1200.03 1.38153e-06 
1200.04 1.39405e-06 
1200.05 1.40647e-06 
1200.06 1.41876e-06 
1200.07 1.43092e-06 
1200.08 1.44295e-06 
1200.09 1.45484e-06 
1200.1 1.46657e-06 
1200.11 1.47815e-06 
1200.12 1.48956e-06 
1200.13 1.5008e-06 
1200.14 1.51186e-06 
1200.15 1.52273e-06 
1200.16 1.53342e-06 
1200.17 1.54391e-06 
1200.18 1.5542e-06 
1200.19 1.56429e-06 
1200.2 1.57416e-06 
1200.21 1.58383e-06 
1200.22 1.59327e-06 
1200.23 1.60261e-06 
1200.24 1.61161e-06 
1200.25 1.62038e-06 
1200.26 1.62892e-06 
1200.27 1.63723e-06 
1200.28 1.64531e-06 
1200.29 1.65315e-06 
1200.3 1.66076e-06 
1200.31 1.66813e-06 
1200.32 1.67526e-06 
1200.33 1.68216e-06 
1200.34 1.68882e-06 
1200.35 1.69524e-06 
1200.36 1.70142e-06 
1200.37 1.70737e-06 
1200.38 1.71308e-06 
1200.39 1.71856e-06 
1200.4 1.72381e-06 
1200.41 1.72882e-06 
1200.42 1.73361e-06 
1200.43 1.73818e-06 
1200.43 1.74252e-06 
1200.44 1.74664e-06 
1200.45 1.75054e-06 
1200.46 1.75423e-06 
1200.47 1.7577e-06 
1200.48 1.76101e-06 
1200.49 1.76407e-06 
1200.5 1.76693e-06 
1200.51 1.76959e-06 
1200.52 1.77206e-06 
1200.53 1.77435e-06 
1200.54 1.77644e-06 
1200.55 1.77836e-06 
1200.56 1.7801e-06 
1200.57 1.78166e-06 
1200.58 1.78306e-06 
1200.59 1.7843e-06 
1200.6 1.78538e-06 
1200.61 1.7874e-06 
1200.62 1.78817e-06 
1200.63 1.7888e-06 
1200.64 1.78928e-06 
1200.65 1.78963e-06 
1200.66 1.78984e-06 
1200.67 1.78993e-06 
1200.68 1.78989e-06 
1200.69 1.78973e-06 
1200.7 1.78945e-06 
1200.71 1.78906e-06 
1200.72 1.78856e-06 
1200.73 1.78794e-06 
1200.74 1.78723e-06 
1200.75 1.78642e-06 
1200.76 1.78552e-06 
1200.77 1.78452e-06 
1200.78 1.78344e-06 
1200.79 1.78226e-06 
1200.8 1.78101e-06 
1200.81 1.77967e-06 
1200.82 1.77825e-06 
1200.83 1.77676e-06 
1200.84 1.77519e-06 
1200.85 1.77354e-06 
1200.85 1.77183e-06 
1200.86 1.77004e-06 
1200.87 1.76819e-06 
1200.88 1.76626e-06 
1200.89 1.76427e-06 
1200.9 1.76222e-06 
1200.91 1.76009e-06 
1200.92 1.7579e-06 
1200.93 1.75565e-06 
1200.94 1.75333e-06 
1200.95 1.75094e-06 
1200.96 1.74849e-06 
1200.97 1.74597e-06 
1200.98 1.74335e-06 
1200.99 1.74069e-06 
1201 1.73796e-06 
1201.01 1.73517e-06 
1201.02 1.7323e-06 
1201.03 1.72935e-06 
1201.04 1.72633e-06 
1201.05 1.72324e-06 
1201.06 1.72006e-06 
1201.07 1.71681e-06 
1201.08 1.71347e-06 
1201.09 1.71004e-06 
1201.1 1.70653e-06 
1201.11 1.70293e-06 
1201.12 1.69923e-06 
1201.13 1.69544e-06 
1201.14 1.69156e-06 
1201.15 1.68757e-06 
1201.16 1.68348e-06 
1201.17 1.67928e-06 
1201.18 1.67498e-06 
1201.19 1.67057e-06 
1201.2 1.66604e-06 
1201.21 1.66139e-06 
1201.22 1.65663e-06 
1201.23 1.65168e-06 
1201.24 1.64667e-06 
1201.25 1.64153e-06 
1201.26 1.63626e-06 
1201.27 1.63086e-06 
1201.28 1.62533e-06 
1201.28 1.61965e-06 
1201.29 1.61384e-06 
1201.3 1.60789e-06 
1201.31 1.60179e-06 
1201.32 1.59554e-06 
1201.33 1.58915e-06 
1201.34 1.5826e-06 
1201.35 1.57591e-06 
1201.36 1.56906e-06 
1201.37 1.56205e-06 
1201.38 1.55489e-06 
1201.39 1.54757e-06 
1201.4 1.5401e-06 
1201.41 1.53246e-06 
1201.42 1.52466e-06 
1201.43 1.5167e-06 
1201.44 1.50858e-06 
1201.45 1.50029e-06 
1201.46 1.49185e-06 
1201.47 1.48324e-06 
1201.48 1.47435e-06 
1201.49 1.46542e-06 
1201.5 1.45632e-06 
1201.51 1.44706e-06 
1201.52 1.43764e-06 
1201.53 1.42807e-06 
1201.54 1.41833e-06 
1201.55 1.40844e-06 
1201.56 1.39839e-06 
1201.57 1.38819e-06 
1201.58 1.37784e-06 
1201.59 1.36733e-06 
1201.6 1.35668e-06 
1201.61 1.34672e-06 
1201.62 1.33577e-06 
1201.63 1.32469e-06 
1201.64 1.31346e-06 
1201.65 1.30211e-06 
1201.66 1.29062e-06 
1201.67 1.279e-06 
1201.68 1.26726e-06 
1201.69 1.2554e-06 
1201.7 1.24342e-06 
1201.7 1.23132e-06 
1201.71 1.21912e-06 
1201.72 1.20665e-06 
1201.73 1.19424e-06 
1201.74 1.18173e-06 
1201.75 1.16912e-06 
1201.76 1.15643e-06 
1201.77 1.14365e-06 
1201.78 1.13079e-06 
1201.79 1.11785e-06 
1201.8 1.10484e-06 
1201.81 1.09177e-06 
1201.82 1.07864e-06 
1201.83 1.06545e-06 
1201.84 1.05221e-06 
1201.85 1.03892e-06 
1201.86 1.02559e-06 
1201.87 1.01222e-06 
1201.88 9.98827e-07 
1201.89 9.85403e-07 
1201.9 9.71958e-07 
1201.91 9.58496e-07 
1201.92 9.45023e-07 
1201.93 9.31543e-07 
1201.94 9.18062e-07 
1201.95 9.04584e-07 
1201.96 8.91115e-07 
1201.97 8.7766e-07 
1201.98 8.64056e-07 
1201.99 8.50643e-07 
1202 8.37258e-07 
1202.01 8.23906e-07 
1202.02 8.10592e-07 
1202.03 7.9732e-07 
1202.04 7.84095e-07 
1202.05 7.70921e-07 
1202.06 7.57803e-07 
1202.07 7.44745e-07 
1202.08 7.31752e-07 
1202.09 7.18828e-07 
1202.1 7.05976e-07 
1202.11 6.932e-07 
1202.12 6.80506e-07 
1202.13 6.67896e-07 
1202.13 6.55374e-07 
1202.14 6.42943e-07 
1202.15 6.30608e-07 
1202.16 6.18372e-07 
1202.17 6.06237e-07 
1202.18 5.94208e-07 
1202.19 5.82287e-07 
1202.2 5.70476e-07 
1202.21 5.5878e-07 
1202.22 5.47057e-07 
1202.23 5.35597e-07 
1202.24 5.2426e-07 
1202.25 5.13046e-07 
1202.26 5.01959e-07 
1202.27 4.91e-07 
1202.28 4.80172e-07 
1202.29 4.69476e-07 
1202.3 4.58914e-07 
1202.31 4.48487e-07 
1202.32 4.38197e-07 
1202.33 4.28046e-07 
1202.34 4.18035e-07 
1202.35 4.08165e-07 
1202.36 3.98437e-07 
1202.37 3.88852e-07 
1202.38 3.7941e-07 
1202.39 3.70113e-07 
1202.4 3.60962e-07 
1202.41 3.51955e-07 
1202.42 3.43095e-07 
1202.43 3.34381e-07 
1202.44 3.25814e-07 
1202.45 3.17393e-07 
1202.46 3.09118e-07 
1202.47 3.0099e-07 
1202.48 2.9291e-07 
1202.49 2.85076e-07 
1202.5 2.77388e-07 
1202.51 2.69844e-07 
1202.52 2.62446e-07 
1202.53 2.55191e-07 
1202.54 2.4808e-07 
1202.55 2.41111e-07 
1202.56 2.34284e-07 
1202.56 2.27597e-07 
1202.57 2.21051e-07 
1202.58 2.14643e-07 
1202.59 2.08372e-07 
1202.6 2.02238e-07 
1202.61 1.9636e-07 
1202.62 1.90491e-07 
1202.63 1.84755e-07 
1202.64 1.7915e-07 
1202.65 1.73675e-07 
1202.66 1.68328e-07 
1202.67 1.63108e-07 
1202.68 1.58013e-07 
1202.69 1.53042e-07 
1202.7 1.48193e-07 
1202.71 1.43464e-07 
1202.72 1.38854e-07 
1202.73 1.34305e-07 
1202.74 1.29929e-07 
1202.75 1.25666e-07 
1202.76 1.21514e-07 
1202.77 1.17472e-07 
1202.78 1.13539e-07 
1202.79 1.09712e-07 
1202.8 1.05989e-07 
1202.81 1.02368e-07 
1202.82 9.88485e-08 
1202.83 9.54276e-08 
1202.84 9.21036e-08 
1202.85 8.88748e-08 
1202.86 8.57392e-08 
1202.87 8.2695e-08 
1202.88 7.97404e-08 
1202.89 7.68734e-08 
1202.9 7.40923e-08 
1202.91 7.13951e-08 
1202.92 6.87802e-08 
1202.93 6.62456e-08 
1202.94 6.37895e-08 
1202.95 6.14102e-08 
1202.96 5.91059e-08 
1202.97 5.68748e-08 
1202.98 5.47153e-08 
1202.98 5.25997e-08 
1202.99 5.05787e-08 
1203 4.86241e-08 
1203.01 4.67341e-08 
1203.02 4.49071e-08 
1203.03 4.31415e-08 
1203.04 4.14356e-08 
1203.05 3.9788e-08 
1203.06 3.81969e-08 
1203.07 3.66609e-08 
1203.08 3.51785e-08 
1203.09 3.37482e-08 
1203.1 3.23685e-08 
1203.11 3.1038e-08 
1203.12 2.97552e-08 
1203.13 2.85188e-08 
1203.14 2.73274e-08 
1203.15 2.61797e-08 
1203.16 2.50743e-08 
1203.17 2.401e-08 
1203.18 2.29856e-08 
1203.19 2.19997e-08 
1203.2 2.10512e-08 
1203.21 2.01389e-08 
1203.22 1.92616e-08 
1203.23 1.84079e-08 
1203.24 1.75978e-08 
1203.25 1.68194e-08 
1203.26 1.60717e-08 
1203.27 1.53537e-08 
1203.28 1.46643e-08 
1203.29 1.40026e-08 
1203.3 1.33677e-08 
1203.31 1.27586e-08 
1203.32 1.21743e-08 
1203.33 1.16142e-08 
1203.34 1.10772e-08 
1203.35 1.05626e-08 
1203.36 1.00695e-08 
1203.37 9.59725e-09 
1203.38 9.14499e-09 
1203.39 8.71202e-09 
1203.4 8.29761e-09 
1203.41 7.90106e-09 
1203.41 7.52172e-09 
1203.42 7.15892e-09 
1203.43 6.81203e-09 
1203.44 6.48044e-09 
1203.45 6.16355e-09 
1203.46 5.86079e-09 
1203.47 5.57161e-09 
1203.48 5.29209e-09 
1203.49 5.0286e-09 
1203.5 4.77712e-09 
1203.51 4.53716e-09 
1203.52 4.30825e-09 
1203.53 4.08993e-09 
1203.54 3.88177e-09 
1203.55 3.68335e-09 
1203.56 3.49426e-09 
1203.57 3.31409e-09 
1203.58 3.14249e-09 
1203.59 2.97908e-09 
1203.6 2.8235e-09 
1203.61 2.67708e-09 
1203.62 2.53609e-09 
1203.63 2.40197e-09 
1203.64 2.27441e-09 
1203.65 2.15313e-09 
1203.66 2.03783e-09 
1203.67 1.92826e-09 
1203.68 1.82416e-09 
1203.69 1.72527e-09 
1203.7 1.63137e-09 
1203.71 1.54221e-09 
1203.72 1.45759e-09 
1203.73 1.37632e-09 
1203.74 1.30019e-09 
1203.75 1.22798e-09 
1203.76 1.15952e-09 
1203.77 1.09461e-09 
1203.78 1.0331e-09 
1203.79 9.74822e-10 
1203.8 9.19614e-10 
1203.81 8.6733e-10 
1203.82 8.17828e-10 
1203.83 7.70971e-10 
1203.83 7.2663e-10 
1203.84 6.84679e-10 
1203.85 6.45e-10 
1203.86 6.07478e-10 
1203.87 5.72006e-10 
1203.88 5.3848e-10 
1203.89 5.068e-10 
1203.9 4.76873e-10 
1203.91 4.48609e-10 
1203.92 4.21922e-10 
1203.93 3.96729e-10 
1203.94 3.72954e-10 
1203.95 3.50522e-10 
1203.96 3.29362e-10 
1203.97 3.09408e-10 
1203.98 2.90366e-10 
1203.99 2.72646e-10 
1204 2.55948e-10 
1204.01 2.40217e-10 
1204.02 2.254e-10 
1204.03 2.11447e-10 
1204.04 1.98312e-10 
1204.05 1.85949e-10 
1204.06 1.74317e-10 
1204.07 1.63374e-10 
1204.08 1.53082e-10 
1204.09 1.43406e-10 
1204.1 1.34309e-10 
1204.11 1.2576e-10 
1204.12 1.17728e-10 
1204.13 1.10184e-10 
1204.14 1.03098e-10 
1204.15 9.64462e-11 
1204.16 9.02022e-11 
1204.17 8.43428e-11 
1204.18 7.88457e-11 
1204.19 7.36896e-11 
1204.2 6.88546e-11 
1204.21 6.43219e-11 
1204.22 6.00736e-11 
1204.23 5.60446e-11 
1204.24 5.23184e-11 
1204.25 4.88286e-11 
1204.26 4.55609e-11 
1204.26 4.2502e-11 
1204.27 3.96392e-11 
1204.28 3.69606e-11 
1204.29 3.4455e-11 
1204.3 3.21118e-11 
1204.31 2.99209e-11 
1204.32 2.7873e-11 
1204.33 2.59593e-11 
1204.34 2.41712e-11 
1204.35 2.25011e-11 
1204.36 2.09416e-11 
1204.37 1.94855e-11 
1204.38 1.81265e-11 
1204.39 1.68583e-11 
1204.4 1.56752e-11 
1204.41 1.45717e-11 
1204.42 1.35428e-11 
1204.43 1.25836e-11 
1204.44 1.16895e-11 
1204.45 1.08565e-11 
1204.46 1.00805e-11 
1204.47 9.35778e-12 
1204.48 8.67673e-12 
1204.49 8.05087e-12 
1204.5 7.46841e-12 
1204.51 6.92647e-12 
1204.52 6.42236e-12 
1204.53 5.95356e-12 
1204.54 5.51768e-12 
1204.55 5.11253e-12 
1204.56 4.73602e-12 
1204.57 4.38621e-12 
1204.58 4.0613e-12 
1204.59 3.75958e-12 
1204.6 3.47946e-12 
1204.61 3.21946e-12 
1204.62 2.98003e-12 
1204.63 2.75606e-12 
1204.64 2.54834e-12 
1204.65 2.35572e-12 
1204.66 2.17715e-12 
1204.67 2.01165e-12 
1204.68 1.8583e-12 
1204.68 1.71623e-12 
1204.69 1.58466e-12 
1204.7 1.46283e-12 
1204.71 1.35006e-12 
1204.72 1.24443e-12 
1204.73 1.14796e-12 
1204.74 1.05871e-12 
1204.75 9.76177e-13 
1204.76 8.99867e-13 
1204.77 8.2933e-13 
1204.78 7.64143e-13 
1204.79 7.03916e-13 
1204.8 6.48285e-13 
1204.81 5.96911e-13 
1204.82 5.4948e-13 
1204.83 5.057e-13 
1204.84 4.653e-13 
1204.85 4.28027e-13 
1204.86 3.93648e-13 
1204.87 3.61947e-13 
1204.88 3.3272e-13 
1204.89 3.05783e-13 
1204.9 2.8096e-13 
1204.91 2.58093e-13 
1204.92 2.37031e-13 
1204.93 2.17638e-13 
1204.94 1.99784e-13 
1204.95 1.83353e-13 
1204.96 1.68233e-13 
1204.97 1.54325e-13 
1204.98 1.4138e-13 
1204.99 1.2963e-13 
1205 1.1883e-13 
1205.01 1.08903e-13 
1205.02 9.97833e-14 
1205.03 9.14055e-14 
1205.04 8.37116e-14 
1205.05 7.66474e-14 
1205.06 7.0163e-14 
1205.07 6.42122e-14 
1205.08 5.87524e-14 
1205.09 5.37443e-14 
1205.1 4.91517e-14 
1205.11 4.4941e-14 
1205.11 4.10815e-14 
1205.12 3.75446e-14 
1205.13 3.43043e-14 
1205.14 3.13363e-14 
1205.15 2.86184e-14 
1205.16 2.61302e-14 
1205.17 2.38527e-14 
1205.18 2.17687e-14 
1205.19 1.98621e-14 
1205.2 1.81183e-14 
1205.21 1.65237e-14 
1205.22 1.50493e-14 
1205.23 1.37177e-14 
1205.24 1.25017e-14 
1205.25 1.13907e-14 
1205.26 1.03761e-14 
1205.27 9.44966e-15 
1205.28 8.60392e-15 
1205.29 7.83206e-15 
1205.3 7.12777e-15 
1205.31 6.4853e-15 
1205.32 5.89937e-15 
1205.33 5.36512e-15 
1205.34 4.87812e-15 
1205.35 4.43429e-15 
1205.36 4.0299e-15 
1205.37 3.66153e-15 
1205.38 3.32607e-15 
1205.39 3.02063e-15 
1205.4 2.7426e-15 
1205.41 2.48958e-15 
1205.42 2.25938e-15 
1205.43 2.04999e-15 
1205.44 1.85956e-15 
1205.45 1.68644e-15 
1205.46 1.52907e-15 
1205.47 1.38607e-15 
1205.48 1.25467e-15 
1205.49 1.13673e-15 
1205.5 1.02969e-15 
1205.51 9.32519e-16 
1205.52 8.44319e-16 
1205.53 7.64283e-16 
1205.54 6.91673e-16 
1205.54 6.25814e-16 
1205.55 5.66095e-16 
1205.56 5.11955e-16 
1205.57 4.62885e-16 
1205.58 4.1842e-16 
1205.59 3.78139e-16 
1205.6 3.41656e-16 
1205.61 3.08811e-16 
1205.62 2.78886e-16 
1205.63 2.51803e-16 
1205.64 2.27297e-16 
1205.65 2.05128e-16 
1205.66 1.85078e-16 
1205.67 1.66948e-16 
1205.68 1.5056e-16 
1205.69 1.35749e-16 
1205.7 1.22366e-16 
1205.71 1.10277e-16 
1205.72 9.93588e-17 
1205.73 8.93839e-17 
1205.74 8.04967e-17 
1205.75 7.24761e-17 
1205.76 6.52395e-17 
1205.77 5.87118e-17 
1205.78 5.28249e-17 
1205.79 4.75172e-17 
1205.8 4.27329e-17 
1205.81 3.84213e-17 
1205.82 3.45366e-17 
1205.83 3.10375e-17 
1205.84 2.78864e-17 
1205.85 2.50494e-17 
1205.86 2.24958e-17 
1205.87 2.01977e-17 
1205.88 1.81302e-17 
1205.89 1.62706e-17 
1205.9 1.45983e-17 
1205.91 1.30948e-17 
1205.92 1.17434e-17 
1205.93 1.0529e-17 
1205.94 9.43803e-18 
1205.95 8.45811e-18 
1205.96 7.57816e-18 
1205.96 6.78818e-18 
1205.97 6.07913e-18 
1205.98 5.43535e-18 
1205.99 4.86532e-18 
1206 4.35406e-18 
1206.01 3.89562e-18 
1206.02 3.48463e-18 
1206.03 3.11628e-18 
1206.04 2.78621e-18 
1206.05 2.49053e-18 
1206.06 2.2257e-18 
1206.07 1.98857e-18 
1206.08 1.77629e-18 
1206.09 1.5863e-18 
1206.1 1.4163e-18 
1206.11 1.26423e-18 
1206.12 1.12822e-18 
1206.13 1.00661e-18 
1206.14 8.97893e-19 
1206.15 8.00735e-19 
1206.16 7.13923e-19 
1206.17 6.36375e-19 
1206.18 5.67118e-19 
1206.19 5.0528e-19 
1206.2 4.5008e-19 
1206.21 4.00817e-19 
1206.22 3.56863e-19 
1206.23 3.17193e-19 
1206.24 2.82277e-19 
1206.25 2.51145e-19 
1206.26 2.23395e-19 
1206.27 1.98665e-19 
1206.28 1.76631e-19 
1206.29 1.57005e-19 
1206.3 1.39527e-19 
1206.31 1.23965e-19 
1206.32 1.10114e-19 
1206.33 9.77869e-20 
1206.34 8.682e-20 
1206.35 7.7065e-20 
1206.36 6.83901e-20 
1206.37 6.06776e-20 
1206.38 5.38223e-20 
1206.39 4.77304e-20 
1206.39 4.23181e-20 
1206.4 3.75108e-20 
1206.41 3.32418e-20 
1206.42 2.94518e-20 
1206.43 2.60878e-20 
1206.44 2.31027e-20 
1206.45 2.04544e-20 
1206.46 1.81054e-20 
1206.47 1.60225e-20 
1206.48 1.41542e-20 
1206.49 1.25199e-20 
1206.5 1.10718e-20 
1206.51 9.78887e-21 
1206.52 8.65259e-21 
1206.53 7.64642e-21 
1206.54 6.75568e-21 
1206.55 5.96732e-21 
1206.56 5.26972e-21 
1206.57 4.65259e-21 
1206.58 4.10677e-21 
1206.59 3.62414e-21 
1206.6 0 
