#energy geo_1 
1186.6 0 
1186.61 0 
1186.62 0 
1186.63 0 
1186.64 0 
1186.65 0 
1186.66 0 
1186.67 0 
1186.68 0 
1186.69 0 
1186.7 0 
1186.71 0 
1186.72 0 
1186.73 0 
1186.74 0 
1186.75 0 
1186.76 0 
1186.77 0 
1186.78 0 
1186.79 0 
1186.8 0 
1186.81 0 
1186.81 0 
1186.82 0 
1186.83 0 
1186.84 0 
1186.85 0 
1186.86 0 
1186.87 0 
1186.88 0 
1186.89 0 
1186.9 0 
1186.91 0 
1186.92 0 
1186.93 0 
1186.94 0 
1186.95 0 
1186.96 0 
1186.97 0 
1186.98 0 
1186.99 0 
1187 0 
1187.01 0 
1187.02 0 
1187.03 0 
1187.04 0 
1187.05 0 
1187.06 0 
1187.07 0 
1187.08 0 
1187.09 0 
1187.1 0 
1187.11 0 
1187.12 0 
1187.13 0 
1187.14 0 
1187.15 0 
1187.16 0 
1187.17 0 
1187.18 0 
1187.19 0 
1187.2 0 
1187.21 0 
1187.22 0 
1187.23 0 
1187.24 0 
1187.24 0 
1187.25 0 
1187.26 0 
1187.27 0 
1187.28 0 
1187.29 0 
1187.3 0 
1187.31 0 
1187.32 0 
1187.33 0 
1187.34 0 
1187.35 0 
1187.36 0 
1187.37 0 
1187.38 0 
1187.39 0 
1187.4 0 
1187.41 0 
1187.42 0 
1187.43 0 
1187.44 0 
1187.45 0 
1187.46 0 
1187.47 0 
1187.48 0 
1187.49 0 
1187.5 0 
1187.51 0 
1187.52 0 
1187.53 0 
1187.54 0 
1187.55 0 
1187.56 0 
1187.57 0 
1187.58 0 
1187.59 0 
1187.6 0 
1187.61 0 
1187.62 0 
1187.63 0 
1187.64 0 
1187.65 0 
1187.66 0 
1187.66 0 
1187.67 0 
1187.68 0 
1187.69 0 
1187.7 0 
1187.71 0 
1187.72 0 
1187.73 0 
1187.74 0 
1187.75 0 
1187.76 0 
1187.77 0 
1187.78 0 
1187.79 0 
1187.8 0 
1187.81 0 
1187.82 0 
1187.83 0 
1187.84 0 
1187.85 0 
1187.86 0 
1187.87 0 
1187.88 0 
1187.89 0 
1187.9 0 
1187.91 0 
1187.92 0 
1187.93 0 
1187.94 0 
1187.95 0 
1187.96 0 
1187.97 0 
1187.98 0 
1187.99 0 
1188 0 
1188.01 0 
1188.02 0 
1188.03 0 
1188.04 0 
1188.05 0 
1188.06 0 
1188.07 0 
1188.08 0 
1188.09 0 
1188.09 0 
1188.1 0 
1188.11 0 
1188.12 0 
1188.13 0 
1188.14 0 
1188.15 0 
1188.16 0 
1188.17 0 
1188.18 0 
1188.19 0 
1188.2 0 
1188.21 0 
1188.22 0 
1188.23 0 
1188.24 0 
1188.25 0 
1188.26 0 
1188.27 0 
1188.28 0 
1188.29 0 
1188.3 0 
1188.31 0 
1188.32 0 
1188.33 0 
1188.34 0 
1188.35 0 
1188.36 0 
1188.37 0 
1188.38 0 
1188.39 0 
1188.4 0 
1188.41 0 
1188.42 0 
1188.43 0 
1188.44 0 
1188.45 0 
1188.46 0 
1188.47 0 
1188.48 0 
1188.49 0 
1188.5 0 
1188.51 0 
1188.52 0 
1188.52 0 
1188.53 0 
1188.54 0 
1188.55 0 
1188.56 0 
1188.57 0 
1188.58 0 
1188.59 0 
1188.6 0 
1188.61 0 
1188.62 0 
1188.63 0 
1188.64 0 
1188.65 0 
1188.66 0 
1188.67 0 
1188.68 0 
1188.69 0 
1188.7 0 
1188.71 0 
1188.72 0 
1188.73 0 
1188.74 0 
1188.75 0 
1188.76 0 
1188.77 0 
1188.78 0 
1188.79 0 
1188.8 0 
1188.81 0 
1188.82 0 
1188.83 0 
1188.84 0 
1188.85 0 
1188.86 0 
1188.87 0 
1188.88 0 
1188.89 0 
1188.9 0 
1188.91 0 
1188.92 0 
1188.93 0 
1188.94 0 
1188.94 0 
1188.95 0 
1188.96 0 
1188.97 0 
1188.98 0 
1188.99 0 
1189 0 
1189.01 0 
1189.02 0 
1189.03 0 
1189.04 0 
1189.05 0 
1189.06 0 
1189.07 0 
1189.08 0 
1189.09 0 
1189.1 0 
1189.11 0 
1189.12 0 
1189.13 0 
1189.14 0 
1189.15 0 
1189.16 0 
1189.17 0 
1189.18 0 
1189.19 0 
1189.2 0 
1189.21 0 
1189.22 0 
1189.23 0 
1189.24 0 
1189.25 0 
1189.26 0 
1189.27 0 
1189.28 0 
1189.29 0 
1189.3 0 
1189.31 0 
1189.32 0 
1189.33 0 
1189.34 0 
1189.35 0 
1189.36 0 
1189.36 0 
1189.37 0 
1189.38 0 
1189.39 0 
1189.4 0 
1189.41 0 
1189.42 0 
1189.43 0 
1189.44 0 
1189.45 0 
1189.46 0 
1189.47 0 
1189.48 0 
1189.49 0 
1189.5 0 
1189.51 0 
1189.52 0 
1189.53 0 
1189.54 0 
1189.55 0 
1189.56 0 
1189.57 0 
1189.58 0 
1189.59 0 
1189.6 0 
1189.61 0 
1189.62 0 
1189.63 0 
1189.64 0 
1189.65 0 
1189.66 0 
1189.67 0 
1189.68 0 
1189.69 0 
1189.7 1.4013e-45 
1189.71 1.4013e-45 
1189.72 1.4013e-45 
1189.73 1.4013e-45 
1189.74 1.4013e-45 
1189.75 2.8026e-45 
1189.76 2.8026e-45 
1189.77 2.8026e-45 
1189.78 2.8026e-45 
1189.79 4.2039e-45 
1189.79 5.60519e-45 
1189.8 7.00649e-45 
1189.81 8.40779e-45 
1189.82 1.12104e-44 
1189.83 1.26117e-44 
1189.84 1.68156e-44 
1189.85 2.10195e-44 
1189.86 2.52234e-44 
1189.87 3.08286e-44 
1189.88 3.92364e-44 
1189.89 4.76441e-44 
1189.9 5.88545e-44 
1189.91 7.28675e-44 
1189.92 8.96831e-44 
1189.93 1.10703e-43 
1189.94 1.37327e-43 
1189.95 1.68156e-43 
1189.96 2.07392e-43 
1189.97 2.55036e-43 
1189.98 3.15292e-43 
1189.99 3.89561e-43 
1190 4.79244e-43 
1190.01 5.89947e-43 
1190.02 7.25873e-43 
1190.03 8.94028e-43 
1190.04 1.09862e-42 
1190.05 1.35085e-42 
1190.06 1.66194e-42 
1190.07 2.04309e-42 
1190.08 2.50973e-42 
1190.09 3.08146e-42 
1190.1 3.78491e-42 
1190.11 4.64671e-42 
1190.12 5.70188e-42 
1190.13 6.99528e-42 
1190.14 8.58015e-42 
1190.15 1.05181e-41 
1190.16 1.28919e-41 
1190.17 1.57968e-41 
1190.18 1.93519e-41 
1190.19 2.36974e-41 
1190.2 2.90125e-41 
1190.21 3.55061e-41 
1190.21 4.34417e-41 
1190.22 5.32676e-41 
1190.23 6.51338e-41 
1190.24 7.96176e-41 
1190.25 9.72936e-41 
1190.26 1.18858e-40 
1190.27 1.45161e-40 
1190.28 1.77229e-40 
1190.29 2.16316e-40 
1190.3 2.63944e-40 
1190.31 3.21964e-40 
1190.32 3.92619e-40 
1190.33 4.78633e-40 
1190.34 5.83317e-40 
1190.35 7.10683e-40 
1190.36 8.65597e-40 
1190.37 1.05397e-39 
1190.38 1.28294e-39 
1190.39 1.56119e-39 
1190.4 1.89922e-39 
1190.41 2.30974e-39 
1190.42 2.80815e-39 
1190.43 3.41308e-39 
1190.44 4.14709e-39 
1190.45 5.03743e-39 
1190.46 6.11708e-39 
1190.47 7.4259e-39 
1190.48 9.03386e-39 
1190.49 1.09601e-38 
1190.5 1.32931e-38 
1190.51 1.61178e-38 
1190.52 1.9537e-38 
1190.53 2.36743e-38 
1190.54 2.86791e-38 
1190.55 3.47316e-38 
1190.56 4.20487e-38 
1190.57 5.0892e-38 
1190.58 6.15767e-38 
1190.59 7.44822e-38 
1190.6 9.00654e-38 
1190.61 1.08944e-37 
1190.62 1.31658e-37 
1190.63 1.5906e-37 
1190.64 1.92107e-37 
1190.64 2.31951e-37 
1190.65 2.79975e-37 
1190.66 3.37839e-37 
1190.67 4.07541e-37 
1190.68 4.91475e-37 
1190.69 5.92518e-37 
1190.7 7.1412e-37 
1190.71 8.60419e-37 
1190.72 1.03638e-36 
1190.73 1.25084e-36 
1190.74 1.50574e-36 
1190.75 1.81202e-36 
1190.76 2.17996e-36 
1190.77 2.62181e-36 
1190.78 3.15228e-36 
1190.79 3.78894e-36 
1190.8 4.55282e-36 
1190.81 5.46904e-36 
1190.82 6.56769e-36 
1190.83 7.88466e-36 
1190.84 9.46287e-36 
1190.85 1.13536e-35 
1190.86 1.36179e-35 
1190.87 1.6329e-35 
1190.88 1.95738e-35 
1190.89 2.34565e-35 
1190.9 2.81009e-35 
1190.91 3.36547e-35 
1190.92 4.0294e-35 
1190.93 4.82287e-35 
1190.94 5.77085e-35 
1190.95 6.90308e-35 
1190.96 8.25498e-35 
1190.97 9.86867e-35 
1190.98 1.18205e-34 
1190.99 1.41227e-34 
1191 1.68681e-34 
1191.01 2.01412e-34 
1191.02 2.40421e-34 
1191.03 2.86899e-34 
1191.04 3.4226e-34 
1191.05 4.08181e-34 
1191.06 4.86652e-34 
1191.07 5.80034e-34 
1191.07 6.91128e-34 
1191.08 8.23251e-34 
1191.09 9.80337e-34 
1191.1 1.16705e-33 
1191.11 1.3889e-33 
1191.12 1.65243e-33 
1191.13 1.96537e-33 
1191.14 2.33687e-33 
1191.15 2.77776e-33 
1191.16 3.30083e-33 
1191.17 3.92123e-33 
1191.18 4.65684e-33 
1191.19 5.52877e-33 
1191.2 6.56199e-33 
1191.21 7.78596e-33 
1191.22 9.23546e-33 
1191.23 1.09748e-32 
1191.24 1.30101e-32 
1191.25 1.54182e-32 
1191.26 1.82665e-32 
1191.27 2.16346e-32 
1191.28 2.56159e-32 
1191.29 3.03207e-32 
1191.3 3.58789e-32 
1191.31 4.24432e-32 
1191.32 5.01935e-32 
1191.33 5.93411e-32 
1191.34 7.01347e-32 
1191.35 8.28667e-32 
1191.36 9.78806e-32 
1191.37 1.1558e-31 
1191.38 1.36439e-31 
1191.39 1.61014e-31 
1191.4 1.89958e-31 
1191.41 2.24037e-31 
1191.42 2.64152e-31 
1191.43 3.11355e-31 
1191.44 3.66883e-31 
1191.45 4.32185e-31 
1191.46 5.08956e-31 
1191.47 5.99184e-31 
1191.48 7.06754e-31 
1191.49 8.31402e-31 
1191.49 9.77907e-31 
1191.5 1.14988e-30 
1191.51 1.3517e-30 
1191.52 1.58846e-30 
1191.53 1.86612e-30 
1191.54 2.19166e-30 
1191.55 2.57322e-30 
1191.56 3.0203e-30 
1191.57 3.54399e-30 
1191.58 4.15723e-30 
1191.59 4.87512e-30 
1191.6 5.7188e-30 
1191.61 6.70231e-30 
1191.62 7.85261e-30 
1191.63 9.19757e-30 
1191.64 1.07696e-29 
1191.65 1.26066e-29 
1191.66 1.47525e-29 
1191.67 1.72585e-29 
1191.68 2.01841e-29 
1191.69 2.35985e-29 
1191.7 2.75823e-29 
1191.71 3.22288e-29 
1191.72 3.76468e-29 
1191.73 4.40476e-29 
1191.74 5.14213e-29 
1191.75 6.00114e-29 
1191.76 7.00155e-29 
1191.77 8.16626e-29 
1191.78 9.52187e-29 
1191.79 1.10992e-28 
1191.8 1.29339e-28 
1191.81 1.50673e-28 
1191.82 1.75474e-28 
1191.83 2.04295e-28 
1191.84 2.37779e-28 
1191.85 2.76667e-28 
1191.86 3.21819e-28 
1191.87 3.74227e-28 
1191.88 4.3504e-28 
1191.89 5.05582e-28 
1191.9 5.87386e-28 
1191.91 6.8222e-28 
1191.92 7.92128e-28 
1191.92 9.19466e-28 
1191.93 1.06695e-27 
1191.94 1.23773e-27 
1191.95 1.4354e-27 
1191.96 1.66415e-27 
1191.97 1.92876e-27 
1191.98 2.2389e-27 
1191.99 2.59334e-27 
1192 3.00298e-27 
1192.01 3.47629e-27 
1192.02 4.023e-27 
1192.03 4.65427e-27 
1192.04 5.38299e-27 
1192.05 6.22394e-27 
1192.06 7.19409e-27 
1192.07 8.31297e-27 
1192.08 9.60297e-27 
1192.09 1.10898e-26 
1192.1 1.2803e-26 
1192.11 1.47765e-26 
1192.12 1.7049e-26 
1192.13 1.9665e-26 
1192.14 2.26757e-26 
1192.15 2.61395e-26 
1192.16 3.01232e-26 
1192.17 3.47037e-26 
1192.18 3.99687e-26 
1192.19 4.60186e-26 
1192.2 5.29683e-26 
1192.21 6.09492e-26 
1192.22 7.01116e-26 
1192.23 8.07679e-26 
1192.24 9.28534e-26 
1192.25 1.06715e-25 
1192.26 1.22609e-25 
1192.27 1.40829e-25 
1192.28 1.61706e-25 
1192.29 1.85624e-25 
1192.3 2.13014e-25 
1192.31 2.44373e-25 
1192.32 2.80264e-25 
1192.33 3.2133e-25 
1192.34 3.68303e-25 
1192.34 4.22015e-25 
1192.35 4.83415e-25 
1192.36 5.53581e-25 
1192.37 6.33741e-25 
1192.38 7.25291e-25 
1192.39 8.29817e-25 
1192.4 9.49121e-25 
1192.41 1.08525e-24 
1192.42 1.24053e-24 
1192.43 1.41761e-24 
1192.44 1.61947e-24 
1192.45 1.84952e-24 
1192.46 2.11161e-24 
1192.47 2.41013e-24 
1192.48 2.75455e-24 
1192.49 3.14205e-24 
1192.5 3.58298e-24 
1192.51 4.08456e-24 
1192.52 4.65497e-24 
1192.53 5.30343e-24 
1192.54 6.04041e-24 
1192.55 6.87773e-24 
1192.56 7.82877e-24 
1192.57 8.90865e-24 
1192.58 1.01344e-23 
1192.59 1.15254e-23 
1192.6 1.31033e-23 
1192.61 1.4902e-23 
1192.62 1.69321e-23 
1192.63 1.92329e-23 
1192.64 2.18398e-23 
1192.65 2.47926e-23 
1192.66 2.81362e-23 
1192.67 3.19211e-23 
1192.68 3.62043e-23 
1192.69 4.10498e-23 
1192.7 4.65298e-23 
1192.71 5.27256e-23 
1192.72 5.97284e-23 
1192.73 6.77461e-23 
1192.74 7.66974e-23 
1192.75 8.68054e-23 
1192.76 9.8216e-23 
1192.77 1.11093e-22 
1192.77 1.25621e-22 
1192.78 1.42006e-22 
1192.79 1.60479e-22 
1192.8 1.81301e-22 
1192.81 2.04764e-22 
1192.82 2.31193e-22 
1192.83 2.60955e-22 
1192.84 2.9446e-22 
1192.85 3.32167e-22 
1192.86 3.74589e-22 
1192.87 4.22303e-22 
1192.88 4.75951e-22 
1192.89 5.36253e-22 
1192.9 6.04014e-22 
1192.91 6.80132e-22 
1192.92 7.65613e-22 
1192.93 8.61578e-22 
1192.94 9.6928e-22 
1192.95 1.09012e-21 
1192.96 1.22565e-21 
1192.97 1.37762e-21 
1192.98 1.55022e-21 
1192.99 1.74139e-21 
1193 1.95553e-21 
1193.01 2.19535e-21 
1193.02 2.46384e-21 
1193.03 2.76433e-21 
1193.04 3.10054e-21 
1193.05 3.4766e-21 
1193.06 3.89709e-21 
1193.07 4.36713e-21 
1193.08 4.8924e-21 
1193.09 5.47919e-21 
1193.1 6.13452e-21 
1193.11 6.86616e-21 
1193.12 7.68275e-21 
1193.13 8.59387e-21 
1193.14 9.61016e-21 
1193.15 1.07434e-20 
1193.16 1.20067e-20 
1193.17 1.34144e-20 
1193.18 1.49828e-20 
1193.19 1.67294e-20 
1193.19 1.86741e-20 
1193.2 2.08385e-20 
1193.21 2.32469e-20 
1193.22 2.5963e-20 
1193.23 2.89439e-20 
1193.24 3.22597e-20 
1193.25 3.59446e-20 
1193.26 4.00384e-20 
1193.27 4.4585e-20 
1193.28 4.9633e-20 
1193.29 5.52359e-20 
1193.3 6.14528e-20 
1193.31 6.83489e-20 
1193.32 7.5996e-20 
1193.33 8.44733e-20 
1193.34 9.38681e-20 
1193.35 1.04276e-19 
1193.36 1.15804e-19 
1193.37 1.28567e-19 
1193.38 1.42694e-19 
1193.39 1.58325e-19 
1193.4 1.75616e-19 
1193.41 1.94737e-19 
1193.42 2.15875e-19 
1193.43 2.39236e-19 
1193.44 2.65044e-19 
1193.45 2.93549e-19 
1193.46 3.25021e-19 
1193.47 3.5976e-19 
1193.48 3.98595e-19 
1193.49 4.4093e-19 
1193.5 4.87615e-19 
1193.51 5.39081e-19 
1193.52 5.958e-19 
1193.53 6.58289e-19 
1193.54 7.27113e-19 
1193.55 8.02891e-19 
1193.56 8.86299e-19 
1193.57 9.78079e-19 
1193.58 1.07904e-18 
1193.59 1.19006e-18 
1193.6 1.31211e-18 
1193.61 1.44714e-18 
1193.62 1.5946e-18 
1193.62 1.75655e-18 
1193.63 1.93438e-18 
1193.64 2.12956e-18 
1193.65 2.34373e-18 
1193.66 2.57867e-18 
1193.67 2.83631e-18 
1193.68 3.11875e-18 
1193.69 3.42828e-18 
1193.7 3.7674e-18 
1193.71 4.13882e-18 
1193.72 4.54549e-18 
1193.73 4.99645e-18 
1193.74 5.48407e-18 
1193.75 6.01747e-18 
1193.76 6.60077e-18 
1193.77 7.23843e-18 
1193.78 7.93531e-18 
1193.79 8.69667e-18 
1193.8 9.5282e-18 
1193.81 1.04361e-17 
1193.82 1.14271e-17 
1193.83 1.25084e-17 
1193.84 1.3688e-17 
1193.85 1.49742e-17 
1193.86 1.63764e-17 
1193.87 1.79045e-17 
1193.88 1.95694e-17 
1193.89 2.13826e-17 
1193.9 2.33568e-17 
1193.91 2.55056e-17 
1193.92 2.78437e-17 
1193.93 3.0387e-17 
1193.94 3.31526e-17 
1193.95 3.61591e-17 
1193.96 3.94263e-17 
1193.97 4.29759e-17 
1193.98 4.68812e-17 
1193.99 5.1071e-17 
1194 5.56186e-17 
1194.01 6.05529e-17 
1194.02 6.59051e-17 
1194.03 7.17088e-17 
1194.04 7.80002e-17 
1194.05 8.48181e-17 
1194.05 9.22041e-17 
1194.06 1.00203e-16 
1194.07 1.08864e-16 
1194.08 1.18237e-16 
1194.09 1.28379e-16 
1194.1 1.39348e-16 
1194.11 1.5121e-16 
1194.12 1.64032e-16 
1194.13 1.77888e-16 
1194.14 1.92856e-16 
1194.15 2.09021e-16 
1194.16 2.26472e-16 
1194.17 2.45307e-16 
1194.18 2.65629e-16 
1194.19 2.87547e-16 
1194.2 3.11181e-16 
1194.21 3.36656e-16 
1194.22 3.64106e-16 
1194.23 3.94061e-16 
1194.24 4.25935e-16 
1194.25 4.60249e-16 
1194.26 4.97177e-16 
1194.27 5.36907e-16 
1194.28 5.79638e-16 
1194.29 6.25582e-16 
1194.3 6.74964e-16 
1194.31 7.28025e-16 
1194.32 7.85022e-16 
1194.33 8.46227e-16 
1194.34 9.1193e-16 
1194.35 9.82438e-16 
1194.36 1.05808e-15 
1194.37 1.1392e-15 
1194.38 1.22618e-15 
1194.39 1.3194e-15 
1194.4 1.41928e-15 
1194.41 1.52626e-15 
1194.42 1.64081e-15 
1194.43 1.76343e-15 
1194.44 1.89464e-15 
1194.45 2.03501e-15 
1194.46 2.18512e-15 
1194.47 2.34559e-15 
1194.47 2.51939e-15 
1194.48 2.7027e-15 
1194.49 2.89856e-15 
1194.5 3.10768e-15 
1194.51 3.33089e-15 
1194.52 3.56907e-15 
1194.53 3.82312e-15 
1194.54 4.09402e-15 
1194.55 4.38281e-15 
1194.56 4.69056e-15 
1194.57 5.01841e-15 
1194.58 5.36757e-15 
1194.59 5.73929e-15 
1194.6 6.13492e-15 
1194.61 6.5599e-15 
1194.62 7.00789e-15 
1194.63 7.48422e-15 
1194.64 7.99054e-15 
1194.65 8.52855e-15 
1194.66 9.10006e-15 
1194.67 9.70695e-15 
1194.68 1.03512e-14 
1194.69 1.10349e-14 
1194.7 1.17603e-14 
1194.71 1.25296e-14 
1194.72 1.33452e-14 
1194.73 1.42207e-14 
1194.74 1.51373e-14 
1194.75 1.61081e-14 
1194.76 1.71361e-14 
1194.77 1.82242e-14 
1194.78 1.93756e-14 
1194.79 2.05936e-14 
1194.8 2.18816e-14 
1194.81 2.32433e-14 
1194.82 2.46823e-14 
1194.83 2.62026e-14 
1194.84 2.78082e-14 
1194.85 2.95034e-14 
1194.86 3.12927e-14 
1194.87 3.31806e-14 
1194.88 3.51719e-14 
1194.89 3.72716e-14 
1194.9 3.9485e-14 
1194.9 4.18174e-14 
1194.91 4.42745e-14 
1194.92 4.6862e-14 
1194.93 4.95861e-14 
1194.94 5.2453e-14 
1194.95 5.54693e-14 
1194.96 5.86417e-14 
1194.97 6.19773e-14 
1194.98 6.55283e-14 
1194.99 6.92147e-14 
1195 7.3087e-14 
1195.01 7.71533e-14 
1195.02 8.14221e-14 
1195.03 8.5902e-14 
1195.04 9.0602e-14 
1195.05 9.55313e-14 
1195.06 1.007e-13 
1195.07 1.06117e-13 
1195.08 1.11793e-13 
1195.09 1.17739e-13 
1195.1 1.23966e-13 
1195.11 1.30485e-13 
1195.12 1.37307e-13 
1195.13 1.44445e-13 
1195.14 1.51912e-13 
1195.15 1.59719e-13 
1195.16 1.6788e-13 
1195.17 1.76408e-13 
1195.18 1.85319e-13 
1195.19 1.94625e-13 
1195.2 2.04343e-13 
1195.21 2.14487e-13 
1195.22 2.25074e-13 
1195.23 2.3626e-13 
1195.24 2.47787e-13 
1195.25 2.59807e-13 
1195.26 2.72338e-13 
1195.27 2.85399e-13 
1195.28 2.99009e-13 
1195.29 3.13187e-13 
1195.3 3.27955e-13 
1195.31 3.43332e-13 
1195.32 3.59342e-13 
1195.32 3.76006e-13 
1195.33 3.93348e-13 
1195.34 4.11392e-13 
1195.35 4.30164e-13 
1195.36 4.49688e-13 
1195.37 4.69993e-13 
1195.38 4.91107e-13 
1195.39 5.13059e-13 
1195.4 5.35879e-13 
1195.41 5.59599e-13 
1195.42 5.84253e-13 
1195.43 6.09876e-13 
1195.44 6.36503e-13 
1195.45 6.64173e-13 
1195.46 6.92927e-13 
1195.47 7.22806e-13 
1195.48 7.5425e-13 
1195.49 7.86531e-13 
1195.5 8.20079e-13 
1195.51 8.54946e-13 
1195.52 8.91188e-13 
1195.53 9.28863e-13 
1195.54 9.68034e-13 
1195.55 1.00877e-12 
1195.56 1.05113e-12 
1195.57 1.09521e-12 
1195.58 1.14107e-12 
1195.59 1.18881e-12 
1195.6 1.23851e-12 
1195.61 1.29107e-12 
1195.62 1.34505e-12 
1195.63 1.4013e-12 
1195.64 1.45997e-12 
1195.65 1.52117e-12 
1195.66 1.58504e-12 
1195.67 1.65175e-12 
1195.68 1.72145e-12 
1195.69 1.79432e-12 
1195.7 1.87054e-12 
1195.71 1.95033e-12 
1195.72 2.03389e-12 
1195.73 2.1226e-12 
1195.74 2.21451e-12 
1195.75 2.31098e-12 
1195.75 2.4123e-12 
1195.76 2.51881e-12 
1195.77 2.63084e-12 
1195.78 2.74878e-12 
1195.79 2.87303e-12 
1195.8 3.00403e-12 
1195.81 3.14226e-12 
1195.82 3.28824e-12 
1195.83 3.44251e-12 
1195.84 3.60569e-12 
1195.85 3.77841e-12 
1195.86 3.96137e-12 
1195.87 4.15533e-12 
1195.88 4.36111e-12 
1195.89 4.57958e-12 
1195.9 4.81168e-12 
1195.91 5.05845e-12 
1195.92 5.32098e-12 
1195.93 5.60046e-12 
1195.94 5.89816e-12 
1195.95 6.21548e-12 
1195.96 6.55388e-12 
1195.97 6.91496e-12 
1195.98 7.30543e-12 
1195.99 7.71751e-12 
1196 8.15785e-12 
1196.01 8.6286e-12 
1196.02 9.13204e-12 
1196.03 9.67065e-12 
1196.04 1.02471e-11 
1196.05 1.08642e-11 
1196.06 1.1525e-11 
1196.07 1.22327e-11 
1196.08 1.2991e-11 
1196.09 1.38035e-11 
1196.1 1.46743e-11 
1196.11 1.56077e-11 
1196.12 1.66083e-11 
1196.13 1.7681e-11 
1196.14 1.88311e-11 
1196.15 2.00644e-11 
1196.16 2.13867e-11 
1196.17 2.28046e-11 
1196.17 2.43249e-11 
1196.18 2.5955e-11 
1196.19 2.77027e-11 
1196.2 2.95764e-11 
1196.21 3.15849e-11 
1196.22 3.37668e-11 
1196.23 3.60753e-11 
1196.24 3.85501e-11 
1196.25 4.12019e-11 
1196.26 4.40427e-11 
1196.27 4.70856e-11 
1196.28 5.03444e-11 
1196.29 5.38336e-11 
1196.3 5.75689e-11 
1196.31 6.15668e-11 
1196.32 6.58448e-11 
1196.33 7.04215e-11 
1196.34 7.53166e-11 
1196.35 8.0551e-11 
1196.36 8.61468e-11 
1196.37 9.21275e-11 
1196.38 9.85178e-11 
1196.39 1.05344e-10 
1196.4 1.12634e-10 
1196.41 1.20417e-10 
1196.42 1.28723e-10 
1196.43 1.37587e-10 
1196.44 1.47041e-10 
1196.45 1.57123e-10 
1196.46 1.67872e-10 
1196.47 1.79327e-10 
1196.48 1.91688e-10 
1196.49 2.04697e-10 
1196.5 2.18548e-10 
1196.51 2.33291e-10 
1196.52 2.48978e-10 
1196.53 2.65665e-10 
1196.54 2.8341e-10 
1196.55 3.02274e-10 
1196.56 3.2232e-10 
1196.57 3.43615e-10 
1196.58 3.6623e-10 
1196.59 3.9024e-10 
1196.6 4.1572e-10 
1196.6 4.43025e-10 
1196.61 4.71712e-10 
1196.62 5.02125e-10 
1196.63 5.34359e-10 
1196.64 5.68509e-10 
1196.65 6.04678e-10 
1196.66 6.42971e-10 
1196.67 6.83499e-10 
1196.68 7.26379e-10 
1196.69 7.7173e-10 
1196.7 8.19678e-10 
1196.71 8.70354e-10 
1196.72 9.23895e-10 
1196.73 9.81169e-10 
1196.74 1.04091e-09 
1196.75 1.10396e-09 
1196.76 1.17049e-09 
1196.77 1.24065e-09 
1196.78 1.31461e-09 
1196.79 1.39257e-09 
1196.8 1.4747e-09 
1196.81 1.56119e-09 
1196.82 1.65225e-09 
1196.83 1.74808e-09 
1196.84 1.8489e-09 
1196.85 1.95492e-09 
1196.86 2.06638e-09 
1196.87 2.18351e-09 
1196.88 2.30656e-09 
1196.89 2.43577e-09 
1196.9 2.57141e-09 
1196.91 2.71375e-09 
1196.92 2.86307e-09 
1196.93 3.01963e-09 
1196.94 3.18375e-09 
1196.95 3.35572e-09 
1196.96 3.53586e-09 
1196.97 3.72447e-09 
1196.98 3.92441e-09 
1196.99 4.13108e-09 
1197 4.34725e-09 
1197.01 4.57325e-09 
1197.02 4.80946e-09 
1197.03 5.05624e-09 
1197.03 5.31397e-09 
1197.04 5.58304e-09 
1197.05 5.86383e-09 
1197.06 6.15677e-09 
1197.07 6.46224e-09 
1197.08 6.78068e-09 
1197.09 7.1125e-09 
1197.1 7.45815e-09 
1197.11 7.81806e-09 
1197.12 8.19268e-09 
1197.13 8.58247e-09 
1197.14 8.98788e-09 
1197.15 9.40939e-09 
1197.16 9.84747e-09 
1197.17 1.03026e-08 
1197.18 1.07753e-08 
1197.19 1.12659e-08 
1197.2 1.17751e-08 
1197.21 1.23034e-08 
1197.22 1.28511e-08 
1197.23 1.34261e-08 
1197.24 1.40146e-08 
1197.25 1.46242e-08 
1197.26 1.52553e-08 
1197.27 1.59085e-08 
1197.28 1.65842e-08 
1197.29 1.7283e-08 
1197.3 1.80054e-08 
1197.31 1.8752e-08 
1197.32 1.95231e-08 
1197.33 2.03193e-08 
1197.34 2.11411e-08 
1197.35 2.1989e-08 
1197.36 2.28635e-08 
1197.37 2.3765e-08 
1197.38 2.4694e-08 
1197.39 2.56511e-08 
1197.4 2.66365e-08 
1197.41 2.76509e-08 
1197.42 2.86945e-08 
1197.43 2.97679e-08 
1197.44 3.08715e-08 
1197.45 3.20055e-08 
1197.45 3.31705e-08 
1197.46 3.43668e-08 
1197.47 3.55947e-08 
1197.48 3.68704e-08 
1197.49 3.81629e-08 
1197.5 3.94879e-08 
1197.51 4.08457e-08 
1197.52 4.22366e-08 
1197.53 4.36607e-08 
1197.54 4.51183e-08 
1197.55 4.66096e-08 
1197.56 4.81346e-08 
1197.57 4.96936e-08 
1197.58 5.12866e-08 
1197.59 5.29136e-08 
1197.6 5.45748e-08 
1197.61 5.63047e-08 
1197.62 5.80351e-08 
1197.63 5.97995e-08 
1197.64 6.1598e-08 
1197.65 6.34302e-08 
1197.66 6.52961e-08 
1197.67 6.71956e-08 
1197.68 6.91283e-08 
1197.69 7.1094e-08 
1197.7 7.30924e-08 
1197.71 7.51233e-08 
1197.72 7.71861e-08 
1197.73 7.93069e-08 
1197.74 8.14329e-08 
1197.75 8.35896e-08 
1197.76 8.57765e-08 
1197.77 8.79931e-08 
1197.78 9.02387e-08 
1197.79 9.25127e-08 
1197.8 9.48144e-08 
1197.81 9.71433e-08 
1197.82 9.94985e-08 
1197.83 1.01879e-07 
1197.84 1.04285e-07 
1197.85 1.06715e-07 
1197.86 1.09167e-07 
1197.87 1.11642e-07 
1197.88 1.14138e-07 
1197.88 1.16655e-07 
1197.89 1.19191e-07 
1197.9 1.21745e-07 
1197.91 1.24317e-07 
1197.92 1.26905e-07 
1197.93 1.29508e-07 
1197.94 1.32126e-07 
1197.95 1.34756e-07 
1197.96 1.37398e-07 
1197.97 1.40051e-07 
1197.98 1.42747e-07 
1197.99 1.45418e-07 
1198 1.48097e-07 
1198.01 1.50781e-07 
1198.02 1.53471e-07 
1198.03 1.56164e-07 
1198.04 1.58859e-07 
1198.05 1.61556e-07 
1198.06 1.64253e-07 
1198.07 1.66949e-07 
1198.08 1.69643e-07 
1198.09 1.72334e-07 
1198.1 1.75021e-07 
1198.11 1.77701e-07 
1198.12 1.80376e-07 
1198.13 1.83043e-07 
1198.14 1.85701e-07 
1198.15 1.88349e-07 
1198.16 1.90987e-07 
1198.17 1.93614e-07 
1198.18 1.96228e-07 
1198.19 1.9883e-07 
1198.2 2.01417e-07 
1198.21 2.0399e-07 
1198.22 2.06547e-07 
1198.23 2.09121e-07 
1198.24 2.11646e-07 
1198.25 2.14154e-07 
1198.26 2.16645e-07 
1198.27 2.19118e-07 
1198.28 2.21574e-07 
1198.29 2.24011e-07 
1198.3 2.2643e-07 
1198.3 2.28831e-07 
1198.31 2.31213e-07 
1198.32 2.33577e-07 
1198.33 2.35924e-07 
1198.34 2.38252e-07 
1198.35 2.40564e-07 
1198.36 2.42859e-07 
1198.37 2.45137e-07 
1198.38 2.474e-07 
1198.39 2.49649e-07 
1198.4 2.51883e-07 
1198.41 2.54105e-07 
1198.42 2.56315e-07 
1198.43 2.58514e-07 
1198.44 2.60703e-07 
1198.45 2.62885e-07 
1198.46 2.6506e-07 
1198.47 2.6723e-07 
1198.48 2.69424e-07 
1198.49 2.7159e-07 
1198.5 2.73755e-07 
1198.51 2.75924e-07 
1198.52 2.78096e-07 
1198.53 2.80276e-07 
1198.54 2.82464e-07 
1198.55 2.84664e-07 
1198.56 2.86877e-07 
1198.57 2.89107e-07 
1198.58 2.91356e-07 
1198.59 2.93627e-07 
1198.6 2.95922e-07 
1198.61 2.98429e-07 
1198.62 3.00784e-07 
1198.63 3.03173e-07 
1198.64 3.05599e-07 
1198.65 3.08065e-07 
1198.66 3.10575e-07 
1198.67 3.13131e-07 
1198.68 3.15738e-07 
1198.69 3.18398e-07 
1198.7 3.21116e-07 
1198.71 3.23894e-07 
1198.72 3.26737e-07 
1198.73 3.29685e-07 
1198.73 3.32669e-07 
1198.74 3.35729e-07 
1198.75 3.38868e-07 
1198.76 3.42091e-07 
1198.77 3.454e-07 
1198.78 3.488e-07 
1198.79 3.52295e-07 
1198.8 3.55888e-07 
1198.81 3.59584e-07 
1198.82 3.63385e-07 
1198.83 3.67296e-07 
1198.84 3.7132e-07 
1198.85 3.75461e-07 
1198.86 3.79723e-07 
1198.87 3.8411e-07 
1198.88 3.88624e-07 
1198.89 3.93269e-07 
1198.9 3.98049e-07 
1198.91 4.02967e-07 
1198.92 4.08026e-07 
1198.93 4.1323e-07 
1198.94 4.18581e-07 
1198.95 4.24083e-07 
1198.96 4.29738e-07 
1198.97 4.35549e-07 
1198.98 4.41595e-07 
1198.99 4.47728e-07 
1199 4.54025e-07 
1199.01 4.60489e-07 
1199.02 4.6712e-07 
1199.03 4.73922e-07 
1199.04 4.80895e-07 
1199.05 4.88043e-07 
1199.06 4.95366e-07 
1199.07 5.02865e-07 
1199.08 5.10543e-07 
1199.09 5.18399e-07 
1199.1 5.26435e-07 
1199.11 5.34652e-07 
1199.12 5.4305e-07 
1199.13 5.51629e-07 
1199.14 5.60389e-07 
1199.15 5.69331e-07 
1199.15 5.78455e-07 
1199.16 5.87759e-07 
1199.17 5.97243e-07 
1199.18 6.06907e-07 
1199.19 6.16749e-07 
1199.2 6.26768e-07 
1199.21 6.36962e-07 
1199.22 6.47463e-07 
1199.23 6.58005e-07 
1199.24 6.68718e-07 
1199.25 6.796e-07 
1199.26 6.90646e-07 
1199.27 7.01856e-07 
1199.28 7.13226e-07 
1199.29 7.24753e-07 
1199.3 7.36434e-07 
1199.31 7.48265e-07 
1199.32 7.60244e-07 
1199.33 7.72365e-07 
1199.34 7.84626e-07 
1199.35 7.97022e-07 
1199.36 8.09549e-07 
1199.37 8.22203e-07 
1199.38 8.34978e-07 
1199.39 8.4787e-07 
1199.4 8.60874e-07 
1199.41 8.73986e-07 
1199.42 8.87199e-07 
1199.43 9.00509e-07 
1199.44 9.13911e-07 
1199.45 9.27398e-07 
1199.46 9.40965e-07 
1199.47 9.54606e-07 
1199.48 9.68487e-07 
1199.49 9.82259e-07 
1199.5 9.96088e-07 
1199.51 1.00997e-06 
1199.52 1.02389e-06 
1199.53 1.03785e-06 
1199.54 1.05184e-06 
1199.55 1.06586e-06 
1199.56 1.0799e-06 
1199.57 1.09395e-06 
1199.58 1.108e-06 
1199.58 1.12206e-06 
1199.59 1.1361e-06 
1199.6 1.15014e-06 
1199.61 1.16487e-06 
1199.62 1.17887e-06 
1199.63 1.19284e-06 
1199.64 1.20677e-06 
1199.65 1.22066e-06 
1199.66 1.2345e-06 
1199.67 1.24828e-06 
1199.68 1.262e-06 
1199.69 1.27566e-06 
1199.7 1.28924e-06 
1199.71 1.30275e-06 
1199.72 1.31617e-06 
1199.73 1.32967e-06 
1199.74 1.3429e-06 
1199.75 1.35604e-06 
1199.76 1.36908e-06 
1199.77 1.38201e-06 
1199.78 1.39483e-06 
1199.79 1.40753e-06 
1199.8 1.42012e-06 
1199.81 1.43258e-06 
1199.82 1.44491e-06 
1199.83 1.45711e-06 
1199.84 1.46918e-06 
1199.85 1.48111e-06 
1199.86 1.49291e-06 
1199.87 1.50456e-06 
1199.88 1.51607e-06 
1199.89 1.52744e-06 
1199.9 1.53866e-06 
1199.91 1.54973e-06 
1199.92 1.56065e-06 
1199.93 1.57142e-06 
1199.94 1.58204e-06 
1199.95 1.59251e-06 
1199.96 1.60283e-06 
1199.97 1.613e-06 
1199.98 1.62314e-06 
1199.99 1.63301e-06 
1200 1.64272e-06 
1200.01 1.65229e-06 
1200.01 1.66171e-06 
1200.02 1.67098e-06 
1200.03 1.68012e-06 
1200.04 1.68911e-06 
1200.05 1.69796e-06 
1200.06 1.70667e-06 
1200.07 1.71526e-06 
1200.08 1.72371e-06 
1200.09 1.73203e-06 
1200.1 1.74023e-06 
1200.11 1.7483e-06 
1200.12 1.75626e-06 
1200.13 1.76411e-06 
1200.14 1.77185e-06 
1200.15 1.77948e-06 
1200.16 1.78701e-06 
1200.17 1.79445e-06 
1200.18 1.80179e-06 
1200.19 1.80905e-06 
1200.2 1.81622e-06 
1200.21 1.82331e-06 
1200.22 1.83034e-06 
1200.23 1.83738e-06 
1200.24 1.84427e-06 
1200.25 1.85111e-06 
1200.26 1.85789e-06 
1200.27 1.86462e-06 
1200.28 1.87132e-06 
1200.29 1.87797e-06 
1200.3 1.8846e-06 
1200.31 1.8912e-06 
1200.32 1.89778e-06 
1200.33 1.90434e-06 
1200.34 1.91088e-06 
1200.35 1.91743e-06 
1200.36 1.92397e-06 
1200.37 1.93051e-06 
1200.38 1.93706e-06 
1200.39 1.94363e-06 
1200.4 1.95021e-06 
1200.41 1.95681e-06 
1200.42 1.96343e-06 
1200.43 1.97009e-06 
1200.43 1.97677e-06 
1200.44 1.9835e-06 
1200.45 1.99026e-06 
1200.46 1.99706e-06 
1200.47 2.00391e-06 
1200.48 2.01089e-06 
1200.49 2.01784e-06 
1200.5 2.02484e-06 
1200.51 2.0319e-06 
1200.52 2.03901e-06 
1200.53 2.04618e-06 
1200.54 2.05341e-06 
1200.55 2.0607e-06 
1200.56 2.06806e-06 
1200.57 2.07547e-06 
1200.58 2.08295e-06 
1200.59 2.09049e-06 
1200.6 2.0981e-06 
1200.61 2.10706e-06 
1200.62 2.11479e-06 
1200.63 2.12258e-06 
1200.64 2.13043e-06 
1200.65 2.13834e-06 
1200.66 2.14631e-06 
1200.67 2.15433e-06 
1200.68 2.1624e-06 
1200.69 2.17052e-06 
1200.7 2.17869e-06 
1200.71 2.18691e-06 
1200.72 2.19516e-06 
1200.73 2.20356e-06 
1200.74 2.21189e-06 
1200.75 2.22025e-06 
1200.76 2.22864e-06 
1200.77 2.23705e-06 
1200.78 2.24548e-06 
1200.79 2.25393e-06 
1200.8 2.26238e-06 
1200.81 2.27084e-06 
1200.82 2.27931e-06 
1200.83 2.28777e-06 
1200.84 2.29622e-06 
1200.85 2.30466e-06 
1200.85 2.31308e-06 
1200.86 2.32148e-06 
1200.87 2.32986e-06 
1200.88 2.3382e-06 
1200.89 2.3465e-06 
1200.9 2.35476e-06 
1200.91 2.36297e-06 
1200.92 2.37113e-06 
1200.93 2.37923e-06 
1200.94 2.38727e-06 
1200.95 2.39525e-06 
1200.96 2.40315e-06 
1200.97 2.41098e-06 
1200.98 2.41882e-06 
1200.99 2.42648e-06 
1201 2.43405e-06 
1201.01 2.44154e-06 
1201.02 2.44892e-06 
1201.03 2.45621e-06 
1201.04 2.46339e-06 
1201.05 2.47047e-06 
1201.06 2.47744e-06 
1201.07 2.4843e-06 
1201.08 2.49105e-06 
1201.09 2.49768e-06 
1201.1 2.5042e-06 
1201.11 2.5106e-06 
1201.12 2.51688e-06 
1201.13 2.52304e-06 
1201.14 2.52908e-06 
1201.15 2.535e-06 
1201.16 2.54081e-06 
1201.17 2.54649e-06 
1201.18 2.55206e-06 
1201.19 2.5575e-06 
1201.2 2.56284e-06 
1201.21 2.56806e-06 
1201.22 2.57317e-06 
1201.23 2.57823e-06 
1201.24 2.58313e-06 
1201.25 2.58793e-06 
1201.26 2.59263e-06 
1201.27 2.59723e-06 
1201.28 2.60175e-06 
1201.28 2.60619e-06 
1201.29 2.61055e-06 
1201.3 2.61483e-06 
1201.31 2.61906e-06 
1201.32 2.62322e-06 
1201.33 2.62733e-06 
1201.34 2.63139e-06 
1201.35 2.63541e-06 
1201.36 2.63941e-06 
1201.37 2.64338e-06 
1201.38 2.64734e-06 
1201.39 2.65129e-06 
1201.4 2.65525e-06 
1201.41 2.65922e-06 
1201.42 2.66321e-06 
1201.43 2.66723e-06 
1201.44 2.67129e-06 
1201.45 2.6754e-06 
1201.46 2.67958e-06 
1201.47 2.68383e-06 
1201.48 2.68821e-06 
1201.49 2.69263e-06 
1201.5 2.69716e-06 
1201.51 2.7018e-06 
1201.52 2.70657e-06 
1201.53 2.71147e-06 
1201.54 2.71652e-06 
1201.55 2.72172e-06 
1201.56 2.7271e-06 
1201.57 2.73265e-06 
1201.58 2.7384e-06 
1201.59 2.74435e-06 
1201.6 2.75051e-06 
1201.61 2.75859e-06 
1201.62 2.76521e-06 
1201.63 2.77207e-06 
1201.64 2.77919e-06 
1201.65 2.78658e-06 
1201.66 2.79423e-06 
1201.67 2.80217e-06 
1201.68 2.81041e-06 
1201.69 2.81894e-06 
1201.7 2.82779e-06 
1201.7 2.83695e-06 
1201.71 2.84644e-06 
1201.72 2.85639e-06 
1201.73 2.86656e-06 
1201.74 2.87708e-06 
1201.75 2.88795e-06 
1201.76 2.89919e-06 
1201.77 2.91079e-06 
1201.78 2.92277e-06 
1201.79 2.93512e-06 
1201.8 2.94785e-06 
1201.81 2.96097e-06 
1201.82 2.97448e-06 
1201.83 2.98837e-06 
1201.84 3.00266e-06 
1201.85 3.01734e-06 
1201.86 3.03242e-06 
1201.87 3.04789e-06 
1201.88 3.06376e-06 
1201.89 3.08002e-06 
1201.9 3.09668e-06 
1201.91 3.11373e-06 
1201.92 3.13116e-06 
1201.93 3.14899e-06 
1201.94 3.16719e-06 
1201.95 3.18577e-06 
1201.96 3.20472e-06 
1201.97 3.22404e-06 
1201.98 3.24397e-06 
1201.99 3.26401e-06 
1202 3.28439e-06 
1202.01 3.30511e-06 
1202.02 3.32616e-06 
1202.03 3.34753e-06 
1202.04 3.36921e-06 
1202.05 3.39118e-06 
1202.06 3.41344e-06 
1202.07 3.43598e-06 
1202.08 3.45879e-06 
1202.09 3.48184e-06 
1202.1 3.50513e-06 
1202.11 3.52864e-06 
1202.12 3.55236e-06 
1202.13 3.57627e-06 
1202.13 3.60036e-06 
1202.14 3.62462e-06 
1202.15 3.64901e-06 
1202.16 3.67354e-06 
1202.17 3.69818e-06 
1202.18 3.7229e-06 
1202.19 3.74771e-06 
1202.2 3.77257e-06 
1202.21 3.79746e-06 
1202.22 3.82269e-06 
1202.23 3.8476e-06 
1202.24 3.87249e-06 
1202.25 3.89734e-06 
1202.26 3.92212e-06 
1202.27 3.94682e-06 
1202.28 3.97142e-06 
1202.29 3.99589e-06 
1202.3 4.02021e-06 
1202.31 4.04437e-06 
1202.32 4.06834e-06 
1202.33 4.09209e-06 
1202.34 4.11562e-06 
1202.35 4.13888e-06 
1202.36 4.16188e-06 
1202.37 4.18457e-06 
1202.38 4.20695e-06 
1202.39 4.22898e-06 
1202.4 4.25065e-06 
1202.41 4.27194e-06 
1202.42 4.29283e-06 
1202.43 4.31328e-06 
1202.44 4.3333e-06 
1202.45 4.35284e-06 
1202.46 4.3719e-06 
1202.47 4.39045e-06 
1202.48 4.40869e-06 
1202.49 4.42616e-06 
1202.5 4.44306e-06 
1202.51 4.45937e-06 
1202.52 4.47508e-06 
1202.53 4.49017e-06 
1202.54 4.50462e-06 
1202.55 4.51842e-06 
1202.56 4.53154e-06 
1202.56 4.54397e-06 
1202.57 4.5557e-06 
1202.58 4.5667e-06 
1202.59 4.57697e-06 
1202.6 4.58649e-06 
1202.61 4.59807e-06 
1202.62 4.60606e-06 
1202.63 4.61326e-06 
1202.64 4.61965e-06 
1202.65 4.62524e-06 
1202.66 4.63001e-06 
1202.67 4.63394e-06 
1202.68 4.63703e-06 
1202.69 4.63927e-06 
1202.7 4.64066e-06 
1202.71 4.64118e-06 
1202.72 4.64082e-06 
1202.73 4.63957e-06 
1202.74 4.63745e-06 
1202.75 4.63444e-06 
1202.76 4.63054e-06 
1202.77 4.62575e-06 
1202.78 4.62007e-06 
1202.79 4.61348e-06 
1202.8 4.606e-06 
1202.81 4.59762e-06 
1202.82 4.58834e-06 
1202.83 4.57817e-06 
1202.84 4.5671e-06 
1202.85 4.55514e-06 
1202.86 4.5423e-06 
1202.87 4.52857e-06 
1202.88 4.51396e-06 
1202.89 4.49848e-06 
1202.9 4.48213e-06 
1202.91 4.46492e-06 
1202.92 4.44685e-06 
1202.93 4.42795e-06 
1202.94 4.4082e-06 
1202.95 4.38763e-06 
1202.96 4.36625e-06 
1202.97 4.34405e-06 
1202.98 4.32106e-06 
1202.98 4.29699e-06 
1202.99 4.27244e-06 
1203 4.24712e-06 
1203.01 4.22107e-06 
1203.02 4.19428e-06 
1203.03 4.16677e-06 
1203.04 4.13857e-06 
1203.05 4.10967e-06 
1203.06 4.0801e-06 
1203.07 4.04988e-06 
1203.08 4.01902e-06 
1203.09 3.98753e-06 
1203.1 3.95544e-06 
1203.11 3.92276e-06 
1203.12 3.88951e-06 
1203.13 3.85571e-06 
1203.14 3.82138e-06 
1203.15 3.78653e-06 
1203.16 3.75118e-06 
1203.17 3.71536e-06 
1203.18 3.67907e-06 
1203.19 3.64235e-06 
1203.2 3.60521e-06 
1203.21 3.56766e-06 
1203.22 3.52974e-06 
1203.23 3.49098e-06 
1203.24 3.45235e-06 
1203.25 3.41341e-06 
1203.26 3.37416e-06 
1203.27 3.33463e-06 
1203.28 3.29484e-06 
1203.29 3.25481e-06 
1203.3 3.21457e-06 
1203.31 3.17412e-06 
1203.32 3.13349e-06 
1203.33 3.0927e-06 
1203.34 3.05176e-06 
1203.35 3.01071e-06 
1203.36 2.96955e-06 
1203.37 2.92831e-06 
1203.38 2.88701e-06 
1203.39 2.84566e-06 
1203.4 2.80428e-06 
1203.41 2.76289e-06 
1203.41 2.72151e-06 
1203.42 2.68016e-06 
1203.43 2.63885e-06 
1203.44 2.59761e-06 
1203.45 2.55644e-06 
1203.46 2.51537e-06 
1203.47 2.4744e-06 
1203.48 2.43306e-06 
1203.49 2.39237e-06 
1203.5 2.35184e-06 
1203.51 2.31149e-06 
1203.52 2.27132e-06 
1203.53 2.23135e-06 
1203.54 2.1916e-06 
1203.55 2.15209e-06 
1203.56 2.11281e-06 
1203.57 2.07379e-06 
1203.58 2.03504e-06 
1203.59 1.99657e-06 
1203.6 1.95839e-06 
1203.61 1.92169e-06 
1203.62 1.88411e-06 
1203.63 1.84684e-06 
1203.64 1.80992e-06 
1203.65 1.77333e-06 
1203.66 1.7371e-06 
1203.67 1.70124e-06 
1203.68 1.66574e-06 
1203.69 1.63062e-06 
1203.7 1.59588e-06 
1203.71 1.56154e-06 
1203.72 1.52759e-06 
1203.73 1.49363e-06 
1203.74 1.46051e-06 
1203.75 1.4278e-06 
1203.76 1.39552e-06 
1203.77 1.36366e-06 
1203.78 1.33223e-06 
1203.79 1.30123e-06 
1203.8 1.27068e-06 
1203.81 1.24056e-06 
1203.82 1.21089e-06 
1203.83 1.18166e-06 
1203.83 1.15289e-06 
1203.84 1.12456e-06 
1203.85 1.09668e-06 
1203.86 1.06926e-06 
1203.87 1.04229e-06 
1203.88 1.01577e-06 
1203.89 9.89713e-07 
1203.9 9.64104e-07 
1203.91 9.38949e-07 
1203.92 9.14246e-07 
1203.93 8.89994e-07 
1203.94 8.66192e-07 
1203.95 8.42839e-07 
1203.96 8.19933e-07 
1203.97 7.97471e-07 
1203.98 7.7518e-07 
1203.99 7.53605e-07 
1204 7.32468e-07 
1204.01 7.11765e-07 
1204.02 6.91493e-07 
1204.03 6.71648e-07 
1204.04 6.52227e-07 
1204.05 6.33227e-07 
1204.06 6.14643e-07 
1204.07 5.96471e-07 
1204.08 5.78707e-07 
1204.09 5.61347e-07 
1204.1 5.44387e-07 
1204.11 5.2782e-07 
1204.12 5.11644e-07 
1204.13 4.95853e-07 
1204.14 4.80442e-07 
1204.15 4.65407e-07 
1204.16 4.50741e-07 
1204.17 4.36439e-07 
1204.18 4.22498e-07 
1204.19 4.0891e-07 
1204.2 3.95671e-07 
1204.21 3.82775e-07 
1204.22 3.70217e-07 
1204.23 3.5784e-07 
1204.24 3.45945e-07 
1204.25 3.3437e-07 
1204.26 3.23111e-07 
1204.26 3.12161e-07 
1204.27 3.01514e-07 
1204.28 2.91166e-07 
1204.29 2.8111e-07 
1204.3 2.71341e-07 
1204.31 2.61853e-07 
1204.32 2.52641e-07 
1204.33 2.43698e-07 
1204.34 2.35019e-07 
1204.35 2.26598e-07 
1204.36 2.18431e-07 
1204.37 2.10511e-07 
1204.38 2.02833e-07 
1204.39 1.95391e-07 
1204.4 1.8818e-07 
1204.41 1.81195e-07 
1204.42 1.7443e-07 
1204.43 1.67881e-07 
1204.44 1.61541e-07 
1204.45 1.55406e-07 
1204.46 1.4947e-07 
1204.47 1.4373e-07 
1204.48 1.3811e-07 
1204.49 1.32746e-07 
1204.5 1.27562e-07 
1204.51 1.22553e-07 
1204.52 1.17714e-07 
1204.53 1.13041e-07 
1204.54 1.08529e-07 
1204.55 1.04174e-07 
1204.56 9.99718e-08 
1204.57 9.59174e-08 
1204.58 9.2007e-08 
1204.59 8.82363e-08 
1204.6 8.46012e-08 
1204.61 8.10977e-08 
1204.62 7.77696e-08 
1204.63 7.45158e-08 
1204.64 7.13822e-08 
1204.65 6.83651e-08 
1204.66 6.54609e-08 
1204.67 6.26661e-08 
1204.68 5.99772e-08 
1204.68 5.73909e-08 
1204.69 5.49039e-08 
1204.7 5.25129e-08 
1204.71 5.02148e-08 
1204.72 4.79795e-08 
1204.73 4.58592e-08 
1204.74 4.38228e-08 
1204.75 4.18675e-08 
1204.76 3.99905e-08 
1204.77 3.81891e-08 
1204.78 3.64607e-08 
1204.79 3.48028e-08 
1204.8 3.32129e-08 
1204.81 3.16885e-08 
1204.82 3.02273e-08 
1204.83 2.88271e-08 
1204.84 2.74856e-08 
1204.85 2.62007e-08 
1204.86 2.49702e-08 
1204.87 2.37923e-08 
1204.88 2.26648e-08 
1204.89 2.1586e-08 
1204.9 2.05539e-08 
1204.91 1.95668e-08 
1204.92 1.86229e-08 
1204.93 1.77207e-08 
1204.94 1.68583e-08 
1204.95 1.60344e-08 
1204.96 1.52473e-08 
1204.97 1.44956e-08 
1204.98 1.37691e-08 
1204.99 1.30845e-08 
1205 1.2431e-08 
1205.01 1.18076e-08 
1205.02 1.12129e-08 
1205.03 1.06459e-08 
1205.04 1.01052e-08 
1205.05 9.58984e-09 
1205.06 9.09874e-09 
1205.07 8.63086e-09 
1205.08 8.18522e-09 
1205.09 7.76085e-09 
1205.1 7.35684e-09 
1205.11 6.9723e-09 
1205.11 6.60639e-09 
1205.12 6.25829e-09 
1205.13 5.9272e-09 
1205.14 5.61238e-09 
1205.15 5.31309e-09 
1205.16 5.02864e-09 
1205.17 4.75836e-09 
1205.18 4.5016e-09 
1205.19 4.25774e-09 
1205.2 4.0262e-09 
1205.21 3.80639e-09 
1205.22 3.59531e-09 
1205.23 3.39744e-09 
1205.24 3.2098e-09 
1205.25 3.03185e-09 
1205.26 2.86313e-09 
1205.27 2.70319e-09 
1205.28 2.55161e-09 
1205.29 2.408e-09 
1205.3 2.27196e-09 
1205.31 2.14313e-09 
1205.32 2.02116e-09 
1205.33 1.9057e-09 
1205.34 1.79643e-09 
1205.35 1.69305e-09 
1205.36 1.59527e-09 
1205.37 1.50279e-09 
1205.38 1.41537e-09 
1205.39 1.33273e-09 
1205.4 1.25463e-09 
1205.41 1.18085e-09 
1205.42 1.11116e-09 
1205.43 1.04535e-09 
1205.44 9.83212e-10 
1205.45 9.24565e-10 
1205.46 8.69222e-10 
1205.47 8.1701e-10 
1205.48 7.67182e-10 
1205.49 7.20759e-10 
1205.5 6.77009e-10 
1205.51 6.35772e-10 
1205.52 5.96915e-10 
1205.53 5.60306e-10 
1205.54 5.25826e-10 
1205.54 4.93358e-10 
1205.55 4.6279e-10 
1205.56 4.3402e-10 
1205.57 4.06948e-10 
1205.58 3.81479e-10 
1205.59 3.57524e-10 
1205.6 3.34999e-10 
1205.61 3.14014e-10 
1205.62 2.94099e-10 
1205.63 2.75385e-10 
1205.64 2.57804e-10 
1205.65 2.41292e-10 
1205.66 2.25787e-10 
1205.67 2.11231e-10 
1205.68 1.9757e-10 
1205.69 1.84751e-10 
1205.7 1.72725e-10 
1205.71 1.61445e-10 
1205.72 1.50869e-10 
1205.73 1.40834e-10 
1205.74 1.31549e-10 
1205.75 1.22848e-10 
1205.76 1.14698e-10 
1205.77 1.07064e-10 
1205.78 9.99158e-11 
1205.79 9.32241e-11 
1205.8 8.69613e-11 
1205.81 8.1101e-11 
1205.82 7.56188e-11 
1205.83 7.04914e-11 
1205.84 6.56971e-11 
1205.85 6.12151e-11 
1205.86 5.70262e-11 
1205.87 5.31121e-11 
1205.88 4.94555e-11 
1205.89 4.60405e-11 
1205.9 4.28516e-11 
1205.91 3.98748e-11 
1205.92 3.70964e-11 
1205.93 3.4504e-11 
1205.94 3.20855e-11 
1205.95 2.98299e-11 
1205.96 2.77267e-11 
1205.96 2.5766e-11 
1205.97 2.39387e-11 
1205.98 2.22154e-11 
1205.99 2.06306e-11 
1206 1.91545e-11 
1206.01 1.77801e-11 
1206.02 1.65006e-11 
1206.03 1.53098e-11 
1206.04 1.42018e-11 
1206.05 1.3171e-11 
1206.06 1.22122e-11 
1206.07 1.13208e-11 
1206.08 1.04921e-11 
1206.09 9.72185e-12 
1206.1 9.00615e-12 
1206.11 8.34129e-12 
1206.12 7.72377e-12 
1206.13 7.15038e-12 
1206.14 6.61808e-12 
1206.15 6.12403e-12 
1206.16 5.66561e-12 
1206.17 5.24032e-12 
1206.18 4.84588e-12 
1206.19 4.48013e-12 
1206.2 4.14106e-12 
1206.21 3.8268e-12 
1206.22 3.5356e-12 
1206.23 3.26258e-12 
1206.24 3.01296e-12 
1206.25 2.78182e-12 
1206.26 2.56783e-12 
1206.27 2.36978e-12 
1206.28 2.18651e-12 
1206.29 2.01697e-12 
1206.3 1.86015e-12 
1206.31 1.71515e-12 
1206.32 1.58109e-12 
1206.33 1.45719e-12 
1206.34 1.3427e-12 
1206.35 1.23693e-12 
1206.36 1.13923e-12 
1206.37 1.04902e-12 
1206.38 9.65737e-13 
1206.39 8.88867e-13 
1206.39 8.17932e-13 
1206.4 7.5249e-13 
1206.41 6.9213e-13 
1206.42 6.36469e-13 
1206.43 5.85153e-13 
1206.44 5.37855e-13 
1206.45 4.9427e-13 
1206.46 4.54115e-13 
1206.47 4.1713e-13 
1206.48 3.82663e-13 
1206.49 3.51339e-13 
1206.5 3.22507e-13 
1206.51 2.95975e-13 
1206.52 2.71565e-13 
1206.53 2.49112e-13 
1206.54 2.28465e-13 
1206.55 2.09483e-13 
1206.56 1.92034e-13 
1206.57 1.76e-13 
1206.58 1.61269e-13 
1206.59 1.47737e-13 
1206.6 0 
