#energy geo_1 
1186.6 0 
1186.61 0 
1186.62 0 
1186.63 0 
1186.64 0 
1186.65 0 
1186.66 0 
1186.67 0 
1186.68 0 
1186.69 0 
1186.7 0 
1186.71 0 
1186.72 0 
1186.73 0 
1186.74 0 
1186.75 0 
1186.76 0 
1186.77 0 
1186.78 0 
1186.79 0 
1186.8 0 
1186.81 0 
1186.81 0 
1186.82 0 
1186.83 0 
1186.84 0 
1186.85 0 
1186.86 0 
1186.87 0 
1186.88 0 
1186.89 0 
1186.9 0 
1186.91 0 
1186.92 0 
1186.93 0 
1186.94 0 
1186.95 0 
1186.96 0 
1186.97 0 
1186.98 0 
1186.99 0 
1187 0 
1187.01 0 
1187.02 0 
1187.03 0 
1187.04 0 
1187.05 0 
1187.06 0 
1187.07 0 
1187.08 0 
1187.09 0 
1187.1 0 
1187.11 0 
1187.12 0 
1187.13 0 
1187.14 0 
1187.15 0 
1187.16 0 
1187.17 0 
1187.18 0 
1187.19 0 
1187.2 0 
1187.21 0 
1187.22 0 
1187.23 0 
1187.24 0 
1187.24 0 
1187.25 0 
1187.26 0 
1187.27 0 
1187.28 0 
1187.29 0 
1187.3 0 
1187.31 0 
1187.32 0 
1187.33 0 
1187.34 0 
1187.35 0 
1187.36 0 
1187.37 0 
1187.38 0 
1187.39 0 
1187.4 0 
1187.41 0 
1187.42 0 
1187.43 0 
1187.44 0 
1187.45 0 
1187.46 0 
1187.47 0 
1187.48 0 
1187.49 0 
1187.5 0 
1187.51 0 
1187.52 0 
1187.53 0 
1187.54 0 
1187.55 0 
1187.56 0 
1187.57 0 
1187.58 0 
1187.59 0 
1187.6 0 
1187.61 0 
1187.62 0 
1187.63 0 
1187.64 0 
1187.65 0 
1187.66 0 
1187.66 0 
1187.67 0 
1187.68 0 
1187.69 0 
1187.7 0 
1187.71 0 
1187.72 0 
1187.73 0 
1187.74 0 
1187.75 0 
1187.76 0 
1187.77 0 
1187.78 0 
1187.79 0 
1187.8 0 
1187.81 0 
1187.82 0 
1187.83 0 
1187.84 0 
1187.85 0 
1187.86 0 
1187.87 0 
1187.88 0 
1187.89 0 
1187.9 0 
1187.91 0 
1187.92 0 
1187.93 0 
1187.94 0 
1187.95 0 
1187.96 0 
1187.97 0 
1187.98 0 
1187.99 0 
1188 0 
1188.01 0 
1188.02 0 
1188.03 0 
1188.04 0 
1188.05 0 
1188.06 0 
1188.07 0 
1188.08 0 
1188.09 0 
1188.09 0 
1188.1 0 
1188.11 0 
1188.12 0 
1188.13 0 
1188.14 0 
1188.15 0 
1188.16 0 
1188.17 0 
1188.18 0 
1188.19 0 
1188.2 0 
1188.21 0 
1188.22 0 
1188.23 0 
1188.24 0 
1188.25 0 
1188.26 0 
1188.27 0 
1188.28 0 
1188.29 0 
1188.3 0 
1188.31 0 
1188.32 0 
1188.33 0 
1188.34 0 
1188.35 0 
1188.36 0 
1188.37 0 
1188.38 0 
1188.39 0 
1188.4 0 
1188.41 0 
1188.42 0 
1188.43 0 
1188.44 0 
1188.45 0 
1188.46 0 
1188.47 0 
1188.48 0 
1188.49 0 
1188.5 0 
1188.51 0 
1188.52 0 
1188.52 0 
1188.53 0 
1188.54 0 
1188.55 0 
1188.56 0 
1188.57 0 
1188.58 0 
1188.59 0 
1188.6 0 
1188.61 0 
1188.62 0 
1188.63 0 
1188.64 0 
1188.65 0 
1188.66 0 
1188.67 0 
1188.68 0 
1188.69 0 
1188.7 0 
1188.71 0 
1188.72 0 
1188.73 0 
1188.74 0 
1188.75 0 
1188.76 0 
1188.77 0 
1188.78 0 
1188.79 0 
1188.8 0 
1188.81 0 
1188.82 0 
1188.83 0 
1188.84 0 
1188.85 0 
1188.86 0 
1188.87 0 
1188.88 0 
1188.89 0 
1188.9 0 
1188.91 0 
1188.92 0 
1188.93 0 
1188.94 0 
1188.94 0 
1188.95 0 
1188.96 0 
1188.97 0 
1188.98 0 
1188.99 0 
1189 0 
1189.01 0 
1189.02 0 
1189.03 0 
1189.04 0 
1189.05 0 
1189.06 0 
1189.07 0 
1189.08 0 
1189.09 0 
1189.1 0 
1189.11 0 
1189.12 0 
1189.13 0 
1189.14 0 
1189.15 0 
1189.16 0 
1189.17 0 
1189.18 0 
1189.19 0 
1189.2 0 
1189.21 0 
1189.22 0 
1189.23 0 
1189.24 0 
1189.25 0 
1189.26 0 
1189.27 0 
1189.28 0 
1189.29 0 
1189.3 0 
1189.31 0 
1189.32 0 
1189.33 0 
1189.34 0 
1189.35 0 
1189.36 0 
1189.36 0 
1189.37 0 
1189.38 0 
1189.39 0 
1189.4 0 
1189.41 0 
1189.42 0 
1189.43 0 
1189.44 0 
1189.45 0 
1189.46 0 
1189.47 0 
1189.48 0 
1189.49 0 
1189.5 0 
1189.51 0 
1189.52 0 
1189.53 0 
1189.54 0 
1189.55 0 
1189.56 0 
1189.57 0 
1189.58 0 
1189.59 0 
1189.6 0 
1189.61 0 
1189.62 0 
1189.63 0 
1189.64 0 
1189.65 0 
1189.66 0 
1189.67 0 
1189.68 0 
1189.69 0 
1189.7 0 
1189.71 0 
1189.72 0 
1189.73 0 
1189.74 0 
1189.75 0 
1189.76 0 
1189.77 0 
1189.78 0 
1189.79 0 
1189.79 0 
1189.8 0 
1189.81 0 
1189.82 0 
1189.83 0 
1189.84 0 
1189.85 0 
1189.86 0 
1189.87 0 
1189.88 0 
1189.89 0 
1189.9 0 
1189.91 0 
1189.92 0 
1189.93 0 
1189.94 0 
1189.95 0 
1189.96 0 
1189.97 0 
1189.98 0 
1189.99 0 
1190 0 
1190.01 0 
1190.02 0 
1190.03 0 
1190.04 0 
1190.05 0 
1190.06 0 
1190.07 0 
1190.08 0 
1190.09 0 
1190.1 0 
1190.11 0 
1190.12 0 
1190.13 0 
1190.14 0 
1190.15 0 
1190.16 0 
1190.17 0 
1190.18 0 
1190.19 0 
1190.2 0 
1190.21 0 
1190.21 0 
1190.22 0 
1190.23 0 
1190.24 0 
1190.25 0 
1190.26 0 
1190.27 0 
1190.28 0 
1190.29 0 
1190.3 0 
1190.31 0 
1190.32 0 
1190.33 0 
1190.34 0 
1190.35 0 
1190.36 0 
1190.37 0 
1190.38 0 
1190.39 0 
1190.4 0 
1190.41 0 
1190.42 0 
1190.43 0 
1190.44 0 
1190.45 0 
1190.46 0 
1190.47 0 
1190.48 0 
1190.49 0 
1190.5 0 
1190.51 0 
1190.52 0 
1190.53 0 
1190.54 0 
1190.55 0 
1190.56 0 
1190.57 0 
1190.58 0 
1190.59 0 
1190.6 0 
1190.61 0 
1190.62 0 
1190.63 0 
1190.64 0 
1190.64 0 
1190.65 0 
1190.66 0 
1190.67 0 
1190.68 0 
1190.69 0 
1190.7 0 
1190.71 0 
1190.72 0 
1190.73 0 
1190.74 0 
1190.75 0 
1190.76 0 
1190.77 0 
1190.78 0 
1190.79 0 
1190.8 0 
1190.81 0 
1190.82 0 
1190.83 0 
1190.84 0 
1190.85 0 
1190.86 0 
1190.87 0 
1190.88 0 
1190.89 0 
1190.9 0 
1190.91 0 
1190.92 0 
1190.93 0 
1190.94 0 
1190.95 0 
1190.96 0 
1190.97 0 
1190.98 0 
1190.99 0 
1191 0 
1191.01 0 
1191.02 0 
1191.03 0 
1191.04 0 
1191.05 0 
1191.06 0 
1191.07 0 
1191.07 0 
1191.08 0 
1191.09 0 
1191.1 0 
1191.11 0 
1191.12 0 
1191.13 0 
1191.14 0 
1191.15 0 
1191.16 0 
1191.17 0 
1191.18 0 
1191.19 0 
1191.2 0 
1191.21 0 
1191.22 0 
1191.23 0 
1191.24 0 
1191.25 0 
1191.26 0 
1191.27 0 
1191.28 0 
1191.29 0 
1191.3 0 
1191.31 0 
1191.32 1.4013e-45 
1191.33 1.4013e-45 
1191.34 1.4013e-45 
1191.35 1.4013e-45 
1191.36 2.8026e-45 
1191.37 2.8026e-45 
1191.38 2.8026e-45 
1191.39 2.8026e-45 
1191.4 4.2039e-45 
1191.41 7.00649e-45 
1191.42 8.40779e-45 
1191.43 9.80909e-45 
1191.44 1.4013e-44 
1191.45 1.68156e-44 
1191.46 2.24208e-44 
1191.47 2.8026e-44 
1191.48 3.64338e-44 
1191.49 4.62428e-44 
1191.49 6.02558e-44 
1191.5 7.70714e-44 
1191.51 9.80909e-44 
1191.52 1.24716e-43 
1191.53 1.59748e-43 
1191.54 2.03188e-43 
1191.55 2.62043e-43 
1191.56 3.3491e-43 
1191.57 4.27396e-43 
1191.58 5.46506e-43 
1191.59 6.97847e-43 
1191.6 8.91226e-43 
1191.61 1.13785e-42 
1191.62 1.45175e-42 
1191.63 1.85112e-42 
1191.64 2.35979e-42 
1191.65 3.00719e-42 
1191.66 3.82835e-42 
1191.67 4.87372e-42 
1191.68 6.20215e-42 
1191.69 7.88651e-42 
1191.7 1.00263e-41 
1191.71 1.2742e-41 
1191.72 1.61864e-41 
1191.73 2.06131e-41 
1191.74 2.61608e-41 
1191.75 3.31884e-41 
1191.76 4.20894e-41 
1191.77 5.33516e-41 
1191.78 6.76e-41 
1191.79 8.56179e-41 
1191.8 1.08395e-40 
1191.81 1.3717e-40 
1191.82 1.73514e-40 
1191.83 2.19394e-40 
1191.84 2.77289e-40 
1191.85 3.50316e-40 
1191.86 4.42391e-40 
1191.87 5.58433e-40 
1191.88 7.04616e-40 
1191.89 8.88695e-40 
1191.9 1.1204e-39 
1191.91 1.41191e-39 
1191.92 1.77854e-39 
1191.92 2.23942e-39 
1191.93 2.81856e-39 
1191.94 3.54598e-39 
1191.95 4.45927e-39 
1191.96 5.60544e-39 
1191.97 7.04326e-39 
1191.98 8.8714e-39 
1191.99 1.11376e-38 
1192 1.39768e-38 
1192.01 1.75324e-38 
1192.02 2.19834e-38 
1192.03 2.75528e-38 
1192.04 3.45187e-38 
1192.05 4.32277e-38 
1192.06 5.41112e-38 
1192.07 6.77066e-38 
1192.08 8.46823e-38 
1192.09 1.0587e-37 
1192.1 1.32303e-37 
1192.11 1.65268e-37 
1192.12 2.06359e-37 
1192.13 2.57558e-37 
1192.14 3.21327e-37 
1192.15 4.00715e-37 
1192.16 4.99509e-37 
1192.17 6.224e-37 
1192.18 7.75199e-37 
1192.19 9.65107e-37 
1192.2 1.20103e-36 
1192.21 1.49401e-36 
1192.22 1.85768e-36 
1192.23 2.31518e-36 
1192.24 2.87631e-36 
1192.25 3.57195e-36 
1192.26 4.43396e-36 
1192.27 5.50171e-36 
1192.28 6.82372e-36 
1192.29 8.45986e-36 
1192.3 1.04839e-35 
1192.31 1.29868e-35 
1192.32 1.60804e-35 
1192.33 1.99027e-35 
1192.34 2.46232e-35 
1192.34 3.04506e-35 
1192.35 3.76414e-35 
1192.36 4.65107e-35 
1192.37 5.74458e-35 
1192.38 7.09222e-35 
1192.39 8.75234e-35 
1192.4 1.07965e-34 
1192.41 1.33126e-34 
1192.42 1.64081e-34 
1192.43 2.0215e-34 
1192.44 2.48947e-34 
1192.45 3.06449e-34 
1192.46 3.77075e-34 
1192.47 4.63783e-34 
1192.48 5.71664e-34 
1192.49 7.02527e-34 
1192.5 8.62984e-34 
1192.51 1.05965e-33 
1192.52 1.30058e-33 
1192.53 1.59563e-33 
1192.54 1.95679e-33 
1192.55 2.3987e-33 
1192.56 2.93917e-33 
1192.57 3.59991e-33 
1192.58 4.40735e-33 
1192.59 5.39363e-33 
1192.6 6.59785e-33 
1192.61 8.07256e-33 
1192.62 9.86665e-33 
1192.63 1.20544e-32 
1192.64 1.47211e-32 
1192.65 1.79702e-32 
1192.66 2.19273e-32 
1192.67 2.67445e-32 
1192.68 3.26063e-32 
1192.69 3.97363e-32 
1192.7 4.84051e-32 
1192.71 5.89404e-32 
1192.72 7.17386e-32 
1192.73 8.74933e-32 
1192.74 1.06402e-31 
1192.75 1.29343e-31 
1192.76 1.57164e-31 
1192.77 1.90889e-31 
1192.77 2.31755e-31 
1192.78 2.81251e-31 
1192.79 3.41175e-31 
1192.8 4.13694e-31 
1192.81 5.01417e-31 
1192.82 6.07488e-31 
1192.83 7.35688e-31 
1192.84 8.90571e-31 
1192.85 1.07761e-30 
1192.86 1.30338e-30 
1192.87 1.5758e-30 
1192.88 1.90436e-30 
1192.89 2.30046e-30 
1192.9 2.77778e-30 
1192.91 3.35274e-30 
1192.92 4.04501e-30 
1192.93 4.87819e-30 
1192.94 5.88051e-30 
1192.95 7.08581e-30 
1192.96 8.53459e-30 
1192.97 1.02753e-29 
1192.98 1.23944e-29 
1192.99 1.49098e-29 
1193 1.79282e-29 
1193.01 2.15485e-29 
1193.02 2.58891e-29 
1193.03 3.1091e-29 
1193.04 3.73226e-29 
1193.05 4.47843e-29 
1193.06 5.37154e-29 
1193.07 6.44005e-29 
1193.08 7.71789e-29 
1193.09 9.2454e-29 
1193.1 1.10706e-28 
1193.11 1.32506e-28 
1193.12 1.58532e-28 
1193.13 1.8959e-28 
1193.14 2.26639e-28 
1193.15 2.70814e-28 
1193.16 3.23464e-28 
1193.17 3.86188e-28 
1193.18 4.60882e-28 
1193.19 5.49792e-28 
1193.19 6.55581e-28 
1193.2 7.81397e-28 
1193.21 9.3097e-28 
1193.22 1.11135e-27 
1193.23 1.3227e-27 
1193.24 1.57391e-27 
1193.25 1.87203e-27 
1193.26 2.2257e-27 
1193.27 2.64507e-27 
1193.28 3.14214e-27 
1193.29 3.73106e-27 
1193.3 4.42851e-27 
1193.31 5.25413e-27 
1193.32 6.23107e-27 
1193.33 7.38657e-27 
1193.34 8.75268e-27 
1193.35 1.03671e-26 
1193.36 1.22742e-26 
1193.37 1.45259e-26 
1193.38 1.71836e-26 
1193.39 2.03191e-26 
1193.4 2.40166e-26 
1193.41 2.83751e-26 
1193.42 3.35105e-26 
1193.43 3.95588e-26 
1193.44 4.66791e-26 
1193.45 5.50581e-26 
1193.46 6.49139e-26 
1193.47 7.65019e-26 
1193.48 9.03053e-26 
1193.49 1.06336e-25 
1193.5 1.25161e-25 
1193.51 1.47256e-25 
1193.52 1.7318e-25 
1193.53 2.03582e-25 
1193.54 2.39221e-25 
1193.55 2.80981e-25 
1193.56 3.29893e-25 
1193.57 3.87157e-25 
1193.58 4.54172e-25 
1193.59 5.32563e-25 
1193.6 6.24223e-25 
1193.61 7.31805e-25 
1193.62 8.57039e-25 
1193.62 1.00328e-24 
1193.63 1.17399e-24 
1193.64 1.37318e-24 
1193.65 1.60548e-24 
1193.66 1.87629e-24 
1193.67 2.19187e-24 
1193.68 2.55946e-24 
1193.69 2.98744e-24 
1193.7 3.48552e-24 
1193.71 4.06495e-24 
1193.72 4.73871e-24 
1193.73 5.5324e-24 
1193.74 6.44396e-24 
1193.75 7.50258e-24 
1193.76 8.73146e-24 
1193.77 1.01574e-23 
1193.78 1.18112e-23 
1193.79 1.37285e-23 
1193.8 1.59505e-23 
1193.81 1.85242e-23 
1193.82 2.15043e-23 
1193.83 2.49533e-23 
1193.84 2.89435e-23 
1193.85 3.35576e-23 
1193.86 3.88909e-23 
1193.87 4.50531e-23 
1193.88 5.21698e-23 
1193.89 6.03853e-23 
1193.9 6.98654e-23 
1193.91 8.08e-23 
1193.92 9.34068e-23 
1193.93 1.07935e-22 
1193.94 1.24672e-22 
1193.95 1.43943e-22 
1193.96 1.66123e-22 
1193.97 1.91641e-22 
1193.98 2.21379e-22 
1193.99 2.55169e-22 
1194 2.93994e-22 
1194.01 3.38585e-22 
1194.02 3.89776e-22 
1194.03 4.48518e-22 
1194.04 5.15897e-22 
1194.05 5.9315e-22 
1194.05 6.81686e-22 
1194.06 7.83109e-22 
1194.07 8.99246e-22 
1194.08 1.03217e-21 
1194.09 1.18426e-21 
1194.1 1.35818e-21 
1194.11 1.55699e-21 
1194.12 1.78415e-21 
1194.13 2.04361e-21 
1194.14 2.33981e-21 
1194.15 2.67783e-21 
1194.16 3.06339e-21 
1194.17 3.503e-21 
1194.18 4.00402e-21 
1194.19 4.57479e-21 
1194.2 5.22473e-21 
1194.21 5.96451e-21 
1194.22 6.80618e-21 
1194.23 7.77614e-21 
1194.24 8.86599e-21 
1194.25 1.01044e-20 
1194.26 1.15109e-20 
1194.27 1.31077e-20 
1194.28 1.49198e-20 
1194.29 1.69753e-20 
1194.3 1.93058e-20 
1194.31 2.19472e-20 
1194.32 2.49395e-20 
1194.33 2.83279e-20 
1194.34 3.21633e-20 
1194.35 3.65026e-20 
1194.36 4.141e-20 
1194.37 4.69575e-20 
1194.38 5.32259e-20 
1194.39 6.03058e-20 
1194.4 6.82988e-20 
1194.41 7.73189e-20 
1194.42 8.74937e-20 
1194.43 9.89659e-20 
1194.44 1.11896e-19 
1194.45 1.26461e-19 
1194.46 1.42864e-19 
1194.47 1.61326e-19 
1194.47 1.82389e-19 
1194.48 2.05767e-19 
1194.49 2.32065e-19 
1194.5 2.61615e-19 
1194.51 2.94803e-19 
1194.52 3.32063e-19 
1194.53 3.73876e-19 
1194.54 4.20778e-19 
1194.55 4.73365e-19 
1194.56 5.32301e-19 
1194.57 5.98325e-19 
1194.58 6.72257e-19 
1194.59 7.55007e-19 
1194.6 8.47589e-19 
1194.61 9.51713e-19 
1194.62 1.06752e-18 
1194.63 1.19692e-18 
1194.64 1.34144e-18 
1194.65 1.50279e-18 
1194.66 1.68283e-18 
1194.67 1.88366e-18 
1194.68 2.10757e-18 
1194.69 2.35711e-18 
1194.7 2.6351e-18 
1194.71 2.94463e-18 
1194.72 3.28915e-18 
1194.73 3.67749e-18 
1194.74 4.10429e-18 
1194.75 4.57871e-18 
1194.76 5.10583e-18 
1194.77 5.69125e-18 
1194.78 6.34114e-18 
1194.79 7.06228e-18 
1194.8 7.86215e-18 
1194.81 8.74894e-18 
1194.82 9.73167e-18 
1194.83 1.08203e-17 
1194.84 1.20256e-17 
1194.85 1.33596e-17 
1194.86 1.48354e-17 
1194.87 1.64673e-17 
1194.88 1.82711e-17 
1194.89 2.02639e-17 
1194.9 2.24647e-17 
1194.9 2.48941e-17 
1194.91 2.75748e-17 
1194.92 3.05312e-17 
1194.93 3.37905e-17 
1194.94 3.73821e-17 
1194.95 4.13381e-17 
1194.96 4.56937e-17 
1194.97 5.0487e-17 
1194.98 5.58289e-17 
1194.99 6.16335e-17 
1195 6.80131e-17 
1195.01 7.50217e-17 
1195.02 8.27178e-17 
1195.03 9.11652e-17 
1195.04 1.00433e-16 
1195.05 1.10597e-16 
1195.06 1.21739e-16 
1195.07 1.33947e-16 
1195.08 1.47317e-16 
1195.09 1.61955e-16 
1195.1 1.77972e-16 
1195.11 1.95491e-16 
1195.12 2.14646e-16 
1195.13 2.35578e-16 
1195.14 2.58443e-16 
1195.15 2.83409e-16 
1195.16 3.10657e-16 
1195.17 3.40381e-16 
1195.18 3.72794e-16 
1195.19 4.08123e-16 
1195.2 4.46612e-16 
1195.21 4.88527e-16 
1195.22 5.34152e-16 
1195.23 5.8444e-16 
1195.24 6.38485e-16 
1195.25 6.97235e-16 
1195.26 7.61072e-16 
1195.27 8.30406e-16 
1195.28 9.05678e-16 
1195.29 9.87359e-16 
1195.3 1.07596e-15 
1195.31 1.17201e-15 
1195.32 1.27611e-15 
1195.32 1.38887e-15 
1195.33 1.51097e-15 
1195.34 1.64311e-15 
1195.35 1.78605e-15 
1195.36 1.94062e-15 
1195.37 2.10769e-15 
1195.38 2.28818e-15 
1195.39 2.48308e-15 
1195.4 2.69346e-15 
1195.41 2.92045e-15 
1195.42 3.16523e-15 
1195.43 3.4291e-15 
1195.44 3.71341e-15 
1195.45 4.01961e-15 
1195.46 4.34924e-15 
1195.47 4.70393e-15 
1195.48 5.09036e-15 
1195.49 5.50085e-15 
1195.5 5.94196e-15 
1195.51 6.41576e-15 
1195.52 6.92444e-15 
1195.53 7.47032e-15 
1195.54 8.05586e-15 
1195.55 8.68367e-15 
1195.56 9.35648e-15 
1195.57 1.00772e-14 
1195.58 1.08489e-14 
1195.59 1.16748e-14 
1195.6 1.25584e-14 
1195.61 1.35115e-14 
1195.62 1.45219e-14 
1195.63 1.56013e-14 
1195.64 1.67539e-14 
1195.65 1.79842e-14 
1195.66 1.92967e-14 
1195.67 2.06964e-14 
1195.68 2.21884e-14 
1195.69 2.37779e-14 
1195.7 2.54707e-14 
1195.71 2.72726e-14 
1195.72 2.91897e-14 
1195.73 3.12549e-14 
1195.74 3.34239e-14 
1195.75 3.57286e-14 
1195.75 3.81762e-14 
1195.76 4.07744e-14 
1195.77 4.35313e-14 
1195.78 4.64553e-14 
1195.79 4.9555e-14 
1195.8 5.28396e-14 
1195.81 5.63183e-14 
1195.82 6.00012e-14 
1195.83 6.38983e-14 
1195.84 6.80202e-14 
1195.85 7.2378e-14 
1195.86 7.69831e-14 
1195.87 8.18471e-14 
1195.88 8.69825e-14 
1195.89 9.24018e-14 
1195.9 9.81182e-14 
1195.91 1.04145e-13 
1195.92 1.10497e-13 
1195.93 1.17188e-13 
1195.94 1.24233e-13 
1195.95 1.31647e-13 
1195.96 1.39447e-13 
1195.97 1.47648e-13 
1195.98 1.56379e-13 
1195.99 1.65441e-13 
1196 1.74957e-13 
1196.01 1.84946e-13 
1196.02 1.95426e-13 
1196.03 2.06417e-13 
1196.04 2.17939e-13 
1196.05 2.30012e-13 
1196.06 2.42659e-13 
1196.07 2.559e-13 
1196.08 2.69757e-13 
1196.09 2.84255e-13 
1196.1 2.99416e-13 
1196.11 3.15264e-13 
1196.12 3.31826e-13 
1196.13 3.49126e-13 
1196.14 3.67191e-13 
1196.15 3.86048e-13 
1196.16 4.05727e-13 
1196.17 4.26255e-13 
1196.17 4.47664e-13 
1196.18 4.69985e-13 
1196.19 4.93251e-13 
1196.2 5.17497e-13 
1196.21 5.42757e-13 
1196.22 5.69412e-13 
1196.23 5.96823e-13 
1196.24 6.25374e-13 
1196.25 6.55103e-13 
1196.26 6.86057e-13 
1196.27 7.18283e-13 
1196.28 7.51836e-13 
1196.29 7.86771e-13 
1196.3 8.2315e-13 
1196.31 8.61038e-13 
1196.32 9.00506e-13 
1196.33 9.4163e-13 
1196.34 9.84493e-13 
1196.35 1.02919e-12 
1196.36 1.07581e-12 
1196.37 1.12448e-12 
1196.38 1.1753e-12 
1196.39 1.22842e-12 
1196.4 1.28397e-12 
1196.41 1.34212e-12 
1196.42 1.40304e-12 
1196.43 1.46694e-12 
1196.44 1.53403e-12 
1196.45 1.60455e-12 
1196.46 1.67877e-12 
1196.47 1.75699e-12 
1196.48 1.84061e-12 
1196.49 1.92793e-12 
1196.5 2.02037e-12 
1196.51 2.11839e-12 
1196.52 2.2225e-12 
1196.53 2.33326e-12 
1196.54 2.45131e-12 
1196.55 2.57735e-12 
1196.56 2.71215e-12 
1196.57 2.85659e-12 
1196.58 3.01163e-12 
1196.59 3.17834e-12 
1196.6 3.35791e-12 
1196.6 3.55385e-12 
1196.61 3.76337e-12 
1196.62 3.99017e-12 
1196.63 4.23605e-12 
1196.64 4.50301e-12 
1196.65 4.79326e-12 
1196.66 5.10925e-12 
1196.67 5.45367e-12 
1196.68 5.82953e-12 
1196.69 6.24012e-12 
1196.7 6.68909e-12 
1196.71 7.18048e-12 
1196.72 7.71872e-12 
1196.73 8.31644e-12 
1196.74 8.96432e-12 
1196.75 9.67536e-12 
1196.76 1.04561e-11 
1196.77 1.13137e-11 
1196.78 1.22562e-11 
1196.79 1.32921e-11 
1196.8 1.4431e-11 
1196.81 1.56833e-11 
1196.82 1.70606e-11 
1196.83 1.85754e-11 
1196.84 2.02414e-11 
1196.85 2.20736e-11 
1196.86 2.40885e-11 
1196.87 2.63042e-11 
1196.88 2.87402e-11 
1196.89 3.14179e-11 
1196.9 3.43608e-11 
1196.91 3.75944e-11 
1196.92 4.11464e-11 
1196.93 4.50471e-11 
1196.94 4.93295e-11 
1196.95 5.40292e-11 
1196.96 5.91854e-11 
1196.97 6.48401e-11 
1196.98 7.11206e-11 
1196.99 7.7922e-11 
1197 8.53723e-11 
1197.01 9.35303e-11 
1197.02 1.02459e-10 
1197.03 1.12228e-10 
1197.03 1.2291e-10 
1197.04 1.34586e-10 
1197.05 1.47343e-10 
1197.06 1.61275e-10 
1197.07 1.76481e-10 
1197.08 1.93071e-10 
1197.09 2.11163e-10 
1197.1 2.30881e-10 
1197.11 2.52363e-10 
1197.12 2.75754e-10 
1197.13 3.01211e-10 
1197.14 3.28903e-10 
1197.15 3.59011e-10 
1197.16 3.91728e-10 
1197.17 4.27263e-10 
1197.18 4.65839e-10 
1197.19 5.07694e-10 
1197.2 5.53084e-10 
1197.21 6.02281e-10 
1197.22 6.55577e-10 
1197.23 7.14034e-10 
1197.24 7.76545e-10 
1197.25 8.44157e-10 
1197.26 9.17248e-10 
1197.27 9.96221e-10 
1197.28 1.0815e-09 
1197.29 1.17355e-09 
1197.3 1.27284e-09 
1197.31 1.3799e-09 
1197.32 1.49527e-09 
1197.33 1.61952e-09 
1197.34 1.75326e-09 
1197.35 1.89716e-09 
1197.36 2.05189e-09 
1197.37 2.21818e-09 
1197.38 2.39679e-09 
1197.39 2.58854e-09 
1197.4 2.79429e-09 
1197.41 3.01493e-09 
1197.42 3.25141e-09 
1197.43 3.50474e-09 
1197.44 3.77597e-09 
1197.45 4.0662e-09 
1197.45 4.37659e-09 
1197.46 4.70837e-09 
1197.47 5.06282e-09 
1197.48 5.44616e-09 
1197.49 5.85035e-09 
1197.5 6.28145e-09 
1197.51 6.74098e-09 
1197.52 7.23056e-09 
1197.53 7.75185e-09 
1197.54 8.30663e-09 
1197.55 8.8967e-09 
1197.56 9.52396e-09 
1197.57 1.01904e-08 
1197.58 1.0898e-08 
1197.59 1.16491e-08 
1197.6 1.24456e-08 
1197.61 1.32983e-08 
1197.62 1.41935e-08 
1197.63 1.51415e-08 
1197.64 1.61447e-08 
1197.65 1.72059e-08 
1197.66 1.83276e-08 
1197.67 1.95128e-08 
1197.68 2.07643e-08 
1197.69 2.2085e-08 
1197.7 2.3478e-08 
1197.71 2.49465e-08 
1197.72 2.64936e-08 
1197.73 2.81434e-08 
1197.74 2.98588e-08 
1197.75 3.16629e-08 
1197.76 3.35592e-08 
1197.77 3.55513e-08 
1197.78 3.7643e-08 
1197.79 3.98377e-08 
1197.8 4.21394e-08 
1197.81 4.45519e-08 
1197.82 4.70789e-08 
1197.83 4.97244e-08 
1197.84 5.24923e-08 
1197.85 5.53867e-08 
1197.86 5.84115e-08 
1197.87 6.15706e-08 
1197.88 6.48682e-08 
1197.88 6.83083e-08 
1197.89 7.18949e-08 
1197.9 7.5632e-08 
1197.91 7.95237e-08 
1197.92 8.35737e-08 
1197.93 8.77862e-08 
1197.94 9.21649e-08 
1197.95 9.67137e-08 
1197.96 1.01436e-07 
1197.97 1.06336e-07 
1197.98 1.11482e-07 
1197.99 1.1675e-07 
1198 1.22205e-07 
1198.01 1.27852e-07 
1198.02 1.33693e-07 
1198.03 1.3973e-07 
1198.04 1.45968e-07 
1198.05 1.52407e-07 
1198.06 1.59051e-07 
1198.07 1.65902e-07 
1198.08 1.72961e-07 
1198.09 1.80231e-07 
1198.1 1.87712e-07 
1198.11 1.95407e-07 
1198.12 2.03314e-07 
1198.13 2.11437e-07 
1198.14 2.19773e-07 
1198.15 2.28325e-07 
1198.16 2.3709e-07 
1198.17 2.46069e-07 
1198.18 2.5526e-07 
1198.19 2.64663e-07 
1198.2 2.74274e-07 
1198.21 2.84093e-07 
1198.22 2.94116e-07 
1198.23 3.04469e-07 
1198.24 3.14894e-07 
1198.25 3.25513e-07 
1198.26 3.36321e-07 
1198.27 3.47315e-07 
1198.28 3.5849e-07 
1198.29 3.69838e-07 
1198.3 3.81356e-07 
1198.3 3.93035e-07 
1198.31 4.0487e-07 
1198.32 4.16852e-07 
1198.33 4.28975e-07 
1198.34 4.41229e-07 
1198.35 4.53607e-07 
1198.36 4.66099e-07 
1198.37 4.78696e-07 
1198.38 4.91387e-07 
1198.39 5.04162e-07 
1198.4 5.17012e-07 
1198.41 5.29923e-07 
1198.42 5.42886e-07 
1198.43 5.55888e-07 
1198.44 5.68917e-07 
1198.45 5.8196e-07 
1198.46 5.95004e-07 
1198.47 6.08037e-07 
1198.48 6.21207e-07 
1198.49 6.34175e-07 
1198.5 6.47091e-07 
1198.51 6.59939e-07 
1198.52 6.72707e-07 
1198.53 6.85378e-07 
1198.54 6.97939e-07 
1198.55 7.10375e-07 
1198.56 7.22672e-07 
1198.57 7.34814e-07 
1198.58 7.46786e-07 
1198.59 7.58574e-07 
1198.6 7.70163e-07 
1198.61 7.8202e-07 
1198.62 7.93174e-07 
1198.63 8.04085e-07 
1198.64 8.14739e-07 
1198.65 8.25121e-07 
1198.66 8.35218e-07 
1198.67 8.45016e-07 
1198.68 8.54502e-07 
1198.69 8.63662e-07 
1198.7 8.72485e-07 
1198.71 8.80957e-07 
1198.72 8.89067e-07 
1198.73 8.96898e-07 
1198.73 9.04244e-07 
1198.74 9.11196e-07 
1198.75 9.17742e-07 
1198.76 9.23874e-07 
1198.77 9.29581e-07 
1198.78 9.34857e-07 
1198.79 9.39693e-07 
1198.8 9.44083e-07 
1198.81 9.48019e-07 
1198.82 9.51496e-07 
1198.83 9.54509e-07 
1198.84 9.57054e-07 
1198.85 9.59126e-07 
1198.86 9.60723e-07 
1198.87 9.61842e-07 
1198.88 9.62482e-07 
1198.89 9.62642e-07 
1198.9 9.62322e-07 
1198.91 9.61521e-07 
1198.92 9.60243e-07 
1198.93 9.58487e-07 
1198.94 9.56258e-07 
1198.95 9.53559e-07 
1198.96 9.50393e-07 
1198.97 9.46767e-07 
1198.98 9.4263e-07 
1198.99 9.38092e-07 
1199 9.33111e-07 
1199.01 9.27696e-07 
1199.02 9.21853e-07 
1199.03 9.15591e-07 
1199.04 9.0892e-07 
1199.05 9.01851e-07 
1199.06 8.94392e-07 
1199.07 8.86555e-07 
1199.08 8.78351e-07 
1199.09 8.69793e-07 
1199.1 8.60892e-07 
1199.11 8.51661e-07 
1199.12 8.42113e-07 
1199.13 8.32262e-07 
1199.14 8.22121e-07 
1199.15 8.11704e-07 
1199.15 8.01026e-07 
1199.16 7.90101e-07 
1199.17 7.78943e-07 
1199.18 7.67568e-07 
1199.19 7.55991e-07 
1199.2 7.44226e-07 
1199.21 7.32288e-07 
1199.22 7.20041e-07 
1199.23 7.07804e-07 
1199.24 6.9544e-07 
1199.25 6.82964e-07 
1199.26 6.70392e-07 
1199.27 6.57739e-07 
1199.28 6.45019e-07 
1199.29 6.32248e-07 
1199.3 6.19439e-07 
1199.31 6.06607e-07 
1199.32 5.93767e-07 
1199.33 5.80931e-07 
1199.34 5.68114e-07 
1199.35 5.55329e-07 
1199.36 5.42589e-07 
1199.37 5.29905e-07 
1199.38 5.17292e-07 
1199.39 5.0476e-07 
1199.4 4.92321e-07 
1199.41 4.79987e-07 
1199.42 4.67768e-07 
1199.43 4.55674e-07 
1199.44 4.43715e-07 
1199.45 4.31902e-07 
1199.46 4.20242e-07 
1199.47 4.08745e-07 
1199.48 3.97279e-07 
1199.49 3.86134e-07 
1199.5 3.75174e-07 
1199.51 3.64408e-07 
1199.52 3.53841e-07 
1199.53 3.43479e-07 
1199.54 3.33327e-07 
1199.55 3.23391e-07 
1199.56 3.13676e-07 
1199.57 3.04184e-07 
1199.58 2.94921e-07 
1199.58 2.85889e-07 
1199.59 2.77091e-07 
1199.6 2.6853e-07 
1199.61 2.60368e-07 
1199.62 2.52281e-07 
1199.63 2.44435e-07 
1199.64 2.36832e-07 
1199.65 2.29472e-07 
1199.66 2.22355e-07 
1199.67 2.1548e-07 
1199.68 2.08848e-07 
1199.69 2.02457e-07 
1199.7 1.96306e-07 
1199.71 1.90393e-07 
1199.72 1.84716e-07 
1199.73 1.79207e-07 
1199.74 1.73999e-07 
1199.75 1.69021e-07 
1199.76 1.64268e-07 
1199.77 1.59739e-07 
1199.78 1.55428e-07 
1199.79 1.51334e-07 
1199.8 1.47451e-07 
1199.81 1.43776e-07 
1199.82 1.40305e-07 
1199.83 1.37033e-07 
1199.84 1.33955e-07 
1199.85 1.31067e-07 
1199.86 1.28364e-07 
1199.87 1.25841e-07 
1199.88 1.23493e-07 
1199.89 1.21314e-07 
1199.9 1.193e-07 
1199.91 1.17444e-07 
1199.92 1.15742e-07 
1199.93 1.14188e-07 
1199.94 1.12776e-07 
1199.95 1.115e-07 
1199.96 1.10356e-07 
1199.97 1.09336e-07 
1199.98 1.08426e-07 
1199.99 1.07641e-07 
1200 1.06964e-07 
1200.01 1.06389e-07 
1200.01 1.05911e-07 
1200.02 1.05523e-07 
1200.03 1.05221e-07 
1200.04 1.04998e-07 
1200.05 1.0485e-07 
1200.06 1.04769e-07 
1200.07 1.04752e-07 
1200.08 1.04793e-07 
1200.09 1.04885e-07 
1200.1 1.05025e-07 
1200.11 1.05207e-07 
1200.12 1.05427e-07 
1200.13 1.05678e-07 
1200.14 1.05956e-07 
1200.15 1.06258e-07 
1200.16 1.06577e-07 
1200.17 1.0691e-07 
1200.18 1.07253e-07 
1200.19 1.07601e-07 
1200.2 1.0795e-07 
1200.21 1.08297e-07 
1200.22 1.08637e-07 
1200.23 1.08972e-07 
1200.24 1.09289e-07 
1200.25 1.0959e-07 
1200.26 1.09872e-07 
1200.27 1.10132e-07 
1200.28 1.10367e-07 
1200.29 1.10574e-07 
1200.3 1.10753e-07 
1200.31 1.10899e-07 
1200.32 1.11013e-07 
1200.33 1.11091e-07 
1200.34 1.11133e-07 
1200.35 1.11137e-07 
1200.36 1.11103e-07 
1200.37 1.11029e-07 
1200.38 1.10915e-07 
1200.39 1.10761e-07 
1200.4 1.10567e-07 
1200.41 1.10332e-07 
1200.42 1.10057e-07 
1200.43 1.09742e-07 
1200.43 1.09389e-07 
1200.44 1.08999e-07 
1200.45 1.08573e-07 
1200.46 1.08112e-07 
1200.47 1.07618e-07 
1200.48 1.07087e-07 
1200.49 1.06535e-07 
1200.5 1.05956e-07 
1200.51 1.05356e-07 
1200.52 1.04736e-07 
1200.53 1.041e-07 
1200.54 1.03452e-07 
1200.55 1.02796e-07 
1200.56 1.02137e-07 
1200.57 1.01479e-07 
1200.58 1.00828e-07 
1200.59 1.00188e-07 
1200.6 9.95651e-08 
1200.61 9.90271e-08 
1200.62 9.84578e-08 
1200.63 9.79254e-08 
1200.64 9.74372e-08 
1200.65 9.70006e-08 
1200.66 9.66238e-08 
1200.67 9.63152e-08 
1200.68 9.60837e-08 
1200.69 9.59387e-08 
1200.7 9.589e-08 
1200.71 9.5948e-08 
1200.72 9.61233e-08 
1200.73 9.64321e-08 
1200.74 9.68786e-08 
1200.75 9.74784e-08 
1200.76 9.82442e-08 
1200.77 9.91898e-08 
1200.78 1.00329e-07 
1200.79 1.01678e-07 
1200.8 1.0325e-07 
1200.81 1.05062e-07 
1200.82 1.07132e-07 
1200.83 1.09476e-07 
1200.84 1.12112e-07 
1200.85 1.15059e-07 
1200.85 1.18338e-07 
1200.86 1.21968e-07 
1200.87 1.2597e-07 
1200.88 1.30367e-07 
1200.89 1.3518e-07 
1200.9 1.40433e-07 
1200.91 1.46151e-07 
1200.92 1.52358e-07 
1200.93 1.59081e-07 
1200.94 1.66345e-07 
1200.95 1.74177e-07 
1200.96 1.82607e-07 
1200.97 1.91663e-07 
1200.98 2.015e-07 
1200.99 2.11906e-07 
1201 2.2303e-07 
1201.01 2.34902e-07 
1201.02 2.47555e-07 
1201.03 2.61023e-07 
1201.04 2.75339e-07 
1201.05 2.90536e-07 
1201.06 3.0665e-07 
1201.07 3.23715e-07 
1201.08 3.41767e-07 
1201.09 3.60841e-07 
1201.1 3.80974e-07 
1201.11 4.022e-07 
1201.12 4.24557e-07 
1201.13 4.4808e-07 
1201.14 4.72806e-07 
1201.15 4.9877e-07 
1201.16 5.26007e-07 
1201.17 5.54553e-07 
1201.18 5.84442e-07 
1201.19 6.15708e-07 
1201.2 6.48384e-07 
1201.21 6.82502e-07 
1201.22 7.18093e-07 
1201.23 7.55661e-07 
1201.24 7.94308e-07 
1201.25 8.34514e-07 
1201.26 8.76305e-07 
1201.27 9.19705e-07 
1201.28 9.64737e-07 
1201.28 1.01142e-06 
1201.29 1.05977e-06 
1201.3 1.10981e-06 
1201.31 1.16154e-06 
1201.32 1.21498e-06 
1201.33 1.27013e-06 
1201.34 1.327e-06 
1201.35 1.38559e-06 
1201.36 1.4459e-06 
1201.37 1.50793e-06 
1201.38 1.57165e-06 
1201.39 1.63707e-06 
1201.4 1.70416e-06 
1201.41 1.77291e-06 
1201.42 1.84328e-06 
1201.43 1.91526e-06 
1201.44 1.9888e-06 
1201.45 2.06387e-06 
1201.46 2.14044e-06 
1201.47 2.21845e-06 
1201.48 2.29885e-06 
1201.49 2.37961e-06 
1201.5 2.46165e-06 
1201.51 2.5449e-06 
1201.52 2.6293e-06 
1201.53 2.71478e-06 
1201.54 2.80125e-06 
1201.55 2.88863e-06 
1201.56 2.97685e-06 
1201.57 3.06581e-06 
1201.58 3.15541e-06 
1201.59 3.24556e-06 
1201.6 3.33615e-06 
1201.61 3.42919e-06 
1201.62 3.5204e-06 
1201.63 3.61174e-06 
1201.64 3.70308e-06 
1201.65 3.7943e-06 
1201.66 3.88528e-06 
1201.67 3.9759e-06 
1201.68 4.06603e-06 
1201.69 4.15555e-06 
1201.7 4.24433e-06 
1201.7 4.33223e-06 
1201.71 4.41912e-06 
1201.72 4.50595e-06 
1201.73 4.59042e-06 
1201.74 4.67348e-06 
1201.75 4.75502e-06 
1201.76 4.83488e-06 
1201.77 4.91295e-06 
1201.78 4.9891e-06 
1201.79 5.0632e-06 
1201.8 5.13512e-06 
1201.81 5.20474e-06 
1201.82 5.27195e-06 
1201.83 5.33664e-06 
1201.84 5.39867e-06 
1201.85 5.45797e-06 
1201.86 5.5144e-06 
1201.87 5.56789e-06 
1201.88 5.61833e-06 
1201.89 5.66564e-06 
1201.9 5.70973e-06 
1201.91 5.75053e-06 
1201.92 5.78797e-06 
1201.93 5.82197e-06 
1201.94 5.85249e-06 
1201.95 5.87947e-06 
1201.96 5.90287e-06 
1201.97 5.92265e-06 
1201.98 5.93896e-06 
1201.99 5.95137e-06 
1202 5.96009e-06 
1202.01 5.96511e-06 
1202.02 5.96643e-06 
1202.03 5.96407e-06 
1202.04 5.95803e-06 
1202.05 5.94833e-06 
1202.06 5.93501e-06 
1202.07 5.9181e-06 
1202.08 5.89765e-06 
1202.09 5.87371e-06 
1202.1 5.84633e-06 
1202.11 5.81559e-06 
1202.12 5.78154e-06 
1202.13 5.74428e-06 
1202.13 5.70388e-06 
1202.14 5.66044e-06 
1202.15 5.61405e-06 
1202.16 5.56481e-06 
1202.17 5.51282e-06 
1202.18 5.45821e-06 
1202.19 5.40108e-06 
1202.2 5.34156e-06 
1202.21 5.27976e-06 
1202.22 5.215e-06 
1202.23 5.14903e-06 
1202.24 5.08116e-06 
1202.25 5.01155e-06 
1202.26 4.94033e-06 
1202.27 4.86764e-06 
1202.28 4.79361e-06 
1202.29 4.7184e-06 
1202.3 4.64213e-06 
1202.31 4.56495e-06 
1202.32 4.487e-06 
1202.33 4.40842e-06 
1202.34 4.32934e-06 
1202.35 4.24991e-06 
1202.36 4.17027e-06 
1202.37 4.09053e-06 
1202.38 4.01084e-06 
1202.39 3.93133e-06 
1202.4 3.85211e-06 
1202.41 3.77332e-06 
1202.42 3.69507e-06 
1202.43 3.61747e-06 
1202.44 3.54065e-06 
1202.45 3.46469e-06 
1202.46 3.38972e-06 
1202.47 3.31582e-06 
1202.48 3.24219e-06 
1202.49 3.17074e-06 
1202.5 3.10063e-06 
1202.51 3.03194e-06 
1202.52 2.96476e-06 
1202.53 2.89914e-06 
1202.54 2.83515e-06 
1202.55 2.77285e-06 
1202.56 2.71229e-06 
1202.56 2.65352e-06 
1202.57 2.59658e-06 
1202.58 2.54151e-06 
1202.59 2.48834e-06 
1202.6 2.4371e-06 
1202.61 2.38928e-06 
1202.62 2.34193e-06 
1202.63 2.29656e-06 
1202.64 2.25317e-06 
1202.65 2.21177e-06 
1202.66 2.17236e-06 
1202.67 2.13492e-06 
1202.68 2.09946e-06 
1202.69 2.06594e-06 
1202.7 2.03436e-06 
1202.71 2.00469e-06 
1202.72 1.9769e-06 
1202.73 1.95065e-06 
1202.74 1.92656e-06 
1202.75 1.90424e-06 
1202.76 1.88366e-06 
1202.77 1.86478e-06 
1202.78 1.84754e-06 
1202.79 1.83191e-06 
1202.8 1.81783e-06 
1202.81 1.80524e-06 
1202.82 1.7941e-06 
1202.83 1.78435e-06 
1202.84 1.77592e-06 
1202.85 1.76876e-06 
1202.86 1.76281e-06 
1202.87 1.75801e-06 
1202.88 1.75429e-06 
1202.89 1.75159e-06 
1202.9 1.74985e-06 
1202.91 1.74899e-06 
1202.92 1.74897e-06 
1202.93 1.74971e-06 
1202.94 1.75115e-06 
1202.95 1.75323e-06 
1202.96 1.75587e-06 
1202.97 1.75903e-06 
1202.98 1.76263e-06 
1202.98 1.76666e-06 
1202.99 1.77097e-06 
1203 1.77554e-06 
1203.01 1.78031e-06 
1203.02 1.78523e-06 
1203.03 1.79024e-06 
1203.04 1.79528e-06 
1203.05 1.80031e-06 
1203.06 1.80526e-06 
1203.07 1.81009e-06 
1203.08 1.81476e-06 
1203.09 1.8192e-06 
1203.1 1.82338e-06 
1203.11 1.82726e-06 
1203.12 1.8308e-06 
1203.13 1.83395e-06 
1203.14 1.83668e-06 
1203.15 1.83895e-06 
1203.16 1.84073e-06 
1203.17 1.84199e-06 
1203.18 1.8427e-06 
1203.19 1.84284e-06 
1203.2 1.84238e-06 
1203.21 1.84129e-06 
1203.22 1.83956e-06 
1203.23 1.83713e-06 
1203.24 1.83405e-06 
1203.25 1.83028e-06 
1203.26 1.82581e-06 
1203.27 1.82062e-06 
1203.28 1.81471e-06 
1203.29 1.80807e-06 
1203.3 1.8007e-06 
1203.31 1.7926e-06 
1203.32 1.78376e-06 
1203.33 1.7742e-06 
1203.34 1.7639e-06 
1203.35 1.75288e-06 
1203.36 1.74114e-06 
1203.37 1.7287e-06 
1203.38 1.71555e-06 
1203.39 1.70172e-06 
1203.4 1.68722e-06 
1203.41 1.67205e-06 
1203.41 1.65624e-06 
1203.42 1.63981e-06 
1203.43 1.62276e-06 
1203.44 1.60512e-06 
1203.45 1.58691e-06 
1203.46 1.56815e-06 
1203.47 1.54887e-06 
1203.48 1.52882e-06 
1203.49 1.50854e-06 
1203.5 1.4878e-06 
1203.51 1.46663e-06 
1203.52 1.44505e-06 
1203.53 1.42308e-06 
1203.54 1.40076e-06 
1203.55 1.37811e-06 
1203.56 1.35515e-06 
1203.57 1.33191e-06 
1203.58 1.30843e-06 
1203.59 1.28471e-06 
1203.6 1.2608e-06 
1203.61 1.23748e-06 
1203.62 1.21324e-06 
1203.63 1.18888e-06 
1203.64 1.16443e-06 
1203.65 1.13991e-06 
1203.66 1.11534e-06 
1203.67 1.09076e-06 
1203.68 1.06619e-06 
1203.69 1.04165e-06 
1203.7 1.01716e-06 
1203.71 9.92746e-07 
1203.72 9.68433e-07 
1203.73 9.4394e-07 
1203.74 9.19892e-07 
1203.75 8.96005e-07 
1203.76 8.723e-07 
1203.77 8.48795e-07 
1203.78 8.25507e-07 
1203.79 8.02453e-07 
1203.8 7.79651e-07 
1203.81 7.57115e-07 
1203.82 7.3486e-07 
1203.83 7.129e-07 
1203.83 6.91247e-07 
1203.84 6.69914e-07 
1203.85 6.48913e-07 
1203.86 6.28252e-07 
1203.87 6.07943e-07 
1203.88 5.87993e-07 
1203.89 5.68412e-07 
1203.9 5.49205e-07 
1203.91 5.30379e-07 
1203.92 5.1194e-07 
1203.93 4.93893e-07 
1203.94 4.76242e-07 
1203.95 4.5899e-07 
1203.96 4.42139e-07 
1203.97 4.25692e-07 
1203.98 4.09452e-07 
1203.99 3.93821e-07 
1204 3.78595e-07 
1204.01 3.63775e-07 
1204.02 3.49357e-07 
1204.03 3.35342e-07 
1204.04 3.21727e-07 
1204.05 3.08508e-07 
1204.06 2.95684e-07 
1204.07 2.83249e-07 
1204.08 2.712e-07 
1204.09 2.59533e-07 
1204.1 2.48242e-07 
1204.11 2.37323e-07 
1204.12 2.26769e-07 
1204.13 2.16575e-07 
1204.14 2.06735e-07 
1204.15 1.97243e-07 
1204.16 1.88091e-07 
1204.17 1.79273e-07 
1204.18 1.70783e-07 
1204.19 1.62612e-07 
1204.2 1.54754e-07 
1204.21 1.47201e-07 
1204.22 1.39947e-07 
1204.23 1.32897e-07 
1204.24 1.26219e-07 
1204.25 1.19816e-07 
1204.26 1.1368e-07 
1204.26 1.07804e-07 
1204.27 1.02181e-07 
1204.28 9.68012e-08 
1204.29 9.16587e-08 
1204.3 8.67456e-08 
1204.31 8.20544e-08 
1204.32 7.75776e-08 
1204.33 7.33081e-08 
1204.34 6.92386e-08 
1204.35 6.5362e-08 
1204.36 6.16712e-08 
1204.37 5.81595e-08 
1204.38 5.482e-08 
1204.39 5.16462e-08 
1204.4 4.86316e-08 
1204.41 4.57698e-08 
1204.42 4.30546e-08 
1204.43 4.04801e-08 
1204.44 3.80403e-08 
1204.45 3.57295e-08 
1204.46 3.35421e-08 
1204.47 3.14728e-08 
1204.48 2.94924e-08 
1204.49 2.76447e-08 
1204.5 2.58998e-08 
1204.51 2.42527e-08 
1204.52 2.26989e-08 
1204.53 2.12339e-08 
1204.54 1.98534e-08 
1204.55 1.85533e-08 
1204.56 1.73296e-08 
1204.57 1.61784e-08 
1204.58 1.50961e-08 
1204.59 1.40791e-08 
1204.6 1.31239e-08 
1204.61 1.22274e-08 
1204.62 1.13933e-08 
1204.63 1.06043e-08 
1204.64 9.86492e-09 
1204.65 9.17247e-09 
1204.66 8.52432e-09 
1204.67 7.91796e-09 
1204.68 7.35103e-09 
1204.68 6.82124e-09 
1204.69 6.32643e-09 
1204.7 5.86456e-09 
1204.71 5.43365e-09 
1204.72 5.02703e-09 
1204.73 4.65293e-09 
1204.74 4.3045e-09 
1204.75 3.98015e-09 
1204.76 3.67838e-09 
1204.77 3.39777e-09 
1204.78 3.13699e-09 
1204.79 2.89476e-09 
1204.8 2.66988e-09 
1204.81 2.46123e-09 
1204.82 2.26774e-09 
1204.83 2.08841e-09 
1204.84 1.92228e-09 
1204.85 1.76848e-09 
1204.86 1.62616e-09 
1204.87 1.49454e-09 
1204.88 1.37288e-09 
1204.89 1.26049e-09 
1204.9 1.15671e-09 
1204.91 1.06094e-09 
1204.92 9.72608e-10 
1204.93 8.9118e-10 
1204.94 8.16158e-10 
1204.95 7.47073e-10 
1204.96 6.83491e-10 
1204.97 6.25004e-10 
1204.98 5.7059e-10 
1204.99 5.21234e-10 
1205 4.75907e-10 
1205.01 4.34303e-10 
1205.02 3.96135e-10 
1205.03 3.61139e-10 
1205.04 3.29068e-10 
1205.05 2.99694e-10 
1205.06 2.72805e-10 
1205.07 2.48202e-10 
1205.08 2.25704e-10 
1205.09 2.05142e-10 
1205.1 1.86359e-10 
1205.11 1.6921e-10 
1205.11 1.53562e-10 
1205.12 1.3929e-10 
1205.13 1.26281e-10 
1205.14 1.14429e-10 
1205.15 1.03638e-10 
1205.16 9.3816e-11 
1205.17 8.48824e-11 
1205.18 7.67607e-11 
1205.19 6.9381e-11 
1205.2 6.26791e-11 
1205.21 5.6596e-11 
1205.22 5.1015e-11 
1205.23 4.60143e-11 
1205.24 4.14854e-11 
1205.25 3.73833e-11 
1205.26 3.36698e-11 
1205.27 3.03099e-11 
1205.28 2.72715e-11 
1205.29 2.45253e-11 
1205.3 2.20445e-11 
1205.31 1.98046e-11 
1205.32 1.77834e-11 
1205.33 1.59603e-11 
1205.34 1.43169e-11 
1205.35 1.28363e-11 
1205.36 1.15029e-11 
1205.37 1.03029e-11 
1205.38 9.22337e-12 
1205.39 8.2528e-12 
1205.4 7.38062e-12 
1205.41 6.59729e-12 
1205.42 5.89412e-12 
1205.43 5.26324e-12 
1205.44 4.69751e-12 
1205.45 4.19047e-12 
1205.46 3.73627e-12 
1205.47 3.32962e-12 
1205.48 2.96166e-12 
1205.49 2.63643e-12 
1205.5 2.34591e-12 
1205.51 2.08636e-12 
1205.52 1.85458e-12 
1205.53 1.64772e-12 
1205.54 1.46319e-12 
1205.54 1.29867e-12 
1205.55 1.15207e-12 
1205.56 1.0215e-12 
1205.57 9.0527e-13 
1205.58 8.01861e-13 
1205.59 7.09906e-13 
1205.6 6.28179e-13 
1205.61 5.5592e-13 
1205.62 4.91423e-13 
1205.63 4.3419e-13 
1205.64 3.83429e-13 
1205.65 3.38431e-13 
1205.66 2.98563e-13 
1205.67 2.63259e-13 
1205.68 2.32012e-13 
1205.69 2.0437e-13 
1205.7 1.79931e-13 
1205.71 1.58334e-13 
1205.72 1.3926e-13 
1205.73 1.22223e-13 
1205.74 1.0739e-13 
1205.75 9.43086e-14 
1205.76 8.27791e-14 
1205.77 7.26224e-14 
1205.78 6.36798e-14 
1205.79 5.58101e-14 
1205.8 4.88883e-14 
1205.81 4.28033e-14 
1205.82 3.74568e-14 
1205.83 3.27615e-14 
1205.84 2.86404e-14 
1205.85 2.5025e-14 
1205.86 2.18549e-14 
1205.87 1.90768e-14 
1205.88 1.66434e-14 
1205.89 1.45131e-14 
1205.9 1.2649e-14 
1205.91 1.10189e-14 
1205.92 9.59391e-15 
1205.93 8.34902e-15 
1205.94 7.262e-15 
1205.95 6.31332e-15 
1205.96 5.48579e-15 
1205.96 4.76433e-15 
1205.97 4.13566e-15 
1205.98 3.58176e-15 
1205.99 3.10597e-15 
1206 2.69203e-15 
1206.01 2.33208e-15 
1206.02 2.01923e-15 
1206.03 1.74747e-15 
1206.04 1.51152e-15 
1206.05 1.30677e-15 
1206.06 1.12919e-15 
1206.07 9.75242e-16 
1206.08 8.41859e-16 
1206.09 7.26352e-16 
1206.1 6.26376e-16 
1206.11 5.39889e-16 
1206.12 4.65108e-16 
1206.13 4.00483e-16 
1206.14 3.44663e-16 
1206.15 2.96474e-16 
1206.16 2.54893e-16 
1206.17 2.19034e-16 
1206.18 1.88124e-16 
1206.19 1.61495e-16 
1206.2 1.38565e-16 
1206.21 1.18831e-16 
1206.22 1.01855e-16 
1206.23 8.70922e-17 
1206.24 7.4575e-17 
1206.25 6.38246e-17 
1206.26 5.45964e-17 
1206.27 4.66788e-17 
1206.28 3.98893e-17 
1206.29 3.40702e-17 
1206.3 2.90852e-17 
1206.31 2.48171e-17 
1206.32 2.11646e-17 
1206.33 1.80405e-17 
1206.34 1.53699e-17 
1206.35 1.30879e-17 
1206.36 1.11392e-17 
1206.37 9.47578e-18 
1206.38 8.05672e-18 
1206.39 6.8467e-18 
1206.39 5.81548e-18 
1206.4 4.93708e-18 
1206.41 4.18925e-18 
1206.42 3.55289e-18 
1206.43 3.01168e-18 
1206.44 2.55162e-18 
1206.45 2.16075e-18 
1206.46 1.82883e-18 
1206.47 1.54711e-18 
1206.48 1.30539e-18 
1206.49 1.10318e-18 
1206.5 9.31826e-19 
1206.51 7.8669e-19 
1206.52 6.63824e-19 
1206.53 5.59865e-19 
1206.54 4.71947e-19 
1206.55 3.97635e-19 
1206.56 3.34855e-19 
1206.57 2.81844e-19 
1206.58 2.37106e-19 
1206.59 1.99368e-19 
1206.6 0 
