#energy geo_1 
1186.6 0 
1186.61 0 
1186.62 0 
1186.63 0 
1186.64 0 
1186.65 0 
1186.66 0 
1186.67 0 
1186.68 0 
1186.69 0 
1186.7 0 
1186.71 0 
1186.72 0 
1186.73 0 
1186.74 0 
1186.75 0 
1186.76 0 
1186.77 0 
1186.78 0 
1186.79 0 
1186.8 0 
1186.81 0 
1186.81 0 
1186.82 0 
1186.83 0 
1186.84 0 
1186.85 0 
1186.86 0 
1186.87 0 
1186.88 0 
1186.89 0 
1186.9 0 
1186.91 0 
1186.92 0 
1186.93 0 
1186.94 0 
1186.95 0 
1186.96 0 
1186.97 0 
1186.98 0 
1186.99 0 
1187 0 
1187.01 0 
1187.02 0 
1187.03 0 
1187.04 0 
1187.05 0 
1187.06 0 
1187.07 0 
1187.08 0 
1187.09 0 
1187.1 0 
1187.11 0 
1187.12 0 
1187.13 0 
1187.14 0 
1187.15 0 
1187.16 0 
1187.17 0 
1187.18 0 
1187.19 0 
1187.2 0 
1187.21 0 
1187.22 0 
1187.23 0 
1187.24 0 
1187.24 0 
1187.25 0 
1187.26 0 
1187.27 0 
1187.28 0 
1187.29 0 
1187.3 0 
1187.31 0 
1187.32 0 
1187.33 0 
1187.34 0 
1187.35 0 
1187.36 0 
1187.37 0 
1187.38 0 
1187.39 0 
1187.4 0 
1187.41 0 
1187.42 0 
1187.43 1.4013e-45 
1187.44 1.4013e-45 
1187.45 1.4013e-45 
1187.46 1.4013e-45 
1187.47 1.4013e-45 
1187.48 1.4013e-45 
1187.49 2.8026e-45 
1187.5 2.8026e-45 
1187.51 2.8026e-45 
1187.52 2.8026e-45 
1187.53 2.8026e-45 
1187.54 4.2039e-45 
1187.55 5.60519e-45 
1187.56 7.00649e-45 
1187.57 8.40779e-45 
1187.58 9.80909e-45 
1187.59 1.26117e-44 
1187.6 1.4013e-44 
1187.61 1.82169e-44 
1187.62 2.10195e-44 
1187.63 2.52234e-44 
1187.64 2.94273e-44 
1187.65 3.64338e-44 
1187.66 4.34403e-44 
1187.66 5.32493e-44 
1187.67 6.30584e-44 
1187.68 7.56701e-44 
1187.69 9.10844e-44 
1187.7 1.10703e-43 
1187.71 1.31722e-43 
1187.72 1.59748e-43 
1187.73 1.91978e-43 
1187.74 2.31214e-43 
1187.75 2.78858e-43 
1187.76 3.3491e-43 
1187.77 4.02173e-43 
1187.78 4.83448e-43 
1187.79 5.80138e-43 
1187.8 6.99248e-43 
1187.81 8.39378e-43 
1187.82 1.01034e-42 
1187.83 1.21352e-42 
1187.84 1.45595e-42 
1187.85 1.74742e-42 
1187.86 2.09774e-42 
1187.87 2.51813e-42 
1187.88 3.0212e-42 
1187.89 3.62516e-42 
1187.9 4.34683e-42 
1187.91 5.21283e-42 
1187.92 6.24979e-42 
1187.93 7.49274e-42 
1187.94 8.97812e-42 
1187.95 1.07578e-41 
1187.96 1.28877e-41 
1187.97 1.54381e-41 
1187.98 1.8528e-41 
1187.99 2.21812e-41 
1188 2.65518e-41 
1188.01 3.17758e-41 
1188.02 3.80228e-41 
1188.03 4.54833e-41 
1188.04 5.44026e-41 
1188.05 6.50553e-41 
1188.06 7.77763e-41 
1188.07 9.29677e-41 
1188.08 1.11105e-40 
1188.09 1.32753e-40 
1188.09 1.58586e-40 
1188.1 1.89411e-40 
1188.11 2.26178e-40 
1188.12 2.70029e-40 
1188.13 3.2232e-40 
1188.14 3.84654e-40 
1188.15 4.58953e-40 
1188.16 5.47493e-40 
1188.17 6.52981e-40 
1188.18 7.78638e-40 
1188.19 9.28289e-40 
1188.2 1.10648e-39 
1188.21 1.31861e-39 
1188.22 1.57109e-39 
1188.23 1.87563e-39 
1188.24 2.23386e-39 
1188.25 2.65996e-39 
1188.26 3.16672e-39 
1188.27 3.76925e-39 
1188.28 4.48552e-39 
1188.29 5.33683e-39 
1188.3 6.34843e-39 
1188.31 7.55025e-39 
1188.32 8.97778e-39 
1188.33 1.06731e-38 
1188.34 1.26859e-38 
1188.35 1.50753e-38 
1188.36 1.79112e-38 
1188.37 2.12762e-38 
1188.38 2.52683e-38 
1188.39 3.00034e-38 
1188.4 3.56187e-38 
1188.41 4.22763e-38 
1188.42 5.01683e-38 
1188.43 5.95214e-38 
1188.44 7.06041e-38 
1188.45 8.37335e-38 
1188.46 9.92843e-38 
1188.47 1.17699e-37 
1188.48 1.39799e-37 
1188.49 1.65661e-37 
1188.5 1.96268e-37 
1188.51 2.32484e-37 
1188.52 2.75326e-37 
1188.52 3.25998e-37 
1188.53 3.85918e-37 
1188.54 4.56759e-37 
1188.55 5.40495e-37 
1188.56 6.39453e-37 
1188.57 7.56376e-37 
1188.58 8.94498e-37 
1188.59 1.05763e-36 
1188.6 1.25104e-36 
1188.61 1.47859e-36 
1188.62 1.74719e-36 
1188.63 2.06417e-36 
1188.64 2.43815e-36 
1188.65 2.87932e-36 
1188.66 3.39962e-36 
1188.67 4.01314e-36 
1188.68 4.73642e-36 
1188.69 5.58892e-36 
1188.7 6.59354e-36 
1188.71 7.77718e-36 
1188.72 9.17144e-36 
1188.73 1.08358e-35 
1188.74 1.27732e-35 
1188.75 1.50539e-35 
1188.76 1.77384e-35 
1188.77 2.08973e-35 
1188.78 2.46139e-35 
1188.79 2.89855e-35 
1188.8 3.41267e-35 
1188.81 4.01718e-35 
1188.82 4.7278e-35 
1188.83 5.56302e-35 
1188.84 6.54446e-35 
1188.85 7.6975e-35 
1188.86 9.05186e-35 
1188.87 1.06424e-34 
1188.88 1.25098e-34 
1188.89 1.4702e-34 
1188.9 1.72749e-34 
1188.91 2.02939e-34 
1188.92 2.38357e-34 
1188.93 2.799e-34 
1188.94 3.28618e-34 
1188.94 3.85736e-34 
1188.95 4.52692e-34 
1188.96 5.31163e-34 
1188.97 6.2311e-34 
1188.98 7.32284e-34 
1188.99 8.58698e-34 
1189 1.00673e-33 
1189.01 1.18005e-33 
1189.02 1.38292e-33 
1189.03 1.62035e-33 
1189.04 1.89815e-33 
1189.05 2.22314e-33 
1189.06 2.60324e-33 
1189.07 3.04772e-33 
1189.08 3.56737e-33 
1189.09 4.17477e-33 
1189.1 4.88461e-33 
1189.11 5.714e-33 
1189.12 6.68286e-33 
1189.13 7.81442e-33 
1189.14 9.13575e-33 
1189.15 1.06783e-32 
1189.16 1.24789e-32 
1189.17 1.45801e-32 
1189.18 1.70316e-32 
1189.19 1.98914e-32 
1189.2 2.32267e-32 
1189.21 2.71157e-32 
1189.22 3.16496e-32 
1189.23 3.70053e-32 
1189.24 4.31752e-32 
1189.25 5.03636e-32 
1189.26 5.8737e-32 
1189.27 6.84888e-32 
1189.28 7.98434e-32 
1189.29 9.30618e-32 
1189.3 1.08447e-31 
1189.31 1.26349e-31 
1189.32 1.47178e-31 
1189.33 1.71405e-31 
1189.34 1.99581e-31 
1189.35 2.32341e-31 
1189.36 2.70424e-31 
1189.36 3.14685e-31 
1189.37 3.66117e-31 
1189.38 4.25869e-31 
1189.39 4.95274e-31 
1189.4 5.75873e-31 
1189.41 6.69453e-31 
1189.42 7.78083e-31 
1189.43 9.04158e-31 
1189.44 1.05045e-30 
1189.45 1.22016e-30 
1189.46 1.41701e-30 
1189.47 1.64529e-30 
1189.48 1.91351e-30 
1189.49 2.22087e-30 
1189.5 2.57708e-30 
1189.51 2.98982e-30 
1189.52 3.46796e-30 
1189.53 4.02175e-30 
1189.54 4.66304e-30 
1189.55 5.40549e-30 
1189.56 6.26489e-30 
1189.57 7.25947e-30 
1189.58 8.41024e-30 
1189.59 9.74146e-30 
1189.6 1.12811e-29 
1189.61 1.30696e-29 
1189.62 1.51292e-29 
1189.63 1.75098e-29 
1189.64 2.02609e-29 
1189.65 2.34396e-29 
1189.66 2.71115e-29 
1189.67 3.13522e-29 
1189.68 3.6249e-29 
1189.69 4.19021e-29 
1189.7 4.84271e-29 
1189.71 5.59568e-29 
1189.72 6.46443e-29 
1189.73 7.48001e-29 
1189.74 8.6378e-29 
1189.75 9.97279e-29 
1189.76 1.15118e-28 
1189.77 1.32856e-28 
1189.78 1.53296e-28 
1189.79 1.76846e-28 
1189.79 2.03972e-28 
1189.8 2.35211e-28 
1189.81 2.7118e-28 
1189.82 3.12587e-28 
1189.83 3.60243e-28 
1189.84 4.15082e-28 
1189.85 4.78171e-28 
1189.86 5.50739e-28 
1189.87 6.34192e-28 
1189.88 7.30143e-28 
1189.89 8.40442e-28 
1189.9 9.67208e-28 
1189.91 1.11287e-27 
1189.92 1.28021e-27 
1189.93 1.47242e-27 
1189.94 1.69314e-27 
1189.95 1.94655e-27 
1189.96 2.23745e-27 
1189.97 2.57129e-27 
1189.98 2.95949e-27 
1189.99 3.39969e-27 
1190 3.90458e-27 
1190.01 4.48354e-27 
1190.02 5.14732e-27 
1190.03 5.90818e-27 
1190.04 6.78014e-27 
1190.05 7.77921e-27 
1190.06 8.9237e-27 
1190.07 1.02345e-26 
1190.08 1.17355e-26 
1190.09 1.34539e-26 
1190.1 1.54208e-26 
1190.11 1.76717e-26 
1190.12 2.02471e-26 
1190.13 2.31931e-26 
1190.14 2.65625e-26 
1190.15 3.04151e-26 
1190.16 3.48196e-26 
1190.17 3.98538e-26 
1190.18 4.56066e-26 
1190.19 5.21794e-26 
1190.2 5.96874e-26 
1190.21 6.82618e-26 
1190.21 7.80524e-26 
1190.22 8.93784e-26 
1190.23 1.02156e-25 
1190.24 1.16737e-25 
1190.25 1.33372e-25 
1190.26 1.52347e-25 
1190.27 1.73987e-25 
1190.28 1.9866e-25 
1190.29 2.26786e-25 
1190.3 2.58842e-25 
1190.31 2.9537e-25 
1190.32 3.36985e-25 
1190.33 3.84385e-25 
1190.34 4.38364e-25 
1190.35 4.99822e-25 
1190.36 5.69782e-25 
1190.37 6.49403e-25 
1190.38 7.40002e-25 
1190.39 8.43069e-25 
1190.4 9.60298e-25 
1190.41 1.09361e-24 
1190.42 1.24517e-24 
1190.43 1.41746e-24 
1190.44 1.61325e-24 
1190.45 1.83572e-24 
1190.46 2.08845e-24 
1190.47 2.37549e-24 
1190.48 2.70579e-24 
1190.49 3.07643e-24 
1190.5 3.49714e-24 
1190.51 3.97458e-24 
1190.52 4.5163e-24 
1190.53 5.1308e-24 
1190.54 5.82775e-24 
1190.55 6.61804e-24 
1190.56 7.51397e-24 
1190.57 8.52948e-24 
1190.58 9.68028e-24 
1190.59 1.09841e-23 
1190.6 1.24611e-23 
1190.61 1.41425e-23 
1190.62 1.60377e-23 
1190.63 1.81832e-23 
1190.64 2.06115e-23 
1190.64 2.33594e-23 
1190.65 2.64683e-23 
1190.66 2.99849e-23 
1190.67 3.39619e-23 
1190.68 3.84587e-23 
1190.69 4.3542e-23 
1190.7 4.92873e-23 
1190.71 5.57794e-23 
1190.72 6.31139e-23 
1190.73 7.15086e-23 
1190.74 8.08786e-23 
1190.75 9.14579e-23 
1190.76 1.034e-22 
1190.77 1.16878e-22 
1190.78 1.32086e-22 
1190.79 1.49244e-22 
1190.8 1.68595e-22 
1190.81 1.90418e-22 
1190.82 2.15021e-22 
1190.83 2.42755e-22 
1190.84 2.74011e-22 
1190.85 3.09229e-22 
1190.86 3.48902e-22 
1190.87 3.93587e-22 
1190.88 4.43904e-22 
1190.89 5.00554e-22 
1190.9 5.64319e-22 
1190.91 6.36078e-22 
1190.92 7.16819e-22 
1190.93 8.07645e-22 
1190.94 9.09795e-22 
1190.95 1.02466e-21 
1190.96 1.15379e-21 
1190.97 1.29894e-21 
1190.98 1.46421e-21 
1190.99 1.64774e-21 
1191 1.85389e-21 
1191.01 2.08542e-21 
1191.02 2.34539e-21 
1191.03 2.63724e-21 
1191.04 2.9648e-21 
1191.05 3.33238e-21 
1191.06 3.74478e-21 
1191.07 4.20736e-21 
1191.07 4.72613e-21 
1191.08 5.3078e-21 
1191.09 5.95985e-21 
1191.1 6.69066e-21 
1191.11 7.50956e-21 
1191.12 8.427e-21 
1191.13 9.4546e-21 
1191.14 1.06054e-20 
1191.15 1.18938e-20 
1191.16 1.33361e-20 
1191.17 1.49503e-20 
1191.18 1.67565e-20 
1191.19 1.87771e-20 
1191.2 2.10371e-20 
1191.21 2.35643e-20 
1191.22 2.63899e-20 
1191.23 2.959e-20 
1191.24 3.31246e-20 
1191.25 3.7074e-20 
1191.26 4.14859e-20 
1191.27 4.64134e-20 
1191.28 5.19158e-20 
1191.29 5.80588e-20 
1191.3 6.49155e-20 
1191.31 7.25673e-20 
1191.32 8.11048e-20 
1191.33 9.06284e-20 
1191.34 1.0125e-19 
1191.35 1.13093e-19 
1191.36 1.26297e-19 
1191.37 1.41013e-19 
1191.38 1.57413e-19 
1191.39 1.75684e-19 
1191.4 1.96036e-19 
1191.41 2.18702e-19 
1191.42 2.4394e-19 
1191.43 2.72035e-19 
1191.44 3.03305e-19 
1191.45 3.381e-19 
1191.46 3.76812e-19 
1191.47 4.19871e-19 
1191.48 4.68423e-19 
1191.49 5.21701e-19 
1191.49 5.80964e-19 
1191.5 6.46829e-19 
1191.51 7.20015e-19 
1191.52 8.01321e-19 
1191.53 8.91628e-19 
1191.54 9.91913e-19 
1191.55 1.10325e-18 
1191.56 1.22685e-18 
1191.57 1.36401e-18 
1191.58 1.5162e-18 
1191.59 1.68503e-18 
1191.6 1.87345e-18 
1191.61 2.08122e-18 
1191.62 2.31157e-18 
1191.63 2.5669e-18 
1191.64 2.84986e-18 
1191.65 3.16337e-18 
1191.66 3.51066e-18 
1191.67 3.89529e-18 
1191.68 4.32119e-18 
1191.69 4.79268e-18 
1191.7 5.31456e-18 
1191.71 5.89207e-18 
1191.72 6.53102e-18 
1191.73 7.2471e-18 
1191.74 8.02973e-18 
1191.75 8.89509e-18 
1191.76 9.85172e-18 
1191.77 1.0909e-17 
1191.78 1.20774e-17 
1191.79 1.33682e-17 
1191.8 1.47939e-17 
1191.81 1.63684e-17 
1191.82 1.81069e-17 
1191.83 2.00259e-17 
1191.84 2.21438e-17 
1191.85 2.44808e-17 
1191.86 2.7059e-17 
1191.87 2.99027e-17 
1191.88 3.30386e-17 
1191.89 3.64959e-17 
1191.9 4.03069e-17 
1191.91 4.45069e-17 
1191.92 4.91347e-17 
1191.92 5.42327e-17 
1191.93 5.98475e-17 
1191.94 6.60304e-17 
1191.95 7.28373e-17 
1191.96 8.03297e-17 
1191.97 8.8575e-17 
1191.98 9.77658e-17 
1191.99 1.07757e-16 
1192 1.18745e-16 
1192.01 1.30828e-16 
1192.02 1.44111e-16 
1192.03 1.5871e-16 
1192.04 1.74753e-16 
1192.05 1.92379e-16 
1192.06 2.1174e-16 
1192.07 2.33003e-16 
1192.08 2.56349e-16 
1192.09 2.81977e-16 
1192.1 3.10105e-16 
1192.11 3.4097e-16 
1192.12 3.74832e-16 
1192.13 4.11973e-16 
1192.14 4.52703e-16 
1192.15 4.9736e-16 
1192.16 5.46311e-16 
1192.17 5.9996e-16 
1192.18 6.58744e-16 
1192.19 7.23142e-16 
1192.2 7.93675e-16 
1192.21 8.70912e-16 
1192.22 9.55473e-16 
1192.23 1.04924e-15 
1192.24 1.15065e-15 
1192.25 1.26161e-15 
1192.26 1.38298e-15 
1192.27 1.51573e-15 
1192.28 1.66088e-15 
1192.29 1.81957e-15 
1192.3 1.99302e-15 
1192.31 2.18256e-15 
1192.32 2.38964e-15 
1192.33 2.61585e-15 
1192.34 2.86289e-15 
1192.34 3.13263e-15 
1192.35 3.42709e-15 
1192.36 3.74848e-15 
1192.37 4.09918e-15 
1192.38 4.48178e-15 
1192.39 4.89911e-15 
1192.4 5.35421e-15 
1192.41 5.85042e-15 
1192.42 6.39132e-15 
1192.43 6.98082e-15 
1192.44 7.62316e-15 
1192.45 8.32293e-15 
1192.46 9.08509e-15 
1192.47 9.91505e-15 
1192.48 1.08304e-14 
1192.49 1.1815e-14 
1192.5 1.28866e-14 
1192.51 1.40524e-14 
1192.52 1.53207e-14 
1192.53 1.67e-14 
1192.54 1.81999e-14 
1192.55 1.98305e-14 
1192.56 2.16028e-14 
1192.57 2.35287e-14 
1192.58 2.56212e-14 
1192.59 2.78941e-14 
1192.6 3.03626e-14 
1192.61 3.30633e-14 
1192.62 3.59746e-14 
1192.63 3.91345e-14 
1192.64 4.25633e-14 
1192.65 4.62832e-14 
1192.66 5.03181e-14 
1192.67 5.46936e-14 
1192.68 5.94377e-14 
1192.69 6.45803e-14 
1192.7 7.01536e-14 
1192.71 7.61925e-14 
1192.72 8.27346e-14 
1192.73 8.99125e-14 
1192.74 9.7593e-14 
1192.75 1.05908e-13 
1192.76 1.14909e-13 
1192.77 1.24649e-13 
1192.77 1.35188e-13 
1192.78 1.46588e-13 
1192.79 1.58917e-13 
1192.8 1.72249e-13 
1192.81 1.86662e-13 
1192.82 2.02239e-13 
1192.83 2.19073e-13 
1192.84 2.37259e-13 
1192.85 2.56904e-13 
1192.86 2.78119e-13 
1192.87 3.01026e-13 
1192.88 3.25753e-13 
1192.89 3.5244e-13 
1192.9 3.81237e-13 
1192.91 4.12304e-13 
1192.92 4.45812e-13 
1192.93 4.81946e-13 
1192.94 5.20904e-13 
1192.95 5.62898e-13 
1192.96 6.08155e-13 
1192.97 6.56917e-13 
1192.98 7.10128e-13 
1192.99 7.66756e-13 
1193 8.27732e-13 
1193.01 8.93377e-13 
1193.02 9.64034e-13 
1193.03 1.04007e-12 
1193.04 1.12188e-12 
1193.05 1.20987e-12 
1193.06 1.30451e-12 
1193.07 1.40626e-12 
1193.08 1.51565e-12 
1193.09 1.63321e-12 
1193.1 1.75954e-12 
1193.11 1.89526e-12 
1193.12 2.04103e-12 
1193.13 2.19758e-12 
1193.14 2.36565e-12 
1193.15 2.54607e-12 
1193.16 2.73969e-12 
1193.17 2.94744e-12 
1193.18 3.17031e-12 
1193.19 3.40934e-12 
1193.19 3.66565e-12 
1193.2 3.94043e-12 
1193.21 4.23497e-12 
1193.22 4.55482e-12 
1193.23 4.89314e-12 
1193.24 5.25568e-12 
1193.25 5.64396e-12 
1193.26 6.05969e-12 
1193.27 6.50473e-12 
1193.28 6.98106e-12 
1193.29 7.49075e-12 
1193.3 8.03603e-12 
1193.31 8.61927e-12 
1193.32 9.24297e-12 
1193.33 9.90981e-12 
1193.34 1.06226e-11 
1193.35 1.13844e-11 
1193.36 1.21983e-11 
1193.37 1.30678e-11 
1193.38 1.39965e-11 
1193.39 1.49881e-11 
1193.4 1.60468e-11 
1193.41 1.71768e-11 
1193.42 1.83826e-11 
1193.43 1.96691e-11 
1193.44 2.10414e-11 
1193.45 2.25049e-11 
1193.46 2.40654e-11 
1193.47 2.57288e-11 
1193.48 2.75246e-11 
1193.49 2.94152e-11 
1193.5 3.14294e-11 
1193.51 3.35747e-11 
1193.52 3.58592e-11 
1193.53 3.82914e-11 
1193.54 4.08803e-11 
1193.55 4.36355e-11 
1193.56 4.6567e-11 
1193.57 4.96854e-11 
1193.58 5.30019e-11 
1193.59 5.65284e-11 
1193.6 6.02774e-11 
1193.61 6.43018e-11 
1193.62 6.85387e-11 
1193.62 7.304e-11 
1193.63 7.78212e-11 
1193.64 8.28988e-11 
1193.65 8.82897e-11 
1193.66 9.40123e-11 
1193.67 1.00086e-10 
1193.68 1.0653e-10 
1193.69 1.13366e-10 
1193.7 1.20617e-10 
1193.71 1.28305e-10 
1193.72 1.36456e-10 
1193.73 1.45207e-10 
1193.74 1.54369e-10 
1193.75 1.64076e-10 
1193.76 1.74358e-10 
1193.77 1.85248e-10 
1193.78 1.96778e-10 
1193.79 2.08983e-10 
1193.8 2.219e-10 
1193.81 2.35569e-10 
1193.82 2.50028e-10 
1193.83 2.65322e-10 
1193.84 2.81495e-10 
1193.85 2.98593e-10 
1193.86 3.16667e-10 
1193.87 3.35766e-10 
1193.88 3.55945e-10 
1193.89 3.77261e-10 
1193.9 3.99773e-10 
1193.91 4.23543e-10 
1193.92 4.48635e-10 
1193.93 4.75119e-10 
1193.94 5.03064e-10 
1193.95 5.32545e-10 
1193.96 5.63641e-10 
1193.97 5.96432e-10 
1193.98 6.31447e-10 
1193.99 6.67912e-10 
1194 7.06339e-10 
1194.01 7.46828e-10 
1194.02 7.89477e-10 
1194.03 8.34394e-10 
1194.04 8.81689e-10 
1194.05 9.31477e-10 
1194.05 9.83877e-10 
1194.06 1.03902e-09 
1194.07 1.09702e-09 
1194.08 1.15804e-09 
1194.09 1.2222e-09 
1194.1 1.28965e-09 
1194.11 1.36055e-09 
1194.12 1.43506e-09 
1194.13 1.51335e-09 
1194.14 1.59558e-09 
1194.15 1.68195e-09 
1194.16 1.77263e-09 
1194.17 1.86783e-09 
1194.18 1.96774e-09 
1194.19 2.07257e-09 
1194.2 2.18255e-09 
1194.21 2.2979e-09 
1194.22 2.41887e-09 
1194.23 2.54731e-09 
1194.24 2.68031e-09 
1194.25 2.81969e-09 
1194.26 2.96572e-09 
1194.27 3.11868e-09 
1194.28 3.27887e-09 
1194.29 3.44659e-09 
1194.3 3.62216e-09 
1194.31 3.80591e-09 
1194.32 3.99817e-09 
1194.33 4.1993e-09 
1194.34 4.40965e-09 
1194.35 4.62961e-09 
1194.36 4.85956e-09 
1194.37 5.09991e-09 
1194.38 5.35106e-09 
1194.39 5.61345e-09 
1194.4 5.88752e-09 
1194.41 6.17372e-09 
1194.42 6.47253e-09 
1194.43 6.78443e-09 
1194.44 7.10993e-09 
1194.45 7.44954e-09 
1194.46 7.80381e-09 
1194.47 8.17327e-09 
1194.47 8.56351e-09 
1194.48 8.96519e-09 
1194.49 9.38394e-09 
1194.5 9.82025e-09 
1194.51 1.02748e-08 
1194.52 1.07482e-08 
1194.53 1.12411e-08 
1194.54 1.17543e-08 
1194.55 1.22885e-08 
1194.56 1.28443e-08 
1194.57 1.34225e-08 
1194.58 1.4024e-08 
1194.59 1.46494e-08 
1194.6 1.52997e-08 
1194.61 1.59855e-08 
1194.62 1.66883e-08 
1194.63 1.74185e-08 
1194.64 1.8177e-08 
1194.65 1.89647e-08 
1194.66 1.97826e-08 
1194.67 2.06316e-08 
1194.68 2.15126e-08 
1194.69 2.24268e-08 
1194.7 2.33751e-08 
1194.71 2.43585e-08 
1194.72 2.53783e-08 
1194.73 2.64488e-08 
1194.74 2.75449e-08 
1194.75 2.86806e-08 
1194.76 2.98571e-08 
1194.77 3.10756e-08 
1194.78 3.23373e-08 
1194.79 3.36434e-08 
1194.8 3.49952e-08 
1194.81 3.6394e-08 
1194.82 3.78411e-08 
1194.83 3.93378e-08 
1194.84 4.08855e-08 
1194.85 4.24855e-08 
1194.86 4.41391e-08 
1194.87 4.58479e-08 
1194.88 4.76133e-08 
1194.89 4.94366e-08 
1194.9 5.13194e-08 
1194.9 5.32632e-08 
1194.91 5.52695e-08 
1194.92 5.73398e-08 
1194.93 5.94756e-08 
1194.94 6.16785e-08 
1194.95 6.39502e-08 
1194.96 6.62921e-08 
1194.97 6.87059e-08 
1194.98 7.12248e-08 
1194.99 7.37883e-08 
1195 7.64287e-08 
1195.01 7.91475e-08 
1195.02 8.19466e-08 
1195.03 8.48275e-08 
1195.04 8.7792e-08 
1195.05 9.08418e-08 
1195.06 9.39786e-08 
1195.07 9.7204e-08 
1195.08 1.0052e-07 
1195.09 1.03928e-07 
1195.1 1.0743e-07 
1195.11 1.11027e-07 
1195.12 1.14722e-07 
1195.13 1.18516e-07 
1195.14 1.22411e-07 
1195.15 1.26408e-07 
1195.16 1.3051e-07 
1195.17 1.34717e-07 
1195.18 1.39032e-07 
1195.19 1.43456e-07 
1195.2 1.47991e-07 
1195.21 1.52639e-07 
1195.22 1.57401e-07 
1195.23 1.6234e-07 
1195.24 1.67337e-07 
1195.25 1.72452e-07 
1195.26 1.77688e-07 
1195.27 1.83047e-07 
1195.28 1.88528e-07 
1195.29 1.94135e-07 
1195.3 1.99868e-07 
1195.31 2.05729e-07 
1195.32 2.1172e-07 
1195.32 2.1784e-07 
1195.33 2.24093e-07 
1195.34 2.30478e-07 
1195.35 2.36998e-07 
1195.36 2.43653e-07 
1195.37 2.50444e-07 
1195.38 2.57372e-07 
1195.39 2.64439e-07 
1195.4 2.71645e-07 
1195.41 2.78992e-07 
1195.42 2.86479e-07 
1195.43 2.94108e-07 
1195.44 3.01879e-07 
1195.45 3.09792e-07 
1195.46 3.1785e-07 
1195.47 3.26051e-07 
1195.48 3.34501e-07 
1195.49 3.42993e-07 
1195.5 3.51629e-07 
1195.51 3.60409e-07 
1195.52 3.69335e-07 
1195.53 3.78405e-07 
1195.54 3.8762e-07 
1195.55 3.96979e-07 
1195.56 4.06482e-07 
1195.57 4.16129e-07 
1195.58 4.25919e-07 
1195.59 4.35851e-07 
1195.6 4.45925e-07 
1195.61 4.56421e-07 
1195.62 4.66782e-07 
1195.63 4.77282e-07 
1195.64 4.8792e-07 
1195.65 4.98694e-07 
1195.66 5.09603e-07 
1195.67 5.20646e-07 
1195.68 5.31821e-07 
1195.69 5.43127e-07 
1195.7 5.5456e-07 
1195.71 5.66121e-07 
1195.72 5.77805e-07 
1195.73 5.89761e-07 
1195.74 6.01689e-07 
1195.75 6.13735e-07 
1195.75 6.25896e-07 
1195.76 6.38169e-07 
1195.77 6.50551e-07 
1195.78 6.6304e-07 
1195.79 6.75633e-07 
1195.8 6.88325e-07 
1195.81 7.01115e-07 
1195.82 7.13999e-07 
1195.83 7.26972e-07 
1195.84 7.40032e-07 
1195.85 7.53175e-07 
1195.86 7.66397e-07 
1195.87 7.79693e-07 
1195.88 7.9306e-07 
1195.89 8.06494e-07 
1195.9 8.1999e-07 
1195.91 8.33543e-07 
1195.92 8.4715e-07 
1195.93 8.60805e-07 
1195.94 8.74504e-07 
1195.95 8.88242e-07 
1195.96 9.02013e-07 
1195.97 9.15814e-07 
1195.98 9.29811e-07 
1195.99 9.43653e-07 
1196 9.57509e-07 
1196.01 9.71372e-07 
1196.02 9.85237e-07 
1196.03 9.99099e-07 
1196.04 1.01295e-06 
1196.05 1.02679e-06 
1196.06 1.0406e-06 
1196.07 1.05439e-06 
1196.08 1.06815e-06 
1196.09 1.08187e-06 
1196.1 1.09554e-06 
1196.11 1.10916e-06 
1196.12 1.12273e-06 
1196.13 1.13623e-06 
1196.14 1.14966e-06 
1196.15 1.16302e-06 
1196.16 1.1763e-06 
1196.17 1.18948e-06 
1196.17 1.20257e-06 
1196.18 1.21556e-06 
1196.19 1.22845e-06 
1196.2 1.24122e-06 
1196.21 1.25387e-06 
1196.22 1.26654e-06 
1196.23 1.27893e-06 
1196.24 1.29118e-06 
1196.25 1.30328e-06 
1196.26 1.31524e-06 
1196.27 1.32703e-06 
1196.28 1.33866e-06 
1196.29 1.35012e-06 
1196.3 1.3614e-06 
1196.31 1.3725e-06 
1196.32 1.38341e-06 
1196.33 1.39413e-06 
1196.34 1.40464e-06 
1196.35 1.41495e-06 
1196.36 1.42505e-06 
1196.37 1.43493e-06 
1196.38 1.44459e-06 
1196.39 1.45402e-06 
1196.4 1.46322e-06 
1196.41 1.47217e-06 
1196.42 1.48089e-06 
1196.43 1.48935e-06 
1196.44 1.49756e-06 
1196.45 1.50552e-06 
1196.46 1.51321e-06 
1196.47 1.52063e-06 
1196.48 1.52787e-06 
1196.49 1.53474e-06 
1196.5 1.54133e-06 
1196.51 1.54764e-06 
1196.52 1.55366e-06 
1196.53 1.55939e-06 
1196.54 1.56482e-06 
1196.55 1.56996e-06 
1196.56 1.5748e-06 
1196.57 1.57933e-06 
1196.58 1.58355e-06 
1196.59 1.58747e-06 
1196.6 1.59108e-06 
1196.6 1.59535e-06 
1196.61 1.59833e-06 
1196.62 1.60099e-06 
1196.63 1.60334e-06 
1196.64 1.60536e-06 
1196.65 1.60706e-06 
1196.66 1.60844e-06 
1196.67 1.60949e-06 
1196.68 1.61022e-06 
1196.69 1.61063e-06 
1196.7 1.61071e-06 
1196.71 1.61047e-06 
1196.72 1.6099e-06 
1196.73 1.60899e-06 
1196.74 1.60777e-06 
1196.75 1.60623e-06 
1196.76 1.60436e-06 
1196.77 1.60218e-06 
1196.78 1.59967e-06 
1196.79 1.59685e-06 
1196.8 1.5937e-06 
1196.81 1.59025e-06 
1196.82 1.58648e-06 
1196.83 1.5824e-06 
1196.84 1.57802e-06 
1196.85 1.57333e-06 
1196.86 1.56833e-06 
1196.87 1.56304e-06 
1196.88 1.55745e-06 
1196.89 1.55157e-06 
1196.9 1.5454e-06 
1196.91 1.53894e-06 
1196.92 1.5322e-06 
1196.93 1.52518e-06 
1196.94 1.51789e-06 
1196.95 1.51033e-06 
1196.96 1.5025e-06 
1196.97 1.49441e-06 
1196.98 1.48596e-06 
1196.99 1.47737e-06 
1197 1.46852e-06 
1197.01 1.45943e-06 
1197.02 1.45011e-06 
1197.03 1.44056e-06 
1197.03 1.43078e-06 
1197.04 1.42078e-06 
1197.05 1.41057e-06 
1197.06 1.40014e-06 
1197.07 1.38952e-06 
1197.08 1.37869e-06 
1197.09 1.36768e-06 
1197.1 1.35648e-06 
1197.11 1.3451e-06 
1197.12 1.33354e-06 
1197.13 1.32182e-06 
1197.14 1.30994e-06 
1197.15 1.2979e-06 
1197.16 1.28572e-06 
1197.17 1.27339e-06 
1197.18 1.26092e-06 
1197.19 1.24833e-06 
1197.2 1.23561e-06 
1197.21 1.22278e-06 
1197.22 1.20983e-06 
1197.23 1.19662e-06 
1197.24 1.18347e-06 
1197.25 1.17023e-06 
1197.26 1.1569e-06 
1197.27 1.1435e-06 
1197.28 1.13002e-06 
1197.29 1.11648e-06 
1197.3 1.10287e-06 
1197.31 1.08921e-06 
1197.32 1.07551e-06 
1197.33 1.06176e-06 
1197.34 1.04798e-06 
1197.35 1.03417e-06 
1197.36 1.02033e-06 
1197.37 1.00648e-06 
1197.38 9.9261e-07 
1197.39 9.78738e-07 
1197.4 9.64865e-07 
1197.41 9.50996e-07 
1197.42 9.37138e-07 
1197.43 9.23296e-07 
1197.44 9.09474e-07 
1197.45 8.95679e-07 
1197.45 8.81915e-07 
1197.46 8.68188e-07 
1197.47 8.54502e-07 
1197.48 8.40692e-07 
1197.49 8.27104e-07 
1197.5 8.13571e-07 
1197.51 8.00099e-07 
1197.52 7.8669e-07 
1197.53 7.73351e-07 
1197.54 7.60084e-07 
1197.55 7.46895e-07 
1197.56 7.33786e-07 
1197.57 7.20762e-07 
1197.58 7.07826e-07 
1197.59 6.94982e-07 
1197.6 6.82234e-07 
1197.61 6.69998e-07 
1197.62 6.57443e-07 
1197.63 6.44993e-07 
1197.64 6.32651e-07 
1197.65 6.20421e-07 
1197.66 6.08304e-07 
1197.67 5.96303e-07 
1197.68 5.84422e-07 
1197.69 5.72661e-07 
1197.7 5.61025e-07 
1197.71 5.49513e-07 
1197.72 5.3813e-07 
1197.73 5.26736e-07 
1197.74 5.15616e-07 
1197.75 5.04628e-07 
1197.76 4.93775e-07 
1197.77 4.83057e-07 
1197.78 4.72478e-07 
1197.79 4.62036e-07 
1197.8 4.51735e-07 
1197.81 4.41574e-07 
1197.82 4.31555e-07 
1197.83 4.21678e-07 
1197.84 4.11944e-07 
1197.85 4.02354e-07 
1197.86 3.92908e-07 
1197.87 3.83606e-07 
1197.88 3.7445e-07 
1197.88 3.65438e-07 
1197.89 3.56571e-07 
1197.9 3.47849e-07 
1197.91 3.39273e-07 
1197.92 3.30841e-07 
1197.93 3.22554e-07 
1197.94 3.14411e-07 
1197.95 3.06413e-07 
1197.96 2.98557e-07 
1197.97 2.90845e-07 
1197.98 2.83181e-07 
1197.99 2.75755e-07 
1198 2.68469e-07 
1198.01 2.61323e-07 
1198.02 2.54317e-07 
1198.03 2.47449e-07 
1198.04 2.40718e-07 
1198.05 2.34123e-07 
1198.06 2.27663e-07 
1198.07 2.21338e-07 
1198.08 2.15145e-07 
1198.09 2.09084e-07 
1198.1 2.03153e-07 
1198.11 1.97351e-07 
1198.12 1.91677e-07 
1198.13 1.86129e-07 
1198.14 1.80706e-07 
1198.15 1.75406e-07 
1198.16 1.70228e-07 
1198.17 1.65171e-07 
1198.18 1.60232e-07 
1198.19 1.55411e-07 
1198.2 1.50705e-07 
1198.21 1.46113e-07 
1198.22 1.41634e-07 
1198.23 1.37212e-07 
1198.24 1.32954e-07 
1198.25 1.28804e-07 
1198.26 1.2476e-07 
1198.27 1.20819e-07 
1198.28 1.16982e-07 
1198.29 1.13245e-07 
1198.3 1.09608e-07 
1198.3 1.06067e-07 
1198.31 1.02623e-07 
1198.32 9.92731e-08 
1198.33 9.60154e-08 
1198.34 9.28485e-08 
1198.35 8.97707e-08 
1198.36 8.67803e-08 
1198.37 8.38758e-08 
1198.38 8.10555e-08 
1198.39 7.83177e-08 
1198.4 7.56609e-08 
1198.41 7.30834e-08 
1198.42 7.05837e-08 
1198.43 6.81602e-08 
1198.44 6.58114e-08 
1198.45 6.35357e-08 
1198.46 6.13315e-08 
1198.47 5.91976e-08 
1198.48 5.71068e-08 
1198.49 5.51095e-08 
1198.5 5.31779e-08 
1198.51 5.13107e-08 
1198.52 4.95064e-08 
1198.53 4.77638e-08 
1198.54 4.60814e-08 
1198.55 4.44579e-08 
1198.56 4.28922e-08 
1198.57 4.13828e-08 
1198.58 3.99287e-08 
1198.59 3.85286e-08 
1198.6 3.71812e-08 
1198.61 3.59077e-08 
1198.62 3.46618e-08 
1198.63 3.34654e-08 
1198.64 3.23175e-08 
1198.65 3.12169e-08 
1198.66 3.01627e-08 
1198.67 2.91539e-08 
1198.68 2.81895e-08 
1198.69 2.72687e-08 
1198.7 2.63906e-08 
1198.71 2.55542e-08 
1198.72 2.47587e-08 
1198.73 2.39943e-08 
1198.73 2.32788e-08 
1198.74 2.2602e-08 
1198.75 2.19631e-08 
1198.76 2.13615e-08 
1198.77 2.07963e-08 
1198.78 2.02671e-08 
1198.79 1.97732e-08 
1198.8 1.93141e-08 
1198.81 1.88892e-08 
1198.82 1.84979e-08 
1198.83 1.81398e-08 
1198.84 1.78145e-08 
1198.85 1.75214e-08 
1198.86 1.72602e-08 
1198.87 1.70304e-08 
1198.88 1.68318e-08 
1198.89 1.66639e-08 
1198.9 1.65264e-08 
1198.91 1.64191e-08 
1198.92 1.63417e-08 
1198.93 1.62939e-08 
1198.94 1.62755e-08 
1198.95 1.62862e-08 
1198.96 1.6326e-08 
1198.97 1.63946e-08 
1198.98 1.64934e-08 
1198.99 1.66196e-08 
1199 1.67742e-08 
1199.01 1.69573e-08 
1199.02 1.71686e-08 
1199.03 1.74081e-08 
1199.04 1.76757e-08 
1199.05 1.79715e-08 
1199.06 1.82954e-08 
1199.07 1.86474e-08 
1199.08 1.90274e-08 
1199.09 1.94356e-08 
1199.1 1.9872e-08 
1199.11 2.03364e-08 
1199.12 2.08291e-08 
1199.13 2.13501e-08 
1199.14 2.18993e-08 
1199.15 2.2477e-08 
1199.15 2.3083e-08 
1199.16 2.37176e-08 
1199.17 2.43807e-08 
1199.18 2.50724e-08 
1199.19 2.57929e-08 
1199.2 2.65422e-08 
1199.21 2.73203e-08 
1199.22 2.81378e-08 
1199.23 2.8974e-08 
1199.24 2.98395e-08 
1199.25 3.07341e-08 
1199.26 3.16579e-08 
1199.27 3.26109e-08 
1199.28 3.35932e-08 
1199.29 3.46048e-08 
1199.3 3.56457e-08 
1199.31 3.67159e-08 
1199.32 3.78155e-08 
1199.33 3.89445e-08 
1199.34 4.01028e-08 
1199.35 4.12904e-08 
1199.36 4.25073e-08 
1199.37 4.37534e-08 
1199.38 4.50286e-08 
1199.39 4.63329e-08 
1199.4 4.76661e-08 
1199.41 4.90283e-08 
1199.42 5.04191e-08 
1199.43 5.18385e-08 
1199.44 5.32863e-08 
1199.45 5.47623e-08 
1199.46 5.62664e-08 
1199.47 5.77983e-08 
1199.48 5.93775e-08 
1199.49 6.09647e-08 
1199.5 6.25789e-08 
1199.51 6.422e-08 
1199.52 6.58875e-08 
1199.53 6.75812e-08 
1199.54 6.93007e-08 
1199.55 7.10457e-08 
1199.56 7.28158e-08 
1199.57 7.46106e-08 
1199.58 7.64297e-08 
1199.58 7.82727e-08 
1199.59 8.01392e-08 
1199.6 8.20287e-08 
1199.61 8.39925e-08 
1199.62 8.59278e-08 
1199.63 8.78848e-08 
1199.64 8.98628e-08 
1199.65 9.18615e-08 
1199.66 9.38802e-08 
1199.67 9.59186e-08 
1199.68 9.7976e-08 
1199.69 1.00052e-07 
1199.7 1.02146e-07 
1199.71 1.04257e-07 
1199.72 1.06385e-07 
1199.73 1.08557e-07 
1199.74 1.10718e-07 
1199.75 1.12893e-07 
1199.76 1.15084e-07 
1199.77 1.17289e-07 
1199.78 1.19508e-07 
1199.79 1.21739e-07 
1199.8 1.23984e-07 
1199.81 1.26241e-07 
1199.82 1.28509e-07 
1199.83 1.30789e-07 
1199.84 1.3308e-07 
1199.85 1.35381e-07 
1199.86 1.37693e-07 
1199.87 1.40014e-07 
1199.88 1.42345e-07 
1199.89 1.44685e-07 
1199.9 1.47034e-07 
1199.91 1.49391e-07 
1199.92 1.51757e-07 
1199.93 1.54132e-07 
1199.94 1.56514e-07 
1199.95 1.58905e-07 
1199.96 1.61303e-07 
1199.97 1.6371e-07 
1199.98 1.66155e-07 
1199.99 1.68579e-07 
1200 1.7101e-07 
1200.01 1.73451e-07 
1200.01 1.759e-07 
1200.02 1.78358e-07 
1200.03 1.80826e-07 
1200.04 1.83304e-07 
1200.05 1.85793e-07 
1200.06 1.88292e-07 
1200.07 1.90804e-07 
1200.08 1.93327e-07 
1200.09 1.95864e-07 
1200.1 1.98415e-07 
1200.11 2.0098e-07 
1200.12 2.03561e-07 
1200.13 2.06159e-07 
1200.14 2.08774e-07 
1200.15 2.11408e-07 
1200.16 2.14063e-07 
1200.17 2.16739e-07 
1200.18 2.19437e-07 
1200.19 2.2216e-07 
1200.2 2.24908e-07 
1200.21 2.27683e-07 
1200.22 2.30488e-07 
1200.23 2.33358e-07 
1200.24 2.36225e-07 
1200.25 2.39126e-07 
1200.26 2.42062e-07 
1200.27 2.45037e-07 
1200.28 2.48051e-07 
1200.29 2.51107e-07 
1200.3 2.54206e-07 
1200.31 2.57352e-07 
1200.32 2.60546e-07 
1200.33 2.6379e-07 
1200.34 2.67087e-07 
1200.35 2.70438e-07 
1200.36 2.73848e-07 
1200.37 2.77317e-07 
1200.38 2.80848e-07 
1200.39 2.84444e-07 
1200.4 2.88107e-07 
1200.41 2.9184e-07 
1200.42 2.95646e-07 
1200.43 2.99526e-07 
1200.43 3.03485e-07 
1200.44 3.07523e-07 
1200.45 3.11644e-07 
1200.46 3.1585e-07 
1200.47 3.20145e-07 
1200.48 3.24586e-07 
1200.49 3.29066e-07 
1200.5 3.33642e-07 
1200.51 3.38316e-07 
1200.52 3.43092e-07 
1200.53 3.47972e-07 
1200.54 3.52958e-07 
1200.55 3.58052e-07 
1200.56 3.63258e-07 
1200.57 3.68578e-07 
1200.58 3.74014e-07 
1200.59 3.79568e-07 
1200.6 3.85243e-07 
1200.61 3.91281e-07 
1200.62 3.97208e-07 
1200.63 4.03262e-07 
1200.64 4.09445e-07 
1200.65 4.15759e-07 
1200.66 4.22207e-07 
1200.67 4.28789e-07 
1200.68 4.35508e-07 
1200.69 4.42365e-07 
1200.7 4.49362e-07 
1200.71 4.565e-07 
1200.72 4.6378e-07 
1200.73 4.71298e-07 
1200.74 4.78868e-07 
1200.75 4.86584e-07 
1200.76 4.94447e-07 
1200.77 5.02457e-07 
1200.78 5.10614e-07 
1200.79 5.18921e-07 
1200.8 5.27376e-07 
1200.81 5.3598e-07 
1200.82 5.44733e-07 
1200.83 5.53635e-07 
1200.84 5.62685e-07 
1200.85 5.71885e-07 
1200.85 5.81232e-07 
1200.86 5.90727e-07 
1200.87 6.00369e-07 
1200.88 6.10157e-07 
1200.89 6.20089e-07 
1200.9 6.30165e-07 
1200.91 6.40383e-07 
1200.92 6.50742e-07 
1200.93 6.61241e-07 
1200.94 6.71877e-07 
1200.95 6.82648e-07 
1200.96 6.93553e-07 
1200.97 7.0459e-07 
1200.98 7.15896e-07 
1200.99 7.2719e-07 
1201 7.38608e-07 
1201.01 7.50147e-07 
1201.02 7.61804e-07 
1201.03 7.73577e-07 
1201.04 7.85462e-07 
1201.05 7.97457e-07 
1201.06 8.09557e-07 
1201.07 8.21759e-07 
1201.08 8.34061e-07 
1201.09 8.46457e-07 
1201.1 8.58945e-07 
1201.11 8.7152e-07 
1201.12 8.84179e-07 
1201.13 8.96917e-07 
1201.14 9.09731e-07 
1201.15 9.22616e-07 
1201.16 9.35569e-07 
1201.17 9.48584e-07 
1201.18 9.61657e-07 
1201.19 9.74784e-07 
1201.2 9.87962e-07 
1201.21 1.00118e-06 
1201.22 1.01445e-06 
1201.23 1.02791e-06 
1201.24 1.04124e-06 
1201.25 1.0546e-06 
1201.26 1.06798e-06 
1201.27 1.08138e-06 
1201.28 1.0948e-06 
1201.28 1.10822e-06 
1201.29 1.12165e-06 
1201.3 1.13508e-06 
1201.31 1.14851e-06 
1201.32 1.16193e-06 
1201.33 1.17534e-06 
1201.34 1.18873e-06 
1201.35 1.20211e-06 
1201.36 1.21546e-06 
1201.37 1.22879e-06 
1201.38 1.24208e-06 
1201.39 1.25535e-06 
1201.4 1.26858e-06 
1201.41 1.28177e-06 
1201.42 1.29492e-06 
1201.43 1.30802e-06 
1201.44 1.32108e-06 
1201.45 1.33409e-06 
1201.46 1.34705e-06 
1201.47 1.35996e-06 
1201.48 1.37298e-06 
1201.49 1.38578e-06 
1201.5 1.39852e-06 
1201.51 1.41121e-06 
1201.52 1.42384e-06 
1201.53 1.43642e-06 
1201.54 1.44894e-06 
1201.55 1.4614e-06 
1201.56 1.47381e-06 
1201.57 1.48617e-06 
1201.58 1.49847e-06 
1201.59 1.51073e-06 
1201.6 1.52293e-06 
1201.61 1.53604e-06 
1201.62 1.54816e-06 
1201.63 1.56025e-06 
1201.64 1.57229e-06 
1201.65 1.58431e-06 
1201.66 1.5963e-06 
1201.67 1.60827e-06 
1201.68 1.62022e-06 
1201.69 1.63215e-06 
1201.7 1.64408e-06 
1201.7 1.65601e-06 
1201.71 1.66795e-06 
1201.72 1.68005e-06 
1201.73 1.69202e-06 
1201.74 1.70402e-06 
1201.75 1.71606e-06 
1201.76 1.72814e-06 
1201.77 1.74028e-06 
1201.78 1.75248e-06 
1201.79 1.76475e-06 
1201.8 1.77711e-06 
1201.81 1.78956e-06 
1201.82 1.80212e-06 
1201.83 1.81479e-06 
1201.84 1.82759e-06 
1201.85 1.84053e-06 
1201.86 1.85362e-06 
1201.87 1.86688e-06 
1201.88 1.88031e-06 
1201.89 1.89393e-06 
1201.9 1.90775e-06 
1201.91 1.92179e-06 
1201.92 1.93605e-06 
1201.93 1.95056e-06 
1201.94 1.96533e-06 
1201.95 1.98037e-06 
1201.96 1.99569e-06 
1201.97 2.01132e-06 
1201.98 2.02746e-06 
1201.99 2.04374e-06 
1202 2.06036e-06 
1202.01 2.07735e-06 
1202.02 2.09471e-06 
1202.03 2.11246e-06 
1202.04 2.13061e-06 
1202.05 2.14919e-06 
1202.06 2.1682e-06 
1202.07 2.18767e-06 
1202.08 2.2076e-06 
1202.09 2.22801e-06 
1202.1 2.24892e-06 
1202.11 2.27033e-06 
1202.12 2.29227e-06 
1202.13 2.31475e-06 
1202.13 2.33778e-06 
1202.14 2.36137e-06 
1202.15 2.38555e-06 
1202.16 2.41031e-06 
1202.17 2.43567e-06 
1202.18 2.46165e-06 
1202.19 2.48826e-06 
1202.2 2.5155e-06 
1202.21 2.54339e-06 
1202.22 2.57231e-06 
1202.23 2.60153e-06 
1202.24 2.63143e-06 
1202.25 2.66201e-06 
1202.26 2.69328e-06 
1202.27 2.72526e-06 
1202.28 2.75794e-06 
1202.29 2.79132e-06 
1202.3 2.82543e-06 
1202.31 2.86025e-06 
1202.32 2.89579e-06 
1202.33 2.93205e-06 
1202.34 2.96904e-06 
1202.35 3.00676e-06 
1202.36 3.0452e-06 
1202.37 3.08437e-06 
1202.38 3.12425e-06 
1202.39 3.16486e-06 
1202.4 3.20617e-06 
1202.41 3.2482e-06 
1202.42 3.29092e-06 
1202.43 3.33435e-06 
1202.44 3.37845e-06 
1202.45 3.42324e-06 
1202.46 3.46869e-06 
1202.47 3.51479e-06 
1202.48 3.56213e-06 
1202.49 3.60951e-06 
1202.5 3.65751e-06 
1202.51 3.7061e-06 
1202.52 3.75527e-06 
1202.53 3.805e-06 
1202.54 3.85528e-06 
1202.55 3.90607e-06 
1202.56 3.95737e-06 
1202.56 4.00914e-06 
1202.57 4.06137e-06 
1202.58 4.11403e-06 
1202.59 4.16709e-06 
1202.6 4.22053e-06 
1202.61 4.27694e-06 
1202.62 4.33107e-06 
1202.63 4.3855e-06 
1202.64 4.44019e-06 
1202.65 4.4951e-06 
1202.66 4.55021e-06 
1202.67 4.60548e-06 
1202.68 4.66087e-06 
1202.69 4.71636e-06 
1202.7 4.7719e-06 
1202.71 4.82746e-06 
1202.72 4.883e-06 
1202.73 4.93917e-06 
1202.74 4.99456e-06 
1202.75 5.0498e-06 
1202.76 5.10488e-06 
1202.77 5.15973e-06 
1202.78 5.21433e-06 
1202.79 5.26863e-06 
1202.8 5.32258e-06 
1202.81 5.37616e-06 
1202.82 5.4293e-06 
1202.83 5.48198e-06 
1202.84 5.53415e-06 
1202.85 5.58576e-06 
1202.86 5.63678e-06 
1202.87 5.68716e-06 
1202.88 5.73685e-06 
1202.89 5.78582e-06 
1202.9 5.83402e-06 
1202.91 5.8814e-06 
1202.92 5.92793e-06 
1202.93 5.97357e-06 
1202.94 6.01827e-06 
1202.95 6.06199e-06 
1202.96 6.10469e-06 
1202.97 6.14633e-06 
1202.98 6.18687e-06 
1202.98 6.22676e-06 
1202.99 6.26497e-06 
1203 6.30197e-06 
1203.01 6.33771e-06 
1203.02 6.37217e-06 
1203.03 6.40531e-06 
1203.04 6.43709e-06 
1203.05 6.46748e-06 
1203.06 6.49645e-06 
1203.07 6.52397e-06 
1203.08 6.55e-06 
1203.09 6.57453e-06 
1203.1 6.59752e-06 
1203.11 6.61894e-06 
1203.12 6.63878e-06 
1203.13 6.65701e-06 
1203.14 6.6736e-06 
1203.15 6.68854e-06 
1203.16 6.7018e-06 
1203.17 6.71338e-06 
1203.18 6.72324e-06 
1203.19 6.73139e-06 
1203.2 6.7378e-06 
1203.21 6.74246e-06 
1203.22 6.74537e-06 
1203.23 6.74651e-06 
1203.24 6.74586e-06 
1203.25 6.74343e-06 
1203.26 6.73921e-06 
1203.27 6.73322e-06 
1203.28 6.72544e-06 
1203.29 6.71587e-06 
1203.3 6.70453e-06 
1203.31 6.69141e-06 
1203.32 6.67652e-06 
1203.33 6.65987e-06 
1203.34 6.64147e-06 
1203.35 6.62133e-06 
1203.36 6.59946e-06 
1203.37 6.57587e-06 
1203.38 6.55058e-06 
1203.39 6.52361e-06 
1203.4 6.49497e-06 
1203.41 6.46469e-06 
1203.41 6.43278e-06 
1203.42 6.39928e-06 
1203.43 6.36419e-06 
1203.44 6.32755e-06 
1203.45 6.28939e-06 
1203.46 6.24973e-06 
1203.47 6.2086e-06 
1203.48 6.16549e-06 
1203.49 6.1215e-06 
1203.5 6.07613e-06 
1203.51 6.02942e-06 
1203.52 5.9814e-06 
1203.53 5.93212e-06 
1203.54 5.88159e-06 
1203.55 5.82987e-06 
1203.56 5.77698e-06 
1203.57 5.72297e-06 
1203.58 5.66788e-06 
1203.59 5.61174e-06 
1203.6 5.55461e-06 
1203.61 5.49988e-06 
1203.62 5.44082e-06 
1203.63 5.38088e-06 
1203.64 5.3201e-06 
1203.65 5.25853e-06 
1203.66 5.19621e-06 
1203.67 5.13317e-06 
1203.68 5.06947e-06 
1203.69 5.00514e-06 
1203.7 4.94023e-06 
1203.71 4.87479e-06 
1203.72 4.80885e-06 
1203.73 4.74162e-06 
1203.74 4.67482e-06 
1203.75 4.60765e-06 
1203.76 4.54016e-06 
1203.77 4.47239e-06 
1203.78 4.40438e-06 
1203.79 4.33617e-06 
1203.8 4.26781e-06 
1203.81 4.19933e-06 
1203.82 4.13077e-06 
1203.83 4.06218e-06 
1203.83 3.99359e-06 
1203.84 3.92504e-06 
1203.85 3.85657e-06 
1203.86 3.78821e-06 
1203.87 3.72001e-06 
1203.88 3.65199e-06 
1203.89 3.5842e-06 
1203.9 3.51666e-06 
1203.91 3.44941e-06 
1203.92 3.38248e-06 
1203.93 3.3159e-06 
1203.94 3.2497e-06 
1203.95 3.18392e-06 
1203.96 3.11858e-06 
1203.97 3.0537e-06 
1203.98 2.98852e-06 
1203.99 2.92467e-06 
1204 2.86137e-06 
1204.01 2.79863e-06 
1204.02 2.73649e-06 
1204.03 2.67496e-06 
1204.04 2.61407e-06 
1204.05 2.55384e-06 
1204.06 2.49427e-06 
1204.07 2.4354e-06 
1204.08 2.37724e-06 
1204.09 2.31981e-06 
1204.1 2.26311e-06 
1204.11 2.20717e-06 
1204.12 2.15199e-06 
1204.13 2.09759e-06 
1204.14 2.04398e-06 
1204.15 1.99117e-06 
1204.16 1.93917e-06 
1204.17 1.88799e-06 
1204.18 1.83763e-06 
1204.19 1.7881e-06 
1204.2 1.73941e-06 
1204.21 1.69155e-06 
1204.22 1.64455e-06 
1204.23 1.59781e-06 
1204.24 1.55252e-06 
1204.25 1.50807e-06 
1204.26 1.46447e-06 
1204.26 1.42173e-06 
1204.27 1.37984e-06 
1204.28 1.3388e-06 
1204.29 1.29861e-06 
1204.3 1.25926e-06 
1204.31 1.22076e-06 
1204.32 1.18309e-06 
1204.33 1.14625e-06 
1204.34 1.11025e-06 
1204.35 1.07506e-06 
1204.36 1.0407e-06 
1204.37 1.00714e-06 
1204.38 9.74381e-07 
1204.39 9.4242e-07 
1204.4 9.11246e-07 
1204.41 8.80849e-07 
1204.42 8.51223e-07 
1204.43 8.22356e-07 
1204.44 7.9424e-07 
1204.45 7.66866e-07 
1204.46 7.40222e-07 
1204.47 7.14298e-07 
1204.48 6.88774e-07 
1204.49 6.64269e-07 
1204.5 6.40451e-07 
1204.51 6.1731e-07 
1204.52 5.94834e-07 
1204.53 5.73011e-07 
1204.54 5.51831e-07 
1204.55 5.31281e-07 
1204.56 5.11349e-07 
1204.57 4.92024e-07 
1204.58 4.73293e-07 
1204.59 4.55145e-07 
1204.6 4.37566e-07 
1204.61 4.20545e-07 
1204.62 4.04319e-07 
1204.63 3.88369e-07 
1204.64 3.7294e-07 
1204.65 3.58022e-07 
1204.66 3.43601e-07 
1204.67 3.29667e-07 
1204.68 3.16207e-07 
1204.68 3.03209e-07 
1204.69 2.90662e-07 
1204.7 2.78554e-07 
1204.71 2.66874e-07 
1204.72 2.55472e-07 
1204.73 2.44618e-07 
1204.74 2.34158e-07 
1204.75 2.2408e-07 
1204.76 2.14375e-07 
1204.77 2.05031e-07 
1204.78 1.96038e-07 
1204.79 1.87386e-07 
1204.8 1.79064e-07 
1204.81 1.71063e-07 
1204.82 1.63372e-07 
1204.83 1.55982e-07 
1204.84 1.48883e-07 
1204.85 1.42067e-07 
1204.86 1.35524e-07 
1204.87 1.29244e-07 
1204.88 1.23221e-07 
1204.89 1.17444e-07 
1204.9 1.11906e-07 
1204.91 1.06599e-07 
1204.92 1.01514e-07 
1204.93 9.66438e-08 
1204.94 9.19808e-08 
1204.95 8.75176e-08 
1204.96 8.32471e-08 
1204.97 7.91622e-08 
1204.98 7.52083e-08 
1204.99 7.14765e-08 
1205 6.79103e-08 
1205.01 6.45035e-08 
1205.02 6.125e-08 
1205.03 5.81438e-08 
1205.04 5.51793e-08 
1205.05 5.23509e-08 
1205.06 4.96533e-08 
1205.07 4.7081e-08 
1205.08 4.46292e-08 
1205.09 4.22929e-08 
1205.1 4.00674e-08 
1205.11 3.79481e-08 
1205.11 3.59306e-08 
1205.12 3.40105e-08 
1205.13 3.21838e-08 
1205.14 3.04464e-08 
1205.15 2.87946e-08 
1205.16 2.72245e-08 
1205.17 2.57326e-08 
1205.18 2.43155e-08 
1205.19 2.29699e-08 
1205.2 2.16924e-08 
1205.21 2.04801e-08 
1205.22 1.93164e-08 
1205.23 1.8226e-08 
1205.24 1.71926e-08 
1205.25 1.6213e-08 
1205.26 1.52849e-08 
1205.27 1.44058e-08 
1205.28 1.35733e-08 
1205.29 1.27853e-08 
1205.3 1.20395e-08 
1205.31 1.1334e-08 
1205.32 1.06668e-08 
1205.33 1.00359e-08 
1205.34 9.43969e-09 
1205.35 8.87631e-09 
1205.36 8.34416e-09 
1205.37 7.84165e-09 
1205.38 7.36728e-09 
1205.39 6.91962e-09 
1205.4 6.4973e-09 
1205.41 6.09899e-09 
1205.42 5.72346e-09 
1205.43 5.3695e-09 
1205.44 5.03599e-09 
1205.45 4.72183e-09 
1205.46 4.426e-09 
1205.47 4.14751e-09 
1205.48 3.88234e-09 
1205.49 3.63586e-09 
1205.5 3.40414e-09 
1205.51 3.18626e-09 
1205.52 2.98148e-09 
1205.53 2.78905e-09 
1205.54 2.60829e-09 
1205.54 2.43855e-09 
1205.55 2.2792e-09 
1205.56 2.12964e-09 
1205.57 1.98933e-09 
1205.58 1.85773e-09 
1205.59 1.73434e-09 
1205.6 1.61867e-09 
1205.61 1.51121e-09 
1205.62 1.40962e-09 
1205.63 1.31448e-09 
1205.64 1.2254e-09 
1205.65 1.14204e-09 
1205.66 1.06403e-09 
1205.67 9.91077e-10 
1205.68 9.22855e-10 
1205.69 8.59083e-10 
1205.7 7.99487e-10 
1205.71 7.43812e-10 
1205.72 6.91815e-10 
1205.73 6.42682e-10 
1205.74 5.97408e-10 
1205.75 5.55164e-10 
1205.76 5.15759e-10 
1205.77 4.79013e-10 
1205.78 4.44758e-10 
1205.79 4.12833e-10 
1205.8 3.83089e-10 
1205.81 3.55386e-10 
1205.82 3.29592e-10 
1205.83 3.05582e-10 
1205.84 2.8324e-10 
1205.85 2.62455e-10 
1205.86 2.43126e-10 
1205.87 2.25156e-10 
1205.88 2.08454e-10 
1205.89 1.92935e-10 
1205.9 1.78521e-10 
1205.91 1.65135e-10 
1205.92 1.5271e-10 
1205.93 1.41179e-10 
1205.94 1.30481e-10 
1205.95 1.20559e-10 
1205.96 1.11359e-10 
1205.96 1.02832e-10 
1205.97 9.49303e-11 
1205.98 8.75228e-11 
1205.99 8.07509e-11 
1206 7.44815e-11 
1206.01 6.86791e-11 
1206.02 6.33105e-11 
1206.03 5.83448e-11 
1206.04 5.37531e-11 
1206.05 4.95085e-11 
1206.06 4.5586e-11 
1206.07 4.19622e-11 
1206.08 3.86154e-11 
1206.09 3.55252e-11 
1206.1 3.2673e-11 
1206.11 3.00411e-11 
1206.12 2.76133e-11 
1206.13 2.53744e-11 
1206.14 2.33103e-11 
1206.15 2.1408e-11 
1206.16 1.96552e-11 
1206.17 1.80408e-11 
1206.18 1.65542e-11 
1206.19 1.51857e-11 
1206.2 1.39264e-11 
1206.21 1.27678e-11 
1206.22 1.17022e-11 
1206.23 1.07108e-11 
1206.24 9.81123e-12 
1206.25 8.98462e-12 
1206.26 8.2253e-12 
1206.27 7.52798e-12 
1206.28 6.8878e-12 
1206.29 6.30025e-12 
1206.3 5.76116e-12 
1206.31 5.26668e-12 
1206.32 4.81326e-12 
1206.33 4.39761e-12 
1206.34 4.01669e-12 
1206.35 3.66772e-12 
1206.36 3.3481e-12 
1206.37 3.05546e-12 
1206.38 2.78759e-12 
1206.39 2.54248e-12 
1206.39 2.31825e-12 
1206.4 2.11319e-12 
1206.41 1.92571e-12 
1206.42 1.75436e-12 
1206.43 1.5978e-12 
1206.44 1.45479e-12 
1206.45 1.3242e-12 
1206.46 1.20499e-12 
1206.47 1.09619e-12 
1206.48 9.95747e-13 
1206.49 9.05318e-13 
1206.5 8.22865e-13 
1206.51 7.47706e-13 
1206.52 6.79217e-13 
1206.53 6.16824e-13 
1206.54 5.60001e-13 
1206.55 5.08266e-13 
1206.56 4.61179e-13 
1206.57 4.18333e-13 
1206.58 3.79359e-13 
1206.59 3.43916e-13 
1206.6 0 
