#energy geo_1 
1186.6 8.86848e-07 
1186.61 8.86288e-07 
1186.62 8.85729e-07 
1186.63 8.8517e-07 
1186.64 8.8461e-07 
1186.65 8.84051e-07 
1186.66 8.83493e-07 
1186.67 8.82934e-07 
1186.68 8.82376e-07 
1186.69 8.81819e-07 
1186.7 8.81261e-07 
1186.71 8.80704e-07 
1186.72 8.80146e-07 
1186.73 8.7959e-07 
1186.74 8.79033e-07 
1186.75 8.78477e-07 
1186.76 8.7792e-07 
1186.77 8.77366e-07 
1186.78 8.7681e-07 
1186.79 8.76254e-07 
1186.8 8.757e-07 
1186.81 8.75145e-07 
1186.81 8.7459e-07 
1186.82 8.74036e-07 
1186.83 8.73483e-07 
1186.84 8.72929e-07 
1186.85 8.72375e-07 
1186.86 8.71822e-07 
1186.87 8.71269e-07 
1186.88 8.70716e-07 
1186.89 8.70163e-07 
1186.9 8.69612e-07 
1186.91 8.69061e-07 
1186.92 8.68508e-07 
1186.93 8.67957e-07 
1186.94 8.67405e-07 
1186.95 8.66854e-07 
1186.96 8.66304e-07 
1186.97 8.65754e-07 
1186.98 8.65203e-07 
1186.99 8.64655e-07 
1187 8.64104e-07 
1187.01 8.63556e-07 
1187.02 8.63006e-07 
1187.03 8.62457e-07 
1187.04 8.61908e-07 
1187.05 8.6136e-07 
1187.06 8.60812e-07 
1187.07 8.60264e-07 
1187.08 8.59716e-07 
1187.09 8.59169e-07 
1187.1 8.58623e-07 
1187.11 8.58076e-07 
1187.12 8.57529e-07 
1187.13 8.56982e-07 
1187.14 8.56436e-07 
1187.15 8.5589e-07 
1187.16 8.55345e-07 
1187.17 8.54799e-07 
1187.18 8.54254e-07 
1187.19 8.5371e-07 
1187.2 8.53165e-07 
1187.21 8.5262e-07 
1187.22 8.52077e-07 
1187.23 8.51532e-07 
1187.24 8.50988e-07 
1187.24 8.50445e-07 
1187.25 8.49902e-07 
1187.26 8.49359e-07 
1187.27 8.48816e-07 
1187.28 8.48274e-07 
1187.29 8.47732e-07 
1187.3 8.47189e-07 
1187.31 8.46648e-07 
1187.32 8.46106e-07 
1187.33 8.45566e-07 
1187.34 8.45024e-07 
1187.35 8.44484e-07 
1187.36 8.43943e-07 
1187.37 8.43403e-07 
1187.38 8.42863e-07 
1187.39 8.42323e-07 
1187.4 8.41784e-07 
1187.41 8.41245e-07 
1187.42 8.40705e-07 
1187.43 8.40166e-07 
1187.44 8.39627e-07 
1187.45 8.39088e-07 
1187.46 8.38551e-07 
1187.47 8.38013e-07 
1187.48 8.37475e-07 
1187.49 8.36938e-07 
1187.5 8.36401e-07 
1187.51 8.35864e-07 
1187.52 8.35327e-07 
1187.53 8.34791e-07 
1187.54 8.34254e-07 
1187.55 8.33719e-07 
1187.56 8.33182e-07 
1187.57 8.32646e-07 
1187.58 8.32111e-07 
1187.59 8.31577e-07 
1187.6 8.31041e-07 
1187.61 8.31025e-07 
1187.62 8.30491e-07 
1187.63 8.29956e-07 
1187.64 8.29422e-07 
1187.65 8.28887e-07 
1187.66 8.28353e-07 
1187.66 8.2782e-07 
1187.67 8.27287e-07 
1187.68 8.26754e-07 
1187.69 8.2622e-07 
1187.7 8.25687e-07 
1187.71 8.25155e-07 
1187.72 8.24622e-07 
1187.73 8.24091e-07 
1187.74 8.23559e-07 
1187.75 8.23027e-07 
1187.76 8.22496e-07 
1187.77 8.21964e-07 
1187.78 8.21434e-07 
1187.79 8.20903e-07 
1187.8 8.20373e-07 
1187.81 8.19842e-07 
1187.82 8.19311e-07 
1187.83 8.18782e-07 
1187.84 8.18252e-07 
1187.85 8.17722e-07 
1187.86 8.17192e-07 
1187.87 8.16664e-07 
1187.88 8.16135e-07 
1187.89 8.15606e-07 
1187.9 8.15078e-07 
1187.91 8.1455e-07 
1187.92 8.14021e-07 
1187.93 8.13493e-07 
1187.94 8.12966e-07 
1187.95 8.12438e-07 
1187.96 8.11911e-07 
1187.97 8.11384e-07 
1187.98 8.10857e-07 
1187.99 8.10331e-07 
1188 8.09804e-07 
1188.01 8.09277e-07 
1188.02 8.08752e-07 
1188.03 8.08226e-07 
1188.04 8.077e-07 
1188.05 8.07175e-07 
1188.06 8.06649e-07 
1188.07 8.06124e-07 
1188.08 8.05599e-07 
1188.09 8.05076e-07 
1188.09 8.04551e-07 
1188.1 8.04027e-07 
1188.11 8.03502e-07 
1188.12 8.02979e-07 
1188.13 8.02455e-07 
1188.14 8.01931e-07 
1188.15 8.01407e-07 
1188.16 8.00885e-07 
1188.17 8.00362e-07 
1188.18 7.99839e-07 
1188.19 7.99316e-07 
1188.2 7.98794e-07 
1188.21 7.98272e-07 
1188.22 7.9775e-07 
1188.23 7.97228e-07 
1188.24 7.96707e-07 
1188.25 7.96185e-07 
1188.26 7.95664e-07 
1188.27 7.95142e-07 
1188.28 7.94622e-07 
1188.29 7.94101e-07 
1188.3 7.9358e-07 
1188.31 7.9306e-07 
1188.32 7.9254e-07 
1188.33 7.9202e-07 
1188.34 7.915e-07 
1188.35 7.90981e-07 
1188.36 7.90461e-07 
1188.37 7.89941e-07 
1188.38 7.89422e-07 
1188.39 7.88903e-07 
1188.4 7.88384e-07 
1188.41 7.87865e-07 
1188.42 7.87347e-07 
1188.43 7.86829e-07 
1188.44 7.8631e-07 
1188.45 7.85792e-07 
1188.46 7.85275e-07 
1188.47 7.84757e-07 
1188.48 7.84239e-07 
1188.49 7.83722e-07 
1188.5 7.83205e-07 
1188.51 7.82688e-07 
1188.52 7.82171e-07 
1188.52 7.81653e-07 
1188.53 7.81137e-07 
1188.54 7.8062e-07 
1188.55 7.80104e-07 
1188.56 7.79588e-07 
1188.57 7.79072e-07 
1188.58 7.78556e-07 
1188.59 7.7804e-07 
1188.6 7.7801e-07 
1188.61 7.77495e-07 
1188.62 7.76979e-07 
1188.63 7.76464e-07 
1188.64 7.75948e-07 
1188.65 7.75433e-07 
1188.66 7.74918e-07 
1188.67 7.74403e-07 
1188.68 7.73887e-07 
1188.69 7.73373e-07 
1188.7 7.72859e-07 
1188.71 7.72344e-07 
1188.72 7.7183e-07 
1188.73 7.71316e-07 
1188.74 7.70802e-07 
1188.75 7.70288e-07 
1188.76 7.69774e-07 
1188.77 7.6926e-07 
1188.78 7.68746e-07 
1188.79 7.68234e-07 
1188.8 7.6772e-07 
1188.81 7.67208e-07 
1188.82 7.66694e-07 
1188.83 7.66181e-07 
1188.84 7.65669e-07 
1188.85 7.65156e-07 
1188.86 7.64643e-07 
1188.87 7.64131e-07 
1188.88 7.63619e-07 
1188.89 7.63106e-07 
1188.9 7.62594e-07 
1188.91 7.62083e-07 
1188.92 7.61569e-07 
1188.93 7.61058e-07 
1188.94 7.60546e-07 
1188.94 7.60035e-07 
1188.95 7.59524e-07 
1188.96 7.59013e-07 
1188.97 7.58501e-07 
1188.98 7.57989e-07 
1188.99 7.57478e-07 
1189 7.56966e-07 
1189.01 7.56456e-07 
1189.02 7.55946e-07 
1189.03 7.55435e-07 
1189.04 7.54924e-07 
1189.05 7.54414e-07 
1189.06 7.53902e-07 
1189.07 7.53392e-07 
1189.08 7.52883e-07 
1189.09 7.52372e-07 
1189.1 7.51862e-07 
1189.11 7.51352e-07 
1189.12 7.50841e-07 
1189.13 7.50332e-07 
1189.14 7.49822e-07 
1189.15 7.49313e-07 
1189.16 7.48802e-07 
1189.17 7.48293e-07 
1189.18 7.47783e-07 
1189.19 7.47274e-07 
1189.2 7.46763e-07 
1189.21 7.46255e-07 
1189.22 7.45745e-07 
1189.23 7.45237e-07 
1189.24 7.44727e-07 
1189.25 7.44217e-07 
1189.26 7.43709e-07 
1189.27 7.43199e-07 
1189.28 7.42691e-07 
1189.29 7.42181e-07 
1189.3 7.41672e-07 
1189.31 7.41163e-07 
1189.32 7.40655e-07 
1189.33 7.40147e-07 
1189.34 7.39638e-07 
1189.35 7.39128e-07 
1189.36 7.3862e-07 
1189.36 7.38111e-07 
1189.37 7.37603e-07 
1189.38 7.37095e-07 
1189.39 7.36586e-07 
1189.4 7.36078e-07 
1189.41 7.35568e-07 
1189.42 7.35061e-07 
1189.43 7.34552e-07 
1189.44 7.34043e-07 
1189.45 7.33535e-07 
1189.46 7.33026e-07 
1189.47 7.32519e-07 
1189.48 7.3201e-07 
1189.49 7.31501e-07 
1189.5 7.30993e-07 
1189.51 7.30486e-07 
1189.52 7.29977e-07 
1189.53 7.29469e-07 
1189.54 7.2896e-07 
1189.55 7.28453e-07 
1189.56 7.27944e-07 
1189.57 7.27436e-07 
1189.58 7.26927e-07 
1189.59 7.26419e-07 
1189.6 7.25911e-07 
1189.61 7.25855e-07 
1189.62 7.25347e-07 
1189.63 7.24838e-07 
1189.64 7.24329e-07 
1189.65 7.2382e-07 
1189.66 7.23312e-07 
1189.67 7.22802e-07 
1189.68 7.22294e-07 
1189.69 7.21785e-07 
1189.7 7.21277e-07 
1189.71 7.20768e-07 
1189.72 7.20259e-07 
1189.73 7.1975e-07 
1189.74 7.19242e-07 
1189.75 7.18733e-07 
1189.76 7.18224e-07 
1189.77 7.17714e-07 
1189.78 7.17206e-07 
1189.79 7.16697e-07 
1189.79 7.16187e-07 
1189.8 7.15678e-07 
1189.81 7.15169e-07 
1189.82 7.1466e-07 
1189.83 7.1415e-07 
1189.84 7.13641e-07 
1189.85 7.13131e-07 
1189.86 7.12622e-07 
1189.87 7.12113e-07 
1189.88 7.11603e-07 
1189.89 7.11093e-07 
1189.9 7.10583e-07 
1189.91 7.10073e-07 
1189.92 7.09563e-07 
1189.93 7.09053e-07 
1189.94 7.08543e-07 
1189.95 7.08033e-07 
1189.96 7.07523e-07 
1189.97 7.07012e-07 
1189.98 7.06502e-07 
1189.99 7.05991e-07 
1190 7.0548e-07 
1190.01 7.0497e-07 
1190.02 7.0446e-07 
1190.03 7.03948e-07 
1190.04 7.03438e-07 
1190.05 7.02926e-07 
1190.06 7.02415e-07 
1190.07 7.01904e-07 
1190.08 7.01392e-07 
1190.09 7.00881e-07 
1190.1 7.00369e-07 
1190.11 6.99857e-07 
1190.12 6.99346e-07 
1190.13 6.98834e-07 
1190.14 6.98321e-07 
1190.15 6.9781e-07 
1190.16 6.97298e-07 
1190.17 6.96785e-07 
1190.18 6.96272e-07 
1190.19 6.9576e-07 
1190.2 6.95246e-07 
1190.21 6.94733e-07 
1190.21 6.9422e-07 
1190.22 6.93707e-07 
1190.23 6.93193e-07 
1190.24 6.92679e-07 
1190.25 6.92166e-07 
1190.26 6.91652e-07 
1190.27 6.91138e-07 
1190.28 6.90624e-07 
1190.29 6.90109e-07 
1190.3 6.89595e-07 
1190.31 6.89081e-07 
1190.32 6.88565e-07 
1190.33 6.88051e-07 
1190.34 6.87535e-07 
1190.35 6.8702e-07 
1190.36 6.86504e-07 
1190.37 6.8599e-07 
1190.38 6.85472e-07 
1190.39 6.84957e-07 
1190.4 6.8444e-07 
1190.41 6.83924e-07 
1190.42 6.83408e-07 
1190.43 6.82891e-07 
1190.44 6.82374e-07 
1190.45 6.81856e-07 
1190.46 6.81339e-07 
1190.47 6.80822e-07 
1190.48 6.80304e-07 
1190.49 6.79786e-07 
1190.5 6.79267e-07 
1190.51 6.7875e-07 
1190.52 6.7823e-07 
1190.53 6.77712e-07 
1190.54 6.77193e-07 
1190.55 6.76674e-07 
1190.56 6.76154e-07 
1190.57 6.75635e-07 
1190.58 6.75114e-07 
1190.59 6.74595e-07 
1190.6 6.74075e-07 
1190.61 6.73974e-07 
1190.62 6.73454e-07 
1190.63 6.72931e-07 
1190.64 6.72411e-07 
1190.64 6.71889e-07 
1190.65 6.71367e-07 
1190.66 6.70846e-07 
1190.67 6.70323e-07 
1190.68 6.698e-07 
1190.69 6.69278e-07 
1190.7 6.68755e-07 
1190.71 6.68231e-07 
1190.72 6.67708e-07 
1190.73 6.67186e-07 
1190.74 6.66661e-07 
1190.75 6.66138e-07 
1190.76 6.65613e-07 
1190.77 6.6509e-07 
1190.78 6.64565e-07 
1190.79 6.64041e-07 
1190.8 6.63517e-07 
1190.81 6.62991e-07 
1190.82 6.62467e-07 
1190.83 6.61942e-07 
1190.84 6.61417e-07 
1190.85 6.60891e-07 
1190.86 6.60367e-07 
1190.87 6.5984e-07 
1190.88 6.59317e-07 
1190.89 6.58791e-07 
1190.9 6.58265e-07 
1190.91 6.5774e-07 
1190.92 6.57215e-07 
1190.93 6.56689e-07 
1190.94 6.56165e-07 
1190.95 6.55639e-07 
1190.96 6.55114e-07 
1190.97 6.5459e-07 
1190.98 6.54065e-07 
1190.99 6.53541e-07 
1191 6.53018e-07 
1191.01 6.52494e-07 
1191.02 6.51971e-07 
1191.03 6.51448e-07 
1191.04 6.50926e-07 
1191.05 6.50404e-07 
1191.06 6.49882e-07 
1191.07 6.49362e-07 
1191.07 6.48842e-07 
1191.08 6.48323e-07 
1191.09 6.47805e-07 
1191.1 6.47288e-07 
1191.11 6.46771e-07 
1191.12 6.46256e-07 
1191.13 6.45742e-07 
1191.14 6.4523e-07 
1191.15 6.44718e-07 
1191.16 6.44208e-07 
1191.17 6.437e-07 
1191.18 6.43193e-07 
1191.19 6.42688e-07 
1191.2 6.42185e-07 
1191.21 6.41684e-07 
1191.22 6.41186e-07 
1191.23 6.4069e-07 
1191.24 6.40197e-07 
1191.25 6.39706e-07 
1191.26 6.39218e-07 
1191.27 6.38733e-07 
1191.28 6.3825e-07 
1191.29 6.37773e-07 
1191.3 6.37298e-07 
1191.31 6.36827e-07 
1191.32 6.3636e-07 
1191.33 6.35897e-07 
1191.34 6.3544e-07 
1191.35 6.34987e-07 
1191.36 6.34539e-07 
1191.37 6.34096e-07 
1191.38 6.33659e-07 
1191.39 6.33228e-07 
1191.4 6.32803e-07 
1191.41 6.32385e-07 
1191.42 6.31974e-07 
1191.43 6.3157e-07 
1191.44 6.31173e-07 
1191.45 6.30784e-07 
1191.46 6.30404e-07 
1191.47 6.30031e-07 
1191.48 6.29672e-07 
1191.49 6.29319e-07 
1191.49 6.28975e-07 
1191.5 6.28643e-07 
1191.51 6.28322e-07 
1191.52 6.28011e-07 
1191.53 6.27712e-07 
1191.54 6.27426e-07 
1191.55 6.27152e-07 
1191.56 6.26892e-07 
1191.57 6.26646e-07 
1191.58 6.26415e-07 
1191.59 6.26197e-07 
1191.6 6.26386e-07 
1191.61 6.262e-07 
1191.62 6.26031e-07 
1191.63 6.2588e-07 
1191.64 6.25746e-07 
1191.65 6.2563e-07 
1191.66 6.25533e-07 
1191.67 6.25456e-07 
1191.68 6.254e-07 
1191.69 6.25365e-07 
1191.7 6.25351e-07 
1191.71 6.2536e-07 
1191.72 6.25391e-07 
1191.73 6.25454e-07 
1191.74 6.25533e-07 
1191.75 6.25639e-07 
1191.76 6.25768e-07 
1191.77 6.25926e-07 
1191.78 6.26109e-07 
1191.79 6.2632e-07 
1191.8 6.2656e-07 
1191.81 6.26829e-07 
1191.82 6.27127e-07 
1191.83 6.27456e-07 
1191.84 6.27815e-07 
1191.85 6.28206e-07 
1191.86 6.28629e-07 
1191.87 6.29085e-07 
1191.88 6.29575e-07 
1191.89 6.30098e-07 
1191.9 6.30656e-07 
1191.91 6.31249e-07 
1191.92 6.31877e-07 
1191.92 6.32541e-07 
1191.93 6.33242e-07 
1191.94 6.3398e-07 
1191.95 6.34755e-07 
1191.96 6.35568e-07 
1191.97 6.36419e-07 
1191.98 6.37327e-07 
1191.99 6.38255e-07 
1192 6.39222e-07 
1192.01 6.40229e-07 
1192.02 6.41274e-07 
1192.03 6.42359e-07 
1192.04 6.43484e-07 
1192.05 6.44648e-07 
1192.06 6.45851e-07 
1192.07 6.47094e-07 
1192.08 6.48376e-07 
1192.09 6.49697e-07 
1192.1 6.51057e-07 
1192.11 6.52455e-07 
1192.12 6.53892e-07 
1192.13 6.55367e-07 
1192.14 6.56878e-07 
1192.15 6.58427e-07 
1192.16 6.60011e-07 
1192.17 6.61632e-07 
1192.18 6.63287e-07 
1192.19 6.64977e-07 
1192.2 6.667e-07 
1192.21 6.68454e-07 
1192.22 6.70241e-07 
1192.23 6.72088e-07 
1192.24 6.73934e-07 
1192.25 6.75808e-07 
1192.26 6.77709e-07 
1192.27 6.79635e-07 
1192.28 6.81586e-07 
1192.29 6.83559e-07 
1192.3 6.85553e-07 
1192.31 6.87567e-07 
1192.32 6.896e-07 
1192.33 6.91647e-07 
1192.34 6.9371e-07 
1192.34 6.95785e-07 
1192.35 6.97871e-07 
1192.36 6.99966e-07 
1192.37 7.02068e-07 
1192.38 7.04175e-07 
1192.39 7.06284e-07 
1192.4 7.08395e-07 
1192.41 7.10503e-07 
1192.42 7.12608e-07 
1192.43 7.14707e-07 
1192.44 7.16797e-07 
1192.45 7.18877e-07 
1192.46 7.20944e-07 
1192.47 7.22995e-07 
1192.48 7.25062e-07 
1192.49 7.27075e-07 
1192.5 7.29066e-07 
1192.51 7.31031e-07 
1192.52 7.32968e-07 
1192.53 7.34876e-07 
1192.54 7.3675e-07 
1192.55 7.3859e-07 
1192.56 7.40392e-07 
1192.57 7.42154e-07 
1192.58 7.43874e-07 
1192.59 7.45549e-07 
1192.6 7.47176e-07 
1192.61 7.4922e-07 
1192.62 7.50747e-07 
1192.63 7.52219e-07 
1192.64 7.53635e-07 
1192.65 7.54991e-07 
1192.66 7.56287e-07 
1192.67 7.57519e-07 
1192.68 7.58686e-07 
1192.69 7.59786e-07 
1192.7 7.60817e-07 
1192.71 7.61776e-07 
1192.72 7.62662e-07 
1192.73 7.63492e-07 
1192.74 7.64226e-07 
1192.75 7.64883e-07 
1192.76 7.6546e-07 
1192.77 7.65956e-07 
1192.77 7.6637e-07 
1192.78 7.66701e-07 
1192.79 7.66946e-07 
1192.8 7.67106e-07 
1192.81 7.6718e-07 
1192.82 7.67166e-07 
1192.83 7.67064e-07 
1192.84 7.66874e-07 
1192.85 7.66594e-07 
1192.86 7.66224e-07 
1192.87 7.65764e-07 
1192.88 7.65214e-07 
1192.89 7.64573e-07 
1192.9 7.63842e-07 
1192.91 7.63021e-07 
1192.92 7.6211e-07 
1192.93 7.61109e-07 
1192.94 7.60019e-07 
1192.95 7.5884e-07 
1192.96 7.57573e-07 
1192.97 7.56219e-07 
1192.98 7.54767e-07 
1192.99 7.5324e-07 
1193 7.51628e-07 
1193.01 7.49932e-07 
1193.02 7.48155e-07 
1193.03 7.46297e-07 
1193.04 7.4436e-07 
1193.05 7.42344e-07 
1193.06 7.40253e-07 
1193.07 7.38087e-07 
1193.08 7.35848e-07 
1193.09 7.33538e-07 
1193.1 7.31159e-07 
1193.11 7.28713e-07 
1193.12 7.26202e-07 
1193.13 7.23629e-07 
1193.14 7.20994e-07 
1193.15 7.18301e-07 
1193.16 7.15551e-07 
1193.17 7.12747e-07 
1193.18 7.09892e-07 
1193.19 7.06987e-07 
1193.19 7.04035e-07 
1193.2 7.01039e-07 
1193.21 6.98002e-07 
1193.22 6.94893e-07 
1193.23 6.91779e-07 
1193.24 6.8863e-07 
1193.25 6.85449e-07 
1193.26 6.82239e-07 
1193.27 6.79002e-07 
1193.28 6.75741e-07 
1193.29 6.72459e-07 
1193.3 6.69158e-07 
1193.31 6.6584e-07 
1193.32 6.62508e-07 
1193.33 6.59166e-07 
1193.34 6.55815e-07 
1193.35 6.52458e-07 
1193.36 6.49096e-07 
1193.37 6.45734e-07 
1193.38 6.42373e-07 
1193.39 6.39016e-07 
1193.4 6.35665e-07 
1193.41 6.32324e-07 
1193.42 6.28993e-07 
1193.43 6.25675e-07 
1193.44 6.22374e-07 
1193.45 6.19091e-07 
1193.46 6.15828e-07 
1193.47 6.12589e-07 
1193.48 6.09344e-07 
1193.49 6.06158e-07 
1193.5 6.03002e-07 
1193.51 5.99879e-07 
1193.52 5.9679e-07 
1193.53 5.93738e-07 
1193.54 5.90726e-07 
1193.55 5.87756e-07 
1193.56 5.84829e-07 
1193.57 5.8195e-07 
1193.58 5.7912e-07 
1193.59 5.76341e-07 
1193.6 5.73616e-07 
1193.61 5.71303e-07 
1193.62 5.68693e-07 
1193.62 5.66145e-07 
1193.63 5.63662e-07 
1193.64 5.61247e-07 
1193.65 5.58903e-07 
1193.66 5.56633e-07 
1193.67 5.5444e-07 
1193.68 5.52328e-07 
1193.69 5.503e-07 
1193.7 5.48359e-07 
1193.71 5.4651e-07 
1193.72 5.44757e-07 
1193.73 5.43092e-07 
1193.74 5.41543e-07 
1193.75 5.40103e-07 
1193.76 5.38776e-07 
1193.77 5.37568e-07 
1193.78 5.36483e-07 
1193.79 5.35527e-07 
1193.8 5.34706e-07 
1193.81 5.34025e-07 
1193.82 5.33491e-07 
1193.83 5.33111e-07 
1193.84 5.3289e-07 
1193.85 5.32837e-07 
1193.86 5.32959e-07 
1193.87 5.33263e-07 
1193.88 5.33759e-07 
1193.89 5.34453e-07 
1193.9 5.35354e-07 
1193.91 5.36473e-07 
1193.92 5.37818e-07 
1193.93 5.39399e-07 
1193.94 5.41227e-07 
1193.95 5.4331e-07 
1193.96 5.45662e-07 
1193.97 5.48292e-07 
1193.98 5.5126e-07 
1193.99 5.54485e-07 
1194 5.58024e-07 
1194.01 5.6189e-07 
1194.02 5.66095e-07 
1194.03 5.70651e-07 
1194.04 5.75572e-07 
1194.05 5.80871e-07 
1194.05 5.86563e-07 
1194.06 5.9266e-07 
1194.07 5.99177e-07 
1194.08 6.06126e-07 
1194.09 6.13524e-07 
1194.1 6.21383e-07 
1194.11 6.29719e-07 
1194.12 6.38544e-07 
1194.13 6.47873e-07 
1194.14 6.5772e-07 
1194.15 6.68099e-07 
1194.16 6.79023e-07 
1194.17 6.90505e-07 
1194.18 7.02559e-07 
1194.19 7.15197e-07 
1194.2 7.28431e-07 
1194.21 7.42274e-07 
1194.22 7.56735e-07 
1194.23 7.72027e-07 
1194.24 7.87765e-07 
1194.25 8.04151e-07 
1194.26 8.21193e-07 
1194.27 8.389e-07 
1194.28 8.57277e-07 
1194.29 8.7633e-07 
1194.3 8.96062e-07 
1194.31 9.16478e-07 
1194.32 9.37578e-07 
1194.33 9.59365e-07 
1194.34 9.81836e-07 
1194.35 1.00499e-06 
1194.36 1.02882e-06 
1194.37 1.05333e-06 
1194.38 1.07851e-06 
1194.39 1.10434e-06 
1194.4 1.13083e-06 
1194.41 1.15795e-06 
1194.42 1.18569e-06 
1194.43 1.21405e-06 
1194.44 1.243e-06 
1194.45 1.27252e-06 
1194.46 1.30259e-06 
1194.47 1.33319e-06 
1194.47 1.3647e-06 
1194.48 1.39629e-06 
1194.49 1.42833e-06 
1194.5 1.4608e-06 
1194.51 1.49364e-06 
1194.52 1.52685e-06 
1194.53 1.56037e-06 
1194.54 1.59417e-06 
1194.55 1.62822e-06 
1194.56 1.66246e-06 
1194.57 1.69686e-06 
1194.58 1.73138e-06 
1194.59 1.76597e-06 
1194.6 1.80058e-06 
1194.61 1.83631e-06 
1194.62 1.87084e-06 
1194.63 1.90525e-06 
1194.64 1.93948e-06 
1194.65 1.97348e-06 
1194.66 2.0072e-06 
1194.67 2.04059e-06 
1194.68 2.07358e-06 
1194.69 2.10614e-06 
1194.7 2.1382e-06 
1194.71 2.1697e-06 
1194.72 2.2006e-06 
1194.73 2.23123e-06 
1194.74 2.26075e-06 
1194.75 2.28949e-06 
1194.76 2.31742e-06 
1194.77 2.34448e-06 
1194.78 2.37062e-06 
1194.79 2.39579e-06 
1194.8 2.41993e-06 
1194.81 2.44301e-06 
1194.82 2.46498e-06 
1194.83 2.4858e-06 
1194.84 2.50542e-06 
1194.85 2.52381e-06 
1194.86 2.54093e-06 
1194.87 2.55673e-06 
1194.88 2.5712e-06 
1194.89 2.5843e-06 
1194.9 2.59601e-06 
1194.9 2.60629e-06 
1194.91 2.61514e-06 
1194.92 2.62252e-06 
1194.93 2.62842e-06 
1194.94 2.63283e-06 
1194.95 2.63574e-06 
1194.96 2.63714e-06 
1194.97 2.63703e-06 
1194.98 2.63538e-06 
1194.99 2.63222e-06 
1195 2.62756e-06 
1195.01 2.6214e-06 
1195.02 2.61375e-06 
1195.03 2.60463e-06 
1195.04 2.59405e-06 
1195.05 2.58203e-06 
1195.06 2.56861e-06 
1195.07 2.55379e-06 
1195.08 2.53762e-06 
1195.09 2.52011e-06 
1195.1 2.50131e-06 
1195.11 2.48125e-06 
1195.12 2.45998e-06 
1195.13 2.43751e-06 
1195.14 2.41391e-06 
1195.15 2.38921e-06 
1195.16 2.36346e-06 
1195.17 2.3367e-06 
1195.18 2.30899e-06 
1195.19 2.28038e-06 
1195.2 2.25091e-06 
1195.21 2.22063e-06 
1195.22 2.18961e-06 
1195.23 2.1575e-06 
1195.24 2.12512e-06 
1195.25 2.09216e-06 
1195.26 2.05867e-06 
1195.27 2.02469e-06 
1195.28 1.99029e-06 
1195.29 1.95552e-06 
1195.3 1.92043e-06 
1195.31 1.88508e-06 
1195.32 1.84952e-06 
1195.32 1.81379e-06 
1195.33 1.77796e-06 
1195.34 1.74207e-06 
1195.35 1.70616e-06 
1195.36 1.6703e-06 
1195.37 1.63451e-06 
1195.38 1.59886e-06 
1195.39 1.56338e-06 
1195.4 1.52811e-06 
1195.41 1.49309e-06 
1195.42 1.45837e-06 
1195.43 1.42397e-06 
1195.44 1.38994e-06 
1195.45 1.3563e-06 
1195.46 1.3231e-06 
1195.47 1.29035e-06 
1195.48 1.25769e-06 
1195.49 1.22594e-06 
1195.5 1.19473e-06 
1195.51 1.16407e-06 
1195.52 1.13399e-06 
1195.53 1.10451e-06 
1195.54 1.07563e-06 
1195.55 1.04738e-06 
1195.56 1.01976e-06 
1195.57 9.92796e-07 
1195.58 9.66486e-07 
1195.59 9.40839e-07 
1195.6 9.15862e-07 
1195.61 8.92114e-07 
1195.62 8.68473e-07 
1195.63 8.45509e-07 
1195.64 8.23224e-07 
1195.65 8.01615e-07 
1195.66 7.80679e-07 
1195.67 7.60412e-07 
1195.68 7.4081e-07 
1195.69 7.21864e-07 
1195.7 7.03569e-07 
1195.71 6.85916e-07 
1195.72 6.68895e-07 
1195.73 6.52305e-07 
1195.74 6.36527e-07 
1195.75 6.2135e-07 
1195.75 6.06761e-07 
1195.76 5.92748e-07 
1195.77 5.79299e-07 
1195.78 5.66399e-07 
1195.79 5.54034e-07 
1195.8 5.42191e-07 
1195.81 5.30855e-07 
1195.82 5.20013e-07 
1195.83 5.09647e-07 
1195.84 4.99745e-07 
1195.85 4.90291e-07 
1195.86 4.8127e-07 
1195.87 4.72667e-07 
1195.88 4.64468e-07 
1195.89 4.56657e-07 
1195.9 4.49221e-07 
1195.91 4.42145e-07 
1195.92 4.35414e-07 
1195.93 4.29015e-07 
1195.94 4.22933e-07 
1195.95 4.17156e-07 
1195.96 4.1167e-07 
1195.97 4.06463e-07 
1195.98 4.01471e-07 
1195.99 3.96786e-07 
1196 3.92343e-07 
1196.01 3.8813e-07 
1196.02 3.84136e-07 
1196.03 3.80351e-07 
1196.04 3.76764e-07 
1196.05 3.73364e-07 
1196.06 3.70143e-07 
1196.07 3.67092e-07 
1196.08 3.64201e-07 
1196.09 3.61462e-07 
1196.1 3.58867e-07 
1196.11 3.56408e-07 
1196.12 3.54079e-07 
1196.13 3.51872e-07 
1196.14 3.4978e-07 
1196.15 3.47798e-07 
1196.16 3.4592e-07 
1196.17 3.44141e-07 
1196.17 3.42454e-07 
1196.18 3.40856e-07 
1196.19 3.39342e-07 
1196.2 3.37907e-07 
1196.21 3.36549e-07 
1196.22 3.35257e-07 
1196.23 3.34041e-07 
1196.24 3.32892e-07 
1196.25 3.31805e-07 
1196.26 3.3078e-07 
1196.27 3.29814e-07 
1196.28 3.28905e-07 
1196.29 3.28051e-07 
1196.3 3.27251e-07 
1196.31 3.26503e-07 
1196.32 3.25807e-07 
1196.33 3.25161e-07 
1196.34 3.24566e-07 
1196.35 3.2402e-07 
1196.36 3.23522e-07 
1196.37 3.23075e-07 
1196.38 3.22676e-07 
1196.39 3.22326e-07 
1196.4 3.22027e-07 
1196.41 3.21777e-07 
1196.42 3.21578e-07 
1196.43 3.21431e-07 
1196.44 3.21336e-07 
1196.45 3.21294e-07 
1196.46 3.21307e-07 
1196.47 3.21375e-07 
1196.48 3.21513e-07 
1196.49 3.21697e-07 
1196.5 3.21942e-07 
1196.51 3.22247e-07 
1196.52 3.22616e-07 
1196.53 3.2305e-07 
1196.54 3.2355e-07 
1196.55 3.24119e-07 
1196.56 3.24758e-07 
1196.57 3.2547e-07 
1196.58 3.26257e-07 
1196.59 3.27119e-07 
1196.6 3.28061e-07 
1196.6 3.29287e-07 
1196.61 3.30393e-07 
1196.62 3.31585e-07 
1196.63 3.32864e-07 
1196.64 3.34233e-07 
1196.65 3.35694e-07 
1196.66 3.3725e-07 
1196.67 3.38902e-07 
1196.68 3.40655e-07 
1196.69 3.42508e-07 
1196.7 3.44466e-07 
1196.71 3.46531e-07 
1196.72 3.48703e-07 
1196.73 3.51028e-07 
1196.74 3.53427e-07 
1196.75 3.55942e-07 
1196.76 3.58575e-07 
1196.77 3.61328e-07 
1196.78 3.64204e-07 
1196.79 3.67204e-07 
1196.8 3.70331e-07 
1196.81 3.73588e-07 
1196.82 3.76975e-07 
1196.83 3.80495e-07 
1196.84 3.8415e-07 
1196.85 3.87942e-07 
1196.86 3.91872e-07 
1196.87 3.95942e-07 
1196.88 4.00154e-07 
1196.89 4.04509e-07 
1196.9 4.0901e-07 
1196.91 4.13656e-07 
1196.92 4.18449e-07 
1196.93 4.23391e-07 
1196.94 4.28483e-07 
1196.95 4.33724e-07 
1196.96 4.39117e-07 
1196.97 4.44662e-07 
1196.98 4.50443e-07 
1196.99 4.56295e-07 
1197 4.62299e-07 
1197.01 4.68457e-07 
1197.02 4.74767e-07 
1197.03 4.8123e-07 
1197.03 4.87846e-07 
1197.04 4.94613e-07 
1197.05 5.01532e-07 
1197.06 5.08601e-07 
1197.07 5.15819e-07 
1197.08 5.23185e-07 
1197.09 5.30697e-07 
1197.1 5.38355e-07 
1197.11 5.46155e-07 
1197.12 5.54097e-07 
1197.13 5.62178e-07 
1197.14 5.70396e-07 
1197.15 5.78747e-07 
1197.16 5.87231e-07 
1197.17 5.95841e-07 
1197.18 6.04578e-07 
1197.19 6.13437e-07 
1197.2 6.22414e-07 
1197.21 6.31506e-07 
1197.22 6.40708e-07 
1197.23 6.50147e-07 
1197.24 6.59559e-07 
1197.25 6.6907e-07 
1197.26 6.78672e-07 
1197.27 6.88364e-07 
1197.28 6.98138e-07 
1197.29 7.07991e-07 
1197.3 7.17916e-07 
1197.31 7.27907e-07 
1197.32 7.37959e-07 
1197.33 7.48067e-07 
1197.34 7.58224e-07 
1197.35 7.68423e-07 
1197.36 7.78659e-07 
1197.37 7.88925e-07 
1197.38 7.99215e-07 
1197.39 8.09521e-07 
1197.4 8.19838e-07 
1197.41 8.30157e-07 
1197.42 8.40472e-07 
1197.43 8.50777e-07 
1197.44 8.61063e-07 
1197.45 8.71324e-07 
1197.45 8.81552e-07 
1197.46 8.91741e-07 
1197.47 9.01883e-07 
1197.48 9.12108e-07 
1197.49 9.22134e-07 
1197.5 9.32091e-07 
1197.51 9.41972e-07 
1197.52 9.51771e-07 
1197.53 9.6148e-07 
1197.54 9.71093e-07 
1197.55 9.806e-07 
1197.56 9.89999e-07 
1197.57 9.9928e-07 
1197.58 1.00844e-06 
1197.59 1.01747e-06 
1197.6 1.02636e-06 
1197.61 1.03576e-06 
1197.62 1.04437e-06 
1197.63 1.05283e-06 
1197.64 1.06113e-06 
1197.65 1.06927e-06 
1197.66 1.07725e-06 
1197.67 1.08505e-06 
1197.68 1.09268e-06 
1197.69 1.10013e-06 
1197.7 1.1074e-06 
1197.71 1.11449e-06 
1197.72 1.12139e-06 
1197.73 1.1282e-06 
1197.74 1.13472e-06 
1197.75 1.14105e-06 
1197.76 1.14719e-06 
1197.77 1.15314e-06 
1197.78 1.1589e-06 
1197.79 1.16446e-06 
1197.8 1.16984e-06 
1197.81 1.17504e-06 
1197.82 1.18005e-06 
1197.83 1.18487e-06 
1197.84 1.18953e-06 
1197.85 1.19401e-06 
1197.86 1.19832e-06 
1197.87 1.20247e-06 
1197.88 1.20646e-06 
1197.88 1.21031e-06 
1197.89 1.21401e-06 
1197.9 1.21758e-06 
1197.91 1.22102e-06 
1197.92 1.22435e-06 
1197.93 1.22757e-06 
1197.94 1.23069e-06 
1197.95 1.23374e-06 
1197.96 1.23671e-06 
1197.97 1.23962e-06 
1197.98 1.24253e-06 
1197.99 1.24536e-06 
1198 1.24818e-06 
1198.01 1.25099e-06 
1198.02 1.25381e-06 
1198.03 1.25667e-06 
1198.04 1.25957e-06 
1198.05 1.26253e-06 
1198.06 1.26558e-06 
1198.07 1.26873e-06 
1198.08 1.272e-06 
1198.09 1.27542e-06 
1198.1 1.27899e-06 
1198.11 1.28274e-06 
1198.12 1.2867e-06 
1198.13 1.29088e-06 
1198.14 1.29531e-06 
1198.15 1.30001e-06 
1198.16 1.305e-06 
1198.17 1.31031e-06 
1198.18 1.31596e-06 
1198.19 1.32197e-06 
1198.2 1.32837e-06 
1198.21 1.33518e-06 
1198.22 1.34243e-06 
1198.23 1.35025e-06 
1198.24 1.35845e-06 
1198.25 1.36716e-06 
1198.26 1.37641e-06 
1198.27 1.38622e-06 
1198.28 1.39661e-06 
1198.29 1.40761e-06 
1198.3 1.41925e-06 
1198.3 1.43154e-06 
1198.31 1.44451e-06 
1198.32 1.45819e-06 
1198.33 1.47259e-06 
1198.34 1.48775e-06 
1198.35 1.50367e-06 
1198.36 1.52039e-06 
1198.37 1.53792e-06 
1198.38 1.55629e-06 
1198.39 1.57551e-06 
1198.4 1.59561e-06 
1198.41 1.61659e-06 
1198.42 1.63848e-06 
1198.43 1.66129e-06 
1198.44 1.68505e-06 
1198.45 1.70975e-06 
1198.46 1.73542e-06 
1198.47 1.76207e-06 
1198.48 1.79006e-06 
1198.49 1.8187e-06 
1198.5 1.84835e-06 
1198.51 1.879e-06 
1198.52 1.91068e-06 
1198.53 1.94337e-06 
1198.54 1.97708e-06 
1198.55 2.01182e-06 
1198.56 2.04757e-06 
1198.57 2.08434e-06 
1198.58 2.12213e-06 
1198.59 2.16093e-06 
1198.6 2.20072e-06 
1198.61 2.2429e-06 
1198.62 2.28469e-06 
1198.63 2.32744e-06 
1198.64 2.37115e-06 
1198.65 2.41579e-06 
1198.66 2.46135e-06 
1198.67 2.5078e-06 
1198.68 2.55513e-06 
1198.69 2.6033e-06 
1198.7 2.65229e-06 
1198.71 2.70208e-06 
1198.72 2.75264e-06 
1198.73 2.80458e-06 
1198.73 2.85657e-06 
1198.74 2.90922e-06 
1198.75 2.96249e-06 
1198.76 3.01636e-06 
1198.77 3.07076e-06 
1198.78 3.12567e-06 
1198.79 3.18104e-06 
1198.8 3.23681e-06 
1198.81 3.29295e-06 
1198.82 3.34941e-06 
1198.83 3.40612e-06 
1198.84 3.46305e-06 
1198.85 3.52014e-06 
1198.86 3.57734e-06 
1198.87 3.63459e-06 
1198.88 3.69182e-06 
1198.89 3.749e-06 
1198.9 3.80604e-06 
1198.91 3.86291e-06 
1198.92 3.91953e-06 
1198.93 3.97585e-06 
1198.94 4.0318e-06 
1198.95 4.08732e-06 
1198.96 4.14236e-06 
1198.97 4.19684e-06 
1198.98 4.25138e-06 
1198.99 4.30456e-06 
1199 4.35699e-06 
1199.01 4.40862e-06 
1199.02 4.45938e-06 
1199.03 4.50921e-06 
1199.04 4.55804e-06 
1199.05 4.60584e-06 
1199.06 4.65251e-06 
1199.07 4.69802e-06 
1199.08 4.74229e-06 
1199.09 4.78528e-06 
1199.1 4.82692e-06 
1199.11 4.86717e-06 
1199.12 4.90596e-06 
1199.13 4.94325e-06 
1199.14 4.97898e-06 
1199.15 5.01312e-06 
1199.15 5.0456e-06 
1199.16 5.07638e-06 
1199.17 5.10542e-06 
1199.18 5.13269e-06 
1199.19 5.15813e-06 
1199.2 5.18171e-06 
1199.21 5.20341e-06 
1199.22 5.2234e-06 
1199.23 5.24122e-06 
1199.24 5.25702e-06 
1199.25 5.27082e-06 
1199.26 5.28259e-06 
1199.27 5.29232e-06 
1199.28 5.29998e-06 
1199.29 5.30555e-06 
1199.3 5.30903e-06 
1199.31 5.31042e-06 
1199.32 5.30968e-06 
1199.33 5.30684e-06 
1199.34 5.30189e-06 
1199.35 5.29482e-06 
1199.36 5.28565e-06 
1199.37 5.27437e-06 
1199.38 5.26101e-06 
1199.39 5.24557e-06 
1199.4 5.22807e-06 
1199.41 5.20853e-06 
1199.42 5.18696e-06 
1199.43 5.16339e-06 
1199.44 5.13784e-06 
1199.45 5.11035e-06 
1199.46 5.08094e-06 
1199.47 5.04966e-06 
1199.48 5.0161e-06 
1199.49 4.98112e-06 
1199.5 4.94438e-06 
1199.51 4.9059e-06 
1199.52 4.86574e-06 
1199.53 4.82393e-06 
1199.54 4.78053e-06 
1199.55 4.73558e-06 
1199.56 4.68914e-06 
1199.57 4.64124e-06 
1199.58 4.59196e-06 
1199.58 4.54133e-06 
1199.59 4.48941e-06 
1199.6 4.43627e-06 
1199.61 4.38468e-06 
1199.62 4.32922e-06 
1199.63 4.2727e-06 
1199.64 4.21518e-06 
1199.65 4.15674e-06 
1199.66 4.0974e-06 
1199.67 4.03726e-06 
1199.68 3.97636e-06 
1199.69 3.91477e-06 
1199.7 3.85254e-06 
1199.71 3.78973e-06 
1199.72 3.72641e-06 
1199.73 3.66185e-06 
1199.74 3.59768e-06 
1199.75 3.53317e-06 
1199.76 3.46839e-06 
1199.77 3.40339e-06 
1199.78 3.33823e-06 
1199.79 3.27296e-06 
1199.8 3.20764e-06 
1199.81 3.14233e-06 
1199.82 3.07707e-06 
1199.83 3.01192e-06 
1199.84 2.94694e-06 
1199.85 2.88216e-06 
1199.86 2.81764e-06 
1199.87 2.75342e-06 
1199.88 2.68956e-06 
1199.89 2.62609e-06 
1199.9 2.56306e-06 
1199.91 2.5005e-06 
1199.92 2.43846e-06 
1199.93 2.37697e-06 
1199.94 2.31608e-06 
1199.95 2.25581e-06 
1199.96 2.1962e-06 
1199.97 2.13728e-06 
1199.98 2.07836e-06 
1199.99 2.0209e-06 
1200 1.96423e-06 
1200.01 1.90836e-06 
1200.01 1.85331e-06 
1200.02 1.79909e-06 
1200.03 1.74574e-06 
1200.04 1.69328e-06 
1200.05 1.6417e-06 
1200.06 1.59104e-06 
1200.07 1.5413e-06 
1200.08 1.4925e-06 
1200.09 1.44464e-06 
1200.1 1.39774e-06 
1200.11 1.3518e-06 
1200.12 1.30683e-06 
1200.13 1.26283e-06 
1200.14 1.21981e-06 
1200.15 1.17776e-06 
1200.16 1.13669e-06 
1200.17 1.0966e-06 
1200.18 1.05748e-06 
1200.19 1.01933e-06 
1200.2 9.82159e-07 
1200.21 9.45945e-07 
1200.22 9.1069e-07 
1200.23 8.75962e-07 
1200.24 8.4261e-07 
1200.25 8.10192e-07 
1200.26 7.78698e-07 
1200.27 7.48118e-07 
1200.28 7.18441e-07 
1200.29 6.89654e-07 
1200.3 6.61746e-07 
1200.31 6.34704e-07 
1200.32 6.08515e-07 
1200.33 5.83164e-07 
1200.34 5.58637e-07 
1200.35 5.3492e-07 
1200.36 5.11997e-07 
1200.37 4.89853e-07 
1200.38 4.68473e-07 
1200.39 4.47839e-07 
1200.4 4.27937e-07 
1200.41 4.08749e-07 
1200.42 3.9026e-07 
1200.43 3.72452e-07 
1200.43 3.5531e-07 
1200.44 3.38816e-07 
1200.45 3.22953e-07 
1200.46 3.07705e-07 
1200.47 2.93056e-07 
1200.48 2.78816e-07 
1200.49 2.6532e-07 
1200.5 2.52373e-07 
1200.51 2.39957e-07 
1200.52 2.28058e-07 
1200.53 2.16659e-07 
1200.54 2.05744e-07 
1200.55 1.95298e-07 
1200.56 1.85306e-07 
1200.57 1.75751e-07 
1200.58 1.6662e-07 
1200.59 1.57898e-07 
1200.6 1.49571e-07 
1200.61 1.41711e-07 
1200.62 1.34126e-07 
1200.63 1.26894e-07 
1200.64 1.20002e-07 
1200.65 1.13437e-07 
1200.66 1.07187e-07 
1200.67 1.0124e-07 
1200.68 9.55821e-08 
1200.69 9.02034e-08 
1200.7 8.5092e-08 
1200.71 8.02369e-08 
1200.72 7.56275e-08 
1200.73 7.12e-08 
1200.74 6.70536e-08 
1200.75 6.31225e-08 
1200.76 5.93972e-08 
1200.77 5.58685e-08 
1200.78 5.25277e-08 
1200.79 4.93661e-08 
1200.8 4.63755e-08 
1200.81 4.35481e-08 
1200.82 4.0876e-08 
1200.83 3.8352e-08 
1200.84 3.59689e-08 
1200.85 3.37198e-08 
1200.85 3.15983e-08 
1200.86 2.95979e-08 
1200.87 2.77127e-08 
1200.88 2.59368e-08 
1200.89 2.42646e-08 
1200.9 2.26908e-08 
1200.91 2.12102e-08 
1200.92 1.98181e-08 
1200.93 1.85096e-08 
1200.94 1.72804e-08 
1200.95 1.6126e-08 
1200.96 1.50426e-08 
1200.97 1.40261e-08 
1200.98 1.30613e-08 
1200.99 1.21685e-08 
1201 1.13321e-08 
1201.01 1.05487e-08 
1201.02 9.81543e-09 
1201.03 9.12934e-09 
1201.04 8.48768e-09 
1201.05 7.88784e-09 
1201.06 7.32735e-09 
1201.07 6.80386e-09 
1201.08 6.31514e-09 
1201.09 5.8591e-09 
1201.1 5.43373e-09 
1201.11 5.03715e-09 
1201.12 4.66758e-09 
1201.13 4.32333e-09 
1201.14 4.0028e-09 
1201.15 3.7045e-09 
1201.16 3.42701e-09 
1201.17 3.16898e-09 
1201.18 2.92917e-09 
1201.19 2.70638e-09 
1201.2 2.4995e-09 
1201.21 2.30747e-09 
1201.22 2.12931e-09 
1201.23 1.96211e-09 
1201.24 1.8091e-09 
1201.25 1.66733e-09 
1201.26 1.53604e-09 
1201.27 1.41449e-09 
1201.28 1.30203e-09 
1201.28 1.198e-09 
1201.29 1.10184e-09 
1201.3 1.01297e-09 
1201.31 9.30876e-10 
1201.32 8.55084e-10 
1201.33 7.85137e-10 
1201.34 7.20613e-10 
1201.35 6.61116e-10 
1201.36 6.0628e-10 
1201.37 5.55762e-10 
1201.38 5.09241e-10 
1201.39 4.66421e-10 
1201.4 4.27024e-10 
1201.41 3.90792e-10 
1201.42 3.57486e-10 
1201.43 3.26883e-10 
1201.44 2.98776e-10 
1201.45 2.72972e-10 
1201.46 2.49293e-10 
1201.47 2.27573e-10 
1201.48 2.07422e-10 
1201.49 1.89192e-10 
1201.5 1.72493e-10 
1201.51 1.57202e-10 
1201.52 1.43208e-10 
1201.53 1.30405e-10 
1201.54 1.18697e-10 
1201.55 1.07996e-10 
1201.56 9.82187e-11 
1201.57 8.92895e-11 
1201.58 8.11382e-11 
1201.59 7.37005e-11 
1201.6 6.69168e-11 
1201.61 6.07699e-11 
1201.62 5.51306e-11 
1201.63 4.99938e-11 
1201.64 4.53168e-11 
1201.65 4.10603e-11 
1201.66 3.71882e-11 
1201.67 3.36672e-11 
1201.68 3.0467e-11 
1201.69 2.75595e-11 
1201.7 2.49191e-11 
1201.7 2.25223e-11 
1201.71 2.03476e-11 
1201.72 1.83518e-11 
1201.73 1.65659e-11 
1201.74 1.49477e-11 
1201.75 1.34819e-11 
1201.76 1.21548e-11 
1201.77 1.09537e-11 
1201.78 9.8673e-12 
1201.79 8.88492e-12 
1201.8 7.99702e-12 
1201.81 7.19488e-12 
1201.82 6.47049e-12 
1201.83 5.81663e-12 
1201.84 5.22667e-12 
1201.85 4.69459e-12 
1201.86 4.21494e-12 
1201.87 3.78271e-12 
1201.88 3.3934e-12 
1201.89 3.0429e-12 
1201.9 2.72746e-12 
1201.91 2.44371e-12 
1201.92 2.18857e-12 
1201.93 1.95925e-12 
1201.94 1.75324e-12 
1201.95 1.56823e-12 
1201.96 1.40216e-12 
1201.97 1.25316e-12 
1201.98 1.11795e-12 
1201.99 9.98318e-13 
1202 8.91117e-13 
1202.01 7.95096e-13 
1202.02 7.09128e-13 
1202.03 6.32192e-13 
1202.04 5.63369e-13 
1202.05 5.0183e-13 
1202.06 4.46828e-13 
1202.07 3.97689e-13 
1202.08 3.53806e-13 
1202.09 3.14636e-13 
1202.1 2.79685e-13 
1202.11 2.48514e-13 
1202.12 2.20725e-13 
1202.13 1.95963e-13 
1202.13 1.73906e-13 
1202.14 1.54267e-13 
1202.15 1.3679e-13 
1202.16 1.21242e-13 
1202.17 1.07417e-13 
1202.18 9.51285e-14 
1202.19 8.4211e-14 
1202.2 7.45155e-14 
1202.21 6.59089e-14 
1202.22 5.81876e-14 
1202.23 5.14193e-14 
1202.24 4.54235e-14 
1202.25 4.01102e-14 
1202.26 3.54036e-14 
1202.27 3.12364e-14 
1202.28 2.75482e-14 
1202.29 2.42855e-14 
1202.3 2.14002e-14 
1202.31 1.88499e-14 
1202.32 1.65967e-14 
1202.33 1.46067e-14 
1202.34 1.285e-14 
1202.35 1.12999e-14 
1202.36 9.93259e-15 
1202.37 8.72715e-15 
1202.38 7.66481e-15 
1202.39 6.729e-15 
1202.4 5.90498e-15 
1202.41 5.17973e-15 
1202.42 4.54166e-15 
1202.43 3.98054e-15 
1202.44 3.4873e-15 
1202.45 3.0539e-15 
1202.46 2.67326e-15 
1202.47 2.33909e-15 
1202.48 2.04242e-15 
1202.49 1.78561e-15 
1202.5 1.56045e-15 
1202.51 1.36311e-15 
1202.52 1.19024e-15 
1202.53 1.03886e-15 
1202.54 9.06352e-16 
1202.55 7.90419e-16 
1202.56 6.8903e-16 
1202.56 6.00396e-16 
1202.57 5.22947e-16 
1202.58 4.55299e-16 
1202.59 3.96238e-16 
1202.6 3.44695e-16 
1202.61 2.99917e-16 
1202.62 2.60687e-16 
1202.63 2.26494e-16 
1202.64 1.96704e-16 
1202.65 1.70761e-16 
1202.66 1.48179e-16 
1202.67 1.28529e-16 
1202.68 1.11439e-16 
1202.69 9.65813e-17 
1202.7 8.36697e-17 
1202.71 7.24541e-17 
1202.72 6.27158e-17 
1202.73 5.41656e-17 
1202.74 4.68463e-17 
1202.75 4.04991e-17 
1202.76 3.49974e-17 
1202.77 3.02306e-17 
1202.78 2.61022e-17 
1202.79 2.25282e-17 
1202.8 1.94355e-17 
1202.81 1.67604e-17 
1202.82 1.44475e-17 
1202.83 1.24486e-17 
1202.84 1.07218e-17 
1202.85 9.23069e-18 
1202.86 7.94367e-18 
1202.87 6.83326e-18 
1202.88 5.87562e-18 
1202.89 5.0501e-18 
1202.9 4.33875e-18 
1202.91 3.72606e-18 
1202.92 3.19856e-18 
1202.93 2.7446e-18 
1202.94 2.35409e-18 
1202.95 2.0183e-18 
1202.96 1.7297e-18 
1202.97 1.48174e-18 
1202.98 1.26881e-18 
1202.98 1.08391e-18 
1202.99 9.27366e-19 
1203 7.93105e-19 
1203.01 6.78e-19 
1203.02 5.79359e-19 
1203.03 4.94864e-19 
1203.04 4.22516e-19 
1203.05 3.60596e-19 
1203.06 3.07622e-19 
1203.07 2.62322e-19 
1203.08 2.23599e-19 
1203.09 1.90514e-19 
1203.1 1.62257e-19 
1203.11 1.38133e-19 
1203.12 1.17547e-19 
1203.13 9.99877e-20 
1203.14 8.5016e-20 
1203.15 7.2256e-20 
1203.16 6.13858e-20 
1203.17 5.21292e-20 
1203.18 4.425e-20 
1203.19 3.75461e-20 
1203.2 3.18447e-20 
1203.21 2.69978e-20 
1203.22 2.28792e-20 
1203.23 1.93405e-20 
1203.24 1.63763e-20 
1203.25 1.38607e-20 
1203.26 1.17266e-20 
1203.27 9.91697e-21 
1203.28 8.38313e-21 
1203.29 7.08357e-21 
1203.3 5.98299e-21 
1203.31 5.05131e-21 
1203.32 4.26294e-21 
1203.33 3.59612e-21 
1203.34 3.03235e-21 
1203.35 2.55589e-21 
1203.36 2.15341e-21 
1203.37 1.81355e-21 
1203.38 1.5267e-21 
1203.39 1.28468e-21 
1203.4 1.08058e-21 
1203.41 9.08533e-22 
1203.41 7.63558e-22 
1203.42 6.41451e-22 
1203.43 5.38647e-22 
1203.44 4.52132e-22 
1203.45 3.79354e-22 
1203.46 3.18159e-22 
1203.47 2.66725e-22 
1203.48 2.23019e-22 
1203.49 1.8681e-22 
1203.5 1.56414e-22 
1203.51 1.30909e-22 
1203.52 1.09518e-22 
1203.53 9.15844e-23 
1203.54 7.65554e-23 
1203.55 6.39662e-23 
1203.56 5.3425e-23 
1203.57 4.46024e-23 
1203.58 3.72212e-23 
1203.59 3.10487e-23 
1203.6 2.58891e-23 
1203.61 2.15912e-23 
1203.62 1.79882e-23 
1203.63 1.49803e-23 
1203.64 1.24701e-23 
1203.65 1.03763e-23 
1203.66 8.63041e-24 
1203.67 7.17533e-24 
1203.68 5.96309e-24 
1203.69 4.95359e-24 
1203.7 4.11329e-24 
1203.71 3.41411e-24 
1203.72 2.8326e-24 
1203.73 2.34367e-24 
1203.74 1.94286e-24 
1203.75 1.60993e-24 
1203.76 1.33349e-24 
1203.77 1.10407e-24 
1203.78 9.13731e-25 
1203.79 7.55896e-25 
1203.8 6.25064e-25 
1203.81 5.16663e-25 
1203.82 4.26884e-25 
1203.83 3.52559e-25 
1203.83 2.91054e-25 
1203.84 2.40178e-25 
1203.85 1.98114e-25 
1203.86 1.63349e-25 
1203.87 1.34628e-25 
1203.88 1.10911e-25 
1203.89 9.13344e-26 
1203.9 7.51819e-26 
1203.91 6.18603e-26 
1203.92 5.0878e-26 
1203.93 4.18281e-26 
1203.94 3.43736e-26 
1203.95 2.82359e-26 
1203.96 2.31846e-26 
1203.97 1.9029e-26 
1203.98 1.55731e-26 
1203.99 1.27711e-26 
1204 1.04689e-26 
1204.01 8.57817e-27 
1204.02 7.02599e-27 
1204.03 5.75227e-27 
1204.04 4.7075e-27 
1204.05 3.8509e-27 
1204.06 3.14886e-27 
1204.07 2.57373e-27 
1204.08 2.10278e-27 
1204.09 1.71729e-27 
1204.1 1.40189e-27 
1204.11 1.14394e-27 
1204.12 9.33062e-28 
1204.13 7.60744e-28 
1204.14 6.19993e-28 
1204.15 5.05073e-28 
1204.16 4.11283e-28 
1204.17 3.34771e-28 
1204.18 2.7238e-28 
1204.19 2.21524e-28 
1204.2 1.80089e-28 
1204.21 1.46343e-28 
1204.22 1.18871e-28 
1204.23 9.62653e-29 
1204.24 7.81289e-29 
1204.25 6.33831e-29 
1204.26 5.1399e-29 
1204.26 4.16635e-29 
1204.27 3.3758e-29 
1204.28 2.73411e-29 
1204.29 2.21348e-29 
1204.3 1.79125e-29 
1204.31 1.44896e-29 
1204.32 1.17159e-29 
1204.33 9.46918e-30 
1204.34 7.65016e-30 
1204.35 6.178e-30 
1204.36 4.98707e-30 
1204.37 4.02404e-30 
1204.38 3.24563e-30 
1204.39 2.61671e-30 
1204.4 2.10878e-30 
1204.41 1.69874e-30 
1204.42 1.36786e-30 
1204.43 1.10097e-30 
1204.44 8.8579e-31 
1204.45 7.12369e-31 
1204.46 5.72662e-31 
1204.47 4.60163e-31 
1204.48 3.68599e-31 
1204.49 2.9594e-31 
1204.5 2.37506e-31 
1204.51 1.9053e-31 
1204.52 1.52782e-31 
1204.53 1.22462e-31 
1204.54 9.81184e-32 
1204.55 7.85812e-32 
1204.56 6.29081e-32 
1204.57 5.03401e-32 
1204.58 4.02662e-32 
1204.59 3.21949e-32 
1204.6 2.57308e-32 
1204.61 2.05561e-32 
1204.62 1.64253e-32 
1204.63 1.31111e-32 
1204.64 1.04613e-32 
1204.65 8.3435e-33 
1204.66 6.65169e-33 
1204.67 5.30073e-33 
1204.68 4.2224e-33 
1204.68 3.36204e-33 
1204.69 2.67587e-33 
1204.7 2.12886e-33 
1204.71 1.69297e-33 
1204.72 1.34191e-33 
1204.73 1.06626e-33 
1204.74 8.46879e-34 
1204.75 6.72357e-34 
1204.76 5.33578e-34 
1204.77 4.23268e-34 
1204.78 3.35623e-34 
1204.79 2.66017e-34 
1204.8 2.10759e-34 
1204.81 1.6691e-34 
1204.82 1.32129e-34 
1204.83 1.04552e-34 
1204.84 8.26966e-35 
1204.85 6.53826e-35 
1204.86 5.16721e-35 
1204.87 4.08198e-35 
1204.88 3.22332e-35 
1204.89 2.54423e-35 
1204.9 2.00738e-35 
1204.91 1.58315e-35 
1204.92 1.24806e-35 
1204.93 9.83481e-36 
1204.94 7.74671e-36 
1204.95 6.09942e-36 
1204.96 4.80041e-36 
1204.97 3.7765e-36 
1204.98 2.96083e-36 
1204.99 2.32734e-36 
1205 1.82864e-36 
1205.01 1.4362e-36 
1205.02 1.12751e-36 
1205.03 8.84801e-37 
1205.04 6.94051e-37 
1205.05 5.44197e-37 
1205.06 4.26522e-37 
1205.07 3.34153e-37 
1205.08 2.61679e-37 
1205.09 2.04839e-37 
1205.1 1.60279e-37 
1205.11 1.2536e-37 
1205.11 9.8008e-38 
1205.12 7.65921e-38 
1205.13 5.98309e-38 
1205.14 4.67183e-38 
1205.15 3.64643e-38 
1205.16 2.84491e-38 
1205.17 2.21865e-38 
1205.18 1.72953e-38 
1205.19 1.34769e-38 
1205.2 1.04971e-38 
1205.21 8.17272e-39 
1205.22 6.34278e-39 
1205.23 4.93241e-39 
1205.24 3.83543e-39 
1205.25 2.98119e-39 
1205.26 2.31624e-39 
1205.27 1.79887e-39 
1205.28 1.39648e-39 
1205.29 1.08365e-39 
1205.3 8.40544e-40 
1205.31 6.51707e-40 
1205.32 5.05087e-40 
1205.33 3.91289e-40 
1205.34 3.03006e-40 
1205.35 2.34542e-40 
1205.36 1.81474e-40 
1205.37 1.40353e-40 
1205.38 1.08505e-40 
1205.39 8.38509e-41 
1205.4 6.47694e-41 
1205.41 5.00109e-41 
1205.42 3.85988e-41 
1205.43 2.97776e-41 
1205.44 2.29631e-41 
1205.45 1.77012e-41 
1205.46 1.36388e-41 
1205.47 1.05041e-41 
1205.48 8.06447e-42 
1205.49 6.20355e-42 
1205.5 4.77142e-42 
1205.51 3.6686e-42 
1205.52 2.82081e-42 
1205.53 2.16781e-42 
1205.54 1.66474e-42 
1205.54 1.27658e-42 
1205.55 9.79508e-43 
1205.56 7.52497e-43 
1205.57 5.75934e-43 
1205.58 4.41409e-43 
1205.59 3.39114e-43 
1205.6 2.5924e-43 
1205.61 1.97583e-43 
1205.62 1.5134e-43 
1205.63 1.16308e-43 
1205.64 8.82818e-44 
1205.65 6.72623e-44 
1205.66 5.1848e-44 
1205.67 3.92364e-44 
1205.68 2.94273e-44 
1205.69 2.38221e-44 
1205.7 1.82169e-44 
1205.71 1.26117e-44 
1205.72 9.80909e-45 
1205.73 8.40779e-45 
1205.74 5.60519e-45 
1205.75 4.2039e-45 
1205.76 2.8026e-45 
1205.77 2.8026e-45 
1205.78 2.8026e-45 
1205.79 1.4013e-45 
1205.8 1.4013e-45 
1205.81 1.4013e-45 
1205.82 1.4013e-45 
1205.83 0 
1205.84 0 
1205.85 0 
1205.86 0 
1205.87 0 
1205.88 0 
1205.89 0 
1205.9 0 
1205.91 0 
1205.92 0 
1205.93 0 
1205.94 0 
1205.95 0 
1205.96 0 
1205.96 0 
1205.97 0 
1205.98 0 
1205.99 0 
1206 0 
1206.01 0 
1206.02 0 
1206.03 0 
1206.04 0 
1206.05 0 
1206.06 0 
1206.07 0 
1206.08 0 
1206.09 0 
1206.1 0 
1206.11 0 
1206.12 0 
1206.13 0 
1206.14 0 
1206.15 0 
1206.16 0 
1206.17 0 
1206.18 0 
1206.19 0 
1206.2 0 
1206.21 0 
1206.22 0 
1206.23 0 
1206.24 0 
1206.25 0 
1206.26 0 
1206.27 0 
1206.28 0 
1206.29 0 
1206.3 0 
1206.31 0 
1206.32 0 
1206.33 0 
1206.34 0 
1206.35 0 
1206.36 0 
1206.37 0 
1206.38 0 
1206.39 0 
1206.39 0 
1206.4 0 
1206.41 0 
1206.42 0 
1206.43 0 
1206.44 0 
1206.45 0 
1206.46 0 
1206.47 0 
1206.48 0 
1206.49 0 
1206.5 0 
1206.51 0 
1206.52 0 
1206.53 0 
1206.54 0 
1206.55 0 
1206.56 0 
1206.57 0 
1206.58 0 
1206.59 0 
1206.6 0 
