#energy geo_1 
1186.6 6.09873e-41 
1186.61 7.59111e-41 
1186.62 9.44587e-41 
1186.63 1.17499e-40 
1186.64 1.46118e-40 
1186.65 1.81649e-40 
1186.66 2.25752e-40 
1186.67 2.80477e-40 
1186.68 3.48364e-40 
1186.69 4.32547e-40 
1186.7 5.36912e-40 
1186.71 6.66253e-40 
1186.72 8.26498e-40 
1186.73 1.02773e-39 
1186.74 1.27414e-39 
1186.75 1.57914e-39 
1186.76 1.95655e-39 
1186.77 2.42342e-39 
1186.78 3.00078e-39 
1186.79 3.71456e-39 
1186.8 4.59671e-39 
1186.81 5.68663e-39 
1186.81 7.03282e-39 
1186.82 8.69503e-39 
1186.83 1.07468e-38 
1186.84 1.32787e-38 
1186.85 1.64022e-38 
1186.86 2.02541e-38 
1186.87 2.50029e-38 
1186.88 3.08558e-38 
1186.89 3.80671e-38 
1186.9 4.69494e-38 
1186.91 5.78866e-38 
1186.92 7.13499e-38 
1186.93 8.79175e-38 
1186.94 1.08299e-37 
1186.95 1.33365e-37 
1186.96 1.64182e-37 
1186.97 2.02059e-37 
1186.98 2.49242e-37 
1186.99 3.06553e-37 
1187 3.76927e-37 
1187.01 4.63315e-37 
1187.02 5.69329e-37 
1187.03 6.99386e-37 
1187.04 8.58891e-37 
1187.05 1.05445e-36 
1187.06 1.29414e-36 
1187.07 1.58783e-36 
1187.08 1.94758e-36 
1187.09 2.3881e-36 
1187.1 2.92737e-36 
1187.11 3.58732e-36 
1187.12 4.3947e-36 
1187.13 5.38215e-36 
1187.14 6.58946e-36 
1187.15 8.06513e-36 
1187.16 9.86825e-36 
1187.17 1.20708e-35 
1187.18 1.47604e-35 
1187.19 1.80439e-35 
1187.2 2.2051e-35 
1187.21 2.69397e-35 
1187.22 3.29023e-35 
1187.23 4.02725e-35 
1187.24 4.91557e-35 
1187.24 5.99801e-35 
1187.25 7.31656e-35 
1187.26 8.92225e-35 
1187.27 1.0877e-34 
1187.28 1.3256e-34 
1187.29 1.61503e-34 
1187.3 1.96706e-34 
1187.31 2.39509e-34 
1187.32 2.91536e-34 
1187.33 3.54757e-34 
1187.34 4.31555e-34 
1187.35 5.24819e-34 
1187.36 6.38043e-34 
1187.37 7.75457e-34 
1187.38 9.42178e-34 
1187.39 1.14439e-33 
1187.4 1.38958e-33 
1187.41 1.68679e-33 
1187.42 2.04694e-33 
1187.43 2.48323e-33 
1187.44 3.0116e-33 
1187.45 3.65126e-33 
1187.46 4.42544e-33 
1187.47 5.36213e-33 
1187.48 6.51066e-33 
1187.49 7.88386e-33 
1187.5 9.54376e-33 
1187.51 1.15496e-32 
1187.52 1.39728e-32 
1187.53 1.68992e-32 
1187.54 2.04323e-32 
1187.55 2.46965e-32 
1187.56 2.98414e-32 
1187.57 3.60472e-32 
1187.58 4.35302e-32 
1187.59 5.25506e-32 
1187.6 6.34208e-32 
1187.61 7.65636e-32 
1187.62 9.23445e-32 
1187.63 1.11344e-31 
1187.64 1.34212e-31 
1187.65 1.61726e-31 
1187.66 1.94822e-31 
1187.66 2.3462e-31 
1187.67 2.8246e-31 
1187.68 3.39951e-31 
1187.69 4.09019e-31 
1187.7 4.9197e-31 
1187.71 5.91562e-31 
1187.72 7.11097e-31 
1187.73 8.56489e-31 
1187.74 1.02893e-30 
1187.75 1.2357e-30 
1187.76 1.48358e-30 
1187.77 1.78063e-30 
1187.78 2.13651e-30 
1187.79 2.56273e-30 
1187.8 3.07305e-30 
1187.81 3.68386e-30 
1187.82 4.41472e-30 
1187.83 5.28897e-30 
1187.84 6.33441e-30 
1187.85 7.58417e-30 
1187.86 9.07774e-30 
1187.87 1.08621e-29 
1187.88 1.29933e-29 
1187.89 1.55378e-29 
1187.9 1.8575e-29 
1187.91 2.21991e-29 
1187.92 2.65222e-29 
1187.93 3.16774e-29 
1187.94 3.78232e-29 
1187.95 4.51475e-29 
1187.96 5.38736e-29 
1187.97 6.42667e-29 
1187.98 7.68102e-29 
1187.99 9.15718e-29 
1188 1.09137e-28 
1188.01 1.30032e-28 
1188.02 1.5488e-28 
1188.03 1.84419e-28 
1188.04 2.19526e-28 
1188.05 2.61236e-28 
1188.06 3.10776e-28 
1188.07 3.69597e-28 
1188.08 4.39417e-28 
1188.09 5.22268e-28 
1188.09 6.20549e-28 
1188.1 7.37101e-28 
1188.11 8.75276e-28 
1188.12 1.03903e-27 
1188.13 1.23306e-27 
1188.14 1.46286e-27 
1188.15 1.73496e-27 
1188.16 2.05705e-27 
1188.17 2.43818e-27 
1188.18 2.88905e-27 
1188.19 3.42225e-27 
1188.2 4.05261e-27 
1188.21 4.79762e-27 
1188.22 5.67785e-27 
1188.23 6.73165e-27 
1188.24 7.96183e-27 
1188.25 9.41394e-27 
1188.26 1.11275e-26 
1188.27 1.31489e-26 
1188.28 1.55328e-26 
1188.29 1.83434e-26 
1188.3 2.16558e-26 
1188.31 2.55585e-26 
1188.32 3.01554e-26 
1188.33 3.55683e-26 
1188.34 4.19399e-26 
1188.35 4.94377e-26 
1188.36 5.82583e-26 
1188.37 6.86315e-26 
1188.38 8.08271e-26 
1188.39 9.51608e-26 
1188.4 1.12002e-25 
1188.41 1.31784e-25 
1188.42 1.55012e-25 
1188.43 1.82278e-25 
1188.44 2.14275e-25 
1188.45 2.51812e-25 
1188.46 2.95834e-25 
1188.47 3.47446e-25 
1188.48 4.08756e-25 
1188.49 4.79774e-25 
1188.5 5.62958e-25 
1188.51 6.60363e-25 
1188.52 7.74385e-25 
1188.52 9.07817e-25 
1188.53 1.06392e-24 
1188.54 1.24647e-24 
1188.55 1.45991e-24 
1188.56 1.70937e-24 
1188.57 2.00085e-24 
1188.58 2.34132e-24 
1188.59 2.73888e-24 
1188.6 3.20495e-24 
1188.61 3.74687e-24 
1188.62 4.37908e-24 
1188.63 5.1164e-24 
1188.64 5.97604e-24 
1188.65 6.97799e-24 
1188.66 8.14543e-24 
1188.67 9.50528e-24 
1188.68 1.10888e-23 
1188.69 1.29321e-23 
1188.7 1.50772e-23 
1188.71 1.75728e-23 
1188.72 2.04752e-23 
1188.73 2.38952e-23 
1188.74 2.78248e-23 
1188.75 3.23906e-23 
1188.76 3.76942e-23 
1188.77 4.38528e-23 
1188.78 5.10019e-23 
1188.79 5.92985e-23 
1188.8 6.89236e-23 
1188.81 8.00865e-23 
1188.82 9.3029e-23 
1188.83 1.0803e-22 
1188.84 1.25412e-22 
1188.85 1.45545e-22 
1188.86 1.6886e-22 
1188.87 1.95849e-22 
1188.88 2.27083e-22 
1188.89 2.63218e-22 
1188.9 3.05009e-22 
1188.91 3.53327e-22 
1188.92 4.09175e-22 
1188.93 4.73705e-22 
1188.94 5.48245e-22 
1188.94 6.3432e-22 
1188.95 7.33685e-22 
1188.96 8.48356e-22 
1188.97 9.80649e-22 
1188.98 1.13528e-21 
1188.99 1.3115e-21 
1189 1.51463e-21 
1189.01 1.74867e-21 
1189.02 2.01827e-21 
1189.03 2.32872e-21 
1189.04 2.6861e-21 
1189.05 3.09739e-21 
1189.06 3.57055e-21 
1189.07 4.11474e-21 
1189.08 4.74042e-21 
1189.09 5.45957e-21 
1189.1 6.2859e-21 
1189.11 7.23509e-21 
1189.12 8.32507e-21 
1189.13 9.57632e-21 
1189.14 1.10123e-20 
1189.15 1.26597e-20 
1189.16 1.45491e-20 
1189.17 1.67154e-20 
1189.18 1.91983e-20 
1189.19 2.20434e-20 
1189.2 2.53023e-20 
1189.21 2.90342e-20 
1189.22 3.33063e-20 
1189.23 3.82607e-20 
1189.24 4.38634e-20 
1189.25 5.02712e-20 
1189.26 5.75975e-20 
1189.27 6.59713e-20 
1189.28 7.55395e-20 
1189.29 8.6469e-20 
1189.3 9.89495e-20 
1189.31 1.13197e-19 
1189.32 1.29456e-19 
1189.33 1.48006e-19 
1189.34 1.69161e-19 
1189.35 1.93282e-19 
1189.36 2.20774e-19 
1189.36 2.521e-19 
1189.37 2.87783e-19 
1189.38 3.28416e-19 
1189.39 3.74671e-19 
1189.4 4.27311e-19 
1189.41 4.87198e-19 
1189.42 5.55308e-19 
1189.43 6.32746e-19 
1189.44 7.20763e-19 
1189.45 8.20773e-19 
1189.46 9.34374e-19 
1189.47 1.06337e-18 
1189.48 1.21176e-18 
1189.49 1.37821e-18 
1189.5 1.56704e-18 
1189.51 1.7812e-18 
1189.52 2.02401e-18 
1189.53 2.29922e-18 
1189.54 2.61105e-18 
1189.55 2.96426e-18 
1189.56 3.36423e-18 
1189.57 3.817e-18 
1189.58 4.32938e-18 
1189.59 4.90904e-18 
1189.6 5.56461e-18 
1189.61 6.30971e-18 
1189.62 7.14796e-18 
1189.63 8.0951e-18 
1189.64 9.16494e-18 
1189.65 1.0373e-17 
1189.66 1.17367e-17 
1189.67 1.32757e-17 
1189.68 1.50118e-17 
1189.69 1.69698e-17 
1189.7 1.91773e-17 
1189.71 2.16654e-17 
1189.72 2.44688e-17 
1189.73 2.76684e-17 
1189.74 3.12294e-17 
1189.75 3.52378e-17 
1189.76 3.97487e-17 
1189.77 4.48233e-17 
1189.78 5.05303e-17 
1189.79 5.69465e-17 
1189.79 6.41578e-17 
1189.8 7.22603e-17 
1189.81 8.13611e-17 
1189.82 9.15802e-17 
1189.83 1.03051e-16 
1189.84 1.15924e-16 
1189.85 1.30364e-16 
1189.86 1.46559e-16 
1189.87 1.64715e-16 
1189.88 1.85064e-16 
1189.89 2.07864e-16 
1189.9 2.334e-16 
1189.91 2.61994e-16 
1189.92 2.94002e-16 
1189.93 3.29818e-16 
1189.94 3.69885e-16 
1189.95 4.14693e-16 
1189.96 4.64786e-16 
1189.97 5.20772e-16 
1189.98 5.84149e-16 
1189.99 6.5411e-16 
1190 7.32227e-16 
1190.01 8.19421e-16 
1190.02 9.16719e-16 
1190.03 1.02526e-15 
1190.04 1.14629e-15 
1190.05 1.28123e-15 
1190.06 1.43161e-15 
1190.07 1.59916e-15 
1190.08 1.78576e-15 
1190.09 1.99354e-15 
1190.1 2.2248e-15 
1190.11 2.48214e-15 
1190.12 2.7684e-15 
1190.13 3.08673e-15 
1190.14 3.4406e-15 
1190.15 3.83388e-15 
1190.16 4.27081e-15 
1190.17 4.75607e-15 
1190.18 5.29486e-15 
1190.19 5.89288e-15 
1190.2 6.55644e-15 
1190.21 7.2925e-15 
1190.21 8.1087e-15 
1190.22 9.02542e-15 
1190.23 1.00294e-14 
1190.24 1.11417e-14 
1190.25 1.23735e-14 
1190.26 1.37374e-14 
1190.27 1.52469e-14 
1190.28 1.69171e-14 
1190.29 1.87645e-14 
1190.3 2.08073e-14 
1190.31 2.30655e-14 
1190.32 2.5561e-14 
1190.33 2.83177e-14 
1190.34 3.13622e-14 
1190.35 3.47234e-14 
1190.36 3.84331e-14 
1190.37 4.25261e-14 
1190.38 4.70407e-14 
1190.39 5.20186e-14 
1190.4 5.75057e-14 
1190.41 6.35522e-14 
1190.42 7.02129e-14 
1190.43 7.75481e-14 
1190.44 8.56235e-14 
1190.45 9.45108e-14 
1190.46 1.04289e-13 
1190.47 1.15043e-13 
1190.48 1.27023e-13 
1190.49 1.40036e-13 
1190.5 1.54334e-13 
1190.51 1.70041e-13 
1190.52 1.87289e-13 
1190.53 2.06223e-13 
1190.54 2.27002e-13 
1190.55 2.49799e-13 
1190.56 2.74801e-13 
1190.57 3.02212e-13 
1190.58 3.32257e-13 
1190.59 3.65177e-13 
1190.6 4.01237e-13 
1190.61 4.40995e-13 
1190.62 4.84244e-13 
1190.63 5.31573e-13 
1190.64 5.8335e-13 
1190.64 6.39974e-13 
1190.65 7.0188e-13 
1190.66 7.69539e-13 
1190.67 8.43463e-13 
1190.68 9.24205e-13 
1190.69 1.01237e-12 
1190.7 1.1086e-12 
1190.71 1.21361e-12 
1190.72 1.32816e-12 
1190.73 1.45471e-12 
1190.74 1.59104e-12 
1190.75 1.73962e-12 
1190.76 1.90149e-12 
1190.77 2.07778e-12 
1190.78 2.26973e-12 
1190.79 2.47865e-12 
1190.8 2.70597e-12 
1190.81 2.95324e-12 
1190.82 3.22212e-12 
1190.83 3.51441e-12 
1190.84 3.83204e-12 
1190.85 4.1771e-12 
1190.86 4.55184e-12 
1190.87 4.95869e-12 
1190.88 5.40025e-12 
1190.89 5.87933e-12 
1190.9 6.39896e-12 
1190.91 6.96239e-12 
1190.92 7.57311e-12 
1190.93 8.23489e-12 
1190.94 8.95176e-12 
1190.95 9.72807e-12 
1190.96 1.05685e-11 
1190.97 1.1478e-11 
1190.98 1.24747e-11 
1190.99 1.35399e-11 
1191 1.46916e-11 
1191.01 1.59363e-11 
1191.02 1.72813e-11 
1191.03 1.8734e-11 
1191.04 2.03027e-11 
1191.05 2.19959e-11 
1191.06 2.38232e-11 
1191.07 2.57943e-11 
1191.07 2.79199e-11 
1191.08 3.02116e-11 
1191.09 3.26813e-11 
1191.1 3.53421e-11 
1191.11 3.82079e-11 
1191.12 4.12934e-11 
1191.13 4.46145e-11 
1191.14 4.81879e-11 
1191.15 5.20317e-11 
1191.16 5.61649e-11 
1191.17 6.06079e-11 
1191.18 6.53824e-11 
1191.19 7.05115e-11 
1191.2 7.60197e-11 
1191.21 8.19332e-11 
1191.22 8.82797e-11 
1191.23 9.51769e-11 
1191.24 1.02486e-10 
1191.25 1.10323e-10 
1191.26 1.18723e-10 
1191.27 1.27723e-10 
1191.28 1.37364e-10 
1191.29 1.47688e-10 
1191.3 1.58738e-10 
1191.31 1.70564e-10 
1191.32 1.83214e-10 
1191.33 1.96743e-10 
1191.34 2.11206e-10 
1191.35 2.26663e-10 
1191.36 2.43176e-10 
1191.37 2.60814e-10 
1191.38 2.79645e-10 
1191.39 2.99743e-10 
1191.4 3.21189e-10 
1191.41 3.44063e-10 
1191.42 3.68454e-10 
1191.43 3.94454e-10 
1191.44 4.22159e-10 
1191.45 4.51672e-10 
1191.46 4.83101e-10 
1191.47 5.16559e-10 
1191.48 5.52639e-10 
1191.49 5.90534e-10 
1191.49 6.30851e-10 
1191.5 6.73715e-10 
1191.51 7.19272e-10 
1191.52 7.67675e-10 
1191.53 8.19084e-10 
1191.54 8.73669e-10 
1191.55 9.31608e-10 
1191.56 9.93085e-10 
1191.57 1.0583e-09 
1191.58 1.12744e-09 
1191.59 1.20074e-09 
1191.6 1.27921e-09 
1191.61 1.36154e-09 
1191.62 1.44873e-09 
1191.63 1.54103e-09 
1191.64 1.63872e-09 
1191.65 1.74206e-09 
1191.66 1.85135e-09 
1191.67 1.9669e-09 
1191.68 2.08902e-09 
1191.69 2.21805e-09 
1191.7 2.35433e-09 
1191.71 2.49822e-09 
1191.72 2.65009e-09 
1191.73 2.81239e-09 
1191.74 2.98152e-09 
1191.75 3.15987e-09 
1191.76 3.34785e-09 
1191.77 3.54594e-09 
1191.78 3.7546e-09 
1191.79 3.97432e-09 
1191.8 4.20562e-09 
1191.81 4.44902e-09 
1191.82 4.70507e-09 
1191.83 4.97433e-09 
1191.84 5.2574e-09 
1191.85 5.55487e-09 
1191.86 5.86739e-09 
1191.87 6.19559e-09 
1191.88 6.54016e-09 
1191.89 6.90178e-09 
1191.9 7.28116e-09 
1191.91 7.67906e-09 
1191.92 8.09622e-09 
1191.92 8.53345e-09 
1191.93 8.99153e-09 
1191.94 9.47131e-09 
1191.95 9.97364e-09 
1191.96 1.04994e-08 
1191.97 1.10495e-08 
1191.98 1.16322e-08 
1191.99 1.22342e-08 
1192 1.28633e-08 
1192.01 1.35207e-08 
1192.02 1.42073e-08 
1192.03 1.49243e-08 
1192.04 1.56726e-08 
1192.05 1.64534e-08 
1192.06 1.72679e-08 
1192.07 1.81171e-08 
1192.08 1.90023e-08 
1192.09 1.99246e-08 
1192.1 2.08853e-08 
1192.11 2.18857e-08 
1192.12 2.2927e-08 
1192.13 2.40105e-08 
1192.14 2.51375e-08 
1192.15 2.63093e-08 
1192.16 2.75274e-08 
1192.17 2.87931e-08 
1192.18 3.01077e-08 
1192.19 3.14728e-08 
1192.2 3.28897e-08 
1192.21 3.43599e-08 
1192.22 3.58849e-08 
1192.23 3.74862e-08 
1192.24 3.91258e-08 
1192.25 4.08247e-08 
1192.26 4.25844e-08 
1192.27 4.44063e-08 
1192.28 4.6292e-08 
1192.29 4.8243e-08 
1192.3 5.0261e-08 
1192.31 5.23473e-08 
1192.32 5.45036e-08 
1192.33 5.67313e-08 
1192.34 5.90321e-08 
1192.34 6.14074e-08 
1192.35 6.38588e-08 
1192.36 6.63877e-08 
1192.37 6.89958e-08 
1192.38 7.16843e-08 
1192.39 7.44549e-08 
1192.4 7.7309e-08 
1192.41 8.02479e-08 
1192.42 8.32731e-08 
1192.43 8.6386e-08 
1192.44 8.95878e-08 
1192.45 9.28799e-08 
1192.46 9.62636e-08 
1192.47 9.97401e-08 
1192.48 1.03356e-07 
1192.49 1.07023e-07 
1192.5 1.10786e-07 
1192.51 1.14646e-07 
1192.52 1.18604e-07 
1192.53 1.22662e-07 
1192.54 1.2682e-07 
1192.55 1.31079e-07 
1192.56 1.35439e-07 
1192.57 1.39902e-07 
1192.58 1.44467e-07 
1192.59 1.49136e-07 
1192.6 1.53909e-07 
1192.61 1.58884e-07 
1192.62 1.63868e-07 
1192.63 1.68958e-07 
1192.64 1.74152e-07 
1192.65 1.79451e-07 
1192.66 1.84855e-07 
1192.67 1.90363e-07 
1192.68 1.95975e-07 
1192.69 2.01692e-07 
1192.7 2.07512e-07 
1192.71 2.13434e-07 
1192.72 2.19458e-07 
1192.73 2.25661e-07 
1192.74 2.31888e-07 
1192.75 2.38214e-07 
1192.76 2.44637e-07 
1192.77 2.51158e-07 
1192.77 2.57773e-07 
1192.78 2.64481e-07 
1192.79 2.71282e-07 
1192.8 2.78172e-07 
1192.81 2.8515e-07 
1192.82 2.92213e-07 
1192.83 2.99361e-07 
1192.84 3.06589e-07 
1192.85 3.13896e-07 
1192.86 3.21279e-07 
1192.87 3.28735e-07 
1192.88 3.36261e-07 
1192.89 3.43855e-07 
1192.9 3.51513e-07 
1192.91 3.59231e-07 
1192.92 3.67007e-07 
1192.93 3.74837e-07 
1192.94 3.82716e-07 
1192.95 3.90642e-07 
1192.96 3.9861e-07 
1192.97 4.06617e-07 
1192.98 4.14758e-07 
1192.99 4.22829e-07 
1193 4.30925e-07 
1193.01 4.39042e-07 
1193.02 4.47175e-07 
1193.03 4.5532e-07 
1193.04 4.63472e-07 
1193.05 4.71625e-07 
1193.06 4.79775e-07 
1193.07 4.87917e-07 
1193.08 4.96045e-07 
1193.09 5.04155e-07 
1193.1 5.12241e-07 
1193.11 5.20297e-07 
1193.12 5.28319e-07 
1193.13 5.36301e-07 
1193.14 5.44236e-07 
1193.15 5.52121e-07 
1193.16 5.59949e-07 
1193.17 5.67714e-07 
1193.18 5.75411e-07 
1193.19 5.83034e-07 
1193.19 5.90578e-07 
1193.2 5.98036e-07 
1193.21 6.05404e-07 
1193.22 6.12765e-07 
1193.23 6.19933e-07 
1193.24 6.26994e-07 
1193.25 6.3394e-07 
1193.26 6.40768e-07 
1193.27 6.47472e-07 
1193.28 6.54046e-07 
1193.29 6.60485e-07 
1193.3 6.66783e-07 
1193.31 6.72936e-07 
1193.32 6.78938e-07 
1193.33 6.84785e-07 
1193.34 6.90471e-07 
1193.35 6.95991e-07 
1193.36 7.01341e-07 
1193.37 7.06516e-07 
1193.38 7.11512e-07 
1193.39 7.16325e-07 
1193.4 7.2095e-07 
1193.41 7.25383e-07 
1193.42 7.2962e-07 
1193.43 7.33658e-07 
1193.44 7.37493e-07 
1193.45 7.41121e-07 
1193.46 7.4454e-07 
1193.47 7.47746e-07 
1193.48 7.50772e-07 
1193.49 7.53542e-07 
1193.5 7.5609e-07 
1193.51 7.58416e-07 
1193.52 7.60516e-07 
1193.53 7.62389e-07 
1193.54 7.64033e-07 
1193.55 7.65447e-07 
1193.56 7.66629e-07 
1193.57 7.67578e-07 
1193.58 7.68294e-07 
1193.59 7.68776e-07 
1193.6 7.69023e-07 
1193.61 7.69509e-07 
1193.62 7.69286e-07 
1193.62 7.68828e-07 
1193.63 7.68136e-07 
1193.64 7.6721e-07 
1193.65 7.6605e-07 
1193.66 7.64659e-07 
1193.67 7.63038e-07 
1193.68 7.61187e-07 
1193.69 7.59109e-07 
1193.7 7.56805e-07 
1193.71 7.54277e-07 
1193.72 7.51529e-07 
1193.73 7.48523e-07 
1193.74 7.45337e-07 
1193.75 7.41938e-07 
1193.76 7.38329e-07 
1193.77 7.34513e-07 
1193.78 7.30494e-07 
1193.79 7.26275e-07 
1193.8 7.21859e-07 
1193.81 7.17252e-07 
1193.82 7.12456e-07 
1193.83 7.07476e-07 
1193.84 7.02317e-07 
1193.85 6.96982e-07 
1193.86 6.91476e-07 
1193.87 6.85805e-07 
1193.88 6.79972e-07 
1193.89 6.73983e-07 
1193.9 6.67843e-07 
1193.91 6.61557e-07 
1193.92 6.5513e-07 
1193.93 6.48568e-07 
1193.94 6.41875e-07 
1193.95 6.35058e-07 
1193.96 6.28121e-07 
1193.97 6.2107e-07 
1193.98 6.13821e-07 
1193.99 6.06559e-07 
1194 5.992e-07 
1194.01 5.91749e-07 
1194.02 5.84213e-07 
1194.03 5.76597e-07 
1194.04 5.68907e-07 
1194.05 5.61148e-07 
1194.05 5.53327e-07 
1194.06 5.45449e-07 
1194.07 5.37519e-07 
1194.08 5.29543e-07 
1194.09 5.21527e-07 
1194.1 5.13475e-07 
1194.11 5.05395e-07 
1194.12 4.9729e-07 
1194.13 4.89167e-07 
1194.14 4.8103e-07 
1194.15 4.72886e-07 
1194.16 4.64738e-07 
1194.17 4.56592e-07 
1194.18 4.48453e-07 
1194.19 4.40326e-07 
1194.2 4.32215e-07 
1194.21 4.24125e-07 
1194.22 4.16062e-07 
1194.23 4.07928e-07 
1194.24 3.9993e-07 
1194.25 3.91971e-07 
1194.26 3.84054e-07 
1194.27 3.76185e-07 
1194.28 3.68366e-07 
1194.29 3.60603e-07 
1194.3 3.52898e-07 
1194.31 3.45254e-07 
1194.32 3.37676e-07 
1194.33 3.30166e-07 
1194.34 3.22729e-07 
1194.35 3.15365e-07 
1194.36 3.0808e-07 
1194.37 3.00874e-07 
1194.38 2.93752e-07 
1194.39 2.86715e-07 
1194.4 2.79766e-07 
1194.41 2.72908e-07 
1194.42 2.66141e-07 
1194.43 2.59468e-07 
1194.44 2.52892e-07 
1194.45 2.46414e-07 
1194.46 2.40035e-07 
1194.47 2.33756e-07 
1194.47 2.27505e-07 
1194.48 2.21433e-07 
1194.49 2.15468e-07 
1194.5 2.09607e-07 
1194.51 2.03854e-07 
1194.52 1.98209e-07 
1194.53 1.92671e-07 
1194.54 1.87243e-07 
1194.55 1.81925e-07 
1194.56 1.76716e-07 
1194.57 1.71618e-07 
1194.58 1.6663e-07 
1194.59 1.61753e-07 
1194.6 1.56987e-07 
1194.61 1.52426e-07 
1194.62 1.47879e-07 
1194.63 1.43443e-07 
1194.64 1.39118e-07 
1194.65 1.34903e-07 
1194.66 1.30798e-07 
1194.67 1.26803e-07 
1194.68 1.22917e-07 
1194.69 1.1914e-07 
1194.7 1.15471e-07 
1194.71 1.1191e-07 
1194.72 1.08456e-07 
1194.73 1.05067e-07 
1194.74 1.01826e-07 
1194.75 9.86911e-08 
1194.76 9.56601e-08 
1194.77 9.27328e-08 
1194.78 8.99083e-08 
1194.79 8.7186e-08 
1194.8 8.45649e-08 
1194.81 8.20443e-08 
1194.82 7.96233e-08 
1194.83 7.73012e-08 
1194.84 7.50772e-08 
1194.85 7.29505e-08 
1194.86 7.09201e-08 
1194.87 6.89855e-08 
1194.88 6.71457e-08 
1194.89 6.54e-08 
1194.9 6.37476e-08 
1194.9 6.21879e-08 
1194.91 6.072e-08 
1194.92 5.93434e-08 
1194.93 5.80574e-08 
1194.94 5.68612e-08 
1194.95 5.57544e-08 
1194.96 5.47363e-08 
1194.97 5.38064e-08 
1194.98 5.29542e-08 
1194.99 5.22004e-08 
1195 5.15333e-08 
1195.01 5.09526e-08 
1195.02 5.0458e-08 
1195.03 5.00491e-08 
1195.04 4.97257e-08 
1195.05 4.94875e-08 
1195.06 4.93345e-08 
1195.07 4.92664e-08 
1195.08 4.92833e-08 
1195.09 4.93849e-08 
1195.1 4.95715e-08 
1195.11 4.9843e-08 
1195.12 5.01995e-08 
1195.13 5.06413e-08 
1195.14 5.11685e-08 
1195.15 5.17814e-08 
1195.16 5.24803e-08 
1195.17 5.32656e-08 
1195.18 5.41377e-08 
1195.19 5.5097e-08 
1195.2 5.61441e-08 
1195.21 5.72795e-08 
1195.22 5.85038e-08 
1195.23 5.98348e-08 
1195.24 6.12401e-08 
1195.25 6.27365e-08 
1195.26 6.43247e-08 
1195.27 6.60056e-08 
1195.28 6.77801e-08 
1195.29 6.96491e-08 
1195.3 7.16134e-08 
1195.31 7.36743e-08 
1195.32 7.58326e-08 
1195.32 7.80895e-08 
1195.33 8.0446e-08 
1195.34 8.29034e-08 
1195.35 8.54628e-08 
1195.36 8.81254e-08 
1195.37 9.08925e-08 
1195.38 9.37652e-08 
1195.39 9.6745e-08 
1195.4 9.9833e-08 
1195.41 1.03031e-07 
1195.42 1.06339e-07 
1195.43 1.0976e-07 
1195.44 1.13295e-07 
1195.45 1.16945e-07 
1195.46 1.20711e-07 
1195.47 1.24595e-07 
1195.48 1.2865e-07 
1195.49 1.32776e-07 
1195.5 1.37023e-07 
1195.51 1.41395e-07 
1195.52 1.45891e-07 
1195.53 1.50514e-07 
1195.54 1.55264e-07 
1195.55 1.60144e-07 
1195.56 1.65154e-07 
1195.57 1.70295e-07 
1195.58 1.7557e-07 
1195.59 1.80978e-07 
1195.6 1.86523e-07 
1195.61 1.92322e-07 
1195.62 1.98144e-07 
1195.63 2.04106e-07 
1195.64 2.10207e-07 
1195.65 2.16449e-07 
1195.66 2.22834e-07 
1195.67 2.29362e-07 
1195.68 2.36033e-07 
1195.69 2.4285e-07 
1195.7 2.49811e-07 
1195.71 2.56919e-07 
1195.72 2.64174e-07 
1195.73 2.71669e-07 
1195.74 2.79221e-07 
1195.75 2.8692e-07 
1195.75 2.94768e-07 
1195.76 3.02765e-07 
1195.77 3.10911e-07 
1195.78 3.19205e-07 
1195.79 3.27648e-07 
1195.8 3.36239e-07 
1195.81 3.44979e-07 
1195.82 3.53867e-07 
1195.83 3.62902e-07 
1195.84 3.72084e-07 
1195.85 3.81412e-07 
1195.86 3.90886e-07 
1195.87 4.00504e-07 
1195.88 4.10266e-07 
1195.89 4.2017e-07 
1195.9 4.30215e-07 
1195.91 4.404e-07 
1195.92 4.50722e-07 
1195.93 4.61182e-07 
1195.94 4.71776e-07 
1195.95 4.82502e-07 
1195.96 4.9336e-07 
1195.97 5.04345e-07 
1195.98 5.15597e-07 
1195.99 5.26835e-07 
1196 5.38193e-07 
1196.01 5.4967e-07 
1196.02 5.61263e-07 
1196.03 5.72967e-07 
1196.04 5.84782e-07 
1196.05 5.96702e-07 
1196.06 6.08726e-07 
1196.07 6.20848e-07 
1196.08 6.33066e-07 
1196.09 6.45376e-07 
1196.1 6.57773e-07 
1196.11 6.70254e-07 
1196.12 6.82814e-07 
1196.13 6.9545e-07 
1196.14 7.08156e-07 
1196.15 7.20927e-07 
1196.16 7.3376e-07 
1196.17 7.4665e-07 
1196.17 7.59591e-07 
1196.18 7.72578e-07 
1196.19 7.85606e-07 
1196.2 7.9867e-07 
1196.21 8.11765e-07 
1196.22 8.25048e-07 
1196.23 8.38186e-07 
1196.24 8.51338e-07 
1196.25 8.64498e-07 
1196.26 8.77659e-07 
1196.27 8.90816e-07 
1196.28 9.03963e-07 
1196.29 9.17093e-07 
1196.3 9.302e-07 
1196.31 9.43279e-07 
1196.32 9.56322e-07 
1196.33 9.69323e-07 
1196.34 9.82276e-07 
1196.35 9.95175e-07 
1196.36 1.00801e-06 
1196.37 1.02078e-06 
1196.38 1.03348e-06 
1196.39 1.04609e-06 
1196.4 1.05862e-06 
1196.41 1.07106e-06 
1196.42 1.08339e-06 
1196.43 1.09562e-06 
1196.44 1.10773e-06 
1196.45 1.11972e-06 
1196.46 1.13159e-06 
1196.47 1.14332e-06 
1196.48 1.15506e-06 
1196.49 1.16651e-06 
1196.5 1.17781e-06 
1196.51 1.18894e-06 
1196.52 1.19992e-06 
1196.53 1.21072e-06 
1196.54 1.22135e-06 
1196.55 1.23179e-06 
1196.56 1.24205e-06 
1196.57 1.25211e-06 
1196.58 1.26198e-06 
1196.59 1.27164e-06 
1196.6 1.28109e-06 
1196.6 1.29112e-06 
1196.61 1.30015e-06 
1196.62 1.30895e-06 
1196.63 1.31752e-06 
1196.64 1.32586e-06 
1196.65 1.33396e-06 
1196.66 1.34182e-06 
1196.67 1.34943e-06 
1196.68 1.35679e-06 
1196.69 1.36391e-06 
1196.7 1.37077e-06 
1196.71 1.37736e-06 
1196.72 1.3837e-06 
1196.73 1.38985e-06 
1196.74 1.39566e-06 
1196.75 1.40119e-06 
1196.76 1.40646e-06 
1196.77 1.41146e-06 
1196.78 1.41618e-06 
1196.79 1.42063e-06 
1196.8 1.42481e-06 
1196.81 1.42871e-06 
1196.82 1.43234e-06 
1196.83 1.43569e-06 
1196.84 1.43876e-06 
1196.85 1.44156e-06 
1196.86 1.44409e-06 
1196.87 1.44635e-06 
1196.88 1.44834e-06 
1196.89 1.45005e-06 
1196.9 1.45151e-06 
1196.91 1.45269e-06 
1196.92 1.45362e-06 
1196.93 1.45428e-06 
1196.94 1.45469e-06 
1196.95 1.45485e-06 
1196.96 1.45476e-06 
1196.97 1.45443e-06 
1196.98 1.45384e-06 
1196.99 1.45303e-06 
1197 1.45199e-06 
1197.01 1.45072e-06 
1197.02 1.44923e-06 
1197.03 1.44752e-06 
1197.03 1.44561e-06 
1197.04 1.4435e-06 
1197.05 1.44119e-06 
1197.06 1.43869e-06 
1197.07 1.43601e-06 
1197.08 1.43316e-06 
1197.09 1.43014e-06 
1197.1 1.42695e-06 
1197.11 1.42362e-06 
1197.12 1.42014e-06 
1197.13 1.41653e-06 
1197.14 1.41279e-06 
1197.15 1.40894e-06 
1197.16 1.40497e-06 
1197.17 1.4009e-06 
1197.18 1.39674e-06 
1197.19 1.3925e-06 
1197.2 1.38819e-06 
1197.21 1.38381e-06 
1197.22 1.37938e-06 
1197.23 1.37485e-06 
1197.24 1.37034e-06 
1197.25 1.36581e-06 
1197.26 1.36126e-06 
1197.27 1.35671e-06 
1197.28 1.35217e-06 
1197.29 1.34765e-06 
1197.3 1.34315e-06 
1197.31 1.33869e-06 
1197.32 1.33427e-06 
1197.33 1.32992e-06 
1197.34 1.32563e-06 
1197.35 1.32142e-06 
1197.36 1.3173e-06 
1197.37 1.31328e-06 
1197.38 1.30936e-06 
1197.39 1.30557e-06 
1197.4 1.3019e-06 
1197.41 1.29837e-06 
1197.42 1.29498e-06 
1197.43 1.29176e-06 
1197.44 1.28869e-06 
1197.45 1.28581e-06 
1197.45 1.28311e-06 
1197.46 1.2806e-06 
1197.47 1.27829e-06 
1197.48 1.27616e-06 
1197.49 1.27429e-06 
1197.5 1.27263e-06 
1197.51 1.27121e-06 
1197.52 1.27003e-06 
1197.53 1.2691e-06 
1197.54 1.26843e-06 
1197.55 1.26801e-06 
1197.56 1.26786e-06 
1197.57 1.26798e-06 
1197.58 1.26839e-06 
1197.59 1.26907e-06 
1197.6 1.27005e-06 
1197.61 1.2721e-06 
1197.62 1.27366e-06 
1197.63 1.27553e-06 
1197.64 1.2777e-06 
1197.65 1.28019e-06 
1197.66 1.28298e-06 
1197.67 1.28608e-06 
1197.68 1.2895e-06 
1197.69 1.29323e-06 
1197.7 1.29729e-06 
1197.71 1.30166e-06 
1197.72 1.30634e-06 
1197.73 1.31142e-06 
1197.74 1.31674e-06 
1197.75 1.32239e-06 
1197.76 1.32835e-06 
1197.77 1.33463e-06 
1197.78 1.34121e-06 
1197.79 1.34811e-06 
1197.8 1.35531e-06 
1197.81 1.36281e-06 
1197.82 1.37062e-06 
1197.83 1.37871e-06 
1197.84 1.3871e-06 
1197.85 1.39578e-06 
1197.86 1.40473e-06 
1197.87 1.41396e-06 
1197.88 1.42345e-06 
1197.88 1.43321e-06 
1197.89 1.44322e-06 
1197.9 1.45349e-06 
1197.91 1.46399e-06 
1197.92 1.47472e-06 
1197.93 1.48569e-06 
1197.94 1.49687e-06 
1197.95 1.50825e-06 
1197.96 1.51984e-06 
1197.97 1.53162e-06 
1197.98 1.54374e-06 
1197.99 1.55588e-06 
1198 1.56818e-06 
1198.01 1.58063e-06 
1198.02 1.59323e-06 
1198.03 1.60597e-06 
1198.04 1.61882e-06 
1198.05 1.6318e-06 
1198.06 1.64487e-06 
1198.07 1.65804e-06 
1198.08 1.6713e-06 
1198.09 1.68462e-06 
1198.1 1.69802e-06 
1198.11 1.71146e-06 
1198.12 1.72495e-06 
1198.13 1.73847e-06 
1198.14 1.75202e-06 
1198.15 1.76557e-06 
1198.16 1.77914e-06 
1198.17 1.7927e-06 
1198.18 1.80624e-06 
1198.19 1.81976e-06 
1198.2 1.83325e-06 
1198.21 1.8467e-06 
1198.22 1.8601e-06 
1198.23 1.87362e-06 
1198.24 1.8869e-06 
1198.25 1.90011e-06 
1198.26 1.91325e-06 
1198.27 1.9263e-06 
1198.28 1.93926e-06 
1198.29 1.95213e-06 
1198.3 1.9649e-06 
1198.3 1.97757e-06 
1198.31 1.99013e-06 
1198.32 2.00258e-06 
1198.33 2.01491e-06 
1198.34 2.02713e-06 
1198.35 2.03923e-06 
1198.36 2.05121e-06 
1198.37 2.06308e-06 
1198.38 2.07482e-06 
1198.39 2.08645e-06 
1198.4 2.09796e-06 
1198.41 2.10935e-06 
1198.42 2.12063e-06 
1198.43 2.1318e-06 
1198.44 2.14286e-06 
1198.45 2.15383e-06 
1198.46 2.1647e-06 
1198.47 2.17548e-06 
1198.48 2.18631e-06 
1198.49 2.19693e-06 
1198.5 2.20748e-06 
1198.51 2.21797e-06 
1198.52 2.22841e-06 
1198.53 2.23881e-06 
1198.54 2.24919e-06 
1198.55 2.25954e-06 
1198.56 2.26989e-06 
1198.57 2.28024e-06 
1198.58 2.29061e-06 
1198.59 2.30102e-06 
1198.6 2.31147e-06 
1198.61 2.32341e-06 
1198.62 2.33401e-06 
1198.63 2.34469e-06 
1198.64 2.35549e-06 
1198.65 2.36641e-06 
1198.66 2.37748e-06 
1198.67 2.3887e-06 
1198.68 2.4001e-06 
1198.69 2.4117e-06 
1198.7 2.42351e-06 
1198.71 2.43556e-06 
1198.72 2.44786e-06 
1198.73 2.46059e-06 
1198.73 2.47346e-06 
1198.74 2.48664e-06 
1198.75 2.50015e-06 
1198.76 2.51401e-06 
1198.77 2.52825e-06 
1198.78 2.54288e-06 
1198.79 2.55792e-06 
1198.8 2.57339e-06 
1198.81 2.58931e-06 
1198.82 2.6057e-06 
1198.83 2.62258e-06 
1198.84 2.63998e-06 
1198.85 2.6579e-06 
1198.86 2.67636e-06 
1198.87 2.6954e-06 
1198.88 2.71501e-06 
1198.89 2.73523e-06 
1198.9 2.75606e-06 
1198.91 2.77753e-06 
1198.92 2.79964e-06 
1198.93 2.82242e-06 
1198.94 2.84587e-06 
1198.95 2.87002e-06 
1198.96 2.89487e-06 
1198.97 2.92044e-06 
1198.98 2.94706e-06 
1198.99 2.97411e-06 
1199 3.00189e-06 
1199.01 3.03044e-06 
1199.02 3.05974e-06 
1199.03 3.08981e-06 
1199.04 3.12066e-06 
1199.05 3.15229e-06 
1199.06 3.18469e-06 
1199.07 3.21788e-06 
1199.08 3.25186e-06 
1199.09 3.28661e-06 
1199.1 3.32215e-06 
1199.11 3.35846e-06 
1199.12 3.39555e-06 
1199.13 3.4334e-06 
1199.14 3.47201e-06 
1199.15 3.51138e-06 
1199.15 3.55149e-06 
1199.16 3.59233e-06 
1199.17 3.63388e-06 
1199.18 3.67615e-06 
1199.19 3.71909e-06 
1199.2 3.76272e-06 
1199.21 3.80699e-06 
1199.22 3.85248e-06 
1199.23 3.898e-06 
1199.24 3.94413e-06 
1199.25 3.99082e-06 
1199.26 4.03806e-06 
1199.27 4.08581e-06 
1199.28 4.13405e-06 
1199.29 4.18275e-06 
1199.3 4.23188e-06 
1199.31 4.2814e-06 
1199.32 4.3313e-06 
1199.33 4.38153e-06 
1199.34 4.43205e-06 
1199.35 4.48283e-06 
1199.36 4.53384e-06 
1199.37 4.58504e-06 
1199.38 4.63638e-06 
1199.39 4.68783e-06 
1199.4 4.73934e-06 
1199.41 4.79087e-06 
1199.42 4.84239e-06 
1199.43 4.89385e-06 
1199.44 4.94519e-06 
1199.45 4.99639e-06 
1199.46 5.04739e-06 
1199.47 5.09814e-06 
1199.48 5.14924e-06 
1199.49 5.19937e-06 
1199.5 5.24911e-06 
1199.51 5.29842e-06 
1199.52 5.34726e-06 
1199.53 5.39556e-06 
1199.54 5.4433e-06 
1199.55 5.49041e-06 
1199.56 5.53685e-06 
1199.57 5.58257e-06 
1199.58 5.62753e-06 
1199.58 5.67168e-06 
1199.59 5.71497e-06 
1199.6 5.75735e-06 
1199.61 5.80234e-06 
1199.62 5.84281e-06 
1199.63 5.88222e-06 
1199.64 5.92056e-06 
1199.65 5.95776e-06 
1199.66 5.99379e-06 
1199.67 6.02861e-06 
1199.68 6.06217e-06 
1199.69 6.09444e-06 
1199.7 6.12537e-06 
1199.71 6.15494e-06 
1199.72 6.18309e-06 
1199.73 6.21013e-06 
1199.74 6.23536e-06 
1199.75 6.25906e-06 
1199.76 6.28124e-06 
1199.77 6.30184e-06 
1199.78 6.32084e-06 
1199.79 6.33822e-06 
1199.8 6.35395e-06 
1199.81 6.368e-06 
1199.82 6.38036e-06 
1199.83 6.391e-06 
1199.84 6.39991e-06 
1199.85 6.40707e-06 
1199.86 6.41246e-06 
1199.87 6.41607e-06 
1199.88 6.41789e-06 
1199.89 6.41792e-06 
1199.9 6.41613e-06 
1199.91 6.41253e-06 
1199.92 6.40711e-06 
1199.93 6.39988e-06 
1199.94 6.39082e-06 
1199.95 6.37994e-06 
1199.96 6.36725e-06 
1199.97 6.35274e-06 
1199.98 6.33621e-06 
1199.99 6.31809e-06 
1200 6.29818e-06 
1200.01 6.2765e-06 
1200.01 6.25306e-06 
1200.02 6.22788e-06 
1200.03 6.20097e-06 
1200.04 6.17236e-06 
1200.05 6.14206e-06 
1200.06 6.1101e-06 
1200.07 6.07651e-06 
1200.08 6.0413e-06 
1200.09 6.0045e-06 
1200.1 5.96615e-06 
1200.11 5.92627e-06 
1200.12 5.8849e-06 
1200.13 5.84206e-06 
1200.14 5.79779e-06 
1200.15 5.75213e-06 
1200.16 5.70511e-06 
1200.17 5.65676e-06 
1200.18 5.60714e-06 
1200.19 5.55627e-06 
1200.2 5.50419e-06 
1200.21 5.45096e-06 
1200.22 5.3966e-06 
1200.23 5.34046e-06 
1200.24 5.28397e-06 
1200.25 5.22649e-06 
1200.26 5.16806e-06 
1200.27 5.10873e-06 
1200.28 5.04854e-06 
1200.29 4.98754e-06 
1200.3 4.92577e-06 
1200.31 4.86328e-06 
1200.32 4.80012e-06 
1200.33 4.73633e-06 
1200.34 4.67195e-06 
1200.35 4.60704e-06 
1200.36 4.54164e-06 
1200.37 4.47579e-06 
1200.38 4.40955e-06 
1200.39 4.34295e-06 
1200.4 4.27605e-06 
1200.41 4.20888e-06 
1200.42 4.1415e-06 
1200.43 4.07394e-06 
1200.43 4.00625e-06 
1200.44 3.93847e-06 
1200.45 3.87065e-06 
1200.46 3.80283e-06 
1200.47 3.73504e-06 
1200.48 3.66649e-06 
1200.49 3.5989e-06 
1200.5 3.53147e-06 
1200.51 3.46423e-06 
1200.52 3.39723e-06 
1200.53 3.33049e-06 
1200.54 3.26406e-06 
1200.55 3.19796e-06 
1200.56 3.13224e-06 
1200.57 3.06692e-06 
1200.58 3.00203e-06 
1200.59 2.93761e-06 
1200.6 2.87368e-06 
1200.61 2.812e-06 
1200.62 2.74911e-06 
1200.63 2.68679e-06 
1200.64 2.62507e-06 
1200.65 2.56398e-06 
1200.66 2.50353e-06 
1200.67 2.44376e-06 
1200.68 2.38467e-06 
1200.69 2.32629e-06 
1200.7 2.26864e-06 
1200.71 2.21173e-06 
1200.72 2.15558e-06 
1200.73 2.09952e-06 
1200.74 2.04495e-06 
1200.75 1.99118e-06 
1200.76 1.93822e-06 
1200.77 1.88608e-06 
1200.78 1.83478e-06 
1200.79 1.78432e-06 
1200.8 1.73471e-06 
1200.81 1.68596e-06 
1200.82 1.63807e-06 
1200.83 1.59105e-06 
1200.84 1.5449e-06 
1200.85 1.49962e-06 
1200.85 1.45522e-06 
1200.86 1.4117e-06 
1200.87 1.36905e-06 
1200.88 1.32728e-06 
1200.89 1.28638e-06 
1200.9 1.24636e-06 
1200.91 1.20721e-06 
1200.92 1.16893e-06 
1200.93 1.13151e-06 
1200.94 1.09495e-06 
1200.95 1.05924e-06 
1200.96 1.02438e-06 
1200.97 9.90353e-07 
1200.98 9.56755e-07 
1200.99 9.24401e-07 
1201 8.92865e-07 
1201.01 8.62137e-07 
1201.02 8.32208e-07 
1201.03 8.03069e-07 
1201.04 7.7471e-07 
1201.05 7.4712e-07 
1201.06 7.2029e-07 
1201.07 6.94208e-07 
1201.08 6.68862e-07 
1201.09 6.44242e-07 
1201.1 6.20336e-07 
1201.11 5.97132e-07 
1201.12 5.74617e-07 
1201.13 5.52779e-07 
1201.14 5.31607e-07 
1201.15 5.11087e-07 
1201.16 4.91206e-07 
1201.17 4.71952e-07 
1201.18 4.53313e-07 
1201.19 4.35274e-07 
1201.2 4.17823e-07 
1201.21 4.00948e-07 
1201.22 3.84635e-07 
1201.23 3.68677e-07 
1201.24 3.53456e-07 
1201.25 3.38758e-07 
1201.26 3.24571e-07 
1201.27 3.10881e-07 
1201.28 2.97677e-07 
1201.28 2.84944e-07 
1201.29 2.72672e-07 
1201.3 2.60847e-07 
1201.31 2.49458e-07 
1201.32 2.38492e-07 
1201.33 2.27937e-07 
1201.34 2.17782e-07 
1201.35 2.08014e-07 
1201.36 1.98623e-07 
1201.37 1.89597e-07 
1201.38 1.80925e-07 
1201.39 1.72596e-07 
1201.4 1.646e-07 
1201.41 1.56925e-07 
1201.42 1.49562e-07 
1201.43 1.425e-07 
1201.44 1.35729e-07 
1201.45 1.2924e-07 
1201.46 1.23022e-07 
1201.47 1.17068e-07 
1201.48 1.11298e-07 
1201.49 1.05845e-07 
1201.5 1.00627e-07 
1201.51 9.56378e-08 
1201.52 9.08673e-08 
1201.53 8.6308e-08 
1201.54 8.1952e-08 
1201.55 7.77917e-08 
1201.56 7.38197e-08 
1201.57 7.00288e-08 
1201.58 6.64119e-08 
1201.59 6.29623e-08 
1201.6 5.96733e-08 
1201.61 5.65733e-08 
1201.62 5.35848e-08 
1201.63 5.07384e-08 
1201.64 4.80283e-08 
1201.65 4.54489e-08 
1201.66 4.29946e-08 
1201.67 4.06602e-08 
1201.68 3.84407e-08 
1201.69 3.6331e-08 
1201.7 3.43264e-08 
1201.7 3.24224e-08 
1201.71 3.06145e-08 
1201.72 2.88775e-08 
1201.73 2.72503e-08 
1201.74 2.57067e-08 
1201.75 2.4243e-08 
1201.76 2.28556e-08 
1201.77 2.15409e-08 
1201.78 2.02956e-08 
1201.79 1.91162e-08 
1201.8 1.79999e-08 
1201.81 1.69434e-08 
1201.82 1.5944e-08 
1201.83 1.49989e-08 
1201.84 1.41055e-08 
1201.85 1.32611e-08 
1201.86 1.24635e-08 
1201.87 1.17101e-08 
1201.88 1.09989e-08 
1201.89 1.03277e-08 
1201.9 9.69441e-09 
1201.91 9.09714e-09 
1201.92 8.53402e-09 
1201.93 8.00328e-09 
1201.94 7.50321e-09 
1201.95 7.0322e-09 
1201.96 6.58872e-09 
1201.97 6.17128e-09 
1201.98 5.77374e-09 
1201.99 5.40457e-09 
1202 5.05742e-09 
1202.01 4.73111e-09 
1202.02 4.42448e-09 
1202.03 4.13643e-09 
1202.04 3.86594e-09 
1202.05 3.61202e-09 
1202.06 3.37372e-09 
1202.07 3.15017e-09 
1202.08 2.94052e-09 
1202.09 2.74397e-09 
1202.1 2.55976e-09 
1202.11 2.38718e-09 
1202.12 2.22554e-09 
1202.13 2.0742e-09 
1202.13 1.93256e-09 
1202.14 1.80002e-09 
1202.15 1.67606e-09 
1202.16 1.56015e-09 
1202.17 1.4518e-09 
1202.18 1.35056e-09 
1202.19 1.25599e-09 
1202.2 1.16768e-09 
1202.21 1.08524e-09 
1202.22 1.00741e-09 
1202.23 9.35674e-10 
1202.24 8.68802e-10 
1202.25 8.06458e-10 
1202.26 7.48356e-10 
1202.27 6.94225e-10 
1202.28 6.43809e-10 
1202.29 5.96869e-10 
1202.3 5.5318e-10 
1202.31 5.12529e-10 
1202.32 4.74718e-10 
1202.33 4.39561e-10 
1202.34 4.0688e-10 
1202.35 3.76513e-10 
1202.36 3.48304e-10 
1202.37 3.22108e-10 
1202.38 2.9779e-10 
1202.39 2.75222e-10 
1202.4 2.54286e-10 
1202.41 2.3487e-10 
1202.42 2.16868e-10 
1202.43 2.00184e-10 
1202.44 1.84727e-10 
1202.45 1.7041e-10 
1202.46 1.57154e-10 
1202.47 1.44884e-10 
1202.48 1.33394e-10 
1202.49 1.22902e-10 
1202.5 1.13201e-10 
1202.51 1.04233e-10 
1202.52 9.5945e-11 
1202.53 8.82891e-11 
1202.54 8.12188e-11 
1202.55 7.46915e-11 
1202.56 6.86675e-11 
1202.56 6.31097e-11 
1202.57 5.79838e-11 
1202.58 5.32577e-11 
1202.59 4.89016e-11 
1202.6 4.48878e-11 
1202.61 4.1216e-11 
1202.62 3.78096e-11 
1202.63 3.4674e-11 
1202.64 3.17885e-11 
1202.65 2.91341e-11 
1202.66 2.66931e-11 
1202.67 2.4449e-11 
1202.68 2.23866e-11 
1202.69 2.04918e-11 
1202.7 1.87516e-11 
1202.71 1.71538e-11 
1202.72 1.56873e-11 
1202.73 1.43256e-11 
1202.74 1.30927e-11 
1202.75 1.19622e-11 
1202.76 1.09259e-11 
1202.77 9.97633e-12 
1202.78 9.10643e-12 
1202.79 8.3098e-12 
1202.8 7.58051e-12 
1202.81 6.91307e-12 
1202.82 6.30244e-12 
1202.83 5.74397e-12 
1202.84 5.23335e-12 
1202.85 4.76665e-12 
1202.86 4.34023e-12 
1202.87 3.95072e-12 
1202.88 3.59505e-12 
1202.89 3.27039e-12 
1202.9 2.97412e-12 
1202.91 2.70385e-12 
1202.92 2.45738e-12 
1202.93 2.23268e-12 
1202.94 2.0279e-12 
1202.95 1.84133e-12 
1202.96 1.67141e-12 
1202.97 1.51669e-12 
1202.98 1.37587e-12 
1202.98 1.24622e-12 
1202.99 1.1298e-12 
1203 1.02395e-12 
1203.01 9.27719e-13 
1203.02 8.40275e-13 
1203.03 7.60837e-13 
1203.04 6.88695e-13 
1203.05 6.23199e-13 
1203.06 5.63758e-13 
1203.07 5.09827e-13 
1203.08 4.60913e-13 
1203.09 4.16562e-13 
1203.1 3.76362e-13 
1203.11 3.39936e-13 
1203.12 3.06941e-13 
1203.13 2.77061e-13 
1203.14 2.50013e-13 
1203.15 2.25536e-13 
1203.16 2.03391e-13 
1203.17 1.83364e-13 
1203.18 1.65258e-13 
1203.19 1.48893e-13 
1203.2 1.34107e-13 
1203.21 1.20752e-13 
1203.22 1.08694e-13 
1203.23 9.76796e-14 
1203.24 8.787e-14 
1203.25 7.90211e-14 
1203.26 7.10412e-14 
1203.27 6.38473e-14 
1203.28 5.73641e-14 
1203.29 5.15232e-14 
1203.3 4.62627e-14 
1203.31 4.15264e-14 
1203.32 3.72634e-14 
1203.33 3.34276e-14 
1203.34 2.99774e-14 
1203.35 2.6875e-14 
1203.36 2.40861e-14 
1203.37 2.158e-14 
1203.38 1.93286e-14 
1203.39 1.73067e-14 
1203.4 1.54915e-14 
1203.41 1.38624e-14 
1203.41 1.24008e-14 
1203.42 1.10898e-14 
1203.43 9.91437e-15 
1203.44 8.86076e-15 
1203.45 7.91665e-15 
1203.46 7.07094e-15 
1203.47 6.31362e-15 
1203.48 5.62765e-15 
1203.49 5.02177e-15 
1203.5 4.47973e-15 
1203.51 3.99495e-15 
1203.52 3.56153e-15 
1203.53 3.17415e-15 
1203.54 2.82802e-15 
1203.55 2.51886e-15 
1203.56 2.24279e-15 
1203.57 1.99637e-15 
1203.58 1.77646e-15 
1203.59 1.58029e-15 
1203.6 1.40535e-15 
1203.61 1.25015e-15 
1203.62 1.11106e-15 
1203.63 9.87146e-16 
1203.64 8.76776e-16 
1203.65 7.78505e-16 
1203.66 6.91033e-16 
1203.67 6.13199e-16 
1203.68 5.43963e-16 
1203.69 4.82395e-16 
1203.7 4.27662e-16 
1203.71 3.79022e-16 
1203.72 3.3581e-16 
1203.73 2.9698e-16 
1203.74 2.62957e-16 
1203.75 2.32759e-16 
1203.76 2.05966e-16 
1203.77 1.822e-16 
1203.78 1.61126e-16 
1203.79 1.42445e-16 
1203.8 1.25892e-16 
1203.81 1.11227e-16 
1203.82 9.82401e-17 
1203.83 8.67427e-17 
1203.83 7.6567e-17 
1203.84 6.75641e-17 
1203.85 5.96012e-17 
1203.86 5.25605e-17 
1203.87 4.63372e-17 
1203.88 4.0838e-17 
1203.89 3.59803e-17 
1203.9 3.16905e-17 
1203.91 2.79036e-17 
1203.92 2.45615e-17 
1203.93 2.16131e-17 
1203.94 1.90126e-17 
1203.95 1.67199e-17 
1203.96 1.46991e-17 
1203.97 1.29185e-17 
1203.98 1.13317e-17 
1203.99 9.95277e-18 
1204 8.73895e-18 
1204.01 7.67078e-18 
1204.02 6.73109e-18 
1204.03 5.90467e-18 
1204.04 5.17812e-18 
1204.05 4.53955e-18 
1204.06 3.9785e-18 
1204.07 3.4857e-18 
1204.08 3.053e-18 
1204.09 2.67318e-18 
1204.1 2.33989e-18 
1204.11 2.04752e-18 
1204.12 1.79112e-18 
1204.13 1.56635e-18 
1204.14 1.36935e-18 
1204.15 1.19676e-18 
1204.16 1.0456e-18 
1204.17 9.13249e-19 
1204.18 7.97402e-19 
1204.19 6.96035e-19 
1204.2 6.07365e-19 
1204.21 5.29826e-19 
1204.22 4.62043e-19 
1204.23 4.02116e-19 
1204.24 3.50452e-19 
1204.25 3.05331e-19 
1204.26 2.65937e-19 
1204.26 2.31554e-19 
1204.27 2.01554e-19 
1204.28 1.75386e-19 
1204.29 1.52568e-19 
1204.3 1.32677e-19 
1204.31 1.15344e-19 
1204.32 1.00244e-19 
1204.33 8.70943e-20 
1204.34 7.56457e-20 
1204.35 6.56816e-20 
1204.36 5.70123e-20 
1204.37 4.94719e-20 
1204.38 4.29155e-20 
1204.39 3.72164e-20 
1204.4 3.22641e-20 
1204.41 2.79622e-20 
1204.42 2.42263e-20 
1204.43 2.0983e-20 
1204.44 1.81683e-20 
1204.45 1.57263e-20 
1204.46 1.36082e-20 
1204.47 1.17718e-20 
1204.48 1.01616e-20 
1204.49 8.7848e-21 
1204.5 7.5922e-21 
1204.51 6.55946e-21 
1204.52 5.66545e-21 
1204.53 4.89176e-21 
1204.54 4.22242e-21 
1204.55 3.64353e-21 
1204.56 3.14304e-21 
1204.57 2.71045e-21 
1204.58 2.33667e-21 
1204.59 2.01382e-21 
1204.6 1.73503e-21 
1204.61 1.49438e-21 
1204.62 1.28749e-21 
1204.63 1.10822e-21 
1204.64 9.53618e-22 
1204.65 8.20328e-22 
1204.66 7.0545e-22 
1204.67 6.0647e-22 
1204.68 5.21217e-22 
1204.68 4.47808e-22 
1204.69 3.84619e-22 
1204.7 3.30244e-22 
1204.71 2.83468e-22 
1204.72 2.42777e-22 
1204.73 2.0826e-22 
1204.74 1.78595e-22 
1204.75 1.53108e-22 
1204.76 1.31217e-22 
1204.77 1.12422e-22 
1204.78 9.62883e-23 
1204.79 8.24446e-23 
1204.8 7.05694e-23 
1204.81 6.0386e-23 
1204.82 5.1656e-23 
1204.83 4.41744e-23 
1204.84 3.77646e-23 
1204.85 3.22749e-23 
1204.86 2.75747e-23 
1204.87 2.35516e-23 
1204.88 2.01093e-23 
1204.89 1.71647e-23 
1204.9 1.46468e-23 
1204.91 1.24944e-23 
1204.92 1.06549e-23 
1204.93 9.08348e-24 
1204.94 7.74139e-24 
1204.95 6.59554e-24 
1204.96 5.61756e-24 
1204.97 4.7831e-24 
1204.98 4.06314e-24 
1204.99 3.45742e-24 
1205 2.94109e-24 
1205.01 2.50109e-24 
1205.02 2.12626e-24 
1205.03 1.80704e-24 
1205.04 1.53527e-24 
1205.05 1.30396e-24 
1205.06 1.10717e-24 
1205.07 9.39777e-25 
1205.08 7.97448e-25 
1205.09 6.76464e-25 
1205.1 5.73657e-25 
1205.11 4.86323e-25 
1205.11 4.12158e-25 
1205.12 3.49194e-25 
1205.13 2.95757e-25 
1205.14 2.5042e-25 
1205.15 2.11966e-25 
1205.16 1.79362e-25 
1205.17 1.51726e-25 
1205.18 1.28308e-25 
1205.19 1.08471e-25 
1205.2 9.16723e-26 
1205.21 7.74512e-26 
1205.22 6.52887e-26 
1205.23 5.51168e-26 
1205.24 4.65229e-26 
1205.25 3.92569e-26 
1205.26 3.31154e-26 
1205.27 2.7926e-26 
1205.28 2.35425e-26 
1205.29 1.9841e-26 
1205.3 1.67162e-26 
1205.31 1.40792e-26 
1205.32 1.18545e-26 
1205.33 9.97819e-27 
1205.34 8.39629e-27 
1205.35 7.06298e-27 
1205.36 5.93955e-27 
1205.37 4.99326e-27 
1205.38 4.19643e-27 
1205.39 3.52567e-27 
1205.4 2.9612e-27 
1205.41 2.48633e-27 
1205.42 2.08697e-27 
1205.43 1.75121e-27 
1205.44 1.46901e-27 
1205.45 1.2319e-27 
1205.46 1.03275e-27 
1205.47 8.65519e-28 
1205.48 7.23673e-28 
1205.49 6.06002e-28 
1205.5 5.074e-28 
1205.51 4.24709e-28 
1205.52 3.55384e-28 
1205.53 2.97283e-28 
1205.54 2.48604e-28 
1205.54 2.07831e-28 
1205.55 1.73691e-28 
1205.56 1.45114e-28 
1205.57 1.21201e-28 
1205.58 1.01198e-28 
1205.59 8.44691e-29 
1205.6 7.04841e-29 
1205.61 5.88322e-29 
1205.62 4.90613e-29 
1205.63 4.09004e-29 
1205.64 3.40864e-29 
1205.65 2.83988e-29 
1205.66 2.36529e-29 
1205.67 1.9694e-29 
1205.68 1.63926e-29 
1205.69 1.36404e-29 
1205.7 1.13468e-29 
1205.71 9.43591e-30 
1205.72 7.84439e-30 
1205.73 6.5042e-30 
1205.74 5.40378e-30 
1205.75 4.48815e-30 
1205.76 3.7265e-30 
1205.77 3.09315e-30 
1205.78 2.56664e-30 
1205.79 2.1291e-30 
1205.8 1.76559e-30 
1205.81 1.46369e-30 
1205.82 1.21304e-30 
1205.83 1.005e-30 
1205.84 8.3238e-31 
1205.85 6.89196e-31 
1205.86 5.70464e-31 
1205.87 4.72041e-31 
1205.88 3.90478e-31 
1205.89 3.22907e-31 
1205.9 2.66947e-31 
1205.91 2.20616e-31 
1205.92 1.82269e-31 
1205.93 1.50541e-31 
1205.94 1.24298e-31 
1205.95 1.02597e-31 
1205.96 8.4659e-32 
1205.96 6.98354e-32 
1205.97 5.75896e-32 
1205.98 4.73618e-32 
1205.99 3.90323e-32 
1206 3.21578e-32 
1206.01 2.64858e-32 
1206.02 2.18075e-32 
1206.03 1.79499e-32 
1206.04 1.47702e-32 
1206.05 1.21499e-32 
1206.06 9.9914e-33 
1206.07 8.2138e-33 
1206.08 6.75037e-33 
1206.09 5.54595e-33 
1206.1 4.55501e-33 
1206.11 3.73997e-33 
1206.12 3.06982e-33 
1206.13 2.51896e-33 
1206.14 2.06631e-33 
1206.15 1.69448e-33 
1206.16 1.38912e-33 
1206.17 1.13844e-33 
1206.18 9.32706e-34 
1206.19 7.63914e-34 
1206.2 6.25475e-34 
1206.21 5.11965e-34 
1206.22 4.18925e-34 
1206.23 3.41826e-34 
1206.24 2.79531e-34 
1206.25 2.28518e-34 
1206.26 1.86756e-34 
1206.27 1.52579e-34 
1206.28 1.24617e-34 
1206.29 1.01749e-34 
1206.3 8.30509e-35 
1206.31 6.7768e-35 
1206.32 5.52803e-35 
1206.33 4.50797e-35 
1206.34 3.675e-35 
1206.35 2.99501e-35 
1206.36 2.44008e-35 
1206.37 1.98736e-35 
1206.38 1.61813e-35 
1206.39 1.31709e-35 
1206.39 1.07172e-35 
1206.4 8.71795e-36 
1206.41 7.08944e-36 
1206.42 5.76334e-36 
1206.43 4.68384e-36 
1206.44 3.80535e-36 
1206.45 3.09067e-36 
1206.46 2.50944e-36 
1206.47 2.03688e-36 
1206.48 1.64848e-36 
1206.49 1.33721e-36 
1206.5 1.08438e-36 
1206.51 8.79083e-37 
1206.52 7.1243e-37 
1206.53 5.77192e-37 
1206.54 4.6748e-37 
1206.55 3.78505e-37 
1206.56 3.06369e-37 
1206.57 2.47904e-37 
1206.58 2.00533e-37 
1206.59 1.62164e-37 
1206.6 0 
