#energy geo_1 
1186.6 1.33549e-06 
1186.61 1.33466e-06 
1186.62 1.33383e-06 
1186.63 1.333e-06 
1186.64 1.33218e-06 
1186.65 1.33135e-06 
1186.66 1.33052e-06 
1186.67 1.3297e-06 
1186.68 1.32887e-06 
1186.69 1.32805e-06 
1186.7 1.32722e-06 
1186.71 1.3264e-06 
1186.72 1.32557e-06 
1186.73 1.32475e-06 
1186.74 1.32392e-06 
1186.75 1.3231e-06 
1186.76 1.32228e-06 
1186.77 1.32145e-06 
1186.78 1.32063e-06 
1186.79 1.3198e-06 
1186.8 1.31898e-06 
1186.81 1.31816e-06 
1186.81 1.31733e-06 
1186.82 1.31651e-06 
1186.83 1.31569e-06 
1186.84 1.31486e-06 
1186.85 1.31404e-06 
1186.86 1.31322e-06 
1186.87 1.3124e-06 
1186.88 1.31157e-06 
1186.89 1.31075e-06 
1186.9 1.30993e-06 
1186.91 1.30911e-06 
1186.92 1.30828e-06 
1186.93 1.30746e-06 
1186.94 1.30664e-06 
1186.95 1.30582e-06 
1186.96 1.305e-06 
1186.97 1.30418e-06 
1186.98 1.30335e-06 
1186.99 1.30253e-06 
1187 1.30171e-06 
1187.01 1.30089e-06 
1187.02 1.30007e-06 
1187.03 1.29925e-06 
1187.04 1.29843e-06 
1187.05 1.29761e-06 
1187.06 1.29679e-06 
1187.07 1.29597e-06 
1187.08 1.29514e-06 
1187.09 1.29432e-06 
1187.1 1.2935e-06 
1187.11 1.29268e-06 
1187.12 1.29186e-06 
1187.13 1.29104e-06 
1187.14 1.29022e-06 
1187.15 1.2894e-06 
1187.16 1.28858e-06 
1187.17 1.28776e-06 
1187.18 1.28694e-06 
1187.19 1.28612e-06 
1187.2 1.2853e-06 
1187.21 1.28448e-06 
1187.22 1.28366e-06 
1187.23 1.28284e-06 
1187.24 1.28201e-06 
1187.24 1.28119e-06 
1187.25 1.28037e-06 
1187.26 1.27955e-06 
1187.27 1.27873e-06 
1187.28 1.27791e-06 
1187.29 1.27709e-06 
1187.3 1.27627e-06 
1187.31 1.27545e-06 
1187.32 1.27463e-06 
1187.33 1.27381e-06 
1187.34 1.27298e-06 
1187.35 1.27216e-06 
1187.36 1.27134e-06 
1187.37 1.27052e-06 
1187.38 1.2697e-06 
1187.39 1.26888e-06 
1187.4 1.26806e-06 
1187.41 1.26724e-06 
1187.42 1.26641e-06 
1187.43 1.26559e-06 
1187.44 1.26477e-06 
1187.45 1.26395e-06 
1187.46 1.26312e-06 
1187.47 1.2623e-06 
1187.48 1.26148e-06 
1187.49 1.26066e-06 
1187.5 1.25983e-06 
1187.51 1.25901e-06 
1187.52 1.25819e-06 
1187.53 1.25736e-06 
1187.54 1.25654e-06 
1187.55 1.25572e-06 
1187.56 1.25489e-06 
1187.57 1.25407e-06 
1187.58 1.25325e-06 
1187.59 1.25242e-06 
1187.6 1.2516e-06 
1187.61 1.25155e-06 
1187.62 1.25073e-06 
1187.63 1.2499e-06 
1187.64 1.24907e-06 
1187.65 1.24825e-06 
1187.66 1.24742e-06 
1187.66 1.2466e-06 
1187.67 1.24577e-06 
1187.68 1.24494e-06 
1187.69 1.24411e-06 
1187.7 1.24329e-06 
1187.71 1.24246e-06 
1187.72 1.24163e-06 
1187.73 1.2408e-06 
1187.74 1.23998e-06 
1187.75 1.23914e-06 
1187.76 1.23832e-06 
1187.77 1.23749e-06 
1187.78 1.23666e-06 
1187.79 1.23583e-06 
1187.8 1.235e-06 
1187.81 1.23417e-06 
1187.82 1.23334e-06 
1187.83 1.23251e-06 
1187.84 1.23167e-06 
1187.85 1.23084e-06 
1187.86 1.23001e-06 
1187.87 1.22918e-06 
1187.88 1.22834e-06 
1187.89 1.22751e-06 
1187.9 1.22668e-06 
1187.91 1.22584e-06 
1187.92 1.22501e-06 
1187.93 1.22417e-06 
1187.94 1.22334e-06 
1187.95 1.2225e-06 
1187.96 1.22167e-06 
1187.97 1.22083e-06 
1187.98 1.21999e-06 
1187.99 1.21916e-06 
1188 1.21832e-06 
1188.01 1.21748e-06 
1188.02 1.21664e-06 
1188.03 1.2158e-06 
1188.04 1.21496e-06 
1188.05 1.21412e-06 
1188.06 1.21328e-06 
1188.07 1.21244e-06 
1188.08 1.2116e-06 
1188.09 1.21076e-06 
1188.09 1.20992e-06 
1188.1 1.20908e-06 
1188.11 1.20823e-06 
1188.12 1.20739e-06 
1188.13 1.20654e-06 
1188.14 1.2057e-06 
1188.15 1.20485e-06 
1188.16 1.20401e-06 
1188.17 1.20316e-06 
1188.18 1.20231e-06 
1188.19 1.20147e-06 
1188.2 1.20062e-06 
1188.21 1.19977e-06 
1188.22 1.19892e-06 
1188.23 1.19807e-06 
1188.24 1.19722e-06 
1188.25 1.19637e-06 
1188.26 1.19552e-06 
1188.27 1.19467e-06 
1188.28 1.19381e-06 
1188.29 1.19296e-06 
1188.3 1.19211e-06 
1188.31 1.19125e-06 
1188.32 1.1904e-06 
1188.33 1.18954e-06 
1188.34 1.18868e-06 
1188.35 1.18782e-06 
1188.36 1.18697e-06 
1188.37 1.18611e-06 
1188.38 1.18525e-06 
1188.39 1.18439e-06 
1188.4 1.18353e-06 
1188.41 1.18267e-06 
1188.42 1.1818e-06 
1188.43 1.18094e-06 
1188.44 1.18008e-06 
1188.45 1.17921e-06 
1188.46 1.17835e-06 
1188.47 1.17748e-06 
1188.48 1.17661e-06 
1188.49 1.17575e-06 
1188.5 1.17488e-06 
1188.51 1.17401e-06 
1188.52 1.17314e-06 
1188.52 1.17227e-06 
1188.53 1.1714e-06 
1188.54 1.17052e-06 
1188.55 1.16965e-06 
1188.56 1.16878e-06 
1188.57 1.1679e-06 
1188.58 1.16703e-06 
1188.59 1.16615e-06 
1188.6 1.166e-06 
1188.61 1.16512e-06 
1188.62 1.16424e-06 
1188.63 1.16336e-06 
1188.64 1.16247e-06 
1188.65 1.16159e-06 
1188.66 1.16071e-06 
1188.67 1.15982e-06 
1188.68 1.15894e-06 
1188.69 1.15805e-06 
1188.7 1.15717e-06 
1188.71 1.15628e-06 
1188.72 1.15539e-06 
1188.73 1.1545e-06 
1188.74 1.15361e-06 
1188.75 1.15271e-06 
1188.76 1.15182e-06 
1188.77 1.15093e-06 
1188.78 1.15003e-06 
1188.79 1.14914e-06 
1188.8 1.14824e-06 
1188.81 1.14734e-06 
1188.82 1.14644e-06 
1188.83 1.14554e-06 
1188.84 1.14464e-06 
1188.85 1.14374e-06 
1188.86 1.14283e-06 
1188.87 1.14193e-06 
1188.88 1.14102e-06 
1188.89 1.14011e-06 
1188.9 1.13921e-06 
1188.91 1.1383e-06 
1188.92 1.13739e-06 
1188.93 1.13647e-06 
1188.94 1.13556e-06 
1188.94 1.13465e-06 
1188.95 1.13373e-06 
1188.96 1.13282e-06 
1188.97 1.1319e-06 
1188.98 1.13098e-06 
1188.99 1.13006e-06 
1189 1.12914e-06 
1189.01 1.12822e-06 
1189.02 1.12729e-06 
1189.03 1.12637e-06 
1189.04 1.12544e-06 
1189.05 1.12452e-06 
1189.06 1.12359e-06 
1189.07 1.12266e-06 
1189.08 1.12173e-06 
1189.09 1.12079e-06 
1189.1 1.11986e-06 
1189.11 1.11892e-06 
1189.12 1.11799e-06 
1189.13 1.11705e-06 
1189.14 1.11611e-06 
1189.15 1.11517e-06 
1189.16 1.11423e-06 
1189.17 1.11328e-06 
1189.18 1.11234e-06 
1189.19 1.11139e-06 
1189.2 1.11045e-06 
1189.21 1.1095e-06 
1189.22 1.10855e-06 
1189.23 1.10759e-06 
1189.24 1.10664e-06 
1189.25 1.10569e-06 
1189.26 1.10473e-06 
1189.27 1.10377e-06 
1189.28 1.10281e-06 
1189.29 1.10185e-06 
1189.3 1.10089e-06 
1189.31 1.09993e-06 
1189.32 1.09896e-06 
1189.33 1.098e-06 
1189.34 1.09703e-06 
1189.35 1.09606e-06 
1189.36 1.09509e-06 
1189.36 1.09411e-06 
1189.37 1.09314e-06 
1189.38 1.09216e-06 
1189.39 1.09119e-06 
1189.4 1.09021e-06 
1189.41 1.08923e-06 
1189.42 1.08824e-06 
1189.43 1.08726e-06 
1189.44 1.08627e-06 
1189.45 1.08529e-06 
1189.46 1.0843e-06 
1189.47 1.08331e-06 
1189.48 1.08231e-06 
1189.49 1.08132e-06 
1189.5 1.08032e-06 
1189.51 1.07933e-06 
1189.52 1.07833e-06 
1189.53 1.07733e-06 
1189.54 1.07632e-06 
1189.55 1.07532e-06 
1189.56 1.07431e-06 
1189.57 1.0733e-06 
1189.58 1.07229e-06 
1189.59 1.07128e-06 
1189.6 1.07027e-06 
1189.61 1.06992e-06 
1189.62 1.0689e-06 
1189.63 1.06788e-06 
1189.64 1.06686e-06 
1189.65 1.06584e-06 
1189.66 1.06481e-06 
1189.67 1.06379e-06 
1189.68 1.06276e-06 
1189.69 1.06173e-06 
1189.7 1.06069e-06 
1189.71 1.05966e-06 
1189.72 1.05862e-06 
1189.73 1.05759e-06 
1189.74 1.05654e-06 
1189.75 1.0555e-06 
1189.76 1.05446e-06 
1189.77 1.05341e-06 
1189.78 1.05236e-06 
1189.79 1.05131e-06 
1189.79 1.05026e-06 
1189.8 1.04921e-06 
1189.81 1.04815e-06 
1189.82 1.04709e-06 
1189.83 1.04603e-06 
1189.84 1.04497e-06 
1189.85 1.04391e-06 
1189.86 1.04284e-06 
1189.87 1.04177e-06 
1189.88 1.0407e-06 
1189.89 1.03963e-06 
1189.9 1.03856e-06 
1189.91 1.03748e-06 
1189.92 1.0364e-06 
1189.93 1.03532e-06 
1189.94 1.03424e-06 
1189.95 1.03315e-06 
1189.96 1.03206e-06 
1189.97 1.03098e-06 
1189.98 1.02988e-06 
1189.99 1.02879e-06 
1190 1.02769e-06 
1190.01 1.0266e-06 
1190.02 1.02549e-06 
1190.03 1.02439e-06 
1190.04 1.02329e-06 
1190.05 1.02218e-06 
1190.06 1.02107e-06 
1190.07 1.01996e-06 
1190.08 1.01884e-06 
1190.09 1.01773e-06 
1190.1 1.01661e-06 
1190.11 1.01549e-06 
1190.12 1.01437e-06 
1190.13 1.01324e-06 
1190.14 1.01211e-06 
1190.15 1.01098e-06 
1190.16 1.00985e-06 
1190.17 1.00872e-06 
1190.18 1.00758e-06 
1190.19 1.00644e-06 
1190.2 1.0053e-06 
1190.21 1.00415e-06 
1190.21 1.00301e-06 
1190.22 1.00186e-06 
1190.23 1.00071e-06 
1190.24 9.99552e-07 
1190.25 9.98395e-07 
1190.26 9.97237e-07 
1190.27 9.96076e-07 
1190.28 9.94912e-07 
1190.29 9.93746e-07 
1190.3 9.92577e-07 
1190.31 9.91406e-07 
1190.32 9.90233e-07 
1190.33 9.89056e-07 
1190.34 9.87878e-07 
1190.35 9.86698e-07 
1190.36 9.85514e-07 
1190.37 9.84327e-07 
1190.38 9.83139e-07 
1190.39 9.81947e-07 
1190.4 9.80754e-07 
1190.41 9.79558e-07 
1190.42 9.78359e-07 
1190.43 9.77157e-07 
1190.44 9.75953e-07 
1190.45 9.74746e-07 
1190.46 9.73536e-07 
1190.47 9.72325e-07 
1190.48 9.7111e-07 
1190.49 9.69893e-07 
1190.5 9.68673e-07 
1190.51 9.67451e-07 
1190.52 9.66226e-07 
1190.53 9.64999e-07 
1190.54 9.63768e-07 
1190.55 9.62534e-07 
1190.56 9.61299e-07 
1190.57 9.60061e-07 
1190.58 9.5882e-07 
1190.59 9.57575e-07 
1190.6 9.5633e-07 
1190.61 9.55673e-07 
1190.62 9.5442e-07 
1190.63 9.53164e-07 
1190.64 9.51907e-07 
1190.64 9.50646e-07 
1190.65 9.49382e-07 
1190.66 9.48116e-07 
1190.67 9.46847e-07 
1190.68 9.45575e-07 
1190.69 9.443e-07 
1190.7 9.43022e-07 
1190.71 9.41743e-07 
1190.72 9.4046e-07 
1190.73 9.39174e-07 
1190.74 9.37885e-07 
1190.75 9.36593e-07 
1190.76 9.35299e-07 
1190.77 9.34002e-07 
1190.78 9.32702e-07 
1190.79 9.31399e-07 
1190.8 9.30095e-07 
1190.81 9.28786e-07 
1190.82 9.27474e-07 
1190.83 9.26162e-07 
1190.84 9.24846e-07 
1190.85 9.23525e-07 
1190.86 9.22203e-07 
1190.87 9.20877e-07 
1190.88 9.19551e-07 
1190.89 9.18219e-07 
1190.9 9.16886e-07 
1190.91 9.1555e-07 
1190.92 9.1421e-07 
1190.93 9.12869e-07 
1190.94 9.11524e-07 
1190.95 9.10177e-07 
1190.96 9.08827e-07 
1190.97 9.07474e-07 
1190.98 9.06118e-07 
1190.99 9.04759e-07 
1191 9.03397e-07 
1191.01 9.02034e-07 
1191.02 9.00668e-07 
1191.03 8.99298e-07 
1191.04 8.97926e-07 
1191.05 8.96551e-07 
1191.06 8.95176e-07 
1191.07 8.93794e-07 
1191.07 8.92413e-07 
1191.08 8.91028e-07 
1191.09 8.8964e-07 
1191.1 8.8825e-07 
1191.11 8.86859e-07 
1191.12 8.85465e-07 
1191.13 8.84068e-07 
1191.14 8.82669e-07 
1191.15 8.81268e-07 
1191.16 8.79863e-07 
1191.17 8.78459e-07 
1191.18 8.77052e-07 
1191.19 8.75642e-07 
1191.2 8.7423e-07 
1191.21 8.72818e-07 
1191.22 8.71404e-07 
1191.23 8.69988e-07 
1191.24 8.6857e-07 
1191.25 8.67151e-07 
1191.26 8.65731e-07 
1191.27 8.6431e-07 
1191.28 8.62887e-07 
1191.29 8.61465e-07 
1191.3 8.60041e-07 
1191.31 8.58617e-07 
1191.32 8.57193e-07 
1191.33 8.55768e-07 
1191.34 8.54344e-07 
1191.35 8.52919e-07 
1191.36 8.51496e-07 
1191.37 8.50073e-07 
1191.38 8.48652e-07 
1191.39 8.47231e-07 
1191.4 8.45812e-07 
1191.41 8.44396e-07 
1191.42 8.42982e-07 
1191.43 8.4157e-07 
1191.44 8.40161e-07 
1191.45 8.38755e-07 
1191.46 8.37355e-07 
1191.47 8.35958e-07 
1191.48 8.34567e-07 
1191.49 8.3318e-07 
1191.49 8.318e-07 
1191.5 8.30425e-07 
1191.51 8.29057e-07 
1191.52 8.27697e-07 
1191.53 8.26347e-07 
1191.54 8.25004e-07 
1191.55 8.23672e-07 
1191.56 8.22349e-07 
1191.57 8.21039e-07 
1191.58 8.19741e-07 
1191.59 8.18455e-07 
1191.6 8.17693e-07 
1191.61 8.16436e-07 
1191.62 8.15196e-07 
1191.63 8.13973e-07 
1191.64 8.1277e-07 
1191.65 8.11586e-07 
1191.66 8.10424e-07 
1191.67 8.09285e-07 
1191.68 8.08169e-07 
1191.69 8.0708e-07 
1191.7 8.06017e-07 
1191.71 8.04984e-07 
1191.72 8.03981e-07 
1191.73 8.03019e-07 
1191.74 8.02085e-07 
1191.75 8.01186e-07 
1191.76 8.00327e-07 
1191.77 7.9951e-07 
1191.78 7.98735e-07 
1191.79 7.98006e-07 
1191.8 7.97326e-07 
1191.81 7.96697e-07 
1191.82 7.96123e-07 
1191.83 7.95603e-07 
1191.84 7.95145e-07 
1191.85 7.94749e-07 
1191.86 7.94421e-07 
1191.87 7.94162e-07 
1191.88 7.93976e-07 
1191.89 7.93868e-07 
1191.9 7.93841e-07 
1191.91 7.93898e-07 
1191.92 7.94045e-07 
1191.92 7.94285e-07 
1191.93 7.94625e-07 
1191.94 7.95067e-07 
1191.95 7.95616e-07 
1191.96 7.96278e-07 
1191.97 7.97059e-07 
1191.98 7.97995e-07 
1191.99 7.9903e-07 
1192 8.002e-07 
1192.01 8.0151e-07 
1192.02 8.02969e-07 
1192.03 8.0458e-07 
1192.04 8.06352e-07 
1192.05 8.08292e-07 
1192.06 8.10405e-07 
1192.07 8.12701e-07 
1192.08 8.15185e-07 
1192.09 8.17867e-07 
1192.1 8.20753e-07 
1192.11 8.23853e-07 
1192.12 8.27173e-07 
1192.13 8.30725e-07 
1192.14 8.34515e-07 
1192.15 8.38554e-07 
1192.16 8.4285e-07 
1192.17 8.47414e-07 
1192.18 8.52256e-07 
1192.19 8.57384e-07 
1192.2 8.62811e-07 
1192.21 8.68546e-07 
1192.22 8.746e-07 
1192.23 8.81088e-07 
1192.24 8.87818e-07 
1192.25 8.94902e-07 
1192.26 9.02351e-07 
1192.27 9.10177e-07 
1192.28 9.18392e-07 
1192.29 9.2701e-07 
1192.3 9.36041e-07 
1192.31 9.455e-07 
1192.32 9.554e-07 
1192.33 9.65753e-07 
1192.34 9.76574e-07 
1192.34 9.87875e-07 
1192.35 9.9967e-07 
1192.36 1.01197e-06 
1192.37 1.0248e-06 
1192.38 1.03816e-06 
1192.39 1.05208e-06 
1192.4 1.06656e-06 
1192.41 1.08162e-06 
1192.42 1.09727e-06 
1192.43 1.11354e-06 
1192.44 1.13043e-06 
1192.45 1.14795e-06 
1192.46 1.16614e-06 
1192.47 1.18499e-06 
1192.48 1.20479e-06 
1192.49 1.22503e-06 
1192.5 1.24599e-06 
1192.51 1.26767e-06 
1192.52 1.2901e-06 
1192.53 1.31328e-06 
1192.54 1.33724e-06 
1192.55 1.36198e-06 
1192.56 1.38752e-06 
1192.57 1.41387e-06 
1192.58 1.44105e-06 
1192.59 1.46908e-06 
1192.6 1.49795e-06 
1192.61 1.52864e-06 
1192.62 1.55928e-06 
1192.63 1.59081e-06 
1192.64 1.62324e-06 
1192.65 1.65658e-06 
1192.66 1.69085e-06 
1192.67 1.72606e-06 
1192.68 1.76221e-06 
1192.69 1.79932e-06 
1192.7 1.83738e-06 
1192.71 1.87642e-06 
1192.72 1.91644e-06 
1192.73 1.95798e-06 
1192.74 1.99998e-06 
1192.75 2.04298e-06 
1192.76 2.08698e-06 
1192.77 2.13199e-06 
1192.77 2.178e-06 
1192.78 2.22502e-06 
1192.79 2.27305e-06 
1192.8 2.3221e-06 
1192.81 2.37215e-06 
1192.82 2.42321e-06 
1192.83 2.47529e-06 
1192.84 2.52836e-06 
1192.85 2.58243e-06 
1192.86 2.63749e-06 
1192.87 2.69354e-06 
1192.88 2.75057e-06 
1192.89 2.80857e-06 
1192.9 2.86753e-06 
1192.91 2.92743e-06 
1192.92 2.98827e-06 
1192.93 3.05003e-06 
1192.94 3.11271e-06 
1192.95 3.17627e-06 
1192.96 3.24071e-06 
1192.97 3.30599e-06 
1192.98 3.37298e-06 
1192.99 3.43993e-06 
1193 3.50767e-06 
1193.01 3.57618e-06 
1193.02 3.64543e-06 
1193.03 3.7154e-06 
1193.04 3.78606e-06 
1193.05 3.85738e-06 
1193.06 3.92933e-06 
1193.07 4.00188e-06 
1193.08 4.075e-06 
1193.09 4.14865e-06 
1193.1 4.2228e-06 
1193.11 4.29741e-06 
1193.12 4.37244e-06 
1193.13 4.44786e-06 
1193.14 4.52363e-06 
1193.15 4.5997e-06 
1193.16 4.67603e-06 
1193.17 4.75259e-06 
1193.18 4.82932e-06 
1193.19 4.90619e-06 
1193.19 4.98314e-06 
1193.2 5.06013e-06 
1193.21 5.13712e-06 
1193.22 5.21502e-06 
1193.23 5.29183e-06 
1193.24 5.3685e-06 
1193.25 5.44495e-06 
1193.26 5.52115e-06 
1193.27 5.59703e-06 
1193.28 5.67255e-06 
1193.29 5.74765e-06 
1193.3 5.82228e-06 
1193.31 5.8964e-06 
1193.32 5.96994e-06 
1193.33 6.04284e-06 
1193.34 6.11506e-06 
1193.35 6.18655e-06 
1193.36 6.25723e-06 
1193.37 6.32707e-06 
1193.38 6.39601e-06 
1193.39 6.46399e-06 
1193.4 6.53096e-06 
1193.41 6.59686e-06 
1193.42 6.66166e-06 
1193.43 6.72527e-06 
1193.44 6.78767e-06 
1193.45 6.84879e-06 
1193.46 6.90858e-06 
1193.47 6.96701e-06 
1193.48 7.02472e-06 
1193.49 7.08023e-06 
1193.5 7.13422e-06 
1193.51 7.18663e-06 
1193.52 7.23742e-06 
1193.53 7.28657e-06 
1193.54 7.33401e-06 
1193.55 7.37971e-06 
1193.56 7.42362e-06 
1193.57 7.46571e-06 
1193.58 7.50594e-06 
1193.59 7.54426e-06 
1193.6 7.58065e-06 
1193.61 7.61979e-06 
1193.62 7.65224e-06 
1193.62 7.68267e-06 
1193.63 7.71103e-06 
1193.64 7.7373e-06 
1193.65 7.76147e-06 
1193.66 7.7835e-06 
1193.67 7.80339e-06 
1193.68 7.82109e-06 
1193.69 7.83661e-06 
1193.7 7.84993e-06 
1193.71 7.86102e-06 
1193.72 7.86988e-06 
1193.73 7.87659e-06 
1193.74 7.88095e-06 
1193.75 7.88305e-06 
1193.76 7.8829e-06 
1193.77 7.8805e-06 
1193.78 7.87584e-06 
1193.79 7.86893e-06 
1193.8 7.85977e-06 
1193.81 7.84839e-06 
1193.82 7.83477e-06 
1193.83 7.81893e-06 
1193.84 7.80089e-06 
1193.85 7.78067e-06 
1193.86 7.75827e-06 
1193.87 7.73372e-06 
1193.88 7.70704e-06 
1193.89 7.67825e-06 
1193.9 7.64739e-06 
1193.91 7.61446e-06 
1193.92 7.57951e-06 
1193.93 7.54257e-06 
1193.94 7.50365e-06 
1193.95 7.46282e-06 
1193.96 7.42008e-06 
1193.97 7.37549e-06 
1193.98 7.32849e-06 
1193.99 7.28027e-06 
1194 7.23031e-06 
1194.01 7.17865e-06 
1194.02 7.12534e-06 
1194.03 7.07043e-06 
1194.04 7.01394e-06 
1194.05 6.95594e-06 
1194.05 6.89647e-06 
1194.06 6.83558e-06 
1194.07 6.77332e-06 
1194.08 6.70975e-06 
1194.09 6.6449e-06 
1194.1 6.57885e-06 
1194.11 6.51162e-06 
1194.12 6.44328e-06 
1194.13 6.37389e-06 
1194.14 6.30348e-06 
1194.15 6.23213e-06 
1194.16 6.15989e-06 
1194.17 6.0868e-06 
1194.18 6.01293e-06 
1194.19 5.93832e-06 
1194.2 5.86304e-06 
1194.21 5.78712e-06 
1194.22 5.71065e-06 
1194.23 5.6327e-06 
1194.24 5.55524e-06 
1194.25 5.47737e-06 
1194.26 5.39915e-06 
1194.27 5.32063e-06 
1194.28 5.24186e-06 
1194.29 5.16289e-06 
1194.3 5.08377e-06 
1194.31 5.00455e-06 
1194.32 4.92528e-06 
1194.33 4.84602e-06 
1194.34 4.7668e-06 
1194.35 4.68767e-06 
1194.36 4.60869e-06 
1194.37 4.5299e-06 
1194.38 4.45133e-06 
1194.39 4.37304e-06 
1194.4 4.29506e-06 
1194.41 4.21743e-06 
1194.42 4.14021e-06 
1194.43 4.06341e-06 
1194.44 3.98709e-06 
1194.45 3.91128e-06 
1194.46 3.836e-06 
1194.47 3.76131e-06 
1194.47 3.68631e-06 
1194.48 3.61287e-06 
1194.49 3.5401e-06 
1194.5 3.46804e-06 
1194.51 3.3967e-06 
1194.52 3.32611e-06 
1194.53 3.25631e-06 
1194.54 3.1873e-06 
1194.55 3.11912e-06 
1194.56 3.05179e-06 
1194.57 2.98532e-06 
1194.58 2.91974e-06 
1194.59 2.85506e-06 
1194.6 2.7913e-06 
1194.61 2.73016e-06 
1194.62 2.66825e-06 
1194.63 2.60729e-06 
1194.64 2.5473e-06 
1194.65 2.48829e-06 
1194.66 2.43028e-06 
1194.67 2.37327e-06 
1194.68 2.31725e-06 
1194.69 2.26225e-06 
1194.7 2.20827e-06 
1194.71 2.15531e-06 
1194.72 2.10337e-06 
1194.73 2.05182e-06 
1194.74 2.00194e-06 
1194.75 1.95309e-06 
1194.76 1.90525e-06 
1194.77 1.85844e-06 
1194.78 1.81265e-06 
1194.79 1.76787e-06 
1194.8 1.7241e-06 
1194.81 1.68133e-06 
1194.82 1.63957e-06 
1194.83 1.59879e-06 
1194.84 1.559e-06 
1194.85 1.52019e-06 
1194.86 1.48235e-06 
1194.87 1.44546e-06 
1194.88 1.40953e-06 
1194.89 1.37453e-06 
1194.9 1.34046e-06 
1194.9 1.30731e-06 
1194.91 1.27507e-06 
1194.92 1.24372e-06 
1194.93 1.21325e-06 
1194.94 1.18365e-06 
1194.95 1.1549e-06 
1194.96 1.127e-06 
1194.97 1.09992e-06 
1194.98 1.07335e-06 
1194.99 1.0479e-06 
1195 1.02324e-06 
1195.01 9.99354e-07 
1195.02 9.76223e-07 
1195.03 9.53836e-07 
1195.04 9.32178e-07 
1195.05 9.11233e-07 
1195.06 8.90987e-07 
1195.07 8.71424e-07 
1195.08 8.52531e-07 
1195.09 8.34292e-07 
1195.1 8.16692e-07 
1195.11 7.99716e-07 
1195.12 7.8335e-07 
1195.13 7.67578e-07 
1195.14 7.52386e-07 
1195.15 7.37759e-07 
1195.16 7.23684e-07 
1195.17 7.10144e-07 
1195.18 6.97127e-07 
1195.19 6.84618e-07 
1195.2 6.72604e-07 
1195.21 6.61069e-07 
1195.22 6.50002e-07 
1195.23 6.39263e-07 
1195.24 6.29094e-07 
1195.25 6.19353e-07 
1195.26 6.10025e-07 
1195.27 6.01099e-07 
1195.28 5.92563e-07 
1195.29 5.84402e-07 
1195.3 5.76607e-07 
1195.31 5.69165e-07 
1195.32 5.62065e-07 
1195.32 5.55296e-07 
1195.33 5.48845e-07 
1195.34 5.42703e-07 
1195.35 5.3686e-07 
1195.36 5.31303e-07 
1195.37 5.26026e-07 
1195.38 5.21015e-07 
1195.39 5.16263e-07 
1195.4 5.11761e-07 
1195.41 5.07498e-07 
1195.42 5.03467e-07 
1195.43 4.99658e-07 
1195.44 4.96064e-07 
1195.45 4.92675e-07 
1195.46 4.89486e-07 
1195.47 4.86487e-07 
1195.48 4.83644e-07 
1195.49 4.81007e-07 
1195.5 4.7854e-07 
1195.51 4.76236e-07 
1195.52 4.74089e-07 
1195.53 4.72092e-07 
1195.54 4.70239e-07 
1195.55 4.68525e-07 
1195.56 4.66944e-07 
1195.57 4.65492e-07 
1195.58 4.64161e-07 
1195.59 4.62949e-07 
1195.6 4.61851e-07 
1195.61 4.61146e-07 
1195.62 4.60261e-07 
1195.63 4.59476e-07 
1195.64 4.58788e-07 
1195.65 4.58193e-07 
1195.66 4.57689e-07 
1195.67 4.5727e-07 
1195.68 4.56934e-07 
1195.69 4.5668e-07 
1195.7 4.56502e-07 
1195.71 4.564e-07 
1195.72 4.5637e-07 
1195.73 4.56417e-07 
1195.74 4.56527e-07 
1195.75 4.56702e-07 
1195.75 4.56942e-07 
1195.76 4.57245e-07 
1195.77 4.57608e-07 
1195.78 4.58032e-07 
1195.79 4.58513e-07 
1195.8 4.59052e-07 
1195.81 4.59647e-07 
1195.82 4.60297e-07 
1195.83 4.61001e-07 
1195.84 4.6176e-07 
1195.85 4.62571e-07 
1195.86 4.63435e-07 
1195.87 4.64351e-07 
1195.88 4.6532e-07 
1195.89 4.66339e-07 
1195.9 4.67411e-07 
1195.91 4.68533e-07 
1195.92 4.69708e-07 
1195.93 4.70933e-07 
1195.94 4.72212e-07 
1195.95 4.73541e-07 
1195.96 4.74923e-07 
1195.97 4.76358e-07 
1195.98 4.77869e-07 
1195.99 4.79411e-07 
1196 4.81007e-07 
1196.01 4.82656e-07 
1196.02 4.84361e-07 
1196.03 4.8612e-07 
1196.04 4.87936e-07 
1196.05 4.89808e-07 
1196.06 4.91738e-07 
1196.07 4.93724e-07 
1196.08 4.9577e-07 
1196.09 4.97875e-07 
1196.1 5.00039e-07 
1196.11 5.02262e-07 
1196.12 5.04547e-07 
1196.13 5.06893e-07 
1196.14 5.09301e-07 
1196.15 5.11771e-07 
1196.16 5.14304e-07 
1196.17 5.169e-07 
1196.17 5.1956e-07 
1196.18 5.22284e-07 
1196.19 5.25072e-07 
1196.2 5.27925e-07 
1196.21 5.30842e-07 
1196.22 5.33869e-07 
1196.23 5.36917e-07 
1196.24 5.4003e-07 
1196.25 5.43209e-07 
1196.26 5.46452e-07 
1196.27 5.4976e-07 
1196.28 5.53132e-07 
1196.29 5.56569e-07 
1196.3 5.60069e-07 
1196.31 5.63632e-07 
1196.32 5.67258e-07 
1196.33 5.70946e-07 
1196.34 5.74694e-07 
1196.35 5.78503e-07 
1196.36 5.82371e-07 
1196.37 5.86296e-07 
1196.38 5.90278e-07 
1196.39 5.94316e-07 
1196.4 5.98408e-07 
1196.41 6.02553e-07 
1196.42 6.06749e-07 
1196.43 6.10994e-07 
1196.44 6.15286e-07 
1196.45 6.19623e-07 
1196.46 6.24005e-07 
1196.47 6.28427e-07 
1196.48 6.32951e-07 
1196.49 6.3745e-07 
1196.5 6.41982e-07 
1196.51 6.46547e-07 
1196.52 6.51141e-07 
1196.53 6.5576e-07 
1196.54 6.60403e-07 
1196.55 6.65067e-07 
1196.56 6.69747e-07 
1196.57 6.74442e-07 
1196.58 6.79148e-07 
1196.59 6.83861e-07 
1196.6 6.88579e-07 
1196.6 6.93726e-07 
1196.61 6.98444e-07 
1196.62 7.03156e-07 
1196.63 7.07858e-07 
1196.64 7.12545e-07 
1196.65 7.17215e-07 
1196.66 7.21864e-07 
1196.67 7.26487e-07 
1196.68 7.3108e-07 
1196.69 7.3564e-07 
1196.7 7.40162e-07 
1196.71 7.44642e-07 
1196.72 7.49076e-07 
1196.73 7.53522e-07 
1196.74 7.57851e-07 
1196.75 7.62122e-07 
1196.76 7.66331e-07 
1196.77 7.70472e-07 
1196.78 7.74542e-07 
1196.79 7.78537e-07 
1196.8 7.82454e-07 
1196.81 7.86287e-07 
1196.82 7.90032e-07 
1196.83 7.93686e-07 
1196.84 7.97245e-07 
1196.85 8.00704e-07 
1196.86 8.0406e-07 
1196.87 8.07308e-07 
1196.88 8.10446e-07 
1196.89 8.13469e-07 
1196.9 8.16373e-07 
1196.91 8.19156e-07 
1196.92 8.21814e-07 
1196.93 8.24342e-07 
1196.94 8.26739e-07 
1196.95 8.29001e-07 
1196.96 8.31124e-07 
1196.97 8.33106e-07 
1196.98 8.34974e-07 
1196.99 8.36664e-07 
1197 8.38205e-07 
1197.01 8.39595e-07 
1197.02 8.40829e-07 
1197.03 8.41909e-07 
1197.03 8.42829e-07 
1197.04 8.4359e-07 
1197.05 8.44189e-07 
1197.06 8.44624e-07 
1197.07 8.44895e-07 
1197.08 8.45e-07 
1197.09 8.44937e-07 
1197.1 8.44706e-07 
1197.11 8.44306e-07 
1197.12 8.43736e-07 
1197.13 8.42997e-07 
1197.14 8.42086e-07 
1197.15 8.41006e-07 
1197.16 8.39755e-07 
1197.17 8.38334e-07 
1197.18 8.36742e-07 
1197.19 8.34981e-07 
1197.2 8.33051e-07 
1197.21 8.30954e-07 
1197.22 8.28689e-07 
1197.23 8.26235e-07 
1197.24 8.23638e-07 
1197.25 8.20879e-07 
1197.26 8.17958e-07 
1197.27 8.14877e-07 
1197.28 8.11638e-07 
1197.29 8.08243e-07 
1197.3 8.04697e-07 
1197.31 8.00999e-07 
1197.32 7.97153e-07 
1197.33 7.9316e-07 
1197.34 7.89023e-07 
1197.35 7.84748e-07 
1197.36 7.80334e-07 
1197.37 7.75787e-07 
1197.38 7.71107e-07 
1197.39 7.66302e-07 
1197.4 7.61371e-07 
1197.41 7.56319e-07 
1197.42 7.51151e-07 
1197.43 7.45868e-07 
1197.44 7.40476e-07 
1197.45 7.34978e-07 
1197.45 7.29376e-07 
1197.46 7.23678e-07 
1197.47 7.17885e-07 
1197.48 7.11936e-07 
1197.49 7.05966e-07 
1197.5 6.99914e-07 
1197.51 6.93784e-07 
1197.52 6.8758e-07 
1197.53 6.81307e-07 
1197.54 6.7497e-07 
1197.55 6.68571e-07 
1197.56 6.62116e-07 
1197.57 6.55609e-07 
1197.58 6.49053e-07 
1197.59 6.42453e-07 
1197.6 6.35813e-07 
1197.61 6.29527e-07 
1197.62 6.22817e-07 
1197.63 6.16079e-07 
1197.64 6.09318e-07 
1197.65 6.02537e-07 
1197.66 5.95742e-07 
1197.67 5.88936e-07 
1197.68 5.82122e-07 
1197.69 5.75306e-07 
1197.7 5.68489e-07 
1197.71 5.61677e-07 
1197.72 5.54872e-07 
1197.73 5.48002e-07 
1197.74 5.41224e-07 
1197.75 5.34464e-07 
1197.76 5.27726e-07 
1197.77 5.21013e-07 
1197.78 5.14328e-07 
1197.79 5.07674e-07 
1197.8 5.01055e-07 
1197.81 4.94472e-07 
1197.82 4.8793e-07 
1197.83 4.81431e-07 
1197.84 4.74977e-07 
1197.85 4.68571e-07 
1197.86 4.62214e-07 
1197.87 4.55911e-07 
1197.88 4.49662e-07 
1197.88 4.43471e-07 
1197.89 4.37339e-07 
1197.9 4.31267e-07 
1197.91 4.25258e-07 
1197.92 4.19314e-07 
1197.93 4.13437e-07 
1197.94 4.07626e-07 
1197.95 4.01885e-07 
1197.96 3.96215e-07 
1197.97 3.90616e-07 
1197.98 3.8503e-07 
1197.99 3.79579e-07 
1198 3.74203e-07 
1198.01 3.68903e-07 
1198.02 3.6368e-07 
1198.03 3.58534e-07 
1198.04 3.53466e-07 
1198.05 3.48477e-07 
1198.06 3.43566e-07 
1198.07 3.38735e-07 
1198.08 3.33984e-07 
1198.09 3.29313e-07 
1198.1 3.24721e-07 
1198.11 3.2021e-07 
1198.12 3.15779e-07 
1198.13 3.11428e-07 
1198.14 3.07157e-07 
1198.15 3.02967e-07 
1198.16 2.98856e-07 
1198.17 2.94825e-07 
1198.18 2.90873e-07 
1198.19 2.87e-07 
1198.2 2.83206e-07 
1198.21 2.7949e-07 
1198.22 2.75852e-07 
1198.23 2.72255e-07 
1198.24 2.68772e-07 
1198.25 2.65366e-07 
1198.26 2.62035e-07 
1198.27 2.58779e-07 
1198.28 2.55598e-07 
1198.29 2.52491e-07 
1198.3 2.49457e-07 
1198.3 2.46497e-07 
1198.31 2.43609e-07 
1198.32 2.40793e-07 
1198.33 2.38048e-07 
1198.34 2.35374e-07 
1198.35 2.3277e-07 
1198.36 2.30237e-07 
1198.37 2.27772e-07 
1198.38 2.25376e-07 
1198.39 2.23049e-07 
1198.4 2.2079e-07 
1198.41 2.18598e-07 
1198.42 2.16474e-07 
1198.43 2.14417e-07 
1198.44 2.12428e-07 
1198.45 2.10505e-07 
1198.46 2.08649e-07 
1198.47 2.0686e-07 
1198.48 2.05126e-07 
1198.49 2.03472e-07 
1198.5 2.01885e-07 
1198.51 2.00366e-07 
1198.52 1.98914e-07 
1198.53 1.97531e-07 
1198.54 1.96218e-07 
1198.55 1.94973e-07 
1198.56 1.93799e-07 
1198.57 1.92697e-07 
1198.58 1.91667e-07 
1198.59 1.90709e-07 
1198.6 1.89827e-07 
1198.61 1.89137e-07 
1198.62 1.88407e-07 
1198.63 1.87757e-07 
1198.64 1.87187e-07 
1198.65 1.867e-07 
1198.66 1.86297e-07 
1198.67 1.85981e-07 
1198.68 1.85754e-07 
1198.69 1.85618e-07 
1198.7 1.85577e-07 
1198.71 1.85632e-07 
1198.72 1.85788e-07 
1198.73 1.8606e-07 
1198.73 1.86426e-07 
1198.74 1.86902e-07 
1198.75 1.87491e-07 
1198.76 1.88198e-07 
1198.77 1.89026e-07 
1198.78 1.8998e-07 
1198.79 1.91064e-07 
1198.8 1.92282e-07 
1198.81 1.9364e-07 
1198.82 1.95143e-07 
1198.83 1.96795e-07 
1198.84 1.98603e-07 
1198.85 2.00572e-07 
1198.86 2.02708e-07 
1198.87 2.05016e-07 
1198.88 2.07504e-07 
1198.89 2.10178e-07 
1198.9 2.13045e-07 
1198.91 2.16111e-07 
1198.92 2.19384e-07 
1198.93 2.22871e-07 
1198.94 2.2658e-07 
1198.95 2.30519e-07 
1198.96 2.34696e-07 
1198.97 2.39119e-07 
1198.98 2.43867e-07 
1198.99 2.48811e-07 
1199 2.54028e-07 
1199.01 2.59527e-07 
1199.02 2.65317e-07 
1199.03 2.71407e-07 
1199.04 2.77807e-07 
1199.05 2.84527e-07 
1199.06 2.91578e-07 
1199.07 2.98969e-07 
1199.08 3.06711e-07 
1199.09 3.14815e-07 
1199.1 3.2329e-07 
1199.11 3.32148e-07 
1199.12 3.41401e-07 
1199.13 3.51059e-07 
1199.14 3.61133e-07 
1199.15 3.71635e-07 
1199.15 3.82575e-07 
1199.16 3.93966e-07 
1199.17 4.05819e-07 
1199.18 4.18145e-07 
1199.19 4.30956e-07 
1199.2 4.44262e-07 
1199.21 4.58077e-07 
1199.22 4.72608e-07 
1199.23 4.87475e-07 
1199.24 5.02889e-07 
1199.25 5.18855e-07 
1199.26 5.35386e-07 
1199.27 5.52493e-07 
1199.28 5.70184e-07 
1199.29 5.88472e-07 
1199.3 6.07368e-07 
1199.31 6.26881e-07 
1199.32 6.4702e-07 
1199.33 6.67796e-07 
1199.34 6.89218e-07 
1199.35 7.11296e-07 
1199.36 7.34037e-07 
1199.37 7.57448e-07 
1199.38 7.8154e-07 
1199.39 8.06319e-07 
1199.4 8.31788e-07 
1199.41 8.5796e-07 
1199.42 8.84837e-07 
1199.43 9.12425e-07 
1199.44 9.40728e-07 
1199.45 9.69751e-07 
1199.46 9.99494e-07 
1199.47 1.02997e-06 
1199.48 1.06157e-06 
1199.49 1.09351e-06 
1199.5 1.12617e-06 
1199.51 1.15957e-06 
1199.52 1.19369e-06 
1199.53 1.22854e-06 
1199.54 1.26411e-06 
1199.55 1.3004e-06 
1199.56 1.33741e-06 
1199.57 1.37513e-06 
1199.58 1.41355e-06 
1199.58 1.45267e-06 
1199.59 1.49247e-06 
1199.6 1.53295e-06 
1199.61 1.57508e-06 
1199.62 1.61691e-06 
1199.63 1.65939e-06 
1199.64 1.70249e-06 
1199.65 1.74622e-06 
1199.66 1.79055e-06 
1199.67 1.83546e-06 
1199.68 1.88093e-06 
1199.69 1.92696e-06 
1199.7 1.97351e-06 
1199.71 2.02056e-06 
1199.72 2.0681e-06 
1199.73 2.11672e-06 
1199.74 2.16516e-06 
1199.75 2.21402e-06 
1199.76 2.26326e-06 
1199.77 2.31285e-06 
1199.78 2.36278e-06 
1199.79 2.413e-06 
1199.8 2.4635e-06 
1199.81 2.51422e-06 
1199.82 2.56516e-06 
1199.83 2.61626e-06 
1199.84 2.6675e-06 
1199.85 2.71885e-06 
1199.86 2.77026e-06 
1199.87 2.8217e-06 
1199.88 2.87313e-06 
1199.89 2.92451e-06 
1199.9 2.97581e-06 
1199.91 3.02699e-06 
1199.92 3.07801e-06 
1199.93 3.12882e-06 
1199.94 3.17938e-06 
1199.95 3.22966e-06 
1199.96 3.27961e-06 
1199.97 3.32919e-06 
1199.98 3.37898e-06 
1199.99 3.42768e-06 
1200 3.47589e-06 
1200.01 3.52357e-06 
1200.01 3.57065e-06 
1200.02 3.61711e-06 
1200.03 3.6629e-06 
1200.04 3.70798e-06 
1200.05 3.7523e-06 
1200.06 3.79584e-06 
1200.07 3.83853e-06 
1200.08 3.88036e-06 
1200.09 3.92125e-06 
1200.1 3.9612e-06 
1200.11 4.00014e-06 
1200.12 4.03805e-06 
1200.13 4.07489e-06 
1200.14 4.11062e-06 
1200.15 4.14519e-06 
1200.16 4.17859e-06 
1200.17 4.21077e-06 
1200.18 4.24169e-06 
1200.19 4.27134e-06 
1200.2 4.29968e-06 
1200.21 4.32666e-06 
1200.22 4.35228e-06 
1200.23 4.3768e-06 
1200.24 4.39957e-06 
1200.25 4.42089e-06 
1200.26 4.44075e-06 
1200.27 4.4591e-06 
1200.28 4.47595e-06 
1200.29 4.49125e-06 
1200.3 4.50501e-06 
1200.31 4.5172e-06 
1200.32 4.52782e-06 
1200.33 4.53684e-06 
1200.34 4.54426e-06 
1200.35 4.55008e-06 
1200.36 4.55427e-06 
1200.37 4.55685e-06 
1200.38 4.5578e-06 
1200.39 4.55712e-06 
1200.4 4.55482e-06 
1200.41 4.55089e-06 
1200.42 4.54534e-06 
1200.43 4.53818e-06 
1200.43 4.52941e-06 
1200.44 4.51904e-06 
1200.45 4.50709e-06 
1200.46 4.49356e-06 
1200.47 4.47846e-06 
1200.48 4.46161e-06 
1200.49 4.44343e-06 
1200.5 4.42373e-06 
1200.51 4.40255e-06 
1200.52 4.3799e-06 
1200.53 4.3558e-06 
1200.54 4.33028e-06 
1200.55 4.30338e-06 
1200.56 4.2751e-06 
1200.57 4.2455e-06 
1200.58 4.21458e-06 
1200.59 4.1824e-06 
1200.6 4.14897e-06 
1200.61 4.11687e-06 
1200.62 4.08103e-06 
1200.63 4.04406e-06 
1200.64 4.00598e-06 
1200.65 3.96685e-06 
1200.66 3.92668e-06 
1200.67 3.88553e-06 
1200.68 3.84343e-06 
1200.69 3.80042e-06 
1200.7 3.75654e-06 
1200.71 3.71184e-06 
1200.72 3.66635e-06 
1200.73 3.61954e-06 
1200.74 3.57261e-06 
1200.75 3.52501e-06 
1200.76 3.4768e-06 
1200.77 3.42802e-06 
1200.78 3.37871e-06 
1200.79 3.32891e-06 
1200.8 3.27867e-06 
1200.81 3.22803e-06 
1200.82 3.17702e-06 
1200.83 3.12571e-06 
1200.84 3.07411e-06 
1200.85 3.02228e-06 
1200.85 2.97026e-06 
1200.86 2.91809e-06 
1200.87 2.8658e-06 
1200.88 2.81343e-06 
1200.89 2.76103e-06 
1200.9 2.70863e-06 
1200.91 2.65628e-06 
1200.92 2.60399e-06 
1200.93 2.55183e-06 
1200.94 2.4998e-06 
1200.95 2.44796e-06 
1200.96 2.39633e-06 
1200.97 2.34494e-06 
1200.98 2.2932e-06 
1200.99 2.24241e-06 
1201 2.19195e-06 
1201.01 2.14185e-06 
1201.02 2.09215e-06 
1201.03 2.04287e-06 
1201.04 1.99403e-06 
1201.05 1.94566e-06 
1201.06 1.89778e-06 
1201.07 1.85041e-06 
1201.08 1.80358e-06 
1201.09 1.7573e-06 
1201.1 1.71159e-06 
1201.11 1.66647e-06 
1201.12 1.62195e-06 
1201.13 1.57806e-06 
1201.14 1.53481e-06 
1201.15 1.4922e-06 
1201.16 1.45025e-06 
1201.17 1.40898e-06 
1201.18 1.36839e-06 
1201.19 1.32848e-06 
1201.2 1.28928e-06 
1201.21 1.25079e-06 
1201.22 1.21301e-06 
1201.23 1.17549e-06 
1201.24 1.13916e-06 
1201.25 1.10355e-06 
1201.26 1.06867e-06 
1201.27 1.03452e-06 
1201.28 1.00111e-06 
1201.28 9.68422e-07 
1201.29 9.36466e-07 
1201.3 9.05239e-07 
1201.31 8.74739e-07 
1201.32 8.44963e-07 
1201.33 8.15906e-07 
1201.34 7.87565e-07 
1201.35 7.59934e-07 
1201.36 7.3301e-07 
1201.37 7.06785e-07 
1201.38 6.81253e-07 
1201.39 6.56407e-07 
1201.4 6.32241e-07 
1201.41 6.08744e-07 
1201.42 5.8591e-07 
1201.43 5.6373e-07 
1201.44 5.42194e-07 
1201.45 5.21292e-07 
1201.46 5.01017e-07 
1201.47 4.81357e-07 
1201.48 4.62068e-07 
1201.49 4.43614e-07 
1201.5 4.25745e-07 
1201.51 4.08448e-07 
1201.52 3.91714e-07 
1201.53 3.75529e-07 
1201.54 3.59884e-07 
1201.55 3.44766e-07 
1201.56 3.30165e-07 
1201.57 3.16068e-07 
1201.58 3.02464e-07 
1201.59 2.89342e-07 
1201.6 2.7669e-07 
1201.61 2.64658e-07 
1201.62 2.52902e-07 
1201.63 2.41582e-07 
1201.64 2.30686e-07 
1201.65 2.20202e-07 
1201.66 2.10118e-07 
1201.67 2.00424e-07 
1201.68 1.91109e-07 
1201.69 1.82161e-07 
1201.7 1.73569e-07 
1201.7 1.65323e-07 
1201.71 1.57413e-07 
1201.72 1.49734e-07 
1201.73 1.42466e-07 
1201.74 1.35502e-07 
1201.75 1.28832e-07 
1201.76 1.22446e-07 
1201.77 1.16335e-07 
1201.78 1.10489e-07 
1201.79 1.04899e-07 
1201.8 9.95564e-08 
1201.81 9.44516e-08 
1201.82 8.95764e-08 
1201.83 8.49221e-08 
1201.84 8.04807e-08 
1201.85 7.62443e-08 
1201.86 7.22048e-08 
1201.87 6.83546e-08 
1201.88 6.46866e-08 
1201.89 6.11933e-08 
1201.9 5.78678e-08 
1201.91 5.47034e-08 
1201.92 5.16934e-08 
1201.93 4.88314e-08 
1201.94 4.61113e-08 
1201.95 4.3527e-08 
1201.96 4.10728e-08 
1201.97 3.8743e-08 
1201.98 3.65053e-08 
1201.99 3.44097e-08 
1202 3.24227e-08 
1202.01 3.05395e-08 
1202.02 2.87552e-08 
1202.03 2.70655e-08 
1202.04 2.54659e-08 
1202.05 2.39522e-08 
1202.06 2.25204e-08 
1202.07 2.11665e-08 
1202.08 1.98869e-08 
1202.09 1.86779e-08 
1202.1 1.75361e-08 
1202.11 1.64582e-08 
1202.12 1.5441e-08 
1202.13 1.44814e-08 
1202.13 1.35766e-08 
1202.14 1.27237e-08 
1202.15 1.19201e-08 
1202.16 1.11633e-08 
1202.17 1.04507e-08 
1202.18 9.78008e-09 
1202.19 9.14923e-09 
1202.2 8.55598e-09 
1202.21 7.99832e-09 
1202.22 7.46816e-09 
1202.23 6.97616e-09 
1202.24 6.51441e-09 
1202.25 6.08102e-09 
1202.26 5.67442e-09 
1202.27 5.29311e-09 
1202.28 4.93564e-09 
1202.29 4.60066e-09 
1202.3 4.28687e-09 
1202.31 3.99304e-09 
1202.32 3.71801e-09 
1202.33 3.46069e-09 
1202.34 3.22001e-09 
1202.35 2.99499e-09 
1202.36 2.78469e-09 
1202.37 2.58823e-09 
1202.38 2.40476e-09 
1202.39 2.2335e-09 
1202.4 2.07368e-09 
1202.41 1.92461e-09 
1202.42 1.78561e-09 
1202.43 1.65605e-09 
1202.44 1.53534e-09 
1202.45 1.42292e-09 
1202.46 1.31825e-09 
1202.47 1.22085e-09 
1202.48 1.12914e-09 
1202.49 1.04495e-09 
1202.5 9.66689e-10 
1202.51 8.93968e-10 
1202.52 8.26419e-10 
1202.53 7.637e-10 
1202.54 7.05487e-10 
1202.55 6.51476e-10 
1202.56 6.01384e-10 
1202.56 5.54943e-10 
1202.57 5.11905e-10 
1202.58 4.72034e-10 
1202.59 4.35113e-10 
1202.6 4.00935e-10 
1202.61 3.69535e-10 
1202.62 3.40263e-10 
1202.63 3.13197e-10 
1202.64 2.8818e-10 
1202.65 2.65066e-10 
1202.66 2.43718e-10 
1202.67 2.24009e-10 
1202.68 2.05819e-10 
1202.69 1.89038e-10 
1202.7 1.73563e-10 
1202.71 1.59298e-10 
1202.72 1.46152e-10 
1202.73 1.33898e-10 
1202.74 1.2276e-10 
1202.75 1.12507e-10 
1202.76 1.03074e-10 
1202.77 9.43975e-11 
1202.78 8.64204e-11 
1202.79 7.90889e-11 
1202.8 7.23533e-11 
1202.81 6.61675e-11 
1202.82 6.04888e-11 
1202.83 5.52776e-11 
1202.84 5.04971e-11 
1202.85 4.61135e-11 
1202.86 4.20952e-11 
1202.87 3.84132e-11 
1202.88 3.50407e-11 
1202.89 3.19528e-11 
1202.9 2.91265e-11 
1202.91 2.65407e-11 
1202.92 2.41757e-11 
1202.93 2.20135e-11 
1202.94 2.00375e-11 
1202.95 1.82323e-11 
1202.96 1.65837e-11 
1202.97 1.50788e-11 
1202.98 1.37056e-11 
1202.98 1.24379e-11 
1202.99 1.1297e-11 
1203 1.0257e-11 
1203.01 9.30939e-12 
1203.02 8.4463e-12 
1203.03 7.66046e-12 
1203.04 6.94525e-12 
1203.05 6.29454e-12 
1203.06 5.70274e-12 
1203.07 5.16472e-12 
1203.08 4.67578e-12 
1203.09 4.2316e-12 
1203.1 3.82824e-12 
1203.11 3.46208e-12 
1203.12 3.12982e-12 
1203.13 2.82842e-12 
1203.14 2.55513e-12 
1203.15 2.30741e-12 
1203.16 2.08297e-12 
1203.17 1.87967e-12 
1203.18 1.69561e-12 
1203.19 1.52902e-12 
1203.2 1.3783e-12 
1203.21 1.24199e-12 
1203.22 1.11876e-12 
1203.23 1.00607e-12 
1203.24 9.05592e-13 
1203.25 8.14854e-13 
1203.26 7.32944e-13 
1203.27 6.5903e-13 
1203.28 5.92357e-13 
1203.29 5.32238e-13 
1203.3 4.78048e-13 
1203.31 4.2922e-13 
1203.32 3.85242e-13 
1203.33 3.45645e-13 
1203.34 3.10006e-13 
1203.35 2.77942e-13 
1203.36 2.49105e-13 
1203.37 2.23179e-13 
1203.38 1.99879e-13 
1203.39 1.78948e-13 
1203.4 1.6015e-13 
1203.41 1.43276e-13 
1203.41 1.28134e-13 
1203.42 1.1455e-13 
1203.43 1.0237e-13 
1203.44 9.14521e-14 
1203.45 8.16691e-14 
1203.46 7.29064e-14 
1203.47 6.50605e-14 
1203.48 5.79551e-14 
1203.49 5.16806e-14 
1203.5 4.6069e-14 
1203.51 4.10518e-14 
1203.52 3.65679e-14 
1203.53 3.2562e-14 
1203.54 2.89846e-14 
1203.55 2.57908e-14 
1203.56 2.29408e-14 
1203.57 2.03983e-14 
1203.58 1.81311e-14 
1203.59 1.611e-14 
1203.6 1.43091e-14 
1203.61 1.27128e-14 
1203.62 1.12835e-14 
1203.63 1.00114e-14 
1203.64 8.87944e-15 
1203.65 7.87264e-15 
1203.66 6.97749e-15 
1203.67 6.1819e-15 
1203.68 5.47505e-15 
1203.69 4.84728e-15 
1203.7 4.28995e-15 
1203.71 3.79533e-15 
1203.72 3.35652e-15 
1203.73 2.96282e-15 
1203.74 2.61837e-15 
1203.75 2.31313e-15 
1203.76 2.04275e-15 
1203.77 1.80331e-15 
1203.78 1.59137e-15 
1203.79 1.40384e-15 
1203.8 1.23796e-15 
1203.81 1.09128e-15 
1203.82 9.6164e-16 
1203.83 8.47094e-16 
1203.83 7.45923e-16 
1203.84 6.56599e-16 
1203.85 5.77764e-16 
1203.86 5.08212e-16 
1203.87 4.46871e-16 
1203.88 3.92792e-16 
1203.89 3.45134e-16 
1203.9 3.03149e-16 
1203.91 2.66176e-16 
1203.92 2.33627e-16 
1203.93 2.04986e-16 
1203.94 1.7979e-16 
1203.95 1.57635e-16 
1203.96 1.3816e-16 
1203.97 1.21048e-16 
1203.98 1.05841e-16 
1203.99 9.26645e-17 
1204 8.10991e-17 
1204.01 7.09517e-17 
1204.02 6.20516e-17 
1204.03 5.42484e-17 
1204.04 4.74094e-17 
1204.05 4.14177e-17 
1204.06 3.61702e-17 
1204.07 3.15762e-17 
1204.08 2.75557e-17 
1204.09 2.40385e-17 
1204.1 2.09627e-17 
1204.11 1.82739e-17 
1204.12 1.59242e-17 
1204.13 1.38716e-17 
1204.14 1.20793e-17 
1204.15 1.05148e-17 
1204.16 9.14958e-18 
1204.17 7.95877e-18 
1204.18 6.92046e-18 
1204.19 6.01544e-18 
1204.2 5.22689e-18 
1204.21 4.54008e-18 
1204.22 3.94209e-18 
1204.23 3.41558e-18 
1204.24 2.96355e-18 
1204.25 2.57043e-18 
1204.26 2.22865e-18 
1204.26 1.93162e-18 
1204.27 1.67357e-18 
1204.28 1.44948e-18 
1204.29 1.25494e-18 
1204.3 1.08612e-18 
1204.31 9.39668e-19 
1204.32 8.12674e-19 
1204.33 7.02589e-19 
1204.34 6.07198e-19 
1204.35 5.24569e-19 
1204.36 4.53022e-19 
1204.37 3.91092e-19 
1204.38 3.37507e-19 
1204.39 2.91159e-19 
1204.4 2.51085e-19 
1204.41 2.16449e-19 
1204.42 1.86523e-19 
1204.43 1.60678e-19 
1204.44 1.38363e-19 
1204.45 1.19105e-19 
1204.46 1.0249e-19 
1204.47 8.81616e-20 
1204.48 7.56657e-20 
1204.49 6.50401e-20 
1204.5 5.58864e-20 
1204.51 4.80038e-20 
1204.52 4.12181e-20 
1204.53 3.53789e-20 
1204.54 3.0356e-20 
1204.55 2.60369e-20 
1204.56 2.23242e-20 
1204.57 1.91341e-20 
1204.58 1.63939e-20 
1204.59 1.40411e-20 
1204.6 1.20216e-20 
1204.61 1.02889e-20 
1204.62 8.80814e-21 
1204.63 7.53316e-21 
1204.64 6.44041e-21 
1204.65 5.5042e-21 
1204.66 4.70238e-21 
1204.67 4.01593e-21 
1204.68 3.42844e-21 
1204.68 2.92585e-21 
1204.69 2.49603e-21 
1204.7 2.12859e-21 
1204.71 1.81459e-21 
1204.72 1.54326e-21 
1204.73 1.31465e-21 
1204.74 1.1195e-21 
1204.75 9.52979e-22 
1204.76 8.10935e-22 
1204.77 6.89813e-22 
1204.78 5.86572e-22 
1204.79 4.98602e-22 
1204.8 4.23673e-22 
1204.81 3.59875e-22 
1204.82 3.05574e-22 
1204.83 2.59372e-22 
1204.84 2.20077e-22 
1204.85 1.86668e-22 
1204.86 1.58274e-22 
1204.87 1.3415e-22 
1204.88 1.13663e-22 
1204.89 9.62692e-23 
1204.9 8.15081e-23 
1204.91 6.89855e-23 
1204.92 5.83658e-23 
1204.93 4.93631e-23 
1204.94 4.17341e-23 
1204.95 3.52714e-23 
1204.96 2.97987e-23 
1204.97 2.51661e-23 
1204.98 2.12011e-23 
1204.99 1.78922e-23 
1205 1.50942e-23 
1205.01 1.27293e-23 
1205.02 1.0731e-23 
1205.03 9.0431e-24 
1205.04 7.61798e-24 
1205.05 6.41514e-24 
1205.06 5.40028e-24 
1205.07 4.54433e-24 
1205.08 3.82267e-24 
1205.09 3.21446e-24 
1205.1 2.70204e-24 
1205.11 2.27049e-24 
1205.11 1.90718e-24 
1205.12 1.60143e-24 
1205.13 1.34421e-24 
1205.14 1.1279e-24 
1205.15 9.46054e-25 
1205.16 7.93243e-25 
1205.17 6.64875e-25 
1205.18 5.5708e-25 
1205.19 4.66593e-25 
1205.2 3.90664e-25 
1205.21 3.26973e-25 
1205.22 2.73008e-25 
1205.23 2.28291e-25 
1205.24 1.90865e-25 
1205.25 1.59517e-25 
1205.26 1.3327e-25 
1205.27 1.11301e-25 
1205.28 9.29205e-26 
1205.29 7.75474e-26 
1205.3 6.46944e-26 
1205.31 5.39523e-26 
1205.32 4.49776e-26 
1205.33 3.74823e-26 
1205.34 3.12249e-26 
1205.35 2.60027e-26 
1205.36 2.16461e-26 
1205.37 1.80129e-26 
1205.38 1.49842e-26 
1205.39 1.24602e-26 
1205.4 1.03576e-26 
1205.41 8.60677e-27 
1205.42 7.1493e-27 
1205.43 5.9365e-27 
1205.44 4.92766e-27 
1205.45 4.08879e-27 
1205.46 3.39151e-27 
1205.47 2.81212e-27 
1205.48 2.32589e-27 
1205.49 1.92675e-27 
1205.5 1.59587e-27 
1205.51 1.32133e-27 
1205.52 1.09363e-27 
1205.53 9.04837e-28 
1205.54 7.48368e-28 
1205.54 6.18734e-28 
1205.55 5.11371e-28 
1205.56 4.22486e-28 
1205.57 3.48925e-28 
1205.58 2.88068e-28 
1205.59 2.3774e-28 
1205.6 1.96134e-28 
1205.61 1.6185e-28 
1205.62 1.33429e-28 
1205.63 1.0996e-28 
1205.64 9.05855e-29 
1205.65 7.4598e-29 
1205.66 6.14101e-29 
1205.67 5.05355e-29 
1205.68 4.15715e-29 
1205.69 3.41853e-29 
1205.7 2.81013e-29 
1205.71 2.30918e-29 
1205.72 1.89685e-29 
1205.73 1.55374e-29 
1205.74 1.27538e-29 
1205.75 1.04651e-29 
1205.76 8.58401e-30 
1205.77 7.03852e-30 
1205.78 5.7692e-30 
1205.79 4.72709e-30 
1205.8 3.87182e-30 
1205.81 3.17016e-30 
1205.82 2.59472e-30 
1205.83 2.12297e-30 
1205.84 1.73636e-30 
1205.85 1.41964e-30 
1205.86 1.16028e-30 
1205.87 9.47961e-31 
1205.88 7.74215e-31 
1205.89 6.32086e-31 
1205.9 5.15863e-31 
1205.91 4.20859e-31 
1205.92 3.43228e-31 
1205.93 2.79815e-31 
1205.94 2.28036e-31 
1205.95 1.85772e-31 
1205.96 1.51287e-31 
1205.96 1.23159e-31 
1205.97 1.00224e-31 
1205.98 8.13209e-32 
1205.99 6.61295e-32 
1206 5.37566e-32 
1206.01 4.3683e-32 
1206.02 3.54843e-32 
1206.03 2.8814e-32 
1206.04 2.33892e-32 
1206.05 1.89788e-32 
1206.06 1.53946e-32 
1206.07 1.24827e-32 
1206.08 1.0118e-32 
1206.09 8.19833e-33 
1206.1 6.64047e-33 
1206.11 5.37669e-33 
1206.12 4.35187e-33 
1206.13 3.52111e-33 
1206.14 2.84792e-33 
1206.15 2.3026e-33 
1206.16 1.86103e-33 
1206.17 1.5036e-33 
1206.18 1.21438e-33 
1206.19 9.8044e-34 
1206.2 7.91281e-34 
1206.21 6.38387e-34 
1206.22 5.1485e-34 
1206.23 4.13953e-34 
1206.24 3.33606e-34 
1206.25 2.68757e-34 
1206.26 2.16436e-34 
1206.27 1.74238e-34 
1206.28 1.40217e-34 
1206.29 1.12798e-34 
1206.3 9.07077e-35 
1206.31 7.29175e-35 
1206.32 5.85954e-35 
1206.33 4.70694e-35 
1206.34 3.7797e-35 
1206.35 3.03403e-35 
1206.36 2.43459e-35 
1206.37 1.95288e-35 
1206.38 1.56592e-35 
1206.39 1.25518e-35 
1206.39 1.00574e-35 
1206.4 8.05585e-36 
1206.41 6.45029e-36 
1206.42 5.16287e-36 
1206.43 4.13091e-36 
1206.44 3.30404e-36 
1206.45 2.64172e-36 
1206.46 2.11141e-36 
1206.47 1.68695e-36 
1206.48 1.34355e-36 
1206.49 1.07268e-36 
1206.5 8.56106e-37 
1206.51 6.83014e-37 
1206.52 5.44722e-37 
1206.53 4.34274e-37 
1206.54 3.46096e-37 
1206.55 2.75723e-37 
1206.56 2.1958e-37 
1206.57 1.74806e-37 
1206.58 1.39112e-37 
1206.59 1.10666e-37 
1206.6 0 
