#energy geo_1 
1186.6 8.90159e-07 
1186.61 8.89626e-07 
1186.62 8.89095e-07 
1186.63 8.88562e-07 
1186.64 8.88031e-07 
1186.65 8.875e-07 
1186.66 8.86969e-07 
1186.67 8.86438e-07 
1186.68 8.85908e-07 
1186.69 8.85377e-07 
1186.7 8.84847e-07 
1186.71 8.84316e-07 
1186.72 8.83787e-07 
1186.73 8.83258e-07 
1186.74 8.82728e-07 
1186.75 8.82199e-07 
1186.76 8.81671e-07 
1186.77 8.81143e-07 
1186.78 8.80614e-07 
1186.79 8.80086e-07 
1186.8 8.79558e-07 
1186.81 8.7903e-07 
1186.81 8.78503e-07 
1186.82 8.77975e-07 
1186.83 8.77449e-07 
1186.84 8.76922e-07 
1186.85 8.76396e-07 
1186.86 8.75869e-07 
1186.87 8.75342e-07 
1186.88 8.74817e-07 
1186.89 8.74292e-07 
1186.9 8.73766e-07 
1186.91 8.7324e-07 
1186.92 8.72717e-07 
1186.93 8.72192e-07 
1186.94 8.71668e-07 
1186.95 8.71142e-07 
1186.96 8.70618e-07 
1186.97 8.70094e-07 
1186.98 8.6957e-07 
1186.99 8.69048e-07 
1187 8.68524e-07 
1187.01 8.68001e-07 
1187.02 8.67478e-07 
1187.03 8.66956e-07 
1187.04 8.66435e-07 
1187.05 8.6591e-07 
1187.06 8.65389e-07 
1187.07 8.64868e-07 
1187.08 8.64346e-07 
1187.09 8.63825e-07 
1187.1 8.63304e-07 
1187.11 8.62783e-07 
1187.12 8.62263e-07 
1187.13 8.61742e-07 
1187.14 8.61222e-07 
1187.15 8.60701e-07 
1187.16 8.60183e-07 
1187.17 8.59664e-07 
1187.18 8.59144e-07 
1187.19 8.58625e-07 
1187.2 8.58106e-07 
1187.21 8.57587e-07 
1187.22 8.57069e-07 
1187.23 8.56551e-07 
1187.24 8.56034e-07 
1187.24 8.55515e-07 
1187.25 8.54998e-07 
1187.26 8.54482e-07 
1187.27 8.53964e-07 
1187.28 8.53447e-07 
1187.29 8.52931e-07 
1187.3 8.52415e-07 
1187.31 8.51899e-07 
1187.32 8.51382e-07 
1187.33 8.50868e-07 
1187.34 8.50352e-07 
1187.35 8.49837e-07 
1187.36 8.49322e-07 
1187.37 8.48807e-07 
1187.38 8.48292e-07 
1187.39 8.47777e-07 
1187.4 8.47264e-07 
1187.41 8.4675e-07 
1187.42 8.46237e-07 
1187.43 8.45723e-07 
1187.44 8.45212e-07 
1187.45 8.44698e-07 
1187.46 8.44185e-07 
1187.47 8.43672e-07 
1187.48 8.4316e-07 
1187.49 8.42647e-07 
1187.5 8.42136e-07 
1187.51 8.41624e-07 
1187.52 8.41114e-07 
1187.53 8.40603e-07 
1187.54 8.40092e-07 
1187.55 8.3958e-07 
1187.56 8.3907e-07 
1187.57 8.3856e-07 
1187.58 8.3805e-07 
1187.59 8.3754e-07 
1187.6 8.37031e-07 
1187.61 8.37042e-07 
1187.62 8.36534e-07 
1187.63 8.36024e-07 
1187.64 8.35516e-07 
1187.65 8.35005e-07 
1187.66 8.34499e-07 
1187.66 8.3399e-07 
1187.67 8.33482e-07 
1187.68 8.32974e-07 
1187.69 8.32467e-07 
1187.7 8.31959e-07 
1187.71 8.31452e-07 
1187.72 8.30945e-07 
1187.73 8.30439e-07 
1187.74 8.29933e-07 
1187.75 8.29426e-07 
1187.76 8.2892e-07 
1187.77 8.28414e-07 
1187.78 8.27909e-07 
1187.79 8.27404e-07 
1187.8 8.26898e-07 
1187.81 8.26393e-07 
1187.82 8.25889e-07 
1187.83 8.25385e-07 
1187.84 8.2488e-07 
1187.85 8.24376e-07 
1187.86 8.23874e-07 
1187.87 8.23369e-07 
1187.88 8.22866e-07 
1187.89 8.22363e-07 
1187.9 8.21861e-07 
1187.91 8.21358e-07 
1187.92 8.20855e-07 
1187.93 8.20353e-07 
1187.94 8.19852e-07 
1187.95 8.1935e-07 
1187.96 8.18848e-07 
1187.97 8.18347e-07 
1187.98 8.17847e-07 
1187.99 8.17346e-07 
1188 8.16846e-07 
1188.01 8.16346e-07 
1188.02 8.15845e-07 
1188.03 8.15346e-07 
1188.04 8.14846e-07 
1188.05 8.14346e-07 
1188.06 8.13847e-07 
1188.07 8.13348e-07 
1188.08 8.1285e-07 
1188.09 8.12351e-07 
1188.09 8.11853e-07 
1188.1 8.11356e-07 
1188.11 8.10858e-07 
1188.12 8.10359e-07 
1188.13 8.09864e-07 
1188.14 8.09366e-07 
1188.15 8.08869e-07 
1188.16 8.08373e-07 
1188.17 8.07876e-07 
1188.18 8.0738e-07 
1188.19 8.06885e-07 
1188.2 8.0639e-07 
1188.21 8.05894e-07 
1188.22 8.05397e-07 
1188.23 8.04903e-07 
1188.24 8.04409e-07 
1188.25 8.03915e-07 
1188.26 8.0342e-07 
1188.27 8.02926e-07 
1188.28 8.02431e-07 
1188.29 8.01939e-07 
1188.3 8.01445e-07 
1188.31 8.00952e-07 
1188.32 8.0046e-07 
1188.33 7.99966e-07 
1188.34 7.99474e-07 
1188.35 7.98982e-07 
1188.36 7.9849e-07 
1188.37 7.97998e-07 
1188.38 7.97507e-07 
1188.39 7.97016e-07 
1188.4 7.96524e-07 
1188.41 7.96033e-07 
1188.42 7.95543e-07 
1188.43 7.95053e-07 
1188.44 7.94563e-07 
1188.45 7.94073e-07 
1188.46 7.93582e-07 
1188.47 7.93094e-07 
1188.48 7.92605e-07 
1188.49 7.92116e-07 
1188.5 7.91628e-07 
1188.51 7.91139e-07 
1188.52 7.90651e-07 
1188.52 7.90162e-07 
1188.53 7.89676e-07 
1188.54 7.89187e-07 
1188.55 7.887e-07 
1188.56 7.88214e-07 
1188.57 7.87726e-07 
1188.58 7.8724e-07 
1188.59 7.86753e-07 
1188.6 7.86758e-07 
1188.61 7.86271e-07 
1188.62 7.85785e-07 
1188.63 7.85299e-07 
1188.64 7.84814e-07 
1188.65 7.84328e-07 
1188.66 7.83844e-07 
1188.67 7.8336e-07 
1188.68 7.82874e-07 
1188.69 7.82389e-07 
1188.7 7.81905e-07 
1188.71 7.81423e-07 
1188.72 7.80938e-07 
1188.73 7.80456e-07 
1188.74 7.79972e-07 
1188.75 7.79489e-07 
1188.76 7.79006e-07 
1188.77 7.78524e-07 
1188.78 7.78042e-07 
1188.79 7.7756e-07 
1188.8 7.77079e-07 
1188.81 7.76596e-07 
1188.82 7.76116e-07 
1188.83 7.75634e-07 
1188.84 7.75153e-07 
1188.85 7.74673e-07 
1188.86 7.74193e-07 
1188.87 7.73713e-07 
1188.88 7.73233e-07 
1188.89 7.72752e-07 
1188.9 7.72273e-07 
1188.91 7.71794e-07 
1188.92 7.71315e-07 
1188.93 7.70837e-07 
1188.94 7.70359e-07 
1188.94 7.6988e-07 
1188.95 7.69403e-07 
1188.96 7.68925e-07 
1188.97 7.68446e-07 
1188.98 7.67969e-07 
1188.99 7.67493e-07 
1189 7.67016e-07 
1189.01 7.66539e-07 
1189.02 7.66063e-07 
1189.03 7.65587e-07 
1189.04 7.65111e-07 
1189.05 7.64635e-07 
1189.06 7.6416e-07 
1189.07 7.63684e-07 
1189.08 7.6321e-07 
1189.09 7.62735e-07 
1189.1 7.6226e-07 
1189.11 7.61785e-07 
1189.12 7.61313e-07 
1189.13 7.60837e-07 
1189.14 7.60364e-07 
1189.15 7.59892e-07 
1189.16 7.59419e-07 
1189.17 7.58944e-07 
1189.18 7.58473e-07 
1189.19 7.58001e-07 
1189.2 7.57528e-07 
1189.21 7.57056e-07 
1189.22 7.56585e-07 
1189.23 7.56113e-07 
1189.24 7.55643e-07 
1189.25 7.5517e-07 
1189.26 7.54699e-07 
1189.27 7.54229e-07 
1189.28 7.53759e-07 
1189.29 7.53289e-07 
1189.3 7.5282e-07 
1189.31 7.5235e-07 
1189.32 7.51881e-07 
1189.33 7.51411e-07 
1189.34 7.50943e-07 
1189.35 7.50474e-07 
1189.36 7.50006e-07 
1189.36 7.49537e-07 
1189.37 7.49069e-07 
1189.38 7.48601e-07 
1189.39 7.48134e-07 
1189.4 7.47667e-07 
1189.41 7.472e-07 
1189.42 7.46732e-07 
1189.43 7.46267e-07 
1189.44 7.458e-07 
1189.45 7.45333e-07 
1189.46 7.44869e-07 
1189.47 7.44403e-07 
1189.48 7.43938e-07 
1189.49 7.43472e-07 
1189.5 7.43007e-07 
1189.51 7.42543e-07 
1189.52 7.42078e-07 
1189.53 7.41613e-07 
1189.54 7.4115e-07 
1189.55 7.40686e-07 
1189.56 7.40223e-07 
1189.57 7.39759e-07 
1189.58 7.39297e-07 
1189.59 7.38833e-07 
1189.6 7.38371e-07 
1189.61 7.38367e-07 
1189.62 7.37906e-07 
1189.63 7.37444e-07 
1189.64 7.36981e-07 
1189.65 7.3652e-07 
1189.66 7.36059e-07 
1189.67 7.35597e-07 
1189.68 7.35136e-07 
1189.69 7.34675e-07 
1189.7 7.34214e-07 
1189.71 7.33754e-07 
1189.72 7.33294e-07 
1189.73 7.32835e-07 
1189.74 7.32375e-07 
1189.75 7.31915e-07 
1189.76 7.31455e-07 
1189.77 7.30996e-07 
1189.78 7.30539e-07 
1189.79 7.3008e-07 
1189.79 7.29621e-07 
1189.8 7.29163e-07 
1189.81 7.28705e-07 
1189.82 7.28248e-07 
1189.83 7.2779e-07 
1189.84 7.27333e-07 
1189.85 7.26877e-07 
1189.86 7.2642e-07 
1189.87 7.25964e-07 
1189.88 7.25508e-07 
1189.89 7.25051e-07 
1189.9 7.24594e-07 
1189.91 7.2414e-07 
1189.92 7.23685e-07 
1189.93 7.23229e-07 
1189.94 7.22774e-07 
1189.95 7.2232e-07 
1189.96 7.21865e-07 
1189.97 7.21411e-07 
1189.98 7.20957e-07 
1189.99 7.20504e-07 
1190 7.2005e-07 
1190.01 7.19597e-07 
1190.02 7.19143e-07 
1190.03 7.18691e-07 
1190.04 7.18239e-07 
1190.05 7.17786e-07 
1190.06 7.17334e-07 
1190.07 7.16882e-07 
1190.08 7.1643e-07 
1190.09 7.15978e-07 
1190.1 7.15528e-07 
1190.11 7.15077e-07 
1190.12 7.14626e-07 
1190.13 7.14175e-07 
1190.14 7.13725e-07 
1190.15 7.13274e-07 
1190.16 7.12825e-07 
1190.17 7.12376e-07 
1190.18 7.11926e-07 
1190.19 7.11476e-07 
1190.2 7.11027e-07 
1190.21 7.10579e-07 
1190.21 7.1013e-07 
1190.22 7.09682e-07 
1190.23 7.09234e-07 
1190.24 7.08785e-07 
1190.25 7.08338e-07 
1190.26 7.07891e-07 
1190.27 7.07442e-07 
1190.28 7.06996e-07 
1190.29 7.06549e-07 
1190.3 7.06103e-07 
1190.31 7.05655e-07 
1190.32 7.0521e-07 
1190.33 7.04764e-07 
1190.34 7.04317e-07 
1190.35 7.03873e-07 
1190.36 7.03428e-07 
1190.37 7.02982e-07 
1190.38 7.02537e-07 
1190.39 7.02093e-07 
1190.4 7.01649e-07 
1190.41 7.01204e-07 
1190.42 7.0076e-07 
1190.43 7.00317e-07 
1190.44 6.99873e-07 
1190.45 6.9943e-07 
1190.46 6.98987e-07 
1190.47 6.98543e-07 
1190.48 6.98101e-07 
1190.49 6.97658e-07 
1190.5 6.97217e-07 
1190.51 6.96774e-07 
1190.52 6.96331e-07 
1190.53 6.95889e-07 
1190.54 6.95449e-07 
1190.55 6.95008e-07 
1190.56 6.94566e-07 
1190.57 6.94126e-07 
1190.58 6.93685e-07 
1190.59 6.93245e-07 
1190.6 6.92804e-07 
1190.61 6.92795e-07 
1190.62 6.92355e-07 
1190.63 6.91914e-07 
1190.64 6.91475e-07 
1190.64 6.91036e-07 
1190.65 6.90597e-07 
1190.66 6.90158e-07 
1190.67 6.89719e-07 
1190.68 6.8928e-07 
1190.69 6.88842e-07 
1190.7 6.88403e-07 
1190.71 6.87965e-07 
1190.72 6.87528e-07 
1190.73 6.8709e-07 
1190.74 6.86653e-07 
1190.75 6.86216e-07 
1190.76 6.85778e-07 
1190.77 6.85342e-07 
1190.78 6.84906e-07 
1190.79 6.84469e-07 
1190.8 6.84033e-07 
1190.81 6.83597e-07 
1190.82 6.83161e-07 
1190.83 6.82727e-07 
1190.84 6.82289e-07 
1190.85 6.81855e-07 
1190.86 6.8142e-07 
1190.87 6.80985e-07 
1190.88 6.80551e-07 
1190.89 6.80117e-07 
1190.9 6.79681e-07 
1190.91 6.79248e-07 
1190.92 6.78815e-07 
1190.93 6.78381e-07 
1190.94 6.77947e-07 
1190.95 6.77514e-07 
1190.96 6.7708e-07 
1190.97 6.76648e-07 
1190.98 6.76215e-07 
1190.99 6.75782e-07 
1191 6.7535e-07 
1191.01 6.74918e-07 
1191.02 6.74486e-07 
1191.03 6.74054e-07 
1191.04 6.73623e-07 
1191.05 6.73191e-07 
1191.06 6.7276e-07 
1191.07 6.72329e-07 
1191.07 6.71898e-07 
1191.08 6.71467e-07 
1191.09 6.71037e-07 
1191.1 6.70607e-07 
1191.11 6.70177e-07 
1191.12 6.69746e-07 
1191.13 6.69317e-07 
1191.14 6.68887e-07 
1191.15 6.68459e-07 
1191.16 6.68029e-07 
1191.17 6.676e-07 
1191.18 6.6717e-07 
1191.19 6.66742e-07 
1191.2 6.66314e-07 
1191.21 6.65885e-07 
1191.22 6.65457e-07 
1191.23 6.65029e-07 
1191.24 6.64602e-07 
1191.25 6.64174e-07 
1191.26 6.63746e-07 
1191.27 6.63319e-07 
1191.28 6.62892e-07 
1191.29 6.62465e-07 
1191.3 6.62038e-07 
1191.31 6.61612e-07 
1191.32 6.61185e-07 
1191.33 6.60758e-07 
1191.34 6.60332e-07 
1191.35 6.59906e-07 
1191.36 6.5948e-07 
1191.37 6.59056e-07 
1191.38 6.58629e-07 
1191.39 6.58205e-07 
1191.4 6.57779e-07 
1191.41 6.57354e-07 
1191.42 6.56929e-07 
1191.43 6.56504e-07 
1191.44 6.5608e-07 
1191.45 6.55656e-07 
1191.46 6.55231e-07 
1191.47 6.54806e-07 
1191.48 6.54383e-07 
1191.49 6.53959e-07 
1191.49 6.53536e-07 
1191.5 6.53111e-07 
1191.51 6.52689e-07 
1191.52 6.52266e-07 
1191.53 6.51843e-07 
1191.54 6.51419e-07 
1191.55 6.50997e-07 
1191.56 6.50574e-07 
1191.57 6.50152e-07 
1191.58 6.49729e-07 
1191.59 6.49307e-07 
1191.6 6.4929e-07 
1191.61 6.48867e-07 
1191.62 6.48445e-07 
1191.63 6.48023e-07 
1191.64 6.47601e-07 
1191.65 6.47179e-07 
1191.66 6.46758e-07 
1191.67 6.46337e-07 
1191.68 6.45916e-07 
1191.69 6.45495e-07 
1191.7 6.45073e-07 
1191.71 6.44652e-07 
1191.72 6.44232e-07 
1191.73 6.43811e-07 
1191.74 6.43391e-07 
1191.75 6.42971e-07 
1191.76 6.4255e-07 
1191.77 6.42131e-07 
1191.78 6.4171e-07 
1191.79 6.41291e-07 
1191.8 6.40871e-07 
1191.81 6.40452e-07 
1191.82 6.40031e-07 
1191.83 6.39612e-07 
1191.84 6.39193e-07 
1191.85 6.38774e-07 
1191.86 6.38355e-07 
1191.87 6.37936e-07 
1191.88 6.37517e-07 
1191.89 6.37099e-07 
1191.9 6.36681e-07 
1191.91 6.36261e-07 
1191.92 6.35842e-07 
1191.92 6.35425e-07 
1191.93 6.35007e-07 
1191.94 6.34588e-07 
1191.95 6.3417e-07 
1191.96 6.33752e-07 
1191.97 6.33335e-07 
1191.98 6.32917e-07 
1191.99 6.325e-07 
1192 6.32082e-07 
1192.01 6.31666e-07 
1192.02 6.31248e-07 
1192.03 6.30831e-07 
1192.04 6.30413e-07 
1192.05 6.29996e-07 
1192.06 6.2958e-07 
1192.07 6.29162e-07 
1192.08 6.28746e-07 
1192.09 6.28329e-07 
1192.1 6.27911e-07 
1192.11 6.27496e-07 
1192.12 6.27079e-07 
1192.13 6.26663e-07 
1192.14 6.26247e-07 
1192.15 6.2583e-07 
1192.16 6.25414e-07 
1192.17 6.24998e-07 
1192.18 6.24581e-07 
1192.19 6.24166e-07 
1192.2 6.2375e-07 
1192.21 6.23335e-07 
1192.22 6.22919e-07 
1192.23 6.22504e-07 
1192.24 6.22087e-07 
1192.25 6.21673e-07 
1192.26 6.21256e-07 
1192.27 6.2084e-07 
1192.28 6.20426e-07 
1192.29 6.20009e-07 
1192.3 6.19595e-07 
1192.31 6.1918e-07 
1192.32 6.18764e-07 
1192.33 6.18349e-07 
1192.34 6.17934e-07 
1192.34 6.17519e-07 
1192.35 6.17104e-07 
1192.36 6.16689e-07 
1192.37 6.16273e-07 
1192.38 6.15859e-07 
1192.39 6.15444e-07 
1192.4 6.1503e-07 
1192.41 6.14614e-07 
1192.42 6.142e-07 
1192.43 6.13785e-07 
1192.44 6.1337e-07 
1192.45 6.12956e-07 
1192.46 6.1254e-07 
1192.47 6.12126e-07 
1192.48 6.11711e-07 
1192.49 6.11297e-07 
1192.5 6.10882e-07 
1192.51 6.10467e-07 
1192.52 6.10053e-07 
1192.53 6.09639e-07 
1192.54 6.09224e-07 
1192.55 6.08809e-07 
1192.56 6.08395e-07 
1192.57 6.0798e-07 
1192.58 6.07565e-07 
1192.59 6.07151e-07 
1192.6 6.06736e-07 
1192.61 6.06699e-07 
1192.62 6.06283e-07 
1192.63 6.05868e-07 
1192.64 6.05453e-07 
1192.65 6.05038e-07 
1192.66 6.04624e-07 
1192.67 6.04209e-07 
1192.68 6.03794e-07 
1192.69 6.03378e-07 
1192.7 6.02964e-07 
1192.71 6.02549e-07 
1192.72 6.02134e-07 
1192.73 6.0172e-07 
1192.74 6.01304e-07 
1192.75 6.00889e-07 
1192.76 6.00474e-07 
1192.77 6.00059e-07 
1192.77 5.99643e-07 
1192.78 5.99228e-07 
1192.79 5.98813e-07 
1192.8 5.98398e-07 
1192.81 5.97982e-07 
1192.82 5.97567e-07 
1192.83 5.97151e-07 
1192.84 5.96736e-07 
1192.85 5.9632e-07 
1192.86 5.95905e-07 
1192.87 5.95489e-07 
1192.88 5.95073e-07 
1192.89 5.94658e-07 
1192.9 5.94242e-07 
1192.91 5.93826e-07 
1192.92 5.9341e-07 
1192.93 5.92993e-07 
1192.94 5.92578e-07 
1192.95 5.92161e-07 
1192.96 5.91745e-07 
1192.97 5.91329e-07 
1192.98 5.90913e-07 
1192.99 5.90495e-07 
1193 5.90079e-07 
1193.01 5.89662e-07 
1193.02 5.89246e-07 
1193.03 5.88828e-07 
1193.04 5.88411e-07 
1193.05 5.87995e-07 
1193.06 5.87576e-07 
1193.07 5.8716e-07 
1193.08 5.86742e-07 
1193.09 5.86325e-07 
1193.1 5.85907e-07 
1193.11 5.85489e-07 
1193.12 5.85072e-07 
1193.13 5.84654e-07 
1193.14 5.84235e-07 
1193.15 5.83817e-07 
1193.16 5.83399e-07 
1193.17 5.8298e-07 
1193.18 5.82561e-07 
1193.19 5.82143e-07 
1193.19 5.81724e-07 
1193.2 5.81305e-07 
1193.21 5.80886e-07 
1193.22 5.80466e-07 
1193.23 5.80047e-07 
1193.24 5.79627e-07 
1193.25 5.79208e-07 
1193.26 5.78788e-07 
1193.27 5.78368e-07 
1193.28 5.77947e-07 
1193.29 5.77527e-07 
1193.3 5.77107e-07 
1193.31 5.76686e-07 
1193.32 5.76265e-07 
1193.33 5.75844e-07 
1193.34 5.75423e-07 
1193.35 5.75001e-07 
1193.36 5.7458e-07 
1193.37 5.74158e-07 
1193.38 5.73736e-07 
1193.39 5.73313e-07 
1193.4 5.72891e-07 
1193.41 5.72469e-07 
1193.42 5.72046e-07 
1193.43 5.71624e-07 
1193.44 5.712e-07 
1193.45 5.70778e-07 
1193.46 5.70354e-07 
1193.47 5.6993e-07 
1193.48 5.69506e-07 
1193.49 5.69082e-07 
1193.5 5.68658e-07 
1193.51 5.68233e-07 
1193.52 5.67808e-07 
1193.53 5.67383e-07 
1193.54 5.66958e-07 
1193.55 5.66533e-07 
1193.56 5.66107e-07 
1193.57 5.6568e-07 
1193.58 5.65255e-07 
1193.59 5.64828e-07 
1193.6 5.64401e-07 
1193.61 5.64325e-07 
1193.62 5.63897e-07 
1193.62 5.63469e-07 
1193.63 5.63041e-07 
1193.64 5.62613e-07 
1193.65 5.62185e-07 
1193.66 5.61756e-07 
1193.67 5.61327e-07 
1193.68 5.60897e-07 
1193.69 5.60468e-07 
1193.7 5.60039e-07 
1193.71 5.59608e-07 
1193.72 5.59178e-07 
1193.73 5.58747e-07 
1193.74 5.58316e-07 
1193.75 5.57885e-07 
1193.76 5.57453e-07 
1193.77 5.57021e-07 
1193.78 5.56589e-07 
1193.79 5.56156e-07 
1193.8 5.55723e-07 
1193.81 5.55291e-07 
1193.82 5.54857e-07 
1193.83 5.54423e-07 
1193.84 5.5399e-07 
1193.85 5.53554e-07 
1193.86 5.5312e-07 
1193.87 5.52685e-07 
1193.88 5.5225e-07 
1193.89 5.51814e-07 
1193.9 5.51378e-07 
1193.91 5.50941e-07 
1193.92 5.50505e-07 
1193.93 5.50068e-07 
1193.94 5.4963e-07 
1193.95 5.49193e-07 
1193.96 5.48754e-07 
1193.97 5.48316e-07 
1193.98 5.47876e-07 
1193.99 5.47437e-07 
1194 5.46998e-07 
1194.01 5.46558e-07 
1194.02 5.46118e-07 
1194.03 5.45677e-07 
1194.04 5.45235e-07 
1194.05 5.44794e-07 
1194.05 5.44352e-07 
1194.06 5.4391e-07 
1194.07 5.43467e-07 
1194.08 5.43024e-07 
1194.09 5.4258e-07 
1194.1 5.42136e-07 
1194.11 5.41692e-07 
1194.12 5.41247e-07 
1194.13 5.40802e-07 
1194.14 5.40356e-07 
1194.15 5.3991e-07 
1194.16 5.39463e-07 
1194.17 5.39017e-07 
1194.18 5.38569e-07 
1194.19 5.38121e-07 
1194.2 5.37673e-07 
1194.21 5.37225e-07 
1194.22 5.36775e-07 
1194.23 5.36326e-07 
1194.24 5.35875e-07 
1194.25 5.35425e-07 
1194.26 5.34975e-07 
1194.27 5.34523e-07 
1194.28 5.34071e-07 
1194.29 5.33618e-07 
1194.3 5.33166e-07 
1194.31 5.32712e-07 
1194.32 5.32259e-07 
1194.33 5.31804e-07 
1194.34 5.31349e-07 
1194.35 5.30894e-07 
1194.36 5.30439e-07 
1194.37 5.29982e-07 
1194.38 5.29525e-07 
1194.39 5.29068e-07 
1194.4 5.28611e-07 
1194.41 5.28152e-07 
1194.42 5.27693e-07 
1194.43 5.27234e-07 
1194.44 5.26774e-07 
1194.45 5.26314e-07 
1194.46 5.25852e-07 
1194.47 5.25391e-07 
1194.47 5.24929e-07 
1194.48 5.24466e-07 
1194.49 5.24003e-07 
1194.5 5.23539e-07 
1194.51 5.23076e-07 
1194.52 5.2261e-07 
1194.53 5.22145e-07 
1194.54 5.2168e-07 
1194.55 5.21212e-07 
1194.56 5.20746e-07 
1194.57 5.20278e-07 
1194.58 5.1981e-07 
1194.59 5.19341e-07 
1194.6 5.18872e-07 
1194.61 5.18724e-07 
1194.62 5.18253e-07 
1194.63 5.17781e-07 
1194.64 5.17309e-07 
1194.65 5.16837e-07 
1194.66 5.16363e-07 
1194.67 5.15889e-07 
1194.68 5.15415e-07 
1194.69 5.14939e-07 
1194.7 5.14464e-07 
1194.71 5.13987e-07 
1194.72 5.1351e-07 
1194.73 5.13033e-07 
1194.74 5.12554e-07 
1194.75 5.12076e-07 
1194.76 5.11596e-07 
1194.77 5.11116e-07 
1194.78 5.10635e-07 
1194.79 5.10153e-07 
1194.8 5.09672e-07 
1194.81 5.09189e-07 
1194.82 5.08705e-07 
1194.83 5.0822e-07 
1194.84 5.07736e-07 
1194.85 5.07251e-07 
1194.86 5.06765e-07 
1194.87 5.06277e-07 
1194.88 5.0579e-07 
1194.89 5.05302e-07 
1194.9 5.04813e-07 
1194.9 5.04324e-07 
1194.91 5.03833e-07 
1194.92 5.03342e-07 
1194.93 5.02851e-07 
1194.94 5.02358e-07 
1194.95 5.01865e-07 
1194.96 5.01371e-07 
1194.97 5.00877e-07 
1194.98 5.00381e-07 
1194.99 4.99884e-07 
1195 4.99388e-07 
1195.01 4.98891e-07 
1195.02 4.98392e-07 
1195.03 4.97894e-07 
1195.04 4.97393e-07 
1195.05 4.96894e-07 
1195.06 4.96392e-07 
1195.07 4.9589e-07 
1195.08 4.95387e-07 
1195.09 4.94884e-07 
1195.1 4.94379e-07 
1195.11 4.93875e-07 
1195.12 4.93369e-07 
1195.13 4.92862e-07 
1195.14 4.92355e-07 
1195.15 4.91847e-07 
1195.16 4.91338e-07 
1195.17 4.90828e-07 
1195.18 4.90318e-07 
1195.19 4.89807e-07 
1195.2 4.89294e-07 
1195.21 4.88781e-07 
1195.22 4.88268e-07 
1195.23 4.87754e-07 
1195.24 4.87239e-07 
1195.25 4.86723e-07 
1195.26 4.86206e-07 
1195.27 4.85688e-07 
1195.28 4.8517e-07 
1195.29 4.84651e-07 
1195.3 4.84131e-07 
1195.31 4.8361e-07 
1195.32 4.83088e-07 
1195.32 4.82565e-07 
1195.33 4.82043e-07 
1195.34 4.81518e-07 
1195.35 4.80994e-07 
1195.36 4.80468e-07 
1195.37 4.79941e-07 
1195.38 4.79414e-07 
1195.39 4.78886e-07 
1195.4 4.78357e-07 
1195.41 4.77828e-07 
1195.42 4.77297e-07 
1195.43 4.76766e-07 
1195.44 4.76233e-07 
1195.45 4.75701e-07 
1195.46 4.75167e-07 
1195.47 4.74632e-07 
1195.48 4.74097e-07 
1195.49 4.73561e-07 
1195.5 4.73024e-07 
1195.51 4.72487e-07 
1195.52 4.71949e-07 
1195.53 4.71409e-07 
1195.54 4.7087e-07 
1195.55 4.70329e-07 
1195.56 4.69788e-07 
1195.57 4.69246e-07 
1195.58 4.68703e-07 
1195.59 4.6816e-07 
1195.6 4.67616e-07 
1195.61 4.6736e-07 
1195.62 4.66815e-07 
1195.63 4.66268e-07 
1195.64 4.65721e-07 
1195.65 4.65174e-07 
1195.66 4.64625e-07 
1195.67 4.64076e-07 
1195.68 4.63528e-07 
1195.69 4.62977e-07 
1195.7 4.62427e-07 
1195.71 4.61876e-07 
1195.72 4.61326e-07 
1195.73 4.60774e-07 
1195.74 4.60222e-07 
1195.75 4.59669e-07 
1195.75 4.59116e-07 
1195.76 4.58564e-07 
1195.77 4.5801e-07 
1195.78 4.57457e-07 
1195.79 4.56903e-07 
1195.8 4.5635e-07 
1195.81 4.55796e-07 
1195.82 4.55242e-07 
1195.83 4.54688e-07 
1195.84 4.54135e-07 
1195.85 4.53581e-07 
1195.86 4.53028e-07 
1195.87 4.52475e-07 
1195.88 4.51923e-07 
1195.89 4.5137e-07 
1195.9 4.50819e-07 
1195.91 4.50268e-07 
1195.92 4.49718e-07 
1195.93 4.49169e-07 
1195.94 4.4862e-07 
1195.95 4.48073e-07 
1195.96 4.47526e-07 
1195.97 4.46981e-07 
1195.98 4.46438e-07 
1195.99 4.45897e-07 
1196 4.45356e-07 
1196.01 4.44816e-07 
1196.02 4.4428e-07 
1196.03 4.43745e-07 
1196.04 4.43211e-07 
1196.05 4.42681e-07 
1196.06 4.42154e-07 
1196.07 4.41629e-07 
1196.08 4.41106e-07 
1196.09 4.40587e-07 
1196.1 4.40072e-07 
1196.11 4.39559e-07 
1196.12 4.39051e-07 
1196.13 4.38546e-07 
1196.14 4.38046e-07 
1196.15 4.37551e-07 
1196.16 4.3706e-07 
1196.17 4.36574e-07 
1196.17 4.36094e-07 
1196.18 4.35619e-07 
1196.19 4.35151e-07 
1196.2 4.34688e-07 
1196.21 4.34233e-07 
1196.22 4.33786e-07 
1196.23 4.33345e-07 
1196.24 4.32911e-07 
1196.25 4.32486e-07 
1196.26 4.3207e-07 
1196.27 4.31663e-07 
1196.28 4.31265e-07 
1196.29 4.30877e-07 
1196.3 4.305e-07 
1196.31 4.30134e-07 
1196.32 4.2978e-07 
1196.33 4.29437e-07 
1196.34 4.29108e-07 
1196.35 4.28791e-07 
1196.36 4.28488e-07 
1196.37 4.28201e-07 
1196.38 4.27928e-07 
1196.39 4.27671e-07 
1196.4 4.27431e-07 
1196.41 4.27208e-07 
1196.42 4.27003e-07 
1196.43 4.26817e-07 
1196.44 4.2665e-07 
1196.45 4.26504e-07 
1196.46 4.2638e-07 
1196.47 4.26278e-07 
1196.48 4.26206e-07 
1196.49 4.26152e-07 
1196.5 4.26122e-07 
1196.51 4.26118e-07 
1196.52 4.26142e-07 
1196.53 4.26194e-07 
1196.54 4.26275e-07 
1196.55 4.26387e-07 
1196.56 4.26531e-07 
1196.57 4.26707e-07 
1196.58 4.26917e-07 
1196.59 4.27163e-07 
1196.6 4.27445e-07 
1196.6 4.2803e-07 
1196.61 4.28389e-07 
1196.62 4.2879e-07 
1196.63 4.29232e-07 
1196.64 4.29718e-07 
1196.65 4.3025e-07 
1196.66 4.30828e-07 
1196.67 4.31455e-07 
1196.68 4.32131e-07 
1196.69 4.32859e-07 
1196.7 4.3364e-07 
1196.71 4.34476e-07 
1196.72 4.3537e-07 
1196.73 4.36342e-07 
1196.74 4.37355e-07 
1196.75 4.38431e-07 
1196.76 4.39571e-07 
1196.77 4.40777e-07 
1196.78 4.42051e-07 
1196.79 4.43396e-07 
1196.8 4.44813e-07 
1196.81 4.46304e-07 
1196.82 4.47873e-07 
1196.83 4.4952e-07 
1196.84 4.51248e-07 
1196.85 4.53059e-07 
1196.86 4.54956e-07 
1196.87 4.56941e-07 
1196.88 4.59017e-07 
1196.89 4.61184e-07 
1196.9 4.63447e-07 
1196.91 4.65808e-07 
1196.92 4.68268e-07 
1196.93 4.70831e-07 
1196.94 4.73499e-07 
1196.95 4.76274e-07 
1196.96 4.79158e-07 
1196.97 4.82157e-07 
1196.98 4.85318e-07 
1196.99 4.8855e-07 
1197 4.91904e-07 
1197.01 4.9538e-07 
1197.02 4.98982e-07 
1197.03 5.02712e-07 
1197.03 5.06574e-07 
1197.04 5.1057e-07 
1197.05 5.14702e-07 
1197.06 5.18973e-07 
1197.07 5.23386e-07 
1197.08 5.27944e-07 
1197.09 5.32649e-07 
1197.1 5.37503e-07 
1197.11 5.42512e-07 
1197.12 5.47674e-07 
1197.13 5.52995e-07 
1197.14 5.58477e-07 
1197.15 5.64121e-07 
1197.16 5.69931e-07 
1197.17 5.75909e-07 
1197.18 5.82058e-07 
1197.19 5.8838e-07 
1197.2 5.94877e-07 
1197.21 6.01552e-07 
1197.22 6.08407e-07 
1197.23 6.15543e-07 
1197.24 6.22768e-07 
1197.25 6.3018e-07 
1197.26 6.3778e-07 
1197.27 6.45571e-07 
1197.28 6.53555e-07 
1197.29 6.61734e-07 
1197.3 6.7011e-07 
1197.31 6.78683e-07 
1197.32 6.87457e-07 
1197.33 6.96432e-07 
1197.34 7.05611e-07 
1197.35 7.14992e-07 
1197.36 7.2458e-07 
1197.37 7.34374e-07 
1197.38 7.44376e-07 
1197.39 7.54587e-07 
1197.4 7.65006e-07 
1197.41 7.75636e-07 
1197.42 7.86477e-07 
1197.43 7.97528e-07 
1197.44 8.0879e-07 
1197.45 8.20263e-07 
1197.45 8.31949e-07 
1197.46 8.43845e-07 
1197.47 8.55952e-07 
1197.48 8.68434e-07 
1197.49 8.80964e-07 
1197.5 8.93703e-07 
1197.51 9.0665e-07 
1197.52 9.19804e-07 
1197.53 9.33164e-07 
1197.54 9.46729e-07 
1197.55 9.60495e-07 
1197.56 9.74464e-07 
1197.57 9.8863e-07 
1197.58 1.00299e-06 
1197.59 1.01755e-06 
1197.6 1.0323e-06 
1197.61 1.04789e-06 
1197.62 1.06302e-06 
1197.63 1.07834e-06 
1197.64 1.09384e-06 
1197.65 1.10951e-06 
1197.66 1.12535e-06 
1197.67 1.14137e-06 
1197.68 1.15755e-06 
1197.69 1.17389e-06 
1197.7 1.19039e-06 
1197.71 1.20703e-06 
1197.72 1.22383e-06 
1197.73 1.24098e-06 
1197.74 1.25806e-06 
1197.75 1.27526e-06 
1197.76 1.29259e-06 
1197.77 1.31003e-06 
1197.78 1.32759e-06 
1197.79 1.34526e-06 
1197.8 1.36303e-06 
1197.81 1.38089e-06 
1197.82 1.39883e-06 
1197.83 1.41686e-06 
1197.84 1.43496e-06 
1197.85 1.45312e-06 
1197.86 1.47135e-06 
1197.87 1.48962e-06 
1197.88 1.50794e-06 
1197.88 1.52629e-06 
1197.89 1.54466e-06 
1197.9 1.56306e-06 
1197.91 1.58146e-06 
1197.92 1.59987e-06 
1197.93 1.61827e-06 
1197.94 1.63665e-06 
1197.95 1.65501e-06 
1197.96 1.67333e-06 
1197.97 1.69161e-06 
1197.98 1.71008e-06 
1197.99 1.72825e-06 
1198 1.74634e-06 
1198.01 1.76436e-06 
1198.02 1.78229e-06 
1198.03 1.80011e-06 
1198.04 1.81783e-06 
1198.05 1.83543e-06 
1198.06 1.8529e-06 
1198.07 1.87024e-06 
1198.08 1.88743e-06 
1198.09 1.90446e-06 
1198.1 1.92132e-06 
1198.11 1.93801e-06 
1198.12 1.95451e-06 
1198.13 1.97082e-06 
1198.14 1.98692e-06 
1198.15 2.00281e-06 
1198.16 2.01847e-06 
1198.17 2.0339e-06 
1198.18 2.04909e-06 
1198.19 2.06403e-06 
1198.2 2.0787e-06 
1198.21 2.09311e-06 
1198.22 2.10724e-06 
1198.23 2.12125e-06 
1198.24 2.13479e-06 
1198.25 2.14803e-06 
1198.26 2.16095e-06 
1198.27 2.17355e-06 
1198.28 2.18582e-06 
1198.29 2.19776e-06 
1198.3 2.20935e-06 
1198.3 2.22058e-06 
1198.31 2.23146e-06 
1198.32 2.24198e-06 
1198.33 2.25211e-06 
1198.34 2.26187e-06 
1198.35 2.27124e-06 
1198.36 2.28023e-06 
1198.37 2.28881e-06 
1198.38 2.29699e-06 
1198.39 2.30476e-06 
1198.4 2.31211e-06 
1198.41 2.31905e-06 
1198.42 2.32557e-06 
1198.43 2.33165e-06 
1198.44 2.3373e-06 
1198.45 2.34252e-06 
1198.46 2.3473e-06 
1198.47 2.35164e-06 
1198.48 2.35559e-06 
1198.49 2.35903e-06 
1198.5 2.36202e-06 
1198.51 2.36455e-06 
1198.52 2.36664e-06 
1198.53 2.36827e-06 
1198.54 2.36945e-06 
1198.55 2.37017e-06 
1198.56 2.37043e-06 
1198.57 2.37024e-06 
1198.58 2.36959e-06 
1198.59 2.36849e-06 
1198.6 2.36693e-06 
1198.61 2.36638e-06 
1198.62 2.36392e-06 
1198.63 2.36101e-06 
1198.64 2.35764e-06 
1198.65 2.35384e-06 
1198.66 2.34959e-06 
1198.67 2.3449e-06 
1198.68 2.33977e-06 
1198.69 2.33421e-06 
1198.7 2.32822e-06 
1198.71 2.32181e-06 
1198.72 2.31497e-06 
1198.73 2.30764e-06 
1198.73 2.29997e-06 
1198.74 2.2919e-06 
1198.75 2.28343e-06 
1198.76 2.27457e-06 
1198.77 2.26532e-06 
1198.78 2.25568e-06 
1198.79 2.24567e-06 
1198.8 2.23529e-06 
1198.81 2.22455e-06 
1198.82 2.21345e-06 
1198.83 2.202e-06 
1198.84 2.19022e-06 
1198.85 2.1781e-06 
1198.86 2.16565e-06 
1198.87 2.15289e-06 
1198.88 2.13982e-06 
1198.89 2.12644e-06 
1198.9 2.11277e-06 
1198.91 2.09882e-06 
1198.92 2.08459e-06 
1198.93 2.0701e-06 
1198.94 2.05534e-06 
1198.95 2.04033e-06 
1198.96 2.02508e-06 
1198.97 2.0096e-06 
1198.98 1.99371e-06 
1198.99 1.97778e-06 
1199 1.96165e-06 
1199.01 1.94533e-06 
1199.02 1.92882e-06 
1199.03 1.91213e-06 
1199.04 1.89527e-06 
1199.05 1.87825e-06 
1199.06 1.86108e-06 
1199.07 1.84377e-06 
1199.08 1.82632e-06 
1199.09 1.80875e-06 
1199.1 1.79106e-06 
1199.11 1.77328e-06 
1199.12 1.75539e-06 
1199.13 1.73741e-06 
1199.14 1.71935e-06 
1199.15 1.70123e-06 
1199.15 1.68303e-06 
1199.16 1.66479e-06 
1199.17 1.6465e-06 
1199.18 1.62817e-06 
1199.19 1.60981e-06 
1199.2 1.59143e-06 
1199.21 1.57304e-06 
1199.22 1.55441e-06 
1199.23 1.53601e-06 
1199.24 1.51762e-06 
1199.25 1.49924e-06 
1199.26 1.48089e-06 
1199.27 1.46257e-06 
1199.28 1.44429e-06 
1199.29 1.42605e-06 
1199.3 1.40785e-06 
1199.31 1.38972e-06 
1199.32 1.37165e-06 
1199.33 1.35365e-06 
1199.34 1.33572e-06 
1199.35 1.31787e-06 
1199.36 1.30011e-06 
1199.37 1.28244e-06 
1199.38 1.26487e-06 
1199.39 1.24739e-06 
1199.4 1.23003e-06 
1199.41 1.21277e-06 
1199.42 1.19563e-06 
1199.43 1.17861e-06 
1199.44 1.16171e-06 
1199.45 1.14495e-06 
1199.46 1.12831e-06 
1199.47 1.11181e-06 
1199.48 1.09524e-06 
1199.49 1.07902e-06 
1199.5 1.06295e-06 
1199.51 1.04702e-06 
1199.52 1.03124e-06 
1199.53 1.01561e-06 
1199.54 1.00015e-06 
1199.55 9.84835e-07 
1199.56 9.69683e-07 
1199.57 9.54694e-07 
1199.58 9.39868e-07 
1199.58 9.25208e-07 
1199.59 9.10715e-07 
1199.6 8.9639e-07 
1199.61 8.8278e-07 
1199.62 8.68786e-07 
1199.63 8.54964e-07 
1199.64 8.41316e-07 
1199.65 8.2784e-07 
1199.66 8.14539e-07 
1199.67 8.01412e-07 
1199.68 7.88461e-07 
1199.69 7.75683e-07 
1199.7 7.63082e-07 
1199.71 7.50655e-07 
1199.72 7.38405e-07 
1199.73 7.26185e-07 
1199.74 7.14288e-07 
1199.75 7.02563e-07 
1199.76 6.91013e-07 
1199.77 6.79637e-07 
1199.78 6.68434e-07 
1199.79 6.57404e-07 
1199.8 6.46545e-07 
1199.81 6.35857e-07 
1199.82 6.25339e-07 
1199.83 6.1499e-07 
1199.84 6.0481e-07 
1199.85 5.94796e-07 
1199.86 5.84949e-07 
1199.87 5.75266e-07 
1199.88 5.65746e-07 
1199.89 5.56389e-07 
1199.9 5.47194e-07 
1199.91 5.38157e-07 
1199.92 5.29279e-07 
1199.93 5.20559e-07 
1199.94 5.11993e-07 
1199.95 5.03582e-07 
1199.96 4.95323e-07 
1199.97 4.87215e-07 
1199.98 4.79166e-07 
1199.99 4.71356e-07 
1200 4.63694e-07 
1200.01 4.56177e-07 
1200.01 4.48803e-07 
1200.02 4.4157e-07 
1200.03 4.34477e-07 
1200.04 4.27523e-07 
1200.05 4.20705e-07 
1200.06 4.14023e-07 
1200.07 4.07474e-07 
1200.08 4.01056e-07 
1200.09 3.94769e-07 
1200.1 3.8861e-07 
1200.11 3.82579e-07 
1200.12 3.76672e-07 
1200.13 3.70889e-07 
1200.14 3.65229e-07 
1200.15 3.59688e-07 
1200.16 3.54267e-07 
1200.17 3.48963e-07 
1200.18 3.43775e-07 
1200.19 3.38701e-07 
1200.2 3.3374e-07 
1200.21 3.28891e-07 
1200.22 3.24151e-07 
1200.23 3.19469e-07 
1200.24 3.14946e-07 
1200.25 3.10528e-07 
1200.26 3.06214e-07 
1200.27 3.02003e-07 
1200.28 2.97894e-07 
1200.29 2.93885e-07 
1200.3 2.89974e-07 
1200.31 2.86161e-07 
1200.32 2.82444e-07 
1200.33 2.78823e-07 
1200.34 2.75295e-07 
1200.35 2.7186e-07 
1200.36 2.68517e-07 
1200.37 2.65265e-07 
1200.38 2.62102e-07 
1200.39 2.59028e-07 
1200.4 2.56042e-07 
1200.41 2.53142e-07 
1200.42 2.50328e-07 
1200.43 2.47599e-07 
1200.43 2.44955e-07 
1200.44 2.42393e-07 
1200.45 2.39914e-07 
1200.46 2.37517e-07 
1200.47 2.35202e-07 
1200.48 2.32946e-07 
1200.49 2.30793e-07 
1200.5 2.28719e-07 
1200.51 2.26723e-07 
1200.52 2.24807e-07 
1200.53 2.22968e-07 
1200.54 2.21208e-07 
1200.55 2.19525e-07 
1200.56 2.17919e-07 
1200.57 2.16391e-07 
1200.58 2.14939e-07 
1200.59 2.13564e-07 
1200.6 2.12266e-07 
1200.61 2.11175e-07 
1200.62 2.1003e-07 
1200.63 2.08962e-07 
1200.64 2.07971e-07 
1200.65 2.07056e-07 
1200.66 2.0622e-07 
1200.67 2.05461e-07 
1200.68 2.0478e-07 
1200.69 2.04178e-07 
1200.7 2.03655e-07 
1200.71 2.03212e-07 
1200.72 2.02849e-07 
1200.73 2.02571e-07 
1200.74 2.0237e-07 
1200.75 2.02253e-07 
1200.76 2.02218e-07 
1200.77 2.02267e-07 
1200.78 2.02401e-07 
1200.79 2.0262e-07 
1200.8 2.02927e-07 
1200.81 2.03321e-07 
1200.82 2.03805e-07 
1200.83 2.04378e-07 
1200.84 2.05044e-07 
1200.85 2.05802e-07 
1200.85 2.06654e-07 
1200.86 2.07603e-07 
1200.87 2.08648e-07 
1200.88 2.09792e-07 
1200.89 2.11037e-07 
1200.9 2.12383e-07 
1200.91 2.13834e-07 
1200.92 2.15391e-07 
1200.93 2.17054e-07 
1200.94 2.18827e-07 
1200.95 2.20712e-07 
1200.96 2.22709e-07 
1200.97 2.24822e-07 
1200.98 2.2709e-07 
1200.99 2.29442e-07 
1201 2.31916e-07 
1201.01 2.34514e-07 
1201.02 2.37239e-07 
1201.03 2.40093e-07 
1201.04 2.43078e-07 
1201.05 2.46197e-07 
1201.06 2.49452e-07 
1201.07 2.52846e-07 
1201.08 2.56382e-07 
1201.09 2.60062e-07 
1201.1 2.63888e-07 
1201.11 2.67864e-07 
1201.12 2.71992e-07 
1201.13 2.76275e-07 
1201.14 2.80716e-07 
1201.15 2.85318e-07 
1201.16 2.90083e-07 
1201.17 2.95014e-07 
1201.18 3.00114e-07 
1201.19 3.05387e-07 
1201.2 3.10834e-07 
1201.21 3.16459e-07 
1201.22 3.22265e-07 
1201.23 3.28339e-07 
1201.24 3.34519e-07 
1201.25 3.40887e-07 
1201.26 3.47448e-07 
1201.27 3.54206e-07 
1201.28 3.61161e-07 
1201.28 3.68319e-07 
1201.29 3.75681e-07 
1201.3 3.8325e-07 
1201.31 3.9103e-07 
1201.32 3.99022e-07 
1201.33 4.0723e-07 
1201.34 4.15657e-07 
1201.35 4.24305e-07 
1201.36 4.33177e-07 
1201.37 4.42276e-07 
1201.38 4.51605e-07 
1201.39 4.61164e-07 
1201.4 4.70959e-07 
1201.41 4.8099e-07 
1201.42 4.91261e-07 
1201.43 5.01772e-07 
1201.44 5.12527e-07 
1201.45 5.23528e-07 
1201.46 5.34778e-07 
1201.47 5.46276e-07 
1201.48 5.58182e-07 
1201.49 5.7019e-07 
1201.5 5.82451e-07 
1201.51 5.9497e-07 
1201.52 6.07746e-07 
1201.53 6.20783e-07 
1201.54 6.34078e-07 
1201.55 6.47637e-07 
1201.56 6.61458e-07 
1201.57 6.75542e-07 
1201.58 6.89891e-07 
1201.59 7.04505e-07 
1201.6 7.19383e-07 
1201.61 7.34979e-07 
1201.62 7.50398e-07 
1201.63 7.66083e-07 
1201.64 7.82032e-07 
1201.65 7.98246e-07 
1201.66 8.14725e-07 
1201.67 8.31468e-07 
1201.68 8.48471e-07 
1201.69 8.65737e-07 
1201.7 8.83264e-07 
1201.7 9.01048e-07 
1201.71 9.1909e-07 
1201.72 9.37627e-07 
1201.73 9.56181e-07 
1201.74 9.74984e-07 
1201.75 9.94036e-07 
1201.76 1.01334e-06 
1201.77 1.03287e-06 
1201.78 1.05266e-06 
1201.79 1.07267e-06 
1201.8 1.09292e-06 
1201.81 1.1134e-06 
1201.82 1.1341e-06 
1201.83 1.15502e-06 
1201.84 1.17616e-06 
1201.85 1.19751e-06 
1201.86 1.21907e-06 
1201.87 1.24083e-06 
1201.88 1.26278e-06 
1201.89 1.28492e-06 
1201.9 1.30726e-06 
1201.91 1.32976e-06 
1201.92 1.35244e-06 
1201.93 1.37529e-06 
1201.94 1.3983e-06 
1201.95 1.42146e-06 
1201.96 1.44476e-06 
1201.97 1.4682e-06 
1201.98 1.49208e-06 
1201.99 1.51578e-06 
1202 1.53959e-06 
1202.01 1.56351e-06 
1202.02 1.58752e-06 
1202.03 1.61163e-06 
1202.04 1.63581e-06 
1202.05 1.66007e-06 
1202.06 1.68439e-06 
1202.07 1.70877e-06 
1202.08 1.73318e-06 
1202.09 1.75764e-06 
1202.1 1.78211e-06 
1202.11 1.8066e-06 
1202.12 1.8311e-06 
1202.13 1.85559e-06 
1202.13 1.88006e-06 
1202.14 1.9045e-06 
1202.15 1.92891e-06 
1202.16 1.95326e-06 
1202.17 1.97756e-06 
1202.18 2.00179e-06 
1202.19 2.02593e-06 
1202.2 2.04998e-06 
1202.21 2.07393e-06 
1202.22 2.09807e-06 
1202.23 2.12177e-06 
1202.24 2.14533e-06 
1202.25 2.16874e-06 
1202.26 2.19199e-06 
1202.27 2.21507e-06 
1202.28 2.23796e-06 
1202.29 2.26065e-06 
1202.3 2.28313e-06 
1202.31 2.30539e-06 
1202.32 2.32742e-06 
1202.33 2.34921e-06 
1202.34 2.37074e-06 
1202.35 2.39199e-06 
1202.36 2.41298e-06 
1202.37 2.43368e-06 
1202.38 2.45406e-06 
1202.39 2.47414e-06 
1202.4 2.4939e-06 
1202.41 2.51332e-06 
1202.42 2.53239e-06 
1202.43 2.55111e-06 
1202.44 2.56946e-06 
1202.45 2.58743e-06 
1202.46 2.60501e-06 
1202.47 2.6222e-06 
1202.48 2.63919e-06 
1202.49 2.65554e-06 
1202.5 2.67146e-06 
1202.51 2.68695e-06 
1202.52 2.70199e-06 
1202.53 2.71657e-06 
1202.54 2.73069e-06 
1202.55 2.74434e-06 
1202.56 2.7575e-06 
1202.56 2.77017e-06 
1202.57 2.78235e-06 
1202.58 2.79402e-06 
1202.59 2.80518e-06 
1202.6 2.81582e-06 
1202.61 2.82768e-06 
1202.62 2.83727e-06 
1202.63 2.84631e-06 
1202.64 2.85483e-06 
1202.65 2.86278e-06 
1202.66 2.87019e-06 
1202.67 2.87703e-06 
1202.68 2.88331e-06 
1202.69 2.88902e-06 
1202.7 2.89416e-06 
1202.71 2.89872e-06 
1202.72 2.90271e-06 
1202.73 2.90616e-06 
1202.74 2.90897e-06 
1202.75 2.91121e-06 
1202.76 2.91285e-06 
1202.77 2.91391e-06 
1202.78 2.91438e-06 
1202.79 2.91425e-06 
1202.8 2.91354e-06 
1202.81 2.91224e-06 
1202.82 2.91035e-06 
1202.83 2.90787e-06 
1202.84 2.90481e-06 
1202.85 2.90116e-06 
1202.86 2.89693e-06 
1202.87 2.89212e-06 
1202.88 2.88673e-06 
1202.89 2.88077e-06 
1202.9 2.87424e-06 
1202.91 2.86713e-06 
1202.92 2.85947e-06 
1202.93 2.85124e-06 
1202.94 2.84246e-06 
1202.95 2.83314e-06 
1202.96 2.82327e-06 
1202.97 2.81286e-06 
1202.98 2.80192e-06 
1202.98 2.79031e-06 
1202.99 2.77832e-06 
1203 2.76582e-06 
1203.01 2.75281e-06 
1203.02 2.73931e-06 
1203.03 2.72532e-06 
1203.04 2.71085e-06 
1203.05 2.6959e-06 
1203.06 2.68049e-06 
1203.07 2.66463e-06 
1203.08 2.64832e-06 
1203.09 2.63157e-06 
1203.1 2.6144e-06 
1203.11 2.59681e-06 
1203.12 2.57881e-06 
1203.13 2.56042e-06 
1203.14 2.54163e-06 
1203.15 2.52247e-06 
1203.16 2.50294e-06 
1203.17 2.48306e-06 
1203.18 2.46283e-06 
1203.19 2.44227e-06 
1203.2 2.42138e-06 
1203.21 2.40018e-06 
1203.22 2.37869e-06 
1203.23 2.35663e-06 
1203.24 2.33457e-06 
1203.25 2.31223e-06 
1203.26 2.28965e-06 
1203.27 2.26681e-06 
1203.28 2.24375e-06 
1203.29 2.22048e-06 
1203.3 2.19699e-06 
1203.31 2.1733e-06 
1203.32 2.14944e-06 
1203.33 2.1254e-06 
1203.34 2.1012e-06 
1203.35 2.07685e-06 
1203.36 2.05236e-06 
1203.37 2.02774e-06 
1203.38 2.00301e-06 
1203.39 1.97818e-06 
1203.4 1.95326e-06 
1203.41 1.92826e-06 
1203.41 1.90319e-06 
1203.42 1.87805e-06 
1203.43 1.85287e-06 
1203.44 1.82766e-06 
1203.45 1.80242e-06 
1203.46 1.77716e-06 
1203.47 1.7519e-06 
1203.48 1.72633e-06 
1203.49 1.70109e-06 
1203.5 1.67588e-06 
1203.51 1.6507e-06 
1203.52 1.62556e-06 
1203.53 1.60049e-06 
1203.54 1.57547e-06 
1203.55 1.55053e-06 
1203.56 1.52567e-06 
1203.57 1.50091e-06 
1203.58 1.47624e-06 
1203.59 1.45168e-06 
1203.6 1.42724e-06 
1203.61 1.40378e-06 
1203.62 1.37958e-06 
1203.63 1.35552e-06 
1203.64 1.3316e-06 
1203.65 1.30784e-06 
1203.66 1.28424e-06 
1203.67 1.26081e-06 
1203.68 1.23755e-06 
1203.69 1.21447e-06 
1203.7 1.19158e-06 
1203.71 1.16888e-06 
1203.72 1.14637e-06 
1203.73 1.1238e-06 
1203.74 1.10171e-06 
1203.75 1.07983e-06 
1203.76 1.05817e-06 
1203.77 1.03673e-06 
1203.78 1.01552e-06 
1203.79 9.9454e-07 
1203.8 9.73792e-07 
1203.81 9.53284e-07 
1203.82 9.33014e-07 
1203.83 9.12988e-07 
1203.83 8.93209e-07 
1203.84 8.7368e-07 
1203.85 8.54402e-07 
1203.86 8.35379e-07 
1203.87 8.16611e-07 
1203.88 7.98102e-07 
1203.89 7.79852e-07 
1203.9 7.61864e-07 
1203.91 7.44137e-07 
1203.92 7.26673e-07 
1203.93 7.09475e-07 
1203.94 6.92542e-07 
1203.95 6.75873e-07 
1203.96 6.59471e-07 
1203.97 6.43334e-07 
1203.98 6.27269e-07 
1203.99 6.11668e-07 
1204 5.96333e-07 
1204.01 5.81263e-07 
1204.02 5.66459e-07 
1204.03 5.51917e-07 
1204.04 5.37639e-07 
1204.05 5.23623e-07 
1204.06 5.09868e-07 
1204.07 4.96371e-07 
1204.08 4.83134e-07 
1204.09 4.70153e-07 
1204.1 4.57427e-07 
1204.11 4.44954e-07 
1204.12 4.32732e-07 
1204.13 4.2076e-07 
1204.14 4.09035e-07 
1204.15 3.97555e-07 
1204.16 3.86318e-07 
1204.17 3.75322e-07 
1204.18 3.64564e-07 
1204.19 3.54042e-07 
1204.2 3.43753e-07 
1204.21 3.33694e-07 
1204.22 3.23864e-07 
1204.23 3.1414e-07 
1204.24 3.04759e-07 
1204.25 2.95598e-07 
1204.26 2.86654e-07 
1204.26 2.77923e-07 
1204.27 2.69403e-07 
1204.28 2.6109e-07 
1204.29 2.52982e-07 
1204.3 2.45076e-07 
1204.31 2.37368e-07 
1204.32 2.29855e-07 
1204.33 2.22534e-07 
1204.34 2.15403e-07 
1204.35 2.08457e-07 
1204.36 2.01693e-07 
1204.37 1.95109e-07 
1204.38 1.88702e-07 
1204.39 1.82467e-07 
1204.4 1.76402e-07 
1204.41 1.70504e-07 
1204.42 1.64769e-07 
1204.43 1.59194e-07 
1204.44 1.53776e-07 
1204.45 1.48513e-07 
1204.46 1.434e-07 
1204.47 1.38434e-07 
1204.48 1.33554e-07 
1204.49 1.28877e-07 
1204.5 1.24337e-07 
1204.51 1.19933e-07 
1204.52 1.15661e-07 
1204.53 1.11519e-07 
1204.54 1.07503e-07 
1204.55 1.0361e-07 
1204.56 9.98371e-08 
1204.57 9.61824e-08 
1204.58 9.26424e-08 
1204.59 8.92143e-08 
1204.6 8.58955e-08 
1204.61 8.26832e-08 
1204.62 7.96237e-08 
1204.63 7.66145e-08 
1204.64 7.37039e-08 
1204.65 7.08893e-08 
1204.66 6.81682e-08 
1204.67 6.55381e-08 
1204.68 6.29966e-08 
1204.68 6.05412e-08 
1204.69 5.81696e-08 
1204.7 5.58793e-08 
1204.71 5.36683e-08 
1204.72 5.15079e-08 
1204.73 4.94494e-08 
1204.74 4.74634e-08 
1204.75 4.55479e-08 
1204.76 4.37006e-08 
1204.77 4.19197e-08 
1204.78 4.02031e-08 
1204.79 3.85489e-08 
1204.8 3.69552e-08 
1204.81 3.54201e-08 
1204.82 3.39418e-08 
1204.83 3.25185e-08 
1204.84 3.11485e-08 
1204.85 2.98301e-08 
1204.86 2.85616e-08 
1204.87 2.73415e-08 
1204.88 2.61681e-08 
1204.89 2.50399e-08 
1204.9 2.39555e-08 
1204.91 2.29133e-08 
1204.92 2.1912e-08 
1204.93 2.09501e-08 
1204.94 2.00263e-08 
1204.95 1.91394e-08 
1204.96 1.82879e-08 
1204.97 1.74708e-08 
1204.98 1.66771e-08 
1204.99 1.59254e-08 
1205 1.52044e-08 
1205.01 1.45131e-08 
1205.02 1.38504e-08 
1205.03 1.32152e-08 
1205.04 1.26065e-08 
1205.05 1.20235e-08 
1205.06 1.1465e-08 
1205.07 1.09302e-08 
1205.08 1.04183e-08 
1205.09 9.92825e-09 
1205.1 9.45934e-09 
1205.11 9.01073e-09 
1205.11 8.58163e-09 
1205.12 8.17129e-09 
1205.13 7.77896e-09 
1205.14 7.40396e-09 
1205.15 7.04559e-09 
1205.16 6.70319e-09 
1205.17 6.37612e-09 
1205.18 6.06376e-09 
1205.19 5.76553e-09 
1205.2 5.48083e-09 
1205.21 5.20913e-09 
1205.22 4.94679e-09 
1205.23 4.69954e-09 
1205.24 4.46381e-09 
1205.25 4.23903e-09 
1205.26 4.02474e-09 
1205.27 3.8205e-09 
1205.28 3.62588e-09 
1205.29 3.44047e-09 
1205.3 3.26387e-09 
1205.31 3.0957e-09 
1205.32 2.93559e-09 
1205.33 2.78319e-09 
1205.34 2.63816e-09 
1205.35 2.50018e-09 
1205.36 2.36892e-09 
1205.37 2.2441e-09 
1205.38 2.12541e-09 
1205.39 2.01259e-09 
1205.4 1.90537e-09 
1205.41 1.80349e-09 
1205.42 1.70671e-09 
1205.43 1.61479e-09 
1205.44 1.52751e-09 
1205.45 1.44464e-09 
1205.46 1.366e-09 
1205.47 1.29136e-09 
1205.48 1.21972e-09 
1205.49 1.15258e-09 
1205.5 1.08894e-09 
1205.51 1.0286e-09 
1205.52 9.71401e-10 
1205.53 9.17196e-10 
1205.54 8.65839e-10 
1205.54 8.17188e-10 
1205.55 7.71113e-10 
1205.56 7.27487e-10 
1205.57 6.86187e-10 
1205.58 6.47101e-10 
1205.59 6.10114e-10 
1205.6 5.75124e-10 
1205.61 5.42363e-10 
1205.62 5.11049e-10 
1205.63 4.81443e-10 
1205.64 4.5346e-10 
1205.65 4.27016e-10 
1205.66 4.02031e-10 
1205.67 3.7843e-10 
1205.68 3.56142e-10 
1205.69 3.35097e-10 
1205.7 3.15231e-10 
1205.71 2.96483e-10 
1205.72 2.78792e-10 
1205.73 2.619e-10 
1205.74 2.46171e-10 
1205.75 2.31339e-10 
1205.76 2.17356e-10 
1205.77 2.04177e-10 
1205.78 1.91757e-10 
1205.79 1.80055e-10 
1205.8 1.69033e-10 
1205.81 1.58653e-10 
1205.82 1.4888e-10 
1205.83 1.39681e-10 
1205.84 1.31023e-10 
1205.85 1.22876e-10 
1205.86 1.15212e-10 
1205.87 1.08004e-10 
1205.88 1.01226e-10 
1205.89 9.48543e-11 
1205.9 8.88652e-11 
1205.91 8.32372e-11 
1205.92 7.79496e-11 
1205.93 7.29829e-11 
1205.94 6.83186e-11 
1205.95 6.39393e-11 
1205.96 5.98285e-11 
1205.96 5.59704e-11 
1205.97 5.23504e-11 
1205.98 4.89134e-11 
1205.99 4.57309e-11 
1206 4.27467e-11 
1206.01 3.9949e-11 
1206.02 3.73268e-11 
1206.03 3.48695e-11 
1206.04 3.25673e-11 
1206.05 3.04109e-11 
1206.06 2.83914e-11 
1206.07 2.65006e-11 
1206.08 2.47306e-11 
1206.09 2.30741e-11 
1206.1 2.15242e-11 
1206.11 2.00742e-11 
1206.12 1.87181e-11 
1206.13 1.745e-11 
1206.14 1.62644e-11 
1206.15 1.51563e-11 
1206.16 1.41208e-11 
1206.17 1.31534e-11 
1206.18 1.22497e-11 
1206.19 1.14057e-11 
1206.2 1.06177e-11 
1206.21 9.88216e-12 
1206.22 9.19566e-12 
1206.23 8.54736e-12 
1206.24 7.9503e-12 
1206.25 7.39342e-12 
1206.26 6.87414e-12 
1206.27 6.39001e-12 
1206.28 5.93876e-12 
1206.29 5.51825e-12 
1206.3 5.12646e-12 
1206.31 4.7615e-12 
1206.32 4.42162e-12 
1206.33 4.10516e-12 
1206.34 3.81056e-12 
1206.35 3.53638e-12 
1206.36 3.28125e-12 
1206.37 3.0439e-12 
1206.38 2.82314e-12 
1206.39 2.61786e-12 
1206.39 2.427e-12 
1206.4 2.24959e-12 
1206.41 2.08473e-12 
1206.42 1.93155e-12 
1206.43 1.78925e-12 
1206.44 1.6571e-12 
1206.45 1.5344e-12 
1206.46 1.42049e-12 
1206.47 1.31476e-12 
1206.48 1.21548e-12 
1206.49 1.12455e-12 
1206.5 1.04021e-12 
1206.51 9.61995e-13 
1206.52 8.8948e-13 
1206.53 8.22263e-13 
1206.54 7.5997e-13 
1206.55 7.02253e-13 
1206.56 6.48786e-13 
1206.57 5.99267e-13 
1206.58 5.53415e-13 
1206.59 5.10967e-13 
1206.6 0 
