#energy geo_1 
1186.6 7.15209e-07 
1186.61 7.14761e-07 
1186.62 7.14314e-07 
1186.63 7.13867e-07 
1186.64 7.13421e-07 
1186.65 7.12973e-07 
1186.66 7.12528e-07 
1186.67 7.12082e-07 
1186.68 7.11637e-07 
1186.69 7.1119e-07 
1186.7 7.10745e-07 
1186.71 7.10301e-07 
1186.72 7.09855e-07 
1186.73 7.0941e-07 
1186.74 7.08966e-07 
1186.75 7.08523e-07 
1186.76 7.08078e-07 
1186.77 7.07634e-07 
1186.78 7.07191e-07 
1186.79 7.06748e-07 
1186.8 7.06305e-07 
1186.81 7.05861e-07 
1186.81 7.05419e-07 
1186.82 7.04976e-07 
1186.83 7.04534e-07 
1186.84 7.04092e-07 
1186.85 7.03651e-07 
1186.86 7.03209e-07 
1186.87 7.02767e-07 
1186.88 7.02326e-07 
1186.89 7.01885e-07 
1186.9 7.01445e-07 
1186.91 7.01004e-07 
1186.92 7.00563e-07 
1186.93 7.00124e-07 
1186.94 6.99684e-07 
1186.95 6.99245e-07 
1186.96 6.98805e-07 
1186.97 6.98366e-07 
1186.98 6.97927e-07 
1186.99 6.97489e-07 
1187 6.97051e-07 
1187.01 6.96611e-07 
1187.02 6.96174e-07 
1187.03 6.95737e-07 
1187.04 6.95298e-07 
1187.05 6.94861e-07 
1187.06 6.94424e-07 
1187.07 6.93987e-07 
1187.08 6.93551e-07 
1187.09 6.93114e-07 
1187.1 6.92678e-07 
1187.11 6.92242e-07 
1187.12 6.91806e-07 
1187.13 6.91371e-07 
1187.14 6.90936e-07 
1187.15 6.905e-07 
1187.16 6.90065e-07 
1187.17 6.89631e-07 
1187.18 6.89197e-07 
1187.19 6.88762e-07 
1187.2 6.88328e-07 
1187.21 6.87894e-07 
1187.22 6.87461e-07 
1187.23 6.87027e-07 
1187.24 6.86595e-07 
1187.24 6.86161e-07 
1187.25 6.85729e-07 
1187.26 6.85297e-07 
1187.27 6.84865e-07 
1187.28 6.84432e-07 
1187.29 6.84001e-07 
1187.3 6.8357e-07 
1187.31 6.83138e-07 
1187.32 6.82707e-07 
1187.33 6.82276e-07 
1187.34 6.81845e-07 
1187.35 6.81415e-07 
1187.36 6.80985e-07 
1187.37 6.80556e-07 
1187.38 6.80126e-07 
1187.39 6.79696e-07 
1187.4 6.79267e-07 
1187.41 6.78838e-07 
1187.42 6.78409e-07 
1187.43 6.7798e-07 
1187.44 6.77552e-07 
1187.45 6.77124e-07 
1187.46 6.76696e-07 
1187.47 6.76269e-07 
1187.48 6.75841e-07 
1187.49 6.75415e-07 
1187.5 6.74987e-07 
1187.51 6.7456e-07 
1187.52 6.74134e-07 
1187.53 6.73708e-07 
1187.54 6.73282e-07 
1187.55 6.72857e-07 
1187.56 6.72431e-07 
1187.57 6.72005e-07 
1187.58 6.7158e-07 
1187.59 6.71156e-07 
1187.6 6.70731e-07 
1187.61 6.70726e-07 
1187.62 6.70301e-07 
1187.63 6.69877e-07 
1187.64 6.69453e-07 
1187.65 6.69029e-07 
1187.66 6.68606e-07 
1187.66 6.68183e-07 
1187.67 6.67759e-07 
1187.68 6.67337e-07 
1187.69 6.66913e-07 
1187.7 6.66491e-07 
1187.71 6.6607e-07 
1187.72 6.65647e-07 
1187.73 6.65226e-07 
1187.74 6.64805e-07 
1187.75 6.64382e-07 
1187.76 6.63962e-07 
1187.77 6.63542e-07 
1187.78 6.6312e-07 
1187.79 6.627e-07 
1187.8 6.6228e-07 
1187.81 6.6186e-07 
1187.82 6.61441e-07 
1187.83 6.61021e-07 
1187.84 6.60602e-07 
1187.85 6.60184e-07 
1187.86 6.59765e-07 
1187.87 6.59347e-07 
1187.88 6.58928e-07 
1187.89 6.58509e-07 
1187.9 6.58093e-07 
1187.91 6.57674e-07 
1187.92 6.57257e-07 
1187.93 6.56841e-07 
1187.94 6.56423e-07 
1187.95 6.56008e-07 
1187.96 6.55591e-07 
1187.97 6.55174e-07 
1187.98 6.54759e-07 
1187.99 6.54343e-07 
1188 6.53928e-07 
1188.01 6.53512e-07 
1188.02 6.53097e-07 
1188.03 6.52683e-07 
1188.04 6.52268e-07 
1188.05 6.51854e-07 
1188.06 6.5144e-07 
1188.07 6.51027e-07 
1188.08 6.50613e-07 
1188.09 6.502e-07 
1188.09 6.49787e-07 
1188.1 6.49373e-07 
1188.11 6.4896e-07 
1188.12 6.48548e-07 
1188.13 6.48135e-07 
1188.14 6.47725e-07 
1188.15 6.47312e-07 
1188.16 6.46901e-07 
1188.17 6.4649e-07 
1188.18 6.46078e-07 
1188.19 6.45669e-07 
1188.2 6.45258e-07 
1188.21 6.44847e-07 
1188.22 6.44437e-07 
1188.23 6.44027e-07 
1188.24 6.43618e-07 
1188.25 6.43208e-07 
1188.26 6.428e-07 
1188.27 6.42391e-07 
1188.28 6.41982e-07 
1188.29 6.41573e-07 
1188.3 6.41166e-07 
1188.31 6.40757e-07 
1188.32 6.40349e-07 
1188.33 6.39942e-07 
1188.34 6.39534e-07 
1188.35 6.39128e-07 
1188.36 6.38721e-07 
1188.37 6.38315e-07 
1188.38 6.37908e-07 
1188.39 6.37501e-07 
1188.4 6.37096e-07 
1188.41 6.3669e-07 
1188.42 6.36285e-07 
1188.43 6.3588e-07 
1188.44 6.35475e-07 
1188.45 6.35071e-07 
1188.46 6.34666e-07 
1188.47 6.34262e-07 
1188.48 6.33857e-07 
1188.49 6.33454e-07 
1188.5 6.33051e-07 
1188.51 6.32647e-07 
1188.52 6.32243e-07 
1188.52 6.31841e-07 
1188.53 6.31439e-07 
1188.54 6.31036e-07 
1188.55 6.30635e-07 
1188.56 6.30233e-07 
1188.57 6.29831e-07 
1188.58 6.2943e-07 
1188.59 6.29028e-07 
1188.6 6.29021e-07 
1188.61 6.28619e-07 
1188.62 6.28218e-07 
1188.63 6.27818e-07 
1188.64 6.27418e-07 
1188.65 6.27018e-07 
1188.66 6.26619e-07 
1188.67 6.26218e-07 
1188.68 6.25819e-07 
1188.69 6.2542e-07 
1188.7 6.25021e-07 
1188.71 6.24623e-07 
1188.72 6.24224e-07 
1188.73 6.23826e-07 
1188.74 6.23428e-07 
1188.75 6.2303e-07 
1188.76 6.22633e-07 
1188.77 6.22235e-07 
1188.78 6.21838e-07 
1188.79 6.21442e-07 
1188.8 6.21045e-07 
1188.81 6.20649e-07 
1188.82 6.20253e-07 
1188.83 6.19856e-07 
1188.84 6.19462e-07 
1188.85 6.19065e-07 
1188.86 6.18671e-07 
1188.87 6.18275e-07 
1188.88 6.17881e-07 
1188.89 6.17486e-07 
1188.9 6.17092e-07 
1188.91 6.16697e-07 
1188.92 6.16304e-07 
1188.93 6.15911e-07 
1188.94 6.15517e-07 
1188.94 6.15124e-07 
1188.95 6.14731e-07 
1188.96 6.14339e-07 
1188.97 6.13946e-07 
1188.98 6.13554e-07 
1188.99 6.13162e-07 
1189 6.12771e-07 
1189.01 6.12379e-07 
1189.02 6.11988e-07 
1189.03 6.11597e-07 
1189.04 6.11206e-07 
1189.05 6.10815e-07 
1189.06 6.10425e-07 
1189.07 6.10034e-07 
1189.08 6.09645e-07 
1189.09 6.09254e-07 
1189.1 6.08866e-07 
1189.11 6.08476e-07 
1189.12 6.08088e-07 
1189.13 6.07698e-07 
1189.14 6.0731e-07 
1189.15 6.06921e-07 
1189.16 6.06534e-07 
1189.17 6.06146e-07 
1189.18 6.05758e-07 
1189.19 6.05371e-07 
1189.2 6.04983e-07 
1189.21 6.04596e-07 
1189.22 6.0421e-07 
1189.23 6.03823e-07 
1189.24 6.03437e-07 
1189.25 6.03051e-07 
1189.26 6.02665e-07 
1189.27 6.02279e-07 
1189.28 6.01894e-07 
1189.29 6.01508e-07 
1189.3 6.01124e-07 
1189.31 6.00739e-07 
1189.32 6.00354e-07 
1189.33 5.9997e-07 
1189.34 5.99586e-07 
1189.35 5.99201e-07 
1189.36 5.98818e-07 
1189.36 5.98434e-07 
1189.37 5.98052e-07 
1189.38 5.97668e-07 
1189.39 5.97287e-07 
1189.4 5.96903e-07 
1189.41 5.96521e-07 
1189.42 5.96139e-07 
1189.43 5.95758e-07 
1189.44 5.95375e-07 
1189.45 5.94994e-07 
1189.46 5.94613e-07 
1189.47 5.94232e-07 
1189.48 5.9385e-07 
1189.49 5.9347e-07 
1189.5 5.9309e-07 
1189.51 5.9271e-07 
1189.52 5.92329e-07 
1189.53 5.91949e-07 
1189.54 5.9157e-07 
1189.55 5.91191e-07 
1189.56 5.90812e-07 
1189.57 5.90432e-07 
1189.58 5.90055e-07 
1189.59 5.89675e-07 
1189.6 5.89298e-07 
1189.61 5.89287e-07 
1189.62 5.88909e-07 
1189.63 5.88532e-07 
1189.64 5.88154e-07 
1189.65 5.87776e-07 
1189.66 5.87399e-07 
1189.67 5.87022e-07 
1189.68 5.86645e-07 
1189.69 5.86269e-07 
1189.7 5.85892e-07 
1189.71 5.85516e-07 
1189.72 5.8514e-07 
1189.73 5.84764e-07 
1189.74 5.84388e-07 
1189.75 5.84013e-07 
1189.76 5.83638e-07 
1189.77 5.83264e-07 
1189.78 5.82888e-07 
1189.79 5.82513e-07 
1189.79 5.82139e-07 
1189.8 5.81765e-07 
1189.81 5.81391e-07 
1189.82 5.81017e-07 
1189.83 5.80644e-07 
1189.84 5.8027e-07 
1189.85 5.79897e-07 
1189.86 5.79524e-07 
1189.87 5.79151e-07 
1189.88 5.78778e-07 
1189.89 5.78406e-07 
1189.9 5.78034e-07 
1189.91 5.77662e-07 
1189.92 5.77289e-07 
1189.93 5.76918e-07 
1189.94 5.76547e-07 
1189.95 5.76176e-07 
1189.96 5.75805e-07 
1189.97 5.75433e-07 
1189.98 5.75063e-07 
1189.99 5.74693e-07 
1190 5.74322e-07 
1190.01 5.73952e-07 
1190.02 5.73583e-07 
1190.03 5.73213e-07 
1190.04 5.72843e-07 
1190.05 5.72473e-07 
1190.06 5.72104e-07 
1190.07 5.71735e-07 
1190.08 5.71366e-07 
1190.09 5.70998e-07 
1190.1 5.7063e-07 
1190.11 5.70261e-07 
1190.12 5.69893e-07 
1190.13 5.69526e-07 
1190.14 5.69158e-07 
1190.15 5.6879e-07 
1190.16 5.68423e-07 
1190.17 5.68056e-07 
1190.18 5.67689e-07 
1190.19 5.67322e-07 
1190.2 5.66955e-07 
1190.21 5.66589e-07 
1190.21 5.66222e-07 
1190.22 5.65857e-07 
1190.23 5.65491e-07 
1190.24 5.65125e-07 
1190.25 5.64759e-07 
1190.26 5.64393e-07 
1190.27 5.64029e-07 
1190.28 5.63664e-07 
1190.29 5.63299e-07 
1190.3 5.62933e-07 
1190.31 5.62569e-07 
1190.32 5.62205e-07 
1190.33 5.6184e-07 
1190.34 5.61476e-07 
1190.35 5.61112e-07 
1190.36 5.60748e-07 
1190.37 5.60384e-07 
1190.38 5.60021e-07 
1190.39 5.59657e-07 
1190.4 5.59294e-07 
1190.41 5.58931e-07 
1190.42 5.58568e-07 
1190.43 5.58206e-07 
1190.44 5.57843e-07 
1190.45 5.57481e-07 
1190.46 5.57118e-07 
1190.47 5.56756e-07 
1190.48 5.56394e-07 
1190.49 5.56033e-07 
1190.5 5.55671e-07 
1190.51 5.55309e-07 
1190.52 5.54948e-07 
1190.53 5.54587e-07 
1190.54 5.54226e-07 
1190.55 5.53865e-07 
1190.56 5.53504e-07 
1190.57 5.53143e-07 
1190.58 5.52782e-07 
1190.59 5.52422e-07 
1190.6 5.52062e-07 
1190.61 5.52046e-07 
1190.62 5.51686e-07 
1190.63 5.51326e-07 
1190.64 5.50966e-07 
1190.64 5.50606e-07 
1190.65 5.50246e-07 
1190.66 5.49887e-07 
1190.67 5.49527e-07 
1190.68 5.49168e-07 
1190.69 5.48809e-07 
1190.7 5.4845e-07 
1190.71 5.48091e-07 
1190.72 5.47732e-07 
1190.73 5.47373e-07 
1190.74 5.47014e-07 
1190.75 5.46656e-07 
1190.76 5.46297e-07 
1190.77 5.45939e-07 
1190.78 5.45582e-07 
1190.79 5.45223e-07 
1190.8 5.44865e-07 
1190.81 5.44508e-07 
1190.82 5.4415e-07 
1190.83 5.43793e-07 
1190.84 5.43434e-07 
1190.85 5.43077e-07 
1190.86 5.4272e-07 
1190.87 5.42362e-07 
1190.88 5.42006e-07 
1190.89 5.41649e-07 
1190.9 5.41292e-07 
1190.91 5.40935e-07 
1190.92 5.40578e-07 
1190.93 5.40222e-07 
1190.94 5.39865e-07 
1190.95 5.39508e-07 
1190.96 5.39152e-07 
1190.97 5.38796e-07 
1190.98 5.3844e-07 
1190.99 5.38084e-07 
1191 5.37728e-07 
1191.01 5.37372e-07 
1191.02 5.37016e-07 
1191.03 5.3666e-07 
1191.04 5.36304e-07 
1191.05 5.35949e-07 
1191.06 5.35593e-07 
1191.07 5.35238e-07 
1191.07 5.34882e-07 
1191.08 5.34527e-07 
1191.09 5.34171e-07 
1191.1 5.33816e-07 
1191.11 5.33461e-07 
1191.12 5.33106e-07 
1191.13 5.32751e-07 
1191.14 5.32396e-07 
1191.15 5.32041e-07 
1191.16 5.31686e-07 
1191.17 5.31332e-07 
1191.18 5.30977e-07 
1191.19 5.30622e-07 
1191.2 5.30267e-07 
1191.21 5.29913e-07 
1191.22 5.29558e-07 
1191.23 5.29203e-07 
1191.24 5.28849e-07 
1191.25 5.28494e-07 
1191.26 5.2814e-07 
1191.27 5.27785e-07 
1191.28 5.27431e-07 
1191.29 5.27077e-07 
1191.3 5.26723e-07 
1191.31 5.26368e-07 
1191.32 5.26014e-07 
1191.33 5.25659e-07 
1191.34 5.25306e-07 
1191.35 5.24951e-07 
1191.36 5.24597e-07 
1191.37 5.24243e-07 
1191.38 5.23889e-07 
1191.39 5.23535e-07 
1191.4 5.2318e-07 
1191.41 5.22826e-07 
1191.42 5.22472e-07 
1191.43 5.22118e-07 
1191.44 5.21764e-07 
1191.45 5.21409e-07 
1191.46 5.21055e-07 
1191.47 5.20701e-07 
1191.48 5.20347e-07 
1191.49 5.19993e-07 
1191.49 5.19639e-07 
1191.5 5.19284e-07 
1191.51 5.1893e-07 
1191.52 5.18576e-07 
1191.53 5.18221e-07 
1191.54 5.17867e-07 
1191.55 5.17513e-07 
1191.56 5.17159e-07 
1191.57 5.16805e-07 
1191.58 5.1645e-07 
1191.59 5.16095e-07 
1191.6 5.16063e-07 
1191.61 5.15708e-07 
1191.62 5.15354e-07 
1191.63 5.14999e-07 
1191.64 5.14644e-07 
1191.65 5.14289e-07 
1191.66 5.13935e-07 
1191.67 5.13579e-07 
1191.68 5.13224e-07 
1191.69 5.12869e-07 
1191.7 5.12514e-07 
1191.71 5.12158e-07 
1191.72 5.11803e-07 
1191.73 5.11448e-07 
1191.74 5.11093e-07 
1191.75 5.10737e-07 
1191.76 5.10381e-07 
1191.77 5.10026e-07 
1191.78 5.0967e-07 
1191.79 5.09314e-07 
1191.8 5.08958e-07 
1191.81 5.08603e-07 
1191.82 5.08246e-07 
1191.83 5.0789e-07 
1191.84 5.07534e-07 
1191.85 5.07177e-07 
1191.86 5.06821e-07 
1191.87 5.06464e-07 
1191.88 5.06107e-07 
1191.89 5.05751e-07 
1191.9 5.05394e-07 
1191.91 5.05037e-07 
1191.92 5.04679e-07 
1191.92 5.04322e-07 
1191.93 5.03965e-07 
1191.94 5.03608e-07 
1191.95 5.0325e-07 
1191.96 5.02892e-07 
1191.97 5.02534e-07 
1191.98 5.02176e-07 
1191.99 5.01818e-07 
1192 5.0146e-07 
1192.01 5.01101e-07 
1192.02 5.00742e-07 
1192.03 5.00383e-07 
1192.04 5.00024e-07 
1192.05 4.99666e-07 
1192.06 4.99306e-07 
1192.07 4.98947e-07 
1192.08 4.98587e-07 
1192.09 4.98227e-07 
1192.1 4.97867e-07 
1192.11 4.97508e-07 
1192.12 4.97147e-07 
1192.13 4.96786e-07 
1192.14 4.96425e-07 
1192.15 4.96065e-07 
1192.16 4.95704e-07 
1192.17 4.95343e-07 
1192.18 4.94981e-07 
1192.19 4.94619e-07 
1192.2 4.94257e-07 
1192.21 4.93895e-07 
1192.22 4.93533e-07 
1192.23 4.93171e-07 
1192.24 4.92808e-07 
1192.25 4.92445e-07 
1192.26 4.92082e-07 
1192.27 4.91719e-07 
1192.28 4.91355e-07 
1192.29 4.90992e-07 
1192.3 4.90627e-07 
1192.31 4.90263e-07 
1192.32 4.89899e-07 
1192.33 4.89533e-07 
1192.34 4.89168e-07 
1192.34 4.88803e-07 
1192.35 4.88437e-07 
1192.36 4.88072e-07 
1192.37 4.87706e-07 
1192.38 4.87339e-07 
1192.39 4.86973e-07 
1192.4 4.86606e-07 
1192.41 4.86239e-07 
1192.42 4.85871e-07 
1192.43 4.85504e-07 
1192.44 4.85136e-07 
1192.45 4.84767e-07 
1192.46 4.84398e-07 
1192.47 4.8403e-07 
1192.48 4.8366e-07 
1192.49 4.83292e-07 
1192.5 4.82921e-07 
1192.51 4.82551e-07 
1192.52 4.82181e-07 
1192.53 4.8181e-07 
1192.54 4.81439e-07 
1192.55 4.81068e-07 
1192.56 4.80696e-07 
1192.57 4.80324e-07 
1192.58 4.79952e-07 
1192.59 4.79578e-07 
1192.6 4.79205e-07 
1192.61 4.79131e-07 
1192.62 4.78757e-07 
1192.63 4.78382e-07 
1192.64 4.78008e-07 
1192.65 4.77633e-07 
1192.66 4.77257e-07 
1192.67 4.76881e-07 
1192.68 4.76506e-07 
1192.69 4.76129e-07 
1192.7 4.75752e-07 
1192.71 4.75375e-07 
1192.72 4.74998e-07 
1192.73 4.7462e-07 
1192.74 4.74242e-07 
1192.75 4.73863e-07 
1192.76 4.73485e-07 
1192.77 4.73105e-07 
1192.77 4.72726e-07 
1192.78 4.72346e-07 
1192.79 4.71965e-07 
1192.8 4.71584e-07 
1192.81 4.71204e-07 
1192.82 4.70822e-07 
1192.83 4.70441e-07 
1192.84 4.70059e-07 
1192.85 4.69676e-07 
1192.86 4.69294e-07 
1192.87 4.68911e-07 
1192.88 4.68528e-07 
1192.89 4.68144e-07 
1192.9 4.6776e-07 
1192.91 4.67376e-07 
1192.92 4.66991e-07 
1192.93 4.66606e-07 
1192.94 4.66222e-07 
1192.95 4.65836e-07 
1192.96 4.65451e-07 
1192.97 4.65065e-07 
1192.98 4.64679e-07 
1192.99 4.64293e-07 
1193 4.63907e-07 
1193.01 4.6352e-07 
1193.02 4.63134e-07 
1193.03 4.62747e-07 
1193.04 4.62361e-07 
1193.05 4.61974e-07 
1193.06 4.61587e-07 
1193.07 4.612e-07 
1193.08 4.60813e-07 
1193.09 4.60426e-07 
1193.1 4.6004e-07 
1193.11 4.59653e-07 
1193.12 4.59266e-07 
1193.13 4.5888e-07 
1193.14 4.58494e-07 
1193.15 4.58108e-07 
1193.16 4.57723e-07 
1193.17 4.57337e-07 
1193.18 4.56953e-07 
1193.19 4.56568e-07 
1193.19 4.56184e-07 
1193.2 4.55801e-07 
1193.21 4.55418e-07 
1193.22 4.55036e-07 
1193.23 4.54654e-07 
1193.24 4.54274e-07 
1193.25 4.53894e-07 
1193.26 4.53514e-07 
1193.27 4.53136e-07 
1193.28 4.52759e-07 
1193.29 4.52383e-07 
1193.3 4.52008e-07 
1193.31 4.51634e-07 
1193.32 4.51262e-07 
1193.33 4.5089e-07 
1193.34 4.5052e-07 
1193.35 4.50152e-07 
1193.36 4.49785e-07 
1193.37 4.4942e-07 
1193.38 4.49056e-07 
1193.39 4.48695e-07 
1193.4 4.48335e-07 
1193.41 4.47977e-07 
1193.42 4.47621e-07 
1193.43 4.47268e-07 
1193.44 4.46916e-07 
1193.45 4.46567e-07 
1193.46 4.46219e-07 
1193.47 4.45875e-07 
1193.48 4.45533e-07 
1193.49 4.45194e-07 
1193.5 4.44857e-07 
1193.51 4.44523e-07 
1193.52 4.44191e-07 
1193.53 4.43862e-07 
1193.54 4.43537e-07 
1193.55 4.43214e-07 
1193.56 4.42894e-07 
1193.57 4.42577e-07 
1193.58 4.42263e-07 
1193.59 4.41953e-07 
1193.6 4.41646e-07 
1193.61 4.41616e-07 
1193.62 4.41315e-07 
1193.62 4.41018e-07 
1193.63 4.40723e-07 
1193.64 4.40432e-07 
1193.65 4.40144e-07 
1193.66 4.3986e-07 
1193.67 4.39579e-07 
1193.68 4.39301e-07 
1193.69 4.39027e-07 
1193.7 4.38755e-07 
1193.71 4.38487e-07 
1193.72 4.38222e-07 
1193.73 4.37963e-07 
1193.74 4.37704e-07 
1193.75 4.37449e-07 
1193.76 4.37196e-07 
1193.77 4.36947e-07 
1193.78 4.36699e-07 
1193.79 4.36455e-07 
1193.8 4.36213e-07 
1193.81 4.35973e-07 
1193.82 4.35736e-07 
1193.83 4.35501e-07 
1193.84 4.35267e-07 
1193.85 4.35036e-07 
1193.86 4.34806e-07 
1193.87 4.34578e-07 
1193.88 4.34351e-07 
1193.89 4.34125e-07 
1193.9 4.33899e-07 
1193.91 4.33674e-07 
1193.92 4.3345e-07 
1193.93 4.33226e-07 
1193.94 4.33002e-07 
1193.95 4.32777e-07 
1193.96 4.32551e-07 
1193.97 4.32325e-07 
1193.98 4.32101e-07 
1193.99 4.31872e-07 
1194 4.31641e-07 
1194.01 4.31409e-07 
1194.02 4.31174e-07 
1194.03 4.30936e-07 
1194.04 4.30696e-07 
1194.05 4.30451e-07 
1194.05 4.30204e-07 
1194.06 4.29953e-07 
1194.07 4.29697e-07 
1194.08 4.29437e-07 
1194.09 4.29173e-07 
1194.1 4.28903e-07 
1194.11 4.28627e-07 
1194.12 4.28346e-07 
1194.13 4.28059e-07 
1194.14 4.27766e-07 
1194.15 4.27466e-07 
1194.16 4.27159e-07 
1194.17 4.26845e-07 
1194.18 4.26524e-07 
1194.19 4.26194e-07 
1194.2 4.25857e-07 
1194.21 4.25512e-07 
1194.22 4.25158e-07 
1194.23 4.24796e-07 
1194.24 4.24425e-07 
1194.25 4.24044e-07 
1194.26 4.23654e-07 
1194.27 4.23254e-07 
1194.28 4.22844e-07 
1194.29 4.22425e-07 
1194.3 4.21995e-07 
1194.31 4.21556e-07 
1194.32 4.21106e-07 
1194.33 4.20646e-07 
1194.34 4.20175e-07 
1194.35 4.19694e-07 
1194.36 4.19202e-07 
1194.37 4.187e-07 
1194.38 4.18187e-07 
1194.39 4.17663e-07 
1194.4 4.17129e-07 
1194.41 4.16584e-07 
1194.42 4.16028e-07 
1194.43 4.15462e-07 
1194.44 4.14885e-07 
1194.45 4.14298e-07 
1194.46 4.13701e-07 
1194.47 4.13093e-07 
1194.47 4.12474e-07 
1194.48 4.11847e-07 
1194.49 4.1121e-07 
1194.5 4.10563e-07 
1194.51 4.09906e-07 
1194.52 4.0924e-07 
1194.53 4.08566e-07 
1194.54 4.07882e-07 
1194.55 4.0719e-07 
1194.56 4.0649e-07 
1194.57 4.05781e-07 
1194.58 4.05065e-07 
1194.59 4.04341e-07 
1194.6 4.03609e-07 
1194.61 4.03122e-07 
1194.62 4.02376e-07 
1194.63 4.01624e-07 
1194.64 4.00866e-07 
1194.65 4.00101e-07 
1194.66 3.99331e-07 
1194.67 3.98556e-07 
1194.68 3.97776e-07 
1194.69 3.96991e-07 
1194.7 3.96201e-07 
1194.71 3.95408e-07 
1194.72 3.94611e-07 
1194.73 3.93807e-07 
1194.74 3.93002e-07 
1194.75 3.92195e-07 
1194.76 3.91385e-07 
1194.77 3.90573e-07 
1194.78 3.89759e-07 
1194.79 3.88943e-07 
1194.8 3.88125e-07 
1194.81 3.87307e-07 
1194.82 3.86486e-07 
1194.83 3.85666e-07 
1194.84 3.84844e-07 
1194.85 3.84023e-07 
1194.86 3.83201e-07 
1194.87 3.8238e-07 
1194.88 3.81559e-07 
1194.89 3.80738e-07 
1194.9 3.79918e-07 
1194.9 3.79099e-07 
1194.91 3.78281e-07 
1194.92 3.77464e-07 
1194.93 3.76648e-07 
1194.94 3.75835e-07 
1194.95 3.75022e-07 
1194.96 3.74212e-07 
1194.97 3.73404e-07 
1194.98 3.72594e-07 
1194.99 3.7179e-07 
1195 3.70988e-07 
1195.01 3.70188e-07 
1195.02 3.6939e-07 
1195.03 3.68595e-07 
1195.04 3.67802e-07 
1195.05 3.67011e-07 
1195.06 3.66224e-07 
1195.07 3.65438e-07 
1195.08 3.64656e-07 
1195.09 3.63876e-07 
1195.1 3.63098e-07 
1195.11 3.62323e-07 
1195.12 3.6155e-07 
1195.13 3.6078e-07 
1195.14 3.60013e-07 
1195.15 3.59248e-07 
1195.16 3.58486e-07 
1195.17 3.57726e-07 
1195.18 3.56969e-07 
1195.19 3.56214e-07 
1195.2 3.55462e-07 
1195.21 3.54711e-07 
1195.22 3.53964e-07 
1195.23 3.53217e-07 
1195.24 3.52474e-07 
1195.25 3.51733e-07 
1195.26 3.50995e-07 
1195.27 3.50258e-07 
1195.28 3.49524e-07 
1195.29 3.48792e-07 
1195.3 3.48062e-07 
1195.31 3.47335e-07 
1195.32 3.46609e-07 
1195.32 3.45886e-07 
1195.33 3.45166e-07 
1195.34 3.44447e-07 
1195.35 3.43731e-07 
1195.36 3.43018e-07 
1195.37 3.42306e-07 
1195.38 3.41598e-07 
1195.39 3.40893e-07 
1195.4 3.4019e-07 
1195.41 3.39491e-07 
1195.42 3.38795e-07 
1195.43 3.38103e-07 
1195.44 3.37415e-07 
1195.45 3.36731e-07 
1195.46 3.36051e-07 
1195.47 3.35377e-07 
1195.48 3.34708e-07 
1195.49 3.34044e-07 
1195.5 3.33387e-07 
1195.51 3.32737e-07 
1195.52 3.32095e-07 
1195.53 3.3146e-07 
1195.54 3.30834e-07 
1195.55 3.30218e-07 
1195.56 3.29612e-07 
1195.57 3.29018e-07 
1195.58 3.28436e-07 
1195.59 3.27868e-07 
1195.6 3.27314e-07 
1195.61 3.26979e-07 
1195.62 3.26458e-07 
1195.63 3.25955e-07 
1195.64 3.25472e-07 
1195.65 3.25011e-07 
1195.66 3.24572e-07 
1195.67 3.24159e-07 
1195.68 3.23772e-07 
1195.69 3.23414e-07 
1195.7 3.23087e-07 
1195.71 3.22792e-07 
1195.72 3.22533e-07 
1195.73 3.22318e-07 
1195.74 3.22137e-07 
1195.75 3.21998e-07 
1195.75 3.21905e-07 
1195.76 3.2186e-07 
1195.77 3.21866e-07 
1195.78 3.21926e-07 
1195.79 3.22043e-07 
1195.8 3.22219e-07 
1195.81 3.2246e-07 
1195.82 3.22767e-07 
1195.83 3.23144e-07 
1195.84 3.23594e-07 
1195.85 3.24122e-07 
1195.86 3.24731e-07 
1195.87 3.25423e-07 
1195.88 3.26204e-07 
1195.89 3.27075e-07 
1195.9 3.28042e-07 
1195.91 3.29108e-07 
1195.92 3.30276e-07 
1195.93 3.31549e-07 
1195.94 3.32932e-07 
1195.95 3.34428e-07 
1195.96 3.3604e-07 
1195.97 3.37771e-07 
1195.98 3.39658e-07 
1195.99 3.41639e-07 
1196 3.43748e-07 
1196.01 3.45988e-07 
1196.02 3.48361e-07 
1196.03 3.50869e-07 
1196.04 3.53515e-07 
1196.05 3.56301e-07 
1196.06 3.59227e-07 
1196.07 3.62295e-07 
1196.08 3.65507e-07 
1196.09 3.68861e-07 
1196.1 3.72359e-07 
1196.11 3.76001e-07 
1196.12 3.79787e-07 
1196.13 3.83715e-07 
1196.14 3.87784e-07 
1196.15 3.91993e-07 
1196.16 3.96341e-07 
1196.17 4.00824e-07 
1196.17 4.05441e-07 
1196.18 4.10187e-07 
1196.19 4.15061e-07 
1196.2 4.20058e-07 
1196.21 4.25174e-07 
1196.22 4.30482e-07 
1196.23 4.35824e-07 
1196.24 4.41271e-07 
1196.25 4.46818e-07 
1196.26 4.5246e-07 
1196.27 4.5819e-07 
1196.28 4.64002e-07 
1196.29 4.69892e-07 
1196.3 4.7585e-07 
1196.31 4.81873e-07 
1196.32 4.87953e-07 
1196.33 4.94084e-07 
1196.34 5.00259e-07 
1196.35 5.06472e-07 
1196.36 5.12716e-07 
1196.37 5.18986e-07 
1196.38 5.25275e-07 
1196.39 5.31578e-07 
1196.4 5.37889e-07 
1196.41 5.44202e-07 
1196.42 5.50514e-07 
1196.43 5.56818e-07 
1196.44 5.63112e-07 
1196.45 5.69392e-07 
1196.46 5.75655e-07 
1196.47 5.81899e-07 
1196.48 5.88209e-07 
1196.49 5.94408e-07 
1196.5 6.00584e-07 
1196.51 6.06736e-07 
1196.52 6.12865e-07 
1196.53 6.18974e-07 
1196.54 6.25064e-07 
1196.55 6.31138e-07 
1196.56 6.372e-07 
1196.57 6.43254e-07 
1196.58 6.49307e-07 
1196.59 6.55362e-07 
1196.6 6.61429e-07 
1196.6 6.67928e-07 
1196.61 6.74042e-07 
1196.62 6.80192e-07 
1196.63 6.86385e-07 
1196.64 6.92634e-07 
1196.65 6.98948e-07 
1196.66 7.0534e-07 
1196.67 7.1182e-07 
1196.68 7.18401e-07 
1196.69 7.25096e-07 
1196.7 7.31918e-07 
1196.71 7.38881e-07 
1196.72 7.45998e-07 
1196.73 7.53387e-07 
1196.74 7.60858e-07 
1196.75 7.68524e-07 
1196.76 7.76402e-07 
1196.77 7.84505e-07 
1196.78 7.92847e-07 
1196.79 8.01442e-07 
1196.8 8.10303e-07 
1196.81 8.19445e-07 
1196.82 8.2888e-07 
1196.83 8.38619e-07 
1196.84 8.48677e-07 
1196.85 8.59063e-07 
1196.86 8.69789e-07 
1196.87 8.80865e-07 
1196.88 8.92301e-07 
1196.89 9.04105e-07 
1196.9 9.16286e-07 
1196.91 9.28849e-07 
1196.92 9.41802e-07 
1196.93 9.55151e-07 
1196.94 9.68899e-07 
1196.95 9.83048e-07 
1196.96 9.97602e-07 
1196.97 1.01256e-06 
1196.98 1.02813e-06 
1196.99 1.04391e-06 
1197 1.06009e-06 
1197.01 1.07666e-06 
1197.02 1.09364e-06 
1197.03 1.111e-06 
1197.03 1.12874e-06 
1197.04 1.14686e-06 
1197.05 1.16535e-06 
1197.06 1.18419e-06 
1197.07 1.20338e-06 
1197.08 1.2229e-06 
1197.09 1.24275e-06 
1197.1 1.2629e-06 
1197.11 1.28334e-06 
1197.12 1.30405e-06 
1197.13 1.32503e-06 
1197.14 1.34624e-06 
1197.15 1.36768e-06 
1197.16 1.38932e-06 
1197.17 1.41114e-06 
1197.18 1.43312e-06 
1197.19 1.45525e-06 
1197.2 1.47749e-06 
1197.21 1.49982e-06 
1197.22 1.52222e-06 
1197.23 1.54497e-06 
1197.24 1.56744e-06 
1197.25 1.58991e-06 
1197.26 1.61235e-06 
1197.27 1.63475e-06 
1197.28 1.65706e-06 
1197.29 1.67926e-06 
1197.3 1.70134e-06 
1197.31 1.72326e-06 
1197.32 1.74499e-06 
1197.33 1.76652e-06 
1197.34 1.78781e-06 
1197.35 1.80884e-06 
1197.36 1.82959e-06 
1197.37 1.85002e-06 
1197.38 1.87011e-06 
1197.39 1.88985e-06 
1197.4 1.90919e-06 
1197.41 1.92813e-06 
1197.42 1.94663e-06 
1197.43 1.96468e-06 
1197.44 1.98225e-06 
1197.45 1.99931e-06 
1197.45 2.01586e-06 
1197.46 2.03186e-06 
1197.47 2.0473e-06 
1197.48 2.06235e-06 
1197.49 2.0766e-06 
1197.5 2.09024e-06 
1197.51 2.10325e-06 
1197.52 2.11561e-06 
1197.53 2.1273e-06 
1197.54 2.13832e-06 
1197.55 2.14866e-06 
1197.56 2.1583e-06 
1197.57 2.16723e-06 
1197.58 2.17544e-06 
1197.59 2.18294e-06 
1197.6 2.1897e-06 
1197.61 2.19709e-06 
1197.62 2.20238e-06 
1197.63 2.20693e-06 
1197.64 2.21073e-06 
1197.65 2.21379e-06 
1197.66 2.21611e-06 
1197.67 2.21769e-06 
1197.68 2.21853e-06 
1197.69 2.21863e-06 
1197.7 2.21802e-06 
1197.71 2.21668e-06 
1197.72 2.21464e-06 
1197.73 2.21186e-06 
1197.74 2.20842e-06 
1197.75 2.2043e-06 
1197.76 2.19953e-06 
1197.77 2.1941e-06 
1197.78 2.18805e-06 
1197.79 2.18138e-06 
1197.8 2.17412e-06 
1197.81 2.16628e-06 
1197.82 2.15789e-06 
1197.83 2.14897e-06 
1197.84 2.13954e-06 
1197.85 2.12963e-06 
1197.86 2.11925e-06 
1197.87 2.10845e-06 
1197.88 2.09723e-06 
1197.88 2.08564e-06 
1197.89 2.07369e-06 
1197.9 2.06143e-06 
1197.91 2.04887e-06 
1197.92 2.03605e-06 
1197.93 2.023e-06 
1197.94 2.00976e-06 
1197.95 1.99635e-06 
1197.96 1.98281e-06 
1197.97 1.96917e-06 
1197.98 1.9553e-06 
1197.99 1.94157e-06 
1198 1.92784e-06 
1198.01 1.91415e-06 
1198.02 1.90053e-06 
1198.03 1.88703e-06 
1198.04 1.87366e-06 
1198.05 1.86048e-06 
1198.06 1.84751e-06 
1198.07 1.83479e-06 
1198.08 1.82235e-06 
1198.09 1.81024e-06 
1198.1 1.79847e-06 
1198.11 1.78709e-06 
1198.12 1.77613e-06 
1198.13 1.76563e-06 
1198.14 1.75561e-06 
1198.15 1.7461e-06 
1198.16 1.73715e-06 
1198.17 1.72878e-06 
1198.18 1.72102e-06 
1198.19 1.71389e-06 
1198.2 1.70744e-06 
1198.21 1.70168e-06 
1198.22 1.69664e-06 
1198.23 1.69231e-06 
1198.24 1.68881e-06 
1198.25 1.6861e-06 
1198.26 1.68421e-06 
1198.27 1.68317e-06 
1198.28 1.68298e-06 
1198.29 1.68368e-06 
1198.3 1.68528e-06 
1198.3 1.68779e-06 
1198.31 1.69123e-06 
1198.32 1.69562e-06 
1198.33 1.70097e-06 
1198.34 1.70729e-06 
1198.35 1.71459e-06 
1198.36 1.72288e-06 
1198.37 1.73216e-06 
1198.38 1.74244e-06 
1198.39 1.75373e-06 
1198.4 1.76603e-06 
1198.41 1.77934e-06 
1198.42 1.79365e-06 
1198.43 1.80897e-06 
1198.44 1.82529e-06 
1198.45 1.84262e-06 
1198.46 1.86093e-06 
1198.47 1.88022e-06 
1198.48 1.90076e-06 
1198.49 1.922e-06 
1198.5 1.94419e-06 
1198.51 1.96732e-06 
1198.52 1.99136e-06 
1198.53 2.0163e-06 
1198.54 2.04212e-06 
1198.55 2.0688e-06 
1198.56 2.09631e-06 
1198.57 2.12465e-06 
1198.58 2.15376e-06 
1198.59 2.18365e-06 
1198.6 2.21427e-06 
1198.61 2.24698e-06 
1198.62 2.279e-06 
1198.63 2.31166e-06 
1198.64 2.34492e-06 
1198.65 2.37877e-06 
1198.66 2.41316e-06 
1198.67 2.44804e-06 
1198.68 2.4834e-06 
1198.69 2.51918e-06 
1198.7 2.55535e-06 
1198.71 2.59186e-06 
1198.72 2.62868e-06 
1198.73 2.66624e-06 
1198.73 2.70354e-06 
1198.74 2.74102e-06 
1198.75 2.77862e-06 
1198.76 2.81632e-06 
1198.77 2.85406e-06 
1198.78 2.89179e-06 
1198.79 2.92947e-06 
1198.8 2.96704e-06 
1198.81 3.00448e-06 
1198.82 3.04172e-06 
1198.83 3.07872e-06 
1198.84 3.11543e-06 
1198.85 3.15181e-06 
1198.86 3.18781e-06 
1198.87 3.22337e-06 
1198.88 3.25847e-06 
1198.89 3.29304e-06 
1198.9 3.32704e-06 
1198.91 3.36043e-06 
1198.92 3.39317e-06 
1198.93 3.42521e-06 
1198.94 3.45649e-06 
1198.95 3.48699e-06 
1198.96 3.51666e-06 
1198.97 3.54546e-06 
1198.98 3.5737e-06 
1198.99 3.60063e-06 
1199 3.62657e-06 
1199.01 3.65148e-06 
1199.02 3.67533e-06 
1199.03 3.69809e-06 
1199.04 3.71972e-06 
1199.05 3.74019e-06 
1199.06 3.75947e-06 
1199.07 3.77754e-06 
1199.08 3.79435e-06 
1199.09 3.8099e-06 
1199.1 3.82416e-06 
1199.11 3.83709e-06 
1199.12 3.84869e-06 
1199.13 3.85893e-06 
1199.14 3.8678e-06 
1199.15 3.87528e-06 
1199.15 3.88136e-06 
1199.16 3.88602e-06 
1199.17 3.88926e-06 
1199.18 3.89107e-06 
1199.19 3.89144e-06 
1199.2 3.89037e-06 
1199.21 3.88786e-06 
1199.22 3.88383e-06 
1199.23 3.87842e-06 
1199.24 3.87156e-06 
1199.25 3.86325e-06 
1199.26 3.85352e-06 
1199.27 3.84237e-06 
1199.28 3.82981e-06 
1199.29 3.81585e-06 
1199.3 3.80051e-06 
1199.31 3.7838e-06 
1199.32 3.76573e-06 
1199.33 3.74634e-06 
1199.34 3.72563e-06 
1199.35 3.70362e-06 
1199.36 3.68035e-06 
1199.37 3.65585e-06 
1199.38 3.63012e-06 
1199.39 3.60321e-06 
1199.4 3.57513e-06 
1199.41 3.54592e-06 
1199.42 3.51562e-06 
1199.43 3.48425e-06 
1199.44 3.45185e-06 
1199.45 3.41845e-06 
1199.46 3.38408e-06 
1199.47 3.34879e-06 
1199.48 3.31216e-06 
1199.49 3.27511e-06 
1199.5 3.23726e-06 
1199.51 3.19863e-06 
1199.52 3.15926e-06 
1199.53 3.1192e-06 
1199.54 3.07849e-06 
1199.55 3.03716e-06 
1199.56 2.99526e-06 
1199.57 2.95282e-06 
1199.58 2.9099e-06 
1199.58 2.86652e-06 
1199.59 2.82274e-06 
1199.6 2.77859e-06 
1199.61 2.73581e-06 
1199.62 2.69103e-06 
1199.63 2.64599e-06 
1199.64 2.60076e-06 
1199.65 2.55536e-06 
1199.66 2.50983e-06 
1199.67 2.46422e-06 
1199.68 2.41857e-06 
1199.69 2.3729e-06 
1199.7 2.32726e-06 
1199.71 2.28169e-06 
1199.72 2.23622e-06 
1199.73 2.19032e-06 
1199.74 2.14516e-06 
1199.75 2.1002e-06 
1199.76 2.05548e-06 
1199.77 2.01102e-06 
1199.78 1.96687e-06 
1199.79 1.92305e-06 
1199.8 1.87959e-06 
1199.81 1.83651e-06 
1199.82 1.79385e-06 
1199.83 1.75163e-06 
1199.84 1.70987e-06 
1199.85 1.6686e-06 
1199.86 1.62784e-06 
1199.87 1.58762e-06 
1199.88 1.54795e-06 
1199.89 1.50885e-06 
1199.9 1.47034e-06 
1199.91 1.43245e-06 
1199.92 1.39517e-06 
1199.93 1.35854e-06 
1199.94 1.32256e-06 
1199.95 1.28725e-06 
1199.96 1.25262e-06 
1199.97 1.21868e-06 
1199.98 1.18504e-06 
1199.99 1.15251e-06 
1200 1.1207e-06 
1200.01 1.08962e-06 
1200.01 1.05926e-06 
1200.02 1.02964e-06 
1200.03 1.00076e-06 
1200.04 9.72621e-07 
1200.05 9.45222e-07 
1200.06 9.18567e-07 
1200.07 8.92656e-07 
1200.08 8.67488e-07 
1200.09 8.43063e-07 
1200.1 8.19378e-07 
1200.11 7.9643e-07 
1200.12 7.74215e-07 
1200.13 7.5273e-07 
1200.14 7.31967e-07 
1200.15 7.11924e-07 
1200.16 6.92592e-07 
1200.17 6.73965e-07 
1200.18 6.56035e-07 
1200.19 6.38794e-07 
1200.2 6.22234e-07 
1200.21 6.06345e-07 
1200.22 5.91117e-07 
1200.23 5.76363e-07 
1200.24 5.62436e-07 
1200.25 5.49138e-07 
1200.26 5.36458e-07 
1200.27 5.24385e-07 
1200.28 5.12906e-07 
1200.29 5.0201e-07 
1200.3 4.91683e-07 
1200.31 4.81912e-07 
1200.32 4.72686e-07 
1200.33 4.63989e-07 
1200.34 4.55808e-07 
1200.35 4.4813e-07 
1200.36 4.4094e-07 
1200.37 4.34226e-07 
1200.38 4.27972e-07 
1200.39 4.22163e-07 
1200.4 4.16787e-07 
1200.41 4.11828e-07 
1200.42 4.07271e-07 
1200.43 4.03103e-07 
1200.43 3.99308e-07 
1200.44 3.95873e-07 
1200.45 3.92782e-07 
1200.46 3.90021e-07 
1200.47 3.87576e-07 
1200.48 3.85408e-07 
1200.49 3.83555e-07 
1200.5 3.81974e-07 
1200.51 3.80652e-07 
1200.52 3.79574e-07 
1200.53 3.78727e-07 
1200.54 3.78097e-07 
1200.55 3.7767e-07 
1200.56 3.77433e-07 
1200.57 3.77373e-07 
1200.58 3.77475e-07 
1200.59 3.77729e-07 
1200.6 3.7812e-07 
1200.61 3.78872e-07 
1200.62 3.79502e-07 
1200.63 3.80234e-07 
1200.64 3.81055e-07 
1200.65 3.81954e-07 
1200.66 3.8292e-07 
1200.67 3.83941e-07 
1200.68 3.85007e-07 
1200.69 3.86108e-07 
1200.7 3.87233e-07 
1200.71 3.88372e-07 
1200.72 3.89515e-07 
1200.73 3.90668e-07 
1200.74 3.91792e-07 
1200.75 3.92894e-07 
1200.76 3.93965e-07 
1200.77 3.94996e-07 
1200.78 3.9598e-07 
1200.79 3.96911e-07 
1200.8 3.97779e-07 
1200.81 3.98579e-07 
1200.82 3.99304e-07 
1200.83 3.99949e-07 
1200.84 4.00506e-07 
1200.85 4.0097e-07 
1200.85 4.01338e-07 
1200.86 4.01602e-07 
1200.87 4.0176e-07 
1200.88 4.01807e-07 
1200.89 4.01739e-07 
1200.9 4.01553e-07 
1200.91 4.01245e-07 
1200.92 4.00812e-07 
1200.93 4.00253e-07 
1200.94 3.99564e-07 
1200.95 3.98744e-07 
1200.96 3.97791e-07 
1200.97 3.96704e-07 
1200.98 3.95467e-07 
1200.99 3.94107e-07 
1201 3.92612e-07 
1201.01 3.9098e-07 
1201.02 3.89212e-07 
1201.03 3.87308e-07 
1201.04 3.85269e-07 
1201.05 3.83097e-07 
1201.06 3.80791e-07 
1201.07 3.78354e-07 
1201.08 3.75787e-07 
1201.09 3.73092e-07 
1201.1 3.70272e-07 
1201.11 3.67328e-07 
1201.12 3.64263e-07 
1201.13 3.6108e-07 
1201.14 3.57782e-07 
1201.15 3.54371e-07 
1201.16 3.50852e-07 
1201.17 3.47227e-07 
1201.18 3.43499e-07 
1201.19 3.39674e-07 
1201.2 3.35754e-07 
1201.21 3.31743e-07 
1201.22 3.27645e-07 
1201.23 3.23413e-07 
1201.24 3.19153e-07 
1201.25 3.1482e-07 
1201.26 3.10416e-07 
1201.27 3.05947e-07 
1201.28 3.01417e-07 
1201.28 2.96831e-07 
1201.29 2.92192e-07 
1201.3 2.87505e-07 
1201.31 2.82776e-07 
1201.32 2.78008e-07 
1201.33 2.73206e-07 
1201.34 2.68373e-07 
1201.35 2.63516e-07 
1201.36 2.58638e-07 
1201.37 2.53743e-07 
1201.38 2.48836e-07 
1201.39 2.43921e-07 
1201.4 2.39003e-07 
1201.41 2.34084e-07 
1201.42 2.2917e-07 
1201.43 2.24265e-07 
1201.44 2.19371e-07 
1201.45 2.14494e-07 
1201.46 2.09636e-07 
1201.47 2.04802e-07 
1201.48 1.99935e-07 
1201.49 1.95158e-07 
1201.5 1.90414e-07 
1201.51 1.85707e-07 
1201.52 1.81039e-07 
1201.53 1.76414e-07 
1201.54 1.71834e-07 
1201.55 1.67302e-07 
1201.56 1.6282e-07 
1201.57 1.58391e-07 
1201.58 1.54017e-07 
1201.59 1.497e-07 
1201.6 1.45442e-07 
1201.61 1.41333e-07 
1201.62 1.37197e-07 
1201.63 1.33125e-07 
1201.64 1.29119e-07 
1201.65 1.2518e-07 
1201.66 1.2131e-07 
1201.67 1.17509e-07 
1201.68 1.13779e-07 
1201.69 1.10121e-07 
1201.7 1.06535e-07 
1201.7 1.03022e-07 
1201.71 9.95819e-08 
1201.72 9.61745e-08 
1201.73 9.28837e-08 
1201.74 8.96674e-08 
1201.75 8.65255e-08 
1201.76 8.34583e-08 
1201.77 8.04654e-08 
1201.78 7.75469e-08 
1201.79 7.47024e-08 
1201.8 7.19316e-08 
1201.81 6.92341e-08 
1201.82 6.66092e-08 
1201.83 6.40567e-08 
1201.84 6.15758e-08 
1201.85 5.91657e-08 
1201.86 5.68257e-08 
1201.87 5.45551e-08 
1201.88 5.23528e-08 
1201.89 5.0218e-08 
1201.9 4.81498e-08 
1201.91 4.61471e-08 
1201.92 4.42088e-08 
1201.93 4.23339e-08 
1201.94 4.05213e-08 
1201.95 3.87697e-08 
1201.96 3.7078e-08 
1201.97 3.54451e-08 
1201.98 3.38503e-08 
1201.99 3.23317e-08 
1202 3.08681e-08 
1202.01 2.94583e-08 
1202.02 2.81008e-08 
1202.03 2.67945e-08 
1202.04 2.5538e-08 
1202.05 2.433e-08 
1202.06 2.31693e-08 
1202.07 2.20546e-08 
1202.08 2.09846e-08 
1202.09 1.99579e-08 
1202.1 1.89734e-08 
1202.11 1.80298e-08 
1202.12 1.71258e-08 
1202.13 1.62603e-08 
1202.13 1.54318e-08 
1202.14 1.46394e-08 
1202.15 1.38817e-08 
1202.16 1.31576e-08 
1202.17 1.2466e-08 
1202.18 1.18057e-08 
1202.19 1.11756e-08 
1202.2 1.05746e-08 
1202.21 1.00017e-08 
1202.22 9.44926e-09 
1202.23 8.92949e-09 
1202.24 8.43486e-09 
1202.25 7.96423e-09 
1202.26 7.51666e-09 
1202.27 7.09122e-09 
1202.28 6.687e-09 
1202.29 6.30314e-09 
1202.3 5.93878e-09 
1202.31 5.59309e-09 
1202.32 5.26529e-09 
1202.33 4.95458e-09 
1202.34 4.66022e-09 
1202.35 4.38149e-09 
1202.36 4.11766e-09 
1202.37 3.86808e-09 
1202.38 3.63207e-09 
1202.39 3.40901e-09 
1202.4 3.19828e-09 
1202.41 2.9993e-09 
1202.42 2.81151e-09 
1202.43 2.63434e-09 
1202.44 2.46729e-09 
1202.45 2.30985e-09 
1202.46 2.16153e-09 
1202.47 2.02187e-09 
1202.48 1.88884e-09 
1202.49 1.76529e-09 
1202.5 1.64911e-09 
1202.51 1.53993e-09 
1202.52 1.43736e-09 
1202.53 1.34105e-09 
1202.54 1.25066e-09 
1202.55 1.16586e-09 
1202.56 1.08635e-09 
1202.56 1.01184e-09 
1202.57 9.42028e-10 
1202.58 8.76662e-10 
1202.59 8.15484e-10 
1202.6 7.58252e-10 
1202.61 7.05172e-10 
1202.62 6.55123e-10 
1202.63 6.08366e-10 
1202.64 5.64707e-10 
1202.65 5.23956e-10 
1202.66 4.85939e-10 
1202.67 4.50489e-10 
1202.68 4.17447e-10 
1202.69 3.86663e-10 
1202.7 3.57997e-10 
1202.71 3.31314e-10 
1202.72 3.0649e-10 
1202.73 2.83127e-10 
1202.74 2.61688e-10 
1202.75 2.4177e-10 
1202.76 2.23273e-10 
1202.77 2.06103e-10 
1202.78 1.90172e-10 
1202.79 1.75398e-10 
1202.8 1.61703e-10 
1202.81 1.49013e-10 
1202.82 1.37261e-10 
1202.83 1.26381e-10 
1202.84 1.16315e-10 
1202.85 1.07004e-10 
1202.86 9.83973e-11 
1202.87 9.04438e-11 
1202.88 8.3098e-11 
1202.89 7.63161e-11 
1202.9 7.00579e-11 
1202.91 6.42854e-11 
1202.92 5.89635e-11 
1202.93 5.40591e-11 
1202.94 4.95414e-11 
1202.95 4.5382e-11 
1202.96 4.1554e-11 
1202.97 3.80327e-11 
1202.98 3.4795e-11 
1202.98 3.17837e-11 
1202.99 2.9053e-11 
1203 2.65456e-11 
1203.01 2.42443e-11 
1203.02 2.2133e-11 
1203.03 2.0197e-11 
1203.04 1.84225e-11 
1203.05 1.67967e-11 
1203.06 1.53078e-11 
1203.07 1.3945e-11 
1203.08 1.26981e-11 
1203.09 1.15578e-11 
1203.1 1.05154e-11 
1203.11 9.56288e-12 
1203.12 8.69297e-12 
1203.13 7.89883e-12 
1203.14 7.17417e-12 
1203.15 6.51322e-12 
1203.16 5.91064e-12 
1203.17 5.36152e-12 
1203.18 4.86135e-12 
1203.19 4.40596e-12 
1203.2 3.99152e-12 
1203.21 3.61452e-12 
1203.22 3.27174e-12 
1203.23 2.9565e-12 
1203.24 2.67382e-12 
1203.25 2.41714e-12 
1203.26 2.18417e-12 
1203.27 1.97281e-12 
1203.28 1.78115e-12 
1203.29 1.60742e-12 
1203.3 1.45002e-12 
1203.31 1.30747e-12 
1203.32 1.17844e-12 
1203.33 1.06168e-12 
1203.34 9.56089e-13 
1203.35 8.6063e-13 
1203.36 7.74372e-13 
1203.37 6.96462e-13 
1203.38 6.26124e-13 
1203.39 5.62649e-13 
1203.4 5.05394e-13 
1203.41 4.53771e-13 
1203.41 4.07248e-13 
1203.42 3.65339e-13 
1203.43 3.27603e-13 
1203.44 2.93639e-13 
1203.45 2.63084e-13 
1203.46 2.35608e-13 
1203.47 2.10912e-13 
1203.48 1.88462e-13 
1203.49 1.68563e-13 
1203.5 1.507e-13 
1203.51 1.34674e-13 
1203.52 1.203e-13 
1203.53 1.07414e-13 
1203.54 9.58683e-14 
1203.55 8.55267e-14 
1203.56 7.62683e-14 
1203.57 6.79831e-14 
1203.58 6.05721e-14 
1203.59 5.3946e-14 
1203.6 4.80242e-14 
1203.61 4.27607e-14 
1203.62 3.80343e-14 
1203.63 3.38159e-14 
1203.64 3.00526e-14 
1203.65 2.66967e-14 
1203.66 2.37054e-14 
1203.67 2.10403e-14 
1203.68 1.86669e-14 
1203.69 1.65542e-14 
1203.7 1.46743e-14 
1203.71 1.30023e-14 
1203.72 1.1516e-14 
1203.73 1.01796e-14 
1203.74 9.00821e-15 
1203.75 7.96819e-15 
1203.76 7.04524e-15 
1203.77 6.22654e-15 
1203.78 5.50064e-15 
1203.79 4.85728e-15 
1203.8 4.28735e-15 
1203.81 3.78268e-15 
1203.82 3.33599e-15 
1203.83 2.94079e-15 
1203.83 2.59131e-15 
1203.84 2.28238e-15 
1203.85 2.00943e-15 
1203.86 1.76837e-15 
1203.87 1.55556e-15 
1203.88 1.36778e-15 
1203.89 1.20215e-15 
1203.9 1.05613e-15 
1203.91 9.2745e-16 
1203.92 8.14102e-16 
1203.93 7.14302e-16 
1203.94 6.26469e-16 
1203.95 5.49202e-16 
1203.96 4.8126e-16 
1203.97 4.21543e-16 
1203.98 3.68465e-16 
1203.99 3.22467e-16 
1204 2.82092e-16 
1204.01 2.46666e-16 
1204.02 2.15597e-16 
1204.03 1.88362e-16 
1204.04 1.64496e-16 
1204.05 1.43593e-16 
1204.06 1.25293e-16 
1204.07 1.09279e-16 
1204.08 9.52707e-17 
1204.09 8.30227e-17 
1204.1 7.23185e-17 
1204.11 6.29676e-17 
1204.12 5.48024e-17 
1204.13 4.76756e-17 
1204.14 4.1458e-17 
1204.15 3.60359e-17 
1204.16 3.13095e-17 
1204.17 2.71915e-17 
1204.18 2.3605e-17 
1204.19 2.04828e-17 
1204.2 1.77661e-17 
1204.21 1.54031e-17 
1204.22 1.33487e-17 
1204.23 1.15426e-17 
1204.24 9.99448e-18 
1204.25 8.65033e-18 
1204.26 7.48376e-18 
1204.26 6.47176e-18 
1204.27 5.59422e-18 
1204.28 4.83361e-18 
1204.29 4.17463e-18 
1204.3 3.60396e-18 
1204.31 3.10997e-18 
1204.32 2.68255e-18 
1204.33 2.31288e-18 
1204.34 1.99331e-18 
1204.35 1.71716e-18 
1204.36 1.47864e-18 
1204.37 1.2727e-18 
1204.38 1.09498e-18 
1204.39 9.41675e-19 
1204.4 8.09489e-19 
1204.41 6.95562e-19 
1204.42 5.97414e-19 
1204.43 5.12896e-19 
1204.44 4.40148e-19 
1204.45 3.77557e-19 
1204.46 3.23729e-19 
1204.47 2.77456e-19 
1204.48 2.37237e-19 
1204.49 2.03153e-19 
1204.5 1.73892e-19 
1204.51 1.48782e-19 
1204.52 1.27243e-19 
1204.53 1.08776e-19 
1204.54 9.29501e-20 
1204.55 7.93926e-20 
1204.56 6.77836e-20 
1204.57 5.78474e-20 
1204.58 4.93467e-20 
1204.59 4.20773e-20 
1204.6 3.58634e-20 
1204.61 3.05541e-20 
1204.62 2.60359e-20 
1204.63 2.21626e-20 
1204.64 1.88575e-20 
1204.65 1.60384e-20 
1204.66 1.3635e-20 
1204.67 1.15868e-20 
1204.68 9.84203e-21 
1204.68 8.35645e-21 
1204.69 7.09209e-21 
1204.7 6.01646e-21 
1204.71 5.10179e-21 
1204.72 4.3154e-21 
1204.73 3.6562e-21 
1204.74 3.09638e-21 
1204.75 2.62116e-21 
1204.76 2.21792e-21 
1204.77 1.87592e-21 
1204.78 1.58598e-21 
1204.79 1.34028e-21 
1204.8 1.13216e-21 
1204.81 9.55953e-22 
1204.82 8.06824e-22 
1204.83 6.80669e-22 
1204.84 5.73995e-22 
1204.85 4.83833e-22 
1204.86 4.07659e-22 
1204.87 3.43332e-22 
1204.88 2.89032e-22 
1204.89 2.43216e-22 
1204.9 2.04575e-22 
1204.91 1.72e-22 
1204.92 1.4455e-22 
1204.93 1.2143e-22 
1204.94 1.01964e-22 
1204.95 8.55816e-23 
1204.96 7.1801e-23 
1204.97 6.02137e-23 
1204.98 5.03635e-23 
1204.99 4.21996e-23 
1205 3.5344e-23 
1205.01 2.95895e-23 
1205.02 2.47613e-23 
1205.03 2.07122e-23 
1205.04 1.73177e-23 
1205.05 1.44735e-23 
1205.06 1.20912e-23 
1205.07 1.00967e-23 
1205.08 8.42761e-24 
1205.09 7.03145e-24 
1205.1 5.86408e-24 
1205.11 4.88844e-24 
1205.11 4.07338e-24 
1205.12 3.39277e-24 
1205.13 2.82468e-24 
1205.14 2.35071e-24 
1205.15 1.95543e-24 
1205.16 1.62593e-24 
1205.17 1.35137e-24 
1205.18 1.1227e-24 
1205.19 9.32326e-25 
1205.2 7.73901e-25 
1205.21 6.42124e-25 
1205.22 5.31421e-25 
1205.23 4.40464e-25 
1205.24 3.64994e-25 
1205.25 3.02326e-25 
1205.26 2.50311e-25 
1205.27 2.07157e-25 
1205.28 1.7137e-25 
1205.29 1.41705e-25 
1205.3 1.17125e-25 
1205.31 9.67669e-26 
1205.32 7.99136e-26 
1205.33 6.59674e-26 
1205.34 5.44318e-26 
1205.35 4.48943e-26 
1205.36 3.70121e-26 
1205.37 3.05008e-26 
1205.38 2.51243e-26 
1205.39 2.06867e-26 
1205.4 1.70257e-26 
1205.41 1.40066e-26 
1205.42 1.15179e-26 
1205.43 9.46739e-27 
1205.44 7.77861e-27 
1205.45 6.38835e-27 
1205.46 5.24433e-27 
1205.47 4.30334e-27 
1205.48 3.52175e-27 
1205.49 2.88671e-27 
1205.5 2.36571e-27 
1205.51 1.93791e-27 
1205.52 1.5868e-27 
1205.53 1.29875e-27 
1205.54 1.06253e-27 
1205.54 8.6891e-28 
1205.55 7.10268e-28 
1205.56 5.80342e-28 
1205.57 4.73981e-28 
1205.58 3.86948e-28 
1205.59 3.15761e-28 
1205.6 2.57561e-28 
1205.61 2.10128e-28 
1205.62 1.71252e-28 
1205.63 1.39509e-28 
1205.64 1.13601e-28 
1205.65 9.24649e-29 
1205.66 7.52293e-29 
1205.67 6.11804e-29 
1205.68 4.97338e-29 
1205.69 4.04117e-29 
1205.7 3.28228e-29 
1205.71 2.66477e-29 
1205.72 2.16252e-29 
1205.73 1.74959e-29 
1205.74 1.41861e-29 
1205.75 1.14975e-29 
1205.76 9.31451e-30 
1205.77 7.54277e-30 
1205.78 6.10544e-30 
1205.79 4.93989e-30 
1205.8 3.99515e-30 
1205.81 3.22971e-30 
1205.82 2.6098e-30 
1205.83 2.10799e-30 
1205.84 1.70193e-30 
1205.85 1.37351e-30 
1205.86 1.10799e-30 
1205.87 8.93419e-31 
1205.88 7.20094e-31 
1205.89 5.80147e-31 
1205.9 4.67199e-31 
1205.91 3.7608e-31 
1205.92 3.02603e-31 
1205.93 2.43378e-31 
1205.94 1.95661e-31 
1205.95 1.57232e-31 
1205.96 1.26297e-31 
1205.96 1.01406e-31 
1205.97 8.13849e-32 
1205.98 6.51094e-32 
1205.99 5.22099e-32 
1206 4.18482e-32 
1206.01 3.35287e-32 
1206.02 2.68516e-32 
1206.03 2.14951e-32 
1206.04 1.71998e-32 
1206.05 1.37569e-32 
1206.06 1.09985e-32 
1206.07 8.78946e-33 
1206.08 7.0211e-33 
1206.09 5.60613e-33 
1206.1 4.47441e-33 
1206.11 3.56963e-33 
1206.12 2.84659e-33 
1206.13 2.26904e-33 
1206.14 1.8079e-33 
1206.15 1.43986e-33 
1206.16 1.14626e-33 
1206.17 9.12133e-34 
1206.18 7.2552e-34 
1206.19 5.7684e-34 
1206.2 4.58433e-34 
1206.21 3.64176e-34 
1206.22 2.89176e-34 
1206.23 2.28861e-34 
1206.24 1.81572e-34 
1206.25 1.43993e-34 
1206.26 1.14143e-34 
1206.27 9.04423e-35 
1206.28 7.16322e-35 
1206.29 5.67101e-35 
1206.3 4.48773e-35 
1206.31 3.54984e-35 
1206.32 2.80676e-35 
1206.33 2.21828e-35 
1206.34 1.75243e-35 
1206.35 1.38383e-35 
1206.36 1.09229e-35 
1206.37 8.61803e-36 
1206.38 6.79662e-36 
1206.39 5.35788e-36 
1206.39 4.2219e-36 
1206.4 3.32535e-36 
1206.41 2.61807e-36 
1206.42 2.06035e-36 
1206.43 1.62075e-36 
1206.44 1.27439e-36 
1206.45 1.00163e-36 
1206.46 7.86911e-37 
1206.47 6.17957e-37 
1206.48 4.83605e-37 
1206.49 3.79447e-37 
1206.5 2.97595e-37 
1206.51 2.333e-37 
1206.52 1.82818e-37 
1206.53 1.43199e-37 
1206.54 1.12117e-37 
1206.55 8.77449e-38 
1206.56 6.86413e-38 
1206.57 5.3674e-38 
1206.58 4.19524e-38 
1206.59 3.27767e-38 
1206.6 0 
