#energy geo_1 
1186.6 0 
1186.61 0 
1186.62 0 
1186.63 0 
1186.64 0 
1186.65 0 
1186.66 0 
1186.67 0 
1186.68 0 
1186.69 0 
1186.7 0 
1186.71 0 
1186.72 0 
1186.73 0 
1186.74 0 
1186.75 0 
1186.76 0 
1186.77 0 
1186.78 0 
1186.79 0 
1186.8 0 
1186.81 0 
1186.81 0 
1186.82 0 
1186.83 0 
1186.84 0 
1186.85 0 
1186.86 0 
1186.87 0 
1186.88 0 
1186.89 0 
1186.9 0 
1186.91 0 
1186.92 0 
1186.93 0 
1186.94 0 
1186.95 0 
1186.96 0 
1186.97 0 
1186.98 0 
1186.99 0 
1187 0 
1187.01 0 
1187.02 0 
1187.03 0 
1187.04 0 
1187.05 0 
1187.06 0 
1187.07 0 
1187.08 0 
1187.09 0 
1187.1 0 
1187.11 0 
1187.12 0 
1187.13 0 
1187.14 0 
1187.15 0 
1187.16 0 
1187.17 0 
1187.18 0 
1187.19 0 
1187.2 0 
1187.21 0 
1187.22 0 
1187.23 0 
1187.24 0 
1187.24 0 
1187.25 0 
1187.26 0 
1187.27 0 
1187.28 0 
1187.29 0 
1187.3 0 
1187.31 0 
1187.32 0 
1187.33 0 
1187.34 0 
1187.35 0 
1187.36 0 
1187.37 0 
1187.38 0 
1187.39 0 
1187.4 0 
1187.41 0 
1187.42 0 
1187.43 0 
1187.44 0 
1187.45 0 
1187.46 0 
1187.47 0 
1187.48 0 
1187.49 0 
1187.5 0 
1187.51 0 
1187.52 0 
1187.53 0 
1187.54 0 
1187.55 0 
1187.56 0 
1187.57 0 
1187.58 0 
1187.59 0 
1187.6 0 
1187.61 0 
1187.62 0 
1187.63 0 
1187.64 0 
1187.65 0 
1187.66 0 
1187.66 0 
1187.67 0 
1187.68 0 
1187.69 0 
1187.7 0 
1187.71 0 
1187.72 0 
1187.73 0 
1187.74 0 
1187.75 0 
1187.76 0 
1187.77 0 
1187.78 0 
1187.79 0 
1187.8 0 
1187.81 0 
1187.82 0 
1187.83 0 
1187.84 0 
1187.85 0 
1187.86 0 
1187.87 0 
1187.88 0 
1187.89 0 
1187.9 0 
1187.91 0 
1187.92 0 
1187.93 0 
1187.94 0 
1187.95 0 
1187.96 0 
1187.97 0 
1187.98 0 
1187.99 0 
1188 0 
1188.01 0 
1188.02 0 
1188.03 0 
1188.04 0 
1188.05 0 
1188.06 0 
1188.07 0 
1188.08 0 
1188.09 0 
1188.09 0 
1188.1 0 
1188.11 0 
1188.12 0 
1188.13 0 
1188.14 0 
1188.15 0 
1188.16 0 
1188.17 0 
1188.18 0 
1188.19 0 
1188.2 0 
1188.21 0 
1188.22 0 
1188.23 0 
1188.24 0 
1188.25 0 
1188.26 0 
1188.27 0 
1188.28 0 
1188.29 0 
1188.3 0 
1188.31 0 
1188.32 0 
1188.33 0 
1188.34 0 
1188.35 0 
1188.36 0 
1188.37 0 
1188.38 0 
1188.39 0 
1188.4 0 
1188.41 0 
1188.42 0 
1188.43 0 
1188.44 0 
1188.45 0 
1188.46 0 
1188.47 0 
1188.48 0 
1188.49 0 
1188.5 0 
1188.51 0 
1188.52 0 
1188.52 0 
1188.53 0 
1188.54 0 
1188.55 0 
1188.56 0 
1188.57 0 
1188.58 0 
1188.59 0 
1188.6 0 
1188.61 0 
1188.62 0 
1188.63 0 
1188.64 0 
1188.65 0 
1188.66 0 
1188.67 0 
1188.68 0 
1188.69 0 
1188.7 0 
1188.71 0 
1188.72 0 
1188.73 0 
1188.74 0 
1188.75 0 
1188.76 0 
1188.77 0 
1188.78 0 
1188.79 0 
1188.8 0 
1188.81 0 
1188.82 0 
1188.83 0 
1188.84 0 
1188.85 0 
1188.86 0 
1188.87 0 
1188.88 0 
1188.89 0 
1188.9 0 
1188.91 0 
1188.92 0 
1188.93 0 
1188.94 0 
1188.94 0 
1188.95 0 
1188.96 0 
1188.97 0 
1188.98 0 
1188.99 0 
1189 0 
1189.01 0 
1189.02 0 
1189.03 0 
1189.04 0 
1189.05 0 
1189.06 0 
1189.07 0 
1189.08 0 
1189.09 0 
1189.1 0 
1189.11 0 
1189.12 0 
1189.13 0 
1189.14 0 
1189.15 0 
1189.16 0 
1189.17 0 
1189.18 0 
1189.19 0 
1189.2 0 
1189.21 0 
1189.22 0 
1189.23 0 
1189.24 0 
1189.25 0 
1189.26 0 
1189.27 0 
1189.28 0 
1189.29 0 
1189.3 0 
1189.31 0 
1189.32 0 
1189.33 0 
1189.34 0 
1189.35 0 
1189.36 0 
1189.36 0 
1189.37 0 
1189.38 0 
1189.39 0 
1189.4 0 
1189.41 0 
1189.42 0 
1189.43 0 
1189.44 0 
1189.45 0 
1189.46 0 
1189.47 0 
1189.48 0 
1189.49 0 
1189.5 0 
1189.51 0 
1189.52 0 
1189.53 0 
1189.54 1.4013e-45 
1189.55 1.4013e-45 
1189.56 1.4013e-45 
1189.57 1.4013e-45 
1189.58 1.4013e-45 
1189.59 2.8026e-45 
1189.6 2.8026e-45 
1189.61 2.8026e-45 
1189.62 4.2039e-45 
1189.63 5.60519e-45 
1189.64 7.00649e-45 
1189.65 8.40779e-45 
1189.66 1.12104e-44 
1189.67 1.4013e-44 
1189.68 1.82169e-44 
1189.69 2.38221e-44 
1189.7 3.08286e-44 
1189.71 4.06377e-44 
1189.72 5.04467e-44 
1189.73 6.44597e-44 
1189.74 8.26766e-44 
1189.75 1.05097e-43 
1189.76 1.35926e-43 
1189.77 1.70958e-43 
1189.78 2.18603e-43 
1189.79 2.8026e-43 
1189.79 3.5593e-43 
1189.8 4.55422e-43 
1189.81 5.78736e-43 
1189.82 7.37083e-43 
1189.83 9.37469e-43 
1189.84 1.1925e-42 
1189.85 1.5162e-42 
1189.86 1.92679e-42 
1189.87 2.44807e-42 
1189.88 3.10808e-42 
1189.89 3.94606e-42 
1189.9 5.00684e-42 
1189.91 6.35068e-42 
1189.92 8.05186e-42 
1189.93 1.02043e-41 
1189.94 1.2927e-41 
1189.95 1.637e-41 
1189.96 2.07196e-41 
1189.97 2.62155e-41 
1189.98 3.32528e-41 
1189.99 4.2039e-41 
1190 5.31246e-41 
1190.01 6.71054e-41 
1190.02 8.47295e-41 
1190.03 1.0694e-40 
1190.04 1.34917e-40 
1190.05 1.70144e-40 
1190.06 2.1448e-40 
1190.07 2.70259e-40 
1190.08 3.40405e-40 
1190.09 4.2858e-40 
1190.1 5.39377e-40 
1190.11 6.78538e-40 
1190.12 8.53253e-40 
1190.13 1.07252e-39 
1190.14 1.34757e-39 
1190.15 1.69248e-39 
1190.16 2.12478e-39 
1190.17 2.66643e-39 
1190.18 3.34477e-39 
1190.19 4.19396e-39 
1190.2 5.25661e-39 
1190.21 6.5858e-39 
1190.21 8.24771e-39 
1190.22 1.03538e-38 
1190.23 1.29559e-38 
1190.24 1.62052e-38 
1190.25 2.02613e-38 
1190.26 2.53221e-38 
1190.27 3.16342e-38 
1190.28 3.95034e-38 
1190.29 4.93099e-38 
1190.3 6.15257e-38 
1190.31 7.67363e-38 
1190.32 9.56681e-38 
1190.33 1.19222e-37 
1190.34 1.48514e-37 
1190.35 1.84926e-37 
1190.36 2.30173e-37 
1190.37 2.86372e-37 
1190.38 3.56148e-37 
1190.39 4.42743e-37 
1190.4 5.50168e-37 
1190.41 6.83378e-37 
1190.42 8.48494e-37 
1190.43 1.05307e-36 
1190.44 1.30644e-36 
1190.45 1.62011e-36 
1190.46 2.00826e-36 
1190.47 2.4884e-36 
1190.48 3.0903e-36 
1190.49 3.82596e-36 
1190.5 4.73482e-36 
1190.51 5.85718e-36 
1190.52 7.24261e-36 
1190.53 8.95209e-36 
1190.54 1.10605e-35 
1190.55 1.36599e-35 
1190.56 1.68634e-35 
1190.57 2.08095e-35 
1190.58 2.56686e-35 
1190.59 3.16492e-35 
1190.6 3.90074e-35 
1190.61 4.80866e-35 
1190.62 5.92178e-35 
1190.63 7.28959e-35 
1190.64 8.96965e-35 
1190.64 1.10324e-34 
1190.65 1.3564e-34 
1190.66 1.66696e-34 
1190.67 2.0478e-34 
1190.68 2.51461e-34 
1190.69 3.08657e-34 
1190.7 3.78707e-34 
1190.71 4.64465e-34 
1190.72 5.69409e-34 
1190.73 6.99553e-34 
1190.74 8.56909e-34 
1190.75 1.04923e-33 
1190.76 1.28419e-33 
1190.77 1.57112e-33 
1190.78 1.92137e-33 
1190.79 2.34874e-33 
1190.8 2.87e-33 
1190.81 3.50551e-33 
1190.82 4.27998e-33 
1190.83 5.22342e-33 
1190.84 6.37221e-33 
1190.85 7.77047e-33 
1190.86 9.47168e-33 
1190.87 1.15406e-32 
1190.88 1.40557e-32 
1190.89 1.71119e-32 
1190.9 2.08241e-32 
1190.91 2.53312e-32 
1190.92 3.08013e-32 
1190.93 3.74372e-32 
1190.94 4.54841e-32 
1190.95 5.5238e-32 
1190.96 6.70562e-32 
1190.97 8.13695e-32 
1190.98 9.89359e-32 
1190.99 1.19955e-31 
1191 1.4538e-31 
1191.01 1.76123e-31 
1191.02 2.13278e-31 
1191.03 2.58167e-31 
1191.04 3.12375e-31 
1191.05 3.7781e-31 
1191.06 4.56766e-31 
1191.07 5.51996e-31 
1191.07 6.66806e-31 
1191.08 8.05167e-31 
1191.09 9.7184e-31 
1191.1 1.17253e-30 
1191.11 1.41409e-30 
1191.12 1.70472e-30 
1191.13 2.05423e-30 
1191.14 2.4744e-30 
1191.15 2.97927e-30 
1191.16 3.5857e-30 
1191.17 4.31379e-30 
1191.18 5.18761e-30 
1191.19 6.23587e-30 
1191.2 7.49288e-30 
1191.21 8.9996e-30 
1191.22 1.08049e-29 
1191.23 1.29965e-29 
1191.24 1.55907e-29 
1191.25 1.8695e-29 
1191.26 2.24083e-29 
1191.27 2.68481e-29 
1191.28 3.21543e-29 
1191.29 3.84936e-29 
1191.3 4.60638e-29 
1191.31 5.51002e-29 
1191.32 6.58822e-29 
1191.33 7.87419e-29 
1191.34 9.40731e-29 
1191.35 1.12343e-28 
1191.36 1.34107e-28 
1191.37 1.60021e-28 
1191.38 1.90865e-28 
1191.39 2.2756e-28 
1191.4 2.71199e-28 
1191.41 3.23075e-28 
1191.42 3.84716e-28 
1191.43 4.5793e-28 
1191.44 5.44853e-28 
1191.45 6.48012e-28 
1191.46 7.70386e-28 
1191.47 9.15494e-28 
1191.48 1.09004e-27 
1191.49 1.29404e-27 
1191.49 1.53589e-27 
1191.5 1.82219e-27 
1191.51 2.16097e-27 
1191.52 2.56169e-27 
1191.53 3.03548e-27 
1191.54 3.59542e-27 
1191.55 4.25691e-27 
1191.56 5.03803e-27 
1191.57 5.96004e-27 
1191.58 7.04791e-27 
1191.59 8.33093e-27 
1191.6 9.84961e-27 
1191.61 1.16331e-26 
1191.62 1.3734e-26 
1191.63 1.62075e-26 
1191.64 1.91188e-26 
1191.65 2.25438e-26 
1191.66 2.65714e-26 
1191.67 3.13058e-26 
1191.68 3.68686e-26 
1191.69 4.34022e-26 
1191.7 5.10726e-26 
1191.71 6.0074e-26 
1191.72 7.06329e-26 
1191.73 8.31813e-26 
1191.74 9.77211e-26 
1191.75 1.14755e-25 
1191.76 1.34704e-25 
1191.77 1.58055e-25 
1191.78 1.85379e-25 
1191.79 2.17337e-25 
1191.8 2.54701e-25 
1191.81 2.98365e-25 
1191.82 3.49372e-25 
1191.83 4.08931e-25 
1191.84 4.78447e-25 
1191.85 5.59552e-25 
1191.86 6.54137e-25 
1191.87 7.64397e-25 
1191.88 8.92877e-25 
1191.89 1.04253e-24 
1191.9 1.21676e-24 
1191.91 1.41952e-24 
1191.92 1.6554e-24 
1191.92 1.92969e-24 
1191.93 2.2485e-24 
1191.94 2.61891e-24 
1191.95 3.04909e-24 
1191.96 3.54848e-24 
1191.97 4.12797e-24 
1191.98 4.80917e-24 
1191.99 5.58993e-24 
1192 6.49478e-24 
1192.01 7.54301e-24 
1192.02 8.75684e-24 
1192.03 1.01618e-23 
1192.04 1.17874e-23 
1192.05 1.36675e-23 
1192.06 1.58409e-23 
1192.07 1.83524e-23 
1192.08 2.12534e-23 
1192.09 2.46028e-23 
1192.1 2.84685e-23 
1192.11 3.29281e-23 
1192.12 3.80706e-23 
1192.13 4.39983e-23 
1192.14 5.08281e-23 
1192.15 5.86941e-23 
1192.16 6.77496e-23 
1192.17 7.81702e-23 
1192.18 9.01567e-23 
1192.19 1.03939e-22 
1192.2 1.19778e-22 
1192.21 1.37975e-22 
1192.22 1.58872e-22 
1192.23 1.83179e-22 
1192.24 2.10748e-22 
1192.25 2.42367e-22 
1192.26 2.78615e-22 
1192.27 3.20153e-22 
1192.28 3.67734e-22 
1192.29 4.22213e-22 
1192.3 4.84565e-22 
1192.31 5.55897e-22 
1192.32 6.37468e-22 
1192.33 7.3071e-22 
1192.34 8.37247e-22 
1192.34 9.58924e-22 
1192.35 1.09784e-21 
1192.36 1.25635e-21 
1192.37 1.43717e-21 
1192.38 1.64334e-21 
1192.39 1.87832e-21 
1192.4 2.14602e-21 
1192.41 2.45087e-21 
1192.42 2.79787e-21 
1192.43 3.19269e-21 
1192.44 3.64175e-21 
1192.45 4.15225e-21 
1192.46 4.73239e-21 
1192.47 5.39137e-21 
1192.48 6.14956e-21 
1192.49 7.0001e-21 
1192.5 7.96502e-21 
1192.51 9.05925e-21 
1192.52 1.02996e-20 
1192.53 1.17049e-20 
1192.54 1.32966e-20 
1192.55 1.50985e-20 
1192.56 1.71375e-20 
1192.57 1.9444e-20 
1192.58 2.20519e-20 
1192.59 2.49993e-20 
1192.6 2.8329e-20 
1192.61 3.21091e-20 
1192.62 3.63561e-20 
1192.63 4.11479e-20 
1192.64 4.65522e-20 
1192.65 5.26447e-20 
1192.66 5.95102e-20 
1192.67 6.72436e-20 
1192.68 7.59507e-20 
1192.69 8.57502e-20 
1192.7 9.67744e-20 
1192.71 1.09171e-19 
1192.72 1.23106e-19 
1192.73 1.38969e-19 
1192.74 1.56578e-19 
1192.75 1.76345e-19 
1192.76 1.98527e-19 
1192.77 2.23408e-19 
1192.77 2.51304e-19 
1192.78 2.82567e-19 
1192.79 3.17589e-19 
1192.8 3.56806e-19 
1192.81 4.00702e-19 
1192.82 4.49813e-19 
1192.83 5.04737e-19 
1192.84 5.66136e-19 
1192.85 6.34744e-19 
1192.86 7.11374e-19 
1192.87 7.96929e-19 
1192.88 8.92408e-19 
1192.89 9.98917e-19 
1192.9 1.11768e-18 
1192.91 1.25005e-18 
1192.92 1.39753e-18 
1192.93 1.56176e-18 
1192.94 1.74458e-18 
1192.95 1.948e-18 
1192.96 2.17426e-18 
1192.97 2.42579e-18 
1192.98 2.70901e-18 
1192.99 3.01992e-18 
1193 3.36513e-18 
1193.01 3.74828e-18 
1193.02 4.17333e-18 
1193.03 4.64469e-18 
1193.04 5.16717e-18 
1193.05 5.74606e-18 
1193.06 6.3872e-18 
1193.07 7.09696e-18 
1193.08 7.88237e-18 
1193.09 8.75111e-18 
1193.1 9.71162e-18 
1193.11 1.07731e-17 
1193.12 1.19458e-17 
1193.13 1.32407e-17 
1193.14 1.46699e-17 
1193.15 1.62468e-17 
1193.16 1.79857e-17 
1193.17 1.99027e-17 
1193.18 2.20149e-17 
1193.19 2.43414e-17 
1193.19 2.69027e-17 
1193.2 2.97213e-17 
1193.21 3.28217e-17 
1193.22 3.62777e-17 
1193.23 4.00267e-17 
1193.24 4.41477e-17 
1193.25 4.8673e-17 
1193.26 5.36403e-17 
1193.27 5.90903e-17 
1193.28 6.50673e-17 
1193.29 7.16196e-17 
1193.3 7.87994e-17 
1193.31 8.66635e-17 
1193.32 9.52735e-17 
1193.33 1.04696e-16 
1193.34 1.15003e-16 
1193.35 1.26273e-16 
1193.36 1.38591e-16 
1193.37 1.52048e-16 
1193.38 1.66744e-16 
1193.39 1.82785e-16 
1193.4 2.00287e-16 
1193.41 2.19375e-16 
1193.42 2.40184e-16 
1193.43 2.62859e-16 
1193.44 2.87557e-16 
1193.45 3.14447e-16 
1193.46 3.43711e-16 
1193.47 3.75544e-16 
1193.48 4.10608e-16 
1193.49 4.48268e-16 
1193.5 4.8918e-16 
1193.51 5.33609e-16 
1193.52 5.81834e-16 
1193.53 6.34157e-16 
1193.54 6.90903e-16 
1193.55 7.52419e-16 
1193.56 8.19076e-16 
1193.57 8.91273e-16 
1193.58 9.69437e-16 
1193.59 1.05402e-15 
1193.6 1.14552e-15 
1193.61 1.24523e-15 
1193.62 1.35222e-15 
1193.62 1.4678e-15 
1193.63 1.5926e-15 
1193.64 1.72731e-15 
1193.65 1.87265e-15 
1193.66 2.02939e-15 
1193.67 2.19834e-15 
1193.68 2.38039e-15 
1193.69 2.57645e-15 
1193.7 2.78752e-15 
1193.71 3.01465e-15 
1193.72 3.25895e-15 
1193.73 3.52501e-15 
1193.74 3.80753e-15 
1193.75 4.11101e-15 
1193.76 4.43686e-15 
1193.77 4.78658e-15 
1193.78 5.16175e-15 
1193.79 5.56404e-15 
1193.8 5.99523e-15 
1193.81 6.45719e-15 
1193.82 6.9519e-15 
1193.83 7.48145e-15 
1193.84 8.04804e-15 
1193.85 8.65399e-15 
1193.86 9.30176e-15 
1193.87 9.99392e-15 
1193.88 1.07332e-14 
1193.89 1.15224e-14 
1193.9 1.23646e-14 
1193.91 1.32629e-14 
1193.92 1.42207e-14 
1193.93 1.52414e-14 
1193.94 1.63286e-14 
1193.95 1.74863e-14 
1193.96 1.87184e-14 
1193.97 2.0029e-14 
1193.98 2.14407e-14 
1193.99 2.2923e-14 
1194 2.44979e-14 
1194.01 2.61702e-14 
1194.02 2.79452e-14 
1194.03 2.98284e-14 
1194.04 3.18254e-14 
1194.05 3.39423e-14 
1194.05 3.61851e-14 
1194.06 3.85604e-14 
1194.07 4.10747e-14 
1194.08 4.37351e-14 
1194.09 4.65487e-14 
1194.1 4.95231e-14 
1194.11 5.26659e-14 
1194.12 5.59852e-14 
1194.13 5.94894e-14 
1194.14 6.3187e-14 
1194.15 6.70869e-14 
1194.16 7.11985e-14 
1194.17 7.5531e-14 
1194.18 8.00944e-14 
1194.19 8.48987e-14 
1194.2 8.99543e-14 
1194.21 9.5272e-14 
1194.22 1.00863e-13 
1194.23 1.06813e-13 
1194.24 1.12988e-13 
1194.25 1.19471e-13 
1194.26 1.26274e-13 
1194.27 1.33409e-13 
1194.28 1.40891e-13 
1194.29 1.48731e-13 
1194.3 1.56943e-13 
1194.31 1.6554e-13 
1194.32 1.74537e-13 
1194.33 1.83948e-13 
1194.34 1.93786e-13 
1194.35 2.04067e-13 
1194.36 2.14806e-13 
1194.37 2.26017e-13 
1194.38 2.37716e-13 
1194.39 2.49919e-13 
1194.4 2.6264e-13 
1194.41 2.75895e-13 
1194.42 2.89701e-13 
1194.43 3.04073e-13 
1194.44 3.19027e-13 
1194.45 3.3458e-13 
1194.46 3.50747e-13 
1194.47 3.67545e-13 
1194.47 3.85217e-13 
1194.48 4.03328e-13 
1194.49 4.22123e-13 
1194.5 4.41613e-13 
1194.51 4.61814e-13 
1194.52 4.82741e-13 
1194.53 5.0441e-13 
1194.54 5.26835e-13 
1194.55 5.50033e-13 
1194.56 5.74016e-13 
1194.57 5.988e-13 
1194.58 6.24398e-13 
1194.59 6.50825e-13 
1194.6 6.78091e-13 
1194.61 7.0665e-13 
1194.62 7.35653e-13 
1194.63 7.65532e-13 
1194.64 7.96299e-13 
1194.65 8.27963e-13 
1194.66 8.60534e-13 
1194.67 8.9402e-13 
1194.68 9.28429e-13 
1194.69 9.63767e-13 
1194.7 1.00004e-12 
1194.71 1.03725e-12 
1194.72 1.07541e-12 
1194.73 1.11501e-12 
1194.74 1.15508e-12 
1194.75 1.1961e-12 
1194.76 1.23806e-12 
1194.77 1.28097e-12 
1194.78 1.32483e-12 
1194.79 1.36963e-12 
1194.8 1.41536e-12 
1194.81 1.46203e-12 
1194.82 1.50961e-12 
1194.83 1.5581e-12 
1194.84 1.60749e-12 
1194.85 1.65777e-12 
1194.86 1.70892e-12 
1194.87 1.76093e-12 
1194.88 1.81377e-12 
1194.89 1.86744e-12 
1194.9 1.92191e-12 
1194.9 1.97716e-12 
1194.91 2.03316e-12 
1194.92 2.08989e-12 
1194.93 2.14733e-12 
1194.94 2.20544e-12 
1194.95 2.2642e-12 
1194.96 2.32357e-12 
1194.97 2.38352e-12 
1194.98 2.44478e-12 
1194.99 2.5058e-12 
1195 2.56728e-12 
1195.01 2.6292e-12 
1195.02 2.6915e-12 
1195.03 2.75416e-12 
1195.04 2.81712e-12 
1195.05 2.88035e-12 
1195.06 2.94378e-12 
1195.07 3.00738e-12 
1195.08 3.0711e-12 
1195.09 3.13488e-12 
1195.1 3.19868e-12 
1195.11 3.26245e-12 
1195.12 3.32612e-12 
1195.13 3.38965e-12 
1195.14 3.45298e-12 
1195.15 3.51605e-12 
1195.16 3.57881e-12 
1195.17 3.64121e-12 
1195.18 3.70317e-12 
1195.19 3.76466e-12 
1195.2 3.8256e-12 
1195.21 3.88594e-12 
1195.22 3.94562e-12 
1195.23 4.00531e-12 
1195.24 4.06349e-12 
1195.25 4.12083e-12 
1195.26 4.17728e-12 
1195.27 4.23277e-12 
1195.28 4.28726e-12 
1195.29 4.34069e-12 
1195.3 4.39299e-12 
1195.31 4.44412e-12 
1195.32 4.49403e-12 
1195.32 4.54266e-12 
1195.33 4.58996e-12 
1195.34 4.63588e-12 
1195.35 4.68037e-12 
1195.36 4.72339e-12 
1195.37 4.7649e-12 
1195.38 4.80485e-12 
1195.39 4.84321e-12 
1195.4 4.87994e-12 
1195.41 4.915e-12 
1195.42 4.94836e-12 
1195.43 4.98e-12 
1195.44 5.0099e-12 
1195.45 5.03802e-12 
1195.46 5.06436e-12 
1195.47 5.08889e-12 
1195.48 5.1119e-12 
1195.49 5.13279e-12 
1195.5 5.15188e-12 
1195.51 5.16916e-12 
1195.52 5.18464e-12 
1195.53 5.19836e-12 
1195.54 5.21032e-12 
1195.55 5.22057e-12 
1195.56 5.22914e-12 
1195.57 5.23608e-12 
1195.58 5.24145e-12 
1195.59 5.24531e-12 
1195.6 5.24774e-12 
1195.61 5.25209e-12 
1195.62 5.25193e-12 
1195.63 5.25064e-12 
1195.64 5.24834e-12 
1195.65 5.24518e-12 
1195.66 5.24132e-12 
1195.67 5.23692e-12 
1195.68 5.2322e-12 
1195.69 5.22736e-12 
1195.7 5.22266e-12 
1195.71 5.21835e-12 
1195.72 5.21473e-12 
1195.73 5.21212e-12 
1195.74 5.21093e-12 
1195.75 5.21153e-12 
1195.75 5.21435e-12 
1195.76 5.21988e-12 
1195.77 5.22865e-12 
1195.78 5.24126e-12 
1195.79 5.25833e-12 
1195.8 5.28058e-12 
1195.81 5.30879e-12 
1195.82 5.34381e-12 
1195.83 5.38658e-12 
1195.84 5.43814e-12 
1195.85 5.4996e-12 
1195.86 5.57222e-12 
1195.87 5.65735e-12 
1195.88 5.7565e-12 
1195.89 5.87129e-12 
1195.9 6.00352e-12 
1195.91 6.15517e-12 
1195.92 6.32838e-12 
1195.93 6.52553e-12 
1195.94 6.74919e-12 
1195.95 7.0022e-12 
1195.96 7.28765e-12 
1195.97 7.60894e-12 
1195.98 7.97454e-12 
1195.99 8.37953e-12 
1196 8.83259e-12 
1196.01 9.33857e-12 
1196.02 9.90275e-12 
1196.03 1.05309e-11 
1196.04 1.12293e-11 
1196.05 1.20049e-11 
1196.06 1.28651e-11 
1196.07 1.38181e-11 
1196.08 1.48728e-11 
1196.09 1.60388e-11 
1196.1 1.73268e-11 
1196.11 1.87481e-11 
1196.12 2.03153e-11 
1196.13 2.20418e-11 
1196.14 2.39425e-11 
1196.15 2.60333e-11 
1196.16 2.83316e-11 
1196.17 3.08562e-11 
1196.17 3.36276e-11 
1196.18 3.6668e-11 
1196.19 4.00013e-11 
1196.2 4.36535e-11 
1196.21 4.76529e-11 
1196.22 5.20897e-11 
1196.23 5.68799e-11 
1196.24 6.21193e-11 
1196.25 6.78439e-11 
1196.26 7.40952e-11 
1196.27 8.09182e-11 
1196.28 8.83614e-11 
1196.29 9.64769e-11 
1196.3 1.05321e-10 
1196.31 1.14955e-10 
1196.32 1.25443e-10 
1196.33 1.36857e-10 
1196.34 1.49271e-10 
1196.35 1.62768e-10 
1196.36 1.77434e-10 
1196.37 1.93364e-10 
1196.38 2.10658e-10 
1196.39 2.29424e-10 
1196.4 2.4978e-10 
1196.41 2.71848e-10 
1196.42 2.95762e-10 
1196.43 3.21666e-10 
1196.44 3.49712e-10 
1196.45 3.80063e-10 
1196.46 4.12893e-10 
1196.47 4.48391e-10 
1196.48 4.87253e-10 
1196.49 5.28736e-10 
1196.5 5.73529e-10 
1196.51 6.21873e-10 
1196.52 6.74027e-10 
1196.53 7.30268e-10 
1196.54 7.90887e-10 
1196.55 8.56196e-10 
1196.56 9.26529e-10 
1196.57 1.00224e-09 
1196.58 1.0837e-09 
1196.59 1.1713e-09 
1196.6 1.26548e-09 
1196.6 1.36752e-09 
1196.61 1.47628e-09 
1196.62 1.59304e-09 
1196.63 1.71833e-09 
1196.64 1.85272e-09 
1196.65 1.99681e-09 
1196.66 2.15123e-09 
1196.67 2.31664e-09 
1196.68 2.49375e-09 
1196.69 2.6833e-09 
1196.7 2.88608e-09 
1196.71 3.10291e-09 
1196.72 3.33466e-09 
1196.73 3.58546e-09 
1196.74 3.85007e-09 
1196.75 4.13252e-09 
1196.76 4.43387e-09 
1196.77 4.75525e-09 
1196.78 5.09782e-09 
1196.79 5.46283e-09 
1196.8 5.85157e-09 
1196.81 6.26539e-09 
1196.82 6.70573e-09 
1196.83 7.17407e-09 
1196.84 7.67196e-09 
1196.85 8.20103e-09 
1196.86 8.76299e-09 
1196.87 9.35961e-09 
1196.88 9.99274e-09 
1196.89 1.06643e-08 
1196.9 1.13763e-08 
1196.91 1.21309e-08 
1196.92 1.29302e-08 
1196.93 1.37765e-08 
1196.94 1.46722e-08 
1196.95 1.56197e-08 
1196.96 1.66215e-08 
1196.97 1.76803e-08 
1196.98 1.88131e-08 
1196.99 1.9995e-08 
1197 2.12424e-08 
1197.01 2.25583e-08 
1197.02 2.39458e-08 
1197.03 2.54083e-08 
1197.03 2.6949e-08 
1197.04 2.85713e-08 
1197.05 3.02789e-08 
1197.06 3.20753e-08 
1197.07 3.39643e-08 
1197.08 3.59498e-08 
1197.09 3.80358e-08 
1197.1 4.02262e-08 
1197.11 4.25252e-08 
1197.12 4.49372e-08 
1197.13 4.74664e-08 
1197.14 5.01174e-08 
1197.15 5.28946e-08 
1197.16 5.58029e-08 
1197.17 5.88467e-08 
1197.18 6.20312e-08 
1197.19 6.5361e-08 
1197.2 6.88413e-08 
1197.21 7.24771e-08 
1197.22 7.62735e-08 
1197.23 8.02864e-08 
1197.24 8.4422e-08 
1197.25 8.87341e-08 
1197.26 9.32281e-08 
1197.27 9.79094e-08 
1197.28 1.02784e-07 
1197.29 1.07856e-07 
1197.3 1.13132e-07 
1197.31 1.18618e-07 
1197.32 1.24318e-07 
1197.33 1.30239e-07 
1197.34 1.36385e-07 
1197.35 1.42763e-07 
1197.36 1.49378e-07 
1197.37 1.56235e-07 
1197.38 1.6334e-07 
1197.39 1.70697e-07 
1197.4 1.78313e-07 
1197.41 1.86192e-07 
1197.42 1.94339e-07 
1197.43 2.02759e-07 
1197.44 2.11457e-07 
1197.45 2.20438e-07 
1197.45 2.29705e-07 
1197.46 2.39264e-07 
1197.47 2.49118e-07 
1197.48 2.594e-07 
1197.49 2.6986e-07 
1197.5 2.80626e-07 
1197.51 2.91703e-07 
1197.52 3.03091e-07 
1197.53 3.14795e-07 
1197.54 3.26817e-07 
1197.55 3.39158e-07 
1197.56 3.51821e-07 
1197.57 3.64807e-07 
1197.58 3.78116e-07 
1197.59 3.91751e-07 
1197.6 4.0571e-07 
1197.61 4.20255e-07 
1197.62 4.34872e-07 
1197.63 4.49814e-07 
1197.64 4.65077e-07 
1197.65 4.80662e-07 
1197.66 4.96564e-07 
1197.67 5.12783e-07 
1197.68 5.29314e-07 
1197.69 5.46153e-07 
1197.7 5.63298e-07 
1197.71 5.80742e-07 
1197.72 5.98481e-07 
1197.73 6.16736e-07 
1197.74 6.3505e-07 
1197.75 6.53641e-07 
1197.76 6.72499e-07 
1197.77 6.91619e-07 
1197.78 7.1099e-07 
1197.79 7.30606e-07 
1197.8 7.50454e-07 
1197.81 7.70527e-07 
1197.82 7.90814e-07 
1197.83 8.11302e-07 
1197.84 8.31981e-07 
1197.85 8.52838e-07 
1197.86 8.73861e-07 
1197.87 8.95036e-07 
1197.88 9.16351e-07 
1197.88 9.3779e-07 
1197.89 9.5934e-07 
1197.9 9.80984e-07 
1197.91 1.00271e-06 
1197.92 1.0245e-06 
1197.93 1.04633e-06 
1197.94 1.0682e-06 
1197.95 1.09008e-06 
1197.96 1.11195e-06 
1197.97 1.13381e-06 
1197.98 1.15589e-06 
1197.99 1.17765e-06 
1198 1.19933e-06 
1198.01 1.22091e-06 
1198.02 1.24238e-06 
1198.03 1.26372e-06 
1198.04 1.28491e-06 
1198.05 1.30592e-06 
1198.06 1.32674e-06 
1198.07 1.34735e-06 
1198.08 1.36773e-06 
1198.09 1.38787e-06 
1198.1 1.40773e-06 
1198.11 1.42731e-06 
1198.12 1.44658e-06 
1198.13 1.46553e-06 
1198.14 1.48414e-06 
1198.15 1.50238e-06 
1198.16 1.52025e-06 
1198.17 1.53771e-06 
1198.18 1.55477e-06 
1198.19 1.57139e-06 
1198.2 1.58756e-06 
1198.21 1.60328e-06 
1198.22 1.61851e-06 
1198.23 1.63343e-06 
1198.24 1.64766e-06 
1198.25 1.66137e-06 
1198.26 1.67454e-06 
1198.27 1.68716e-06 
1198.28 1.69923e-06 
1198.29 1.71073e-06 
1198.3 1.72165e-06 
1198.3 1.73198e-06 
1198.31 1.74172e-06 
1198.32 1.75085e-06 
1198.33 1.75937e-06 
1198.34 1.76727e-06 
1198.35 1.77455e-06 
1198.36 1.7812e-06 
1198.37 1.78722e-06 
1198.38 1.79261e-06 
1198.39 1.79737e-06 
1198.4 1.80149e-06 
1198.41 1.80498e-06 
1198.42 1.80783e-06 
1198.43 1.81005e-06 
1198.44 1.81165e-06 
1198.45 1.81262e-06 
1198.46 1.81298e-06 
1198.47 1.81272e-06 
1198.48 1.81185e-06 
1198.49 1.81038e-06 
1198.5 1.80833e-06 
1198.51 1.80569e-06 
1198.52 1.80249e-06 
1198.53 1.79873e-06 
1198.54 1.79442e-06 
1198.55 1.78958e-06 
1198.56 1.78422e-06 
1198.57 1.77836e-06 
1198.58 1.77201e-06 
1198.59 1.76518e-06 
1198.6 1.7579e-06 
1198.61 1.75126e-06 
1198.62 1.7431e-06 
1198.63 1.73454e-06 
1198.64 1.72559e-06 
1198.65 1.71628e-06 
1198.66 1.70661e-06 
1198.67 1.69661e-06 
1198.68 1.68631e-06 
1198.69 1.67571e-06 
1198.7 1.66485e-06 
1198.71 1.65374e-06 
1198.72 1.6424e-06 
1198.73 1.6307e-06 
1198.73 1.61897e-06 
1198.74 1.60707e-06 
1198.75 1.59503e-06 
1198.76 1.58286e-06 
1198.77 1.57059e-06 
1198.78 1.55824e-06 
1198.79 1.54583e-06 
1198.8 1.53338e-06 
1198.81 1.52091e-06 
1198.82 1.50843e-06 
1198.83 1.49597e-06 
1198.84 1.48355e-06 
1198.85 1.47118e-06 
1198.86 1.45888e-06 
1198.87 1.44666e-06 
1198.88 1.43456e-06 
1198.89 1.42257e-06 
1198.9 1.41072e-06 
1198.91 1.39902e-06 
1198.92 1.38748e-06 
1198.93 1.37612e-06 
1198.94 1.36494e-06 
1198.95 1.35397e-06 
1198.96 1.34321e-06 
1198.97 1.33268e-06 
1198.98 1.32224e-06 
1198.99 1.31218e-06 
1199 1.30236e-06 
1199.01 1.2928e-06 
1199.02 1.2835e-06 
1199.03 1.27446e-06 
1199.04 1.26569e-06 
1199.05 1.25719e-06 
1199.06 1.24897e-06 
1199.07 1.24102e-06 
1199.08 1.23335e-06 
1199.09 1.22595e-06 
1199.1 1.21883e-06 
1199.11 1.21198e-06 
1199.12 1.2054e-06 
1199.13 1.19909e-06 
1199.14 1.19304e-06 
1199.15 1.18725e-06 
1199.15 1.18172e-06 
1199.16 1.17642e-06 
1199.17 1.17137e-06 
1199.18 1.16654e-06 
1199.19 1.16194e-06 
1199.2 1.15756e-06 
1199.21 1.15337e-06 
1199.22 1.14934e-06 
1199.23 1.14553e-06 
1199.24 1.1419e-06 
1199.25 1.13843e-06 
1199.26 1.13511e-06 
1199.27 1.13193e-06 
1199.28 1.12887e-06 
1199.29 1.12592e-06 
1199.3 1.12307e-06 
1199.31 1.12031e-06 
1199.32 1.11763e-06 
1199.33 1.115e-06 
1199.34 1.11242e-06 
1199.35 1.10987e-06 
1199.36 1.10734e-06 
1199.37 1.10482e-06 
1199.38 1.10229e-06 
1199.39 1.09974e-06 
1199.4 1.09716e-06 
1199.41 1.09453e-06 
1199.42 1.09185e-06 
1199.43 1.0891e-06 
1199.44 1.08626e-06 
1199.45 1.08333e-06 
1199.46 1.0803e-06 
1199.47 1.07715e-06 
1199.48 1.07384e-06 
1199.49 1.07043e-06 
1199.5 1.06688e-06 
1199.51 1.06317e-06 
1199.52 1.0593e-06 
1199.53 1.05527e-06 
1199.54 1.05106e-06 
1199.55 1.04667e-06 
1199.56 1.0421e-06 
1199.57 1.03733e-06 
1199.58 1.03236e-06 
1199.58 1.0272e-06 
1199.59 1.02183e-06 
1199.6 1.01626e-06 
1199.61 1.01111e-06 
1199.62 1.00512e-06 
1199.63 9.9893e-07 
1199.64 9.9253e-07 
1199.65 9.85926e-07 
1199.66 9.7912e-07 
1199.67 9.72115e-07 
1199.68 9.64914e-07 
1199.69 9.57524e-07 
1199.7 9.49947e-07 
1199.71 9.42192e-07 
1199.72 9.34264e-07 
1199.73 9.26069e-07 
1199.74 9.17817e-07 
1199.75 9.09417e-07 
1199.76 9.00879e-07 
1199.77 8.92213e-07 
1199.78 8.8343e-07 
1199.79 8.74541e-07 
1199.8 8.65558e-07 
1199.81 8.56495e-07 
1199.82 8.47365e-07 
1199.83 8.3818e-07 
1199.84 8.28958e-07 
1199.85 8.19711e-07 
1199.86 8.10455e-07 
1199.87 8.01208e-07 
1199.88 7.91984e-07 
1199.89 7.82802e-07 
1199.9 7.73677e-07 
1199.91 7.64629e-07 
1199.92 7.55675e-07 
1199.93 7.46834e-07 
1199.94 7.38124e-07 
1199.95 7.29564e-07 
1199.96 7.21174e-07 
1199.97 7.12974e-07 
1199.98 7.04885e-07 
1199.99 6.97125e-07 
1200 6.89615e-07 
1200.01 6.82375e-07 
1200.01 6.75425e-07 
1200.02 6.68785e-07 
1200.03 6.62477e-07 
1200.04 6.5652e-07 
1200.05 6.50935e-07 
1200.06 6.45743e-07 
1200.07 6.40963e-07 
1200.08 6.36617e-07 
1200.09 6.32724e-07 
1200.1 6.29304e-07 
1200.11 6.26377e-07 
1200.12 6.23963e-07 
1200.13 6.22081e-07 
1200.14 6.20749e-07 
1200.15 6.19987e-07 
1200.16 6.19813e-07 
1200.17 6.20245e-07 
1200.18 6.21299e-07 
1200.19 6.22995e-07 
1200.2 6.25347e-07 
1200.21 6.28371e-07 
1200.22 6.32084e-07 
1200.23 6.3656e-07 
1200.24 6.41703e-07 
1200.25 6.47576e-07 
1200.26 6.54193e-07 
1200.27 6.61566e-07 
1200.28 6.69706e-07 
1200.29 6.78624e-07 
1200.3 6.88328e-07 
1200.31 6.98829e-07 
1200.32 7.10132e-07 
1200.33 7.22247e-07 
1200.34 7.35177e-07 
1200.35 7.48929e-07 
1200.36 7.63505e-07 
1200.37 7.78908e-07 
1200.38 7.9514e-07 
1200.39 8.122e-07 
1200.4 8.30089e-07 
1200.41 8.48804e-07 
1200.42 8.68342e-07 
1200.43 8.88697e-07 
1200.43 9.09864e-07 
1200.44 9.31836e-07 
1200.45 9.54604e-07 
1200.46 9.78157e-07 
1200.47 1.00249e-06 
1200.48 1.02789e-06 
1200.49 1.05374e-06 
1200.5 1.08032e-06 
1200.51 1.10761e-06 
1200.52 1.1356e-06 
1200.53 1.16426e-06 
1200.54 1.19358e-06 
1200.55 1.22353e-06 
1200.56 1.25409e-06 
1200.57 1.28522e-06 
1200.58 1.31692e-06 
1200.59 1.34913e-06 
1200.6 1.38185e-06 
1200.61 1.4159e-06 
1200.62 1.44953e-06 
1200.63 1.48356e-06 
1200.64 1.51795e-06 
1200.65 1.55266e-06 
1200.66 1.58767e-06 
1200.67 1.62292e-06 
1200.68 1.65839e-06 
1200.69 1.69403e-06 
1200.7 1.72979e-06 
1200.71 1.76564e-06 
1200.72 1.80153e-06 
1200.73 1.83787e-06 
1200.74 1.87371e-06 
1200.75 1.90945e-06 
1200.76 1.94506e-06 
1200.77 1.98048e-06 
1200.78 2.01567e-06 
1200.79 2.05058e-06 
1200.8 2.08516e-06 
1200.81 2.11936e-06 
1200.82 2.15314e-06 
1200.83 2.18645e-06 
1200.84 2.21925e-06 
1200.85 2.25147e-06 
1200.85 2.28309e-06 
1200.86 2.31405e-06 
1200.87 2.34431e-06 
1200.88 2.37382e-06 
1200.89 2.40254e-06 
1200.9 2.43042e-06 
1200.91 2.45742e-06 
1200.92 2.4835e-06 
1200.93 2.50863e-06 
1200.94 2.53275e-06 
1200.95 2.55584e-06 
1200.96 2.57785e-06 
1200.97 2.59876e-06 
1200.98 2.61877e-06 
1200.99 2.63735e-06 
1201 2.65472e-06 
1201.01 2.67087e-06 
1201.02 2.68575e-06 
1201.03 2.69936e-06 
1201.04 2.71166e-06 
1201.05 2.72264e-06 
1201.06 2.73227e-06 
1201.07 2.74055e-06 
1201.08 2.74745e-06 
1201.09 2.75297e-06 
1201.1 2.7571e-06 
1201.11 2.75982e-06 
1201.12 2.76114e-06 
1201.13 2.76105e-06 
1201.14 2.75955e-06 
1201.15 2.75664e-06 
1201.16 2.75233e-06 
1201.17 2.74662e-06 
1201.18 2.73953e-06 
1201.19 2.73105e-06 
1201.2 2.72121e-06 
1201.21 2.71002e-06 
1201.22 2.69749e-06 
1201.23 2.68347e-06 
1201.24 2.66833e-06 
1201.25 2.65191e-06 
1201.26 2.63425e-06 
1201.27 2.61538e-06 
1201.28 2.59531e-06 
1201.28 2.57409e-06 
1201.29 2.55174e-06 
1201.3 2.5283e-06 
1201.31 2.5038e-06 
1201.32 2.47828e-06 
1201.33 2.45178e-06 
1201.34 2.42433e-06 
1201.35 2.39598e-06 
1201.36 2.36676e-06 
1201.37 2.33672e-06 
1201.38 2.3059e-06 
1201.39 2.27435e-06 
1201.4 2.2421e-06 
1201.41 2.20921e-06 
1201.42 2.17571e-06 
1201.43 2.14165e-06 
1201.44 2.10708e-06 
1201.45 2.07205e-06 
1201.46 2.03659e-06 
1201.47 2.00076e-06 
1201.48 1.96414e-06 
1201.49 1.92768e-06 
1201.5 1.89098e-06 
1201.51 1.85409e-06 
1201.52 1.81704e-06 
1201.53 1.77988e-06 
1201.54 1.74266e-06 
1201.55 1.70541e-06 
1201.56 1.66817e-06 
1201.57 1.63099e-06 
1201.58 1.5939e-06 
1201.59 1.55694e-06 
1201.6 1.52015e-06 
1201.61 1.48448e-06 
1201.62 1.44811e-06 
1201.63 1.41201e-06 
1201.64 1.37621e-06 
1201.65 1.34075e-06 
1201.66 1.30565e-06 
1201.67 1.27095e-06 
1201.68 1.23667e-06 
1201.69 1.20283e-06 
1201.7 1.16946e-06 
1201.7 1.13658e-06 
1201.71 1.10422e-06 
1201.72 1.07199e-06 
1201.73 1.04071e-06 
1201.74 1.01e-06 
1201.75 9.7988e-07 
1201.76 9.50352e-07 
1201.77 9.21435e-07 
1201.78 8.93139e-07 
1201.79 8.65473e-07 
1201.8 8.38447e-07 
1201.81 8.12068e-07 
1201.82 7.86342e-07 
1201.83 7.61273e-07 
1201.84 7.36864e-07 
1201.85 7.13118e-07 
1201.86 6.90037e-07 
1201.87 6.67619e-07 
1201.88 6.45864e-07 
1201.89 6.24769e-07 
1201.9 6.04332e-07 
1201.91 5.84547e-07 
1201.92 5.65411e-07 
1201.93 5.46916e-07 
1201.94 5.29056e-07 
1201.95 5.11823e-07 
1201.96 4.95209e-07 
1201.97 4.79205e-07 
1201.98 4.63612e-07 
1201.99 4.48804e-07 
1202 4.34575e-07 
1202.01 4.20913e-07 
1202.02 4.07805e-07 
1202.03 3.9524e-07 
1202.04 3.83204e-07 
1202.05 3.71684e-07 
1202.06 3.60667e-07 
1202.07 3.50138e-07 
1202.08 3.40084e-07 
1202.09 3.30491e-07 
1202.1 3.21344e-07 
1202.11 3.12628e-07 
1202.12 3.04329e-07 
1202.13 2.96431e-07 
1202.13 2.88922e-07 
1202.14 2.81784e-07 
1202.15 2.75005e-07 
1202.16 2.68568e-07 
1202.17 2.62461e-07 
1202.18 2.56667e-07 
1202.19 2.51173e-07 
1202.2 2.45966e-07 
1202.21 2.4103e-07 
1202.22 2.36296e-07 
1202.23 2.31865e-07 
1202.24 2.27666e-07 
1202.25 2.23685e-07 
1202.26 2.19909e-07 
1202.27 2.16327e-07 
1202.28 2.12926e-07 
1202.29 2.09695e-07 
1202.3 2.06621e-07 
1202.31 2.03694e-07 
1202.32 2.00903e-07 
1202.33 1.98237e-07 
1202.34 1.95687e-07 
1202.35 1.93243e-07 
1202.36 1.90896e-07 
1202.37 1.88637e-07 
1202.38 1.86456e-07 
1202.39 1.84347e-07 
1202.4 1.82301e-07 
1202.41 1.80311e-07 
1202.42 1.7837e-07 
1202.43 1.76471e-07 
1202.44 1.74609e-07 
1202.45 1.72776e-07 
1202.46 1.70968e-07 
1202.47 1.69179e-07 
1202.48 1.67383e-07 
1202.49 1.65619e-07 
1202.5 1.63861e-07 
1202.51 1.62106e-07 
1202.52 1.60349e-07 
1202.53 1.58587e-07 
1202.54 1.56818e-07 
1202.55 1.5504e-07 
1202.56 1.53249e-07 
1202.56 1.51444e-07 
1202.57 1.49624e-07 
1202.58 1.47786e-07 
1202.59 1.4593e-07 
1202.6 1.44054e-07 
1202.61 1.42247e-07 
1202.62 1.4033e-07 
1202.63 1.38392e-07 
1202.64 1.36433e-07 
1202.65 1.34453e-07 
1202.66 1.32453e-07 
1202.67 1.30433e-07 
1202.68 1.28393e-07 
1202.69 1.26335e-07 
1202.7 1.24259e-07 
1202.71 1.22165e-07 
1202.72 1.20056e-07 
1202.73 1.17906e-07 
1202.74 1.15769e-07 
1202.75 1.13621e-07 
1202.76 1.11462e-07 
1202.77 1.09294e-07 
1202.78 1.07118e-07 
1202.79 1.04938e-07 
1202.8 1.02753e-07 
1202.81 1.00566e-07 
1202.82 9.83778e-08 
1202.83 9.61913e-08 
1202.84 9.40076e-08 
1202.85 9.18285e-08 
1202.86 8.96557e-08 
1202.87 8.74911e-08 
1202.88 8.53361e-08 
1202.89 8.31927e-08 
1202.9 8.10622e-08 
1202.91 7.89465e-08 
1202.92 7.6847e-08 
1202.93 7.47653e-08 
1202.94 7.27028e-08 
1202.95 7.0661e-08 
1202.96 6.86413e-08 
1202.97 6.6645e-08 
1202.98 6.46732e-08 
1202.98 6.27032e-08 
1202.99 6.07846e-08 
1203 5.88941e-08 
1203.01 5.70326e-08 
1203.02 5.52012e-08 
1203.03 5.34006e-08 
1203.04 5.16316e-08 
1203.05 4.98951e-08 
1203.06 4.81917e-08 
1203.07 4.65219e-08 
1203.08 4.48863e-08 
1203.09 4.32854e-08 
1203.1 4.17195e-08 
1203.11 4.0189e-08 
1203.12 3.86942e-08 
1203.13 3.72353e-08 
1203.14 3.58124e-08 
1203.15 3.44256e-08 
1203.16 3.3075e-08 
1203.17 3.17605e-08 
1203.18 3.0482e-08 
1203.19 2.92394e-08 
1203.2 2.80326e-08 
1203.21 2.68613e-08 
1203.22 2.57252e-08 
1203.23 2.46105e-08 
1203.24 2.35444e-08 
1203.25 2.25124e-08 
1203.26 2.15142e-08 
1203.27 2.05493e-08 
1203.28 1.96172e-08 
1203.29 1.87173e-08 
1203.3 1.78493e-08 
1203.31 1.70123e-08 
1203.32 1.6206e-08 
1203.33 1.54297e-08 
1203.34 1.46826e-08 
1203.35 1.39643e-08 
1203.36 1.32741e-08 
1203.37 1.26112e-08 
1203.38 1.1975e-08 
1203.39 1.13648e-08 
1203.4 1.07799e-08 
1203.41 1.02197e-08 
1203.41 9.6834e-09 
1203.42 9.17034e-09 
1203.43 8.67981e-09 
1203.44 8.21113e-09 
1203.45 7.7636e-09 
1203.46 7.33653e-09 
1203.47 6.92924e-09 
1203.48 6.53633e-09 
1203.49 6.16681e-09 
1203.5 5.81508e-09 
1203.51 5.48046e-09 
1203.52 5.16234e-09 
1203.53 4.86008e-09 
1203.54 4.57307e-09 
1203.55 4.3007e-09 
1203.56 4.04239e-09 
1203.57 3.79756e-09 
1203.58 3.56565e-09 
1203.59 3.3461e-09 
1203.6 3.13839e-09 
1203.61 2.94382e-09 
1203.62 2.75813e-09 
1203.63 2.58277e-09 
1203.64 2.41726e-09 
1203.65 2.26114e-09 
1203.66 2.11398e-09 
1203.67 1.97533e-09 
1203.68 1.84479e-09 
1203.69 1.72195e-09 
1203.7 1.60643e-09 
1203.71 1.49786e-09 
1203.72 1.39588e-09 
1203.73 1.29898e-09 
1203.74 1.20923e-09 
1203.75 1.12509e-09 
1203.76 1.04623e-09 
1203.77 9.72383e-10 
1203.78 9.03262e-10 
1203.79 8.38606e-10 
1203.8 7.7816e-10 
1203.81 7.21685e-10 
1203.82 6.6895e-10 
1203.83 6.19736e-10 
1203.83 5.73835e-10 
1203.84 5.31049e-10 
1203.85 4.9119e-10 
1203.86 4.54079e-10 
1203.87 4.19547e-10 
1203.88 3.87433e-10 
1203.89 3.57586e-10 
1203.9 3.29862e-10 
1203.91 3.04124e-10 
1203.92 2.80244e-10 
1203.93 2.581e-10 
1203.94 2.37579e-10 
1203.95 2.18573e-10 
1203.96 2.00979e-10 
1203.97 1.84702e-10 
1203.98 1.69472e-10 
1203.99 1.55579e-10 
1204 1.42749e-10 
1204.01 1.30906e-10 
1204.02 1.19982e-10 
1204.03 1.0991e-10 
1204.04 1.0063e-10 
1204.05 9.20839e-11 
1204.06 8.42185e-11 
1204.07 7.69837e-11 
1204.08 7.03327e-11 
1204.09 6.42219e-11 
1204.1 5.86106e-11 
1204.11 5.34609e-11 
1204.12 4.87375e-11 
1204.13 4.44077e-11 
1204.14 4.04408e-11 
1204.15 3.68086e-11 
1204.16 3.34846e-11 
1204.17 3.04445e-11 
1204.18 2.76656e-11 
1204.19 2.51269e-11 
1204.2 2.28089e-11 
1204.21 2.06936e-11 
1204.22 1.87645e-11 
1204.23 1.69851e-11 
1204.24 1.5385e-11 
1204.25 1.39283e-11 
1204.26 1.26027e-11 
1204.26 1.13971e-11 
1204.27 1.03014e-11 
1204.28 9.30602e-12 
1204.29 8.40231e-12 
1204.3 7.5823e-12 
1204.31 6.83864e-12 
1204.32 6.16462e-12 
1204.33 5.55405e-12 
1204.34 5.00128e-12 
1204.35 4.50111e-12 
1204.36 4.04878e-12 
1204.37 3.63997e-12 
1204.38 3.27067e-12 
1204.39 2.93727e-12 
1204.4 2.63644e-12 
1204.41 2.36516e-12 
1204.42 2.12065e-12 
1204.43 1.9004e-12 
1204.44 1.70211e-12 
1204.45 1.5237e-12 
1204.46 1.36325e-12 
1204.47 1.21905e-12 
1204.48 1.08798e-12 
1204.49 9.7185e-13 
1204.5 8.67647e-13 
1204.51 7.74201e-13 
1204.52 6.9045e-13 
1204.53 6.15428e-13 
1204.54 5.48265e-13 
1204.55 4.88169e-13 
1204.56 4.34428e-13 
1204.57 3.86395e-13 
1204.58 3.4349e-13 
1204.59 3.05184e-13 
1204.6 2.71006e-13 
1204.61 2.40526e-13 
1204.62 2.13491e-13 
1204.63 1.89277e-13 
1204.64 1.67719e-13 
1204.65 1.48537e-13 
1204.66 1.31479e-13 
1204.67 1.16317e-13 
1204.68 1.02848e-13 
1204.68 9.08902e-14 
1204.69 8.02796e-14 
1204.7 7.08698e-14 
1204.71 6.25294e-14 
1204.72 5.50541e-14 
1204.73 4.85227e-14 
1204.74 4.27431e-14 
1204.75 3.76318e-14 
1204.76 3.3114e-14 
1204.77 2.91229e-14 
1204.78 2.55991e-14 
1204.79 2.24897e-14 
1204.8 1.97473e-14 
1204.81 1.73301e-14 
1204.82 1.52006e-14 
1204.83 1.33256e-14 
1204.84 1.16757e-14 
1204.85 1.02245e-14 
1204.86 8.94893e-15 
1204.87 7.82829e-15 
1204.88 6.84431e-15 
1204.89 5.98081e-15 
1204.9 5.22345e-15 
1204.91 4.55955e-15 
1204.92 3.9779e-15 
1204.93 3.46859e-15 
1204.94 3.02287e-15 
1204.95 2.63302e-15 
1204.96 2.29221e-15 
1204.97 1.99445e-15 
1204.98 1.7314e-15 
1204.99 1.50486e-15 
1205 1.30727e-15 
1205.01 1.13501e-15 
1205.02 9.84918e-16 
1205.03 8.54217e-16 
1205.04 7.40465e-16 
1205.05 6.41516e-16 
1205.06 5.55492e-16 
1205.07 4.80745e-16 
1205.08 4.15834e-16 
1205.09 3.59494e-16 
1205.1 3.10621e-16 
1205.11 2.68249e-16 
1205.11 2.31532e-16 
1205.12 1.99734e-16 
1205.13 1.72211e-16 
1205.14 1.48401e-16 
1205.15 1.27814e-16 
1205.16 1.10024e-16 
1205.17 9.46598e-17 
1205.18 8.13972e-17 
1205.19 6.99554e-17 
1205.2 6.00897e-17 
1205.21 5.15877e-17 
1205.22 4.41862e-17 
1205.23 3.78882e-17 
1205.24 3.2475e-17 
1205.25 2.78203e-17 
1205.26 2.38199e-17 
1205.27 2.03839e-17 
1205.28 1.74342e-17 
1205.29 1.49033e-17 
1205.3 1.2733e-17 
1205.31 1.08729e-17 
1205.32 9.27958e-18 
1205.33 7.9155e-18 
1205.34 6.74831e-18 
1205.35 5.75016e-18 
1205.36 4.89701e-18 
1205.37 4.16822e-18 
1205.38 3.54598e-18 
1205.39 3.01502e-18 
1205.4 2.56218e-18 
1205.41 2.1762e-18 
1205.42 1.84737e-18 
1205.43 1.56738e-18 
1205.44 1.32912e-18 
1205.45 1.12648e-18 
1205.46 9.54214e-19 
1205.47 8.07861e-19 
1205.48 6.82272e-19 
1205.49 5.76912e-19 
1205.5 4.8764e-19 
1205.51 4.11962e-19 
1205.52 3.47842e-19 
1205.53 2.93544e-19 
1205.54 2.47589e-19 
1205.54 2.08717e-19 
1205.55 1.75854e-19 
1205.56 1.48085e-19 
1205.57 1.24635e-19 
1205.58 1.04842e-19 
1205.59 8.8145e-20 
1205.6 7.40674e-20 
1205.61 6.22432e-20 
1205.62 5.22463e-20 
1205.63 4.38316e-20 
1205.64 3.67524e-20 
1205.65 3.08e-20 
1205.66 2.57979e-20 
1205.67 2.15966e-20 
1205.68 1.80697e-20 
1205.69 1.51108e-20 
1205.7 1.26296e-20 
1205.71 1.05501e-20 
1205.72 8.80834e-21 
1205.73 7.33354e-21 
1205.74 6.1162e-21 
1205.75 5.0982e-21 
1205.76 4.24736e-21 
1205.77 3.53662e-21 
1205.78 2.94324e-21 
1205.79 2.4481e-21 
1205.8 2.03517e-21 
1205.81 1.69098e-21 
1205.82 1.40425e-21 
1205.83 1.16552e-21 
1205.84 9.66849e-22 
1205.85 8.01616e-22 
1205.86 6.64264e-22 
1205.87 5.50152e-22 
1205.88 4.55399e-22 
1205.89 3.76763e-22 
1205.9 3.11539e-22 
1205.91 2.57468e-22 
1205.92 2.12668e-22 
1205.93 1.75569e-22 
1205.94 1.44864e-22 
1205.95 1.19465e-22 
1205.96 9.8466e-23 
1205.96 8.11149e-23 
1205.97 6.67855e-23 
1205.98 5.48241e-23 
1205.99 4.50904e-23 
1206 3.70651e-23 
1206.01 3.04518e-23 
1206.02 2.5005e-23 
1206.03 2.05215e-23 
1206.04 1.68329e-23 
1206.05 1.37999e-23 
1206.06 1.13073e-23 
1206.07 9.25997e-24 
1206.08 7.57928e-24 
1206.09 6.20031e-24 
1206.1 5.06951e-24 
1206.11 4.14272e-24 
1206.12 3.38355e-24 
1206.13 2.76202e-24 
1206.14 2.25346e-24 
1206.15 1.83754e-24 
1206.16 1.49759e-24 
1206.17 1.21988e-24 
1206.18 9.93134e-25 
1206.19 8.08101e-25 
1206.2 6.5719e-25 
1206.21 5.34174e-25 
1206.22 4.33953e-25 
1206.23 3.51428e-25 
1206.24 2.85186e-25 
1206.25 2.31306e-25 
1206.26 1.87504e-25 
1206.27 1.51916e-25 
1206.28 1.23017e-25 
1206.29 9.95615e-26 
1206.3 8.05352e-26 
1206.31 6.511e-26 
1206.32 5.2611e-26 
1206.33 4.24886e-26 
1206.34 3.42954e-26 
1206.35 2.76673e-26 
1206.36 2.23082e-26 
1206.37 1.79775e-26 
1206.38 1.44798e-26 
1206.39 1.16563e-26 
1206.39 9.37839e-27 
1206.4 7.54158e-27 
1206.41 6.06127e-27 
1206.42 4.86891e-27 
1206.43 3.90902e-27 
1206.44 3.13668e-27 
1206.45 2.5156e-27 
1206.46 2.01641e-27 
1206.47 1.61541e-27 
1206.48 1.28987e-27 
1206.49 1.03225e-27 
1206.5 8.25632e-28 
1206.51 6.6002e-28 
1206.52 5.27345e-28 
1206.53 4.21114e-28 
1206.54 3.36103e-28 
1206.55 2.68109e-28 
1206.56 2.13756e-28 
1206.57 1.70331e-28 
1206.58 1.35655e-28 
1206.59 1.0798e-28 
1206.6 0 
