#energy geo_1 
1186.6 0 
1186.61 0 
1186.62 0 
1186.63 0 
1186.64 0 
1186.65 0 
1186.66 0 
1186.67 0 
1186.68 0 
1186.69 0 
1186.7 0 
1186.71 0 
1186.72 0 
1186.73 0 
1186.74 0 
1186.75 0 
1186.76 0 
1186.77 0 
1186.78 0 
1186.79 0 
1186.8 0 
1186.81 0 
1186.81 0 
1186.82 0 
1186.83 0 
1186.84 0 
1186.85 0 
1186.86 0 
1186.87 0 
1186.88 0 
1186.89 0 
1186.9 0 
1186.91 0 
1186.92 0 
1186.93 0 
1186.94 0 
1186.95 0 
1186.96 0 
1186.97 0 
1186.98 0 
1186.99 0 
1187 0 
1187.01 0 
1187.02 0 
1187.03 0 
1187.04 0 
1187.05 0 
1187.06 0 
1187.07 0 
1187.08 0 
1187.09 0 
1187.1 0 
1187.11 0 
1187.12 0 
1187.13 0 
1187.14 0 
1187.15 0 
1187.16 0 
1187.17 0 
1187.18 0 
1187.19 0 
1187.2 0 
1187.21 0 
1187.22 0 
1187.23 0 
1187.24 0 
1187.24 0 
1187.25 0 
1187.26 0 
1187.27 0 
1187.28 0 
1187.29 0 
1187.3 0 
1187.31 0 
1187.32 0 
1187.33 0 
1187.34 0 
1187.35 0 
1187.36 0 
1187.37 0 
1187.38 0 
1187.39 0 
1187.4 0 
1187.41 0 
1187.42 0 
1187.43 0 
1187.44 0 
1187.45 0 
1187.46 0 
1187.47 0 
1187.48 0 
1187.49 0 
1187.5 0 
1187.51 0 
1187.52 0 
1187.53 0 
1187.54 0 
1187.55 0 
1187.56 0 
1187.57 0 
1187.58 0 
1187.59 0 
1187.6 0 
1187.61 0 
1187.62 0 
1187.63 0 
1187.64 0 
1187.65 0 
1187.66 0 
1187.66 0 
1187.67 0 
1187.68 0 
1187.69 0 
1187.7 0 
1187.71 0 
1187.72 0 
1187.73 0 
1187.74 0 
1187.75 0 
1187.76 0 
1187.77 0 
1187.78 0 
1187.79 0 
1187.8 0 
1187.81 0 
1187.82 0 
1187.83 0 
1187.84 0 
1187.85 0 
1187.86 0 
1187.87 0 
1187.88 0 
1187.89 0 
1187.9 0 
1187.91 0 
1187.92 0 
1187.93 0 
1187.94 0 
1187.95 0 
1187.96 0 
1187.97 0 
1187.98 0 
1187.99 0 
1188 0 
1188.01 0 
1188.02 0 
1188.03 0 
1188.04 0 
1188.05 0 
1188.06 0 
1188.07 0 
1188.08 0 
1188.09 0 
1188.09 0 
1188.1 0 
1188.11 0 
1188.12 0 
1188.13 0 
1188.14 0 
1188.15 0 
1188.16 0 
1188.17 0 
1188.18 0 
1188.19 0 
1188.2 0 
1188.21 0 
1188.22 0 
1188.23 0 
1188.24 0 
1188.25 0 
1188.26 0 
1188.27 0 
1188.28 0 
1188.29 0 
1188.3 0 
1188.31 0 
1188.32 0 
1188.33 0 
1188.34 0 
1188.35 0 
1188.36 0 
1188.37 0 
1188.38 0 
1188.39 0 
1188.4 0 
1188.41 0 
1188.42 0 
1188.43 0 
1188.44 0 
1188.45 0 
1188.46 0 
1188.47 0 
1188.48 0 
1188.49 0 
1188.5 0 
1188.51 0 
1188.52 0 
1188.52 0 
1188.53 0 
1188.54 0 
1188.55 0 
1188.56 0 
1188.57 0 
1188.58 0 
1188.59 0 
1188.6 0 
1188.61 0 
1188.62 0 
1188.63 0 
1188.64 0 
1188.65 0 
1188.66 0 
1188.67 0 
1188.68 0 
1188.69 0 
1188.7 0 
1188.71 0 
1188.72 0 
1188.73 0 
1188.74 0 
1188.75 0 
1188.76 0 
1188.77 0 
1188.78 0 
1188.79 0 
1188.8 0 
1188.81 0 
1188.82 0 
1188.83 0 
1188.84 0 
1188.85 0 
1188.86 0 
1188.87 0 
1188.88 0 
1188.89 0 
1188.9 0 
1188.91 0 
1188.92 0 
1188.93 0 
1188.94 0 
1188.94 0 
1188.95 0 
1188.96 0 
1188.97 0 
1188.98 0 
1188.99 0 
1189 0 
1189.01 0 
1189.02 0 
1189.03 0 
1189.04 0 
1189.05 0 
1189.06 0 
1189.07 0 
1189.08 0 
1189.09 0 
1189.1 0 
1189.11 0 
1189.12 0 
1189.13 0 
1189.14 0 
1189.15 0 
1189.16 0 
1189.17 0 
1189.18 0 
1189.19 0 
1189.2 0 
1189.21 0 
1189.22 0 
1189.23 0 
1189.24 0 
1189.25 0 
1189.26 0 
1189.27 0 
1189.28 0 
1189.29 0 
1189.3 0 
1189.31 0 
1189.32 0 
1189.33 0 
1189.34 0 
1189.35 0 
1189.36 0 
1189.36 0 
1189.37 0 
1189.38 0 
1189.39 0 
1189.4 0 
1189.41 0 
1189.42 0 
1189.43 0 
1189.44 0 
1189.45 0 
1189.46 0 
1189.47 0 
1189.48 0 
1189.49 0 
1189.5 0 
1189.51 0 
1189.52 0 
1189.53 0 
1189.54 0 
1189.55 0 
1189.56 0 
1189.57 0 
1189.58 0 
1189.59 0 
1189.6 0 
1189.61 0 
1189.62 0 
1189.63 0 
1189.64 0 
1189.65 0 
1189.66 0 
1189.67 0 
1189.68 0 
1189.69 0 
1189.7 0 
1189.71 0 
1189.72 0 
1189.73 0 
1189.74 0 
1189.75 0 
1189.76 0 
1189.77 0 
1189.78 0 
1189.79 0 
1189.79 0 
1189.8 0 
1189.81 0 
1189.82 0 
1189.83 0 
1189.84 0 
1189.85 0 
1189.86 0 
1189.87 0 
1189.88 0 
1189.89 0 
1189.9 0 
1189.91 0 
1189.92 0 
1189.93 0 
1189.94 0 
1189.95 0 
1189.96 0 
1189.97 0 
1189.98 0 
1189.99 0 
1190 0 
1190.01 0 
1190.02 0 
1190.03 0 
1190.04 0 
1190.05 0 
1190.06 0 
1190.07 0 
1190.08 0 
1190.09 0 
1190.1 0 
1190.11 0 
1190.12 0 
1190.13 0 
1190.14 0 
1190.15 0 
1190.16 0 
1190.17 0 
1190.18 0 
1190.19 0 
1190.2 0 
1190.21 0 
1190.21 0 
1190.22 0 
1190.23 0 
1190.24 0 
1190.25 0 
1190.26 0 
1190.27 1.4013e-45 
1190.28 1.4013e-45 
1190.29 1.4013e-45 
1190.3 1.4013e-45 
1190.31 2.8026e-45 
1190.32 2.8026e-45 
1190.33 2.8026e-45 
1190.34 5.60519e-45 
1190.35 7.00649e-45 
1190.36 8.40779e-45 
1190.37 1.26117e-44 
1190.38 1.68156e-44 
1190.39 2.10195e-44 
1190.4 2.94273e-44 
1190.41 3.92364e-44 
1190.42 5.04467e-44 
1190.43 6.72623e-44 
1190.44 8.96831e-44 
1190.45 1.20512e-43 
1190.46 1.58347e-43 
1190.47 2.10195e-43 
1190.48 2.8026e-43 
1190.49 3.71344e-43 
1190.5 4.90454e-43 
1190.51 6.48801e-43 
1190.52 8.58996e-43 
1190.53 1.13505e-42 
1190.54 1.50079e-42 
1190.55 1.98424e-42 
1190.56 2.61903e-42 
1190.57 3.4542e-42 
1190.58 4.55702e-42 
1190.59 6.00456e-42 
1190.6 7.90893e-42 
1190.61 1.04187e-41 
1190.62 1.37103e-41 
1190.63 1.80305e-41 
1190.64 2.36974e-41 
1190.64 3.11298e-41 
1190.65 4.08703e-41 
1190.66 5.36319e-41 
1190.67 7.03354e-41 
1190.68 9.21928e-41 
1190.69 1.20775e-40 
1190.7 1.58132e-40 
1190.71 2.06931e-40 
1190.72 2.7064e-40 
1190.73 3.54953e-40 
1190.74 4.6372e-40 
1190.75 6.05486e-40 
1190.76 7.90152e-40 
1190.77 1.03058e-39 
1190.78 1.34342e-39 
1190.79 1.75026e-39 
1190.8 2.27906e-39 
1190.81 2.966e-39 
1190.82 3.85787e-39 
1190.83 5.01516e-39 
1190.84 6.51603e-39 
1190.85 8.46143e-39 
1190.86 1.09816e-38 
1190.87 1.42445e-38 
1190.88 1.84668e-38 
1190.89 2.39275e-38 
1190.9 3.0986e-38 
1190.91 4.01045e-38 
1190.92 5.1878e-38 
1190.93 6.70709e-38 
1190.94 8.66656e-38 
1190.95 1.11923e-37 
1190.96 1.44463e-37 
1190.97 1.8636e-37 
1190.98 2.4104e-37 
1190.99 3.10602e-37 
1191 4.00021e-37 
1191.01 5.14898e-37 
1191.02 6.62402e-37 
1191.03 8.51694e-37 
1191.04 1.09448e-36 
1191.05 1.4057e-36 
1191.06 1.80442e-36 
1191.07 2.31496e-36 
1191.07 2.96833e-36 
1191.08 3.80402e-36 
1191.09 4.8723e-36 
1191.1 6.23716e-36 
1191.11 7.97996e-36 
1191.12 1.02041e-35 
1191.13 1.30411e-35 
1191.14 1.66575e-35 
1191.15 2.12652e-35 
1191.16 2.71326e-35 
1191.17 3.45998e-35 
1191.18 4.40978e-35 
1191.19 5.61723e-35 
1191.2 7.15135e-35 
1191.21 9.09947e-35 
1191.22 1.15719e-34 
1191.23 1.47522e-34 
1191.24 1.87398e-34 
1191.25 2.37922e-34 
1191.26 3.01902e-34 
1191.27 3.82877e-34 
1191.28 4.85303e-34 
1191.29 6.14792e-34 
1191.3 7.78405e-34 
1191.31 9.85017e-34 
1191.32 1.24579e-33 
1191.33 1.57472e-33 
1191.34 1.98942e-33 
1191.35 2.51195e-33 
1191.36 3.16997e-33 
1191.37 3.99818e-33 
1191.38 5.03999e-33 
1191.39 6.34979e-33 
1191.4 7.99558e-33 
1191.41 1.00624e-32 
1191.42 1.26565e-32 
1191.43 1.59107e-32 
1191.44 1.99906e-32 
1191.45 2.51028e-32 
1191.46 3.15052e-32 
1191.47 3.95186e-32 
1191.48 4.97e-32 
1191.49 6.22513e-32 
1191.49 7.79561e-32 
1191.5 9.75691e-32 
1191.51 1.2205e-31 
1191.52 1.52588e-31 
1191.53 1.90664e-31 
1191.54 2.38109e-31 
1191.55 2.97198e-31 
1191.56 3.70746e-31 
1191.57 4.62241e-31 
1191.58 5.75999e-31 
1191.59 7.17359e-31 
1191.6 8.93475e-31 
1191.61 1.11153e-30 
1191.62 1.38203e-30 
1191.63 1.71743e-30 
1191.64 2.13305e-30 
1191.65 2.64779e-30 
1191.66 3.28495e-30 
1191.67 4.07318e-30 
1191.68 5.04779e-30 
1191.69 6.25215e-30 
1191.7 7.73961e-30 
1191.71 9.5757e-30 
1191.72 1.18408e-29 
1191.73 1.46725e-29 
1191.74 1.81233e-29 
1191.75 2.23733e-29 
1191.76 2.76049e-29 
1191.77 3.4041e-29 
1191.78 4.19546e-29 
1191.79 5.16796e-29 
1191.8 6.36238e-29 
1191.81 7.82855e-29 
1191.82 9.6273e-29 
1191.83 1.18328e-28 
1191.84 1.45357e-28 
1191.85 1.7846e-28 
1191.86 2.18983e-28 
1191.87 2.6856e-28 
1191.88 3.29179e-28 
1191.89 4.0326e-28 
1191.9 4.93741e-28 
1191.91 6.04191e-28 
1191.92 7.38943e-28 
1191.92 9.03253e-28 
1191.93 1.10349e-27 
1191.94 1.34738e-27 
1191.95 1.64427e-27 
1191.96 2.00547e-27 
1191.97 2.44467e-27 
1191.98 2.98578e-27 
1191.99 3.63565e-27 
1192 4.42454e-27 
1192.01 5.38165e-27 
1192.02 6.54221e-27 
1192.03 7.94867e-27 
1192.04 9.6522e-27 
1192.05 1.17144e-26 
1192.06 1.42093e-26 
1192.07 1.72262e-26 
1192.08 2.08721e-26 
1192.09 2.52758e-26 
1192.1 3.05917e-26 
1192.11 3.70054e-26 
1192.12 4.47391e-26 
1192.13 5.40594e-26 
1192.14 6.52854e-26 
1192.15 7.87994e-26 
1192.16 9.50584e-26 
1192.17 1.14609e-25 
1192.18 1.38105e-25 
1192.19 1.66327e-25 
1192.2 2.00205e-25 
1192.21 2.40852e-25 
1192.22 2.89592e-25 
1192.23 3.48803e-25 
1192.24 4.18924e-25 
1192.25 5.02867e-25 
1192.26 6.03297e-25 
1192.27 7.23388e-25 
1192.28 8.66907e-25 
1192.29 1.03833e-24 
1192.3 1.24297e-24 
1192.31 1.48711e-24 
1192.32 1.77824e-24 
1192.33 2.1252e-24 
1192.34 2.53845e-24 
1192.34 3.03039e-24 
1192.35 3.61569e-24 
1192.36 4.31166e-24 
1192.37 5.13878e-24 
1192.38 6.12119e-24 
1192.39 7.28742e-24 
1192.4 8.67107e-24 
1192.41 1.03118e-23 
1192.42 1.22562e-23 
1192.43 1.45592e-23 
1192.44 1.72855e-23 
1192.45 2.0511e-23 
1192.46 2.43251e-23 
1192.47 2.88326e-23 
1192.48 3.42288e-23 
1192.49 4.05266e-23 
1192.5 4.79567e-23 
1192.51 5.67179e-23 
1192.52 6.70429e-23 
1192.53 7.92039e-23 
1192.54 9.35193e-23 
1192.55 1.10362e-22 
1192.56 1.30165e-22 
1192.57 1.53439e-22 
1192.58 1.80774e-22 
1192.59 2.12861e-22 
1192.6 2.50507e-22 
1192.61 2.94832e-22 
1192.62 3.46593e-22 
1192.63 4.07218e-22 
1192.64 4.78185e-22 
1192.65 5.61211e-22 
1192.66 6.5829e-22 
1192.67 7.71738e-22 
1192.68 9.04241e-22 
1192.69 1.05891e-21 
1192.7 1.23936e-21 
1192.71 1.44976e-21 
1192.72 1.69494e-21 
1192.73 1.98435e-21 
1192.74 2.31739e-21 
1192.75 2.70482e-21 
1192.76 3.1553e-21 
1192.77 3.67878e-21 
1192.77 4.28676e-21 
1192.78 4.99247e-21 
1192.79 5.81116e-21 
1192.8 6.76039e-21 
1192.81 7.86035e-21 
1192.82 9.13426e-21 
1192.83 1.06088e-20 
1192.84 1.23146e-20 
1192.85 1.42868e-20 
1192.86 1.65658e-20 
1192.87 1.91978e-20 
1192.88 2.22357e-20 
1192.89 2.57402e-20 
1192.9 2.97807e-20 
1192.91 3.44365e-20 
1192.92 3.97982e-20 
1192.93 4.59696e-20 
1192.94 5.30687e-20 
1192.95 6.12305e-20 
1192.96 7.06087e-20 
1192.97 8.13786e-20 
1192.98 9.39053e-20 
1192.99 1.08109e-19 
1193 1.24393e-19 
1193.01 1.4305e-19 
1193.02 1.64416e-19 
1193.03 1.8887e-19 
1193.04 2.16841e-19 
1193.05 2.48817e-19 
1193.06 2.85353e-19 
1193.07 3.27073e-19 
1193.08 3.74687e-19 
1193.09 4.28997e-19 
1193.1 4.90909e-19 
1193.11 5.61447e-19 
1193.12 6.41768e-19 
1193.13 7.33178e-19 
1193.14 8.37146e-19 
1193.15 9.55333e-19 
1193.16 1.08961e-18 
1193.17 1.24207e-18 
1193.18 1.41509e-18 
1193.19 1.61132e-18 
1193.19 1.83376e-18 
1193.2 2.08576e-18 
1193.21 2.37109e-18 
1193.22 2.69854e-18 
1193.23 3.06399e-18 
1193.24 3.47737e-18 
1193.25 3.94436e-18 
1193.26 4.4716e-18 
1193.27 5.06654e-18 
1193.28 5.73748e-18 
1193.29 6.4937e-18 
1193.3 7.34556e-18 
1193.31 8.30459e-18 
1193.32 9.38369e-18 
1193.33 1.05972e-17 
1193.34 1.1961e-17 
1193.35 1.3493e-17 
1193.36 1.52127e-17 
1193.37 1.71423e-17 
1193.38 1.9306e-17 
1193.39 2.17309e-17 
1193.4 2.44469e-17 
1193.41 2.74872e-17 
1193.42 3.08887e-17 
1193.43 3.4692e-17 
1193.44 3.89422e-17 
1193.45 4.36892e-17 
1193.46 4.89878e-17 
1193.47 5.48989e-17 
1193.48 6.15764e-17 
1193.49 6.89302e-17 
1193.5 7.71198e-17 
1193.51 8.62351e-17 
1193.52 9.63748e-17 
1193.53 1.07648e-16 
1193.54 1.20173e-16 
1193.55 1.34082e-16 
1193.56 1.49518e-16 
1193.57 1.66641e-16 
1193.58 1.85621e-16 
1193.59 2.06651e-16 
1193.6 2.29936e-16 
1193.61 2.55863e-16 
1193.62 2.84381e-16 
1193.62 3.15904e-16 
1193.63 3.50729e-16 
1193.64 3.89178e-16 
1193.65 4.31605e-16 
1193.66 4.78395e-16 
1193.67 5.29965e-16 
1193.68 5.86773e-16 
1193.69 6.49313e-16 
1193.7 7.18124e-16 
1193.71 7.9379e-16 
1193.72 8.76948e-16 
1193.73 9.69481e-16 
1193.74 1.06986e-15 
1193.75 1.17998e-15 
1193.76 1.30073e-15 
1193.77 1.43304e-15 
1193.78 1.57794e-15 
1193.79 1.73655e-15 
1193.8 1.91004e-15 
1193.81 2.09971e-15 
1193.82 2.30695e-15 
1193.83 2.53325e-15 
1193.84 2.78022e-15 
1193.85 3.04959e-15 
1193.86 3.34323e-15 
1193.87 3.66312e-15 
1193.88 4.01142e-15 
1193.89 4.39042e-15 
1193.9 4.80259e-15 
1193.91 5.25057e-15 
1193.92 5.73719e-15 
1193.93 6.26545e-15 
1193.94 6.8386e-15 
1193.95 7.46009e-15 
1193.96 8.13358e-15 
1193.97 8.863e-15 
1193.98 9.66279e-15 
1193.99 1.05177e-14 
1194 1.1442e-14 
1194.01 1.24407e-14 
1194.02 1.3519e-14 
1194.03 1.46828e-14 
1194.04 1.59381e-14 
1194.05 1.72911e-14 
1194.05 1.87487e-14 
1194.06 2.0318e-14 
1194.07 2.20065e-14 
1194.08 2.38223e-14 
1194.09 2.57738e-14 
1194.1 2.78698e-14 
1194.11 3.01196e-14 
1194.12 3.25333e-14 
1194.13 3.5121e-14 
1194.14 3.78937e-14 
1194.15 4.08629e-14 
1194.16 4.40406e-14 
1194.17 4.74392e-14 
1194.18 5.10721e-14 
1194.19 5.49529e-14 
1194.2 5.90962e-14 
1194.21 6.3517e-14 
1194.22 6.82309e-14 
1194.23 7.33193e-14 
1194.24 7.86737e-14 
1194.25 8.43727e-14 
1194.26 9.04349e-14 
1194.27 9.68794e-14 
1194.28 1.03726e-13 
1194.29 1.10996e-13 
1194.3 1.1871e-13 
1194.31 1.2689e-13 
1194.32 1.35559e-13 
1194.33 1.44741e-13 
1194.34 1.5446e-13 
1194.35 1.64742e-13 
1194.36 1.75611e-13 
1194.37 1.87094e-13 
1194.38 1.99219e-13 
1194.39 2.12013e-13 
1194.4 2.25504e-13 
1194.41 2.39723e-13 
1194.42 2.54698e-13 
1194.43 2.7046e-13 
1194.44 2.87039e-13 
1194.45 3.04468e-13 
1194.46 3.22777e-13 
1194.47 3.41999e-13 
1194.47 3.62432e-13 
1194.48 3.83585e-13 
1194.49 4.05757e-13 
1194.5 4.28974e-13 
1194.51 4.53271e-13 
1194.52 4.7868e-13 
1194.53 5.05237e-13 
1194.54 5.32974e-13 
1194.55 5.61925e-13 
1194.56 5.92124e-13 
1194.57 6.23602e-13 
1194.58 6.56394e-13 
1194.59 6.9053e-13 
1194.6 7.26043e-13 
1194.61 7.63435e-13 
1194.62 8.01816e-13 
1194.63 8.41665e-13 
1194.64 8.83008e-13 
1194.65 9.25874e-13 
1194.66 9.70288e-13 
1194.67 1.01627e-12 
1194.68 1.06386e-12 
1194.69 1.11306e-12 
1194.7 1.16389e-12 
1194.71 1.21638e-12 
1194.72 1.27054e-12 
1194.73 1.32709e-12 
1194.74 1.38466e-12 
1194.75 1.44392e-12 
1194.76 1.5049e-12 
1194.77 1.5676e-12 
1194.78 1.63201e-12 
1194.79 1.69814e-12 
1194.8 1.76599e-12 
1194.81 1.83554e-12 
1194.82 1.90679e-12 
1194.83 1.97972e-12 
1194.84 2.05433e-12 
1194.85 2.13058e-12 
1194.86 2.20847e-12 
1194.87 2.28796e-12 
1194.88 2.36902e-12 
1194.89 2.45163e-12 
1194.9 2.53575e-12 
1194.9 2.62134e-12 
1194.91 2.70837e-12 
1194.92 2.79678e-12 
1194.93 2.88653e-12 
1194.94 2.97757e-12 
1194.95 3.06985e-12 
1194.96 3.16332e-12 
1194.97 3.25793e-12 
1194.98 3.3548e-12 
1194.99 3.45151e-12 
1195 3.54916e-12 
1195.01 3.64772e-12 
1195.02 3.7471e-12 
1195.03 3.84727e-12 
1195.04 3.94815e-12 
1195.05 4.04969e-12 
1195.06 4.15185e-12 
1195.07 4.25456e-12 
1195.08 4.3578e-12 
1195.09 4.46151e-12 
1195.1 4.56569e-12 
1195.11 4.67029e-12 
1195.12 4.77532e-12 
1195.13 4.88078e-12 
1195.14 4.98669e-12 
1195.15 5.09308e-12 
1195.16 5.20002e-12 
1195.17 5.30759e-12 
1195.18 5.41588e-12 
1195.19 5.52505e-12 
1195.2 5.63526e-12 
1195.21 5.74672e-12 
1195.22 5.85969e-12 
1195.23 5.97593e-12 
1195.24 6.09292e-12 
1195.25 6.21252e-12 
1195.26 6.33522e-12 
1195.27 6.46161e-12 
1195.28 6.59234e-12 
1195.29 6.72819e-12 
1195.3 6.87004e-12 
1195.31 7.0189e-12 
1195.32 7.1759e-12 
1195.32 7.34236e-12 
1195.33 7.51976e-12 
1195.34 7.70977e-12 
1195.35 7.91428e-12 
1195.36 8.13543e-12 
1195.37 8.37562e-12 
1195.38 8.63756e-12 
1195.39 8.92428e-12 
1195.4 9.2392e-12 
1195.41 9.58611e-12 
1195.42 9.96931e-12 
1195.43 1.03936e-11 
1195.44 1.08642e-11 
1195.45 1.13871e-11 
1195.46 1.19691e-11 
1195.47 1.26173e-11 
1195.48 1.33498e-11 
1195.49 1.41574e-11 
1195.5 1.50592e-11 
1195.51 1.60662e-11 
1195.52 1.71911e-11 
1195.53 1.84477e-11 
1195.54 1.98514e-11 
1195.55 2.14194e-11 
1195.56 2.31703e-11 
1195.57 2.51252e-11 
1195.58 2.7307e-11 
1195.59 2.97412e-11 
1195.6 3.24557e-11 
1195.61 3.55037e-11 
1195.62 3.88772e-11 
1195.63 4.26339e-11 
1195.64 4.68153e-11 
1195.65 5.14668e-11 
1195.66 5.66383e-11 
1195.67 6.23848e-11 
1195.68 6.87665e-11 
1195.69 7.58496e-11 
1195.7 8.37065e-11 
1195.71 9.24165e-11 
1195.72 1.02067e-10 
1195.73 1.12892e-10 
1195.74 1.24732e-10 
1195.75 1.37825e-10 
1195.75 1.52297e-10 
1195.76 1.68283e-10 
1195.77 1.8593e-10 
1195.78 2.05401e-10 
1195.79 2.26869e-10 
1195.8 2.50526e-10 
1195.81 2.7658e-10 
1195.82 3.05256e-10 
1195.83 3.36799e-10 
1195.84 3.71476e-10 
1195.85 4.09575e-10 
1195.86 4.51408e-10 
1195.87 4.97315e-10 
1195.88 5.47662e-10 
1195.89 6.02846e-10 
1195.9 6.63297e-10 
1195.91 7.29477e-10 
1195.92 8.01887e-10 
1195.93 8.81067e-10 
1195.94 9.67598e-10 
1195.95 1.06211e-09 
1195.96 1.16527e-09 
1195.97 1.27781e-09 
1195.98 1.40211e-09 
1195.99 1.53596e-09 
1196 1.68171e-09 
1196.01 1.84034e-09 
1196.02 2.01288e-09 
1196.03 2.20044e-09 
1196.04 2.40421e-09 
1196.05 2.62547e-09 
1196.06 2.86556e-09 
1196.07 3.12594e-09 
1196.08 3.40817e-09 
1196.09 3.71388e-09 
1196.1 4.04484e-09 
1196.11 4.40293e-09 
1196.12 4.79013e-09 
1196.13 5.20858e-09 
1196.14 5.66051e-09 
1196.15 6.14833e-09 
1196.16 6.67458e-09 
1196.17 7.24194e-09 
1196.17 7.85326e-09 
1196.18 8.51157e-09 
1196.19 9.22004e-09 
1196.2 9.98205e-09 
1196.21 1.08012e-08 
1196.22 1.16929e-08 
1196.23 1.26381e-08 
1196.24 1.36528e-08 
1196.25 1.47408e-08 
1196.26 1.5907e-08 
1196.27 1.71559e-08 
1196.28 1.84929e-08 
1196.29 1.99232e-08 
1196.3 2.14524e-08 
1196.31 2.30864e-08 
1196.32 2.48313e-08 
1196.33 2.66934e-08 
1196.34 2.86796e-08 
1196.35 3.07967e-08 
1196.36 3.30521e-08 
1196.37 3.54533e-08 
1196.38 3.80081e-08 
1196.39 4.07248e-08 
1196.4 4.36118e-08 
1196.41 4.6678e-08 
1196.42 4.99325e-08 
1196.43 5.33847e-08 
1196.44 5.70445e-08 
1196.45 6.09218e-08 
1196.46 6.50271e-08 
1196.47 6.93712e-08 
1196.48 7.40241e-08 
1196.49 7.88824e-08 
1196.5 8.40137e-08 
1196.51 8.94298e-08 
1196.52 9.51432e-08 
1196.53 1.01166e-07 
1196.54 1.07512e-07 
1196.55 1.14193e-07 
1196.56 1.21223e-07 
1196.57 1.28616e-07 
1196.58 1.36384e-07 
1196.59 1.44544e-07 
1196.6 1.53107e-07 
1196.6 1.6219e-07 
1196.61 1.71611e-07 
1196.62 1.8148e-07 
1196.63 1.91813e-07 
1196.64 2.02622e-07 
1196.65 2.13924e-07 
1196.66 2.25733e-07 
1196.67 2.38064e-07 
1196.68 2.50931e-07 
1196.69 2.64349e-07 
1196.7 2.78332e-07 
1196.71 2.92895e-07 
1196.72 3.08052e-07 
1196.73 3.24017e-07 
1196.74 3.40409e-07 
1196.75 3.57435e-07 
1196.76 3.75108e-07 
1196.77 3.9344e-07 
1196.78 4.12442e-07 
1196.79 4.32126e-07 
1196.8 4.52502e-07 
1196.81 4.73579e-07 
1196.82 4.95368e-07 
1196.83 5.17876e-07 
1196.84 5.41111e-07 
1196.85 5.65079e-07 
1196.86 5.89787e-07 
1196.87 6.15239e-07 
1196.88 6.41438e-07 
1196.89 6.68388e-07 
1196.9 6.9609e-07 
1196.91 7.24543e-07 
1196.92 7.53748e-07 
1196.93 7.83702e-07 
1196.94 8.144e-07 
1196.95 8.45839e-07 
1196.96 8.78012e-07 
1196.97 9.10911e-07 
1196.98 9.4495e-07 
1196.99 9.79279e-07 
1197 1.0143e-06 
1197.01 1.05e-06 
1197.02 1.08636e-06 
1197.03 1.12337e-06 
1197.03 1.16101e-06 
1197.04 1.19925e-06 
1197.05 1.23807e-06 
1197.06 1.27745e-06 
1197.07 1.31736e-06 
1197.08 1.35778e-06 
1197.09 1.39867e-06 
1197.1 1.44001e-06 
1197.11 1.48176e-06 
1197.12 1.52389e-06 
1197.13 1.56636e-06 
1197.14 1.60913e-06 
1197.15 1.65217e-06 
1197.16 1.69543e-06 
1197.17 1.73887e-06 
1197.18 1.78246e-06 
1197.19 1.82614e-06 
1197.2 1.86986e-06 
1197.21 1.91359e-06 
1197.22 1.95727e-06 
1197.23 2.00139e-06 
1197.24 2.04483e-06 
1197.25 2.08806e-06 
1197.26 2.13105e-06 
1197.27 2.17373e-06 
1197.28 2.21605e-06 
1197.29 2.25796e-06 
1197.3 2.29941e-06 
1197.31 2.34035e-06 
1197.32 2.3807e-06 
1197.33 2.42044e-06 
1197.34 2.45949e-06 
1197.35 2.4978e-06 
1197.36 2.53533e-06 
1197.37 2.57201e-06 
1197.38 2.6078e-06 
1197.39 2.64264e-06 
1197.4 2.67649e-06 
1197.41 2.70928e-06 
1197.42 2.74099e-06 
1197.43 2.77154e-06 
1197.44 2.80091e-06 
1197.45 2.82904e-06 
1197.45 2.85589e-06 
1197.46 2.88143e-06 
1197.47 2.9056e-06 
1197.48 2.92865e-06 
1197.49 2.94997e-06 
1197.5 2.96983e-06 
1197.51 2.98818e-06 
1197.52 3.00501e-06 
1197.53 3.02028e-06 
1197.54 3.03397e-06 
1197.55 3.04605e-06 
1197.56 3.05652e-06 
1197.57 3.06534e-06 
1197.58 3.07251e-06 
1197.59 3.07801e-06 
1197.6 3.08184e-06 
1197.61 3.08589e-06 
1197.62 3.08636e-06 
1197.63 3.08514e-06 
1197.64 3.08223e-06 
1197.65 3.07764e-06 
1197.66 3.07138e-06 
1197.67 3.06346e-06 
1197.68 3.05389e-06 
1197.69 3.04269e-06 
1197.7 3.02987e-06 
1197.71 3.01546e-06 
1197.72 2.99948e-06 
1197.73 2.98172e-06 
1197.74 2.96266e-06 
1197.75 2.94211e-06 
1197.76 2.9201e-06 
1197.77 2.89668e-06 
1197.78 2.87188e-06 
1197.79 2.84573e-06 
1197.8 2.81828e-06 
1197.81 2.78957e-06 
1197.82 2.75964e-06 
1197.83 2.72854e-06 
1197.84 2.69632e-06 
1197.85 2.66303e-06 
1197.86 2.62871e-06 
1197.87 2.59341e-06 
1197.88 2.55719e-06 
1197.88 2.5201e-06 
1197.89 2.48219e-06 
1197.9 2.44351e-06 
1197.91 2.40412e-06 
1197.92 2.36408e-06 
1197.93 2.32343e-06 
1197.94 2.28223e-06 
1197.95 2.24054e-06 
1197.96 2.19841e-06 
1197.97 2.15589e-06 
1197.98 2.1125e-06 
1197.99 2.06937e-06 
1198 2.02601e-06 
1198.01 1.98248e-06 
1198.02 1.93882e-06 
1198.03 1.89508e-06 
1198.04 1.85133e-06 
1198.05 1.80759e-06 
1198.06 1.76392e-06 
1198.07 1.72037e-06 
1198.08 1.67697e-06 
1198.09 1.63378e-06 
1198.1 1.59083e-06 
1198.11 1.54816e-06 
1198.12 1.50582e-06 
1198.13 1.46383e-06 
1198.14 1.42224e-06 
1198.15 1.38107e-06 
1198.16 1.34036e-06 
1198.17 1.30014e-06 
1198.18 1.26044e-06 
1198.19 1.22128e-06 
1198.2 1.1827e-06 
1198.21 1.1447e-06 
1198.22 1.10732e-06 
1198.23 1.07013e-06 
1198.24 1.03405e-06 
1198.25 9.98636e-07 
1198.26 9.63911e-07 
1198.27 9.29886e-07 
1198.28 8.96572e-07 
1198.29 8.63979e-07 
1198.3 8.32116e-07 
1198.3 8.0099e-07 
1198.31 7.70608e-07 
1198.32 7.40972e-07 
1198.33 7.12088e-07 
1198.34 6.83955e-07 
1198.35 6.56575e-07 
1198.36 6.29947e-07 
1198.37 6.04068e-07 
1198.38 5.78937e-07 
1198.39 5.54547e-07 
1198.4 5.30895e-07 
1198.41 5.07974e-07 
1198.42 4.85777e-07 
1198.43 4.64297e-07 
1198.44 4.43523e-07 
1198.45 4.23448e-07 
1198.46 4.04061e-07 
1198.47 3.8535e-07 
1198.48 3.67084e-07 
1198.49 3.49701e-07 
1198.5 3.3296e-07 
1198.51 3.16846e-07 
1198.52 3.01348e-07 
1198.53 2.86451e-07 
1198.54 2.72142e-07 
1198.55 2.58407e-07 
1198.56 2.45231e-07 
1198.57 2.326e-07 
1198.58 2.20499e-07 
1198.59 2.08913e-07 
1198.6 1.97828e-07 
1198.61 1.87345e-07 
1198.62 1.77211e-07 
1198.63 1.67534e-07 
1198.64 1.58298e-07 
1198.65 1.49491e-07 
1198.66 1.41097e-07 
1198.67 1.33101e-07 
1198.68 1.2549e-07 
1198.69 1.18251e-07 
1198.7 1.11368e-07 
1198.71 1.04829e-07 
1198.72 9.86209e-08 
1198.73 9.26585e-08 
1198.73 8.70763e-08 
1198.74 8.17865e-08 
1198.75 7.67768e-08 
1198.76 7.20356e-08 
1198.77 6.75512e-08 
1198.78 6.33126e-08 
1198.79 5.93088e-08 
1198.8 5.55294e-08 
1198.81 5.19641e-08 
1198.82 4.8603e-08 
1198.83 4.54365e-08 
1198.84 4.24556e-08 
1198.85 3.96512e-08 
1198.86 3.70148e-08 
1198.87 3.45381e-08 
1198.88 3.22134e-08 
1198.89 3.00329e-08 
1198.9 2.79895e-08 
1198.91 2.60761e-08 
1198.92 2.42862e-08 
1198.93 2.26135e-08 
1198.94 2.10518e-08 
1198.95 1.95955e-08 
1198.96 1.82392e-08 
1198.97 1.69778e-08 
1198.98 1.57922e-08 
1198.99 1.47073e-08 
1199 1.37034e-08 
1199.01 1.27767e-08 
1199.02 1.19233e-08 
1199.03 1.11399e-08 
1199.04 1.04232e-08 
1199.05 9.77033e-09 
1199.06 9.17854e-09 
1199.07 8.64545e-09 
1199.08 8.16889e-09 
1199.09 7.74693e-09 
1199.1 7.37791e-09 
1199.11 7.06042e-09 
1199.12 6.7933e-09 
1199.13 6.57564e-09 
1199.14 6.40677e-09 
1199.15 6.28629e-09 
1199.15 6.21404e-09 
1199.16 6.19015e-09 
1199.17 6.21498e-09 
1199.18 6.28916e-09 
1199.19 6.41362e-09 
1199.2 6.58953e-09 
1199.21 6.81836e-09 
1199.22 7.10613e-09 
1199.23 7.44674e-09 
1199.24 7.84683e-09 
1199.25 8.30871e-09 
1199.26 8.83539e-09 
1199.27 9.43018e-09 
1199.28 1.00968e-08 
1199.29 1.08391e-08 
1199.3 1.16617e-08 
1199.31 1.25692e-08 
1199.32 1.35668e-08 
1199.33 1.46601e-08 
1199.34 1.58549e-08 
1199.35 1.71578e-08 
1199.36 1.85754e-08 
1199.37 2.01151e-08 
1199.38 2.17846e-08 
1199.39 2.35921e-08 
1199.4 2.55463e-08 
1199.41 2.76566e-08 
1199.42 2.99325e-08 
1199.43 3.23843e-08 
1199.44 3.50229e-08 
1199.45 3.78597e-08 
1199.46 4.09065e-08 
1199.47 4.41759e-08 
1199.48 4.77263e-08 
1199.49 5.14839e-08 
1199.5 5.55054e-08 
1199.51 5.98056e-08 
1199.52 6.44e-08 
1199.53 6.93049e-08 
1199.54 7.45368e-08 
1199.55 8.01133e-08 
1199.56 8.60522e-08 
1199.57 9.23722e-08 
1199.58 9.90923e-08 
1199.58 1.06233e-07 
1199.59 1.13813e-07 
1199.6 1.21855e-07 
1199.61 1.30459e-07 
1199.62 1.39494e-07 
1199.63 1.49056e-07 
1199.64 1.59168e-07 
1199.65 1.69854e-07 
1199.66 1.81137e-07 
1199.67 1.93042e-07 
1199.68 2.05593e-07 
1199.69 2.18815e-07 
1199.7 2.32732e-07 
1199.71 2.47371e-07 
1199.72 2.62755e-07 
1199.73 2.79117e-07 
1199.74 2.96078e-07 
1199.75 3.13862e-07 
1199.76 3.32492e-07 
1199.77 3.51994e-07 
1199.78 3.72392e-07 
1199.79 3.93709e-07 
1199.8 4.1597e-07 
1199.81 4.39197e-07 
1199.82 4.63412e-07 
1199.83 4.88636e-07 
1199.84 5.1489e-07 
1199.85 5.42194e-07 
1199.86 5.70565e-07 
1199.87 6.00022e-07 
1199.88 6.30578e-07 
1199.89 6.6225e-07 
1199.9 6.95049e-07 
1199.91 7.28986e-07 
1199.92 7.64072e-07 
1199.93 8.00312e-07 
1199.94 8.37714e-07 
1199.95 8.76279e-07 
1199.96 9.16009e-07 
1199.97 9.56903e-07 
1199.98 9.99496e-07 
1199.99 1.04271e-06 
1200 1.08708e-06 
1200.01 1.13258e-06 
1200.01 1.17919e-06 
1200.02 1.22691e-06 
1200.03 1.27571e-06 
1200.04 1.32557e-06 
1200.05 1.37646e-06 
1200.06 1.42835e-06 
1200.07 1.48121e-06 
1200.08 1.535e-06 
1200.09 1.58969e-06 
1200.1 1.64522e-06 
1200.11 1.70157e-06 
1200.12 1.75867e-06 
1200.13 1.81648e-06 
1200.14 1.87494e-06 
1200.15 1.93399e-06 
1200.16 1.99357e-06 
1200.17 2.05362e-06 
1200.18 2.11407e-06 
1200.19 2.17485e-06 
1200.2 2.23589e-06 
1200.21 2.29711e-06 
1200.22 2.35843e-06 
1200.23 2.42055e-06 
1200.24 2.48184e-06 
1200.25 2.54299e-06 
1200.26 2.60391e-06 
1200.27 2.66452e-06 
1200.28 2.72472e-06 
1200.29 2.78443e-06 
1200.3 2.84355e-06 
1200.31 2.90199e-06 
1200.32 2.95966e-06 
1200.33 3.01647e-06 
1200.34 3.07232e-06 
1200.35 3.12713e-06 
1200.36 3.18079e-06 
1200.37 3.23323e-06 
1200.38 3.28434e-06 
1200.39 3.33403e-06 
1200.4 3.38223e-06 
1200.41 3.42884e-06 
1200.42 3.47379e-06 
1200.43 3.51698e-06 
1200.43 3.55833e-06 
1200.44 3.59779e-06 
1200.45 3.63526e-06 
1200.46 3.67067e-06 
1200.47 3.70397e-06 
1200.48 3.73547e-06 
1200.49 3.76431e-06 
1200.5 3.79086e-06 
1200.51 3.81506e-06 
1200.52 3.83687e-06 
1200.53 3.85623e-06 
1200.54 3.87313e-06 
1200.55 3.88751e-06 
1200.56 3.89936e-06 
1200.57 3.90865e-06 
1200.58 3.91537e-06 
1200.59 3.91949e-06 
1200.6 3.92102e-06 
1200.61 3.92237e-06 
1200.62 3.91871e-06 
1200.63 3.91245e-06 
1200.64 3.90363e-06 
1200.65 3.89225e-06 
1200.66 3.87834e-06 
1200.67 3.86192e-06 
1200.68 3.84304e-06 
1200.69 3.82173e-06 
1200.7 3.79804e-06 
1200.71 3.772e-06 
1200.72 3.74368e-06 
1200.73 3.71274e-06 
1200.74 3.68e-06 
1200.75 3.64515e-06 
1200.76 3.60827e-06 
1200.77 3.56943e-06 
1200.78 3.5287e-06 
1200.79 3.48617e-06 
1200.8 3.4419e-06 
1200.81 3.396e-06 
1200.82 3.34853e-06 
1200.83 3.29959e-06 
1200.84 3.24927e-06 
1200.85 3.19766e-06 
1200.85 3.14485e-06 
1200.86 3.09093e-06 
1200.87 3.03601e-06 
1200.88 2.98016e-06 
1200.89 2.92349e-06 
1200.9 2.8661e-06 
1200.91 2.80807e-06 
1200.92 2.74949e-06 
1200.93 2.69047e-06 
1200.94 2.6311e-06 
1200.95 2.57146e-06 
1200.96 2.51164e-06 
1200.97 2.45173e-06 
1200.98 2.39108e-06 
1200.99 2.33125e-06 
1201 2.27159e-06 
1201.01 2.21216e-06 
1201.02 2.15306e-06 
1201.03 2.09435e-06 
1201.04 2.03611e-06 
1201.05 1.9784e-06 
1201.06 1.92129e-06 
1201.07 1.86484e-06 
1201.08 1.80911e-06 
1201.09 1.75416e-06 
1201.1 1.70004e-06 
1201.11 1.6468e-06 
1201.12 1.59448e-06 
1201.13 1.54314e-06 
1201.14 1.4928e-06 
1201.15 1.44351e-06 
1201.16 1.39531e-06 
1201.17 1.3482e-06 
1201.18 1.30224e-06 
1201.19 1.25744e-06 
1201.2 1.21381e-06 
1201.21 1.17139e-06 
1201.22 1.13017e-06 
1201.23 1.08969e-06 
1201.24 1.05095e-06 
1201.25 1.01344e-06 
1201.26 9.77174e-07 
1201.27 9.42151e-07 
1201.28 9.08366e-07 
1201.28 8.75817e-07 
1201.29 8.44496e-07 
1201.3 8.14394e-07 
1201.31 7.85501e-07 
1201.32 7.57803e-07 
1201.33 7.31286e-07 
1201.34 7.05934e-07 
1201.35 6.81727e-07 
1201.36 6.58648e-07 
1201.37 6.36674e-07 
1201.38 6.15784e-07 
1201.39 5.95954e-07 
1201.4 5.77159e-07 
1201.41 5.59375e-07 
1201.42 5.42574e-07 
1201.43 5.26729e-07 
1201.44 5.11814e-07 
1201.45 4.97798e-07 
1201.46 4.84654e-07 
1201.47 4.72353e-07 
1201.48 4.60725e-07 
1201.49 4.50029e-07 
1201.5 4.40084e-07 
1201.51 4.30863e-07 
1201.52 4.22334e-07 
1201.53 4.14467e-07 
1201.54 4.07233e-07 
1201.55 4.00601e-07 
1201.56 3.94543e-07 
1201.57 3.89029e-07 
1201.58 3.8403e-07 
1201.59 3.79519e-07 
1201.6 3.75466e-07 
1201.61 3.72073e-07 
1201.62 3.68854e-07 
1201.63 3.66012e-07 
1201.64 3.63523e-07 
1201.65 3.61359e-07 
1201.66 3.59498e-07 
1201.67 3.57913e-07 
1201.68 3.56583e-07 
1201.69 3.55484e-07 
1201.7 3.54593e-07 
1201.7 3.5389e-07 
1201.71 3.53354e-07 
1201.72 3.5296e-07 
1201.73 3.52699e-07 
1201.74 3.52547e-07 
1201.75 3.52485e-07 
1201.76 3.52497e-07 
1201.77 3.52565e-07 
1201.78 3.52675e-07 
1201.79 3.52812e-07 
1201.8 3.5296e-07 
1201.81 3.53108e-07 
1201.82 3.53241e-07 
1201.83 3.53348e-07 
1201.84 3.53418e-07 
1201.85 3.53439e-07 
1201.86 3.53402e-07 
1201.87 3.53298e-07 
1201.88 3.53117e-07 
1201.89 3.52852e-07 
1201.9 3.52495e-07 
1201.91 3.5204e-07 
1201.92 3.51481e-07 
1201.93 3.50811e-07 
1201.94 3.50026e-07 
1201.95 3.49122e-07 
1201.96 3.48095e-07 
1201.97 3.46941e-07 
1201.98 3.4564e-07 
1201.99 3.44224e-07 
1202 3.42673e-07 
1202.01 3.40989e-07 
1202.02 3.39169e-07 
1202.03 3.37212e-07 
1202.04 3.35121e-07 
1202.05 3.32894e-07 
1202.06 3.30532e-07 
1202.07 3.28037e-07 
1202.08 3.25411e-07 
1202.09 3.22655e-07 
1202.1 3.19772e-07 
1202.11 3.16765e-07 
1202.12 3.13635e-07 
1202.13 3.10386e-07 
1202.13 3.07023e-07 
1202.14 3.03547e-07 
1202.15 2.99964e-07 
1202.16 2.96277e-07 
1202.17 2.92491e-07 
1202.18 2.8861e-07 
1202.19 2.84638e-07 
1202.2 2.80581e-07 
1202.21 2.76442e-07 
1202.22 2.72174e-07 
1202.23 2.67888e-07 
1202.24 2.63536e-07 
1202.25 2.59124e-07 
1202.26 2.54656e-07 
1202.27 2.50138e-07 
1202.28 2.45575e-07 
1202.29 2.40972e-07 
1202.3 2.36335e-07 
1202.31 2.31668e-07 
1202.32 2.26978e-07 
1202.33 2.22269e-07 
1202.34 2.17545e-07 
1202.35 2.12813e-07 
1202.36 2.08077e-07 
1202.37 2.03342e-07 
1202.38 1.98612e-07 
1202.39 1.93892e-07 
1202.4 1.89188e-07 
1202.41 1.84502e-07 
1202.42 1.7984e-07 
1202.43 1.75205e-07 
1202.44 1.70602e-07 
1202.45 1.66034e-07 
1202.46 1.61504e-07 
1202.47 1.57018e-07 
1202.48 1.52522e-07 
1202.49 1.48131e-07 
1202.5 1.43792e-07 
1202.51 1.39508e-07 
1202.52 1.35281e-07 
1202.53 1.31115e-07 
1202.54 1.27012e-07 
1202.55 1.22974e-07 
1202.56 1.19002e-07 
1202.56 1.15099e-07 
1202.57 1.11267e-07 
1202.58 1.07506e-07 
1202.59 1.03819e-07 
1202.6 1.00207e-07 
1202.61 9.67294e-08 
1202.62 9.32671e-08 
1202.63 8.98823e-08 
1202.64 8.65755e-08 
1202.65 8.33472e-08 
1202.66 8.01978e-08 
1202.67 7.71275e-08 
1202.68 7.41364e-08 
1202.69 7.12244e-08 
1202.7 6.83914e-08 
1202.71 6.56371e-08 
1202.72 6.29611e-08 
1202.73 6.03311e-08 
1202.74 5.78112e-08 
1202.75 5.53679e-08 
1202.76 5.30005e-08 
1202.77 5.0708e-08 
1202.78 4.84896e-08 
1202.79 4.63443e-08 
1202.8 4.4271e-08 
1202.81 4.22685e-08 
1202.82 4.03357e-08 
1202.83 3.84714e-08 
1202.84 3.66743e-08 
1202.85 3.49431e-08 
1202.86 3.32763e-08 
1202.87 3.16727e-08 
1202.88 3.01307e-08 
1202.89 2.8649e-08 
1202.9 2.7226e-08 
1202.91 2.58604e-08 
1202.92 2.45505e-08 
1202.93 2.32949e-08 
1202.94 2.20921e-08 
1202.95 2.09406e-08 
1202.96 1.98388e-08 
1202.97 1.87853e-08 
1202.98 1.77785e-08 
1202.98 1.68052e-08 
1202.99 1.5888e-08 
1203 1.5013e-08 
1203.01 1.41789e-08 
1203.02 1.33843e-08 
1203.03 1.26276e-08 
1203.04 1.19075e-08 
1203.05 1.12227e-08 
1203.06 1.05718e-08 
1203.07 9.9535e-09 
1203.08 9.36651e-09 
1203.09 8.80958e-09 
1203.1 8.28147e-09 
1203.11 7.781e-09 
1203.12 7.30699e-09 
1203.13 6.8583e-09 
1203.14 6.43383e-09 
1203.15 6.03252e-09 
1203.16 5.65331e-09 
1203.17 5.29519e-09 
1203.18 4.9572e-09 
1203.19 4.63837e-09 
1203.2 4.33781e-09 
1203.21 4.05462e-09 
1203.22 3.78797e-09 
1203.23 3.53397e-09 
1203.24 3.29812e-09 
1203.25 3.07641e-09 
1203.26 2.86813e-09 
1203.27 2.67256e-09 
1203.28 2.48903e-09 
1203.29 2.31691e-09 
1203.3 2.15558e-09 
1203.31 2.00445e-09 
1203.32 1.86294e-09 
1203.33 1.73053e-09 
1203.34 1.6067e-09 
1203.35 1.49096e-09 
1203.36 1.38284e-09 
1203.37 1.2819e-09 
1203.38 1.18771e-09 
1203.39 1.09987e-09 
1203.4 1.018e-09 
1203.41 9.41737e-10 
1203.41 8.70737e-10 
1203.42 8.04674e-10 
1203.43 7.43238e-10 
1203.44 6.86137e-10 
1203.45 6.33095e-10 
1203.46 5.83852e-10 
1203.47 5.3816e-10 
1203.48 4.95278e-10 
1203.49 4.56043e-10 
1203.5 4.19698e-10 
1203.51 3.86051e-10 
1203.52 3.54917e-10 
1203.53 3.26125e-10 
1203.54 2.99514e-10 
1203.55 2.74931e-10 
1203.56 2.52236e-10 
1203.57 2.31295e-10 
1203.58 2.11982e-10 
1203.59 1.94182e-10 
1203.6 1.77784e-10 
1203.61 1.62787e-10 
1203.62 1.48886e-10 
1203.63 1.36102e-10 
1203.64 1.24351e-10 
1203.65 1.13556e-10 
1203.66 1.03644e-10 
1203.67 9.45487e-11 
1203.68 8.62068e-11 
1203.69 7.85603e-11 
1203.7 7.15549e-11 
1203.71 6.51405e-11 
1203.72 5.92704e-11 
1203.73 5.38373e-11 
1203.74 4.89349e-11 
1203.75 4.44558e-11 
1203.76 4.03658e-11 
1203.77 3.66331e-11 
1203.78 3.32284e-11 
1203.79 3.01245e-11 
1203.8 2.72965e-11 
1203.81 2.47211e-11 
1203.82 2.23771e-11 
1203.83 2.02449e-11 
1203.83 1.83064e-11 
1203.84 1.6545e-11 
1203.85 1.49453e-11 
1203.86 1.34932e-11 
1203.87 1.2176e-11 
1203.88 1.09817e-11 
1203.89 9.89934e-12 
1203.9 8.91908e-12 
1203.91 8.03173e-12 
1203.92 7.22892e-12 
1203.93 6.50298e-12 
1203.94 5.84693e-12 
1203.95 5.25433e-12 
1203.96 4.71936e-12 
1203.97 4.23666e-12 
1203.98 3.7962e-12 
1203.99 3.40437e-12 
1204 3.05141e-12 
1204.01 2.73363e-12 
1204.02 2.44767e-12 
1204.03 2.19049e-12 
1204.04 1.95932e-12 
1204.05 1.75164e-12 
1204.06 1.56517e-12 
1204.07 1.39782e-12 
1204.08 1.24772e-12 
1204.09 1.11316e-12 
1204.1 9.92596e-13 
1204.11 8.84634e-13 
1204.12 7.88006e-13 
1204.13 7.01571e-13 
1204.14 6.24292e-13 
1204.15 5.55239e-13 
1204.16 4.93568e-13 
1204.17 4.3852e-13 
1204.18 3.8941e-13 
1204.19 3.45621e-13 
1204.2 3.06598e-13 
1204.21 2.71839e-13 
1204.22 2.40897e-13 
1204.23 2.13042e-13 
1204.24 1.88595e-13 
1204.25 1.66868e-13 
1204.26 1.47567e-13 
1204.26 1.30431e-13 
1204.27 1.15225e-13 
1204.28 1.0174e-13 
1204.29 8.97861e-14 
1204.3 7.91958e-14 
1204.31 6.98184e-14 
1204.32 6.15196e-14 
1204.33 5.41792e-14 
1204.34 4.76899e-14 
1204.35 4.19562e-14 
1204.36 3.68927e-14 
1204.37 3.24235e-14 
1204.38 2.8481e-14 
1204.39 2.50049e-14 
1204.4 2.19417e-14 
1204.41 1.92438e-14 
1204.42 1.68689e-14 
1204.43 1.47794e-14 
1204.44 1.29421e-14 
1204.45 1.13273e-14 
1204.46 9.90885e-15 
1204.47 8.66354e-15 
1204.48 7.55804e-15 
1204.49 6.60129e-15 
1204.5 5.76268e-15 
1204.51 5.02799e-15 
1204.52 4.3847e-15 
1204.53 3.82174e-15 
1204.54 3.32933e-15 
1204.55 2.89886e-15 
1204.56 2.52275e-15 
1204.57 2.1943e-15 
1204.58 1.90763e-15 
1204.59 1.65754e-15 
1204.6 1.4395e-15 
1204.61 1.2495e-15 
1204.62 1.08468e-15 
1204.63 9.40531e-16 
1204.64 8.1512e-16 
1204.65 7.06066e-16 
1204.66 6.11286e-16 
1204.67 5.28955e-16 
1204.68 4.57475e-16 
1204.68 3.95451e-16 
1204.69 3.41658e-16 
1204.7 2.95031e-16 
1204.71 2.54635e-16 
1204.72 2.1925e-16 
1204.73 1.89033e-16 
1204.74 1.62896e-16 
1204.75 1.403e-16 
1204.76 1.20777e-16 
1204.77 1.03916e-16 
1204.78 8.93627e-17 
1204.79 7.68078e-17 
1204.8 6.59827e-17 
1204.81 5.66539e-17 
1204.82 4.86189e-17 
1204.83 4.17019e-17 
1204.84 3.57504e-17 
1204.85 3.06325e-17 
1204.86 2.62336e-17 
1204.87 2.24548e-17 
1204.88 1.92104e-17 
1204.89 1.64262e-17 
1204.9 1.40383e-17 
1204.91 1.19913e-17 
1204.92 1.02375e-17 
1204.93 8.73571e-18 
1204.94 7.45034e-18 
1204.95 6.35081e-18 
1204.96 5.41075e-18 
1204.97 4.60746e-18 
1204.98 3.91349e-18 
1204.99 3.32901e-18 
1205 2.83036e-18 
1205.01 2.40516e-18 
1205.02 2.04278e-18 
1205.03 1.7341e-18 
1205.04 1.4713e-18 
1205.05 1.24768e-18 
1205.06 1.0575e-18 
1205.07 8.95851e-19 
1205.08 7.58515e-19 
1205.09 6.41901e-19 
1205.1 5.42934e-19 
1205.11 4.58988e-19 
1205.11 3.87821e-19 
1205.12 3.27519e-19 
1205.13 2.7645e-19 
1205.14 2.33223e-19 
1205.15 1.96654e-19 
1205.16 1.65732e-19 
1205.17 1.39601e-19 
1205.18 1.17529e-19 
1205.19 9.88954e-20 
1205.2 8.31731e-20 
1205.21 6.99141e-20 
1205.22 5.86209e-20 
1205.23 4.92158e-20 
1205.24 4.13057e-20 
1205.25 3.46489e-20 
1205.26 2.90499e-20 
1205.27 2.43431e-20 
1205.28 2.03883e-20 
1205.29 1.70672e-20 
1205.3 1.42797e-20 
1205.31 1.19413e-20 
1205.32 9.98062e-21 
1205.33 8.33757e-21 
1205.34 6.96141e-21 
1205.35 5.80938e-21 
1205.36 4.84548e-21 
1205.37 4.03943e-21 
1205.38 3.36572e-21 
1205.39 2.80293e-21 
1205.4 2.33303e-21 
1205.41 1.94091e-21 
1205.42 1.61385e-21 
1205.43 1.34121e-21 
1205.44 1.11406e-21 
1205.45 9.24896e-22 
1205.46 7.67456e-22 
1205.47 6.36486e-22 
1205.48 5.26464e-22 
1205.49 4.36076e-22 
1205.5 3.61094e-22 
1205.51 2.98851e-22 
1205.52 2.47208e-22 
1205.53 2.04384e-22 
1205.54 1.68891e-22 
1205.54 1.39489e-22 
1205.55 1.15146e-22 
1205.56 9.50027e-23 
1205.57 7.83422e-23 
1205.58 6.45701e-23 
1205.59 5.31915e-23 
1205.6 4.37954e-23 
1205.61 3.60625e-23 
1205.62 2.96615e-23 
1205.63 2.4384e-23 
1205.64 2.00351e-23 
1205.65 1.64533e-23 
1205.66 1.35049e-23 
1205.67 1.10791e-23 
1205.68 9.0843e-24 
1205.69 7.44483e-24 
1205.7 6.09808e-24 
1205.71 4.99237e-24 
1205.72 4.08503e-24 
1205.73 3.33247e-24 
1205.74 2.72397e-24 
1205.75 2.22543e-24 
1205.76 1.8172e-24 
1205.77 1.48308e-24 
1205.78 1.20977e-24 
1205.79 9.86312e-25 
1205.8 8.03715e-25 
1205.81 6.54584e-25 
1205.82 5.32849e-25 
1205.83 4.33528e-25 
1205.84 3.52538e-25 
1205.85 2.8653e-25 
1205.86 2.32761e-25 
1205.87 1.88984e-25 
1205.88 1.53361e-25 
1205.89 1.24388e-25 
1205.9 1.00837e-25 
1205.91 8.17026e-26 
1205.92 6.61648e-26 
1205.93 5.35541e-26 
1205.94 4.33246e-26 
1205.95 3.50309e-26 
1205.96 2.83102e-26 
1205.96 2.2867e-26 
1205.97 1.84609e-26 
1205.98 1.4856e-26 
1205.99 1.1981e-26 
1206 9.65736e-27 
1206.01 7.78035e-27 
1206.02 6.26491e-27 
1206.03 5.04203e-27 
1206.04 4.05576e-27 
1206.05 3.26072e-27 
1206.06 2.62017e-27 
1206.07 2.10437e-27 
1206.08 1.68923e-27 
1206.09 1.35529e-27 
1206.1 1.0868e-27 
1206.11 8.71047e-28 
1206.12 6.97766e-28 
1206.13 5.58668e-28 
1206.14 4.47066e-28 
1206.15 3.57574e-28 
1206.16 2.85848e-28 
1206.17 2.28391e-28 
1206.18 1.82389e-28 
1206.19 1.45577e-28 
1206.2 1.16135e-28 
1206.21 9.25996e-29 
1206.22 7.37954e-29 
1206.23 5.86123e-29 
1206.24 4.66613e-29 
1206.25 3.71279e-29 
1206.26 2.9527e-29 
1206.27 2.347e-29 
1206.28 1.86458e-29 
1206.29 1.48056e-29 
1206.3 1.17502e-29 
1206.31 9.32054e-30 
1206.32 7.38943e-30 
1206.33 5.8554e-30 
1206.34 4.63743e-30 
1206.35 3.6709e-30 
1206.36 2.90432e-30 
1206.37 2.29663e-30 
1206.38 1.81515e-30 
1206.39 1.43387e-30 
1206.39 1.13209e-30 
1206.4 8.93363e-31 
1206.41 7.04613e-31 
1206.42 5.55454e-31 
1206.43 4.37644e-31 
1206.44 3.44643e-31 
1206.45 2.71264e-31 
1206.46 2.13399e-31 
1206.47 1.6779e-31 
1206.48 1.31464e-31 
1206.49 1.03259e-31 
1206.5 8.10632e-32 
1206.51 6.36057e-32 
1206.52 4.98819e-32 
1206.53 3.9099e-32 
1206.54 3.06312e-32 
1206.55 2.39848e-32 
1206.56 1.87709e-32 
1206.57 1.46828e-32 
1206.58 1.14791e-32 
1206.59 8.96977e-33 
1206.6 0 
