#energy geo_1 
1186.6 0 
1186.61 0 
1186.62 0 
1186.63 0 
1186.64 0 
1186.65 0 
1186.66 0 
1186.67 0 
1186.68 0 
1186.69 0 
1186.7 0 
1186.71 0 
1186.72 0 
1186.73 0 
1186.74 0 
1186.75 0 
1186.76 0 
1186.77 0 
1186.78 0 
1186.79 0 
1186.8 0 
1186.81 0 
1186.81 0 
1186.82 0 
1186.83 0 
1186.84 0 
1186.85 0 
1186.86 0 
1186.87 0 
1186.88 0 
1186.89 0 
1186.9 0 
1186.91 0 
1186.92 0 
1186.93 0 
1186.94 0 
1186.95 0 
1186.96 0 
1186.97 0 
1186.98 0 
1186.99 0 
1187 0 
1187.01 0 
1187.02 0 
1187.03 0 
1187.04 0 
1187.05 0 
1187.06 0 
1187.07 0 
1187.08 0 
1187.09 0 
1187.1 0 
1187.11 0 
1187.12 0 
1187.13 0 
1187.14 0 
1187.15 0 
1187.16 0 
1187.17 0 
1187.18 0 
1187.19 0 
1187.2 0 
1187.21 0 
1187.22 0 
1187.23 0 
1187.24 0 
1187.24 0 
1187.25 0 
1187.26 0 
1187.27 0 
1187.28 0 
1187.29 0 
1187.3 0 
1187.31 0 
1187.32 0 
1187.33 0 
1187.34 0 
1187.35 0 
1187.36 0 
1187.37 0 
1187.38 0 
1187.39 0 
1187.4 0 
1187.41 0 
1187.42 0 
1187.43 0 
1187.44 0 
1187.45 0 
1187.46 0 
1187.47 0 
1187.48 0 
1187.49 0 
1187.5 0 
1187.51 0 
1187.52 0 
1187.53 0 
1187.54 0 
1187.55 0 
1187.56 0 
1187.57 0 
1187.58 0 
1187.59 0 
1187.6 0 
1187.61 0 
1187.62 0 
1187.63 0 
1187.64 0 
1187.65 0 
1187.66 0 
1187.66 0 
1187.67 0 
1187.68 0 
1187.69 0 
1187.7 0 
1187.71 0 
1187.72 0 
1187.73 0 
1187.74 0 
1187.75 0 
1187.76 0 
1187.77 0 
1187.78 0 
1187.79 0 
1187.8 0 
1187.81 0 
1187.82 0 
1187.83 0 
1187.84 0 
1187.85 0 
1187.86 0 
1187.87 0 
1187.88 0 
1187.89 0 
1187.9 0 
1187.91 0 
1187.92 0 
1187.93 0 
1187.94 0 
1187.95 0 
1187.96 0 
1187.97 0 
1187.98 0 
1187.99 0 
1188 0 
1188.01 0 
1188.02 0 
1188.03 0 
1188.04 0 
1188.05 0 
1188.06 0 
1188.07 0 
1188.08 0 
1188.09 0 
1188.09 0 
1188.1 0 
1188.11 0 
1188.12 0 
1188.13 0 
1188.14 0 
1188.15 0 
1188.16 0 
1188.17 0 
1188.18 0 
1188.19 0 
1188.2 0 
1188.21 0 
1188.22 0 
1188.23 0 
1188.24 0 
1188.25 0 
1188.26 0 
1188.27 0 
1188.28 0 
1188.29 0 
1188.3 0 
1188.31 0 
1188.32 0 
1188.33 0 
1188.34 0 
1188.35 0 
1188.36 0 
1188.37 0 
1188.38 0 
1188.39 0 
1188.4 0 
1188.41 0 
1188.42 0 
1188.43 0 
1188.44 0 
1188.45 0 
1188.46 0 
1188.47 0 
1188.48 0 
1188.49 0 
1188.5 0 
1188.51 0 
1188.52 0 
1188.52 0 
1188.53 0 
1188.54 0 
1188.55 0 
1188.56 0 
1188.57 0 
1188.58 0 
1188.59 0 
1188.6 0 
1188.61 0 
1188.62 0 
1188.63 0 
1188.64 0 
1188.65 0 
1188.66 0 
1188.67 0 
1188.68 0 
1188.69 0 
1188.7 0 
1188.71 0 
1188.72 0 
1188.73 0 
1188.74 0 
1188.75 0 
1188.76 0 
1188.77 0 
1188.78 0 
1188.79 0 
1188.8 0 
1188.81 0 
1188.82 0 
1188.83 0 
1188.84 0 
1188.85 0 
1188.86 0 
1188.87 0 
1188.88 0 
1188.89 0 
1188.9 0 
1188.91 0 
1188.92 0 
1188.93 0 
1188.94 0 
1188.94 0 
1188.95 0 
1188.96 0 
1188.97 0 
1188.98 0 
1188.99 0 
1189 0 
1189.01 0 
1189.02 0 
1189.03 0 
1189.04 0 
1189.05 0 
1189.06 0 
1189.07 0 
1189.08 0 
1189.09 0 
1189.1 0 
1189.11 0 
1189.12 0 
1189.13 0 
1189.14 0 
1189.15 0 
1189.16 0 
1189.17 0 
1189.18 0 
1189.19 0 
1189.2 0 
1189.21 0 
1189.22 0 
1189.23 0 
1189.24 0 
1189.25 0 
1189.26 0 
1189.27 0 
1189.28 0 
1189.29 0 
1189.3 0 
1189.31 0 
1189.32 0 
1189.33 0 
1189.34 0 
1189.35 0 
1189.36 0 
1189.36 0 
1189.37 0 
1189.38 0 
1189.39 0 
1189.4 0 
1189.41 0 
1189.42 0 
1189.43 0 
1189.44 0 
1189.45 0 
1189.46 0 
1189.47 1.4013e-45 
1189.48 1.4013e-45 
1189.49 1.4013e-45 
1189.5 1.4013e-45 
1189.51 2.8026e-45 
1189.52 2.8026e-45 
1189.53 2.8026e-45 
1189.54 4.2039e-45 
1189.55 5.60519e-45 
1189.56 8.40779e-45 
1189.57 9.80909e-45 
1189.58 1.26117e-44 
1189.59 1.68156e-44 
1189.6 2.24208e-44 
1189.61 2.8026e-44 
1189.62 3.78351e-44 
1189.63 4.90454e-44 
1189.64 6.44597e-44 
1189.65 8.40779e-44 
1189.66 1.09301e-43 
1189.67 1.41531e-43 
1189.68 1.82169e-43 
1189.69 2.38221e-43 
1189.7 3.11088e-43 
1189.71 4.04975e-43 
1189.72 5.25487e-43 
1189.73 6.86636e-43 
1189.74 8.91226e-43 
1189.75 1.15747e-42 
1189.76 1.50079e-42 
1189.77 1.9478e-42 
1189.78 2.52514e-42 
1189.79 3.27343e-42 
1189.79 4.24033e-42 
1189.8 5.48889e-42 
1189.81 7.10318e-42 
1189.82 9.18691e-42 
1189.83 1.1876e-41 
1189.84 1.53456e-41 
1189.85 1.982e-41 
1189.86 2.55863e-41 
1189.87 3.30146e-41 
1189.88 4.25785e-41 
1189.89 5.48875e-41 
1189.9 7.07207e-41 
1189.91 9.10774e-41 
1189.92 1.1724e-40 
1189.93 1.50841e-40 
1189.94 1.93986e-40 
1189.95 2.49348e-40 
1189.96 3.20356e-40 
1189.97 4.11393e-40 
1189.98 5.29695e-40 
1189.99 6.79564e-40 
1190 8.7142e-40 
1190.01 1.11691e-39 
1190.02 1.43087e-39 
1190.03 1.83221e-39 
1190.04 2.34501e-39 
1190.05 2.99989e-39 
1190.06 3.83583e-39 
1190.07 4.90236e-39 
1190.08 6.26244e-39 
1190.09 7.99604e-39 
1190.1 1.02047e-38 
1190.11 1.30171e-38 
1190.12 1.65968e-38 
1190.13 2.11508e-38 
1190.14 2.69415e-38 
1190.15 3.43012e-38 
1190.16 4.36504e-38 
1190.17 5.55215e-38 
1190.18 7.05873e-38 
1190.19 8.96983e-38 
1190.2 1.13929e-37 
1190.21 1.44636e-37 
1190.21 1.83533e-37 
1190.22 2.3347e-37 
1190.23 2.95971e-37 
1190.24 3.75025e-37 
1190.25 4.74967e-37 
1190.26 6.01257e-37 
1190.27 7.60762e-37 
1190.28 9.62123e-37 
1190.29 1.2162e-36 
1190.3 1.53664e-36 
1190.31 1.94058e-36 
1190.32 2.44953e-36 
1190.33 3.0905e-36 
1190.34 3.89732e-36 
1190.35 4.91242e-36 
1190.36 6.18897e-36 
1190.37 7.79352e-36 
1190.38 9.80939e-36 
1190.39 1.23408e-35 
1190.4 1.5518e-35 
1190.41 1.95039e-35 
1190.42 2.45019e-35 
1190.43 3.0766e-35 
1190.44 3.86132e-35 
1190.45 4.84386e-35 
1190.46 6.07353e-35 
1190.47 7.61172e-35 
1190.48 9.56178e-35 
1190.49 1.19719e-34 
1190.5 1.49824e-34 
1190.51 1.87409e-34 
1190.52 2.34311e-34 
1190.53 2.92811e-34 
1190.54 3.65742e-34 
1190.55 4.56621e-34 
1190.56 5.69808e-34 
1190.57 7.10713e-34 
1190.58 8.86038e-34 
1190.59 1.10409e-33 
1190.6 1.37514e-33 
1190.61 1.71299e-33 
1190.62 2.13149e-33 
1190.63 2.65097e-33 
1190.64 3.29548e-33 
1190.64 4.09473e-33 
1190.65 5.0854e-33 
1190.66 6.31273e-33 
1190.67 7.83252e-33 
1190.68 9.71357e-33 
1190.69 1.20406e-32 
1190.7 1.4918e-32 
1190.71 1.84742e-32 
1190.72 2.28673e-32 
1190.73 2.83667e-32 
1190.74 3.50784e-32 
1190.75 4.33574e-32 
1190.76 5.35647e-32 
1190.77 6.61435e-32 
1190.78 8.16373e-32 
1190.79 1.00712e-31 
1190.8 1.24185e-31 
1190.81 1.53055e-31 
1190.82 1.88547e-31 
1190.83 2.32158e-31 
1190.84 2.8572e-31 
1190.85 3.51472e-31 
1190.86 4.32148e-31 
1190.87 5.31089e-31 
1190.88 6.52371e-31 
1190.89 8.00968e-31 
1190.9 9.82942e-31 
1190.91 1.20568e-30 
1190.92 1.47819e-30 
1190.93 1.81143e-30 
1190.94 2.21874e-30 
1190.95 2.71632e-30 
1190.96 3.32392e-30 
1190.97 4.06548e-30 
1190.98 4.98259e-30 
1190.99 6.08834e-30 
1191 7.43593e-30 
1191.01 9.07747e-30 
1191.02 1.10761e-29 
1191.03 1.35083e-29 
1191.04 1.64668e-29 
1191.05 2.00636e-29 
1191.06 2.44343e-29 
1191.07 2.97431e-29 
1191.07 3.61879e-29 
1191.08 4.40083e-29 
1191.09 5.3493e-29 
1191.1 6.4991e-29 
1191.11 7.89226e-29 
1191.12 9.57948e-29 
1191.13 1.16219e-28 
1191.14 1.4093e-28 
1191.15 1.70813e-28 
1191.16 2.06934e-28 
1191.17 2.50574e-28 
1191.18 3.03273e-28 
1191.19 3.66879e-28 
1191.2 4.43614e-28 
1191.21 5.36142e-28 
1191.22 6.4766e-28 
1191.23 7.83843e-28 
1191.24 9.45974e-28 
1191.25 1.1411e-27 
1191.26 1.37581e-27 
1191.27 1.658e-27 
1191.28 1.99713e-27 
1191.29 2.40447e-27 
1191.3 2.89351e-27 
1191.31 3.48036e-27 
1191.32 4.18422e-27 
1191.33 5.02804e-27 
1191.34 6.03914e-27 
1191.35 7.25011e-27 
1191.36 8.69974e-27 
1191.37 1.04342e-26 
1191.38 1.25086e-26 
1191.39 1.49881e-26 
1191.4 1.79506e-26 
1191.41 2.14884e-26 
1191.42 2.57112e-26 
1191.43 3.07491e-26 
1191.44 3.67566e-26 
1191.45 4.39168e-26 
1191.46 5.24468e-26 
1191.47 6.26037e-26 
1191.48 7.48718e-26 
1191.49 8.92677e-26 
1191.49 1.06402e-25 
1191.5 1.26765e-25 
1191.51 1.50953e-25 
1191.52 1.7967e-25 
1191.53 2.13748e-25 
1191.54 2.54168e-25 
1191.55 3.02087e-25 
1191.56 3.5887e-25 
1191.57 4.26123e-25 
1191.58 5.05737e-25 
1191.59 5.99939e-25 
1191.6 7.11793e-25 
1191.61 8.43571e-25 
1191.62 9.99268e-25 
1191.63 1.18314e-24 
1191.64 1.40017e-24 
1191.65 1.65622e-24 
1191.66 1.95817e-24 
1191.67 2.31406e-24 
1191.68 2.73332e-24 
1191.69 3.227e-24 
1191.7 3.80804e-24 
1191.71 4.49154e-24 
1191.72 5.2952e-24 
1191.73 6.25247e-24 
1191.74 7.36412e-24 
1191.75 8.66928e-24 
1191.76 1.02009e-23 
1191.77 1.19974e-23 
1191.78 1.41035e-23 
1191.79 1.65714e-23 
1191.8 1.94618e-23 
1191.81 2.28456e-23 
1191.82 2.68048e-23 
1191.83 3.14352e-23 
1191.84 3.68479e-23 
1191.85 4.31719e-23 
1191.86 5.05571e-23 
1191.87 5.91774e-23 
1191.88 6.92345e-23 
1191.89 8.09621e-23 
1191.9 9.46311e-23 
1191.91 1.10555e-22 
1191.92 1.29097e-22 
1191.92 1.50676e-22 
1191.93 1.75779e-22 
1191.94 2.04966e-22 
1191.95 2.38886e-22 
1191.96 2.78286e-22 
1191.97 3.24029e-22 
1191.98 3.77826e-22 
1191.99 4.39509e-22 
1192 5.11017e-22 
1192.01 5.93877e-22 
1192.02 6.89843e-22 
1192.03 8.00934e-22 
1192.04 9.2947e-22 
1192.05 1.07812e-21 
1192.06 1.24995e-21 
1192.07 1.44846e-21 
1192.08 1.67771e-21 
1192.09 1.94231e-21 
1192.1 2.24757e-21 
1192.11 2.59957e-21 
1192.12 3.00526e-21 
1192.13 3.4726e-21 
1192.14 4.0107e-21 
1192.15 4.62996e-21 
1192.16 5.3423e-21 
1192.17 6.16128e-21 
1192.18 7.10244e-21 
1192.19 8.18344e-21 
1192.2 9.42447e-21 
1192.21 1.08485e-20 
1192.22 1.24818e-20 
1192.23 1.43792e-20 
1192.24 1.65281e-20 
1192.25 1.89891e-20 
1192.26 2.18061e-20 
1192.27 2.50291e-20 
1192.28 2.87148e-20 
1192.29 3.29274e-20 
1192.3 3.77401e-20 
1192.31 4.32355e-20 
1192.32 4.95075e-20 
1192.33 5.66622e-20 
1192.34 6.482e-20 
1192.34 7.41169e-20 
1192.35 8.47068e-20 
1192.36 9.67635e-20 
1192.37 1.10484e-19 
1192.38 1.26089e-19 
1192.39 1.43829e-19 
1192.4 1.63988e-19 
1192.41 1.86882e-19 
1192.42 2.12872e-19 
1192.43 2.42359e-19 
1192.44 2.758e-19 
1192.45 3.13705e-19 
1192.46 3.56649e-19 
1192.47 4.05279e-19 
1192.48 4.61051e-19 
1192.49 5.23413e-19 
1192.5 5.93926e-19 
1192.51 6.73616e-19 
1192.52 7.63635e-19 
1192.53 8.6527e-19 
1192.54 9.79964e-19 
1192.55 1.10933e-18 
1192.56 1.25518e-18 
1192.57 1.41952e-18 
1192.58 1.60461e-18 
1192.59 1.81297e-18 
1192.6 2.04742e-18 
1192.61 2.31251e-18 
1192.62 2.60906e-18 
1192.63 2.94222e-18 
1192.64 3.31635e-18 
1192.65 3.73627e-18 
1192.66 4.20734e-18 
1192.67 4.73555e-18 
1192.68 5.32753e-18 
1192.69 5.99065e-18 
1192.7 6.7331e-18 
1192.71 7.56394e-18 
1192.72 8.49325e-18 
1192.73 9.54592e-18 
1192.74 1.07084e-17 
1192.75 1.20068e-17 
1192.76 1.34562e-17 
1192.77 1.50733e-17 
1192.77 1.68767e-17 
1192.78 1.88868e-17 
1192.79 2.11263e-17 
1192.8 2.36201e-17 
1192.81 2.63956e-17 
1192.82 2.94831e-17 
1192.83 3.29161e-17 
1192.84 3.67313e-17 
1192.85 4.09691e-17 
1192.86 4.5674e-17 
1192.87 5.0895e-17 
1192.88 5.66856e-17 
1192.89 6.3105e-17 
1192.9 7.02178e-17 
1192.91 7.80951e-17 
1192.92 8.68146e-17 
1192.93 9.64615e-17 
1192.94 1.07129e-16 
1192.95 1.1892e-16 
1192.96 1.31945e-16 
1192.97 1.46328e-16 
1192.98 1.62408e-16 
1192.99 1.79938e-16 
1193 1.99265e-16 
1193.01 2.20562e-16 
1193.02 2.44019e-16 
1193.03 2.69842e-16 
1193.04 2.98254e-16 
1193.05 3.29501e-16 
1193.06 3.63848e-16 
1193.07 4.01584e-16 
1193.08 4.43022e-16 
1193.09 4.88502e-16 
1193.1 5.38393e-16 
1193.11 5.93098e-16 
1193.12 6.53048e-16 
1193.13 7.18715e-16 
1193.14 7.90608e-16 
1193.15 8.69277e-16 
1193.16 9.55318e-16 
1193.17 1.04937e-15 
1193.18 1.15214e-15 
1193.19 1.26437e-15 
1193.19 1.38686e-15 
1193.2 1.5205e-15 
1193.21 1.66622e-15 
1193.22 1.82719e-15 
1193.23 2.00028e-15 
1193.24 2.18883e-15 
1193.25 2.394e-15 
1193.26 2.61716e-15 
1193.27 2.85976e-15 
1193.28 3.12335e-15 
1193.29 3.40961e-15 
1193.3 3.72033e-15 
1193.31 4.05743e-15 
1193.32 4.42296e-15 
1193.33 4.81912e-15 
1193.34 5.24825e-15 
1193.35 5.71287e-15 
1193.36 6.21566e-15 
1193.37 6.75946e-15 
1193.38 7.34734e-15 
1193.39 7.98253e-15 
1193.4 8.66849e-15 
1193.41 9.40891e-15 
1193.42 1.02077e-14 
1193.43 1.1069e-14 
1193.44 1.19973e-14 
1193.45 1.29972e-14 
1193.46 1.40737e-14 
1193.47 1.52321e-14 
1193.48 1.64941e-14 
1193.49 1.78346e-14 
1193.5 1.92748e-14 
1193.51 2.08214e-14 
1193.52 2.24813e-14 
1193.53 2.4262e-14 
1193.54 2.61712e-14 
1193.55 2.82172e-14 
1193.56 3.04086e-14 
1193.57 3.27546e-14 
1193.58 3.52647e-14 
1193.59 3.7949e-14 
1193.6 4.08182e-14 
1193.61 4.39107e-14 
1193.62 4.71856e-14 
1193.62 5.06804e-14 
1193.63 5.44082e-14 
1193.64 5.83822e-14 
1193.65 6.26167e-14 
1193.66 6.71261e-14 
1193.67 7.1926e-14 
1193.68 7.70324e-14 
1193.69 8.24618e-14 
1193.7 8.82318e-14 
1193.71 9.43605e-14 
1193.72 1.00867e-13 
1193.73 1.07859e-13 
1193.74 1.15185e-13 
1193.75 1.2295e-13 
1193.76 1.31176e-13 
1193.77 1.39886e-13 
1193.78 1.49102e-13 
1193.79 1.5885e-13 
1193.8 1.69155e-13 
1193.81 1.80042e-13 
1193.82 1.91538e-13 
1193.83 2.03671e-13 
1193.84 2.16469e-13 
1193.85 2.29961e-13 
1193.86 2.44178e-13 
1193.87 2.5915e-13 
1193.88 2.74909e-13 
1193.89 2.91487e-13 
1193.9 3.08917e-13 
1193.91 3.27232e-13 
1193.92 3.46469e-13 
1193.93 3.66661e-13 
1193.94 3.87845e-13 
1193.95 4.10057e-13 
1193.96 4.33333e-13 
1193.97 4.57713e-13 
1193.98 4.8356e-13 
1193.99 5.10275e-13 
1194 5.38208e-13 
1194.01 5.674e-13 
1194.02 5.9789e-13 
1194.03 6.29717e-13 
1194.04 6.62922e-13 
1194.05 6.97545e-13 
1194.05 7.33625e-13 
1194.06 7.71204e-13 
1194.07 8.10321e-13 
1194.08 8.51015e-13 
1194.09 8.93326e-13 
1194.1 9.37293e-13 
1194.11 9.82954e-13 
1194.12 1.03035e-12 
1194.13 1.07951e-12 
1194.14 1.13048e-12 
1194.15 1.18329e-12 
1194.16 1.23798e-12 
1194.17 1.29458e-12 
1194.18 1.35311e-12 
1194.19 1.41362e-12 
1194.2 1.47613e-12 
1194.21 1.54067e-12 
1194.22 1.60726e-12 
1194.23 1.67681e-12 
1194.24 1.7476e-12 
1194.25 1.82052e-12 
1194.26 1.89557e-12 
1194.27 1.97278e-12 
1194.28 2.05215e-12 
1194.29 2.13369e-12 
1194.3 2.21742e-12 
1194.31 2.30333e-12 
1194.32 2.39142e-12 
1194.33 2.4817e-12 
1194.34 2.57416e-12 
1194.35 2.66879e-12 
1194.36 2.76558e-12 
1194.37 2.86451e-12 
1194.38 2.96557e-12 
1194.39 3.06872e-12 
1194.4 3.17394e-12 
1194.41 3.28121e-12 
1194.42 3.39048e-12 
1194.43 3.50172e-12 
1194.44 3.61488e-12 
1194.45 3.72992e-12 
1194.46 3.84678e-12 
1194.47 3.96541e-12 
1194.47 4.08727e-12 
1194.48 4.20926e-12 
1194.49 4.33283e-12 
1194.5 4.4579e-12 
1194.51 4.58439e-12 
1194.52 4.71222e-12 
1194.53 4.8413e-12 
1194.54 4.97154e-12 
1194.55 5.10285e-12 
1194.56 5.23512e-12 
1194.57 5.36827e-12 
1194.58 5.50217e-12 
1194.59 5.63672e-12 
1194.6 5.7718e-12 
1194.61 5.91098e-12 
1194.62 6.04686e-12 
1194.63 6.18291e-12 
1194.64 6.319e-12 
1194.65 6.455e-12 
1194.66 6.59079e-12 
1194.67 6.72621e-12 
1194.68 6.86115e-12 
1194.69 6.99545e-12 
1194.7 7.12897e-12 
1194.71 7.26158e-12 
1194.72 7.39312e-12 
1194.73 7.52507e-12 
1194.74 7.65403e-12 
1194.75 7.78148e-12 
1194.76 7.90727e-12 
1194.77 8.03126e-12 
1194.78 8.15331e-12 
1194.79 8.27326e-12 
1194.8 8.39096e-12 
1194.81 8.50628e-12 
1194.82 8.61906e-12 
1194.83 8.72918e-12 
1194.84 8.83647e-12 
1194.85 8.94082e-12 
1194.86 9.04208e-12 
1194.87 9.14013e-12 
1194.88 9.23482e-12 
1194.89 9.32605e-12 
1194.9 9.41368e-12 
1194.9 9.49759e-12 
1194.91 9.57768e-12 
1194.92 9.65384e-12 
1194.93 9.72596e-12 
1194.94 9.79393e-12 
1194.95 9.85768e-12 
1194.96 9.9171e-12 
1194.97 9.97212e-12 
1194.98 1.00233e-11 
1194.99 1.00692e-11 
1195 1.01105e-11 
1195.01 1.01471e-11 
1195.02 1.0179e-11 
1195.03 1.02062e-11 
1195.04 1.02285e-11 
1195.05 1.0246e-11 
1195.06 1.02586e-11 
1195.07 1.02663e-11 
1195.08 1.02691e-11 
1195.09 1.0267e-11 
1195.1 1.02601e-11 
1195.11 1.02482e-11 
1195.12 1.02314e-11 
1195.13 1.02099e-11 
1195.14 1.01834e-11 
1195.15 1.01523e-11 
1195.16 1.01163e-11 
1195.17 1.00757e-11 
1195.18 1.00305e-11 
1195.19 9.9807e-12 
1195.2 9.92641e-12 
1195.21 9.8677e-12 
1195.22 9.80466e-12 
1195.23 9.73651e-12 
1195.24 9.66502e-12 
1195.25 9.58948e-12 
1195.26 9.50998e-12 
1195.27 9.42665e-12 
1195.28 9.33959e-12 
1195.29 9.24892e-12 
1195.3 9.15476e-12 
1195.31 9.05723e-12 
1195.32 8.95647e-12 
1195.32 8.85261e-12 
1195.33 8.74577e-12 
1195.34 8.63611e-12 
1195.35 8.52376e-12 
1195.36 8.40886e-12 
1195.37 8.29155e-12 
1195.38 8.17198e-12 
1195.39 8.05031e-12 
1195.4 7.92666e-12 
1195.41 7.8012e-12 
1195.42 7.67407e-12 
1195.43 7.54542e-12 
1195.44 7.4154e-12 
1195.45 7.28416e-12 
1195.46 7.15184e-12 
1195.47 7.01858e-12 
1195.48 6.88286e-12 
1195.49 6.74817e-12 
1195.5 6.61299e-12 
1195.51 6.47744e-12 
1195.52 6.34167e-12 
1195.53 6.20581e-12 
1195.54 6.07e-12 
1195.55 5.93437e-12 
1195.56 5.79904e-12 
1195.57 5.66413e-12 
1195.58 5.52977e-12 
1195.59 5.39608e-12 
1195.6 5.26317e-12 
1195.61 5.13434e-12 
1195.62 5.00322e-12 
1195.63 4.87321e-12 
1195.64 4.7444e-12 
1195.65 4.61688e-12 
1195.66 4.49075e-12 
1195.67 4.36609e-12 
1195.68 4.24299e-12 
1195.69 4.12152e-12 
1195.7 4.00177e-12 
1195.71 3.8838e-12 
1195.72 3.76768e-12 
1195.73 3.65206e-12 
1195.74 3.53986e-12 
1195.75 3.42968e-12 
1195.75 3.3216e-12 
1195.76 3.21564e-12 
1195.77 3.11187e-12 
1195.78 3.01031e-12 
1195.79 2.91101e-12 
1195.8 2.81401e-12 
1195.81 2.71933e-12 
1195.82 2.627e-12 
1195.83 2.53705e-12 
1195.84 2.44951e-12 
1195.85 2.36439e-12 
1195.86 2.28171e-12 
1195.87 2.20149e-12 
1195.88 2.12375e-12 
1195.89 2.04848e-12 
1195.9 1.9757e-12 
1195.91 1.90543e-12 
1195.92 1.83766e-12 
1195.93 1.7724e-12 
1195.94 1.70965e-12 
1195.95 1.64942e-12 
1195.96 1.59171e-12 
1195.97 1.53652e-12 
1195.98 1.4832e-12 
1195.99 1.43308e-12 
1196 1.38547e-12 
1196.01 1.34038e-12 
1196.02 1.2978e-12 
1196.03 1.25773e-12 
1196.04 1.22018e-12 
1196.05 1.18514e-12 
1196.06 1.15261e-12 
1196.07 1.12259e-12 
1196.08 1.09508e-12 
1196.09 1.07008e-12 
1196.1 1.0476e-12 
1196.11 1.02763e-12 
1196.12 1.01019e-12 
1196.13 9.95278e-13 
1196.14 9.82896e-13 
1196.15 9.73054e-13 
1196.16 9.6576e-13 
1196.17 9.61025e-13 
1196.17 9.58858e-13 
1196.18 9.59272e-13 
1196.19 9.6228e-13 
1196.2 9.67896e-13 
1196.21 9.76136e-13 
1196.22 9.87187e-13 
1196.23 1.00074e-12 
1196.24 1.01699e-12 
1196.25 1.03594e-12 
1196.26 1.05761e-12 
1196.27 1.08203e-12 
1196.28 1.1092e-12 
1196.29 1.13917e-12 
1196.3 1.17195e-12 
1196.31 1.20757e-12 
1196.32 1.24606e-12 
1196.33 1.28745e-12 
1196.34 1.33175e-12 
1196.35 1.37901e-12 
1196.36 1.42924e-12 
1196.37 1.48248e-12 
1196.38 1.53876e-12 
1196.39 1.5981e-12 
1196.4 1.66055e-12 
1196.41 1.72612e-12 
1196.42 1.79485e-12 
1196.43 1.86678e-12 
1196.44 1.94193e-12 
1196.45 2.02034e-12 
1196.46 2.10204e-12 
1196.47 2.18708e-12 
1196.48 2.27661e-12 
1196.49 2.36847e-12 
1196.5 2.4638e-12 
1196.51 2.56263e-12 
1196.52 2.66502e-12 
1196.53 2.77103e-12 
1196.54 2.88072e-12 
1196.55 2.99418e-12 
1196.56 3.11149e-12 
1196.57 3.23273e-12 
1196.58 3.35803e-12 
1196.59 3.48751e-12 
1196.6 3.62132e-12 
1196.6 3.76196e-12 
1196.61 3.90503e-12 
1196.62 4.05302e-12 
1196.63 4.20619e-12 
1196.64 4.36483e-12 
1196.65 4.52929e-12 
1196.66 4.69996e-12 
1196.67 4.87731e-12 
1196.68 5.06186e-12 
1196.69 5.25422e-12 
1196.7 5.45508e-12 
1196.71 5.66525e-12 
1196.72 5.88563e-12 
1196.73 6.12025e-12 
1196.74 6.36452e-12 
1196.75 6.62263e-12 
1196.76 6.89613e-12 
1196.77 7.18678e-12 
1196.78 7.4966e-12 
1196.79 7.82786e-12 
1196.8 8.18315e-12 
1196.81 8.56539e-12 
1196.82 8.97788e-12 
1196.83 9.42436e-12 
1196.84 9.90905e-12 
1196.85 1.04367e-11 
1196.86 1.10126e-11 
1196.87 1.16428e-11 
1196.88 1.23341e-11 
1196.89 1.30941e-11 
1196.9 1.39312e-11 
1196.91 1.48549e-11 
1196.92 1.58761e-11 
1196.93 1.70065e-11 
1196.94 1.82594e-11 
1196.95 1.96499e-11 
1196.96 2.11945e-11 
1196.97 2.29116e-11 
1196.98 2.48471e-11 
1196.99 2.69764e-11 
1197 2.93476e-11 
1197.01 3.1989e-11 
1197.02 3.49321e-11 
1197.03 3.82118e-11 
1197.03 4.18667e-11 
1197.04 4.59397e-11 
1197.05 5.04781e-11 
1197.06 5.55342e-11 
1197.07 6.11658e-11 
1197.08 6.74369e-11 
1197.09 7.44178e-11 
1197.1 8.21861e-11 
1197.11 9.08273e-11 
1197.12 1.00435e-10 
1197.13 1.11114e-10 
1197.14 1.22976e-10 
1197.15 1.36147e-10 
1197.16 1.50764e-10 
1197.17 1.66977e-10 
1197.18 1.84949e-10 
1197.19 2.04862e-10 
1197.2 2.26911e-10 
1197.21 2.51312e-10 
1197.22 2.783e-10 
1197.23 3.08523e-10 
1197.24 3.41517e-10 
1197.25 3.77943e-10 
1197.26 4.18132e-10 
1197.27 4.62445e-10 
1197.28 5.11275e-10 
1197.29 5.65049e-10 
1197.3 6.24229e-10 
1197.31 6.89317e-10 
1197.32 7.60857e-10 
1197.33 8.39439e-10 
1197.34 9.257e-10 
1197.35 1.02033e-09 
1197.36 1.12407e-09 
1197.37 1.23773e-09 
1197.38 1.36217e-09 
1197.39 1.49832e-09 
1197.4 1.6472e-09 
1197.41 1.80989e-09 
1197.42 1.98754e-09 
1197.43 2.18141e-09 
1197.44 2.39285e-09 
1197.45 2.62328e-09 
1197.45 2.87425e-09 
1197.46 3.14741e-09 
1197.47 3.44453e-09 
1197.48 3.7717e-09 
1197.49 4.12289e-09 
1197.5 4.50411e-09 
1197.51 4.91767e-09 
1197.52 5.366e-09 
1197.53 5.85172e-09 
1197.54 6.37757e-09 
1197.55 6.94652e-09 
1197.56 7.56167e-09 
1197.57 8.22633e-09 
1197.58 8.944e-09 
1197.59 9.71841e-09 
1197.6 1.05535e-08 
1197.61 1.14604e-08 
1197.62 1.24301e-08 
1197.63 1.34736e-08 
1197.64 1.45957e-08 
1197.65 1.58017e-08 
1197.66 1.7097e-08 
1197.67 1.84871e-08 
1197.68 1.9978e-08 
1197.69 2.1576e-08 
1197.7 2.32875e-08 
1197.71 2.51194e-08 
1197.72 2.70789e-08 
1197.73 2.92004e-08 
1197.74 3.14394e-08 
1197.75 3.38294e-08 
1197.76 3.63787e-08 
1197.77 3.90962e-08 
1197.78 4.19909e-08 
1197.79 4.50723e-08 
1197.8 4.83501e-08 
1197.81 5.18345e-08 
1197.82 5.55359e-08 
1197.83 5.94651e-08 
1197.84 6.36333e-08 
1197.85 6.80518e-08 
1197.86 7.27324e-08 
1197.87 7.76872e-08 
1197.88 8.29287e-08 
1197.88 8.84695e-08 
1197.89 9.43225e-08 
1197.9 1.00501e-07 
1197.91 1.07018e-07 
1197.92 1.13889e-07 
1197.93 1.21125e-07 
1197.94 1.28743e-07 
1197.95 1.36755e-07 
1197.96 1.45177e-07 
1197.97 1.54023e-07 
1197.98 1.63426e-07 
1197.99 1.7317e-07 
1198 1.83382e-07 
1198.01 1.94077e-07 
1198.02 2.05269e-07 
1198.03 2.16973e-07 
1198.04 2.29204e-07 
1198.05 2.41976e-07 
1198.06 2.55302e-07 
1198.07 2.69197e-07 
1198.08 2.83673e-07 
1198.09 2.98745e-07 
1198.1 3.14424e-07 
1198.11 3.30722e-07 
1198.12 3.47652e-07 
1198.13 3.65224e-07 
1198.14 3.83449e-07 
1198.15 4.02335e-07 
1198.16 4.21892e-07 
1198.17 4.42128e-07 
1198.18 4.63051e-07 
1198.19 4.84665e-07 
1198.2 5.06977e-07 
1198.21 5.2999e-07 
1198.22 5.53707e-07 
1198.23 5.7844e-07 
1198.24 6.03578e-07 
1198.25 6.29422e-07 
1198.26 6.55969e-07 
1198.27 6.83216e-07 
1198.28 7.11158e-07 
1198.29 7.39788e-07 
1198.3 7.69097e-07 
1198.3 7.99077e-07 
1198.31 8.29715e-07 
1198.32 8.60998e-07 
1198.33 8.92912e-07 
1198.34 9.2544e-07 
1198.35 9.58564e-07 
1198.36 9.92263e-07 
1198.37 1.02652e-06 
1198.38 1.0613e-06 
1198.39 1.09659e-06 
1198.4 1.13235e-06 
1198.41 1.16856e-06 
1198.42 1.2052e-06 
1198.43 1.24221e-06 
1198.44 1.27957e-06 
1198.45 1.31725e-06 
1198.46 1.35521e-06 
1198.47 1.3934e-06 
1198.48 1.43227e-06 
1198.49 1.47082e-06 
1198.5 1.50947e-06 
1198.51 1.54819e-06 
1198.52 1.58692e-06 
1198.53 1.62563e-06 
1198.54 1.66426e-06 
1198.55 1.70275e-06 
1198.56 1.74107e-06 
1198.57 1.77916e-06 
1198.58 1.81696e-06 
1198.59 1.85443e-06 
1198.6 1.8915e-06 
1198.61 1.92933e-06 
1198.62 1.96549e-06 
1198.63 2.00109e-06 
1198.64 2.03609e-06 
1198.65 2.07042e-06 
1198.66 2.10404e-06 
1198.67 2.1369e-06 
1198.68 2.16893e-06 
1198.69 2.20009e-06 
1198.7 2.23033e-06 
1198.71 2.2596e-06 
1198.72 2.28784e-06 
1198.73 2.31534e-06 
1198.73 2.34138e-06 
1198.74 2.36626e-06 
1198.75 2.38994e-06 
1198.76 2.41237e-06 
1198.77 2.43351e-06 
1198.78 2.45333e-06 
1198.79 2.47179e-06 
1198.8 2.48887e-06 
1198.81 2.50452e-06 
1198.82 2.51872e-06 
1198.83 2.53144e-06 
1198.84 2.54267e-06 
1198.85 2.55237e-06 
1198.86 2.56054e-06 
1198.87 2.56716e-06 
1198.88 2.57221e-06 
1198.89 2.57569e-06 
1198.9 2.57759e-06 
1198.91 2.57791e-06 
1198.92 2.57664e-06 
1198.93 2.57379e-06 
1198.94 2.56937e-06 
1198.95 2.56338e-06 
1198.96 2.55583e-06 
1198.97 2.54673e-06 
1198.98 2.53597e-06 
1198.99 2.52382e-06 
1199 2.51019e-06 
1199.01 2.4951e-06 
1199.02 2.47858e-06 
1199.03 2.46065e-06 
1199.04 2.44135e-06 
1199.05 2.42072e-06 
1199.06 2.39878e-06 
1199.07 2.37559e-06 
1199.08 2.35117e-06 
1199.09 2.32557e-06 
1199.1 2.29884e-06 
1199.11 2.27102e-06 
1199.12 2.24216e-06 
1199.13 2.21231e-06 
1199.14 2.18151e-06 
1199.15 2.14982e-06 
1199.15 2.11729e-06 
1199.16 2.08397e-06 
1199.17 2.04992e-06 
1199.18 2.01518e-06 
1199.19 1.97981e-06 
1199.2 1.94387e-06 
1199.21 1.90742e-06 
1199.22 1.87002e-06 
1199.23 1.83268e-06 
1199.24 1.79499e-06 
1199.25 1.75698e-06 
1199.26 1.71873e-06 
1199.27 1.68027e-06 
1199.28 1.64167e-06 
1199.29 1.60297e-06 
1199.3 1.56422e-06 
1199.31 1.52547e-06 
1199.32 1.48677e-06 
1199.33 1.44816e-06 
1199.34 1.40969e-06 
1199.35 1.3714e-06 
1199.36 1.33333e-06 
1199.37 1.29552e-06 
1199.38 1.25801e-06 
1199.39 1.22084e-06 
1199.4 1.18404e-06 
1199.41 1.14765e-06 
1199.42 1.1117e-06 
1199.43 1.07621e-06 
1199.44 1.04122e-06 
1199.45 1.00675e-06 
1199.46 9.72827e-07 
1199.47 9.39474e-07 
1199.48 9.06306e-07 
1199.49 8.74161e-07 
1199.5 8.42644e-07 
1199.51 8.11769e-07 
1199.52 7.81552e-07 
1199.53 7.52004e-07 
1199.54 7.23137e-07 
1199.55 6.94959e-07 
1199.56 6.67478e-07 
1199.57 6.407e-07 
1199.58 6.14629e-07 
1199.58 5.8927e-07 
1199.59 5.64623e-07 
1199.6 5.40689e-07 
1199.61 5.17789e-07 
1199.62 4.95264e-07 
1199.63 4.73447e-07 
1199.64 4.52334e-07 
1199.65 4.3192e-07 
1199.66 4.12198e-07 
1199.67 3.93163e-07 
1199.68 3.74806e-07 
1199.69 3.57118e-07 
1199.7 3.40091e-07 
1199.71 3.23716e-07 
1199.72 3.07981e-07 
1199.73 2.92691e-07 
1199.74 2.78212e-07 
1199.75 2.64341e-07 
1199.76 2.51064e-07 
1199.77 2.38371e-07 
1199.78 2.26248e-07 
1199.79 2.14684e-07 
1199.8 2.03666e-07 
1199.81 1.9318e-07 
1199.82 1.83215e-07 
1199.83 1.73759e-07 
1199.84 1.64797e-07 
1199.85 1.56319e-07 
1199.86 1.48312e-07 
1199.87 1.40764e-07 
1199.88 1.33664e-07 
1199.89 1.27e-07 
1199.9 1.20761e-07 
1199.91 1.14937e-07 
1199.92 1.09518e-07 
1199.93 1.04493e-07 
1199.94 9.98527e-08 
1199.95 9.55891e-08 
1199.96 9.16934e-08 
1199.97 8.81577e-08 
1199.98 8.49393e-08 
1199.99 8.21044e-08 
1200 7.96113e-08 
1200.01 7.74522e-08 
1200.01 7.56222e-08 
1200.02 7.41169e-08 
1200.03 7.29327e-08 
1200.04 7.20663e-08 
1200.05 7.15154e-08 
1200.06 7.12782e-08 
1200.07 7.13537e-08 
1200.08 7.17414e-08 
1200.09 7.24417e-08 
1200.1 7.34556e-08 
1200.11 7.47846e-08 
1200.12 7.64313e-08 
1200.13 7.83987e-08 
1200.14 8.06905e-08 
1200.15 8.33114e-08 
1200.16 8.62666e-08 
1200.17 8.95619e-08 
1200.18 9.32041e-08 
1200.19 9.72005e-08 
1200.2 1.01559e-07 
1200.21 1.06289e-07 
1200.22 1.11399e-07 
1200.23 1.16972e-07 
1200.24 1.22879e-07 
1200.25 1.292e-07 
1200.26 1.35947e-07 
1200.27 1.43132e-07 
1200.28 1.50769e-07 
1200.29 1.58873e-07 
1200.3 1.67457e-07 
1200.31 1.76539e-07 
1200.32 1.86134e-07 
1200.33 1.96258e-07 
1200.34 2.0693e-07 
1200.35 2.18166e-07 
1200.36 2.29987e-07 
1200.37 2.4241e-07 
1200.38 2.55456e-07 
1200.39 2.69144e-07 
1200.4 2.83495e-07 
1200.41 2.98531e-07 
1200.42 3.14272e-07 
1200.43 3.30741e-07 
1200.43 3.4796e-07 
1200.44 3.65952e-07 
1200.45 3.8474e-07 
1200.46 4.04347e-07 
1200.47 4.24796e-07 
1200.48 4.46384e-07 
1200.49 4.68601e-07 
1200.5 4.91733e-07 
1200.51 5.15804e-07 
1200.52 5.40838e-07 
1200.53 5.6686e-07 
1200.54 5.93893e-07 
1200.55 6.21962e-07 
1200.56 6.51091e-07 
1200.57 6.81304e-07 
1200.58 7.12623e-07 
1200.59 7.45073e-07 
1200.6 7.78677e-07 
1200.61 8.13961e-07 
1200.62 8.4996e-07 
1200.63 8.87179e-07 
1200.64 9.25639e-07 
1200.65 9.65359e-07 
1200.66 1.00636e-06 
1200.67 1.04866e-06 
1200.68 1.09228e-06 
1200.69 1.13723e-06 
1200.7 1.18352e-06 
1200.71 1.23119e-06 
1200.72 1.28023e-06 
1200.73 1.33129e-06 
1200.74 1.38314e-06 
1200.75 1.4364e-06 
1200.76 1.49107e-06 
1200.77 1.54717e-06 
1200.78 1.6047e-06 
1200.79 1.66366e-06 
1200.8 1.72406e-06 
1200.81 1.78589e-06 
1200.82 1.84915e-06 
1200.83 1.91384e-06 
1200.84 1.97995e-06 
1200.85 2.04748e-06 
1200.85 2.11641e-06 
1200.86 2.18673e-06 
1200.87 2.25843e-06 
1200.88 2.33149e-06 
1200.89 2.40589e-06 
1200.9 2.48161e-06 
1200.91 2.55863e-06 
1200.92 2.63691e-06 
1200.93 2.71644e-06 
1200.94 2.79717e-06 
1200.95 2.87909e-06 
1200.96 2.96214e-06 
1200.97 3.04629e-06 
1200.98 3.13258e-06 
1200.99 3.21882e-06 
1201 3.30603e-06 
1201.01 3.39416e-06 
1201.02 3.48316e-06 
1201.03 3.57297e-06 
1201.04 3.66354e-06 
1201.05 3.75482e-06 
1201.06 3.84673e-06 
1201.07 3.93922e-06 
1201.08 4.03222e-06 
1201.09 4.12566e-06 
1201.1 4.21947e-06 
1201.11 4.31359e-06 
1201.12 4.40792e-06 
1201.13 4.50241e-06 
1201.14 4.59697e-06 
1201.15 4.69152e-06 
1201.16 4.78598e-06 
1201.17 4.88027e-06 
1201.18 4.97431e-06 
1201.19 5.068e-06 
1201.2 5.16126e-06 
1201.21 5.254e-06 
1201.22 5.34614e-06 
1201.23 5.43873e-06 
1201.24 5.52938e-06 
1201.25 5.61915e-06 
1201.26 5.70795e-06 
1201.27 5.79569e-06 
1201.28 5.88228e-06 
1201.28 5.96763e-06 
1201.29 6.05165e-06 
1201.3 6.13424e-06 
1201.31 6.21531e-06 
1201.32 6.29478e-06 
1201.33 6.37256e-06 
1201.34 6.44856e-06 
1201.35 6.5227e-06 
1201.36 6.59488e-06 
1201.37 6.66503e-06 
1201.38 6.73307e-06 
1201.39 6.7989e-06 
1201.4 6.86247e-06 
1201.41 6.92369e-06 
1201.42 6.98248e-06 
1201.43 7.03879e-06 
1201.44 7.09253e-06 
1201.45 7.14365e-06 
1201.46 7.19208e-06 
1201.47 7.23776e-06 
1201.48 7.28115e-06 
1201.49 7.32114e-06 
1201.5 7.35821e-06 
1201.51 7.39233e-06 
1201.52 7.42346e-06 
1201.53 7.45154e-06 
1201.54 7.47656e-06 
1201.55 7.49847e-06 
1201.56 7.51726e-06 
1201.57 7.53289e-06 
1201.58 7.54534e-06 
1201.59 7.5546e-06 
1201.6 7.56067e-06 
1201.61 7.56821e-06 
1201.62 7.56785e-06 
1201.63 7.56427e-06 
1201.64 7.55748e-06 
1201.65 7.54749e-06 
1201.66 7.53431e-06 
1201.67 7.51796e-06 
1201.68 7.49846e-06 
1201.69 7.47583e-06 
1201.7 7.45011e-06 
1201.7 7.42131e-06 
1201.71 7.38949e-06 
1201.72 7.35423e-06 
1201.73 7.31643e-06 
1201.74 7.27574e-06 
1201.75 7.2322e-06 
1201.76 7.18587e-06 
1201.77 7.1368e-06 
1201.78 7.08505e-06 
1201.79 7.0307e-06 
1201.8 6.97379e-06 
1201.81 6.91441e-06 
1201.82 6.85262e-06 
1201.83 6.78849e-06 
1201.84 6.72211e-06 
1201.85 6.65355e-06 
1201.86 6.58289e-06 
1201.87 6.51022e-06 
1201.88 6.43561e-06 
1201.89 6.35916e-06 
1201.9 6.28094e-06 
1201.91 6.20105e-06 
1201.92 6.11957e-06 
1201.93 6.0366e-06 
1201.94 5.95223e-06 
1201.95 5.86654e-06 
1201.96 5.77963e-06 
1201.97 5.69158e-06 
1201.98 5.60138e-06 
1201.99 5.51134e-06 
1202 5.42044e-06 
1202.01 5.32877e-06 
1202.02 5.23643e-06 
1202.03 5.1435e-06 
1202.04 5.05008e-06 
1202.05 4.95625e-06 
1202.06 4.86209e-06 
1202.07 4.76769e-06 
1202.08 4.67315e-06 
1202.09 4.57853e-06 
1202.1 4.48392e-06 
1202.11 4.3894e-06 
1202.12 4.29505e-06 
1202.13 4.20094e-06 
1202.13 4.10714e-06 
1202.14 4.01374e-06 
1202.15 3.92079e-06 
1202.16 3.82837e-06 
1202.17 3.73654e-06 
1202.18 3.64536e-06 
1202.19 3.5549e-06 
1202.2 3.4652e-06 
1202.21 3.37634e-06 
1202.22 3.28727e-06 
1202.23 3.20022e-06 
1202.24 3.11417e-06 
1202.25 3.02913e-06 
1202.26 2.94517e-06 
1202.27 2.86232e-06 
1202.28 2.78062e-06 
1202.29 2.7001e-06 
1202.3 2.62081e-06 
1202.31 2.54275e-06 
1202.32 2.46598e-06 
1202.33 2.39051e-06 
1202.34 2.31636e-06 
1202.35 2.24356e-06 
1202.36 2.17212e-06 
1202.37 2.10207e-06 
1202.38 2.03341e-06 
1202.39 1.96615e-06 
1202.4 1.90032e-06 
1202.41 1.83591e-06 
1202.42 1.77292e-06 
1202.43 1.71137e-06 
1202.44 1.65126e-06 
1202.45 1.59258e-06 
1202.46 1.53533e-06 
1202.47 1.47952e-06 
1202.48 1.42445e-06 
1202.49 1.37149e-06 
1202.5 1.31994e-06 
1202.51 1.26979e-06 
1202.52 1.22102e-06 
1202.53 1.17362e-06 
1202.54 1.12759e-06 
1202.55 1.0829e-06 
1202.56 1.03955e-06 
1202.56 9.975e-07 
1202.57 9.56748e-07 
1202.58 9.17271e-07 
1202.59 8.79049e-07 
1202.6 8.42062e-07 
1202.61 8.06787e-07 
1202.62 7.72184e-07 
1202.63 7.38751e-07 
1202.64 7.06466e-07 
1202.65 6.75304e-07 
1202.66 6.45242e-07 
1202.67 6.16257e-07 
1202.68 5.88324e-07 
1202.69 5.61418e-07 
1202.7 5.35515e-07 
1202.71 5.10591e-07 
1202.72 4.86619e-07 
1202.73 4.63294e-07 
1202.74 4.41166e-07 
1202.75 4.19916e-07 
1202.76 3.99519e-07 
1202.77 3.79952e-07 
1202.78 3.6119e-07 
1202.79 3.43209e-07 
1202.8 3.25984e-07 
1202.81 3.09492e-07 
1202.82 2.93709e-07 
1202.83 2.78613e-07 
1202.84 2.64181e-07 
1202.85 2.5039e-07 
1202.86 2.37218e-07 
1202.87 2.24643e-07 
1202.88 2.12644e-07 
1202.89 2.01201e-07 
1202.9 1.90293e-07 
1202.91 1.799e-07 
1202.92 1.70002e-07 
1202.93 1.6058e-07 
1202.94 1.51617e-07 
1202.95 1.43092e-07 
1202.96 1.3499e-07 
1202.97 1.27292e-07 
1202.98 1.19982e-07 
1202.98 1.1296e-07 
1202.99 1.06382e-07 
1203 1.00145e-07 
1203.01 9.42332e-08 
1203.02 8.86329e-08 
1203.03 8.333e-08 
1203.04 7.8311e-08 
1203.05 7.35631e-08 
1203.06 6.90737e-08 
1203.07 6.48307e-08 
1203.08 6.08225e-08 
1203.09 5.70379e-08 
1203.1 5.34661e-08 
1203.11 5.00966e-08 
1203.12 4.69195e-08 
1203.13 4.39253e-08 
1203.14 4.11046e-08 
1203.15 3.84488e-08 
1203.16 3.59492e-08 
1203.17 3.35979e-08 
1203.18 3.1387e-08 
1203.19 2.93092e-08 
1203.2 2.73573e-08 
1203.21 2.55245e-08 
1203.22 2.38044e-08 
1203.23 2.21713e-08 
1203.24 2.06595e-08 
1203.25 1.92426e-08 
1203.26 1.79152e-08 
1203.27 1.66724e-08 
1203.28 1.55091e-08 
1203.29 1.44209e-08 
1203.3 1.34034e-08 
1203.31 1.24524e-08 
1203.32 1.15639e-08 
1203.33 1.07342e-08 
1203.34 9.95989e-09 
1203.35 9.23747e-09 
1203.36 8.56381e-09 
1203.37 7.93591e-09 
1203.38 7.35092e-09 
1203.39 6.80616e-09 
1203.4 6.29909e-09 
1203.41 5.82732e-09 
1203.41 5.3886e-09 
1203.42 4.98079e-09 
1203.43 4.60188e-09 
1203.44 4.25e-09 
1203.45 3.92335e-09 
1203.46 3.62027e-09 
1203.47 3.33919e-09 
1203.48 3.07548e-09 
1203.49 2.83427e-09 
1203.5 2.61087e-09 
1203.51 2.40405e-09 
1203.52 2.21268e-09 
1203.53 2.03567e-09 
1203.54 1.87203e-09 
1203.55 1.72082e-09 
1203.56 1.58114e-09 
1203.57 1.45219e-09 
1203.58 1.33318e-09 
1203.59 1.22341e-09 
1203.6 1.1222e-09 
1203.61 1.02956e-09 
1203.62 9.43586e-10 
1203.63 8.64422e-10 
1203.64 7.91563e-10 
1203.65 7.24538e-10 
1203.66 6.62906e-10 
1203.67 6.06259e-10 
1203.68 5.54217e-10 
1203.69 5.06427e-10 
1203.7 4.62562e-10 
1203.71 4.22316e-10 
1203.72 3.85408e-10 
1203.73 3.51172e-10 
1203.74 3.20208e-10 
1203.75 2.9185e-10 
1203.76 2.65891e-10 
1203.77 2.42137e-10 
1203.78 2.20412e-10 
1203.79 2.00551e-10 
1203.8 1.82402e-10 
1203.81 1.65825e-10 
1203.82 1.5069e-10 
1203.83 1.36879e-10 
1203.83 1.24281e-10 
1203.84 1.12794e-10 
1203.85 1.02325e-10 
1203.86 9.27889e-11 
1203.87 8.41055e-11 
1203.88 7.62024e-11 
1203.89 6.90125e-11 
1203.9 6.24745e-11 
1203.91 5.65318e-11 
1203.92 5.11327e-11 
1203.93 4.62296e-11 
1203.94 4.17789e-11 
1203.95 3.77406e-11 
1203.96 3.40782e-11 
1203.97 3.07581e-11 
1203.98 2.77139e-11 
1203.99 2.49925e-11 
1204 2.25287e-11 
1204.01 2.02992e-11 
1204.02 1.82826e-11 
1204.03 1.64593e-11 
1204.04 1.48115e-11 
1204.05 1.33231e-11 
1204.06 1.19791e-11 
1204.07 1.07661e-11 
1204.08 9.67185e-12 
1204.09 8.68512e-12 
1204.1 7.79574e-12 
1204.11 6.99447e-12 
1204.12 6.27288e-12 
1204.13 5.62335e-12 
1204.14 5.03893e-12 
1204.15 4.51333e-12 
1204.16 4.04084e-12 
1204.17 3.61628e-12 
1204.18 3.23495e-12 
1204.19 2.89259e-12 
1204.2 2.58538e-12 
1204.21 2.30981e-12 
1204.22 2.06273e-12 
1204.23 1.83869e-12 
1204.24 1.6406e-12 
1204.25 1.46324e-12 
1204.26 1.30449e-12 
1204.26 1.16247e-12 
1204.27 1.03548e-12 
1204.28 9.21963e-13 
1204.29 8.20544e-13 
1204.3 7.29971e-13 
1204.31 6.4912e-13 
1204.32 5.76979e-13 
1204.33 5.12637e-13 
1204.34 4.55277e-13 
1204.35 4.04163e-13 
1204.36 3.58636e-13 
1204.37 3.18101e-13 
1204.38 2.82028e-13 
1204.39 2.4994e-13 
1204.4 2.21408e-13 
1204.41 1.96051e-13 
1204.42 1.73523e-13 
1204.43 1.53519e-13 
1204.44 1.35763e-13 
1204.45 1.2001e-13 
1204.46 1.0604e-13 
1204.47 9.36561e-14 
1204.48 8.25544e-14 
1204.49 7.2851e-14 
1204.5 6.42608e-14 
1204.51 5.66594e-14 
1204.52 4.9936e-14 
1204.53 4.39917e-14 
1204.54 3.87385e-14 
1204.55 3.40982e-14 
1204.56 3.00009e-14 
1204.57 2.63848e-14 
1204.58 2.31946e-14 
1204.59 2.03816e-14 
1204.6 1.7902e-14 
1204.61 1.57175e-14 
1204.62 1.38022e-14 
1204.63 1.21076e-14 
1204.64 1.06166e-14 
1204.65 9.30527e-15 
1204.66 8.15243e-15 
1204.67 7.13938e-15 
1204.68 6.24956e-15 
1204.68 5.46831e-15 
1204.69 4.7827e-15 
1204.7 4.18127e-15 
1204.71 3.65392e-15 
1204.72 3.18632e-15 
1204.73 2.78208e-15 
1204.74 2.42808e-15 
1204.75 2.11823e-15 
1204.76 1.84714e-15 
1204.77 1.61005e-15 
1204.78 1.4028e-15 
1204.79 1.22171e-15 
1204.8 1.06355e-15 
1204.81 9.25464e-16 
1204.82 8.04966e-16 
1204.83 6.99861e-16 
1204.84 6.0822e-16 
1204.85 5.28355e-16 
1204.86 4.58781e-16 
1204.87 3.982e-16 
1204.88 3.45472e-16 
1204.89 2.99598e-16 
1204.9 2.59705e-16 
1204.91 2.25029e-16 
1204.92 1.949e-16 
1204.93 1.68733e-16 
1204.94 1.46017e-16 
1204.95 1.26306e-16 
1204.96 1.09209e-16 
1204.97 9.4386e-17 
1204.98 8.13912e-17 
1204.99 7.0284e-17 
1205 6.06667e-17 
1205.01 5.23432e-17 
1205.02 4.51425e-17 
1205.03 3.89158e-17 
1205.04 3.35338e-17 
1205.05 2.88838e-17 
1205.06 2.4868e-17 
1205.07 2.14014e-17 
1205.08 1.84103e-17 
1205.09 1.58305e-17 
1205.1 1.36064e-17 
1205.11 1.16898e-17 
1205.11 1.00389e-17 
1205.12 8.61751e-18 
1205.13 7.39422e-18 
1205.14 6.34189e-18 
1205.15 5.43701e-18 
1205.16 4.65926e-18 
1205.17 3.99107e-18 
1205.18 3.41725e-18 
1205.19 2.9247e-18 
1205.2 2.50207e-18 
1205.21 2.1396e-18 
1205.22 1.82555e-18 
1205.23 1.55953e-18 
1205.24 1.3319e-18 
1205.25 1.13701e-18 
1205.26 9.70229e-19 
1205.27 8.27559e-19 
1205.28 7.05568e-19 
1205.29 6.01305e-19 
1205.3 5.12231e-19 
1205.31 4.36166e-19 
1205.32 3.71239e-19 
1205.33 3.15843e-19 
1205.34 2.68599e-19 
1205.35 2.28324e-19 
1205.36 1.94006e-19 
1205.37 1.64776e-19 
1205.38 1.39891e-19 
1205.39 1.18713e-19 
1205.4 1.00699e-19 
1205.41 8.5382e-20 
1205.42 7.23641e-20 
1205.43 6.13049e-20 
1205.44 5.19137e-20 
1205.45 4.39425e-20 
1205.46 3.71795e-20 
1205.47 3.14439e-20 
1205.48 2.65305e-20 
1205.49 2.24148e-20 
1205.5 1.89327e-20 
1205.51 1.59848e-20 
1205.52 1.34901e-20 
1205.53 1.13799e-20 
1205.54 9.59575e-21 
1205.54 8.08787e-21 
1205.55 6.81404e-21 
1205.56 5.7384e-21 
1205.57 4.8305e-21 
1205.58 4.06452e-21 
1205.59 3.41854e-21 
1205.6 2.87402e-21 
1205.61 2.41669e-21 
1205.62 2.03002e-21 
1205.63 1.70449e-21 
1205.64 1.43055e-21 
1205.65 1.20013e-21 
1205.66 1.0064e-21 
1205.67 8.43577e-22 
1205.68 7.06799e-22 
1205.69 5.91947e-22 
1205.7 4.95547e-22 
1205.71 4.1467e-22 
1205.72 3.46846e-22 
1205.73 2.89342e-22 
1205.74 2.4181e-22 
1205.75 2.02e-22 
1205.76 1.68672e-22 
1205.77 1.40784e-22 
1205.78 1.17456e-22 
1205.79 9.79523e-23 
1205.8 8.16525e-23 
1205.81 6.80361e-23 
1205.82 5.66663e-23 
1205.83 4.71765e-23 
1205.84 3.92593e-23 
1205.85 3.26568e-23 
1205.86 2.71532e-23 
1205.87 2.25675e-23 
1205.88 1.87483e-23 
1205.89 1.55688e-23 
1205.9 1.29231e-23 
1205.91 1.07223e-23 
1205.92 8.89262e-24 
1205.93 7.372e-24 
1205.94 6.1088e-24 
1205.95 5.05991e-24 
1205.96 4.18933e-24 
1205.96 3.46706e-24 
1205.97 2.8681e-24 
1205.98 2.36597e-24 
1205.99 1.95556e-24 
1206 1.61565e-24 
1206.01 1.33426e-24 
1206.02 1.10141e-24 
1206.03 9.08805e-25 
1206.04 7.49565e-25 
1206.05 6.17965e-25 
1206.06 5.09252e-25 
1206.07 4.19487e-25 
1206.08 3.45397e-25 
1206.09 2.84272e-25 
1206.1 2.33865e-25 
1206.11 1.92315e-25 
1206.12 1.58079e-25 
1206.13 1.29883e-25 
1206.14 1.06671e-25 
1206.15 8.75698e-26 
1206.16 7.18586e-26 
1206.17 5.89411e-26 
1206.18 4.83251e-26 
1206.19 3.96044e-26 
1206.2 3.24436e-26 
1206.21 2.65663e-26 
1206.22 2.17444e-26 
1206.23 1.77455e-26 
1206.24 1.45122e-26 
1206.25 1.1863e-26 
1206.26 9.6933e-27 
1206.27 7.91705e-27 
1206.28 6.46354e-27 
1206.29 5.27465e-27 
1206.3 4.30261e-27 
1206.31 3.50821e-27 
1206.32 2.85926e-27 
1206.33 2.32937e-27 
1206.34 1.89687e-27 
1206.35 1.54402e-27 
1206.36 1.25628e-27 
1206.37 1.02172e-27 
1206.38 8.30602e-28 
1206.39 6.74948e-28 
1206.39 5.4823e-28 
1206.4 4.45114e-28 
1206.41 3.61239e-28 
1206.42 2.93045e-28 
1206.43 2.37623e-28 
1206.44 1.92601e-28 
1206.45 1.56043e-28 
1206.46 1.2637e-28 
1206.47 1.02297e-28 
1206.48 8.25547e-29 
1206.49 6.67708e-29 
1206.5 5.39818e-29 
1206.51 4.36237e-29 
1206.52 3.52382e-29 
1206.53 2.84525e-29 
1206.54 2.29638e-29 
1206.55 1.8526e-29 
1206.56 1.49394e-29 
1206.57 1.20421e-29 
1206.58 9.70256e-30 
1206.59 7.81423e-30 
1206.6 0 
