#energy geo_1 
1186.6 8.46439e-07 
1186.61 8.45934e-07 
1186.62 8.45428e-07 
1186.63 8.44921e-07 
1186.64 8.44416e-07 
1186.65 8.4391e-07 
1186.66 8.43405e-07 
1186.67 8.429e-07 
1186.68 8.42396e-07 
1186.69 8.41891e-07 
1186.7 8.41386e-07 
1186.71 8.40883e-07 
1186.72 8.40379e-07 
1186.73 8.39874e-07 
1186.74 8.39371e-07 
1186.75 8.38868e-07 
1186.76 8.38365e-07 
1186.77 8.37863e-07 
1186.78 8.37359e-07 
1186.79 8.36857e-07 
1186.8 8.36355e-07 
1186.81 8.35853e-07 
1186.81 8.35351e-07 
1186.82 8.3485e-07 
1186.83 8.34349e-07 
1186.84 8.33848e-07 
1186.85 8.33347e-07 
1186.86 8.32847e-07 
1186.87 8.32346e-07 
1186.88 8.31846e-07 
1186.89 8.31345e-07 
1186.9 8.30846e-07 
1186.91 8.30346e-07 
1186.92 8.29847e-07 
1186.93 8.29347e-07 
1186.94 8.28848e-07 
1186.95 8.2835e-07 
1186.96 8.27851e-07 
1186.97 8.27352e-07 
1186.98 8.26855e-07 
1186.99 8.26358e-07 
1187 8.2586e-07 
1187.01 8.25363e-07 
1187.02 8.24865e-07 
1187.03 8.24368e-07 
1187.04 8.23871e-07 
1187.05 8.23375e-07 
1187.06 8.22878e-07 
1187.07 8.22382e-07 
1187.08 8.21887e-07 
1187.09 8.21391e-07 
1187.1 8.20895e-07 
1187.11 8.204e-07 
1187.12 8.19905e-07 
1187.13 8.19411e-07 
1187.14 8.18916e-07 
1187.15 8.18422e-07 
1187.16 8.17927e-07 
1187.17 8.17434e-07 
1187.18 8.16939e-07 
1187.19 8.16446e-07 
1187.2 8.15953e-07 
1187.21 8.1546e-07 
1187.22 8.14967e-07 
1187.23 8.14474e-07 
1187.24 8.13982e-07 
1187.24 8.1349e-07 
1187.25 8.12998e-07 
1187.26 8.12506e-07 
1187.27 8.12015e-07 
1187.28 8.11523e-07 
1187.29 8.11032e-07 
1187.3 8.10542e-07 
1187.31 8.10051e-07 
1187.32 8.09561e-07 
1187.33 8.09071e-07 
1187.34 8.08581e-07 
1187.35 8.08091e-07 
1187.36 8.07601e-07 
1187.37 8.07112e-07 
1187.38 8.06623e-07 
1187.39 8.06135e-07 
1187.4 8.05646e-07 
1187.41 8.05157e-07 
1187.42 8.04669e-07 
1187.43 8.04181e-07 
1187.44 8.03693e-07 
1187.45 8.03206e-07 
1187.46 8.02719e-07 
1187.47 8.02232e-07 
1187.48 8.01745e-07 
1187.49 8.01258e-07 
1187.5 8.00772e-07 
1187.51 8.00285e-07 
1187.52 7.99799e-07 
1187.53 7.99314e-07 
1187.54 7.98829e-07 
1187.55 7.98343e-07 
1187.56 7.97859e-07 
1187.57 7.97374e-07 
1187.58 7.96889e-07 
1187.59 7.96405e-07 
1187.6 7.95921e-07 
1187.61 7.95932e-07 
1187.62 7.95449e-07 
1187.63 7.94965e-07 
1187.64 7.94481e-07 
1187.65 7.93998e-07 
1187.66 7.93514e-07 
1187.66 7.93032e-07 
1187.67 7.92549e-07 
1187.68 7.92067e-07 
1187.69 7.91585e-07 
1187.7 7.91102e-07 
1187.71 7.90621e-07 
1187.72 7.90139e-07 
1187.73 7.89658e-07 
1187.74 7.89177e-07 
1187.75 7.88695e-07 
1187.76 7.88216e-07 
1187.77 7.87735e-07 
1187.78 7.87254e-07 
1187.79 7.86775e-07 
1187.8 7.86295e-07 
1187.81 7.85816e-07 
1187.82 7.85337e-07 
1187.83 7.84859e-07 
1187.84 7.84379e-07 
1187.85 7.83901e-07 
1187.86 7.83422e-07 
1187.87 7.82943e-07 
1187.88 7.82466e-07 
1187.89 7.81989e-07 
1187.9 7.81512e-07 
1187.91 7.81034e-07 
1187.92 7.80557e-07 
1187.93 7.80081e-07 
1187.94 7.79603e-07 
1187.95 7.79128e-07 
1187.96 7.78651e-07 
1187.97 7.78177e-07 
1187.98 7.777e-07 
1187.99 7.77226e-07 
1188 7.7675e-07 
1188.01 7.76274e-07 
1188.02 7.75801e-07 
1188.03 7.75325e-07 
1188.04 7.74852e-07 
1188.05 7.74378e-07 
1188.06 7.73905e-07 
1188.07 7.73431e-07 
1188.08 7.72958e-07 
1188.09 7.72485e-07 
1188.09 7.72012e-07 
1188.1 7.71539e-07 
1188.11 7.71067e-07 
1188.12 7.70594e-07 
1188.13 7.70123e-07 
1188.14 7.69652e-07 
1188.15 7.6918e-07 
1188.16 7.68709e-07 
1188.17 7.68239e-07 
1188.18 7.67768e-07 
1188.19 7.67297e-07 
1188.2 7.66826e-07 
1188.21 7.66357e-07 
1188.22 7.65887e-07 
1188.23 7.65417e-07 
1188.24 7.64948e-07 
1188.25 7.64479e-07 
1188.26 7.6401e-07 
1188.27 7.63542e-07 
1188.28 7.63073e-07 
1188.29 7.62606e-07 
1188.3 7.62137e-07 
1188.31 7.6167e-07 
1188.32 7.61203e-07 
1188.33 7.60735e-07 
1188.34 7.60268e-07 
1188.35 7.59801e-07 
1188.36 7.59336e-07 
1188.37 7.58869e-07 
1188.38 7.58402e-07 
1188.39 7.57938e-07 
1188.4 7.57472e-07 
1188.41 7.57007e-07 
1188.42 7.56542e-07 
1188.43 7.56076e-07 
1188.44 7.55612e-07 
1188.45 7.55148e-07 
1188.46 7.54684e-07 
1188.47 7.5422e-07 
1188.48 7.53757e-07 
1188.49 7.53293e-07 
1188.5 7.5283e-07 
1188.51 7.52367e-07 
1188.52 7.51904e-07 
1188.52 7.51442e-07 
1188.53 7.5098e-07 
1188.54 7.50518e-07 
1188.55 7.50056e-07 
1188.56 7.49595e-07 
1188.57 7.49133e-07 
1188.58 7.48672e-07 
1188.59 7.48212e-07 
1188.6 7.48217e-07 
1188.61 7.47756e-07 
1188.62 7.47296e-07 
1188.63 7.46836e-07 
1188.64 7.46376e-07 
1188.65 7.45917e-07 
1188.66 7.45457e-07 
1188.67 7.44998e-07 
1188.68 7.44539e-07 
1188.69 7.44081e-07 
1188.7 7.43623e-07 
1188.71 7.43164e-07 
1188.72 7.42706e-07 
1188.73 7.42249e-07 
1188.74 7.41792e-07 
1188.75 7.41334e-07 
1188.76 7.40877e-07 
1188.77 7.4042e-07 
1188.78 7.39964e-07 
1188.79 7.39507e-07 
1188.8 7.39051e-07 
1188.81 7.38596e-07 
1188.82 7.3814e-07 
1188.83 7.37685e-07 
1188.84 7.3723e-07 
1188.85 7.36775e-07 
1188.86 7.36321e-07 
1188.87 7.35867e-07 
1188.88 7.35413e-07 
1188.89 7.3496e-07 
1188.9 7.34505e-07 
1188.91 7.34052e-07 
1188.92 7.33599e-07 
1188.93 7.33147e-07 
1188.94 7.32694e-07 
1188.94 7.32242e-07 
1188.95 7.3179e-07 
1188.96 7.31338e-07 
1188.97 7.30886e-07 
1188.98 7.30435e-07 
1188.99 7.29984e-07 
1189 7.29533e-07 
1189.01 7.29082e-07 
1189.02 7.28632e-07 
1189.03 7.28182e-07 
1189.04 7.27732e-07 
1189.05 7.27282e-07 
1189.06 7.26833e-07 
1189.07 7.26384e-07 
1189.08 7.25935e-07 
1189.09 7.25486e-07 
1189.1 7.25038e-07 
1189.11 7.24589e-07 
1189.12 7.24142e-07 
1189.13 7.23694e-07 
1189.14 7.23246e-07 
1189.15 7.22799e-07 
1189.16 7.22353e-07 
1189.17 7.21906e-07 
1189.18 7.21459e-07 
1189.19 7.21013e-07 
1189.2 7.20567e-07 
1189.21 7.20122e-07 
1189.22 7.19676e-07 
1189.23 7.19231e-07 
1189.24 7.18786e-07 
1189.25 7.18342e-07 
1189.26 7.17896e-07 
1189.27 7.17453e-07 
1189.28 7.17008e-07 
1189.29 7.16566e-07 
1189.3 7.16121e-07 
1189.31 7.15678e-07 
1189.32 7.15236e-07 
1189.33 7.14792e-07 
1189.34 7.1435e-07 
1189.35 7.13908e-07 
1189.36 7.13466e-07 
1189.36 7.13024e-07 
1189.37 7.12584e-07 
1189.38 7.12142e-07 
1189.39 7.117e-07 
1189.4 7.1126e-07 
1189.41 7.1082e-07 
1189.42 7.10379e-07 
1189.43 7.09939e-07 
1189.44 7.095e-07 
1189.45 7.0906e-07 
1189.46 7.08621e-07 
1189.47 7.08182e-07 
1189.48 7.07744e-07 
1189.49 7.07305e-07 
1189.5 7.06867e-07 
1189.51 7.06429e-07 
1189.52 7.05991e-07 
1189.53 7.05553e-07 
1189.54 7.05116e-07 
1189.55 7.04679e-07 
1189.56 7.04243e-07 
1189.57 7.03806e-07 
1189.58 7.0337e-07 
1189.59 7.02934e-07 
1189.6 7.02498e-07 
1189.61 7.025e-07 
1189.62 7.02064e-07 
1189.63 7.01629e-07 
1189.64 7.01194e-07 
1189.65 7.00759e-07 
1189.66 7.00325e-07 
1189.67 6.9989e-07 
1189.68 6.99457e-07 
1189.69 6.99023e-07 
1189.7 6.98589e-07 
1189.71 6.98155e-07 
1189.72 6.97723e-07 
1189.73 6.9729e-07 
1189.74 6.96858e-07 
1189.75 6.96426e-07 
1189.76 6.95994e-07 
1189.77 6.95562e-07 
1189.78 6.95131e-07 
1189.79 6.94699e-07 
1189.79 6.94268e-07 
1189.8 6.93837e-07 
1189.81 6.93406e-07 
1189.82 6.92977e-07 
1189.83 6.92547e-07 
1189.84 6.92117e-07 
1189.85 6.91687e-07 
1189.86 6.91258e-07 
1189.87 6.90829e-07 
1189.88 6.904e-07 
1189.89 6.89972e-07 
1189.9 6.89544e-07 
1189.91 6.89116e-07 
1189.92 6.88688e-07 
1189.93 6.88261e-07 
1189.94 6.87833e-07 
1189.95 6.87406e-07 
1189.96 6.8698e-07 
1189.97 6.86553e-07 
1189.98 6.86127e-07 
1189.99 6.85701e-07 
1190 6.85275e-07 
1190.01 6.8485e-07 
1190.02 6.84425e-07 
1190.03 6.84e-07 
1190.04 6.83575e-07 
1190.05 6.8315e-07 
1190.06 6.82726e-07 
1190.07 6.82303e-07 
1190.08 6.81879e-07 
1190.09 6.81455e-07 
1190.1 6.81032e-07 
1190.11 6.80609e-07 
1190.12 6.80186e-07 
1190.13 6.79764e-07 
1190.14 6.79341e-07 
1190.15 6.7892e-07 
1190.16 6.78498e-07 
1190.17 6.78077e-07 
1190.18 6.77655e-07 
1190.19 6.77234e-07 
1190.2 6.76814e-07 
1190.21 6.76393e-07 
1190.21 6.75973e-07 
1190.22 6.75553e-07 
1190.23 6.75134e-07 
1190.24 6.74714e-07 
1190.25 6.74295e-07 
1190.26 6.73876e-07 
1190.27 6.73458e-07 
1190.28 6.73039e-07 
1190.29 6.72621e-07 
1190.3 6.72202e-07 
1190.31 6.71786e-07 
1190.32 6.71368e-07 
1190.33 6.70951e-07 
1190.34 6.70534e-07 
1190.35 6.70117e-07 
1190.36 6.697e-07 
1190.37 6.69284e-07 
1190.38 6.68869e-07 
1190.39 6.68452e-07 
1190.4 6.68036e-07 
1190.41 6.67622e-07 
1190.42 6.67207e-07 
1190.43 6.66793e-07 
1190.44 6.66377e-07 
1190.45 6.65963e-07 
1190.46 6.6555e-07 
1190.47 6.65136e-07 
1190.48 6.64722e-07 
1190.49 6.64309e-07 
1190.5 6.63896e-07 
1190.51 6.63483e-07 
1190.52 6.63071e-07 
1190.53 6.62658e-07 
1190.54 6.62247e-07 
1190.55 6.61835e-07 
1190.56 6.61424e-07 
1190.57 6.61012e-07 
1190.58 6.60601e-07 
1190.59 6.6019e-07 
1190.6 6.5978e-07 
1190.61 6.59779e-07 
1190.62 6.59369e-07 
1190.63 6.58959e-07 
1190.64 6.5855e-07 
1190.64 6.5814e-07 
1190.65 6.57731e-07 
1190.66 6.57322e-07 
1190.67 6.56913e-07 
1190.68 6.56505e-07 
1190.69 6.56096e-07 
1190.7 6.55688e-07 
1190.71 6.55281e-07 
1190.72 6.54872e-07 
1190.73 6.54465e-07 
1190.74 6.54059e-07 
1190.75 6.53651e-07 
1190.76 6.53245e-07 
1190.77 6.52838e-07 
1190.78 6.52432e-07 
1190.79 6.52027e-07 
1190.8 6.51621e-07 
1190.81 6.51215e-07 
1190.82 6.5081e-07 
1190.83 6.50405e-07 
1190.84 6.50001e-07 
1190.85 6.49596e-07 
1190.86 6.49192e-07 
1190.87 6.48788e-07 
1190.88 6.48384e-07 
1190.89 6.47981e-07 
1190.9 6.47577e-07 
1190.91 6.47175e-07 
1190.92 6.46771e-07 
1190.93 6.46369e-07 
1190.94 6.45966e-07 
1190.95 6.45565e-07 
1190.96 6.45163e-07 
1190.97 6.44762e-07 
1190.98 6.4436e-07 
1190.99 6.43959e-07 
1191 6.43558e-07 
1191.01 6.43157e-07 
1191.02 6.42757e-07 
1191.03 6.42356e-07 
1191.04 6.41957e-07 
1191.05 6.41557e-07 
1191.06 6.41157e-07 
1191.07 6.40758e-07 
1191.07 6.40359e-07 
1191.08 6.3996e-07 
1191.09 6.39562e-07 
1191.1 6.39163e-07 
1191.11 6.38765e-07 
1191.12 6.38367e-07 
1191.13 6.37969e-07 
1191.14 6.37572e-07 
1191.15 6.37175e-07 
1191.16 6.36778e-07 
1191.17 6.36381e-07 
1191.18 6.35985e-07 
1191.19 6.35588e-07 
1191.2 6.35192e-07 
1191.21 6.34796e-07 
1191.22 6.34401e-07 
1191.23 6.34006e-07 
1191.24 6.3361e-07 
1191.25 6.33215e-07 
1191.26 6.3282e-07 
1191.27 6.32427e-07 
1191.28 6.32032e-07 
1191.29 6.31638e-07 
1191.3 6.31243e-07 
1191.31 6.30851e-07 
1191.32 6.30457e-07 
1191.33 6.30064e-07 
1191.34 6.29671e-07 
1191.35 6.29278e-07 
1191.36 6.28886e-07 
1191.37 6.28493e-07 
1191.38 6.28101e-07 
1191.39 6.27709e-07 
1191.4 6.27318e-07 
1191.41 6.26926e-07 
1191.42 6.26535e-07 
1191.43 6.26144e-07 
1191.44 6.25753e-07 
1191.45 6.25363e-07 
1191.46 6.24972e-07 
1191.47 6.24582e-07 
1191.48 6.24192e-07 
1191.49 6.23802e-07 
1191.49 6.23413e-07 
1191.5 6.23024e-07 
1191.51 6.22634e-07 
1191.52 6.22246e-07 
1191.53 6.21856e-07 
1191.54 6.21469e-07 
1191.55 6.2108e-07 
1191.56 6.20692e-07 
1191.57 6.20304e-07 
1191.58 6.19917e-07 
1191.59 6.19529e-07 
1191.6 6.19527e-07 
1191.61 6.1914e-07 
1191.62 6.18752e-07 
1191.63 6.18366e-07 
1191.64 6.17979e-07 
1191.65 6.17593e-07 
1191.66 6.17206e-07 
1191.67 6.1682e-07 
1191.68 6.16434e-07 
1191.69 6.16048e-07 
1191.7 6.15663e-07 
1191.71 6.15277e-07 
1191.72 6.14892e-07 
1191.73 6.14507e-07 
1191.74 6.14122e-07 
1191.75 6.13738e-07 
1191.76 6.13353e-07 
1191.77 6.12969e-07 
1191.78 6.12585e-07 
1191.79 6.12201e-07 
1191.8 6.11818e-07 
1191.81 6.11434e-07 
1191.82 6.11051e-07 
1191.83 6.10668e-07 
1191.84 6.10286e-07 
1191.85 6.09902e-07 
1191.86 6.0952e-07 
1191.87 6.09138e-07 
1191.88 6.08755e-07 
1191.89 6.08373e-07 
1191.9 6.07992e-07 
1191.91 6.0761e-07 
1191.92 6.07229e-07 
1191.92 6.06847e-07 
1191.93 6.06466e-07 
1191.94 6.06085e-07 
1191.95 6.05705e-07 
1191.96 6.05324e-07 
1191.97 6.04943e-07 
1191.98 6.04563e-07 
1191.99 6.04183e-07 
1192 6.03803e-07 
1192.01 6.03423e-07 
1192.02 6.03044e-07 
1192.03 6.02664e-07 
1192.04 6.02285e-07 
1192.05 6.01906e-07 
1192.06 6.01528e-07 
1192.07 6.01148e-07 
1192.08 6.00769e-07 
1192.09 6.00392e-07 
1192.1 6.00013e-07 
1192.11 5.99635e-07 
1192.12 5.99257e-07 
1192.13 5.98879e-07 
1192.14 5.98502e-07 
1192.15 5.98124e-07 
1192.16 5.97747e-07 
1192.17 5.97369e-07 
1192.18 5.96992e-07 
1192.19 5.96615e-07 
1192.2 5.96238e-07 
1192.21 5.95862e-07 
1192.22 5.95485e-07 
1192.23 5.95109e-07 
1192.24 5.94732e-07 
1192.25 5.94356e-07 
1192.26 5.9398e-07 
1192.27 5.93604e-07 
1192.28 5.93228e-07 
1192.29 5.92853e-07 
1192.3 5.92477e-07 
1192.31 5.92102e-07 
1192.32 5.91727e-07 
1192.33 5.91352e-07 
1192.34 5.90977e-07 
1192.34 5.90602e-07 
1192.35 5.90227e-07 
1192.36 5.89853e-07 
1192.37 5.89479e-07 
1192.38 5.89104e-07 
1192.39 5.8873e-07 
1192.4 5.88356e-07 
1192.41 5.87981e-07 
1192.42 5.87608e-07 
1192.43 5.87234e-07 
1192.44 5.8686e-07 
1192.45 5.86487e-07 
1192.46 5.86113e-07 
1192.47 5.8574e-07 
1192.48 5.85366e-07 
1192.49 5.84993e-07 
1192.5 5.8462e-07 
1192.51 5.84248e-07 
1192.52 5.83875e-07 
1192.53 5.83502e-07 
1192.54 5.83129e-07 
1192.55 5.82757e-07 
1192.56 5.82384e-07 
1192.57 5.82012e-07 
1192.58 5.81639e-07 
1192.59 5.81267e-07 
1192.6 5.80895e-07 
1192.61 5.80883e-07 
1192.62 5.80511e-07 
1192.63 5.80139e-07 
1192.64 5.79767e-07 
1192.65 5.79395e-07 
1192.66 5.79023e-07 
1192.67 5.78652e-07 
1192.68 5.7828e-07 
1192.69 5.77908e-07 
1192.7 5.77536e-07 
1192.71 5.77165e-07 
1192.72 5.76793e-07 
1192.73 5.76421e-07 
1192.74 5.7605e-07 
1192.75 5.75679e-07 
1192.76 5.75308e-07 
1192.77 5.74936e-07 
1192.77 5.74565e-07 
1192.78 5.74194e-07 
1192.79 5.73823e-07 
1192.8 5.73452e-07 
1192.81 5.73081e-07 
1192.82 5.72711e-07 
1192.83 5.7234e-07 
1192.84 5.71968e-07 
1192.85 5.71598e-07 
1192.86 5.71227e-07 
1192.87 5.70856e-07 
1192.88 5.70485e-07 
1192.89 5.70115e-07 
1192.9 5.69744e-07 
1192.91 5.69374e-07 
1192.92 5.69003e-07 
1192.93 5.68632e-07 
1192.94 5.68262e-07 
1192.95 5.67891e-07 
1192.96 5.6752e-07 
1192.97 5.6715e-07 
1192.98 5.66779e-07 
1192.99 5.66409e-07 
1193 5.66039e-07 
1193.01 5.65668e-07 
1193.02 5.65298e-07 
1193.03 5.64927e-07 
1193.04 5.64556e-07 
1193.05 5.64186e-07 
1193.06 5.63815e-07 
1193.07 5.63445e-07 
1193.08 5.63074e-07 
1193.09 5.62703e-07 
1193.1 5.62333e-07 
1193.11 5.61962e-07 
1193.12 5.61592e-07 
1193.13 5.61221e-07 
1193.14 5.6085e-07 
1193.15 5.60479e-07 
1193.16 5.60109e-07 
1193.17 5.59738e-07 
1193.18 5.59367e-07 
1193.19 5.58996e-07 
1193.19 5.58626e-07 
1193.2 5.58254e-07 
1193.21 5.57883e-07 
1193.22 5.57512e-07 
1193.23 5.57141e-07 
1193.24 5.5677e-07 
1193.25 5.56398e-07 
1193.26 5.56028e-07 
1193.27 5.55656e-07 
1193.28 5.55285e-07 
1193.29 5.54913e-07 
1193.3 5.54541e-07 
1193.31 5.5417e-07 
1193.32 5.53798e-07 
1193.33 5.53427e-07 
1193.34 5.53054e-07 
1193.35 5.52682e-07 
1193.36 5.5231e-07 
1193.37 5.51938e-07 
1193.38 5.51566e-07 
1193.39 5.51194e-07 
1193.4 5.50821e-07 
1193.41 5.50449e-07 
1193.42 5.50076e-07 
1193.43 5.49703e-07 
1193.44 5.49331e-07 
1193.45 5.48958e-07 
1193.46 5.48585e-07 
1193.47 5.48212e-07 
1193.48 5.47838e-07 
1193.49 5.47465e-07 
1193.5 5.47091e-07 
1193.51 5.46717e-07 
1193.52 5.46344e-07 
1193.53 5.4597e-07 
1193.54 5.45596e-07 
1193.55 5.45221e-07 
1193.56 5.44847e-07 
1193.57 5.44472e-07 
1193.58 5.44098e-07 
1193.59 5.43723e-07 
1193.6 5.43348e-07 
1193.61 5.4331e-07 
1193.62 5.42934e-07 
1193.62 5.42559e-07 
1193.63 5.42183e-07 
1193.64 5.41806e-07 
1193.65 5.4143e-07 
1193.66 5.41054e-07 
1193.67 5.40677e-07 
1193.68 5.403e-07 
1193.69 5.39923e-07 
1193.7 5.39546e-07 
1193.71 5.39169e-07 
1193.72 5.38791e-07 
1193.73 5.38413e-07 
1193.74 5.38035e-07 
1193.75 5.37657e-07 
1193.76 5.37279e-07 
1193.77 5.369e-07 
1193.78 5.36521e-07 
1193.79 5.36142e-07 
1193.8 5.35763e-07 
1193.81 5.35383e-07 
1193.82 5.35003e-07 
1193.83 5.34623e-07 
1193.84 5.34243e-07 
1193.85 5.33862e-07 
1193.86 5.33481e-07 
1193.87 5.33101e-07 
1193.88 5.32719e-07 
1193.89 5.32337e-07 
1193.9 5.31956e-07 
1193.91 5.31574e-07 
1193.92 5.31191e-07 
1193.93 5.30809e-07 
1193.94 5.30426e-07 
1193.95 5.30043e-07 
1193.96 5.29659e-07 
1193.97 5.29275e-07 
1193.98 5.28892e-07 
1193.99 5.28507e-07 
1194 5.28122e-07 
1194.01 5.27737e-07 
1194.02 5.27352e-07 
1194.03 5.26967e-07 
1194.04 5.26581e-07 
1194.05 5.26194e-07 
1194.05 5.25808e-07 
1194.06 5.25421e-07 
1194.07 5.25034e-07 
1194.08 5.24646e-07 
1194.09 5.24258e-07 
1194.1 5.2387e-07 
1194.11 5.23481e-07 
1194.12 5.23093e-07 
1194.13 5.22703e-07 
1194.14 5.22313e-07 
1194.15 5.21924e-07 
1194.16 5.21533e-07 
1194.17 5.21142e-07 
1194.18 5.20751e-07 
1194.19 5.2036e-07 
1194.2 5.19968e-07 
1194.21 5.19575e-07 
1194.22 5.19183e-07 
1194.23 5.18789e-07 
1194.24 5.18396e-07 
1194.25 5.18002e-07 
1194.26 5.17608e-07 
1194.27 5.17213e-07 
1194.28 5.16818e-07 
1194.29 5.16422e-07 
1194.3 5.16026e-07 
1194.31 5.1563e-07 
1194.32 5.15233e-07 
1194.33 5.14836e-07 
1194.34 5.14438e-07 
1194.35 5.1404e-07 
1194.36 5.13641e-07 
1194.37 5.13242e-07 
1194.38 5.12842e-07 
1194.39 5.12442e-07 
1194.4 5.12042e-07 
1194.41 5.11641e-07 
1194.42 5.11239e-07 
1194.43 5.10837e-07 
1194.44 5.10434e-07 
1194.45 5.10031e-07 
1194.46 5.09628e-07 
1194.47 5.09224e-07 
1194.47 5.08819e-07 
1194.48 5.08414e-07 
1194.49 5.08009e-07 
1194.5 5.07603e-07 
1194.51 5.07196e-07 
1194.52 5.06789e-07 
1194.53 5.06381e-07 
1194.54 5.05973e-07 
1194.55 5.05564e-07 
1194.56 5.05155e-07 
1194.57 5.04745e-07 
1194.58 5.04335e-07 
1194.59 5.03924e-07 
1194.6 5.03512e-07 
1194.61 5.03412e-07 
1194.62 5.02999e-07 
1194.63 5.02586e-07 
1194.64 5.02171e-07 
1194.65 5.01757e-07 
1194.66 5.01341e-07 
1194.67 5.00925e-07 
1194.68 5.00509e-07 
1194.69 5.00091e-07 
1194.7 4.99673e-07 
1194.71 4.99255e-07 
1194.72 4.98836e-07 
1194.73 4.98416e-07 
1194.74 4.97996e-07 
1194.75 4.97575e-07 
1194.76 4.97153e-07 
1194.77 4.9673e-07 
1194.78 4.96307e-07 
1194.79 4.95884e-07 
1194.8 4.95459e-07 
1194.81 4.95035e-07 
1194.82 4.94608e-07 
1194.83 4.94182e-07 
1194.84 4.93755e-07 
1194.85 4.93327e-07 
1194.86 4.92898e-07 
1194.87 4.92469e-07 
1194.88 4.9204e-07 
1194.89 4.91609e-07 
1194.9 4.91178e-07 
1194.9 4.90745e-07 
1194.91 4.90312e-07 
1194.92 4.89879e-07 
1194.93 4.89444e-07 
1194.94 4.89009e-07 
1194.95 4.88573e-07 
1194.96 4.88137e-07 
1194.97 4.87699e-07 
1194.98 4.87261e-07 
1194.99 4.86822e-07 
1195 4.86382e-07 
1195.01 4.85942e-07 
1195.02 4.85501e-07 
1195.03 4.85058e-07 
1195.04 4.84615e-07 
1195.05 4.84172e-07 
1195.06 4.83727e-07 
1195.07 4.83282e-07 
1195.08 4.82836e-07 
1195.09 4.82388e-07 
1195.1 4.8194e-07 
1195.11 4.81492e-07 
1195.12 4.81042e-07 
1195.13 4.80592e-07 
1195.14 4.8014e-07 
1195.15 4.79688e-07 
1195.16 4.79235e-07 
1195.17 4.78781e-07 
1195.18 4.78326e-07 
1195.19 4.7787e-07 
1195.2 4.77414e-07 
1195.21 4.76956e-07 
1195.22 4.76498e-07 
1195.23 4.76038e-07 
1195.24 4.75578e-07 
1195.25 4.75117e-07 
1195.26 4.74654e-07 
1195.27 4.74191e-07 
1195.28 4.73727e-07 
1195.29 4.73262e-07 
1195.3 4.72796e-07 
1195.31 4.7233e-07 
1195.32 4.71862e-07 
1195.32 4.71393e-07 
1195.33 4.70923e-07 
1195.34 4.70452e-07 
1195.35 4.6998e-07 
1195.36 4.69508e-07 
1195.37 4.69033e-07 
1195.38 4.68559e-07 
1195.39 4.68083e-07 
1195.4 4.67606e-07 
1195.41 4.67128e-07 
1195.42 4.6665e-07 
1195.43 4.66169e-07 
1195.44 4.65688e-07 
1195.45 4.65206e-07 
1195.46 4.64723e-07 
1195.47 4.64239e-07 
1195.48 4.63754e-07 
1195.49 4.63268e-07 
1195.5 4.6278e-07 
1195.51 4.62292e-07 
1195.52 4.61802e-07 
1195.53 4.61312e-07 
1195.54 4.6082e-07 
1195.55 4.60327e-07 
1195.56 4.59833e-07 
1195.57 4.59338e-07 
1195.58 4.58842e-07 
1195.59 4.58344e-07 
1195.6 4.57846e-07 
1195.61 4.57629e-07 
1195.62 4.57128e-07 
1195.63 4.56626e-07 
1195.64 4.56123e-07 
1195.65 4.55618e-07 
1195.66 4.55112e-07 
1195.67 4.54606e-07 
1195.68 4.54097e-07 
1195.69 4.53588e-07 
1195.7 4.53077e-07 
1195.71 4.52566e-07 
1195.72 4.52053e-07 
1195.73 4.51538e-07 
1195.74 4.51023e-07 
1195.75 4.50506e-07 
1195.75 4.49989e-07 
1195.76 4.49469e-07 
1195.77 4.48949e-07 
1195.78 4.48427e-07 
1195.79 4.47904e-07 
1195.8 4.47381e-07 
1195.81 4.46855e-07 
1195.82 4.46329e-07 
1195.83 4.458e-07 
1195.84 4.45271e-07 
1195.85 4.4474e-07 
1195.86 4.44208e-07 
1195.87 4.43675e-07 
1195.88 4.43141e-07 
1195.89 4.42605e-07 
1195.9 4.42068e-07 
1195.91 4.41529e-07 
1195.92 4.40989e-07 
1195.93 4.40448e-07 
1195.94 4.39906e-07 
1195.95 4.39362e-07 
1195.96 4.38817e-07 
1195.97 4.3827e-07 
1195.98 4.37722e-07 
1195.99 4.37173e-07 
1196 4.36622e-07 
1196.01 4.3607e-07 
1196.02 4.35516e-07 
1196.03 4.34961e-07 
1196.04 4.34405e-07 
1196.05 4.33847e-07 
1196.06 4.33288e-07 
1196.07 4.32727e-07 
1196.08 4.32165e-07 
1196.09 4.31602e-07 
1196.1 4.31037e-07 
1196.11 4.3047e-07 
1196.12 4.29903e-07 
1196.13 4.29333e-07 
1196.14 4.28762e-07 
1196.15 4.2819e-07 
1196.16 4.27616e-07 
1196.17 4.27041e-07 
1196.17 4.26464e-07 
1196.18 4.25886e-07 
1196.19 4.25306e-07 
1196.2 4.24725e-07 
1196.21 4.24142e-07 
1196.22 4.23558e-07 
1196.23 4.22972e-07 
1196.24 4.22385e-07 
1196.25 4.21796e-07 
1196.26 4.21205e-07 
1196.27 4.20614e-07 
1196.28 4.2002e-07 
1196.29 4.19425e-07 
1196.3 4.18828e-07 
1196.31 4.1823e-07 
1196.32 4.17631e-07 
1196.33 4.17029e-07 
1196.34 4.16426e-07 
1196.35 4.15822e-07 
1196.36 4.15216e-07 
1196.37 4.14608e-07 
1196.38 4.13998e-07 
1196.39 4.13387e-07 
1196.4 4.12775e-07 
1196.41 4.12161e-07 
1196.42 4.11545e-07 
1196.43 4.10928e-07 
1196.44 4.10309e-07 
1196.45 4.09688e-07 
1196.46 4.09066e-07 
1196.47 4.08442e-07 
1196.48 4.07817e-07 
1196.49 4.07189e-07 
1196.5 4.06561e-07 
1196.51 4.0593e-07 
1196.52 4.05298e-07 
1196.53 4.04665e-07 
1196.54 4.04029e-07 
1196.55 4.03392e-07 
1196.56 4.02754e-07 
1196.57 4.02113e-07 
1196.58 4.01471e-07 
1196.59 4.00828e-07 
1196.6 4.00182e-07 
1196.6 3.99783e-07 
1196.61 3.99134e-07 
1196.62 3.98484e-07 
1196.63 3.97832e-07 
1196.64 3.97178e-07 
1196.65 3.96523e-07 
1196.66 3.95866e-07 
1196.67 3.95207e-07 
1196.68 3.94547e-07 
1196.69 3.93885e-07 
1196.7 3.93222e-07 
1196.71 3.92557e-07 
1196.72 3.91891e-07 
1196.73 3.91223e-07 
1196.74 3.90554e-07 
1196.75 3.89883e-07 
1196.76 3.8921e-07 
1196.77 3.88537e-07 
1196.78 3.87861e-07 
1196.79 3.87185e-07 
1196.8 3.86507e-07 
1196.81 3.85827e-07 
1196.82 3.85147e-07 
1196.83 3.84465e-07 
1196.84 3.83782e-07 
1196.85 3.83097e-07 
1196.86 3.82412e-07 
1196.87 3.81725e-07 
1196.88 3.81038e-07 
1196.89 3.80349e-07 
1196.9 3.79659e-07 
1196.91 3.78969e-07 
1196.92 3.78278e-07 
1196.93 3.77586e-07 
1196.94 3.76893e-07 
1196.95 3.762e-07 
1196.96 3.75507e-07 
1196.97 3.74812e-07 
1196.98 3.74118e-07 
1196.99 3.73424e-07 
1197 3.72729e-07 
1197.01 3.72035e-07 
1197.02 3.71341e-07 
1197.03 3.70647e-07 
1197.03 3.69953e-07 
1197.04 3.69261e-07 
1197.05 3.68569e-07 
1197.06 3.67878e-07 
1197.07 3.67188e-07 
1197.08 3.66499e-07 
1197.09 3.65812e-07 
1197.1 3.65128e-07 
1197.11 3.64445e-07 
1197.12 3.63764e-07 
1197.13 3.63086e-07 
1197.14 3.62411e-07 
1197.15 3.61739e-07 
1197.16 3.6107e-07 
1197.17 3.60405e-07 
1197.18 3.59745e-07 
1197.19 3.59089e-07 
1197.2 3.58438e-07 
1197.21 3.57792e-07 
1197.22 3.57152e-07 
1197.23 3.5652e-07 
1197.24 3.55892e-07 
1197.25 3.55273e-07 
1197.26 3.54661e-07 
1197.27 3.54057e-07 
1197.28 3.53463e-07 
1197.29 3.52877e-07 
1197.3 3.52302e-07 
1197.31 3.51738e-07 
1197.32 3.51186e-07 
1197.33 3.50645e-07 
1197.34 3.50119e-07 
1197.35 3.49606e-07 
1197.36 3.49107e-07 
1197.37 3.48625e-07 
1197.38 3.4816e-07 
1197.39 3.47712e-07 
1197.4 3.47283e-07 
1197.41 3.46873e-07 
1197.42 3.46485e-07 
1197.43 3.46119e-07 
1197.44 3.45776e-07 
1197.45 3.45458e-07 
1197.45 3.45166e-07 
1197.46 3.44902e-07 
1197.47 3.44666e-07 
1197.48 3.44469e-07 
1197.49 3.44297e-07 
1197.5 3.44158e-07 
1197.51 3.44054e-07 
1197.52 3.43988e-07 
1197.53 3.43961e-07 
1197.54 3.43975e-07 
1197.55 3.44032e-07 
1197.56 3.44134e-07 
1197.57 3.44284e-07 
1197.58 3.44482e-07 
1197.59 3.44733e-07 
1197.6 3.45037e-07 
1197.61 3.45612e-07 
1197.62 3.46033e-07 
1197.63 3.46516e-07 
1197.64 3.47063e-07 
1197.65 3.47677e-07 
1197.66 3.48362e-07 
1197.67 3.4912e-07 
1197.68 3.49955e-07 
1197.69 3.50869e-07 
1197.7 3.51866e-07 
1197.71 3.52949e-07 
1197.72 3.54121e-07 
1197.73 3.55415e-07 
1197.74 3.56779e-07 
1197.75 3.58244e-07 
1197.76 3.59813e-07 
1197.77 3.61491e-07 
1197.78 3.63282e-07 
1197.79 3.65189e-07 
1197.8 3.67217e-07 
1197.81 3.6937e-07 
1197.82 3.71653e-07 
1197.83 3.74071e-07 
1197.84 3.76627e-07 
1197.85 3.79327e-07 
1197.86 3.82175e-07 
1197.87 3.85177e-07 
1197.88 3.88337e-07 
1197.88 3.9166e-07 
1197.89 3.95152e-07 
1197.9 3.98817e-07 
1197.91 4.02661e-07 
1197.92 4.06691e-07 
1197.93 4.1091e-07 
1197.94 4.15324e-07 
1197.95 4.1994e-07 
1197.96 4.24762e-07 
1197.97 4.29796e-07 
1197.98 4.35127e-07 
1197.99 4.40606e-07 
1198 4.46315e-07 
1198.01 4.5226e-07 
1198.02 4.58446e-07 
1198.03 4.6488e-07 
1198.04 4.71567e-07 
1198.05 4.78513e-07 
1198.06 4.85724e-07 
1198.07 4.93207e-07 
1198.08 5.00966e-07 
1198.09 5.09009e-07 
1198.1 5.17339e-07 
1198.11 5.25965e-07 
1198.12 5.34891e-07 
1198.13 5.44123e-07 
1198.14 5.53666e-07 
1198.15 5.63527e-07 
1198.16 5.73709e-07 
1198.17 5.84221e-07 
1198.18 5.95065e-07 
1198.19 6.06247e-07 
1198.2 6.17772e-07 
1198.21 6.29646e-07 
1198.22 6.41872e-07 
1198.23 6.54627e-07 
1198.24 6.67576e-07 
1198.25 6.80891e-07 
1198.26 6.94575e-07 
1198.27 7.08633e-07 
1198.28 7.23067e-07 
1198.29 7.37881e-07 
1198.3 7.53079e-07 
1198.3 7.68662e-07 
1198.31 7.84633e-07 
1198.32 8.00995e-07 
1198.33 8.17748e-07 
1198.34 8.34895e-07 
1198.35 8.52436e-07 
1198.36 8.70374e-07 
1198.37 8.88707e-07 
1198.38 9.07436e-07 
1198.39 9.26562e-07 
1198.4 9.46083e-07 
1198.41 9.65998e-07 
1198.42 9.86307e-07 
1198.43 1.00701e-06 
1198.44 1.02809e-06 
1198.45 1.04957e-06 
1198.46 1.07142e-06 
1198.47 1.09366e-06 
1198.48 1.11657e-06 
1198.49 1.13955e-06 
1198.5 1.16291e-06 
1198.51 1.18662e-06 
1198.52 1.21068e-06 
1198.53 1.2351e-06 
1198.54 1.25985e-06 
1198.55 1.28493e-06 
1198.56 1.31034e-06 
1198.57 1.33607e-06 
1198.58 1.36211e-06 
1198.59 1.38844e-06 
1198.6 1.41505e-06 
1198.61 1.44284e-06 
1198.62 1.47002e-06 
1198.63 1.49745e-06 
1198.64 1.52513e-06 
1198.65 1.55303e-06 
1198.66 1.58115e-06 
1198.67 1.60947e-06 
1198.68 1.63798e-06 
1198.69 1.66667e-06 
1198.7 1.69551e-06 
1198.71 1.7245e-06 
1198.72 1.75361e-06 
1198.73 1.78321e-06 
1198.73 1.81253e-06 
1198.74 1.84192e-06 
1198.75 1.87138e-06 
1198.76 1.90088e-06 
1198.77 1.9304e-06 
1198.78 1.95991e-06 
1198.79 1.98942e-06 
1198.8 2.01889e-06 
1198.81 2.04831e-06 
1198.82 2.07765e-06 
1198.83 2.1069e-06 
1198.84 2.13603e-06 
1198.85 2.16502e-06 
1198.86 2.19386e-06 
1198.87 2.22252e-06 
1198.88 2.25099e-06 
1198.89 2.27923e-06 
1198.9 2.30723e-06 
1198.91 2.33497e-06 
1198.92 2.36243e-06 
1198.93 2.38958e-06 
1198.94 2.4164e-06 
1198.95 2.44288e-06 
1198.96 2.46899e-06 
1198.97 2.49471e-06 
1198.98 2.52034e-06 
1198.99 2.54521e-06 
1199 2.56963e-06 
1199.01 2.59358e-06 
1199.02 2.61703e-06 
1199.03 2.63997e-06 
1199.04 2.66238e-06 
1199.05 2.68425e-06 
1199.06 2.70554e-06 
1199.07 2.72625e-06 
1199.08 2.74635e-06 
1199.09 2.76583e-06 
1199.1 2.78467e-06 
1199.11 2.80286e-06 
1199.12 2.82038e-06 
1199.13 2.83721e-06 
1199.14 2.85335e-06 
1199.15 2.86877e-06 
1199.15 2.88347e-06 
1199.16 2.89743e-06 
1199.17 2.91064e-06 
1199.18 2.92308e-06 
1199.19 2.93476e-06 
1199.2 2.94566e-06 
1199.21 2.95577e-06 
1199.22 2.9652e-06 
1199.23 2.9737e-06 
1199.24 2.9814e-06 
1199.25 2.98828e-06 
1199.26 2.99434e-06 
1199.27 2.99958e-06 
1199.28 3.004e-06 
1199.29 3.00759e-06 
1199.3 3.01036e-06 
1199.31 3.0123e-06 
1199.32 3.01342e-06 
1199.33 3.01372e-06 
1199.34 3.0132e-06 
1199.35 3.01186e-06 
1199.36 3.00972e-06 
1199.37 3.00678e-06 
1199.38 3.00304e-06 
1199.39 2.99852e-06 
1199.4 2.99322e-06 
1199.41 2.98715e-06 
1199.42 2.98032e-06 
1199.43 2.97275e-06 
1199.44 2.96445e-06 
1199.45 2.95543e-06 
1199.46 2.94571e-06 
1199.47 2.93529e-06 
1199.48 2.92408e-06 
1199.49 2.91233e-06 
1199.5 2.89995e-06 
1199.51 2.88695e-06 
1199.52 2.87335e-06 
1199.53 2.85917e-06 
1199.54 2.84444e-06 
1199.55 2.82917e-06 
1199.56 2.81339e-06 
1199.57 2.79712e-06 
1199.58 2.78038e-06 
1199.58 2.7632e-06 
1199.59 2.74561e-06 
1199.6 2.72762e-06 
1199.61 2.71094e-06 
1199.62 2.69224e-06 
1199.63 2.67322e-06 
1199.64 2.65392e-06 
1199.65 2.63436e-06 
1199.66 2.61457e-06 
1199.67 2.59458e-06 
1199.68 2.57441e-06 
1199.69 2.5541e-06 
1199.7 2.53367e-06 
1199.71 2.51315e-06 
1199.72 2.49257e-06 
1199.73 2.47171e-06 
1199.74 2.4511e-06 
1199.75 2.43052e-06 
1199.76 2.40999e-06 
1199.77 2.38954e-06 
1199.78 2.36921e-06 
1199.79 2.34902e-06 
1199.8 2.329e-06 
1199.81 2.30917e-06 
1199.82 2.28957e-06 
1199.83 2.27022e-06 
1199.84 2.25114e-06 
1199.85 2.23236e-06 
1199.86 2.21392e-06 
1199.87 2.19582e-06 
1199.88 2.1781e-06 
1199.89 2.16079e-06 
1199.9 2.14389e-06 
1199.91 2.12744e-06 
1199.92 2.11146e-06 
1199.93 2.09596e-06 
1199.94 2.08097e-06 
1199.95 2.06651e-06 
1199.96 2.05259e-06 
1199.97 2.03924e-06 
1199.98 2.02631e-06 
1199.99 2.01413e-06 
1200 2.00256e-06 
1200.01 1.99161e-06 
1200.01 1.9813e-06 
1200.02 1.97162e-06 
1200.03 1.9626e-06 
1200.04 1.95425e-06 
1200.05 1.94656e-06 
1200.06 1.93955e-06 
1200.07 1.93323e-06 
1200.08 1.92759e-06 
1200.09 1.92264e-06 
1200.1 1.91838e-06 
1200.11 1.91481e-06 
1200.12 1.91194e-06 
1200.13 1.90976e-06 
1200.14 1.90826e-06 
1200.15 1.90744e-06 
1200.16 1.9073e-06 
1200.17 1.90783e-06 
1200.18 1.90903e-06 
1200.19 1.91087e-06 
1200.2 1.91336e-06 
1200.21 1.91648e-06 
1200.22 1.92022e-06 
1200.23 1.92462e-06 
1200.24 1.92956e-06 
1200.25 1.93507e-06 
1200.26 1.94114e-06 
1200.27 1.94775e-06 
1200.28 1.95487e-06 
1200.29 1.9625e-06 
1200.3 1.9706e-06 
1200.31 1.97915e-06 
1200.32 1.98814e-06 
1200.33 1.99754e-06 
1200.34 2.00731e-06 
1200.35 2.01745e-06 
1200.36 2.02792e-06 
1200.37 2.0387e-06 
1200.38 2.04975e-06 
1200.39 2.06105e-06 
1200.4 2.07257e-06 
1200.41 2.08429e-06 
1200.42 2.09616e-06 
1200.43 2.10817e-06 
1200.43 2.12028e-06 
1200.44 2.13246e-06 
1200.45 2.14469e-06 
1200.46 2.15692e-06 
1200.47 2.16913e-06 
1200.48 2.18145e-06 
1200.49 2.19352e-06 
1200.5 2.20548e-06 
1200.51 2.21729e-06 
1200.52 2.22893e-06 
1200.53 2.24036e-06 
1200.54 2.25155e-06 
1200.55 2.26247e-06 
1200.56 2.2731e-06 
1200.57 2.2834e-06 
1200.58 2.29335e-06 
1200.59 2.30291e-06 
1200.6 2.31207e-06 
1200.61 2.32222e-06 
1200.62 2.33048e-06 
1200.63 2.33826e-06 
1200.64 2.34552e-06 
1200.65 2.35225e-06 
1200.66 2.35842e-06 
1200.67 2.36401e-06 
1200.68 2.36901e-06 
1200.69 2.37338e-06 
1200.7 2.37712e-06 
1200.71 2.3802e-06 
1200.72 2.38261e-06 
1200.73 2.38436e-06 
1200.74 2.38537e-06 
1200.75 2.38567e-06 
1200.76 2.38525e-06 
1200.77 2.3841e-06 
1200.78 2.3822e-06 
1200.79 2.37955e-06 
1200.8 2.37615e-06 
1200.81 2.37198e-06 
1200.82 2.36705e-06 
1200.83 2.36135e-06 
1200.84 2.35488e-06 
1200.85 2.34765e-06 
1200.85 2.33965e-06 
1200.86 2.3309e-06 
1200.87 2.32138e-06 
1200.88 2.31111e-06 
1200.89 2.3001e-06 
1200.9 2.28835e-06 
1200.91 2.27588e-06 
1200.92 2.26269e-06 
1200.93 2.24881e-06 
1200.94 2.23423e-06 
1200.95 2.21898e-06 
1200.96 2.20307e-06 
1200.97 2.18652e-06 
1200.98 2.16913e-06 
1200.99 2.15135e-06 
1201 2.13298e-06 
1201.01 2.11405e-06 
1201.02 2.09459e-06 
1201.03 2.0746e-06 
1201.04 2.05413e-06 
1201.05 2.03319e-06 
1201.06 2.01181e-06 
1201.07 1.99002e-06 
1201.08 1.96784e-06 
1201.09 1.9453e-06 
1201.1 1.92243e-06 
1201.11 1.89926e-06 
1201.12 1.87582e-06 
1201.13 1.85214e-06 
1201.14 1.82826e-06 
1201.15 1.80419e-06 
1201.16 1.77998e-06 
1201.17 1.75566e-06 
1201.18 1.73125e-06 
1201.19 1.7068e-06 
1201.2 1.68233e-06 
1201.21 1.65788e-06 
1201.22 1.63348e-06 
1201.23 1.60886e-06 
1201.24 1.58465e-06 
1201.25 1.5606e-06 
1201.26 1.53673e-06 
1201.27 1.51307e-06 
1201.28 1.48966e-06 
1201.28 1.46653e-06 
1201.29 1.44372e-06 
1201.3 1.42124e-06 
1201.31 1.39914e-06 
1201.32 1.37745e-06 
1201.33 1.35619e-06 
1201.34 1.3354e-06 
1201.35 1.3151e-06 
1201.36 1.29533e-06 
1201.37 1.27611e-06 
1201.38 1.25747e-06 
1201.39 1.23944e-06 
1201.4 1.22204e-06 
1201.41 1.2053e-06 
1201.42 1.18924e-06 
1201.43 1.17389e-06 
1201.44 1.15927e-06 
1201.45 1.14539e-06 
1201.46 1.13229e-06 
1201.47 1.11998e-06 
1201.48 1.10835e-06 
1201.49 1.09769e-06 
1201.5 1.08787e-06 
1201.51 1.07891e-06 
1201.52 1.07082e-06 
1201.53 1.06362e-06 
1201.54 1.05732e-06 
1201.55 1.05193e-06 
1201.56 1.04745e-06 
1201.57 1.04389e-06 
1201.58 1.04127e-06 
1201.59 1.03958e-06 
1201.6 1.03883e-06 
1201.61 1.03966e-06 
1201.62 1.04079e-06 
1201.63 1.04286e-06 
1201.64 1.04587e-06 
1201.65 1.04981e-06 
1201.66 1.05468e-06 
1201.67 1.06047e-06 
1201.68 1.06717e-06 
1201.69 1.07477e-06 
1201.7 1.08326e-06 
1201.7 1.09262e-06 
1201.71 1.10284e-06 
1201.72 1.11406e-06 
1201.73 1.12596e-06 
1201.74 1.13867e-06 
1201.75 1.15216e-06 
1201.76 1.16641e-06 
1201.77 1.1814e-06 
1201.78 1.1971e-06 
1201.79 1.21347e-06 
1201.8 1.23051e-06 
1201.81 1.24817e-06 
1201.82 1.26641e-06 
1201.83 1.28522e-06 
1201.84 1.30456e-06 
1201.85 1.32438e-06 
1201.86 1.34465e-06 
1201.87 1.36535e-06 
1201.88 1.38641e-06 
1201.89 1.40782e-06 
1201.9 1.42952e-06 
1201.91 1.45148e-06 
1201.92 1.47364e-06 
1201.93 1.49598e-06 
1201.94 1.51845e-06 
1201.95 1.54099e-06 
1201.96 1.56358e-06 
1201.97 1.58616e-06 
1201.98 1.60897e-06 
1201.99 1.63139e-06 
1202 1.65367e-06 
1202.01 1.67577e-06 
1202.02 1.69762e-06 
1202.03 1.7192e-06 
1202.04 1.74045e-06 
1202.05 1.76134e-06 
1202.06 1.78181e-06 
1202.07 1.80182e-06 
1202.08 1.82133e-06 
1202.09 1.84031e-06 
1202.1 1.85869e-06 
1202.11 1.87646e-06 
1202.12 1.89357e-06 
1202.13 1.90997e-06 
1202.13 1.92564e-06 
1202.14 1.94054e-06 
1202.15 1.95463e-06 
1202.16 1.96788e-06 
1202.17 1.98027e-06 
1202.18 1.99175e-06 
1202.19 2.00231e-06 
1202.2 2.01192e-06 
1202.21 2.02055e-06 
1202.22 2.02827e-06 
1202.23 2.03488e-06 
1202.24 2.04045e-06 
1202.25 2.04496e-06 
1202.26 2.04841e-06 
1202.27 2.05078e-06 
1202.28 2.05206e-06 
1202.29 2.05225e-06 
1202.3 2.05133e-06 
1202.31 2.04931e-06 
1202.32 2.04618e-06 
1202.33 2.04194e-06 
1202.34 2.0366e-06 
1202.35 2.03017e-06 
1202.36 2.02264e-06 
1202.37 2.01403e-06 
1202.38 2.00434e-06 
1202.39 1.9936e-06 
1202.4 1.98182e-06 
1202.41 1.969e-06 
1202.42 1.95519e-06 
1202.43 1.94038e-06 
1202.44 1.9246e-06 
1202.45 1.90789e-06 
1202.46 1.89025e-06 
1202.47 1.87173e-06 
1202.48 1.8521e-06 
1202.49 1.83187e-06 
1202.5 1.81083e-06 
1202.51 1.78903e-06 
1202.52 1.76649e-06 
1202.53 1.74324e-06 
1202.54 1.71933e-06 
1202.55 1.69478e-06 
1202.56 1.66963e-06 
1202.56 1.64393e-06 
1202.57 1.61769e-06 
1202.58 1.59097e-06 
1202.59 1.5638e-06 
1202.6 1.53621e-06 
1202.61 1.50919e-06 
1202.62 1.48087e-06 
1202.63 1.45226e-06 
1202.64 1.42339e-06 
1202.65 1.3943e-06 
1202.66 1.36502e-06 
1202.67 1.33559e-06 
1202.68 1.30605e-06 
1202.69 1.27643e-06 
1202.7 1.24677e-06 
1202.71 1.2171e-06 
1202.72 1.18746e-06 
1202.73 1.1575e-06 
1202.74 1.12801e-06 
1202.75 1.09864e-06 
1202.76 1.06942e-06 
1202.77 1.04038e-06 
1202.78 1.01155e-06 
1202.79 9.82949e-07 
1202.8 9.54612e-07 
1202.81 9.2656e-07 
1202.82 8.98817e-07 
1202.83 8.71404e-07 
1202.84 8.44342e-07 
1202.85 8.17651e-07 
1202.86 7.91349e-07 
1202.87 7.65453e-07 
1202.88 7.3998e-07 
1202.89 7.14944e-07 
1202.9 6.90357e-07 
1202.91 6.66234e-07 
1202.92 6.42584e-07 
1202.93 6.19417e-07 
1202.94 5.96743e-07 
1202.95 5.74568e-07 
1202.96 5.529e-07 
1202.97 5.31743e-07 
1202.98 5.11102e-07 
1202.98 4.90731e-07 
1202.99 4.71136e-07 
1203 4.52064e-07 
1203.01 4.33514e-07 
1203.02 4.15487e-07 
1203.03 3.9798e-07 
1203.04 3.80992e-07 
1203.05 3.6452e-07 
1203.06 3.48559e-07 
1203.07 3.33105e-07 
1203.08 3.18153e-07 
1203.09 3.03698e-07 
1203.1 2.89733e-07 
1203.11 2.76251e-07 
1203.12 2.63245e-07 
1203.13 2.50707e-07 
1203.14 2.38629e-07 
1203.15 2.27002e-07 
1203.16 2.15818e-07 
1203.17 2.05066e-07 
1203.18 1.94738e-07 
1203.19 1.84824e-07 
1203.2 1.75314e-07 
1203.21 1.66197e-07 
1203.22 1.57464e-07 
1203.23 1.49002e-07 
1203.24 1.41009e-07 
1203.25 1.33368e-07 
1203.26 1.26069e-07 
1203.27 1.19101e-07 
1203.28 1.12453e-07 
1203.29 1.06115e-07 
1203.3 1.00076e-07 
1203.31 9.43272e-08 
1203.32 8.88574e-08 
1203.33 8.36565e-08 
1203.34 7.87147e-08 
1203.35 7.40223e-08 
1203.36 6.95695e-08 
1203.37 6.5347e-08 
1203.38 6.13455e-08 
1203.39 5.75559e-08 
1203.4 5.39693e-08 
1203.41 5.05771e-08 
1203.41 4.73708e-08 
1203.42 4.43423e-08 
1203.43 4.14835e-08 
1203.44 3.87867e-08 
1203.45 3.62444e-08 
1203.46 3.38492e-08 
1203.47 3.15941e-08 
1203.48 2.94466e-08 
1203.49 2.7453e-08 
1203.5 2.55797e-08 
1203.51 2.38204e-08 
1203.52 2.21694e-08 
1203.53 2.0621e-08 
1203.54 1.91697e-08 
1203.55 1.78103e-08 
1203.56 1.65377e-08 
1203.57 1.53473e-08 
1203.58 1.42343e-08 
1203.59 1.31945e-08 
1203.6 1.22236e-08 
1203.61 1.13246e-08 
1203.62 1.04792e-08 
1203.63 9.69134e-09 
1203.64 8.95757e-09 
1203.65 8.27458e-09 
1203.66 7.63928e-09 
1203.67 7.04869e-09 
1203.68 6.50002e-09 
1203.69 5.99061e-09 
1203.7 5.51795e-09 
1203.71 5.07966e-09 
1203.72 4.67349e-09 
1203.73 4.2928e-09 
1203.74 3.94498e-09 
1203.75 3.62325e-09 
1203.76 3.32584e-09 
1203.77 3.0511e-09 
1203.78 2.79743e-09 
1203.79 2.56338e-09 
1203.8 2.34757e-09 
1203.81 2.14868e-09 
1203.82 1.96551e-09 
1203.83 1.79693e-09 
1203.83 1.64185e-09 
1203.84 1.4993e-09 
1203.85 1.36834e-09 
1203.86 1.2481e-09 
1203.87 1.13777e-09 
1203.88 1.03659e-09 
1203.89 9.4387e-10 
1203.9 8.58948e-10 
1203.91 7.81217e-10 
1203.92 7.10112e-10 
1203.93 6.45106e-10 
1203.94 5.85715e-10 
1203.95 5.31486e-10 
1203.96 4.82e-10 
1203.97 4.3687e-10 
1203.98 3.95247e-10 
1203.99 3.57826e-10 
1204 3.2376e-10 
1204.01 2.9277e-10 
1204.02 2.64593e-10 
1204.03 2.38991e-10 
1204.04 2.15741e-10 
1204.05 1.94642e-10 
1204.06 1.75505e-10 
1204.07 1.58158e-10 
1204.08 1.42444e-10 
1204.09 1.28217e-10 
1204.1 1.15345e-10 
1204.11 1.03706e-10 
1204.12 9.31871e-11 
1204.13 8.36872e-11 
1204.14 7.51125e-11 
1204.15 6.73776e-11 
1204.16 6.04044e-11 
1204.17 5.41218e-11 
1204.18 4.84647e-11 
1204.19 4.33739e-11 
1204.2 3.87956e-11 
1204.21 3.46805e-11 
1204.22 3.09841e-11 
1204.23 2.76266e-11 
1204.24 2.46534e-11 
1204.25 2.19876e-11 
1204.26 1.95988e-11 
1204.26 1.74594e-11 
1204.27 1.55446e-11 
1204.28 1.38319e-11 
1204.29 1.23008e-11 
1204.3 1.09328e-11 
1204.31 9.71145e-12 
1204.32 8.62155e-12 
1204.33 7.64957e-12 
1204.34 6.78325e-12 
1204.35 6.01159e-12 
1204.36 5.32464e-12 
1204.37 4.71348e-12 
1204.38 4.17007e-12 
1204.39 3.68719e-12 
1204.4 3.25834e-12 
1204.41 2.87772e-12 
1204.42 2.5401e-12 
1204.43 2.24079e-12 
1204.44 1.97562e-12 
1204.45 1.74083e-12 
1204.46 1.53305e-12 
1204.47 1.3493e-12 
1204.48 1.18499e-12 
1204.49 1.04175e-12 
1204.5 9.15297e-13 
1204.51 8.03731e-13 
1204.52 7.05359e-13 
1204.53 6.1867e-13 
1204.54 5.42324e-13 
1204.55 4.75125e-13 
1204.56 4.16013e-13 
1204.57 3.64046e-13 
1204.58 3.18388e-13 
1204.59 2.78295e-13 
1204.6 2.43111e-13 
1204.61 2.12254e-13 
1204.62 1.8532e-13 
1204.63 1.61611e-13 
1204.64 1.40855e-13 
1204.65 1.22693e-13 
1204.66 1.06812e-13 
1204.67 9.29333e-14 
1204.68 8.08112e-14 
1204.68 7.02298e-14 
1204.69 6.09988e-14 
1204.7 5.29507e-14 
1204.71 4.5938e-14 
1204.72 3.976e-14 
1204.73 3.44543e-14 
1204.74 2.98395e-14 
1204.75 2.58279e-14 
1204.76 2.23427e-14 
1204.77 1.93167e-14 
1204.78 1.66909e-14 
1204.79 1.44138e-14 
1204.8 1.24402e-14 
1204.81 1.07306e-14 
1204.82 9.25063e-15 
1204.83 7.9702e-15 
1204.84 6.86305e-15 
1204.85 5.90629e-15 
1204.86 5.07999e-15 
1204.87 4.36678e-15 
1204.88 3.75154e-15 
1204.89 3.22112e-15 
1204.9 2.76411e-15 
1204.91 2.37057e-15 
1204.92 2.0319e-15 
1204.93 1.74061e-15 
1204.94 1.49021e-15 
1204.95 1.27511e-15 
1204.96 1.09043e-15 
1204.97 9.31953e-16 
1204.98 7.94485e-16 
1204.99 6.78237e-16 
1205 5.78664e-16 
1205.01 4.93427e-16 
1205.02 4.20502e-16 
1205.03 3.58149e-16 
1205.04 3.04867e-16 
1205.05 2.59362e-16 
1205.06 2.20522e-16 
1205.07 1.87391e-16 
1205.08 1.59145e-16 
1205.09 1.3508e-16 
1205.1 1.14587e-16 
1205.11 9.71476e-17 
1205.11 8.23149e-17 
1205.12 6.97067e-17 
1205.13 5.89958e-17 
1205.14 4.9902e-17 
1205.15 4.21856e-17 
1205.16 3.56419e-17 
1205.17 3.00959e-17 
1205.18 2.53983e-17 
1205.19 2.14215e-17 
1205.2 1.80571e-17 
1205.21 1.52123e-17 
1205.22 1.27829e-17 
1205.23 1.07547e-17 
1205.24 9.04468e-18 
1205.25 7.60216e-18 
1205.26 6.38603e-18 
1205.27 5.36136e-18 
1205.28 4.49851e-18 
1205.29 3.77236e-18 
1205.3 3.1616e-18 
1205.31 2.6482e-18 
1205.32 2.2169e-18 
1205.33 1.85477e-18 
1205.34 1.5509e-18 
1205.35 1.29607e-18 
1205.36 1.08249e-18 
1205.37 9.03583e-19 
1205.38 7.53811e-19 
1205.39 6.28503e-19 
1205.4 5.23723e-19 
1205.41 4.36161e-19 
1205.42 3.63029e-19 
1205.43 3.01986e-19 
1205.44 2.51062e-19 
1205.45 2.08606e-19 
1205.46 1.73229e-19 
1205.47 1.43769e-19 
1205.48 1.18996e-19 
1205.49 9.8625e-20 
1205.5 8.17107e-20 
1205.51 6.76583e-20 
1205.52 5.59904e-20 
1205.53 4.6308e-20 
1205.54 3.82779e-20 
1205.54 3.16221e-20 
1205.55 2.61086e-20 
1205.56 2.15439e-20 
1205.57 1.77672e-20 
1205.58 1.4644e-20 
1205.59 1.20629e-20 
1205.6 9.93107e-21 
1205.61 8.17628e-21 
1205.62 6.72355e-21 
1205.63 5.52575e-21 
1205.64 4.53873e-21 
1205.65 3.72587e-21 
1205.66 3.05682e-21 
1205.67 2.50647e-21 
1205.68 2.05403e-21 
1205.69 1.68229e-21 
1205.7 1.37703e-21 
1205.71 1.12651e-21 
1205.72 9.21042e-22 
1205.73 7.50715e-22 
1205.74 6.13078e-22 
1205.75 5.00387e-22 
1205.76 4.08175e-22 
1205.77 3.32764e-22 
1205.78 2.7113e-22 
1205.79 2.20784e-22 
1205.8 1.79684e-22 
1205.81 1.4615e-22 
1205.82 1.18806e-22 
1205.83 9.6523e-23 
1205.84 7.83739e-23 
1205.85 6.36008e-23 
1205.86 5.15826e-23 
1205.87 4.18114e-23 
1205.88 3.38716e-23 
1205.89 2.74237e-23 
1205.9 2.21905e-23 
1205.91 1.79456e-23 
1205.92 1.45044e-23 
1205.93 1.17163e-23 
1205.94 9.45873e-24 
1205.95 7.63176e-24 
1205.96 6.15412e-24 
1205.96 4.95972e-24 
1205.97 3.99484e-24 
1205.98 3.20709e-24 
1205.99 2.58018e-24 
1206 2.07462e-24 
1206.01 1.66716e-24 
1206.02 1.33896e-24 
1206.03 1.07474e-24 
1206.04 8.62172e-25 
1206.05 6.91246e-25 
1206.06 5.53888e-25 
1206.07 4.43569e-25 
1206.08 3.55018e-25 
1206.09 2.83981e-25 
1206.1 2.27027e-25 
1206.11 1.81392e-25 
1206.12 1.44846e-25 
1206.13 1.15597e-25 
1206.14 9.2201e-26 
1206.15 7.34979e-26 
1206.16 5.8555e-26 
1206.17 4.66234e-26 
1206.18 3.71017e-26 
1206.19 2.95075e-26 
1206.2 2.34543e-26 
1206.21 1.86321e-26 
1206.22 1.47929e-26 
1206.23 1.1704e-26 
1206.24 9.28158e-27 
1206.25 7.35628e-27 
1206.26 5.82701e-27 
1206.27 4.61299e-27 
1206.28 3.6498e-27 
1206.29 2.88607e-27 
1206.3 2.28083e-27 
1206.31 1.80149e-27 
1206.32 1.42206e-27 
1206.33 1.1219e-27 
1206.34 8.84591e-28 
1206.35 6.97076e-28 
1206.36 5.48994e-28 
1206.37 4.3212e-28 
1206.38 3.39932e-28 
1206.39 2.67257e-28 
1206.39 2.09999e-28 
1206.4 1.64913e-28 
1206.41 1.29432e-28 
1206.42 1.01527e-28 
1206.43 7.95917e-29 
1206.44 6.23599e-29 
1206.45 4.88308e-29 
1206.46 3.82148e-29 
1206.47 2.98895e-29 
1206.48 2.32926e-29 
1206.49 1.81971e-29 
1206.5 1.42081e-29 
1206.51 1.10872e-29 
1206.52 8.64682e-30 
1206.53 6.7397e-30 
1206.54 5.25019e-30 
1206.55 4.08752e-30 
1206.56 3.18049e-30 
1206.57 2.47331e-30 
1206.58 1.92227e-30 
1206.59 1.49313e-30 
1206.6 0 
