#energy geo_1 
1186.6 1.01388e-06 
1186.61 1.01328e-06 
1186.62 1.01267e-06 
1186.63 1.01207e-06 
1186.64 1.01146e-06 
1186.65 1.01086e-06 
1186.66 1.01025e-06 
1186.67 1.00965e-06 
1186.68 1.00904e-06 
1186.69 1.00844e-06 
1186.7 1.00783e-06 
1186.71 1.00723e-06 
1186.72 1.00663e-06 
1186.73 1.00602e-06 
1186.74 1.00542e-06 
1186.75 1.00482e-06 
1186.76 1.00422e-06 
1186.77 1.00361e-06 
1186.78 1.00301e-06 
1186.79 1.00241e-06 
1186.8 1.00181e-06 
1186.81 1.00121e-06 
1186.81 1.00061e-06 
1186.82 1.00001e-06 
1186.83 9.99406e-07 
1186.84 9.98805e-07 
1186.85 9.98205e-07 
1186.86 9.97606e-07 
1186.87 9.97005e-07 
1186.88 9.96407e-07 
1186.89 9.95807e-07 
1186.9 9.9521e-07 
1186.91 9.9461e-07 
1186.92 9.94012e-07 
1186.93 9.93416e-07 
1186.94 9.92817e-07 
1186.95 9.92219e-07 
1186.96 9.91622e-07 
1186.97 9.91025e-07 
1186.98 9.90428e-07 
1186.99 9.89832e-07 
1187 9.89236e-07 
1187.01 9.88639e-07 
1187.02 9.88044e-07 
1187.03 9.87449e-07 
1187.04 9.86854e-07 
1187.05 9.86258e-07 
1187.06 9.85662e-07 
1187.07 9.85068e-07 
1187.08 9.84474e-07 
1187.09 9.83881e-07 
1187.1 9.83288e-07 
1187.11 9.82694e-07 
1187.12 9.82101e-07 
1187.13 9.81508e-07 
1187.14 9.80915e-07 
1187.15 9.80324e-07 
1187.16 9.79731e-07 
1187.17 9.79138e-07 
1187.18 9.78547e-07 
1187.19 9.77956e-07 
1187.2 9.77364e-07 
1187.21 9.76774e-07 
1187.22 9.76183e-07 
1187.23 9.75592e-07 
1187.24 9.75002e-07 
1187.24 9.74411e-07 
1187.25 9.73823e-07 
1187.26 9.73233e-07 
1187.27 9.72645e-07 
1187.28 9.72055e-07 
1187.29 9.71466e-07 
1187.3 9.70878e-07 
1187.31 9.70288e-07 
1187.32 9.69702e-07 
1187.33 9.69114e-07 
1187.34 9.68525e-07 
1187.35 9.67938e-07 
1187.36 9.67353e-07 
1187.37 9.66767e-07 
1187.38 9.66179e-07 
1187.39 9.65593e-07 
1187.4 9.65008e-07 
1187.41 9.64422e-07 
1187.42 9.63836e-07 
1187.43 9.63253e-07 
1187.44 9.62667e-07 
1187.45 9.62082e-07 
1187.46 9.61498e-07 
1187.47 9.60914e-07 
1187.48 9.6033e-07 
1187.49 9.59746e-07 
1187.5 9.59163e-07 
1187.51 9.58581e-07 
1187.52 9.57997e-07 
1187.53 9.57414e-07 
1187.54 9.56832e-07 
1187.55 9.56249e-07 
1187.56 9.55667e-07 
1187.57 9.55086e-07 
1187.58 9.54506e-07 
1187.59 9.53926e-07 
1187.6 9.53343e-07 
1187.61 9.53353e-07 
1187.62 9.52772e-07 
1187.63 9.52192e-07 
1187.64 9.51611e-07 
1187.65 9.51032e-07 
1187.66 9.50452e-07 
1187.66 9.49873e-07 
1187.67 9.49294e-07 
1187.68 9.48716e-07 
1187.69 9.48135e-07 
1187.7 9.47558e-07 
1187.71 9.46981e-07 
1187.72 9.46402e-07 
1187.73 9.45826e-07 
1187.74 9.45248e-07 
1187.75 9.44671e-07 
1187.76 9.44094e-07 
1187.77 9.43517e-07 
1187.78 9.42941e-07 
1187.79 9.42364e-07 
1187.8 9.41789e-07 
1187.81 9.41214e-07 
1187.82 9.40638e-07 
1187.83 9.40063e-07 
1187.84 9.39488e-07 
1187.85 9.38913e-07 
1187.86 9.38341e-07 
1187.87 9.37767e-07 
1187.88 9.37192e-07 
1187.89 9.36619e-07 
1187.9 9.36047e-07 
1187.91 9.35473e-07 
1187.92 9.34901e-07 
1187.93 9.34328e-07 
1187.94 9.33755e-07 
1187.95 9.33185e-07 
1187.96 9.32612e-07 
1187.97 9.32041e-07 
1187.98 9.3147e-07 
1187.99 9.309e-07 
1188 9.30329e-07 
1188.01 9.29759e-07 
1188.02 9.29188e-07 
1188.03 9.28619e-07 
1188.04 9.2805e-07 
1188.05 9.2748e-07 
1188.06 9.26912e-07 
1188.07 9.26343e-07 
1188.08 9.25774e-07 
1188.09 9.25207e-07 
1188.09 9.24639e-07 
1188.1 9.2407e-07 
1188.11 9.23503e-07 
1188.12 9.22936e-07 
1188.13 9.22368e-07 
1188.14 9.21803e-07 
1188.15 9.21237e-07 
1188.16 9.2067e-07 
1188.17 9.20104e-07 
1188.18 9.19538e-07 
1188.19 9.18973e-07 
1188.2 9.18409e-07 
1188.21 9.17844e-07 
1188.22 9.1728e-07 
1188.23 9.16715e-07 
1188.24 9.16151e-07 
1188.25 9.15588e-07 
1188.26 9.15024e-07 
1188.27 9.14461e-07 
1188.28 9.13898e-07 
1188.29 9.13335e-07 
1188.3 9.12774e-07 
1188.31 9.12212e-07 
1188.32 9.11648e-07 
1188.33 9.11088e-07 
1188.34 9.10526e-07 
1188.35 9.09965e-07 
1188.36 9.09404e-07 
1188.37 9.08844e-07 
1188.38 9.08284e-07 
1188.39 9.07724e-07 
1188.4 9.07164e-07 
1188.41 9.06605e-07 
1188.42 9.06045e-07 
1188.43 9.05486e-07 
1188.44 9.04928e-07 
1188.45 9.04369e-07 
1188.46 9.03812e-07 
1188.47 9.03254e-07 
1188.48 9.02696e-07 
1188.49 9.02139e-07 
1188.5 9.01581e-07 
1188.51 9.01025e-07 
1188.52 9.00468e-07 
1188.52 8.99912e-07 
1188.53 8.99356e-07 
1188.54 8.988e-07 
1188.55 8.98245e-07 
1188.56 8.97689e-07 
1188.57 8.97134e-07 
1188.58 8.9658e-07 
1188.59 8.96027e-07 
1188.6 8.96026e-07 
1188.61 8.95472e-07 
1188.62 8.94918e-07 
1188.63 8.94364e-07 
1188.64 8.93811e-07 
1188.65 8.93258e-07 
1188.66 8.92705e-07 
1188.67 8.92153e-07 
1188.68 8.916e-07 
1188.69 8.91047e-07 
1188.7 8.90497e-07 
1188.71 8.89945e-07 
1188.72 8.89394e-07 
1188.73 8.88842e-07 
1188.74 8.88292e-07 
1188.75 8.87741e-07 
1188.76 8.87193e-07 
1188.77 8.86642e-07 
1188.78 8.86092e-07 
1188.79 8.85542e-07 
1188.8 8.84993e-07 
1188.81 8.84445e-07 
1188.82 8.83897e-07 
1188.83 8.83349e-07 
1188.84 8.828e-07 
1188.85 8.82253e-07 
1188.86 8.81705e-07 
1188.87 8.81158e-07 
1188.88 8.80611e-07 
1188.89 8.80064e-07 
1188.9 8.79518e-07 
1188.91 8.78973e-07 
1188.92 8.78427e-07 
1188.93 8.77881e-07 
1188.94 8.77336e-07 
1188.94 8.76791e-07 
1188.95 8.76246e-07 
1188.96 8.75701e-07 
1188.97 8.75157e-07 
1188.98 8.74613e-07 
1188.99 8.74071e-07 
1189 8.73527e-07 
1189.01 8.72983e-07 
1189.02 8.72441e-07 
1189.03 8.71898e-07 
1189.04 8.71357e-07 
1189.05 8.70814e-07 
1189.06 8.70272e-07 
1189.07 8.69731e-07 
1189.08 8.6919e-07 
1189.09 8.68649e-07 
1189.1 8.68109e-07 
1189.11 8.67568e-07 
1189.12 8.67029e-07 
1189.13 8.66489e-07 
1189.14 8.65949e-07 
1189.15 8.6541e-07 
1189.16 8.64871e-07 
1189.17 8.64332e-07 
1189.18 8.63794e-07 
1189.19 8.63256e-07 
1189.2 8.62718e-07 
1189.21 8.6218e-07 
1189.22 8.61643e-07 
1189.23 8.61106e-07 
1189.24 8.60568e-07 
1189.25 8.60033e-07 
1189.26 8.59497e-07 
1189.27 8.5896e-07 
1189.28 8.58425e-07 
1189.29 8.57891e-07 
1189.3 8.57355e-07 
1189.31 8.56819e-07 
1189.32 8.56285e-07 
1189.33 8.55751e-07 
1189.34 8.55216e-07 
1189.35 8.54683e-07 
1189.36 8.54149e-07 
1189.36 8.53617e-07 
1189.37 8.53083e-07 
1189.38 8.52551e-07 
1189.39 8.52019e-07 
1189.4 8.51487e-07 
1189.41 8.50955e-07 
1189.42 8.50423e-07 
1189.43 8.49892e-07 
1189.44 8.49361e-07 
1189.45 8.4883e-07 
1189.46 8.483e-07 
1189.47 8.4777e-07 
1189.48 8.47239e-07 
1189.49 8.46711e-07 
1189.5 8.4618e-07 
1189.51 8.45651e-07 
1189.52 8.45123e-07 
1189.53 8.44594e-07 
1189.54 8.44067e-07 
1189.55 8.43539e-07 
1189.56 8.43011e-07 
1189.57 8.42484e-07 
1189.58 8.41956e-07 
1189.59 8.41429e-07 
1189.6 8.40903e-07 
1189.61 8.40896e-07 
1189.62 8.4037e-07 
1189.63 8.39844e-07 
1189.64 8.39318e-07 
1189.65 8.38792e-07 
1189.66 8.38267e-07 
1189.67 8.37742e-07 
1189.68 8.37218e-07 
1189.69 8.36693e-07 
1189.7 8.36169e-07 
1189.71 8.35645e-07 
1189.72 8.35121e-07 
1189.73 8.34599e-07 
1189.74 8.34074e-07 
1189.75 8.33553e-07 
1189.76 8.3303e-07 
1189.77 8.32508e-07 
1189.78 8.31986e-07 
1189.79 8.31464e-07 
1189.79 8.30943e-07 
1189.8 8.30422e-07 
1189.81 8.299e-07 
1189.82 8.2938e-07 
1189.83 8.28861e-07 
1189.84 8.2834e-07 
1189.85 8.2782e-07 
1189.86 8.27301e-07 
1189.87 8.26782e-07 
1189.88 8.26263e-07 
1189.89 8.25744e-07 
1189.9 8.25226e-07 
1189.91 8.24708e-07 
1189.92 8.24189e-07 
1189.93 8.23672e-07 
1189.94 8.23155e-07 
1189.95 8.22638e-07 
1189.96 8.22122e-07 
1189.97 8.21606e-07 
1189.98 8.21089e-07 
1189.99 8.20573e-07 
1190 8.20057e-07 
1190.01 8.19543e-07 
1190.02 8.19027e-07 
1190.03 8.18513e-07 
1190.04 8.17997e-07 
1190.05 8.17483e-07 
1190.06 8.16969e-07 
1190.07 8.16457e-07 
1190.08 8.15943e-07 
1190.09 8.1543e-07 
1190.1 8.14917e-07 
1190.11 8.14404e-07 
1190.12 8.13892e-07 
1190.13 8.1338e-07 
1190.14 8.12868e-07 
1190.15 8.12356e-07 
1190.16 8.11846e-07 
1190.17 8.11334e-07 
1190.18 8.10823e-07 
1190.19 8.10312e-07 
1190.2 8.09803e-07 
1190.21 8.09293e-07 
1190.21 8.08784e-07 
1190.22 8.08275e-07 
1190.23 8.07766e-07 
1190.24 8.07257e-07 
1190.25 8.06747e-07 
1190.26 8.06241e-07 
1190.27 8.05731e-07 
1190.28 8.05224e-07 
1190.29 8.04717e-07 
1190.3 8.04209e-07 
1190.31 8.03703e-07 
1190.32 8.03196e-07 
1190.33 8.0269e-07 
1190.34 8.02184e-07 
1190.35 8.01677e-07 
1190.36 8.01172e-07 
1190.37 8.00667e-07 
1190.38 8.00163e-07 
1190.39 7.99658e-07 
1190.4 7.99154e-07 
1190.41 7.98649e-07 
1190.42 7.98145e-07 
1190.43 7.97641e-07 
1190.44 7.97138e-07 
1190.45 7.96635e-07 
1190.46 7.96132e-07 
1190.47 7.95629e-07 
1190.48 7.95127e-07 
1190.49 7.94625e-07 
1190.5 7.94124e-07 
1190.51 7.93623e-07 
1190.52 7.9312e-07 
1190.53 7.9262e-07 
1190.54 7.92119e-07 
1190.55 7.91618e-07 
1190.56 7.91118e-07 
1190.57 7.90618e-07 
1190.58 7.90118e-07 
1190.59 7.89619e-07 
1190.6 7.89121e-07 
1190.61 7.89108e-07 
1190.62 7.88609e-07 
1190.63 7.88111e-07 
1190.64 7.87613e-07 
1190.64 7.87114e-07 
1190.65 7.86617e-07 
1190.66 7.86119e-07 
1190.67 7.85621e-07 
1190.68 7.85125e-07 
1190.69 7.84629e-07 
1190.7 7.84131e-07 
1190.71 7.83635e-07 
1190.72 7.83139e-07 
1190.73 7.82643e-07 
1190.74 7.82147e-07 
1190.75 7.81652e-07 
1190.76 7.81157e-07 
1190.77 7.80663e-07 
1190.78 7.80168e-07 
1190.79 7.79674e-07 
1190.8 7.79179e-07 
1190.81 7.78687e-07 
1190.82 7.78193e-07 
1190.83 7.77701e-07 
1190.84 7.77207e-07 
1190.85 7.76715e-07 
1190.86 7.76222e-07 
1190.87 7.7573e-07 
1190.88 7.75238e-07 
1190.89 7.74746e-07 
1190.9 7.74255e-07 
1190.91 7.73765e-07 
1190.92 7.73273e-07 
1190.93 7.72782e-07 
1190.94 7.72292e-07 
1190.95 7.71802e-07 
1190.96 7.71312e-07 
1190.97 7.70823e-07 
1190.98 7.70333e-07 
1190.99 7.69844e-07 
1191 7.69355e-07 
1191.01 7.68866e-07 
1191.02 7.68378e-07 
1191.03 7.6789e-07 
1191.04 7.67402e-07 
1191.05 7.66914e-07 
1191.06 7.66427e-07 
1191.07 7.6594e-07 
1191.07 7.65453e-07 
1191.08 7.64966e-07 
1191.09 7.6448e-07 
1191.1 7.63994e-07 
1191.11 7.63508e-07 
1191.12 7.63022e-07 
1191.13 7.62537e-07 
1191.14 7.62051e-07 
1191.15 7.61567e-07 
1191.16 7.61082e-07 
1191.17 7.60598e-07 
1191.18 7.60114e-07 
1191.19 7.59629e-07 
1191.2 7.59146e-07 
1191.21 7.58662e-07 
1191.22 7.58179e-07 
1191.23 7.57696e-07 
1191.24 7.57214e-07 
1191.25 7.56731e-07 
1191.26 7.56248e-07 
1191.27 7.55766e-07 
1191.28 7.55284e-07 
1191.29 7.54802e-07 
1191.3 7.54321e-07 
1191.31 7.5384e-07 
1191.32 7.53359e-07 
1191.33 7.52879e-07 
1191.34 7.52398e-07 
1191.35 7.51918e-07 
1191.36 7.51438e-07 
1191.37 7.50958e-07 
1191.38 7.50479e-07 
1191.39 7.49999e-07 
1191.4 7.4952e-07 
1191.41 7.49041e-07 
1191.42 7.48563e-07 
1191.43 7.48085e-07 
1191.44 7.47606e-07 
1191.45 7.47128e-07 
1191.46 7.4665e-07 
1191.47 7.46173e-07 
1191.48 7.45695e-07 
1191.49 7.45218e-07 
1191.49 7.44741e-07 
1191.5 7.44264e-07 
1191.51 7.43789e-07 
1191.52 7.43312e-07 
1191.53 7.42836e-07 
1191.54 7.4236e-07 
1191.55 7.41885e-07 
1191.56 7.41409e-07 
1191.57 7.40934e-07 
1191.58 7.4046e-07 
1191.59 7.39985e-07 
1191.6 7.39967e-07 
1191.61 7.39492e-07 
1191.62 7.39018e-07 
1191.63 7.38544e-07 
1191.64 7.3807e-07 
1191.65 7.37595e-07 
1191.66 7.37122e-07 
1191.67 7.36649e-07 
1191.68 7.36176e-07 
1191.69 7.35704e-07 
1191.7 7.3523e-07 
1191.71 7.34758e-07 
1191.72 7.34285e-07 
1191.73 7.33812e-07 
1191.74 7.33341e-07 
1191.75 7.32869e-07 
1191.76 7.32398e-07 
1191.77 7.31927e-07 
1191.78 7.31455e-07 
1191.79 7.30984e-07 
1191.8 7.30514e-07 
1191.81 7.30043e-07 
1191.82 7.29572e-07 
1191.83 7.29102e-07 
1191.84 7.28632e-07 
1191.85 7.28162e-07 
1191.86 7.27692e-07 
1191.87 7.27222e-07 
1191.88 7.26754e-07 
1191.89 7.26284e-07 
1191.9 7.25816e-07 
1191.91 7.25347e-07 
1191.92 7.24878e-07 
1191.92 7.2441e-07 
1191.93 7.23941e-07 
1191.94 7.23473e-07 
1191.95 7.23006e-07 
1191.96 7.22538e-07 
1191.97 7.2207e-07 
1191.98 7.21603e-07 
1191.99 7.21136e-07 
1192 7.20669e-07 
1192.01 7.20202e-07 
1192.02 7.19735e-07 
1192.03 7.19269e-07 
1192.04 7.18803e-07 
1192.05 7.18336e-07 
1192.06 7.1787e-07 
1192.07 7.17404e-07 
1192.08 7.16939e-07 
1192.09 7.16473e-07 
1192.1 7.16008e-07 
1192.11 7.15543e-07 
1192.12 7.15078e-07 
1192.13 7.14612e-07 
1192.14 7.14148e-07 
1192.15 7.13684e-07 
1192.16 7.13219e-07 
1192.17 7.12754e-07 
1192.18 7.1229e-07 
1192.19 7.11826e-07 
1192.2 7.11363e-07 
1192.21 7.10899e-07 
1192.22 7.10435e-07 
1192.23 7.09972e-07 
1192.24 7.09508e-07 
1192.25 7.09044e-07 
1192.26 7.08582e-07 
1192.27 7.08119e-07 
1192.28 7.07656e-07 
1192.29 7.07194e-07 
1192.3 7.06731e-07 
1192.31 7.06268e-07 
1192.32 7.05806e-07 
1192.33 7.05344e-07 
1192.34 7.04882e-07 
1192.34 7.0442e-07 
1192.35 7.03958e-07 
1192.36 7.03496e-07 
1192.37 7.03035e-07 
1192.38 7.02574e-07 
1192.39 7.02112e-07 
1192.4 7.01651e-07 
1192.41 7.0119e-07 
1192.42 7.00729e-07 
1192.43 7.00267e-07 
1192.44 6.99807e-07 
1192.45 6.99347e-07 
1192.46 6.98886e-07 
1192.47 6.98425e-07 
1192.48 6.97965e-07 
1192.49 6.97505e-07 
1192.5 6.97044e-07 
1192.51 6.96584e-07 
1192.52 6.96124e-07 
1192.53 6.95665e-07 
1192.54 6.95204e-07 
1192.55 6.94745e-07 
1192.56 6.94285e-07 
1192.57 6.93826e-07 
1192.58 6.93366e-07 
1192.59 6.92907e-07 
1192.6 6.92448e-07 
1192.61 6.92415e-07 
1192.62 6.91955e-07 
1192.63 6.91496e-07 
1192.64 6.91037e-07 
1192.65 6.90578e-07 
1192.66 6.90118e-07 
1192.67 6.8966e-07 
1192.68 6.89201e-07 
1192.69 6.88742e-07 
1192.7 6.88283e-07 
1192.71 6.87824e-07 
1192.72 6.87365e-07 
1192.73 6.86906e-07 
1192.74 6.86447e-07 
1192.75 6.85989e-07 
1192.76 6.85531e-07 
1192.77 6.85071e-07 
1192.77 6.84613e-07 
1192.78 6.84155e-07 
1192.79 6.83696e-07 
1192.8 6.83238e-07 
1192.81 6.82779e-07 
1192.82 6.82321e-07 
1192.83 6.81863e-07 
1192.84 6.81404e-07 
1192.85 6.80947e-07 
1192.86 6.80488e-07 
1192.87 6.8003e-07 
1192.88 6.79572e-07 
1192.89 6.79114e-07 
1192.9 6.78656e-07 
1192.91 6.78197e-07 
1192.92 6.7774e-07 
1192.93 6.77282e-07 
1192.94 6.76823e-07 
1192.95 6.76366e-07 
1192.96 6.75907e-07 
1192.97 6.75449e-07 
1192.98 6.74991e-07 
1192.99 6.74533e-07 
1193 6.74075e-07 
1193.01 6.73617e-07 
1193.02 6.73159e-07 
1193.03 6.72701e-07 
1193.04 6.72243e-07 
1193.05 6.71785e-07 
1193.06 6.71327e-07 
1193.07 6.70869e-07 
1193.08 6.7041e-07 
1193.09 6.69951e-07 
1193.1 6.69494e-07 
1193.11 6.69036e-07 
1193.12 6.68577e-07 
1193.13 6.68119e-07 
1193.14 6.67661e-07 
1193.15 6.67201e-07 
1193.16 6.66744e-07 
1193.17 6.66285e-07 
1193.18 6.65826e-07 
1193.19 6.65368e-07 
1193.19 6.6491e-07 
1193.2 6.6445e-07 
1193.21 6.63992e-07 
1193.22 6.63533e-07 
1193.23 6.63074e-07 
1193.24 6.62615e-07 
1193.25 6.62156e-07 
1193.26 6.61697e-07 
1193.27 6.61238e-07 
1193.28 6.60778e-07 
1193.29 6.6032e-07 
1193.3 6.5986e-07 
1193.31 6.594e-07 
1193.32 6.58941e-07 
1193.33 6.58481e-07 
1193.34 6.58021e-07 
1193.35 6.57561e-07 
1193.36 6.57101e-07 
1193.37 6.56641e-07 
1193.38 6.56182e-07 
1193.39 6.55721e-07 
1193.4 6.5526e-07 
1193.41 6.548e-07 
1193.42 6.54339e-07 
1193.43 6.53879e-07 
1193.44 6.53418e-07 
1193.45 6.52957e-07 
1193.46 6.52496e-07 
1193.47 6.52034e-07 
1193.48 6.51573e-07 
1193.49 6.51111e-07 
1193.5 6.5065e-07 
1193.51 6.50188e-07 
1193.52 6.49726e-07 
1193.53 6.49264e-07 
1193.54 6.48802e-07 
1193.55 6.4834e-07 
1193.56 6.47877e-07 
1193.57 6.47414e-07 
1193.58 6.46951e-07 
1193.59 6.46489e-07 
1193.6 6.46025e-07 
1193.61 6.4596e-07 
1193.62 6.45496e-07 
1193.62 6.45031e-07 
1193.63 6.44567e-07 
1193.64 6.44104e-07 
1193.65 6.43638e-07 
1193.66 6.43174e-07 
1193.67 6.42709e-07 
1193.68 6.42244e-07 
1193.69 6.41778e-07 
1193.7 6.41313e-07 
1193.71 6.40847e-07 
1193.72 6.40381e-07 
1193.73 6.39915e-07 
1193.74 6.39449e-07 
1193.75 6.38981e-07 
1193.76 6.38515e-07 
1193.77 6.38048e-07 
1193.78 6.3758e-07 
1193.79 6.37113e-07 
1193.8 6.36645e-07 
1193.81 6.36177e-07 
1193.82 6.35709e-07 
1193.83 6.3524e-07 
1193.84 6.34772e-07 
1193.85 6.34302e-07 
1193.86 6.33833e-07 
1193.87 6.33364e-07 
1193.88 6.32894e-07 
1193.89 6.32424e-07 
1193.9 6.31953e-07 
1193.91 6.31483e-07 
1193.92 6.31012e-07 
1193.93 6.30541e-07 
1193.94 6.30069e-07 
1193.95 6.29597e-07 
1193.96 6.29125e-07 
1193.97 6.28653e-07 
1193.98 6.2818e-07 
1193.99 6.27707e-07 
1194 6.27234e-07 
1194.01 6.2676e-07 
1194.02 6.26286e-07 
1194.03 6.25812e-07 
1194.04 6.25337e-07 
1194.05 6.24862e-07 
1194.05 6.24388e-07 
1194.06 6.23912e-07 
1194.07 6.23436e-07 
1194.08 6.2296e-07 
1194.09 6.22483e-07 
1194.1 6.22006e-07 
1194.11 6.21529e-07 
1194.12 6.21051e-07 
1194.13 6.20573e-07 
1194.14 6.20095e-07 
1194.15 6.19616e-07 
1194.16 6.19137e-07 
1194.17 6.18657e-07 
1194.18 6.18177e-07 
1194.19 6.17698e-07 
1194.2 6.17216e-07 
1194.21 6.16736e-07 
1194.22 6.16254e-07 
1194.23 6.15772e-07 
1194.24 6.1529e-07 
1194.25 6.14807e-07 
1194.26 6.14324e-07 
1194.27 6.13841e-07 
1194.28 6.13357e-07 
1194.29 6.12873e-07 
1194.3 6.12388e-07 
1194.31 6.11903e-07 
1194.32 6.11417e-07 
1194.33 6.10931e-07 
1194.34 6.10444e-07 
1194.35 6.09958e-07 
1194.36 6.09471e-07 
1194.37 6.08982e-07 
1194.38 6.08493e-07 
1194.39 6.08005e-07 
1194.4 6.07515e-07 
1194.41 6.07026e-07 
1194.42 6.06536e-07 
1194.43 6.06045e-07 
1194.44 6.05554e-07 
1194.45 6.05062e-07 
1194.46 6.0457e-07 
1194.47 6.04077e-07 
1194.47 6.03583e-07 
1194.48 6.0309e-07 
1194.49 6.02596e-07 
1194.5 6.02102e-07 
1194.51 6.01606e-07 
1194.52 6.0111e-07 
1194.53 6.00614e-07 
1194.54 6.00117e-07 
1194.55 5.99619e-07 
1194.56 5.99121e-07 
1194.57 5.98624e-07 
1194.58 5.98124e-07 
1194.59 5.97624e-07 
1194.6 5.97124e-07 
1194.61 5.96991e-07 
1194.62 5.96489e-07 
1194.63 5.95987e-07 
1194.64 5.95485e-07 
1194.65 5.94981e-07 
1194.66 5.94477e-07 
1194.67 5.93973e-07 
1194.68 5.93468e-07 
1194.69 5.92961e-07 
1194.7 5.92456e-07 
1194.71 5.91949e-07 
1194.72 5.91441e-07 
1194.73 5.90933e-07 
1194.74 5.90424e-07 
1194.75 5.89914e-07 
1194.76 5.89404e-07 
1194.77 5.88894e-07 
1194.78 5.88382e-07 
1194.79 5.8787e-07 
1194.8 5.87357e-07 
1194.81 5.86844e-07 
1194.82 5.8633e-07 
1194.83 5.85815e-07 
1194.84 5.853e-07 
1194.85 5.84784e-07 
1194.86 5.84268e-07 
1194.87 5.8375e-07 
1194.88 5.83232e-07 
1194.89 5.82713e-07 
1194.9 5.82194e-07 
1194.9 5.81674e-07 
1194.91 5.81152e-07 
1194.92 5.80631e-07 
1194.93 5.80108e-07 
1194.94 5.79585e-07 
1194.95 5.79062e-07 
1194.96 5.78537e-07 
1194.97 5.78012e-07 
1194.98 5.77486e-07 
1194.99 5.7696e-07 
1195 5.76431e-07 
1195.01 5.75903e-07 
1195.02 5.75374e-07 
1195.03 5.74844e-07 
1195.04 5.74314e-07 
1195.05 5.73783e-07 
1195.06 5.7325e-07 
1195.07 5.72718e-07 
1195.08 5.72184e-07 
1195.09 5.71649e-07 
1195.1 5.71114e-07 
1195.11 5.70578e-07 
1195.12 5.70041e-07 
1195.13 5.69503e-07 
1195.14 5.68964e-07 
1195.15 5.68425e-07 
1195.16 5.67884e-07 
1195.17 5.67343e-07 
1195.18 5.66801e-07 
1195.19 5.66259e-07 
1195.2 5.65715e-07 
1195.21 5.6517e-07 
1195.22 5.64625e-07 
1195.23 5.64079e-07 
1195.24 5.63531e-07 
1195.25 5.62984e-07 
1195.26 5.62435e-07 
1195.27 5.61885e-07 
1195.28 5.61335e-07 
1195.29 5.60783e-07 
1195.3 5.6023e-07 
1195.31 5.59677e-07 
1195.32 5.59123e-07 
1195.32 5.58567e-07 
1195.33 5.58012e-07 
1195.34 5.57454e-07 
1195.35 5.56896e-07 
1195.36 5.56337e-07 
1195.37 5.55777e-07 
1195.38 5.55216e-07 
1195.39 5.54655e-07 
1195.4 5.54092e-07 
1195.41 5.53528e-07 
1195.42 5.52963e-07 
1195.43 5.52398e-07 
1195.44 5.51831e-07 
1195.45 5.51264e-07 
1195.46 5.50695e-07 
1195.47 5.50125e-07 
1195.48 5.49554e-07 
1195.49 5.48983e-07 
1195.5 5.48411e-07 
1195.51 5.47837e-07 
1195.52 5.47262e-07 
1195.53 5.46686e-07 
1195.54 5.46109e-07 
1195.55 5.45531e-07 
1195.56 5.44953e-07 
1195.57 5.44373e-07 
1195.58 5.43792e-07 
1195.59 5.4321e-07 
1195.6 5.42627e-07 
1195.61 5.42377e-07 
1195.62 5.41791e-07 
1195.63 5.41205e-07 
1195.64 5.40617e-07 
1195.65 5.40028e-07 
1195.66 5.39438e-07 
1195.67 5.38848e-07 
1195.68 5.38256e-07 
1195.69 5.37663e-07 
1195.7 5.37068e-07 
1195.71 5.36473e-07 
1195.72 5.35877e-07 
1195.73 5.3528e-07 
1195.74 5.34681e-07 
1195.75 5.34081e-07 
1195.75 5.3348e-07 
1195.76 5.32879e-07 
1195.77 5.32275e-07 
1195.78 5.31672e-07 
1195.79 5.31067e-07 
1195.8 5.3046e-07 
1195.81 5.29853e-07 
1195.82 5.29244e-07 
1195.83 5.28635e-07 
1195.84 5.28024e-07 
1195.85 5.27412e-07 
1195.86 5.26799e-07 
1195.87 5.26185e-07 
1195.88 5.2557e-07 
1195.89 5.24954e-07 
1195.9 5.24336e-07 
1195.91 5.23718e-07 
1195.92 5.23099e-07 
1195.93 5.22479e-07 
1195.94 5.21857e-07 
1195.95 5.21235e-07 
1195.96 5.20611e-07 
1195.97 5.19987e-07 
1195.98 5.19362e-07 
1195.99 5.18735e-07 
1196 5.18108e-07 
1196.01 5.1748e-07 
1196.02 5.16851e-07 
1196.03 5.16221e-07 
1196.04 5.1559e-07 
1196.05 5.14959e-07 
1196.06 5.14327e-07 
1196.07 5.13694e-07 
1196.08 5.13061e-07 
1196.09 5.12426e-07 
1196.1 5.11792e-07 
1196.11 5.11157e-07 
1196.12 5.10522e-07 
1196.13 5.09885e-07 
1196.14 5.0925e-07 
1196.15 5.08613e-07 
1196.16 5.07977e-07 
1196.17 5.07341e-07 
1196.17 5.06704e-07 
1196.18 5.06068e-07 
1196.19 5.05432e-07 
1196.2 5.04797e-07 
1196.21 5.04162e-07 
1196.22 5.03528e-07 
1196.23 5.02895e-07 
1196.24 5.02263e-07 
1196.25 5.01631e-07 
1196.26 5.01002e-07 
1196.27 5.00373e-07 
1196.28 4.99747e-07 
1196.29 4.99123e-07 
1196.3 4.985e-07 
1196.31 4.97881e-07 
1196.32 4.97263e-07 
1196.33 4.96649e-07 
1196.34 4.96038e-07 
1196.35 4.95431e-07 
1196.36 4.94828e-07 
1196.37 4.94229e-07 
1196.38 4.93635e-07 
1196.39 4.93046e-07 
1196.4 4.92462e-07 
1196.41 4.91885e-07 
1196.42 4.91314e-07 
1196.43 4.90749e-07 
1196.44 4.90193e-07 
1196.45 4.89644e-07 
1196.46 4.89104e-07 
1196.47 4.88573e-07 
1196.48 4.88054e-07 
1196.49 4.87544e-07 
1196.5 4.87045e-07 
1196.51 4.86558e-07 
1196.52 4.86085e-07 
1196.53 4.85625e-07 
1196.54 4.85179e-07 
1196.55 4.84749e-07 
1196.56 4.84336e-07 
1196.57 4.83941e-07 
1196.58 4.83564e-07 
1196.59 4.83206e-07 
1196.6 4.8287e-07 
1196.6 4.82852e-07 
1196.61 4.82561e-07 
1196.62 4.82296e-07 
1196.63 4.82056e-07 
1196.64 4.81844e-07 
1196.65 4.81661e-07 
1196.66 4.81509e-07 
1196.67 4.81389e-07 
1196.68 4.81303e-07 
1196.69 4.81254e-07 
1196.7 4.81242e-07 
1196.71 4.8127e-07 
1196.72 4.8134e-07 
1196.73 4.81464e-07 
1196.74 4.81624e-07 
1196.75 4.81832e-07 
1196.76 4.82092e-07 
1196.77 4.82403e-07 
1196.78 4.8277e-07 
1196.79 4.83195e-07 
1196.8 4.8368e-07 
1196.81 4.84229e-07 
1196.82 4.84844e-07 
1196.83 4.85528e-07 
1196.84 4.86283e-07 
1196.85 4.87113e-07 
1196.86 4.88022e-07 
1196.87 4.89011e-07 
1196.88 4.90085e-07 
1196.89 4.91247e-07 
1196.9 4.925e-07 
1196.91 4.93847e-07 
1196.92 4.95294e-07 
1196.93 4.96842e-07 
1196.94 4.98496e-07 
1196.95 5.0026e-07 
1196.96 5.02137e-07 
1196.97 5.04131e-07 
1196.98 5.06284e-07 
1196.99 5.08528e-07 
1197 5.10901e-07 
1197.01 5.13408e-07 
1197.02 5.16052e-07 
1197.03 5.1884e-07 
1197.03 5.21774e-07 
1197.04 5.2486e-07 
1197.05 5.28101e-07 
1197.06 5.31501e-07 
1197.07 5.35067e-07 
1197.08 5.38801e-07 
1197.09 5.42708e-07 
1197.1 5.46793e-07 
1197.11 5.51061e-07 
1197.12 5.55514e-07 
1197.13 5.60159e-07 
1197.14 5.64999e-07 
1197.15 5.70039e-07 
1197.16 5.75282e-07 
1197.17 5.80734e-07 
1197.18 5.86398e-07 
1197.19 5.92279e-07 
1197.2 5.9838e-07 
1197.21 6.04705e-07 
1197.22 6.11258e-07 
1197.23 6.1814e-07 
1197.24 6.25163e-07 
1197.25 6.32425e-07 
1197.26 6.39928e-07 
1197.27 6.47677e-07 
1197.28 6.55674e-07 
1197.29 6.6392e-07 
1197.3 6.72421e-07 
1197.31 6.81176e-07 
1197.32 6.90189e-07 
1197.33 6.99461e-07 
1197.34 7.08994e-07 
1197.35 7.1879e-07 
1197.36 7.28848e-07 
1197.37 7.39171e-07 
1197.38 7.49758e-07 
1197.39 7.6061e-07 
1197.4 7.71727e-07 
1197.41 7.83108e-07 
1197.42 7.94753e-07 
1197.43 8.0666e-07 
1197.44 8.18828e-07 
1197.45 8.31254e-07 
1197.45 8.43939e-07 
1197.46 8.56877e-07 
1197.47 8.70067e-07 
1197.48 8.83684e-07 
1197.49 8.97369e-07 
1197.5 9.11294e-07 
1197.51 9.25455e-07 
1197.52 9.39845e-07 
1197.53 9.54462e-07 
1197.54 9.69296e-07 
1197.55 9.84345e-07 
1197.56 9.99599e-07 
1197.57 1.01505e-06 
1197.58 1.0307e-06 
1197.59 1.04653e-06 
1197.6 1.06253e-06 
1197.61 1.07936e-06 
1197.62 1.0957e-06 
1197.63 1.11219e-06 
1197.64 1.12881e-06 
1197.65 1.14556e-06 
1197.66 1.16243e-06 
1197.67 1.1794e-06 
1197.68 1.19646e-06 
1197.69 1.21361e-06 
1197.7 1.23082e-06 
1197.71 1.24809e-06 
1197.72 1.2654e-06 
1197.73 1.28298e-06 
1197.74 1.30034e-06 
1197.75 1.3177e-06 
1197.76 1.33505e-06 
1197.77 1.35237e-06 
1197.78 1.36966e-06 
1197.79 1.38688e-06 
1197.8 1.40404e-06 
1197.81 1.4211e-06 
1197.82 1.43807e-06 
1197.83 1.45492e-06 
1197.84 1.47164e-06 
1197.85 1.48821e-06 
1197.86 1.50461e-06 
1197.87 1.52084e-06 
1197.88 1.53687e-06 
1197.88 1.55269e-06 
1197.89 1.56828e-06 
1197.9 1.58362e-06 
1197.91 1.59871e-06 
1197.92 1.61353e-06 
1197.93 1.62806e-06 
1197.94 1.64228e-06 
1197.95 1.65619e-06 
1197.96 1.66977e-06 
1197.97 1.68299e-06 
1197.98 1.69603e-06 
1197.99 1.70851e-06 
1198 1.72061e-06 
1198.01 1.7323e-06 
1198.02 1.74359e-06 
1198.03 1.75444e-06 
1198.04 1.76486e-06 
1198.05 1.77483e-06 
1198.06 1.78434e-06 
1198.07 1.79339e-06 
1198.08 1.80195e-06 
1198.09 1.81002e-06 
1198.1 1.8176e-06 
1198.11 1.82467e-06 
1198.12 1.83123e-06 
1198.13 1.83727e-06 
1198.14 1.84279e-06 
1198.15 1.84777e-06 
1198.16 1.85222e-06 
1198.17 1.85613e-06 
1198.18 1.8595e-06 
1198.19 1.86232e-06 
1198.2 1.8646e-06 
1198.21 1.86632e-06 
1198.22 1.8675e-06 
1198.23 1.86813e-06 
1198.24 1.86821e-06 
1198.25 1.86773e-06 
1198.26 1.8667e-06 
1198.27 1.86513e-06 
1198.28 1.86302e-06 
1198.29 1.86038e-06 
1198.3 1.85721e-06 
1198.3 1.85351e-06 
1198.31 1.84929e-06 
1198.32 1.84457e-06 
1198.33 1.83933e-06 
1198.34 1.8336e-06 
1198.35 1.82739e-06 
1198.36 1.82069e-06 
1198.37 1.81353e-06 
1198.38 1.8059e-06 
1198.39 1.79783e-06 
1198.4 1.78932e-06 
1198.41 1.78039e-06 
1198.42 1.77105e-06 
1198.43 1.7613e-06 
1198.44 1.75117e-06 
1198.45 1.74067e-06 
1198.46 1.72981e-06 
1198.47 1.7186e-06 
1198.48 1.70693e-06 
1198.49 1.69507e-06 
1198.5 1.68292e-06 
1198.51 1.67048e-06 
1198.52 1.65776e-06 
1198.53 1.6448e-06 
1198.54 1.6316e-06 
1198.55 1.61817e-06 
1198.56 1.60454e-06 
1198.57 1.59072e-06 
1198.58 1.57673e-06 
1198.59 1.56257e-06 
1198.6 1.54828e-06 
1198.61 1.5348e-06 
1198.62 1.52026e-06 
1198.63 1.50563e-06 
1198.64 1.49091e-06 
1198.65 1.47614e-06 
1198.66 1.46131e-06 
1198.67 1.44645e-06 
1198.68 1.43158e-06 
1198.69 1.4167e-06 
1198.7 1.40184e-06 
1198.71 1.387e-06 
1198.72 1.3722e-06 
1198.73 1.35728e-06 
1198.73 1.3426e-06 
1198.74 1.32799e-06 
1198.75 1.31348e-06 
1198.76 1.29908e-06 
1198.77 1.28479e-06 
1198.78 1.27062e-06 
1198.79 1.2566e-06 
1198.8 1.24272e-06 
1198.81 1.229e-06 
1198.82 1.21545e-06 
1198.83 1.20207e-06 
1198.84 1.18889e-06 
1198.85 1.17589e-06 
1198.86 1.1631e-06 
1198.87 1.15052e-06 
1198.88 1.13815e-06 
1198.89 1.12601e-06 
1198.9 1.11409e-06 
1198.91 1.10241e-06 
1198.92 1.09097e-06 
1198.93 1.07978e-06 
1198.94 1.06883e-06 
1198.95 1.05814e-06 
1198.96 1.0477e-06 
1198.97 1.03752e-06 
1198.98 1.02749e-06 
1198.99 1.01785e-06 
1199 1.00846e-06 
1199.01 9.99351e-07 
1199.02 9.90507e-07 
1199.03 9.81932e-07 
1199.04 9.73629e-07 
1199.05 9.65596e-07 
1199.06 9.57834e-07 
1199.07 9.50344e-07 
1199.08 9.43123e-07 
1199.09 9.36171e-07 
1199.1 9.29488e-07 
1199.11 9.23071e-07 
1199.12 9.1692e-07 
1199.13 9.11032e-07 
1199.14 9.05407e-07 
1199.15 9.00041e-07 
1199.15 8.94933e-07 
1199.16 8.90079e-07 
1199.17 8.85481e-07 
1199.18 8.81131e-07 
1199.19 8.7703e-07 
1199.2 8.73175e-07 
1199.21 8.69562e-07 
1199.22 8.66162e-07 
1199.23 8.63028e-07 
1199.24 8.60131e-07 
1199.25 8.57466e-07 
1199.26 8.5503e-07 
1199.27 8.52821e-07 
1199.28 8.50836e-07 
1199.29 8.49073e-07 
1199.3 8.4753e-07 
1199.31 8.46203e-07 
1199.32 8.45092e-07 
1199.33 8.44193e-07 
1199.34 8.43506e-07 
1199.35 8.43028e-07 
1199.36 8.42756e-07 
1199.37 8.42691e-07 
1199.38 8.4283e-07 
1199.39 8.43172e-07 
1199.4 8.43716e-07 
1199.41 8.44463e-07 
1199.42 8.45409e-07 
1199.43 8.46555e-07 
1199.44 8.47902e-07 
1199.45 8.49449e-07 
1199.46 8.51194e-07 
1199.47 8.53141e-07 
1199.48 8.55327e-07 
1199.49 8.57677e-07 
1199.5 8.6023e-07 
1199.51 8.62985e-07 
1199.52 8.65946e-07 
1199.53 8.69112e-07 
1199.54 8.72485e-07 
1199.55 8.76069e-07 
1199.56 8.79863e-07 
1199.57 8.83872e-07 
1199.58 8.88096e-07 
1199.58 8.9254e-07 
1199.59 8.97204e-07 
1199.6 9.02092e-07 
1199.61 9.07764e-07 
1199.62 9.13113e-07 
1199.63 9.18696e-07 
1199.64 9.24517e-07 
1199.65 9.30577e-07 
1199.66 9.36882e-07 
1199.67 9.43436e-07 
1199.68 9.50241e-07 
1199.69 9.57302e-07 
1199.7 9.64623e-07 
1199.71 9.72208e-07 
1199.72 9.80059e-07 
1199.73 9.88298e-07 
1199.74 9.96701e-07 
1199.75 1.00538e-06 
1199.76 1.01435e-06 
1199.77 1.02361e-06 
1199.78 1.03315e-06 
1199.79 1.043e-06 
1199.8 1.05314e-06 
1199.81 1.06358e-06 
1199.82 1.07434e-06 
1199.83 1.0854e-06 
1199.84 1.09678e-06 
1199.85 1.10847e-06 
1199.86 1.12049e-06 
1199.87 1.13283e-06 
1199.88 1.1455e-06 
1199.89 1.15849e-06 
1199.9 1.17182e-06 
1199.91 1.18548e-06 
1199.92 1.19948e-06 
1199.93 1.21382e-06 
1199.94 1.22849e-06 
1199.95 1.24351e-06 
1199.96 1.25886e-06 
1199.97 1.27456e-06 
1199.98 1.29082e-06 
1199.99 1.3072e-06 
1200 1.32393e-06 
1200.01 1.341e-06 
1200.01 1.35841e-06 
1200.02 1.37616e-06 
1200.03 1.39424e-06 
1200.04 1.41267e-06 
1200.05 1.43142e-06 
1200.06 1.45051e-06 
1200.07 1.46992e-06 
1200.08 1.48966e-06 
1200.09 1.50971e-06 
1200.1 1.53008e-06 
1200.11 1.55076e-06 
1200.12 1.57175e-06 
1200.13 1.59303e-06 
1200.14 1.61461e-06 
1200.15 1.63648e-06 
1200.16 1.65863e-06 
1200.17 1.68105e-06 
1200.18 1.70373e-06 
1200.19 1.72667e-06 
1200.2 1.74986e-06 
1200.21 1.77329e-06 
1200.22 1.79695e-06 
1200.23 1.82114e-06 
1200.24 1.84523e-06 
1200.25 1.86952e-06 
1200.26 1.894e-06 
1200.27 1.91866e-06 
1200.28 1.94348e-06 
1200.29 1.96845e-06 
1200.3 1.99357e-06 
1200.31 2.01881e-06 
1200.32 2.04417e-06 
1200.33 2.06963e-06 
1200.34 2.09518e-06 
1200.35 2.1208e-06 
1200.36 2.14648e-06 
1200.37 2.1722e-06 
1200.38 2.19796e-06 
1200.39 2.22373e-06 
1200.4 2.2495e-06 
1200.41 2.27525e-06 
1200.42 2.30098e-06 
1200.43 2.32665e-06 
1200.43 2.35226e-06 
1200.44 2.37779e-06 
1200.45 2.40322e-06 
1200.46 2.42854e-06 
1200.47 2.45374e-06 
1200.48 2.47911e-06 
1200.49 2.50399e-06 
1200.5 2.5287e-06 
1200.51 2.5532e-06 
1200.52 2.5775e-06 
1200.53 2.60156e-06 
1200.54 2.62539e-06 
1200.55 2.64895e-06 
1200.56 2.67224e-06 
1200.57 2.69523e-06 
1200.58 2.71791e-06 
1200.59 2.74026e-06 
1200.6 2.76228e-06 
1200.61 2.78564e-06 
1200.62 2.80693e-06 
1200.63 2.82784e-06 
1200.64 2.84836e-06 
1200.65 2.86845e-06 
1200.66 2.88811e-06 
1200.67 2.90733e-06 
1200.68 2.92609e-06 
1200.69 2.94438e-06 
1200.7 2.96219e-06 
1200.71 2.9795e-06 
1200.72 2.99631e-06 
1200.73 3.01281e-06 
1200.74 3.02856e-06 
1200.75 3.04378e-06 
1200.76 3.05844e-06 
1200.77 3.07255e-06 
1200.78 3.08608e-06 
1200.79 3.09905e-06 
1200.8 3.11143e-06 
1200.81 3.12322e-06 
1200.82 3.13441e-06 
1200.83 3.14499e-06 
1200.84 3.15497e-06 
1200.85 3.16433e-06 
1200.85 3.17308e-06 
1200.86 3.1812e-06 
1200.87 3.1887e-06 
1200.88 3.19557e-06 
1200.89 3.20181e-06 
1200.9 3.20742e-06 
1200.91 3.2124e-06 
1200.92 3.21675e-06 
1200.93 3.22046e-06 
1200.94 3.22355e-06 
1200.95 3.22601e-06 
1200.96 3.22785e-06 
1200.97 3.22906e-06 
1200.98 3.22967e-06 
1200.99 3.22965e-06 
1201 3.229e-06 
1201.01 3.22777e-06 
1201.02 3.22593e-06 
1201.03 3.22351e-06 
1201.04 3.2205e-06 
1201.05 3.21691e-06 
1201.06 3.21277e-06 
1201.07 3.20806e-06 
1201.08 3.2028e-06 
1201.09 3.19701e-06 
1201.1 3.19068e-06 
1201.11 3.18384e-06 
1201.12 3.17649e-06 
1201.13 3.16865e-06 
1201.14 3.16033e-06 
1201.15 3.15154e-06 
1201.16 3.14229e-06 
1201.17 3.1326e-06 
1201.18 3.12248e-06 
1201.19 3.11195e-06 
1201.2 3.10101e-06 
1201.21 3.08969e-06 
1201.22 3.07799e-06 
1201.23 3.0658e-06 
1201.24 3.05341e-06 
1201.25 3.04069e-06 
1201.26 3.02766e-06 
1201.27 3.01434e-06 
1201.28 3.00074e-06 
1201.28 2.98688e-06 
1201.29 2.97278e-06 
1201.3 2.95844e-06 
1201.31 2.9439e-06 
1201.32 2.92916e-06 
1201.33 2.91424e-06 
1201.34 2.89916e-06 
1201.35 2.88393e-06 
1201.36 2.86857e-06 
1201.37 2.85309e-06 
1201.38 2.83752e-06 
1201.39 2.82186e-06 
1201.4 2.80614e-06 
1201.41 2.79037e-06 
1201.42 2.77456e-06 
1201.43 2.75873e-06 
1201.44 2.7429e-06 
1201.45 2.72707e-06 
1201.46 2.71127e-06 
1201.47 2.69551e-06 
1201.48 2.6796e-06 
1201.49 2.66396e-06 
1201.5 2.64839e-06 
1201.51 2.63291e-06 
1201.52 2.61753e-06 
1201.53 2.60228e-06 
1201.54 2.58715e-06 
1201.55 2.57215e-06 
1201.56 2.55731e-06 
1201.57 2.54263e-06 
1201.58 2.52812e-06 
1201.59 2.51378e-06 
1201.6 2.49964e-06 
1201.61 2.48721e-06 
1201.62 2.47346e-06 
1201.63 2.45993e-06 
1201.64 2.44661e-06 
1201.65 2.43352e-06 
1201.66 2.42067e-06 
1201.67 2.40805e-06 
1201.68 2.39568e-06 
1201.69 2.38356e-06 
1201.7 2.37169e-06 
1201.7 2.36008e-06 
1201.71 2.34873e-06 
1201.72 2.33752e-06 
1201.73 2.3267e-06 
1201.74 2.31615e-06 
1201.75 2.30587e-06 
1201.76 2.29586e-06 
1201.77 2.28612e-06 
1201.78 2.27665e-06 
1201.79 2.26746e-06 
1201.8 2.25853e-06 
1201.81 2.24986e-06 
1201.82 2.24146e-06 
1201.83 2.23333e-06 
1201.84 2.22545e-06 
1201.85 2.21784e-06 
1201.86 2.21047e-06 
1201.87 2.20336e-06 
1201.88 2.19649e-06 
1201.89 2.18986e-06 
1201.9 2.18346e-06 
1201.91 2.1773e-06 
1201.92 2.17136e-06 
1201.93 2.16563e-06 
1201.94 2.16012e-06 
1201.95 2.15481e-06 
1201.96 2.1497e-06 
1201.97 2.14479e-06 
1201.98 2.14e-06 
1201.99 2.13544e-06 
1202 2.13105e-06 
1202.01 2.12682e-06 
1202.02 2.12273e-06 
1202.03 2.11879e-06 
1202.04 2.11499e-06 
1202.05 2.1113e-06 
1202.06 2.10774e-06 
1202.07 2.10428e-06 
1202.08 2.10092e-06 
1202.09 2.09764e-06 
1202.1 2.09444e-06 
1202.11 2.09132e-06 
1202.12 2.08825e-06 
1202.13 2.08523e-06 
1202.13 2.08225e-06 
1202.14 2.0793e-06 
1202.15 2.07638e-06 
1202.16 2.07346e-06 
1202.17 2.07056e-06 
1202.18 2.06764e-06 
1202.19 2.0647e-06 
1202.2 2.06174e-06 
1202.21 2.05875e-06 
1202.22 2.05568e-06 
1202.23 2.05259e-06 
1202.24 2.04943e-06 
1202.25 2.04621e-06 
1202.26 2.04291e-06 
1202.27 2.03952e-06 
1202.28 2.03604e-06 
1202.29 2.03245e-06 
1202.3 2.02875e-06 
1202.31 2.02493e-06 
1202.32 2.02099e-06 
1202.33 2.01692e-06 
1202.34 2.0127e-06 
1202.35 2.00834e-06 
1202.36 2.00382e-06 
1202.37 1.99915e-06 
1202.38 1.9943e-06 
1202.39 1.98929e-06 
1202.4 1.9841e-06 
1202.41 1.97873e-06 
1202.42 1.97317e-06 
1202.43 1.96742e-06 
1202.44 1.96147e-06 
1202.45 1.95532e-06 
1202.46 1.94897e-06 
1202.47 1.94241e-06 
1202.48 1.93555e-06 
1202.49 1.92857e-06 
1202.5 1.92136e-06 
1202.51 1.91394e-06 
1202.52 1.90629e-06 
1202.53 1.89842e-06 
1202.54 1.89033e-06 
1202.55 1.882e-06 
1202.56 1.87346e-06 
1202.56 1.86468e-06 
1202.57 1.85568e-06 
1202.58 1.84645e-06 
1202.59 1.83699e-06 
1202.6 1.8273e-06 
1202.61 1.81849e-06 
1202.62 1.80834e-06 
1202.63 1.79797e-06 
1202.64 1.78737e-06 
1202.65 1.77655e-06 
1202.66 1.76551e-06 
1202.67 1.75425e-06 
1202.68 1.74278e-06 
1202.69 1.73109e-06 
1202.7 1.71919e-06 
1202.71 1.70708e-06 
1202.72 1.69478e-06 
1202.73 1.68211e-06 
1202.74 1.6694e-06 
1202.75 1.6565e-06 
1202.76 1.64341e-06 
1202.77 1.63013e-06 
1202.78 1.61667e-06 
1202.79 1.60304e-06 
1202.8 1.58924e-06 
1202.81 1.57527e-06 
1202.82 1.56114e-06 
1202.83 1.54685e-06 
1202.84 1.53242e-06 
1202.85 1.51783e-06 
1202.86 1.50311e-06 
1202.87 1.48826e-06 
1202.88 1.47327e-06 
1202.89 1.45817e-06 
1202.9 1.44294e-06 
1202.91 1.42761e-06 
1202.92 1.41217e-06 
1202.93 1.39663e-06 
1202.94 1.381e-06 
1202.95 1.36528e-06 
1202.96 1.34949e-06 
1202.97 1.33362e-06 
1202.98 1.31768e-06 
1202.98 1.30148e-06 
1202.99 1.28542e-06 
1203 1.26932e-06 
1203.01 1.25317e-06 
1203.02 1.23699e-06 
1203.03 1.22078e-06 
1203.04 1.20454e-06 
1203.05 1.18829e-06 
1203.06 1.17202e-06 
1203.07 1.15575e-06 
1203.08 1.13948e-06 
1203.09 1.12321e-06 
1203.1 1.10696e-06 
1203.11 1.09073e-06 
1203.12 1.07452e-06 
1203.13 1.05834e-06 
1203.14 1.0422e-06 
1203.15 1.0261e-06 
1203.16 1.01005e-06 
1203.17 9.94045e-07 
1203.18 9.78101e-07 
1203.19 9.62219e-07 
1203.2 9.46405e-07 
1203.21 9.30664e-07 
1203.22 9.15001e-07 
1203.23 8.99227e-07 
1203.24 8.83734e-07 
1203.25 8.68333e-07 
1203.26 8.53029e-07 
1203.27 8.37824e-07 
1203.28 8.22725e-07 
1203.29 8.07734e-07 
1203.3 7.92855e-07 
1203.31 7.78094e-07 
1203.32 7.63451e-07 
1203.33 7.48933e-07 
1203.34 7.34542e-07 
1203.35 7.20281e-07 
1203.36 7.06153e-07 
1203.37 6.92161e-07 
1203.38 6.78308e-07 
1203.39 6.64599e-07 
1203.4 6.51033e-07 
1203.41 6.37615e-07 
1203.41 6.24345e-07 
1203.42 6.11228e-07 
1203.43 5.98262e-07 
1203.44 5.85454e-07 
1203.45 5.72803e-07 
1203.46 5.6031e-07 
1203.47 5.47978e-07 
1203.48 5.35657e-07 
1203.49 5.23652e-07 
1203.5 5.11813e-07 
1203.51 5.00137e-07 
1203.52 4.88629e-07 
1203.53 4.77287e-07 
1203.54 4.66114e-07 
1203.55 4.55109e-07 
1203.56 4.44272e-07 
1203.57 4.33605e-07 
1203.58 4.23108e-07 
1203.59 4.12779e-07 
1203.6 4.02621e-07 
1203.61 3.92872e-07 
1203.62 3.83047e-07 
1203.63 3.7339e-07 
1203.64 3.63903e-07 
1203.65 3.54583e-07 
1203.66 3.45432e-07 
1203.67 3.36448e-07 
1203.68 3.2763e-07 
1203.69 3.18978e-07 
1203.7 3.1049e-07 
1203.71 3.02167e-07 
1203.72 2.94006e-07 
1203.73 2.85908e-07 
1203.74 2.78071e-07 
1203.75 2.70394e-07 
1203.76 2.62875e-07 
1203.77 2.55512e-07 
1203.78 2.48304e-07 
1203.79 2.4125e-07 
1203.8 2.34349e-07 
1203.81 2.27598e-07 
1203.82 2.20996e-07 
1203.83 2.14542e-07 
1203.83 2.08233e-07 
1203.84 2.02068e-07 
1203.85 1.96046e-07 
1203.86 1.90164e-07 
1203.87 1.8442e-07 
1203.88 1.78813e-07 
1203.89 1.73341e-07 
1203.9 1.68002e-07 
1203.91 1.62794e-07 
1203.92 1.57715e-07 
1203.93 1.52763e-07 
1203.94 1.47936e-07 
1203.95 1.43232e-07 
1203.96 1.38649e-07 
1203.97 1.34186e-07 
1203.98 1.29785e-07 
1203.99 1.25555e-07 
1204 1.21438e-07 
1204.01 1.17431e-07 
1204.02 1.13533e-07 
1204.03 1.09742e-07 
1204.04 1.06056e-07 
1204.05 1.02473e-07 
1204.06 9.89899e-08 
1204.07 9.56058e-08 
1204.08 9.23185e-08 
1204.09 8.91259e-08 
1204.1 8.60259e-08 
1204.11 8.30168e-08 
1204.12 8.00962e-08 
1204.13 7.72628e-08 
1204.14 7.45141e-08 
1204.15 7.18484e-08 
1204.16 6.92638e-08 
1204.17 6.67586e-08 
1204.18 6.43306e-08 
1204.19 6.19782e-08 
1204.2 5.96996e-08 
1204.21 5.74929e-08 
1204.22 5.53564e-08 
1204.23 5.32629e-08 
1204.24 5.12623e-08 
1204.25 4.93267e-08 
1204.26 4.74545e-08 
1204.26 4.56439e-08 
1204.27 4.38933e-08 
1204.28 4.22013e-08 
1204.29 4.05661e-08 
1204.3 3.89862e-08 
1204.31 3.74602e-08 
1204.32 3.59864e-08 
1204.33 3.45636e-08 
1204.34 3.31901e-08 
1204.35 3.18647e-08 
1204.36 3.0586e-08 
1204.37 2.93525e-08 
1204.38 2.81629e-08 
1204.39 2.7016e-08 
1204.4 2.59105e-08 
1204.41 2.48451e-08 
1204.42 2.38186e-08 
1204.43 2.28298e-08 
1204.44 2.18776e-08 
1204.45 2.09607e-08 
1204.46 2.00782e-08 
1204.47 1.92288e-08 
1204.48 1.84016e-08 
1204.49 1.76159e-08 
1204.5 1.68602e-08 
1204.51 1.61337e-08 
1204.52 1.54353e-08 
1204.53 1.47641e-08 
1204.54 1.41191e-08 
1204.55 1.34996e-08 
1204.56 1.29045e-08 
1204.57 1.23332e-08 
1204.58 1.17848e-08 
1204.59 1.12584e-08 
1204.6 1.07533e-08 
1204.61 1.02687e-08 
1204.62 9.81e-09 
1204.63 9.36411e-09 
1204.64 8.93665e-09 
1204.65 8.52693e-09 
1204.66 8.13433e-09 
1204.67 7.75822e-09 
1204.68 7.39797e-09 
1204.68 7.05299e-09 
1204.69 6.72272e-09 
1204.7 6.4066e-09 
1204.71 6.10408e-09 
1204.72 5.81112e-09 
1204.73 5.53442e-09 
1204.74 5.26982e-09 
1204.75 5.01683e-09 
1204.76 4.77501e-09 
1204.77 4.54391e-09 
1204.78 4.32311e-09 
1204.79 4.11218e-09 
1204.8 3.91075e-09 
1204.81 3.71841e-09 
1204.82 3.53481e-09 
1204.83 3.35958e-09 
1204.84 3.19238e-09 
1204.85 3.03288e-09 
1204.86 2.88075e-09 
1204.87 2.73569e-09 
1204.88 2.5974e-09 
1204.89 2.46559e-09 
1204.9 2.33999e-09 
1204.91 2.22033e-09 
1204.92 2.10636e-09 
1204.93 1.99783e-09 
1204.94 1.8945e-09 
1204.95 1.79614e-09 
1204.96 1.70254e-09 
1204.97 1.61348e-09 
1204.98 1.52774e-09 
1204.99 1.44723e-09 
1205 1.37067e-09 
1205.01 1.29791e-09 
1205.02 1.22875e-09 
1205.03 1.16303e-09 
1205.04 1.10061e-09 
1205.05 1.04132e-09 
1205.06 9.85022e-10 
1205.07 9.31576e-10 
1205.08 8.80849e-10 
1205.09 8.32712e-10 
1205.1 7.87044e-10 
1205.11 7.43728e-10 
1205.11 7.0265e-10 
1205.12 6.63705e-10 
1205.13 6.2679e-10 
1205.14 5.91805e-10 
1205.15 5.58659e-10 
1205.16 5.2726e-10 
1205.17 4.97524e-10 
1205.18 4.69368e-10 
1205.19 4.42715e-10 
1205.2 4.17488e-10 
1205.21 3.93619e-10 
1205.22 3.70771e-10 
1205.23 3.4942e-10 
1205.24 3.29238e-10 
1205.25 3.10158e-10 
1205.26 2.92123e-10 
1205.27 2.75081e-10 
1205.28 2.58979e-10 
1205.29 2.4377e-10 
1205.3 2.29406e-10 
1205.31 2.15845e-10 
1205.32 2.03043e-10 
1205.33 1.90961e-10 
1205.34 1.79562e-10 
1205.35 1.68808e-10 
1205.36 1.58665e-10 
1205.37 1.49101e-10 
1205.38 1.40085e-10 
1205.39 1.31587e-10 
1205.4 1.23579e-10 
1205.41 1.16034e-10 
1205.42 1.08928e-10 
1205.43 1.02236e-10 
1205.44 9.5935e-11 
1205.45 9.0004e-11 
1205.46 8.44223e-11 
1205.47 7.91703e-11 
1205.48 7.41719e-11 
1205.49 6.95272e-11 
1205.5 6.51615e-11 
1205.51 6.10574e-11 
1205.52 5.72e-11 
1205.53 5.35753e-11 
1205.54 5.01699e-11 
1205.54 4.69713e-11 
1205.55 4.39676e-11 
1205.56 4.11475e-11 
1205.57 3.85003e-11 
1205.58 3.60161e-11 
1205.59 3.36852e-11 
1205.6 3.14987e-11 
1205.61 2.9466e-11 
1205.62 2.7542e-11 
1205.63 2.57383e-11 
1205.64 2.40478e-11 
1205.65 2.24637e-11 
1205.66 2.09796e-11 
1205.67 1.95896e-11 
1205.68 1.82879e-11 
1205.69 1.70691e-11 
1205.7 1.59283e-11 
1205.71 1.48607e-11 
1205.72 1.38618e-11 
1205.73 1.29161e-11 
1205.74 1.20429e-11 
1205.75 1.12265e-11 
1205.76 1.04632e-11 
1205.77 9.74981e-12 
1205.78 9.08321e-12 
1205.79 8.46043e-12 
1205.8 7.87873e-12 
1205.81 7.33552e-12 
1205.82 6.82835e-12 
1205.83 6.35494e-12 
1205.84 5.91313e-12 
1205.85 5.50091e-12 
1205.86 5.11636e-12 
1205.87 4.75772e-12 
1205.88 4.42332e-12 
1205.89 4.11156e-12 
1205.9 3.821e-12 
1205.91 3.55023e-12 
1205.92 3.29798e-12 
1205.93 3.06302e-12 
1205.94 2.84421e-12 
1205.95 2.64049e-12 
1205.96 2.45085e-12 
1205.96 2.27437e-12 
1205.97 2.11016e-12 
1205.98 1.95557e-12 
1205.99 1.81362e-12 
1206 1.68163e-12 
1206.01 1.55893e-12 
1206.02 1.44489e-12 
1206.03 1.33891e-12 
1206.04 1.24045e-12 
1206.05 1.14899e-12 
1206.06 1.06406e-12 
1206.07 9.85197e-13 
1206.08 9.11995e-13 
1206.09 8.44059e-13 
1206.1 7.81023e-13 
1206.11 7.22546e-13 
1206.12 6.68309e-13 
1206.13 6.18016e-13 
1206.14 5.7139e-13 
1206.15 5.28173e-13 
1206.16 4.88124e-13 
1206.17 4.51019e-13 
1206.18 4.16649e-13 
1206.19 3.84819e-13 
1206.2 3.55347e-13 
1206.21 3.28065e-13 
1206.22 3.02815e-13 
1206.23 2.7917e-13 
1206.24 2.57577e-13 
1206.25 2.37605e-13 
1206.26 2.19136e-13 
1206.27 2.02061e-13 
1206.28 1.86278e-13 
1206.29 1.71693e-13 
1206.3 1.58217e-13 
1206.31 1.45768e-13 
1206.32 1.34272e-13 
1206.33 1.23657e-13 
1206.34 1.13857e-13 
1206.35 1.04813e-13 
1206.36 9.64667e-14 
1206.37 8.87671e-14 
1206.38 8.16651e-14 
1206.39 7.51159e-14 
1206.39 6.90777e-14 
1206.4 6.35118e-14 
1206.41 5.83823e-14 
1206.42 5.3656e-14 
1206.43 4.93022e-14 
1206.44 4.52924e-14 
1206.45 4.16001e-14 
1206.46 3.82009e-14 
1206.47 3.50723e-14 
1206.48 3.21587e-14 
1206.49 2.95127e-14 
1206.5 2.70788e-14 
1206.51 2.48406e-14 
1206.52 2.27826e-14 
1206.53 2.08909e-14 
1206.54 1.91523e-14 
1206.55 1.75548e-14 
1206.56 1.60872e-14 
1206.57 1.47393e-14 
1206.58 1.35016e-14 
1206.59 1.23652e-14 
1206.6 0 
