#energy geo_1 
1186.6 0 
1186.61 0 
1186.62 0 
1186.63 0 
1186.64 0 
1186.65 0 
1186.66 0 
1186.67 0 
1186.68 0 
1186.69 0 
1186.7 0 
1186.71 0 
1186.72 0 
1186.73 0 
1186.74 0 
1186.75 0 
1186.76 0 
1186.77 0 
1186.78 0 
1186.79 0 
1186.8 0 
1186.81 0 
1186.81 0 
1186.82 0 
1186.83 0 
1186.84 0 
1186.85 0 
1186.86 0 
1186.87 0 
1186.88 0 
1186.89 0 
1186.9 0 
1186.91 0 
1186.92 0 
1186.93 0 
1186.94 0 
1186.95 0 
1186.96 0 
1186.97 0 
1186.98 0 
1186.99 0 
1187 0 
1187.01 0 
1187.02 0 
1187.03 0 
1187.04 0 
1187.05 0 
1187.06 0 
1187.07 0 
1187.08 0 
1187.09 0 
1187.1 0 
1187.11 0 
1187.12 0 
1187.13 0 
1187.14 0 
1187.15 0 
1187.16 0 
1187.17 0 
1187.18 0 
1187.19 0 
1187.2 0 
1187.21 0 
1187.22 0 
1187.23 0 
1187.24 0 
1187.24 0 
1187.25 0 
1187.26 0 
1187.27 0 
1187.28 0 
1187.29 0 
1187.3 0 
1187.31 0 
1187.32 0 
1187.33 0 
1187.34 0 
1187.35 0 
1187.36 0 
1187.37 0 
1187.38 0 
1187.39 0 
1187.4 0 
1187.41 0 
1187.42 0 
1187.43 0 
1187.44 0 
1187.45 0 
1187.46 0 
1187.47 0 
1187.48 0 
1187.49 0 
1187.5 0 
1187.51 0 
1187.52 0 
1187.53 0 
1187.54 0 
1187.55 0 
1187.56 0 
1187.57 0 
1187.58 0 
1187.59 0 
1187.6 0 
1187.61 0 
1187.62 0 
1187.63 0 
1187.64 0 
1187.65 0 
1187.66 0 
1187.66 0 
1187.67 0 
1187.68 0 
1187.69 0 
1187.7 0 
1187.71 0 
1187.72 0 
1187.73 0 
1187.74 0 
1187.75 0 
1187.76 0 
1187.77 0 
1187.78 0 
1187.79 0 
1187.8 0 
1187.81 0 
1187.82 0 
1187.83 0 
1187.84 0 
1187.85 0 
1187.86 0 
1187.87 0 
1187.88 0 
1187.89 1.4013e-45 
1187.9 1.4013e-45 
1187.91 1.4013e-45 
1187.92 1.4013e-45 
1187.93 2.8026e-45 
1187.94 2.8026e-45 
1187.95 2.8026e-45 
1187.96 2.8026e-45 
1187.97 4.2039e-45 
1187.98 5.60519e-45 
1187.99 7.00649e-45 
1188 8.40779e-45 
1188.01 1.12104e-44 
1188.02 1.4013e-44 
1188.03 1.82169e-44 
1188.04 2.24208e-44 
1188.05 2.94273e-44 
1188.06 3.64338e-44 
1188.07 4.48416e-44 
1188.08 5.74532e-44 
1188.09 7.28675e-44 
1188.09 9.24857e-44 
1188.1 1.16308e-43 
1188.11 1.44334e-43 
1188.12 1.82169e-43 
1188.13 2.29813e-43 
1188.14 2.9147e-43 
1188.15 3.6714e-43 
1188.16 4.61027e-43 
1188.17 5.80138e-43 
1188.18 7.30076e-43 
1188.19 9.1785e-43 
1188.2 1.15467e-42 
1188.21 1.45175e-42 
1188.22 1.82449e-42 
1188.23 2.29673e-42 
1188.24 2.88387e-42 
1188.25 3.62096e-42 
1188.26 4.54301e-42 
1188.27 5.69768e-42 
1188.28 7.14522e-42 
1188.29 8.9571e-42 
1188.3 1.12244e-41 
1188.31 1.40634e-41 
1188.32 1.76129e-41 
1188.33 2.20508e-41 
1188.34 2.75986e-41 
1188.35 3.45294e-41 
1188.36 4.31894e-41 
1188.37 5.40018e-41 
1188.38 6.75005e-41 
1188.39 8.4347e-41 
1188.4 1.05359e-40 
1188.41 1.31568e-40 
1188.42 1.64242e-40 
1188.43 2.04964e-40 
1188.44 2.55699e-40 
1188.45 3.18889e-40 
1188.46 3.97567e-40 
1188.47 4.95496e-40 
1188.48 6.19045e-40 
1188.49 7.71024e-40 
1188.5 9.60004e-40 
1188.51 1.19492e-39 
1188.52 1.48684e-39 
1188.52 1.84947e-39 
1188.53 2.2998e-39 
1188.54 2.85886e-39 
1188.55 3.55267e-39 
1188.56 4.41342e-39 
1188.57 5.48095e-39 
1188.58 6.80449e-39 
1188.59 8.4449e-39 
1188.6 1.04839e-38 
1188.61 1.30029e-38 
1188.62 1.61219e-38 
1188.63 1.99826e-38 
1188.64 2.47599e-38 
1188.65 3.06692e-38 
1188.66 3.79767e-38 
1188.67 4.70101e-38 
1188.68 5.81733e-38 
1188.69 7.19641e-38 
1188.7 8.89954e-38 
1188.71 1.10022e-37 
1188.72 1.35972e-37 
1188.73 1.68432e-37 
1188.74 2.08023e-37 
1188.75 2.56837e-37 
1188.76 3.17003e-37 
1188.77 3.91137e-37 
1188.78 4.82451e-37 
1188.79 5.9489e-37 
1188.8 7.33296e-37 
1188.81 9.03611e-37 
1188.82 1.11312e-36 
1188.83 1.37077e-36 
1188.84 1.6875e-36 
1188.85 2.07675e-36 
1188.86 2.55495e-36 
1188.87 3.14225e-36 
1188.88 3.8633e-36 
1188.89 4.74827e-36 
1188.9 5.83406e-36 
1188.91 7.16583e-36 
1188.92 8.79876e-36 
1188.93 1.08003e-35 
1188.94 1.32528e-35 
1188.94 1.6257e-35 
1188.95 1.99358e-35 
1188.96 2.44391e-35 
1188.97 2.99499e-35 
1188.98 3.67847e-35 
1188.99 4.50499e-35 
1189 5.51545e-35 
1189.01 6.75037e-35 
1189.02 8.2591e-35 
1189.03 1.01018e-34 
1189.04 1.23516e-34 
1189.05 1.50975e-34 
1189.06 1.84479e-34 
1189.07 2.25346e-34 
1189.08 2.75177e-34 
1189.09 3.35917e-34 
1189.1 4.09932e-34 
1189.11 5.00094e-34 
1189.12 6.09888e-34 
1189.13 7.43547e-34 
1189.14 9.06203e-34 
1189.15 1.10408e-33 
1189.16 1.34474e-33 
1189.17 1.63732e-33 
1189.18 1.99291e-33 
1189.19 2.42495e-33 
1189.2 2.94968e-33 
1189.21 3.58681e-33 
1189.22 4.36013e-33 
1189.23 5.31139e-33 
1189.24 6.45234e-33 
1189.25 7.83583e-33 
1189.26 9.51289e-33 
1189.27 1.15451e-32 
1189.28 1.4007e-32 
1189.29 1.69883e-32 
1189.3 2.05975e-32 
1189.31 2.49654e-32 
1189.32 3.02498e-32 
1189.33 3.66408e-32 
1189.34 4.43677e-32 
1189.35 5.37067e-32 
1189.36 6.49904e-32 
1189.36 7.86192e-32 
1189.37 9.50754e-32 
1189.38 1.14939e-31 
1189.39 1.38907e-31 
1189.4 1.67819e-31 
1189.41 2.02683e-31 
1189.42 2.44711e-31 
1189.43 2.95358e-31 
1189.44 3.56372e-31 
1189.45 4.29851e-31 
1189.46 5.18311e-31 
1189.47 6.24774e-31 
1189.48 7.54616e-31 
1189.49 9.09024e-31 
1189.5 1.09467e-30 
1189.51 1.31781e-30 
1189.52 1.58591e-30 
1189.53 1.90795e-30 
1189.54 2.29463e-30 
1189.55 2.75878e-30 
1189.56 3.31575e-30 
1189.57 3.98387e-30 
1189.58 4.78507e-30 
1189.59 5.74554e-30 
1189.6 6.89657e-30 
1189.61 8.28063e-30 
1189.62 9.93307e-30 
1189.63 1.19114e-29 
1189.64 1.42792e-29 
1189.65 1.7112e-29 
1189.66 2.05002e-29 
1189.67 2.45514e-29 
1189.68 2.93935e-29 
1189.69 3.51793e-29 
1189.7 4.20904e-29 
1189.71 5.03428e-29 
1189.72 6.01937e-29 
1189.73 7.21093e-29 
1189.74 8.61632e-29 
1189.75 1.02923e-28 
1189.76 1.22902e-28 
1189.77 1.46713e-28 
1189.78 1.7508e-28 
1189.79 2.08864e-28 
1189.79 2.49087e-28 
1189.8 2.96959e-28 
1189.81 3.53917e-28 
1189.82 4.21663e-28 
1189.83 5.02215e-28 
1189.84 5.9796e-28 
1189.85 7.11729e-28 
1189.86 8.46869e-28 
1189.87 1.00734e-27 
1189.88 1.19784e-27 
1189.89 1.42389e-27 
1189.9 1.69206e-27 
1189.91 2.01009e-27 
1189.92 2.38711e-27 
1189.93 2.83393e-27 
1189.94 3.3633e-27 
1189.95 3.99026e-27 
1189.96 4.73255e-27 
1189.97 5.61112e-27 
1189.98 6.66477e-27 
1189.99 7.89689e-27 
1190 9.35377e-27 
1190.01 1.10758e-26 
1190.02 1.31107e-26 
1190.03 1.55144e-26 
1190.04 1.83528e-26 
1190.05 2.17034e-26 
1190.06 2.56575e-26 
1190.07 3.03222e-26 
1190.08 3.58233e-26 
1190.09 4.23087e-26 
1190.1 4.9952e-26 
1190.11 5.89571e-26 
1190.12 6.95629e-26 
1190.13 8.20502e-26 
1190.14 9.67476e-26 
1190.15 1.14041e-25 
1190.16 1.34382e-25 
1190.17 1.58299e-25 
1190.18 1.86413e-25 
1190.19 2.19449e-25 
1190.2 2.58256e-25 
1190.21 3.03828e-25 
1190.21 3.57324e-25 
1190.22 4.20954e-25 
1190.23 4.94752e-25 
1190.24 5.81298e-25 
1190.25 6.82763e-25 
1190.26 8.01678e-25 
1190.27 9.41e-25 
1190.28 1.10418e-24 
1190.29 1.29523e-24 
1190.3 1.51885e-24 
1190.31 1.7805e-24 
1190.32 2.08654e-24 
1190.33 2.4444e-24 
1190.34 2.86271e-24 
1190.35 3.35152e-24 
1190.36 3.92252e-24 
1190.37 4.58931e-24 
1190.38 5.36772e-24 
1190.39 6.27612e-24 
1190.4 7.33587e-24 
1190.41 8.5718e-24 
1190.42 1.00127e-23 
1190.43 1.1692e-23 
1190.44 1.36486e-23 
1190.45 1.59274e-23 
1190.46 1.85807e-23 
1190.47 2.16689e-23 
1190.48 2.53108e-23 
1190.49 2.94984e-23 
1190.5 3.43677e-23 
1190.51 4.00278e-23 
1190.52 4.6605e-23 
1190.53 5.42453e-23 
1190.54 6.31178e-23 
1190.55 7.34176e-23 
1190.56 8.53706e-23 
1190.57 9.92375e-23 
1190.58 1.15319e-22 
1190.59 1.33964e-22 
1190.6 1.55573e-22 
1190.61 1.80721e-22 
1190.62 2.09735e-22 
1190.63 2.43329e-22 
1190.64 2.82213e-22 
1190.64 3.27204e-22 
1190.65 3.79246e-22 
1190.66 4.39421e-22 
1190.67 5.0898e-22 
1190.68 5.89359e-22 
1190.69 6.82211e-22 
1190.7 7.89435e-22 
1190.71 9.13216e-22 
1190.72 1.05606e-21 
1190.73 1.22307e-21 
1190.74 1.41347e-21 
1190.75 1.63297e-21 
1190.76 1.88595e-21 
1190.77 2.17742e-21 
1190.78 2.51311e-21 
1190.79 2.89963e-21 
1190.8 3.3445e-21 
1190.81 3.85638e-21 
1190.82 4.44516e-21 
1190.83 5.12218e-21 
1190.84 5.9004e-21 
1190.85 6.79466e-21 
1190.86 7.82191e-21 
1190.87 9.00155e-21 
1190.88 1.03557e-20 
1190.89 1.19098e-20 
1190.9 1.36926e-20 
1190.91 1.57372e-20 
1190.92 1.80813e-20 
1190.93 2.07678e-20 
1190.94 2.38457e-20 
1190.95 2.73709e-20 
1190.96 3.1407e-20 
1190.97 3.60267e-20 
1190.98 4.13832e-20 
1190.99 4.74393e-20 
1191 5.43641e-20 
1191.01 6.22796e-20 
1191.02 7.13244e-20 
1191.03 8.16564e-20 
1191.04 9.34547e-20 
1191.05 1.06923e-19 
1191.06 1.22293e-19 
1191.07 1.39827e-19 
1191.07 1.59823e-19 
1191.08 1.82619e-19 
1191.09 2.086e-19 
1191.1 2.38199e-19 
1191.11 2.71911e-19 
1191.12 3.10292e-19 
1191.13 3.53977e-19 
1191.14 4.03682e-19 
1191.15 4.60217e-19 
1191.16 5.24499e-19 
1191.17 5.97566e-19 
1191.18 6.80593e-19 
1191.19 7.74903e-19 
1191.2 8.81997e-19 
1191.21 1.00357e-18 
1191.22 1.14152e-18 
1191.23 1.3001e-18 
1191.24 1.47786e-18 
1191.25 1.67938e-18 
1191.26 1.90775e-18 
1191.27 2.16648e-18 
1191.28 2.4595e-18 
1191.29 2.79125e-18 
1191.3 3.16672e-18 
1191.31 3.59154e-18 
1191.32 4.07202e-18 
1191.33 4.61529e-18 
1191.34 5.22934e-18 
1191.35 5.92318e-18 
1191.36 6.7069e-18 
1191.37 7.59186e-18 
1191.38 8.5908e-18 
1191.39 9.71803e-18 
1191.4 1.09896e-17 
1191.41 1.24236e-17 
1191.42 1.40401e-17 
1191.43 1.58618e-17 
1191.44 1.7914e-17 
1191.45 2.02252e-17 
1191.46 2.28273e-17 
1191.47 2.57557e-17 
1191.48 2.90967e-17 
1191.49 3.28051e-17 
1191.49 3.69774e-17 
1191.5 4.16669e-17 
1191.51 4.6936e-17 
1191.52 5.28542e-17 
1191.53 5.94994e-17 
1191.54 6.69583e-17 
1191.55 7.53279e-17 
1191.56 8.47163e-17 
1191.57 9.52439e-17 
1191.58 1.07045e-16 
1191.59 1.2027e-16 
1191.6 1.35168e-16 
1191.61 1.51768e-16 
1191.62 1.70352e-16 
1191.63 1.91149e-16 
1191.64 2.14417e-16 
1191.65 2.40438e-16 
1191.66 2.6953e-16 
1191.67 3.02044e-16 
1191.68 3.38371e-16 
1191.69 3.78944e-16 
1191.7 4.24245e-16 
1191.71 4.74807e-16 
1191.72 5.31224e-16 
1191.73 5.94982e-16 
1191.74 6.65243e-16 
1191.75 7.43561e-16 
1191.76 8.3083e-16 
1191.77 9.2804e-16 
1191.78 1.03629e-15 
1191.79 1.15679e-15 
1191.8 1.29088e-15 
1191.81 1.44006e-15 
1191.82 1.60595e-15 
1191.83 1.79037e-15 
1191.84 1.99532e-15 
1191.85 2.22301e-15 
1191.86 2.47588e-15 
1191.87 2.75663e-15 
1191.88 3.06821e-15 
1191.89 3.41391e-15 
1191.9 3.79732e-15 
1191.91 4.22244e-15 
1191.92 4.69362e-15 
1191.92 5.21569e-15 
1191.93 5.79395e-15 
1191.94 6.43424e-15 
1191.95 7.14298e-15 
1191.96 7.92721e-15 
1191.97 8.7947e-15 
1191.98 9.76657e-15 
1191.99 1.08283e-14 
1192 1.20015e-14 
1192.01 1.32976e-14 
1192.02 1.47288e-14 
1192.03 1.63088e-14 
1192.04 1.80525e-14 
1192.05 1.9976e-14 
1192.06 2.20975e-14 
1192.07 2.44362e-14 
1192.08 2.70138e-14 
1192.09 2.98536e-14 
1192.1 3.29812e-14 
1192.11 3.64246e-14 
1192.12 4.02146e-14 
1192.13 4.43845e-14 
1192.14 4.8971e-14 
1192.15 5.40139e-14 
1192.16 5.95568e-14 
1192.17 6.56472e-14 
1192.18 7.23371e-14 
1192.19 7.96828e-14 
1192.2 8.77461e-14 
1192.21 9.6594e-14 
1192.22 1.063e-13 
1192.23 1.17082e-13 
1192.24 1.28762e-13 
1192.25 1.41562e-13 
1192.26 1.55584e-13 
1192.27 1.70939e-13 
1192.28 1.87748e-13 
1192.29 2.06144e-13 
1192.3 2.2627e-13 
1192.31 2.48279e-13 
1192.32 2.72341e-13 
1192.33 2.98638e-13 
1192.34 3.27369e-13 
1192.34 3.58747e-13 
1192.35 3.93006e-13 
1192.36 4.30397e-13 
1192.37 4.71192e-13 
1192.38 5.15687e-13 
1192.39 5.64202e-13 
1192.4 6.1708e-13 
1192.41 6.74695e-13 
1192.42 7.37451e-13 
1192.43 8.05783e-13 
1192.44 8.80162e-13 
1192.45 9.61095e-13 
1192.46 1.04913e-12 
1192.47 1.14486e-12 
1192.48 1.25027e-12 
1192.49 1.36346e-12 
1192.5 1.48642e-12 
1192.51 1.61994e-12 
1192.52 1.76489e-12 
1192.53 1.92218e-12 
1192.54 2.09281e-12 
1192.55 2.27785e-12 
1192.56 2.47844e-12 
1192.57 2.69583e-12 
1192.58 2.93134e-12 
1192.59 3.18638e-12 
1192.6 3.4625e-12 
1192.61 3.76365e-12 
1192.62 4.08714e-12 
1192.63 4.437e-12 
1192.64 4.81524e-12 
1192.65 5.22404e-12 
1192.66 5.6657e-12 
1192.67 6.14272e-12 
1192.68 6.65774e-12 
1192.69 7.21361e-12 
1192.7 7.81335e-12 
1192.71 8.46022e-12 
1192.72 9.15767e-12 
1192.73 9.91917e-12 
1192.74 1.07299e-11 
1192.75 1.16031e-11 
1192.76 1.25434e-11 
1192.77 1.35554e-11 
1192.77 1.46444e-11 
1192.78 1.58157e-11 
1192.79 1.70751e-11 
1192.8 1.84289e-11 
1192.81 1.98836e-11 
1192.82 2.14461e-11 
1192.83 2.3124e-11 
1192.84 2.4925e-11 
1192.85 2.68576e-11 
1192.86 2.89307e-11 
1192.87 3.11537e-11 
1192.88 3.35367e-11 
1192.89 3.60902e-11 
1192.9 3.88256e-11 
1192.91 4.17548e-11 
1192.92 4.48904e-11 
1192.93 4.82459e-11 
1192.94 5.18354e-11 
1192.95 5.56739e-11 
1192.96 5.97774e-11 
1192.97 6.41624e-11 
1192.98 6.89074e-11 
1192.99 7.3914e-11 
1193 7.92587e-11 
1193.01 8.49623e-11 
1193.02 9.10469e-11 
1193.03 9.75357e-11 
1193.04 1.04453e-10 
1193.05 1.11825e-10 
1193.06 1.19678e-10 
1193.07 1.28041e-10 
1193.08 1.36944e-10 
1193.09 1.46419e-10 
1193.1 1.56499e-10 
1193.11 1.67219e-10 
1193.12 1.78615e-10 
1193.13 1.90725e-10 
1193.14 2.03591e-10 
1193.15 2.17255e-10 
1193.16 2.3176e-10 
1193.17 2.47154e-10 
1193.18 2.63484e-10 
1193.19 2.80803e-10 
1193.19 2.99164e-10 
1193.2 3.18621e-10 
1193.21 3.39235e-10 
1193.22 3.61353e-10 
1193.23 3.84472e-10 
1193.24 4.08946e-10 
1193.25 4.34837e-10 
1193.26 4.62218e-10 
1193.27 4.91164e-10 
1193.28 5.21753e-10 
1193.29 5.54068e-10 
1193.3 5.88194e-10 
1193.31 6.24219e-10 
1193.32 6.62237e-10 
1193.33 7.02342e-10 
1193.34 7.44635e-10 
1193.35 7.89218e-10 
1193.36 8.36201e-10 
1193.37 8.85693e-10 
1193.38 9.37811e-10 
1193.39 9.92674e-10 
1193.4 1.05041e-09 
1193.41 1.11114e-09 
1193.42 1.175e-09 
1193.43 1.24212e-09 
1193.44 1.31266e-09 
1193.45 1.38676e-09 
1193.46 1.46456e-09 
1193.47 1.54622e-09 
1193.48 1.63301e-09 
1193.49 1.72295e-09 
1193.5 1.81725e-09 
1193.51 1.91609e-09 
1193.52 2.01965e-09 
1193.53 2.12812e-09 
1193.54 2.24169e-09 
1193.55 2.36055e-09 
1193.56 2.48492e-09 
1193.57 2.61499e-09 
1193.58 2.75097e-09 
1193.59 2.89309e-09 
1193.6 3.04157e-09 
1193.61 3.1986e-09 
1193.62 3.36058e-09 
1193.62 3.52961e-09 
1193.63 3.70595e-09 
1193.64 3.88984e-09 
1193.65 4.08153e-09 
1193.66 4.28128e-09 
1193.67 4.48935e-09 
1193.68 4.70601e-09 
1193.69 4.93152e-09 
1193.7 5.16617e-09 
1193.71 5.41023e-09 
1193.72 5.66399e-09 
1193.73 5.93109e-09 
1193.74 6.20523e-09 
1193.75 6.48994e-09 
1193.76 6.78552e-09 
1193.77 7.09226e-09 
1193.78 7.41046e-09 
1193.79 7.74044e-09 
1193.8 8.08248e-09 
1193.81 8.43692e-09 
1193.82 8.80404e-09 
1193.83 9.18416e-09 
1193.84 9.57759e-09 
1193.85 9.98465e-09 
1193.86 1.04056e-08 
1193.87 1.08408e-08 
1193.88 1.12906e-08 
1193.89 1.17552e-08 
1193.9 1.2235e-08 
1193.91 1.27302e-08 
1193.92 1.32412e-08 
1193.93 1.37683e-08 
1193.94 1.43117e-08 
1193.95 1.48717e-08 
1193.96 1.54486e-08 
1193.97 1.60427e-08 
1193.98 1.66621e-08 
1193.99 1.72916e-08 
1194 1.79391e-08 
1194.01 1.86048e-08 
1194.02 1.92889e-08 
1194.03 1.99918e-08 
1194.04 2.07136e-08 
1194.05 2.14545e-08 
1194.05 2.22147e-08 
1194.06 2.29943e-08 
1194.07 2.37937e-08 
1194.08 2.46129e-08 
1194.09 2.5452e-08 
1194.1 2.63113e-08 
1194.11 2.71907e-08 
1194.12 2.80905e-08 
1194.13 2.90107e-08 
1194.14 2.99513e-08 
1194.15 3.09124e-08 
1194.16 3.18941e-08 
1194.17 3.28963e-08 
1194.18 3.3919e-08 
1194.19 3.49623e-08 
1194.2 3.6026e-08 
1194.21 3.71101e-08 
1194.22 3.82144e-08 
1194.23 3.93531e-08 
1194.24 4.04979e-08 
1194.25 4.16626e-08 
1194.26 4.2847e-08 
1194.27 4.40508e-08 
1194.28 4.52738e-08 
1194.29 4.65159e-08 
1194.3 4.77766e-08 
1194.31 4.90557e-08 
1194.32 5.03528e-08 
1194.33 5.16676e-08 
1194.34 5.29998e-08 
1194.35 5.43488e-08 
1194.36 5.57143e-08 
1194.37 5.70957e-08 
1194.38 5.84927e-08 
1194.39 5.99047e-08 
1194.4 6.13311e-08 
1194.41 6.27714e-08 
1194.42 6.4225e-08 
1194.43 6.56913e-08 
1194.44 6.71696e-08 
1194.45 6.86594e-08 
1194.46 7.01598e-08 
1194.47 7.16703e-08 
1194.47 7.32092e-08 
1194.48 7.47376e-08 
1194.49 7.62738e-08 
1194.5 7.7817e-08 
1194.51 7.93664e-08 
1194.52 8.09211e-08 
1194.53 8.24804e-08 
1194.54 8.40434e-08 
1194.55 8.56092e-08 
1194.56 8.71771e-08 
1194.57 8.87459e-08 
1194.58 9.0315e-08 
1194.59 9.18834e-08 
1194.6 9.34502e-08 
1194.61 9.50732e-08 
1194.62 9.6635e-08 
1194.63 9.81925e-08 
1194.64 9.97448e-08 
1194.65 1.01291e-07 
1194.66 1.0283e-07 
1194.67 1.04361e-07 
1194.68 1.05884e-07 
1194.69 1.07397e-07 
1194.7 1.08899e-07 
1194.71 1.1039e-07 
1194.72 1.11869e-07 
1194.73 1.13353e-07 
1194.74 1.14805e-07 
1194.75 1.16242e-07 
1194.76 1.17664e-07 
1194.77 1.19071e-07 
1194.78 1.20461e-07 
1194.79 1.21834e-07 
1194.8 1.2319e-07 
1194.81 1.24527e-07 
1194.82 1.25846e-07 
1194.83 1.27146e-07 
1194.84 1.28426e-07 
1194.85 1.29687e-07 
1194.86 1.30928e-07 
1194.87 1.32149e-07 
1194.88 1.33349e-07 
1194.89 1.3453e-07 
1194.9 1.3569e-07 
1194.9 1.36831e-07 
1194.91 1.37951e-07 
1194.92 1.39052e-07 
1194.93 1.40134e-07 
1194.94 1.41197e-07 
1194.95 1.42241e-07 
1194.96 1.43268e-07 
1194.97 1.44278e-07 
1194.98 1.45285e-07 
1194.99 1.46264e-07 
1195 1.47228e-07 
1195.01 1.4818e-07 
1195.02 1.49121e-07 
1195.03 1.50051e-07 
1195.04 1.50972e-07 
1195.05 1.51886e-07 
1195.06 1.52795e-07 
1195.07 1.537e-07 
1195.08 1.54604e-07 
1195.09 1.55508e-07 
1195.1 1.56416e-07 
1195.11 1.57328e-07 
1195.12 1.58249e-07 
1195.13 1.5918e-07 
1195.14 1.60124e-07 
1195.15 1.61084e-07 
1195.16 1.62064e-07 
1195.17 1.63066e-07 
1195.18 1.64094e-07 
1195.19 1.65152e-07 
1195.2 1.66243e-07 
1195.21 1.6737e-07 
1195.22 1.68538e-07 
1195.23 1.69767e-07 
1195.24 1.7103e-07 
1195.25 1.72347e-07 
1195.26 1.73721e-07 
1195.27 1.75158e-07 
1195.28 1.76663e-07 
1195.29 1.7824e-07 
1195.3 1.79894e-07 
1195.31 1.81631e-07 
1195.32 1.83455e-07 
1195.32 1.85373e-07 
1195.33 1.8739e-07 
1195.34 1.89511e-07 
1195.35 1.91742e-07 
1195.36 1.94088e-07 
1195.37 1.96557e-07 
1195.38 1.99154e-07 
1195.39 2.01885e-07 
1195.4 2.04755e-07 
1195.41 2.07773e-07 
1195.42 2.10943e-07 
1195.43 2.14272e-07 
1195.44 2.17766e-07 
1195.45 2.21433e-07 
1195.46 2.25278e-07 
1195.47 2.29308e-07 
1195.48 2.33584e-07 
1195.49 2.38005e-07 
1195.5 2.42632e-07 
1195.51 2.47469e-07 
1195.52 2.52524e-07 
1195.53 2.57802e-07 
1195.54 2.63311e-07 
1195.55 2.69055e-07 
1195.56 2.75042e-07 
1195.57 2.81278e-07 
1195.58 2.87768e-07 
1195.59 2.94518e-07 
1195.6 3.01534e-07 
1195.61 3.09012e-07 
1195.62 3.16581e-07 
1195.63 3.24431e-07 
1195.64 3.32569e-07 
1195.65 3.40998e-07 
1195.66 3.49723e-07 
1195.67 3.58748e-07 
1195.68 3.68078e-07 
1195.69 3.77715e-07 
1195.7 3.87664e-07 
1195.71 3.97927e-07 
1195.72 4.08508e-07 
1195.73 4.19546e-07 
1195.74 4.30771e-07 
1195.75 4.4232e-07 
1195.75 4.54192e-07 
1195.76 4.66391e-07 
1195.77 4.78915e-07 
1195.78 4.91765e-07 
1195.79 5.0494e-07 
1195.8 5.18439e-07 
1195.81 5.32262e-07 
1195.82 5.46406e-07 
1195.83 5.60869e-07 
1195.84 5.75648e-07 
1195.85 5.90739e-07 
1195.86 6.0614e-07 
1195.87 6.21844e-07 
1195.88 6.37849e-07 
1195.89 6.54147e-07 
1195.9 6.70733e-07 
1195.91 6.87601e-07 
1195.92 7.04742e-07 
1195.93 7.22151e-07 
1195.94 7.39817e-07 
1195.95 7.57733e-07 
1195.96 7.75889e-07 
1195.97 7.94274e-07 
1195.98 8.13114e-07 
1195.99 8.3193e-07 
1196 8.50943e-07 
1196.01 8.70141e-07 
1196.02 8.89511e-07 
1196.03 9.09039e-07 
1196.04 9.28712e-07 
1196.05 9.48516e-07 
1196.06 9.68436e-07 
1196.07 9.88457e-07 
1196.08 1.00856e-06 
1196.09 1.02874e-06 
1196.1 1.04897e-06 
1196.11 1.06923e-06 
1196.12 1.08952e-06 
1196.13 1.1098e-06 
1196.14 1.13007e-06 
1196.15 1.1503e-06 
1196.16 1.17048e-06 
1196.17 1.19059e-06 
1196.17 1.2106e-06 
1196.18 1.23051e-06 
1196.19 1.25028e-06 
1196.2 1.26991e-06 
1196.21 1.28936e-06 
1196.22 1.30887e-06 
1196.23 1.32793e-06 
1196.24 1.34676e-06 
1196.25 1.36534e-06 
1196.26 1.38366e-06 
1196.27 1.40169e-06 
1196.28 1.41941e-06 
1196.29 1.43681e-06 
1196.3 1.45386e-06 
1196.31 1.47055e-06 
1196.32 1.48686e-06 
1196.33 1.50277e-06 
1196.34 1.51826e-06 
1196.35 1.53332e-06 
1196.36 1.54792e-06 
1196.37 1.56206e-06 
1196.38 1.57572e-06 
1196.39 1.58887e-06 
1196.4 1.60151e-06 
1196.41 1.61362e-06 
1196.42 1.62519e-06 
1196.43 1.63621e-06 
1196.44 1.64665e-06 
1196.45 1.65652e-06 
1196.46 1.6658e-06 
1196.47 1.67447e-06 
1196.48 1.68264e-06 
1196.49 1.69008e-06 
1196.5 1.69689e-06 
1196.51 1.70308e-06 
1196.52 1.70862e-06 
1196.53 1.71352e-06 
1196.54 1.71777e-06 
1196.55 1.72137e-06 
1196.56 1.72432e-06 
1196.57 1.72661e-06 
1196.58 1.72825e-06 
1196.59 1.72923e-06 
1196.6 1.72956e-06 
1196.6 1.73031e-06 
1196.61 1.72934e-06 
1196.62 1.72773e-06 
1196.63 1.72549e-06 
1196.64 1.72261e-06 
1196.65 1.71911e-06 
1196.66 1.71499e-06 
1196.67 1.71027e-06 
1196.68 1.70495e-06 
1196.69 1.69904e-06 
1196.7 1.69257e-06 
1196.71 1.68553e-06 
1196.72 1.67795e-06 
1196.73 1.66973e-06 
1196.74 1.6611e-06 
1196.75 1.65196e-06 
1196.76 1.64234e-06 
1196.77 1.63226e-06 
1196.78 1.62173e-06 
1196.79 1.61078e-06 
1196.8 1.59942e-06 
1196.81 1.58767e-06 
1196.82 1.57555e-06 
1196.83 1.5631e-06 
1196.84 1.55032e-06 
1196.85 1.53724e-06 
1196.86 1.52388e-06 
1196.87 1.51028e-06 
1196.88 1.49644e-06 
1196.89 1.48241e-06 
1196.9 1.46819e-06 
1196.91 1.45382e-06 
1196.92 1.43932e-06 
1196.93 1.42472e-06 
1196.94 1.41004e-06 
1196.95 1.3953e-06 
1196.96 1.38054e-06 
1196.97 1.36578e-06 
1196.98 1.35087e-06 
1196.99 1.33618e-06 
1197 1.32158e-06 
1197.01 1.30707e-06 
1197.02 1.2927e-06 
1197.03 1.27847e-06 
1197.03 1.26443e-06 
1197.04 1.25059e-06 
1197.05 1.23697e-06 
1197.06 1.22361e-06 
1197.07 1.21052e-06 
1197.08 1.19773e-06 
1197.09 1.18526e-06 
1197.1 1.17314e-06 
1197.11 1.16138e-06 
1197.12 1.15e-06 
1197.13 1.13904e-06 
1197.14 1.1285e-06 
1197.15 1.1184e-06 
1197.16 1.10877e-06 
1197.17 1.09963e-06 
1197.18 1.09099e-06 
1197.19 1.08286e-06 
1197.2 1.07527e-06 
1197.21 1.06822e-06 
1197.22 1.06174e-06 
1197.23 1.05577e-06 
1197.24 1.05046e-06 
1197.25 1.04575e-06 
1197.26 1.04165e-06 
1197.27 1.03818e-06 
1197.28 1.03533e-06 
1197.29 1.03312e-06 
1197.3 1.03156e-06 
1197.31 1.03065e-06 
1197.32 1.0304e-06 
1197.33 1.0308e-06 
1197.34 1.03187e-06 
1197.35 1.03361e-06 
1197.36 1.03601e-06 
1197.37 1.03909e-06 
1197.38 1.04283e-06 
1197.39 1.04723e-06 
1197.4 1.0523e-06 
1197.41 1.05803e-06 
1197.42 1.06441e-06 
1197.43 1.07144e-06 
1197.44 1.07911e-06 
1197.45 1.08741e-06 
1197.45 1.09634e-06 
1197.46 1.10589e-06 
1197.47 1.11604e-06 
1197.48 1.12692e-06 
1197.49 1.13826e-06 
1197.5 1.15016e-06 
1197.51 1.16261e-06 
1197.52 1.17561e-06 
1197.53 1.18912e-06 
1197.54 1.20315e-06 
1197.55 1.21766e-06 
1197.56 1.23264e-06 
1197.57 1.24807e-06 
1197.58 1.26394e-06 
1197.59 1.28021e-06 
1197.6 1.29688e-06 
1197.61 1.31472e-06 
1197.62 1.33211e-06 
1197.63 1.34982e-06 
1197.64 1.36783e-06 
1197.65 1.38611e-06 
1197.66 1.40464e-06 
1197.67 1.4234e-06 
1197.68 1.44236e-06 
1197.69 1.46149e-06 
1197.7 1.48077e-06 
1197.71 1.50016e-06 
1197.72 1.51965e-06 
1197.73 1.53946e-06 
1197.74 1.55905e-06 
1197.75 1.57866e-06 
1197.76 1.59826e-06 
1197.77 1.61781e-06 
1197.78 1.63728e-06 
1197.79 1.65666e-06 
1197.8 1.67592e-06 
1197.81 1.69502e-06 
1197.82 1.71394e-06 
1197.83 1.73266e-06 
1197.84 1.75113e-06 
1197.85 1.76935e-06 
1197.86 1.78729e-06 
1197.87 1.80491e-06 
1197.88 1.82219e-06 
1197.88 1.83912e-06 
1197.89 1.85565e-06 
1197.9 1.87178e-06 
1197.91 1.88747e-06 
1197.92 1.90271e-06 
1197.93 1.91747e-06 
1197.94 1.93173e-06 
1197.95 1.94548e-06 
1197.96 1.95868e-06 
1197.97 1.97133e-06 
1197.98 1.98355e-06 
1197.99 1.99502e-06 
1198 2.00589e-06 
1198.01 2.01613e-06 
1198.02 2.02573e-06 
1198.03 2.03468e-06 
1198.04 2.04297e-06 
1198.05 2.05058e-06 
1198.06 2.05751e-06 
1198.07 2.06374e-06 
1198.08 2.06927e-06 
1198.09 2.0741e-06 
1198.1 2.0782e-06 
1198.11 2.08159e-06 
1198.12 2.08425e-06 
1198.13 2.08619e-06 
1198.14 2.0874e-06 
1198.15 2.08788e-06 
1198.16 2.08764e-06 
1198.17 2.08666e-06 
1198.18 2.08497e-06 
1198.19 2.08256e-06 
1198.2 2.07943e-06 
1198.21 2.0756e-06 
1198.22 2.07107e-06 
1198.23 2.06578e-06 
1198.24 2.05987e-06 
1198.25 2.05329e-06 
1198.26 2.04604e-06 
1198.27 2.03815e-06 
1198.28 2.02963e-06 
1198.29 2.02049e-06 
1198.3 2.01074e-06 
1198.3 2.0004e-06 
1198.31 1.98949e-06 
1198.32 1.97803e-06 
1198.33 1.96603e-06 
1198.34 1.95351e-06 
1198.35 1.94049e-06 
1198.36 1.92699e-06 
1198.37 1.91304e-06 
1198.38 1.89865e-06 
1198.39 1.88384e-06 
1198.4 1.86864e-06 
1198.41 1.85308e-06 
1198.42 1.83716e-06 
1198.43 1.82092e-06 
1198.44 1.80438e-06 
1198.45 1.78757e-06 
1198.46 1.7705e-06 
1198.47 1.7532e-06 
1198.48 1.73547e-06 
1198.49 1.71779e-06 
1198.5 1.69994e-06 
1198.51 1.68197e-06 
1198.52 1.66388e-06 
1198.53 1.64571e-06 
1198.54 1.62748e-06 
1198.55 1.60921e-06 
1198.56 1.59092e-06 
1198.57 1.57264e-06 
1198.58 1.55439e-06 
1198.59 1.53619e-06 
1198.6 1.51807e-06 
1198.61 1.50096e-06 
1198.62 1.48304e-06 
1198.63 1.46524e-06 
1198.64 1.4476e-06 
1198.65 1.43014e-06 
1198.66 1.41287e-06 
1198.67 1.3958e-06 
1198.68 1.37896e-06 
1198.69 1.36236e-06 
1198.7 1.34602e-06 
1198.71 1.32995e-06 
1198.72 1.31417e-06 
1198.73 1.29849e-06 
1198.73 1.28332e-06 
1198.74 1.26848e-06 
1198.75 1.25397e-06 
1198.76 1.2398e-06 
1198.77 1.22598e-06 
1198.78 1.21252e-06 
1198.79 1.19943e-06 
1198.8 1.18672e-06 
1198.81 1.17438e-06 
1198.82 1.16243e-06 
1198.83 1.15087e-06 
1198.84 1.13969e-06 
1198.85 1.12891e-06 
1198.86 1.11853e-06 
1198.87 1.10854e-06 
1198.88 1.09895e-06 
1198.89 1.08975e-06 
1198.9 1.08094e-06 
1198.91 1.07252e-06 
1198.92 1.06449e-06 
1198.93 1.05684e-06 
1198.94 1.04957e-06 
1198.95 1.04267e-06 
1198.96 1.03613e-06 
1198.97 1.02995e-06 
1198.98 1.02405e-06 
1198.99 1.01857e-06 
1199 1.01343e-06 
1199.01 1.00861e-06 
1199.02 1.0041e-06 
1199.03 9.999e-07 
1199.04 9.95994e-07 
1199.05 9.92372e-07 
1199.06 9.89021e-07 
1199.07 9.8593e-07 
1199.08 9.83087e-07 
1199.09 9.8048e-07 
1199.1 9.78096e-07 
1199.11 9.75921e-07 
1199.12 9.73943e-07 
1199.13 9.72147e-07 
1199.14 9.70522e-07 
1199.15 9.69052e-07 
1199.15 9.67725e-07 
1199.16 9.66526e-07 
1199.17 9.65442e-07 
1199.18 9.64459e-07 
1199.19 9.63563e-07 
1199.2 9.62741e-07 
1199.21 9.61979e-07 
1199.22 9.61255e-07 
1199.23 9.60574e-07 
1199.24 9.59912e-07 
1199.25 9.59258e-07 
1199.26 9.58598e-07 
1199.27 9.57921e-07 
1199.28 9.57214e-07 
1199.29 9.56465e-07 
1199.3 9.55664e-07 
1199.31 9.54798e-07 
1199.32 9.53858e-07 
1199.33 9.52834e-07 
1199.34 9.51714e-07 
1199.35 9.50491e-07 
1199.36 9.49155e-07 
1199.37 9.47697e-07 
1199.38 9.4611e-07 
1199.39 9.44387e-07 
1199.4 9.42519e-07 
1199.41 9.40501e-07 
1199.42 9.38328e-07 
1199.43 9.35993e-07 
1199.44 9.33493e-07 
1199.45 9.30822e-07 
1199.46 9.27978e-07 
1199.47 9.24957e-07 
1199.48 9.21715e-07 
1199.49 9.18332e-07 
1199.5 9.14767e-07 
1199.51 9.11019e-07 
1199.52 9.07089e-07 
1199.53 9.02977e-07 
1199.54 8.98684e-07 
1199.55 8.94212e-07 
1199.56 8.89564e-07 
1199.57 8.84743e-07 
1199.58 8.79752e-07 
1199.58 8.74596e-07 
1199.59 8.69279e-07 
1199.6 8.63807e-07 
1199.61 8.58713e-07 
1199.62 8.52946e-07 
1199.63 8.47042e-07 
1199.64 8.41011e-07 
1199.65 8.3486e-07 
1199.66 8.28598e-07 
1199.67 8.22234e-07 
1199.68 8.15779e-07 
1199.69 8.09241e-07 
1199.7 8.02632e-07 
1199.71 7.95963e-07 
1199.72 7.89246e-07 
1199.73 7.82408e-07 
1199.74 7.75631e-07 
1199.75 7.68843e-07 
1199.76 7.62058e-07 
1199.77 7.5529e-07 
1199.78 7.48551e-07 
1199.79 7.41858e-07 
1199.8 7.35224e-07 
1199.81 7.28665e-07 
1199.82 7.22196e-07 
1199.83 7.15833e-07 
1199.84 7.09591e-07 
1199.85 7.03487e-07 
1199.86 6.97536e-07 
1199.87 6.91756e-07 
1199.88 6.86163e-07 
1199.89 6.80774e-07 
1199.9 6.75606e-07 
1199.91 6.70676e-07 
1199.92 6.66001e-07 
1199.93 6.61599e-07 
1199.94 6.57486e-07 
1199.95 6.5368e-07 
1199.96 6.50199e-07 
1199.97 6.47059e-07 
1199.98 6.44247e-07 
1199.99 6.41845e-07 
1200 6.39838e-07 
1200.01 6.38241e-07 
1200.01 6.37071e-07 
1200.02 6.36345e-07 
1200.03 6.36078e-07 
1200.04 6.36288e-07 
1200.05 6.3699e-07 
1200.06 6.38199e-07 
1200.07 6.39931e-07 
1200.08 6.42201e-07 
1200.09 6.45023e-07 
1200.1 6.48412e-07 
1200.11 6.52381e-07 
1200.12 6.56943e-07 
1200.13 6.62112e-07 
1200.14 6.67899e-07 
1200.15 6.74316e-07 
1200.16 6.81375e-07 
1200.17 6.89086e-07 
1200.18 6.97458e-07 
1200.19 7.065e-07 
1200.2 7.16222e-07 
1200.21 7.26631e-07 
1200.22 7.37734e-07 
1200.23 7.49689e-07 
1200.24 7.62205e-07 
1200.25 7.75432e-07 
1200.26 7.89372e-07 
1200.27 8.04028e-07 
1200.28 8.19402e-07 
1200.29 8.35494e-07 
1200.3 8.52304e-07 
1200.31 8.69831e-07 
1200.32 8.88073e-07 
1200.33 9.07026e-07 
1200.34 9.26687e-07 
1200.35 9.47048e-07 
1200.36 9.68104e-07 
1200.37 9.89847e-07 
1200.38 1.01227e-06 
1200.39 1.03536e-06 
1200.4 1.0591e-06 
1200.41 1.08349e-06 
1200.42 1.10851e-06 
1200.43 1.13414e-06 
1200.43 1.16038e-06 
1200.44 1.18719e-06 
1200.45 1.21457e-06 
1200.46 1.2425e-06 
1200.47 1.27094e-06 
1200.48 1.30026e-06 
1200.49 1.32969e-06 
1200.5 1.35958e-06 
1200.51 1.38989e-06 
1200.52 1.4206e-06 
1200.53 1.45169e-06 
1200.54 1.48313e-06 
1200.55 1.51487e-06 
1200.56 1.54691e-06 
1200.57 1.57919e-06 
1200.58 1.6117e-06 
1200.59 1.64439e-06 
1200.6 1.67724e-06 
1200.61 1.71125e-06 
1200.62 1.74431e-06 
1200.63 1.77742e-06 
1200.64 1.81054e-06 
1200.65 1.84362e-06 
1200.66 1.87663e-06 
1200.67 1.90954e-06 
1200.68 1.9423e-06 
1200.69 1.97487e-06 
1200.7 2.00721e-06 
1200.71 2.03929e-06 
1200.72 2.07106e-06 
1200.73 2.10287e-06 
1200.74 2.1339e-06 
1200.75 2.1645e-06 
1200.76 2.19463e-06 
1200.77 2.22425e-06 
1200.78 2.25332e-06 
1200.79 2.2818e-06 
1200.8 2.30966e-06 
1200.81 2.33685e-06 
1200.82 2.36334e-06 
1200.83 2.38909e-06 
1200.84 2.41406e-06 
1200.85 2.43823e-06 
1200.85 2.46154e-06 
1200.86 2.48398e-06 
1200.87 2.5055e-06 
1200.88 2.52609e-06 
1200.89 2.5457e-06 
1200.9 2.5643e-06 
1200.91 2.58188e-06 
1200.92 2.5984e-06 
1200.93 2.61384e-06 
1200.94 2.62818e-06 
1200.95 2.64139e-06 
1200.96 2.65345e-06 
1200.97 2.66435e-06 
1200.98 2.67418e-06 
1200.99 2.68269e-06 
1201 2.68998e-06 
1201.01 2.69605e-06 
1201.02 2.70089e-06 
1201.03 2.70448e-06 
1201.04 2.70683e-06 
1201.05 2.70793e-06 
1201.06 2.70777e-06 
1201.07 2.70635e-06 
1201.08 2.70368e-06 
1201.09 2.69975e-06 
1201.1 2.69457e-06 
1201.11 2.68816e-06 
1201.12 2.68051e-06 
1201.13 2.67163e-06 
1201.14 2.66154e-06 
1201.15 2.65025e-06 
1201.16 2.63778e-06 
1201.17 2.62414e-06 
1201.18 2.60935e-06 
1201.19 2.59342e-06 
1201.2 2.57639e-06 
1201.21 2.55828e-06 
1201.22 2.5391e-06 
1201.23 2.51862e-06 
1201.24 2.49738e-06 
1201.25 2.47516e-06 
1201.26 2.45199e-06 
1201.27 2.4279e-06 
1201.28 2.40291e-06 
1201.28 2.37707e-06 
1201.29 2.3504e-06 
1201.3 2.32294e-06 
1201.31 2.29472e-06 
1201.32 2.26578e-06 
1201.33 2.23615e-06 
1201.34 2.20588e-06 
1201.35 2.17499e-06 
1201.36 2.14353e-06 
1201.37 2.11153e-06 
1201.38 2.07903e-06 
1201.39 2.04607e-06 
1201.4 2.01268e-06 
1201.41 1.97891e-06 
1201.42 1.94479e-06 
1201.43 1.91036e-06 
1201.44 1.87566e-06 
1201.45 1.84072e-06 
1201.46 1.80558e-06 
1201.47 1.77028e-06 
1201.48 1.73441e-06 
1201.49 1.6989e-06 
1201.5 1.66332e-06 
1201.51 1.62773e-06 
1201.52 1.59215e-06 
1201.53 1.55661e-06 
1201.54 1.52115e-06 
1201.55 1.4858e-06 
1201.56 1.45059e-06 
1201.57 1.41554e-06 
1201.58 1.3807e-06 
1201.59 1.34607e-06 
1201.6 1.3117e-06 
1201.61 1.27839e-06 
1201.62 1.24457e-06 
1201.63 1.21108e-06 
1201.64 1.17794e-06 
1201.65 1.14516e-06 
1201.66 1.11277e-06 
1201.67 1.08079e-06 
1201.68 1.04923e-06 
1201.69 1.01811e-06 
1201.7 9.87456e-07 
1201.7 9.57271e-07 
1201.71 9.27572e-07 
1201.72 8.9801e-07 
1201.73 8.69325e-07 
1201.74 8.41161e-07 
1201.75 8.13526e-07 
1201.76 7.86428e-07 
1201.77 7.59875e-07 
1201.78 7.33874e-07 
1201.79 7.08428e-07 
1201.8 6.83543e-07 
1201.81 6.59221e-07 
1201.82 6.35465e-07 
1201.83 6.12278e-07 
1201.84 5.89658e-07 
1201.85 5.67607e-07 
1201.86 5.46123e-07 
1201.87 5.25205e-07 
1201.88 5.04851e-07 
1201.89 4.85057e-07 
1201.9 4.65819e-07 
1201.91 4.47134e-07 
1201.92 4.28997e-07 
1201.93 4.11401e-07 
1201.94 3.94342e-07 
1201.95 3.77812e-07 
1201.96 3.61804e-07 
1201.97 3.46311e-07 
1201.98 3.31142e-07 
1201.99 3.16662e-07 
1202 3.02673e-07 
1202.01 2.89166e-07 
1202.02 2.76131e-07 
1202.03 2.6356e-07 
1202.04 2.51443e-07 
1202.05 2.39769e-07 
1202.06 2.28531e-07 
1202.07 2.17716e-07 
1202.08 2.07315e-07 
1202.09 1.97319e-07 
1202.1 1.87716e-07 
1202.11 1.78496e-07 
1202.12 1.69649e-07 
1202.13 1.61165e-07 
1202.13 1.53033e-07 
1202.14 1.45243e-07 
1202.15 1.37785e-07 
1202.16 1.30648e-07 
1202.17 1.23822e-07 
1202.18 1.17298e-07 
1202.19 1.11065e-07 
1202.2 1.05114e-07 
1202.21 9.94351e-08 
1202.22 9.3954e-08 
1202.23 8.87922e-08 
1202.24 8.3876e-08 
1202.25 7.91945e-08 
1202.26 7.47392e-08 
1202.27 7.05014e-08 
1202.28 6.64725e-08 
1202.29 6.26443e-08 
1202.3 5.90088e-08 
1202.31 5.55582e-08 
1202.32 5.22846e-08 
1202.33 4.91808e-08 
1202.34 4.62395e-08 
1202.35 4.34536e-08 
1202.36 4.08164e-08 
1202.37 3.83211e-08 
1202.38 3.59615e-08 
1202.39 3.37312e-08 
1202.4 3.16244e-08 
1202.41 2.96352e-08 
1202.42 2.77581e-08 
1202.43 2.59876e-08 
1202.44 2.43186e-08 
1202.45 2.27461e-08 
1202.46 2.12652e-08 
1202.47 1.98714e-08 
1202.48 1.85443e-08 
1202.49 1.73124e-08 
1202.5 1.61548e-08 
1202.51 1.50674e-08 
1202.52 1.40466e-08 
1202.53 1.30889e-08 
1202.54 1.21906e-08 
1202.55 1.13487e-08 
1202.56 1.056e-08 
1202.56 9.82139e-09 
1202.57 9.13019e-09 
1202.58 8.48363e-09 
1202.59 7.87915e-09 
1202.6 7.3143e-09 
1202.61 6.7909e-09 
1202.62 6.29813e-09 
1202.63 5.83837e-09 
1202.64 5.40962e-09 
1202.65 5.00999e-09 
1202.66 4.6377e-09 
1202.67 4.29106e-09 
1202.68 3.96846e-09 
1202.69 3.66838e-09 
1202.7 3.38939e-09 
1202.71 3.13015e-09 
1202.72 2.88938e-09 
1202.73 2.66318e-09 
1202.74 2.456e-09 
1202.75 2.26387e-09 
1202.76 2.08579e-09 
1202.77 1.92081e-09 
1202.78 1.76804e-09 
1202.79 1.62666e-09 
1202.8 1.49589e-09 
1202.81 1.37497e-09 
1202.82 1.26324e-09 
1202.83 1.16004e-09 
1202.84 1.06477e-09 
1202.85 9.76861e-10 
1202.86 8.9579e-10 
1202.87 8.21061e-10 
1202.88 7.52211e-10 
1202.89 6.8881e-10 
1202.9 6.30456e-10 
1202.91 5.76774e-10 
1202.92 5.27414e-10 
1202.93 4.82052e-10 
1202.94 4.40384e-10 
1202.95 4.02128e-10 
1202.96 3.67022e-10 
1202.97 3.34824e-10 
1202.98 3.05306e-10 
1202.98 2.77936e-10 
1202.99 2.53194e-10 
1203 2.30545e-10 
1203.01 2.09824e-10 
1203.02 1.90875e-10 
1203.03 1.73556e-10 
1203.04 1.57734e-10 
1203.05 1.43286e-10 
1203.06 1.30101e-10 
1203.07 1.18074e-10 
1203.08 1.07107e-10 
1203.09 9.71142e-11 
1203.1 8.80118e-11 
1203.11 7.9725e-11 
1203.12 7.21844e-11 
1203.13 6.53263e-11 
1203.14 5.90919e-11 
1203.15 5.34274e-11 
1203.16 4.82831e-11 
1203.17 4.36136e-11 
1203.18 3.93771e-11 
1203.19 3.55354e-11 
1203.2 3.20534e-11 
1203.21 2.8899e-11 
1203.22 2.60428e-11 
1203.23 2.34271e-11 
1203.24 2.10916e-11 
1203.25 1.89801e-11 
1203.26 1.70719e-11 
1203.27 1.53483e-11 
1203.28 1.37923e-11 
1203.29 1.23881e-11 
1203.3 1.11217e-11 
1203.31 9.98003e-12 
1203.32 8.95135e-12 
1203.33 8.02491e-12 
1203.34 7.19098e-12 
1203.35 6.44067e-12 
1203.36 5.76593e-12 
1203.37 5.15945e-12 
1203.38 4.61458e-12 
1203.39 4.12532e-12 
1203.4 3.68619e-12 
1203.41 3.29226e-12 
1203.41 2.93904e-12 
1203.42 2.62248e-12 
1203.43 2.33892e-12 
1203.44 2.08503e-12 
1203.45 1.85783e-12 
1203.46 1.65461e-12 
1203.47 1.47292e-12 
1203.48 1.30865e-12 
1203.49 1.16385e-12 
1203.5 1.03458e-12 
1203.51 9.19239e-13 
1203.52 8.16371e-13 
1203.53 7.24674e-13 
1203.54 6.42973e-13 
1203.55 5.70215e-13 
1203.56 5.05452e-13 
1203.57 4.47834e-13 
1203.58 3.96596e-13 
1203.59 3.51056e-13 
1203.6 3.10599e-13 
1203.61 2.74843e-13 
1203.62 2.4294e-13 
1203.63 2.14639e-13 
1203.64 1.89546e-13 
1203.65 1.67307e-13 
1203.66 1.47608e-13 
1203.67 1.30168e-13 
1203.68 1.14733e-13 
1203.69 1.01082e-13 
1203.7 8.90124e-14 
1203.71 7.83474e-14 
1203.72 6.89277e-14 
1203.73 6.05144e-14 
1203.74 5.31883e-14 
1203.75 4.67272e-14 
1203.76 4.10316e-14 
1203.77 3.60132e-14 
1203.78 3.15938e-14 
1203.79 2.77036e-14 
1203.8 2.4281e-14 
1203.81 2.12713e-14 
1203.82 1.86258e-14 
1203.83 1.63017e-14 
1203.83 1.42608e-14 
1203.84 1.24696e-14 
1203.85 1.08982e-14 
1203.86 9.5204e-15 
1203.87 8.31284e-15 
1203.88 7.25503e-15 
1203.89 6.32885e-15 
1203.9 5.51831e-15 
1203.91 4.80931e-15 
1203.92 4.18942e-15 
1203.93 3.64772e-15 
1203.94 3.17457e-15 
1203.95 2.76149e-15 
1203.96 2.40103e-15 
1203.97 2.08664e-15 
1203.98 1.80936e-15 
1203.99 1.57095e-15 
1204 1.36332e-15 
1204.01 1.18257e-15 
1204.02 1.0253e-15 
1204.03 8.88526e-16 
1204.04 7.69636e-16 
1204.05 6.6634e-16 
1204.06 5.76637e-16 
1204.07 4.98775e-16 
1204.08 4.31223e-16 
1204.09 3.72644e-16 
1204.1 3.21872e-16 
1204.11 2.77886e-16 
1204.12 2.39798e-16 
1204.13 2.06833e-16 
1204.14 1.78316e-16 
1204.15 1.53658e-16 
1204.16 1.32348e-16 
1204.17 1.1394e-16 
1204.18 9.80453e-17 
1204.19 8.43285e-17 
1204.2 7.24966e-17 
1204.21 6.22955e-17 
1204.22 5.35045e-17 
1204.23 4.58449e-17 
1204.24 3.93381e-17 
1204.25 3.37389e-17 
1204.26 2.89231e-17 
1204.26 2.4783e-17 
1204.27 2.12255e-17 
1204.28 1.81702e-17 
1204.29 1.55473e-17 
1204.3 1.32968e-17 
1204.31 1.13666e-17 
1204.32 9.71213e-18 
1204.33 8.29453e-18 
1204.34 7.08052e-18 
1204.35 6.04134e-18 
1204.36 5.15226e-18 
1204.37 4.39195e-18 
1204.38 3.74207e-18 
1204.39 3.18686e-18 
1204.4 2.71274e-18 
1204.41 2.30808e-18 
1204.42 1.96285e-18 
1204.43 1.66848e-18 
1204.44 1.41758e-18 
1204.45 1.20385e-18 
1204.46 1.02186e-18 
1204.47 8.66972e-19 
1204.48 7.337e-19 
1204.49 6.21901e-19 
1204.5 5.2689e-19 
1204.51 4.46184e-19 
1204.52 3.77662e-19 
1204.53 3.19513e-19 
1204.54 2.7019e-19 
1204.55 2.28373e-19 
1204.56 1.92937e-19 
1204.57 1.62923e-19 
1204.58 1.37513e-19 
1204.59 1.16012e-19 
1204.6 9.78264e-20 
1204.61 8.24527e-20 
1204.62 6.95049e-20 
1204.63 5.85269e-20 
1204.64 4.92596e-20 
1204.65 4.14402e-20 
1204.66 3.48456e-20 
1204.67 2.92866e-20 
1204.68 2.46029e-20 
1204.68 2.06585e-20 
1204.69 1.73384e-20 
1204.7 1.45449e-20 
1204.71 1.21958e-20 
1204.72 1.01987e-20 
1204.73 8.54345e-21 
1204.74 7.15347e-21 
1204.75 5.98681e-21 
1204.76 5.00806e-21 
1204.77 4.18735e-21 
1204.78 3.49949e-21 
1204.79 2.92324e-21 
1204.8 2.44074e-21 
1204.81 2.03691e-21 
1204.82 1.6991e-21 
1204.83 1.41665e-21 
1204.84 1.18059e-21 
1204.85 9.8341e-22 
1204.86 8.18773e-22 
1204.87 6.81378e-22 
1204.88 5.66772e-22 
1204.89 4.7122e-22 
1204.9 3.91593e-22 
1204.91 3.25268e-22 
1204.92 2.7005e-22 
1204.93 2.241e-22 
1204.94 1.85881e-22 
1204.95 1.54107e-22 
1204.96 1.27705e-22 
1204.97 1.05776e-22 
1204.98 8.73645e-23 
1204.99 7.22941e-23 
1205 5.97952e-23 
1205.01 4.9434e-23 
1205.02 4.08489e-23 
1205.03 3.37388e-23 
1205.04 2.78532e-23 
1205.05 2.29835e-23 
1205.06 1.89563e-23 
1205.07 1.56273e-23 
1205.08 1.28769e-23 
1205.09 1.06056e-23 
1205.1 8.73079e-24 
1205.11 7.18401e-24 
1205.11 5.90849e-24 
1205.12 4.85715e-24 
1205.13 3.991e-24 
1205.14 3.27776e-24 
1205.15 2.69072e-24 
1205.16 2.20778e-24 
1205.17 1.81067e-24 
1205.18 1.48428e-24 
1205.19 1.21616e-24 
1205.2 9.95998e-25 
1205.21 8.1531e-25 
1205.22 6.6557e-25 
1205.23 5.44183e-25 
1205.24 4.44829e-25 
1205.25 3.63443e-25 
1205.26 2.96808e-25 
1205.27 2.42276e-25 
1205.28 1.9767e-25 
1205.29 1.61201e-25 
1205.3 1.31398e-25 
1205.31 1.07054e-25 
1205.32 8.718e-26 
1205.33 7.09618e-26 
1205.34 5.77335e-26 
1205.35 4.6949e-26 
1205.36 3.81611e-26 
1205.37 3.10035e-26 
1205.38 2.51765e-26 
1205.39 2.04351e-26 
1205.4 1.65788e-26 
1205.41 1.34439e-26 
1205.42 1.08966e-26 
1205.43 8.82783e-27 
1205.44 7.14845e-27 
1205.45 5.78583e-27 
1205.46 4.68074e-27 
1205.47 3.78494e-27 
1205.48 3.0518e-27 
1205.49 2.46476e-27 
1205.5 1.99023e-27 
1205.51 1.60631e-27 
1205.52 1.29583e-27 
1205.53 1.04487e-27 
1205.54 8.42118e-28 
1205.54 6.78389e-28 
1205.55 5.46236e-28 
1205.56 4.3962e-28 
1205.57 3.53647e-28 
1205.58 2.84353e-28 
1205.59 2.28529e-28 
1205.6 1.83578e-28 
1205.61 1.47489e-28 
1205.62 1.18367e-28 
1205.63 9.49503e-29 
1205.64 7.61303e-29 
1205.65 6.10118e-29 
1205.66 4.88726e-29 
1205.67 3.91303e-29 
1205.68 3.13153e-29 
1205.69 2.50492e-29 
1205.7 2.00276e-29 
1205.71 1.60051e-29 
1205.72 1.27845e-29 
1205.73 1.01784e-29 
1205.74 8.12256e-30 
1205.75 6.4789e-30 
1205.76 5.16542e-30 
1205.77 4.11629e-30 
1205.78 3.27869e-30 
1205.79 2.61031e-30 
1205.8 2.0772e-30 
1205.81 1.65219e-30 
1205.82 1.31352e-30 
1205.83 1.04378e-30 
1205.84 8.29045e-31 
1205.85 6.58176e-31 
1205.86 5.22277e-31 
1205.87 4.14244e-31 
1205.88 3.28402e-31 
1205.89 2.60227e-31 
1205.9 2.06107e-31 
1205.91 1.63166e-31 
1205.92 1.29111e-31 
1205.93 1.02115e-31 
1205.94 8.07259e-32 
1205.95 6.37869e-32 
1205.96 5.03786e-32 
1205.96 3.977e-32 
1205.97 3.13806e-32 
1205.98 2.46758e-32 
1205.99 1.9452e-32 
1206 1.53269e-32 
1206.01 1.20709e-32 
1206.02 9.50208e-33 
1206.03 7.47643e-33 
1206.04 5.87984e-33 
1206.05 4.62202e-33 
1206.06 3.63157e-33 
1206.07 2.85201e-33 
1206.08 2.23874e-33 
1206.09 1.75652e-33 
1206.1 1.37752e-33 
1206.11 1.07978e-33 
1206.12 8.46002e-34 
1206.13 6.62525e-34 
1206.14 5.18595e-34 
1206.15 4.05742e-34 
1206.16 3.17297e-34 
1206.17 2.48016e-34 
1206.18 1.9377e-34 
1206.19 1.51318e-34 
1206.2 1.18111e-34 
1206.21 9.21476e-35 
1206.22 7.18578e-35 
1206.23 5.58349e-35 
1206.24 4.34994e-35 
1206.25 3.38733e-35 
1206.26 2.6365e-35 
1206.27 2.05112e-35 
1206.28 1.59497e-35 
1206.29 1.23968e-35 
1206.3 9.63073e-36 
1206.31 7.47836e-36 
1206.32 5.80428e-36 
1206.33 4.50284e-36 
1206.34 3.49156e-36 
1206.35 2.70613e-36 
1206.36 2.09639e-36 
1206.37 1.62328e-36 
1206.38 1.25634e-36 
1206.39 9.71894e-37 
1206.39 7.51493e-37 
1206.4 5.808e-37 
1206.41 4.48667e-37 
1206.42 3.46431e-37 
1206.43 2.67365e-37 
1206.44 2.06248e-37 
1206.45 1.59026e-37 
1206.46 1.22558e-37 
1206.47 9.44089e-38 
1206.48 7.24533e-38 
1206.49 5.57593e-38 
1206.5 4.28915e-38 
1206.51 3.29777e-38 
1206.52 2.53435e-38 
1206.53 1.94673e-38 
1206.54 1.49466e-38 
1206.55 1.14703e-38 
1206.56 8.79835e-39 
1206.57 6.74565e-39 
1206.58 5.16942e-39 
1206.59 3.95964e-39 
1206.6 0 
