#energy geo_1 
1186.6 0 
1186.61 0 
1186.62 0 
1186.63 0 
1186.64 0 
1186.65 0 
1186.66 0 
1186.67 0 
1186.68 0 
1186.69 0 
1186.7 0 
1186.71 0 
1186.72 0 
1186.73 0 
1186.74 0 
1186.75 0 
1186.76 0 
1186.77 0 
1186.78 0 
1186.79 0 
1186.8 0 
1186.81 0 
1186.81 0 
1186.82 0 
1186.83 0 
1186.84 0 
1186.85 0 
1186.86 0 
1186.87 0 
1186.88 0 
1186.89 0 
1186.9 0 
1186.91 0 
1186.92 0 
1186.93 0 
1186.94 0 
1186.95 0 
1186.96 0 
1186.97 0 
1186.98 0 
1186.99 0 
1187 0 
1187.01 0 
1187.02 0 
1187.03 0 
1187.04 0 
1187.05 0 
1187.06 0 
1187.07 0 
1187.08 0 
1187.09 0 
1187.1 0 
1187.11 0 
1187.12 0 
1187.13 0 
1187.14 0 
1187.15 0 
1187.16 0 
1187.17 0 
1187.18 0 
1187.19 0 
1187.2 0 
1187.21 0 
1187.22 0 
1187.23 0 
1187.24 0 
1187.24 0 
1187.25 0 
1187.26 0 
1187.27 0 
1187.28 0 
1187.29 0 
1187.3 0 
1187.31 0 
1187.32 0 
1187.33 0 
1187.34 0 
1187.35 0 
1187.36 0 
1187.37 0 
1187.38 0 
1187.39 0 
1187.4 0 
1187.41 0 
1187.42 0 
1187.43 0 
1187.44 0 
1187.45 0 
1187.46 0 
1187.47 0 
1187.48 0 
1187.49 0 
1187.5 0 
1187.51 0 
1187.52 0 
1187.53 0 
1187.54 0 
1187.55 0 
1187.56 0 
1187.57 0 
1187.58 0 
1187.59 0 
1187.6 0 
1187.61 0 
1187.62 0 
1187.63 0 
1187.64 0 
1187.65 0 
1187.66 0 
1187.66 0 
1187.67 0 
1187.68 0 
1187.69 0 
1187.7 0 
1187.71 0 
1187.72 0 
1187.73 0 
1187.74 0 
1187.75 0 
1187.76 0 
1187.77 0 
1187.78 0 
1187.79 0 
1187.8 0 
1187.81 0 
1187.82 0 
1187.83 0 
1187.84 0 
1187.85 0 
1187.86 0 
1187.87 0 
1187.88 0 
1187.89 0 
1187.9 0 
1187.91 0 
1187.92 0 
1187.93 0 
1187.94 0 
1187.95 0 
1187.96 0 
1187.97 0 
1187.98 0 
1187.99 0 
1188 0 
1188.01 0 
1188.02 0 
1188.03 0 
1188.04 0 
1188.05 0 
1188.06 0 
1188.07 0 
1188.08 0 
1188.09 0 
1188.09 0 
1188.1 0 
1188.11 0 
1188.12 1.4013e-45 
1188.13 1.4013e-45 
1188.14 1.4013e-45 
1188.15 1.4013e-45 
1188.16 1.4013e-45 
1188.17 2.8026e-45 
1188.18 2.8026e-45 
1188.19 2.8026e-45 
1188.2 2.8026e-45 
1188.21 2.8026e-45 
1188.22 4.2039e-45 
1188.23 5.60519e-45 
1188.24 7.00649e-45 
1188.25 8.40779e-45 
1188.26 9.80909e-45 
1188.27 1.26117e-44 
1188.28 1.4013e-44 
1188.29 1.82169e-44 
1188.3 2.24208e-44 
1188.31 2.66247e-44 
1188.32 3.22299e-44 
1188.33 3.92364e-44 
1188.34 4.76441e-44 
1188.35 5.74532e-44 
1188.36 7.00649e-44 
1188.37 8.40779e-44 
1188.38 1.02295e-43 
1188.39 1.23314e-43 
1188.4 1.49939e-43 
1188.41 1.80768e-43 
1188.42 2.18603e-43 
1188.43 2.64845e-43 
1188.44 3.22299e-43 
1188.45 3.8816e-43 
1188.46 4.70836e-43 
1188.47 5.68927e-43 
1188.48 6.9084e-43 
1188.49 8.35174e-43 
1188.5 1.01174e-42 
1188.51 1.22193e-42 
1188.52 1.47697e-42 
1188.52 1.78385e-42 
1188.53 2.1552e-42 
1188.54 2.60361e-42 
1188.55 3.14451e-42 
1188.56 3.79612e-42 
1188.57 4.58365e-42 
1188.58 5.53093e-42 
1188.59 6.67298e-42 
1188.6 8.05606e-42 
1188.61 9.7152e-42 
1188.62 1.17135e-41 
1188.63 1.41223e-41 
1188.64 1.70174e-41 
1188.65 2.05066e-41 
1188.66 2.47035e-41 
1188.67 2.97538e-41 
1188.68 3.58284e-41 
1188.69 4.3132e-41 
1188.7 5.19153e-41 
1188.71 6.24713e-41 
1188.72 7.51586e-41 
1188.73 9.06094e-41 
1188.74 1.08964e-40 
1188.75 1.31003e-40 
1188.76 1.57468e-40 
1188.77 1.89238e-40 
1188.78 2.27365e-40 
1188.79 2.73114e-40 
1188.8 3.27996e-40 
1188.81 3.9382e-40 
1188.82 4.72746e-40 
1188.83 5.67366e-40 
1188.84 6.80775e-40 
1188.85 8.16668e-40 
1188.86 9.79477e-40 
1188.87 1.17448e-39 
1188.88 1.40799e-39 
1188.89 1.68756e-39 
1188.9 2.02218e-39 
1188.91 2.42263e-39 
1188.92 2.90172e-39 
1188.93 3.4748e-39 
1188.94 4.16013e-39 
1188.94 4.97953e-39 
1188.95 5.959e-39 
1188.96 7.12956e-39 
1188.97 8.52816e-39 
1188.98 1.02217e-38 
1188.99 1.22214e-38 
1189 1.46091e-38 
1189.01 1.74595e-38 
1189.02 2.08613e-38 
1189.03 2.49205e-38 
1189.04 2.97628e-38 
1189.05 3.55383e-38 
1189.06 4.2425e-38 
1189.07 5.06351e-38 
1189.08 6.04206e-38 
1189.09 7.20812e-38 
1189.1 8.59732e-38 
1189.11 1.0252e-37 
1189.12 1.22224e-37 
1189.13 1.45683e-37 
1189.14 1.73606e-37 
1189.15 2.06836e-37 
1189.16 2.46371e-37 
1189.17 2.93398e-37 
1189.18 3.49324e-37 
1189.19 4.15818e-37 
1189.2 4.9486e-37 
1189.21 5.88797e-37 
1189.22 7.00409e-37 
1189.23 8.34801e-37 
1189.24 9.92604e-37 
1189.25 1.17997e-36 
1189.26 1.40241e-36 
1189.27 1.6664e-36 
1189.28 1.97964e-36 
1189.29 2.35125e-36 
1189.3 2.79199e-36 
1189.31 3.31462e-36 
1189.32 3.93421e-36 
1189.33 4.66858e-36 
1189.34 5.5388e-36 
1189.35 6.56978e-36 
1189.36 7.79093e-36 
1189.36 9.23702e-36 
1189.37 1.09491e-35 
1189.38 1.29756e-35 
1189.39 1.53738e-35 
1189.4 1.82113e-35 
1189.41 2.15676e-35 
1189.42 2.55368e-35 
1189.43 3.02299e-35 
1189.44 3.57774e-35 
1189.45 4.23337e-35 
1189.46 5.00803e-35 
1189.47 5.92313e-35 
1189.48 7.01857e-35 
1189.49 8.29735e-35 
1189.5 9.80695e-35 
1189.51 1.15886e-34 
1189.52 1.3691e-34 
1189.53 1.61711e-34 
1189.54 1.90964e-34 
1189.55 2.25457e-34 
1189.56 2.66122e-34 
1189.57 3.14053e-34 
1189.58 3.70534e-34 
1189.59 4.37076e-34 
1189.6 5.15453e-34 
1189.61 6.08129e-34 
1189.62 7.16863e-34 
1189.63 8.44851e-34 
1189.64 9.95469e-34 
1189.65 1.17268e-33 
1189.66 1.38113e-33 
1189.67 1.62628e-33 
1189.68 1.91451e-33 
1189.69 2.25333e-33 
1189.7 2.65152e-33 
1189.71 3.11939e-33 
1189.72 3.669e-33 
1189.73 4.32324e-33 
1189.74 5.08269e-33 
1189.75 5.97424e-33 
1189.76 7.02061e-33 
1189.77 8.24842e-33 
1189.78 9.68882e-33 
1189.79 1.13782e-32 
1189.79 1.33593e-32 
1189.8 1.56817e-32 
1189.81 1.84039e-32 
1189.82 2.15937e-32 
1189.83 2.53309e-32 
1189.84 2.97082e-32 
1189.85 3.48343e-32 
1189.86 4.08359e-32 
1189.87 4.78608e-32 
1189.88 5.60817e-32 
1189.89 6.57003e-32 
1189.9 7.69514e-32 
1189.91 9.01093e-32 
1189.92 1.05494e-31 
1189.93 1.23477e-31 
1189.94 1.44495e-31 
1189.95 1.69052e-31 
1189.96 1.97739e-31 
1189.97 2.31243e-31 
1189.98 2.70892e-31 
1189.99 3.1665e-31 
1190 3.70054e-31 
1190.01 4.3237e-31 
1190.02 5.05067e-31 
1190.03 5.89857e-31 
1190.04 6.88729e-31 
1190.05 8.03996e-31 
1190.06 9.38346e-31 
1190.07 1.0949e-30 
1190.08 1.2773e-30 
1190.09 1.48975e-30 
1190.1 1.73715e-30 
1190.11 2.02519e-30 
1190.12 2.36046e-30 
1190.13 2.75064e-30 
1190.14 3.20459e-30 
1190.15 3.73264e-30 
1190.16 4.34673e-30 
1190.17 5.06074e-30 
1190.18 5.89073e-30 
1190.19 6.85531e-30 
1190.2 7.97608e-30 
1190.21 9.27803e-30 
1190.21 1.07901e-29 
1190.22 1.25695e-29 
1190.23 1.46115e-29 
1190.24 1.69814e-29 
1190.25 1.97314e-29 
1190.26 2.29216e-29 
1190.27 2.66218e-29 
1190.28 3.09124e-29 
1190.29 3.58866e-29 
1190.3 4.16519e-29 
1190.31 4.83328e-29 
1190.32 5.60728e-29 
1190.33 6.5038e-29 
1190.34 7.54198e-29 
1190.35 8.74394e-29 
1190.36 1.01352e-28 
1190.37 1.17453e-28 
1190.38 1.36081e-28 
1190.39 1.57628e-28 
1190.4 1.82547e-28 
1190.41 2.11358e-28 
1190.42 2.44663e-28 
1190.43 2.83153e-28 
1190.44 3.27625e-28 
1190.45 3.78998e-28 
1190.46 4.3833e-28 
1190.47 5.06837e-28 
1190.48 5.86985e-28 
1190.49 6.78423e-28 
1190.5 7.83933e-28 
1190.51 9.0565e-28 
1190.52 1.04603e-27 
1190.53 1.20791e-27 
1190.54 1.39453e-27 
1190.55 1.60963e-27 
1190.56 1.85749e-27 
1190.57 2.14304e-27 
1190.58 2.47195e-27 
1190.59 2.8507e-27 
1190.6 3.28676e-27 
1190.61 3.79103e-27 
1190.62 4.36898e-27 
1190.63 5.03394e-27 
1190.64 5.79881e-27 
1190.64 6.67842e-27 
1190.65 7.68976e-27 
1190.66 8.85229e-27 
1190.67 1.01883e-26 
1190.68 1.17234e-26 
1190.69 1.34867e-26 
1190.7 1.55119e-26 
1190.71 1.78372e-26 
1190.72 2.05065e-26 
1190.73 2.36111e-26 
1190.74 2.71323e-26 
1190.75 3.11719e-26 
1190.76 3.58049e-26 
1190.77 4.11174e-26 
1190.78 4.72077e-26 
1190.79 5.41881e-26 
1190.8 6.21868e-26 
1190.81 7.13505e-26 
1190.82 8.18463e-26 
1190.83 9.38653e-26 
1190.84 1.07626e-25 
1190.85 1.23375e-25 
1190.86 1.41399e-25 
1190.87 1.6202e-25 
1190.88 1.85606e-25 
1190.89 2.1258e-25 
1190.9 2.43419e-25 
1190.91 2.78671e-25 
1190.92 3.18956e-25 
1190.93 3.64985e-25 
1190.94 4.17564e-25 
1190.95 4.77612e-25 
1190.96 5.46174e-25 
1190.97 6.24439e-25 
1190.98 7.14955e-25 
1190.99 8.17042e-25 
1191 9.33499e-25 
1191.01 1.06632e-24 
1191.02 1.21777e-24 
1191.03 1.39042e-24 
1191.04 1.58719e-24 
1191.05 1.81142e-24 
1191.06 2.06686e-24 
1191.07 2.3578e-24 
1191.07 2.6891e-24 
1191.08 3.06628e-24 
1191.09 3.49558e-24 
1191.1 3.9841e-24 
1191.11 4.53989e-24 
1191.12 5.17208e-24 
1191.13 5.89098e-24 
1191.14 6.70833e-24 
1191.15 7.63739e-24 
1191.16 8.69319e-24 
1191.17 9.89275e-24 
1191.18 1.12553e-23 
1191.19 1.28028e-23 
1191.2 1.45598e-23 
1191.21 1.65542e-23 
1191.22 1.88176e-23 
1191.23 2.142e-23 
1191.24 2.43379e-23 
1191.25 2.76471e-23 
1191.26 3.13994e-23 
1191.27 3.5653e-23 
1191.28 4.04739e-23 
1191.29 4.59365e-23 
1191.3 5.21247e-23 
1191.31 5.91336e-23 
1191.32 6.707e-23 
1191.33 7.60547e-23 
1191.34 8.62238e-23 
1191.35 9.77311e-23 
1191.36 1.1075e-22 
1191.37 1.25474e-22 
1191.38 1.42125e-22 
1191.39 1.6095e-22 
1191.4 1.82229e-22 
1191.41 2.06274e-22 
1191.42 2.33441e-22 
1191.43 2.64127e-22 
1191.44 2.9878e-22 
1191.45 3.37906e-22 
1191.46 3.8207e-22 
1191.47 4.31911e-22 
1191.48 4.88939e-22 
1191.49 5.52421e-22 
1191.49 6.24067e-22 
1191.5 7.0485e-22 
1191.51 7.95912e-22 
1191.52 8.98541e-22 
1191.53 1.01418e-21 
1191.54 1.14444e-21 
1191.55 1.29116e-21 
1191.56 1.45635e-21 
1191.57 1.64232e-21 
1191.58 1.85163e-21 
1191.59 2.08715e-21 
1191.6 2.35356e-21 
1191.61 2.65175e-21 
1191.62 2.98706e-21 
1191.63 3.36402e-21 
1191.64 3.78771e-21 
1191.65 4.26382e-21 
1191.66 4.79871e-21 
1191.67 5.39951e-21 
1191.68 6.07418e-21 
1191.69 6.83164e-21 
1191.7 7.68186e-21 
1191.71 8.63597e-21 
1191.72 9.70644e-21 
1191.73 1.09231e-20 
1191.74 1.22716e-20 
1191.75 1.37835e-20 
1191.76 1.54783e-20 
1191.77 1.73775e-20 
1191.78 1.95056e-20 
1191.79 2.18894e-20 
1191.8 2.4559e-20 
1191.81 2.75482e-20 
1191.82 3.08943e-20 
1191.83 3.46392e-20 
1191.84 3.88294e-20 
1191.85 4.35169e-20 
1191.86 4.87595e-20 
1191.87 5.46215e-20 
1191.88 6.11747e-20 
1191.89 6.8499e-20 
1191.9 7.66832e-20 
1191.91 8.58263e-20 
1191.92 9.60382e-20 
1191.92 1.07441e-19 
1191.93 1.20172e-19 
1191.94 1.34381e-19 
1191.95 1.50237e-19 
1191.96 1.67927e-19 
1191.97 1.87657e-19 
1191.98 2.09951e-19 
1191.99 2.34515e-19 
1192 2.61895e-19 
1192.01 2.92407e-19 
1192.02 3.26401e-19 
1192.03 3.64267e-19 
1192.04 4.06436e-19 
1192.05 4.53386e-19 
1192.06 5.05647e-19 
1192.07 5.63807e-19 
1192.08 6.28518e-19 
1192.09 7.00501e-19 
1192.1 7.80555e-19 
1192.11 8.69565e-19 
1192.12 9.68511e-19 
1192.13 1.07848e-18 
1192.14 1.20066e-18 
1192.15 1.33639e-18 
1192.16 1.48714e-18 
1192.17 1.65453e-18 
1192.18 1.84034e-18 
1192.19 2.04657e-18 
1192.2 2.27541e-18 
1192.21 2.52928e-18 
1192.22 2.81085e-18 
1192.23 3.12718e-18 
1192.24 3.47376e-18 
1192.25 3.85789e-18 
1192.26 4.28356e-18 
1192.27 4.75514e-18 
1192.28 5.27746e-18 
1192.29 5.85586e-18 
1192.3 6.49622e-18 
1192.31 7.205e-18 
1192.32 7.98935e-18 
1192.33 8.85712e-18 
1192.34 9.81697e-18 
1192.34 1.08784e-17 
1192.35 1.2052e-17 
1192.36 1.33492e-17 
1192.37 1.47827e-17 
1192.38 1.63666e-17 
1192.39 1.81162e-17 
1192.4 2.00483e-17 
1192.41 2.21816e-17 
1192.42 2.45365e-17 
1192.43 2.71354e-17 
1192.44 3.00028e-17 
1192.45 3.3166e-17 
1192.46 3.66545e-17 
1192.47 4.0501e-17 
1192.48 4.47968e-17 
1192.49 4.94757e-17 
1192.5 5.46311e-17 
1192.51 6.03104e-17 
1192.52 6.65654e-17 
1192.53 7.34528e-17 
1192.54 8.10348e-17 
1192.55 8.93797e-17 
1192.56 9.85622e-17 
1192.57 1.08664e-16 
1192.58 1.19774e-16 
1192.59 1.31992e-16 
1192.6 1.45423e-16 
1192.61 1.60285e-16 
1192.62 1.76517e-16 
1192.63 1.9435e-16 
1192.64 2.13937e-16 
1192.65 2.35446e-16 
1192.66 2.5906e-16 
1192.67 2.8498e-16 
1192.68 3.13423e-16 
1192.69 3.44629e-16 
1192.7 3.78858e-16 
1192.71 4.16394e-16 
1192.72 4.57548e-16 
1192.73 5.03248e-16 
1192.74 5.5274e-16 
1192.75 6.06964e-16 
1192.76 6.6636e-16 
1192.77 7.31406e-16 
1192.77 8.02625e-16 
1192.78 8.80582e-16 
1192.79 9.65898e-16 
1192.8 1.05925e-15 
1192.81 1.16136e-15 
1192.82 1.27303e-15 
1192.83 1.39513e-15 
1192.84 1.5286e-15 
1192.85 1.67448e-15 
1192.86 1.83386e-15 
1192.87 2.00798e-15 
1192.88 2.19814e-15 
1192.89 2.40577e-15 
1192.9 2.63243e-15 
1192.91 2.87981e-15 
1192.92 3.14974e-15 
1192.93 3.44421e-15 
1192.94 3.76537e-15 
1192.95 4.11557e-15 
1192.96 4.49734e-15 
1192.97 4.91344e-15 
1192.98 5.37277e-15 
1192.99 5.86725e-15 
1193 6.40581e-15 
1193.01 6.99227e-15 
1193.02 7.63073e-15 
1193.03 8.32563e-15 
1193.04 9.08181e-15 
1193.05 9.90448e-15 
1193.06 1.07993e-14 
1193.07 1.17723e-14 
1193.08 1.28301e-14 
1193.09 1.398e-14 
1193.1 1.52294e-14 
1193.11 1.65869e-14 
1193.12 1.80614e-14 
1193.13 1.96626e-14 
1193.14 2.1401e-14 
1193.15 2.3288e-14 
1193.16 2.53357e-14 
1193.17 2.75573e-14 
1193.18 2.99672e-14 
1193.19 3.25805e-14 
1193.19 3.54139e-14 
1193.2 3.84852e-14 
1193.21 4.18136e-14 
1193.22 4.54687e-14 
1193.23 4.93769e-14 
1193.24 5.36115e-14 
1193.25 5.81964e-14 
1193.26 6.31593e-14 
1193.27 6.85303e-14 
1193.28 7.43416e-14 
1193.29 8.06278e-14 
1193.3 8.74262e-14 
1193.31 9.47769e-14 
1193.32 1.02723e-13 
1193.33 1.1131e-13 
1193.34 1.20589e-13 
1193.35 1.30612e-13 
1193.36 1.41437e-13 
1193.37 1.53125e-13 
1193.38 1.65742e-13 
1193.39 1.79359e-13 
1193.4 1.94052e-13 
1193.41 2.09902e-13 
1193.42 2.26997e-13 
1193.43 2.45429e-13 
1193.44 2.65299e-13 
1193.45 2.86715e-13 
1193.46 3.0979e-13 
1193.47 3.34649e-13 
1193.48 3.61769e-13 
1193.49 3.90625e-13 
1193.5 4.21688e-13 
1193.51 4.55121e-13 
1193.52 4.91096e-13 
1193.53 5.29797e-13 
1193.54 5.71421e-13 
1193.55 6.16179e-13 
1193.56 6.64296e-13 
1193.57 7.16011e-13 
1193.58 7.71582e-13 
1193.59 8.31281e-13 
1193.6 8.95401e-13 
1193.61 9.64851e-13 
1193.62 1.03881e-12 
1193.62 1.1182e-12 
1193.63 1.20338e-12 
1193.64 1.29477e-12 
1193.65 1.39279e-12 
1193.66 1.4979e-12 
1193.67 1.61058e-12 
1193.68 1.73135e-12 
1193.69 1.86077e-12 
1193.7 1.99943e-12 
1193.71 2.14793e-12 
1193.72 2.30696e-12 
1193.73 2.47941e-12 
1193.74 2.66179e-12 
1193.75 2.85696e-12 
1193.76 3.06575e-12 
1193.77 3.28908e-12 
1193.78 3.52789e-12 
1193.79 3.7832e-12 
1193.8 4.05609e-12 
1193.81 4.34771e-12 
1193.82 4.65925e-12 
1193.83 4.99202e-12 
1193.84 5.34736e-12 
1193.85 5.72674e-12 
1193.86 6.13167e-12 
1193.87 6.56378e-12 
1193.88 7.02478e-12 
1193.89 7.51649e-12 
1193.9 8.04085e-12 
1193.91 8.59987e-12 
1193.92 9.19573e-12 
1193.93 9.83069e-12 
1193.94 1.05072e-11 
1193.95 1.12277e-11 
1193.96 1.1995e-11 
1193.97 1.28119e-11 
1193.98 1.36926e-11 
1193.99 1.46186e-11 
1194 1.56038e-11 
1194.01 1.66516e-11 
1194.02 1.77659e-11 
1194.03 1.89506e-11 
1194.04 2.02098e-11 
1194.05 2.15478e-11 
1194.05 2.29694e-11 
1194.06 2.44793e-11 
1194.07 2.60828e-11 
1194.08 2.7785e-11 
1194.09 2.95919e-11 
1194.1 3.15092e-11 
1194.11 3.35434e-11 
1194.12 3.57009e-11 
1194.13 3.79888e-11 
1194.14 4.04144e-11 
1194.15 4.29854e-11 
1194.16 4.57097e-11 
1194.17 4.8596e-11 
1194.18 5.16531e-11 
1194.19 5.48903e-11 
1194.2 5.83175e-11 
1194.21 6.1945e-11 
1194.22 6.57835e-11 
1194.23 6.98966e-11 
1194.24 7.41948e-11 
1194.25 7.87399e-11 
1194.26 8.35448e-11 
1194.27 8.86234e-11 
1194.28 9.39898e-11 
1194.29 9.96591e-11 
1194.3 1.05647e-10 
1194.31 1.1197e-10 
1194.32 1.18645e-10 
1194.33 1.2569e-10 
1194.34 1.33124e-10 
1194.35 1.40966e-10 
1194.36 1.49237e-10 
1194.37 1.57959e-10 
1194.38 1.67153e-10 
1194.39 1.76844e-10 
1194.4 1.87054e-10 
1194.41 1.97811e-10 
1194.42 2.09139e-10 
1194.43 2.21067e-10 
1194.44 2.33624e-10 
1194.45 2.4684e-10 
1194.46 2.60745e-10 
1194.47 2.75373e-10 
1194.47 2.90959e-10 
1194.48 3.0714e-10 
1194.49 3.24153e-10 
1194.5 3.42034e-10 
1194.51 3.60821e-10 
1194.52 3.80556e-10 
1194.53 4.01281e-10 
1194.54 4.23041e-10 
1194.55 4.45883e-10 
1194.56 4.69853e-10 
1194.57 4.95003e-10 
1194.58 5.21383e-10 
1194.59 5.49048e-10 
1194.6 5.78052e-10 
1194.61 6.08831e-10 
1194.62 6.4071e-10 
1194.63 6.74108e-10 
1194.64 7.09091e-10 
1194.65 7.45723e-10 
1194.66 7.84075e-10 
1194.67 8.24216e-10 
1194.68 8.6622e-10 
1194.69 9.10164e-10 
1194.7 9.56124e-10 
1194.71 1.00418e-09 
1194.72 1.05443e-09 
1194.73 1.10761e-09 
1194.74 1.1625e-09 
1194.75 1.21985e-09 
1194.76 1.27975e-09 
1194.77 1.34228e-09 
1194.78 1.40756e-09 
1194.79 1.47569e-09 
1194.8 1.54678e-09 
1194.81 1.62093e-09 
1194.82 1.69826e-09 
1194.83 1.77888e-09 
1194.84 1.86292e-09 
1194.85 1.95049e-09 
1194.86 2.04173e-09 
1194.87 2.13677e-09 
1194.88 2.23573e-09 
1194.89 2.33876e-09 
1194.9 2.446e-09 
1194.9 2.55758e-09 
1194.91 2.67367e-09 
1194.92 2.7944e-09 
1194.93 2.91994e-09 
1194.94 3.05044e-09 
1194.95 3.18607e-09 
1194.96 3.327e-09 
1194.97 3.47338e-09 
1194.98 3.62735e-09 
1194.99 3.78526e-09 
1195 3.94917e-09 
1195.01 4.11928e-09 
1195.02 4.29575e-09 
1195.03 4.4788e-09 
1195.04 4.66861e-09 
1195.05 4.86538e-09 
1195.06 5.06933e-09 
1195.07 5.28066e-09 
1195.08 5.49958e-09 
1195.09 5.7263e-09 
1195.1 5.96106e-09 
1195.11 6.20406e-09 
1195.12 6.45554e-09 
1195.13 6.71573e-09 
1195.14 6.98485e-09 
1195.15 7.26315e-09 
1195.16 7.55087e-09 
1195.17 7.84825e-09 
1195.18 8.15553e-09 
1195.19 8.47297e-09 
1195.2 8.80082e-09 
1195.21 9.13932e-09 
1195.22 9.48875e-09 
1195.23 9.85393e-09 
1195.24 1.02261e-08 
1195.25 1.061e-08 
1195.26 1.10059e-08 
1195.27 1.1414e-08 
1195.28 1.18346e-08 
1195.29 1.22681e-08 
1195.3 1.27145e-08 
1195.31 1.31743e-08 
1195.32 1.36478e-08 
1195.32 1.4135e-08 
1195.33 1.46365e-08 
1195.34 1.51524e-08 
1195.35 1.5683e-08 
1195.36 1.62286e-08 
1195.37 1.67894e-08 
1195.38 1.73658e-08 
1195.39 1.79581e-08 
1195.4 1.85664e-08 
1195.41 1.9191e-08 
1195.42 1.98323e-08 
1195.43 2.04905e-08 
1195.44 2.11658e-08 
1195.45 2.18586e-08 
1195.46 2.25691e-08 
1195.47 2.32975e-08 
1195.48 2.40535e-08 
1195.49 2.48187e-08 
1195.5 2.56027e-08 
1195.51 2.64056e-08 
1195.52 2.72276e-08 
1195.53 2.8069e-08 
1195.54 2.893e-08 
1195.55 2.98109e-08 
1195.56 3.07117e-08 
1195.57 3.16329e-08 
1195.58 3.25744e-08 
1195.59 3.35366e-08 
1195.6 3.45195e-08 
1195.61 3.55455e-08 
1195.62 3.65712e-08 
1195.63 3.76182e-08 
1195.64 3.86866e-08 
1195.65 3.97766e-08 
1195.66 4.08883e-08 
1195.67 4.20218e-08 
1195.68 4.31772e-08 
1195.69 4.43546e-08 
1195.7 4.55541e-08 
1195.71 4.67757e-08 
1195.72 4.80195e-08 
1195.73 4.93015e-08 
1195.74 5.05901e-08 
1195.75 5.19009e-08 
1195.75 5.3234e-08 
1195.76 5.45893e-08 
1195.77 5.59669e-08 
1195.78 5.73666e-08 
1195.79 5.87883e-08 
1195.8 6.02322e-08 
1195.81 6.16979e-08 
1195.82 6.31855e-08 
1195.83 6.46948e-08 
1195.84 6.62256e-08 
1195.85 6.77778e-08 
1195.86 6.93512e-08 
1195.87 7.09457e-08 
1195.88 7.25609e-08 
1195.89 7.41967e-08 
1195.9 7.58529e-08 
1195.91 7.75292e-08 
1195.92 7.92252e-08 
1195.93 8.09408e-08 
1195.94 8.26755e-08 
1195.95 8.44291e-08 
1195.96 8.62011e-08 
1195.97 8.79913e-08 
1195.98 8.9822e-08 
1195.99 9.16475e-08 
1196 9.34899e-08 
1196.01 9.53488e-08 
1196.02 9.72237e-08 
1196.03 9.91141e-08 
1196.04 1.0102e-07 
1196.05 1.0294e-07 
1196.06 1.04874e-07 
1196.07 1.06821e-07 
1196.08 1.08782e-07 
1196.09 1.10755e-07 
1196.1 1.1274e-07 
1196.11 1.14736e-07 
1196.12 1.16743e-07 
1196.13 1.18759e-07 
1196.14 1.20785e-07 
1196.15 1.2282e-07 
1196.16 1.24863e-07 
1196.17 1.26913e-07 
1196.17 1.2897e-07 
1196.18 1.31034e-07 
1196.19 1.33102e-07 
1196.2 1.35175e-07 
1196.21 1.37253e-07 
1196.22 1.39359e-07 
1196.23 1.41443e-07 
1196.24 1.43528e-07 
1196.25 1.45614e-07 
1196.26 1.47701e-07 
1196.27 1.49788e-07 
1196.28 1.51873e-07 
1196.29 1.53957e-07 
1196.3 1.56039e-07 
1196.31 1.58117e-07 
1196.32 1.60192e-07 
1196.33 1.62263e-07 
1196.34 1.64328e-07 
1196.35 1.66387e-07 
1196.36 1.68441e-07 
1196.37 1.70486e-07 
1196.38 1.72525e-07 
1196.39 1.74555e-07 
1196.4 1.76576e-07 
1196.41 1.78587e-07 
1196.42 1.80588e-07 
1196.43 1.82579e-07 
1196.44 1.84559e-07 
1196.45 1.86527e-07 
1196.46 1.88482e-07 
1196.47 1.90426e-07 
1196.48 1.9238e-07 
1196.49 1.94296e-07 
1196.5 1.96199e-07 
1196.51 1.98088e-07 
1196.52 1.99962e-07 
1196.53 2.01822e-07 
1196.54 2.03666e-07 
1196.55 2.05496e-07 
1196.56 2.0731e-07 
1196.57 2.09109e-07 
1196.58 2.10892e-07 
1196.59 2.1266e-07 
1196.6 2.14412e-07 
1196.6 2.16282e-07 
1196.61 2.18005e-07 
1196.62 2.19712e-07 
1196.63 2.21404e-07 
1196.64 2.23081e-07 
1196.65 2.24744e-07 
1196.66 2.26392e-07 
1196.67 2.28026e-07 
1196.68 2.29647e-07 
1196.69 2.31255e-07 
1196.7 2.3285e-07 
1196.71 2.34434e-07 
1196.72 2.36006e-07 
1196.73 2.37587e-07 
1196.74 2.39139e-07 
1196.75 2.40681e-07 
1196.76 2.42216e-07 
1196.77 2.43743e-07 
1196.78 2.45263e-07 
1196.79 2.46778e-07 
1196.8 2.48289e-07 
1196.81 2.49797e-07 
1196.82 2.51302e-07 
1196.83 2.52807e-07 
1196.84 2.54312e-07 
1196.85 2.55819e-07 
1196.86 2.57329e-07 
1196.87 2.58843e-07 
1196.88 2.60363e-07 
1196.89 2.61891e-07 
1196.9 2.63427e-07 
1196.91 2.64974e-07 
1196.92 2.66534e-07 
1196.93 2.68107e-07 
1196.94 2.69695e-07 
1196.95 2.71301e-07 
1196.96 2.72925e-07 
1196.97 2.7457e-07 
1196.98 2.76259e-07 
1196.99 2.77952e-07 
1197 2.79671e-07 
1197.01 2.81418e-07 
1197.02 2.83196e-07 
1197.03 2.85006e-07 
1197.03 2.86849e-07 
1197.04 2.88729e-07 
1197.05 2.90646e-07 
1197.06 2.92604e-07 
1197.07 2.94603e-07 
1197.08 2.96647e-07 
1197.09 2.98736e-07 
1197.1 3.00873e-07 
1197.11 3.0306e-07 
1197.12 3.05298e-07 
1197.13 3.0759e-07 
1197.14 3.09937e-07 
1197.15 3.12342e-07 
1197.16 3.14806e-07 
1197.17 3.1733e-07 
1197.18 3.19918e-07 
1197.19 3.22569e-07 
1197.2 3.25287e-07 
1197.21 3.28072e-07 
1197.22 3.30926e-07 
1197.23 3.33888e-07 
1197.24 3.36886e-07 
1197.25 3.39958e-07 
1197.26 3.43104e-07 
1197.27 3.46325e-07 
1197.28 3.49624e-07 
1197.29 3.53001e-07 
1197.3 3.56457e-07 
1197.31 3.59993e-07 
1197.32 3.6361e-07 
1197.33 3.67308e-07 
1197.34 3.71087e-07 
1197.35 3.74949e-07 
1197.36 3.78894e-07 
1197.37 3.82922e-07 
1197.38 3.87033e-07 
1197.39 3.91227e-07 
1197.4 3.95504e-07 
1197.41 3.99863e-07 
1197.42 4.04305e-07 
1197.43 4.08829e-07 
1197.44 4.13434e-07 
1197.45 4.1812e-07 
1197.45 4.22885e-07 
1197.46 4.27729e-07 
1197.47 4.3265e-07 
1197.48 4.3771e-07 
1197.49 4.42783e-07 
1197.5 4.47929e-07 
1197.51 4.53146e-07 
1197.52 4.58433e-07 
1197.53 4.63787e-07 
1197.54 4.69206e-07 
1197.55 4.74688e-07 
1197.56 4.80231e-07 
1197.57 4.85832e-07 
1197.58 4.91488e-07 
1197.59 4.97196e-07 
1197.6 5.02954e-07 
1197.61 5.09072e-07 
1197.62 5.14922e-07 
1197.63 5.20812e-07 
1197.64 5.26739e-07 
1197.65 5.32697e-07 
1197.66 5.38684e-07 
1197.67 5.44696e-07 
1197.68 5.50729e-07 
1197.69 5.56779e-07 
1197.7 5.62841e-07 
1197.71 5.68911e-07 
1197.72 5.74984e-07 
1197.73 5.81133e-07 
1197.74 5.87201e-07 
1197.75 5.93258e-07 
1197.76 5.99301e-07 
1197.77 6.05324e-07 
1197.78 6.11322e-07 
1197.79 6.17291e-07 
1197.8 6.23225e-07 
1197.81 6.2912e-07 
1197.82 6.3497e-07 
1197.83 6.4077e-07 
1197.84 6.46516e-07 
1197.85 6.52202e-07 
1197.86 6.57822e-07 
1197.87 6.63372e-07 
1197.88 6.68847e-07 
1197.88 6.74241e-07 
1197.89 6.79549e-07 
1197.9 6.84767e-07 
1197.91 6.89889e-07 
1197.92 6.94909e-07 
1197.93 6.99824e-07 
1197.94 7.04628e-07 
1197.95 7.09317e-07 
1197.96 7.13885e-07 
1197.97 7.18328e-07 
1197.98 7.22694e-07 
1197.99 7.26872e-07 
1198 7.30911e-07 
1198.01 7.34807e-07 
1198.02 7.38556e-07 
1198.03 7.42154e-07 
1198.04 7.45597e-07 
1198.05 7.48881e-07 
1198.06 7.52003e-07 
1198.07 7.54959e-07 
1198.08 7.57746e-07 
1198.09 7.60361e-07 
1198.1 7.628e-07 
1198.11 7.65061e-07 
1198.12 7.67142e-07 
1198.13 7.69039e-07 
1198.14 7.70751e-07 
1198.15 7.72276e-07 
1198.16 7.73611e-07 
1198.17 7.74756e-07 
1198.18 7.75708e-07 
1198.19 7.76467e-07 
1198.2 7.7703e-07 
1198.21 7.77399e-07 
1198.22 7.77571e-07 
1198.23 7.77546e-07 
1198.24 7.77323e-07 
1198.25 7.76903e-07 
1198.26 7.76288e-07 
1198.27 7.75476e-07 
1198.28 7.7447e-07 
1198.29 7.7327e-07 
1198.3 7.71877e-07 
1198.3 7.70292e-07 
1198.31 7.68518e-07 
1198.32 7.66556e-07 
1198.33 7.64407e-07 
1198.34 7.62076e-07 
1198.35 7.59563e-07 
1198.36 7.56871e-07 
1198.37 7.54004e-07 
1198.38 7.50964e-07 
1198.39 7.47755e-07 
1198.4 7.44381e-07 
1198.41 7.40844e-07 
1198.42 7.37149e-07 
1198.43 7.333e-07 
1198.44 7.29301e-07 
1198.45 7.25156e-07 
1198.46 7.20869e-07 
1198.47 7.16447e-07 
1198.48 7.11835e-07 
1198.49 7.07152e-07 
1198.5 7.02348e-07 
1198.51 6.97428e-07 
1198.52 6.92397e-07 
1198.53 6.8726e-07 
1198.54 6.82023e-07 
1198.55 6.76692e-07 
1198.56 6.71272e-07 
1198.57 6.6577e-07 
1198.58 6.60191e-07 
1198.59 6.54541e-07 
1198.6 6.48827e-07 
1198.61 6.43451e-07 
1198.62 6.37621e-07 
1198.63 6.31746e-07 
1198.64 6.2583e-07 
1198.65 6.1988e-07 
1198.66 6.13902e-07 
1198.67 6.07902e-07 
1198.68 6.01887e-07 
1198.69 5.95863e-07 
1198.7 5.89836e-07 
1198.71 5.83812e-07 
1198.72 5.77797e-07 
1198.73 5.71722e-07 
1198.73 5.65744e-07 
1198.74 5.59793e-07 
1198.75 5.53875e-07 
1198.76 5.47996e-07 
1198.77 5.42161e-07 
1198.78 5.36377e-07 
1198.79 5.30648e-07 
1198.8 5.2498e-07 
1198.81 5.19379e-07 
1198.82 5.13849e-07 
1198.83 5.08396e-07 
1198.84 5.03024e-07 
1198.85 4.97738e-07 
1198.86 4.92544e-07 
1198.87 4.87445e-07 
1198.88 4.82445e-07 
1198.89 4.7755e-07 
1198.9 4.72763e-07 
1198.91 4.68087e-07 
1198.92 4.63527e-07 
1198.93 4.59087e-07 
1198.94 4.54769e-07 
1198.95 4.50577e-07 
1198.96 4.46514e-07 
1198.97 4.42583e-07 
1198.98 4.38739e-07 
1198.99 4.35081e-07 
1199 4.31562e-07 
1199.01 4.28185e-07 
1199.02 4.24951e-07 
1199.03 4.21861e-07 
1199.04 4.18919e-07 
1199.05 4.16125e-07 
1199.06 4.1348e-07 
1199.07 4.10985e-07 
1199.08 4.08642e-07 
1199.09 4.06451e-07 
1199.1 4.04412e-07 
1199.11 4.02525e-07 
1199.12 4.00791e-07 
1199.13 3.99211e-07 
1199.14 3.97782e-07 
1199.15 3.96506e-07 
1199.15 3.95382e-07 
1199.16 3.94409e-07 
1199.17 3.93586e-07 
1199.18 3.92912e-07 
1199.19 3.92386e-07 
1199.2 3.92006e-07 
1199.21 3.91772e-07 
1199.22 3.91683e-07 
1199.23 3.91735e-07 
1199.24 3.91929e-07 
1199.25 3.92261e-07 
1199.26 3.9273e-07 
1199.27 3.93332e-07 
1199.28 3.94066e-07 
1199.29 3.9493e-07 
1199.3 3.95921e-07 
1199.31 3.97037e-07 
1199.32 3.98275e-07 
1199.33 3.99632e-07 
1199.34 4.01106e-07 
1199.35 4.02694e-07 
1199.36 4.04393e-07 
1199.37 4.062e-07 
1199.38 4.08113e-07 
1199.39 4.10129e-07 
1199.4 4.12245e-07 
1199.41 4.14457e-07 
1199.42 4.16764e-07 
1199.43 4.19162e-07 
1199.44 4.21648e-07 
1199.45 4.24219e-07 
1199.46 4.26873e-07 
1199.47 4.29607e-07 
1199.48 4.32454e-07 
1199.49 4.35341e-07 
1199.5 4.383e-07 
1199.51 4.41329e-07 
1199.52 4.44424e-07 
1199.53 4.47584e-07 
1199.54 4.50807e-07 
1199.55 4.5409e-07 
1199.56 4.57431e-07 
1199.57 4.60829e-07 
1199.58 4.64282e-07 
1199.58 4.67788e-07 
1199.59 4.71345e-07 
1199.6 4.74953e-07 
1199.61 4.78905e-07 
1199.62 4.82612e-07 
1199.63 4.86366e-07 
1199.64 4.90166e-07 
1199.65 4.94013e-07 
1199.66 4.97905e-07 
1199.67 5.01842e-07 
1199.68 5.05825e-07 
1199.69 5.09854e-07 
1199.7 5.13928e-07 
1199.71 5.18049e-07 
1199.72 5.22218e-07 
1199.73 5.26489e-07 
1199.74 5.30757e-07 
1199.75 5.35076e-07 
1199.76 5.39448e-07 
1199.77 5.43875e-07 
1199.78 5.48359e-07 
1199.79 5.52903e-07 
1199.8 5.57508e-07 
1199.81 5.62178e-07 
1199.82 5.66916e-07 
1199.83 5.71724e-07 
1199.84 5.76606e-07 
1199.85 5.81567e-07 
1199.86 5.86609e-07 
1199.87 5.91736e-07 
1199.88 5.96954e-07 
1199.89 6.02266e-07 
1199.9 6.07676e-07 
1199.91 6.13191e-07 
1199.92 6.18814e-07 
1199.93 6.24551e-07 
1199.94 6.30407e-07 
1199.95 6.36388e-07 
1199.96 6.42499e-07 
1199.97 6.48747e-07 
1199.98 6.55218e-07 
1199.99 6.61756e-07 
1200 6.68449e-07 
1200.01 6.75303e-07 
1200.01 6.82324e-07 
1200.02 6.89518e-07 
1200.03 6.96892e-07 
1200.04 7.04452e-07 
1200.05 7.12206e-07 
1200.06 7.20159e-07 
1200.07 7.28318e-07 
1200.08 7.3669e-07 
1200.09 7.45282e-07 
1200.1 7.54101e-07 
1200.11 7.63152e-07 
1200.12 7.72443e-07 
1200.13 7.8198e-07 
1200.14 7.9177e-07 
1200.15 8.01818e-07 
1200.16 8.12131e-07 
1200.17 8.22715e-07 
1200.18 8.33577e-07 
1200.19 8.44721e-07 
1200.2 8.56154e-07 
1200.21 8.67881e-07 
1200.22 8.79907e-07 
1200.23 8.92393e-07 
1200.24 9.05035e-07 
1200.25 9.17992e-07 
1200.26 9.31265e-07 
1200.27 9.44861e-07 
1200.28 9.58781e-07 
1200.29 9.7303e-07 
1200.3 9.87611e-07 
1200.31 1.00253e-06 
1200.32 1.01778e-06 
1200.33 1.03337e-06 
1200.34 1.0493e-06 
1200.35 1.06556e-06 
1200.36 1.08218e-06 
1200.37 1.09913e-06 
1200.38 1.11642e-06 
1200.39 1.13406e-06 
1200.4 1.15204e-06 
1200.41 1.17035e-06 
1200.42 1.189e-06 
1200.43 1.20798e-06 
1200.43 1.2273e-06 
1200.44 1.24694e-06 
1200.45 1.26691e-06 
1200.46 1.28719e-06 
1200.47 1.30779e-06 
1200.48 1.32896e-06 
1200.49 1.35017e-06 
1200.5 1.37167e-06 
1200.51 1.39347e-06 
1200.52 1.41554e-06 
1200.53 1.43789e-06 
1200.54 1.4605e-06 
1200.55 1.48336e-06 
1200.56 1.50647e-06 
1200.57 1.52981e-06 
1200.58 1.55338e-06 
1200.59 1.57716e-06 
1200.6 1.60114e-06 
1200.61 1.62631e-06 
1200.62 1.65067e-06 
1200.63 1.67519e-06 
1200.64 1.69986e-06 
1200.65 1.72467e-06 
1200.66 1.7496e-06 
1200.67 1.77463e-06 
1200.68 1.79976e-06 
1200.69 1.82496e-06 
1200.7 1.85022e-06 
1200.71 1.87552e-06 
1200.72 1.90086e-06 
1200.73 1.92652e-06 
1200.74 1.95186e-06 
1200.75 1.97717e-06 
1200.76 2.00245e-06 
1200.77 2.02766e-06 
1200.78 2.05281e-06 
1200.79 2.07785e-06 
1200.8 2.10279e-06 
1200.81 2.1276e-06 
1200.82 2.15226e-06 
1200.83 2.17676e-06 
1200.84 2.20107e-06 
1200.85 2.22518e-06 
1200.85 2.24907e-06 
1200.86 2.27273e-06 
1200.87 2.29613e-06 
1200.88 2.31926e-06 
1200.89 2.3421e-06 
1200.9 2.36464e-06 
1200.91 2.38685e-06 
1200.92 2.40872e-06 
1200.93 2.43024e-06 
1200.94 2.45139e-06 
1200.95 2.47215e-06 
1200.96 2.4925e-06 
1200.97 2.51244e-06 
1200.98 2.53219e-06 
1200.99 2.55124e-06 
1201 2.56984e-06 
1201.01 2.58796e-06 
1201.02 2.6056e-06 
1201.03 2.62275e-06 
1201.04 2.63938e-06 
1201.05 2.6555e-06 
1201.06 2.67109e-06 
1201.07 2.68615e-06 
1201.08 2.70065e-06 
1201.09 2.71461e-06 
1201.1 2.728e-06 
1201.11 2.74082e-06 
1201.12 2.75307e-06 
1201.13 2.76474e-06 
1201.14 2.77582e-06 
1201.15 2.78632e-06 
1201.16 2.79622e-06 
1201.17 2.80553e-06 
1201.18 2.81425e-06 
1201.19 2.82237e-06 
1201.2 2.8299e-06 
1201.21 2.83683e-06 
1201.22 2.84317e-06 
1201.23 2.84899e-06 
1201.24 2.85414e-06 
1201.25 2.85871e-06 
1201.26 2.8627e-06 
1201.27 2.86611e-06 
1201.28 2.86896e-06 
1201.28 2.87124e-06 
1201.29 2.87298e-06 
1201.3 2.87416e-06 
1201.31 2.87481e-06 
1201.32 2.87493e-06 
1201.33 2.87453e-06 
1201.34 2.87362e-06 
1201.35 2.87222e-06 
1201.36 2.87034e-06 
1201.37 2.86798e-06 
1201.38 2.86517e-06 
1201.39 2.86191e-06 
1201.4 2.85821e-06 
1201.41 2.8541e-06 
1201.42 2.84959e-06 
1201.43 2.8447e-06 
1201.44 2.83943e-06 
1201.45 2.8338e-06 
1201.46 2.82784e-06 
1201.47 2.82155e-06 
1201.48 2.81488e-06 
1201.49 2.808e-06 
1201.5 2.80084e-06 
1201.51 2.79343e-06 
1201.52 2.78579e-06 
1201.53 2.77793e-06 
1201.54 2.76986e-06 
1201.55 2.76162e-06 
1201.56 2.75321e-06 
1201.57 2.74465e-06 
1201.58 2.73596e-06 
1201.59 2.72716e-06 
1201.6 2.71827e-06 
1201.61 2.71096e-06 
1201.62 2.70192e-06 
1201.63 2.69284e-06 
1201.64 2.68374e-06 
1201.65 2.67462e-06 
1201.66 2.66551e-06 
1201.67 2.65642e-06 
1201.68 2.64737e-06 
1201.69 2.63837e-06 
1201.7 2.62944e-06 
1201.7 2.62059e-06 
1201.71 2.61184e-06 
1201.72 2.60309e-06 
1201.73 2.59457e-06 
1201.74 2.58619e-06 
1201.75 2.57796e-06 
1201.76 2.56988e-06 
1201.77 2.56197e-06 
1201.78 2.55425e-06 
1201.79 2.54671e-06 
1201.8 2.53938e-06 
1201.81 2.53225e-06 
1201.82 2.52534e-06 
1201.83 2.51865e-06 
1201.84 2.51219e-06 
1201.85 2.50597e-06 
1201.86 2.49999e-06 
1201.87 2.49425e-06 
1201.88 2.48877e-06 
1201.89 2.48354e-06 
1201.9 2.47857e-06 
1201.91 2.47386e-06 
1201.92 2.46942e-06 
1201.93 2.46523e-06 
1201.94 2.46131e-06 
1201.95 2.45765e-06 
1201.96 2.45425e-06 
1201.97 2.45112e-06 
1201.98 2.4482e-06 
1201.99 2.44559e-06 
1202 2.44322e-06 
1202.01 2.4411e-06 
1202.02 2.43923e-06 
1202.03 2.4376e-06 
1202.04 2.4362e-06 
1202.05 2.43503e-06 
1202.06 2.43408e-06 
1202.07 2.43335e-06 
1202.08 2.43282e-06 
1202.09 2.43249e-06 
1202.1 2.43236e-06 
1202.11 2.43241e-06 
1202.12 2.43263e-06 
1202.13 2.43301e-06 
1202.13 2.43355e-06 
1202.14 2.43423e-06 
1202.15 2.43504e-06 
1202.16 2.43598e-06 
1202.17 2.43703e-06 
1202.18 2.43818e-06 
1202.19 2.43941e-06 
1202.2 2.44073e-06 
1202.21 2.4421e-06 
1202.22 2.44355e-06 
1202.23 2.44502e-06 
1202.24 2.44652e-06 
1202.25 2.44804e-06 
1202.26 2.44955e-06 
1202.27 2.45106e-06 
1202.28 2.45254e-06 
1202.29 2.45399e-06 
1202.3 2.45539e-06 
1202.31 2.45673e-06 
1202.32 2.458e-06 
1202.33 2.45918e-06 
1202.34 2.46026e-06 
1202.35 2.46123e-06 
1202.36 2.46208e-06 
1202.37 2.46279e-06 
1202.38 2.46336e-06 
1202.39 2.46376e-06 
1202.4 2.464e-06 
1202.41 2.46406e-06 
1202.42 2.46392e-06 
1202.43 2.46358e-06 
1202.44 2.46302e-06 
1202.45 2.46225e-06 
1202.46 2.46123e-06 
1202.47 2.45998e-06 
1202.48 2.45844e-06 
1202.49 2.45667e-06 
1202.5 2.45462e-06 
1202.51 2.45229e-06 
1202.52 2.44968e-06 
1202.53 2.44676e-06 
1202.54 2.44355e-06 
1202.55 2.44002e-06 
1202.56 2.43618e-06 
1202.56 2.43202e-06 
1202.57 2.42753e-06 
1202.58 2.4227e-06 
1202.59 2.41753e-06 
1202.6 2.41202e-06 
1202.61 2.40765e-06 
1202.62 2.40143e-06 
1202.63 2.39487e-06 
1202.64 2.38794e-06 
1202.65 2.38066e-06 
1202.66 2.37301e-06 
1202.67 2.36499e-06 
1202.68 2.35661e-06 
1202.69 2.34787e-06 
1202.7 2.33876e-06 
1202.71 2.32928e-06 
1202.72 2.31943e-06 
1202.73 2.30909e-06 
1202.74 2.29851e-06 
1202.75 2.28756e-06 
1202.76 2.27626e-06 
1202.77 2.26459e-06 
1202.78 2.25257e-06 
1202.79 2.2402e-06 
1202.8 2.22747e-06 
1202.81 2.2144e-06 
1202.82 2.20099e-06 
1202.83 2.18724e-06 
1202.84 2.17316e-06 
1202.85 2.15874e-06 
1202.86 2.14401e-06 
1202.87 2.12896e-06 
1202.88 2.1136e-06 
1202.89 2.09793e-06 
1202.9 2.08196e-06 
1202.91 2.06571e-06 
1202.92 2.04916e-06 
1202.93 2.03234e-06 
1202.94 2.01525e-06 
1202.95 1.9979e-06 
1202.96 1.98029e-06 
1202.97 1.96244e-06 
1202.98 1.94434e-06 
1202.98 1.92579e-06 
1202.99 1.90724e-06 
1203 1.88848e-06 
1203.01 1.86951e-06 
1203.02 1.85035e-06 
1203.03 1.831e-06 
1203.04 1.81148e-06 
1203.05 1.79178e-06 
1203.06 1.77193e-06 
1203.07 1.75193e-06 
1203.08 1.73178e-06 
1203.09 1.71151e-06 
1203.1 1.69111e-06 
1203.11 1.6706e-06 
1203.12 1.64999e-06 
1203.13 1.62929e-06 
1203.14 1.6085e-06 
1203.15 1.58763e-06 
1203.16 1.5667e-06 
1203.17 1.54572e-06 
1203.18 1.52469e-06 
1203.19 1.50362e-06 
1203.2 1.48252e-06 
1203.21 1.4614e-06 
1203.22 1.44028e-06 
1203.23 1.41888e-06 
1203.24 1.39776e-06 
1203.25 1.37666e-06 
1203.26 1.35558e-06 
1203.27 1.33453e-06 
1203.28 1.31353e-06 
1203.29 1.29258e-06 
1203.3 1.27168e-06 
1203.31 1.25085e-06 
1203.32 1.23009e-06 
1203.33 1.20941e-06 
1203.34 1.18882e-06 
1203.35 1.16833e-06 
1203.36 1.14794e-06 
1203.37 1.12766e-06 
1203.38 1.1075e-06 
1203.39 1.08745e-06 
1203.4 1.06754e-06 
1203.41 1.04777e-06 
1203.41 1.02813e-06 
1203.42 1.00864e-06 
1203.43 9.89306e-07 
1203.44 9.70129e-07 
1203.45 9.51115e-07 
1203.46 9.32269e-07 
1203.47 9.13596e-07 
1203.48 8.94871e-07 
1203.49 8.7656e-07 
1203.5 8.58435e-07 
1203.51 8.40501e-07 
1203.52 8.22761e-07 
1203.53 8.05218e-07 
1203.54 7.87876e-07 
1203.55 7.70739e-07 
1203.56 7.53808e-07 
1203.57 7.37087e-07 
1203.58 7.20579e-07 
1203.59 7.04286e-07 
1203.6 6.8821e-07 
1203.61 6.72766e-07 
1203.62 6.5712e-07 
1203.63 6.41697e-07 
1203.64 6.26498e-07 
1203.65 6.11524e-07 
1203.66 5.96777e-07 
1203.67 5.82257e-07 
1203.68 5.67966e-07 
1203.69 5.53903e-07 
1203.7 5.4007e-07 
1203.71 5.26466e-07 
1203.72 5.13092e-07 
1203.73 4.99784e-07 
1203.74 4.86872e-07 
1203.75 4.74189e-07 
1203.76 4.61734e-07 
1203.77 4.49508e-07 
1203.78 4.37509e-07 
1203.79 4.25737e-07 
1203.8 4.1419e-07 
1203.81 4.02867e-07 
1203.82 3.91768e-07 
1203.83 3.8089e-07 
1203.83 3.70233e-07 
1203.84 3.59795e-07 
1203.85 3.49574e-07 
1203.86 3.39568e-07 
1203.87 3.29777e-07 
1203.88 3.20197e-07 
1203.89 3.10826e-07 
1203.9 3.01664e-07 
1203.91 2.92707e-07 
1203.92 2.83953e-07 
1203.93 2.75401e-07 
1203.94 2.67047e-07 
1203.95 2.58889e-07 
1203.96 2.50926e-07 
1203.97 2.43153e-07 
1203.98 2.35476e-07 
1203.99 2.28081e-07 
1204 2.2087e-07 
1204.01 2.13839e-07 
1204.02 2.06987e-07 
1204.03 2.0031e-07 
1204.04 1.93805e-07 
1204.05 1.87471e-07 
1204.06 1.81303e-07 
1204.07 1.753e-07 
1204.08 1.69458e-07 
1204.09 1.63775e-07 
1204.1 1.58248e-07 
1204.11 1.52873e-07 
1204.12 1.47648e-07 
1204.13 1.42571e-07 
1204.14 1.37637e-07 
1204.15 1.32845e-07 
1204.16 1.28192e-07 
1204.17 1.23674e-07 
1204.18 1.1929e-07 
1204.19 1.15035e-07 
1204.2 1.10908e-07 
1204.21 1.06905e-07 
1204.22 1.03024e-07 
1204.23 9.92153e-08 
1204.24 9.5571e-08 
1204.25 9.20402e-08 
1204.26 8.86203e-08 
1204.26 8.53086e-08 
1204.27 8.21026e-08 
1204.28 7.89997e-08 
1204.29 7.59972e-08 
1204.3 7.30928e-08 
1204.31 7.02839e-08 
1204.32 6.7568e-08 
1204.33 6.49427e-08 
1204.34 6.24056e-08 
1204.35 5.99545e-08 
1204.36 5.75869e-08 
1204.37 5.53006e-08 
1204.38 5.30934e-08 
1204.39 5.09631e-08 
1204.4 4.89074e-08 
1204.41 4.69243e-08 
1204.42 4.50117e-08 
1204.43 4.31675e-08 
1204.44 4.13897e-08 
1204.45 3.96764e-08 
1204.46 3.80257e-08 
1204.47 3.64356e-08 
1204.48 3.48855e-08 
1204.49 3.34118e-08 
1204.5 3.19934e-08 
1204.51 3.06284e-08 
1204.52 2.93152e-08 
1204.53 2.80521e-08 
1204.54 2.68375e-08 
1204.55 2.56699e-08 
1204.56 2.45476e-08 
1204.57 2.34692e-08 
1204.58 2.24333e-08 
1204.59 2.14383e-08 
1204.6 2.0483e-08 
1204.61 1.95659e-08 
1204.62 1.86972e-08 
1204.63 1.78522e-08 
1204.64 1.70416e-08 
1204.65 1.62642e-08 
1204.66 1.55189e-08 
1204.67 1.48045e-08 
1204.68 1.41198e-08 
1204.68 1.34639e-08 
1204.69 1.28355e-08 
1204.7 1.22338e-08 
1204.71 1.16578e-08 
1204.72 1.10996e-08 
1204.73 1.05723e-08 
1204.74 1.00678e-08 
1204.75 9.58521e-09 
1204.76 9.12377e-09 
1204.77 8.68263e-09 
1204.78 8.261e-09 
1204.79 7.85811e-09 
1204.8 7.47322e-09 
1204.81 7.10561e-09 
1204.82 6.7546e-09 
1204.83 6.41951e-09 
1204.84 6.0997e-09 
1204.85 5.79454e-09 
1204.86 5.50344e-09 
1204.87 5.22581e-09 
1204.88 4.96109e-09 
1204.89 4.70874e-09 
1204.9 4.46824e-09 
1204.91 4.23909e-09 
1204.92 4.0208e-09 
1204.93 3.81291e-09 
1204.94 3.61498e-09 
1204.95 3.42656e-09 
1204.96 3.24725e-09 
1204.97 3.07664e-09 
1204.98 2.91238e-09 
1204.99 2.75814e-09 
1205 2.6115e-09 
1205.01 2.4721e-09 
1205.02 2.33963e-09 
1205.03 2.21377e-09 
1205.04 2.09422e-09 
1205.05 1.98069e-09 
1205.06 1.8729e-09 
1205.07 1.77059e-09 
1205.08 1.67349e-09 
1205.09 1.58138e-09 
1205.1 1.494e-09 
1205.11 1.41114e-09 
1205.11 1.33258e-09 
1205.12 1.25812e-09 
1205.13 1.18755e-09 
1205.14 1.1207e-09 
1205.15 1.05737e-09 
1205.16 9.97409e-10 
1205.17 9.40637e-10 
1205.18 8.86901e-10 
1205.19 8.36051e-10 
1205.2 7.87941e-10 
1205.21 7.42437e-10 
1205.22 6.98898e-10 
1205.23 6.5823e-10 
1205.24 6.19805e-10 
1205.25 5.83494e-10 
1205.26 5.49189e-10 
1205.27 5.16787e-10 
1205.28 4.86189e-10 
1205.29 4.57303e-10 
1205.3 4.30037e-10 
1205.31 4.04309e-10 
1205.32 3.80035e-10 
1205.33 3.5714e-10 
1205.34 3.35551e-10 
1205.35 3.15197e-10 
1205.36 2.96012e-10 
1205.37 2.77934e-10 
1205.38 2.60902e-10 
1205.39 2.4486e-10 
1205.4 2.29754e-10 
1205.41 2.15532e-10 
1205.42 2.02146e-10 
1205.43 1.89549e-10 
1205.44 1.77698e-10 
1205.45 1.66552e-10 
1205.46 1.5607e-10 
1205.47 1.46216e-10 
1205.48 1.36844e-10 
1205.49 1.28144e-10 
1205.5 1.19973e-10 
1205.51 1.12298e-10 
1205.52 1.05091e-10 
1205.53 9.83254e-11 
1205.54 9.19747e-11 
1205.54 8.60151e-11 
1205.55 8.0424e-11 
1205.56 7.51798e-11 
1205.57 7.0262e-11 
1205.58 6.56514e-11 
1205.59 6.13299e-11 
1205.6 5.72801e-11 
1205.61 5.35189e-11 
1205.62 4.99629e-11 
1205.63 4.66329e-11 
1205.64 4.35152e-11 
1205.65 4.0597e-11 
1205.66 3.78662e-11 
1205.67 3.53113e-11 
1205.68 3.29215e-11 
1205.69 3.06866e-11 
1205.7 2.85972e-11 
1205.71 2.66442e-11 
1205.72 2.4819e-11 
1205.73 2.30932e-11 
1205.74 2.15018e-11 
1205.75 2.00156e-11 
1205.76 1.8628e-11 
1205.77 1.73328e-11 
1205.78 1.61241e-11 
1205.79 1.49964e-11 
1205.8 1.39445e-11 
1205.81 1.29635e-11 
1205.82 1.20489e-11 
1205.83 1.11963e-11 
1205.84 1.04017e-11 
1205.85 9.66145e-12 
1205.86 8.97187e-12 
1205.87 8.32967e-12 
1205.88 7.73173e-12 
1205.89 7.17514e-12 
1205.9 6.65714e-12 
1205.91 6.17518e-12 
1205.92 5.72684e-12 
1205.93 5.30989e-12 
1205.94 4.9222e-12 
1205.95 4.56182e-12 
1205.96 4.22689e-12 
1205.96 3.91569e-12 
1205.97 3.6266e-12 
1205.98 3.35488e-12 
1205.99 3.10581e-12 
1206 2.8746e-12 
1206.01 2.66002e-12 
1206.02 2.46091e-12 
1206.03 2.2762e-12 
1206.04 2.1049e-12 
1206.05 1.94605e-12 
1206.06 1.7988e-12 
1206.07 1.66232e-12 
1206.08 1.53586e-12 
1206.09 1.4187e-12 
1206.1 1.3102e-12 
1206.11 1.20972e-12 
1206.12 1.11671e-12 
1206.13 1.03062e-12 
1206.14 9.50952e-13 
1206.15 8.77252e-13 
1206.16 8.09086e-13 
1206.17 7.46052e-13 
1206.18 6.87777e-13 
1206.19 6.33914e-13 
1206.2 5.84141e-13 
1206.21 5.38157e-13 
1206.22 4.95684e-13 
1206.23 4.55991e-13 
1206.24 4.19816e-13 
1206.25 3.86426e-13 
1206.26 3.55613e-13 
1206.27 3.27184e-13 
1206.28 3.00962e-13 
1206.29 2.76781e-13 
1206.3 2.54486e-13 
1206.31 2.33936e-13 
1206.32 2.14997e-13 
1206.33 1.97548e-13 
1206.34 1.81476e-13 
1206.35 1.66674e-13 
1206.36 1.53046e-13 
1206.37 1.40501e-13 
1206.38 1.28956e-13 
1206.39 1.18333e-13 
1206.39 1.08562e-13 
1206.4 9.95753e-14 
1206.41 9.13125e-14 
1206.42 8.37169e-14 
1206.43 7.67362e-14 
1206.44 7.03221e-14 
1206.45 6.44299e-14 
1206.46 5.90183e-14 
1206.47 5.40494e-14 
1206.48 4.94334e-14 
1206.49 4.52513e-14 
1206.5 4.1414e-14 
1206.51 3.78937e-14 
1206.52 3.46649e-14 
1206.53 3.17043e-14 
1206.54 2.89902e-14 
1206.55 2.65026e-14 
1206.56 2.4223e-14 
1206.57 2.21347e-14 
1206.58 2.02219e-14 
1206.59 1.84704e-14 
1206.6 0 
