#energy geo_1 
1186.6 0 
1186.61 0 
1186.62 0 
1186.63 0 
1186.64 0 
1186.65 0 
1186.66 0 
1186.67 0 
1186.68 0 
1186.69 0 
1186.7 0 
1186.71 0 
1186.72 0 
1186.73 0 
1186.74 0 
1186.75 0 
1186.76 0 
1186.77 0 
1186.78 0 
1186.79 0 
1186.8 0 
1186.81 0 
1186.81 0 
1186.82 0 
1186.83 0 
1186.84 0 
1186.85 0 
1186.86 0 
1186.87 0 
1186.88 0 
1186.89 0 
1186.9 0 
1186.91 0 
1186.92 0 
1186.93 0 
1186.94 0 
1186.95 0 
1186.96 0 
1186.97 0 
1186.98 0 
1186.99 0 
1187 0 
1187.01 0 
1187.02 0 
1187.03 0 
1187.04 0 
1187.05 0 
1187.06 0 
1187.07 0 
1187.08 0 
1187.09 0 
1187.1 0 
1187.11 0 
1187.12 0 
1187.13 0 
1187.14 0 
1187.15 0 
1187.16 0 
1187.17 0 
1187.18 0 
1187.19 0 
1187.2 0 
1187.21 0 
1187.22 0 
1187.23 0 
1187.24 0 
1187.24 0 
1187.25 0 
1187.26 0 
1187.27 0 
1187.28 0 
1187.29 0 
1187.3 0 
1187.31 0 
1187.32 0 
1187.33 0 
1187.34 0 
1187.35 0 
1187.36 0 
1187.37 0 
1187.38 0 
1187.39 0 
1187.4 0 
1187.41 0 
1187.42 0 
1187.43 0 
1187.44 0 
1187.45 0 
1187.46 0 
1187.47 0 
1187.48 0 
1187.49 0 
1187.5 0 
1187.51 0 
1187.52 0 
1187.53 0 
1187.54 0 
1187.55 0 
1187.56 0 
1187.57 0 
1187.58 0 
1187.59 0 
1187.6 0 
1187.61 0 
1187.62 0 
1187.63 0 
1187.64 0 
1187.65 0 
1187.66 0 
1187.66 0 
1187.67 0 
1187.68 0 
1187.69 0 
1187.7 0 
1187.71 0 
1187.72 0 
1187.73 0 
1187.74 0 
1187.75 0 
1187.76 0 
1187.77 0 
1187.78 0 
1187.79 0 
1187.8 0 
1187.81 0 
1187.82 0 
1187.83 0 
1187.84 0 
1187.85 0 
1187.86 0 
1187.87 0 
1187.88 0 
1187.89 0 
1187.9 0 
1187.91 0 
1187.92 0 
1187.93 0 
1187.94 0 
1187.95 0 
1187.96 0 
1187.97 0 
1187.98 0 
1187.99 0 
1188 0 
1188.01 0 
1188.02 0 
1188.03 0 
1188.04 0 
1188.05 0 
1188.06 0 
1188.07 0 
1188.08 0 
1188.09 0 
1188.09 0 
1188.1 0 
1188.11 0 
1188.12 0 
1188.13 0 
1188.14 0 
1188.15 0 
1188.16 0 
1188.17 0 
1188.18 0 
1188.19 0 
1188.2 0 
1188.21 0 
1188.22 0 
1188.23 0 
1188.24 0 
1188.25 0 
1188.26 0 
1188.27 0 
1188.28 0 
1188.29 0 
1188.3 0 
1188.31 0 
1188.32 0 
1188.33 0 
1188.34 0 
1188.35 0 
1188.36 0 
1188.37 0 
1188.38 0 
1188.39 0 
1188.4 0 
1188.41 0 
1188.42 0 
1188.43 0 
1188.44 0 
1188.45 0 
1188.46 0 
1188.47 0 
1188.48 0 
1188.49 0 
1188.5 0 
1188.51 0 
1188.52 0 
1188.52 0 
1188.53 0 
1188.54 0 
1188.55 0 
1188.56 0 
1188.57 0 
1188.58 0 
1188.59 0 
1188.6 0 
1188.61 0 
1188.62 0 
1188.63 0 
1188.64 0 
1188.65 0 
1188.66 0 
1188.67 0 
1188.68 0 
1188.69 0 
1188.7 0 
1188.71 0 
1188.72 0 
1188.73 0 
1188.74 0 
1188.75 0 
1188.76 0 
1188.77 0 
1188.78 0 
1188.79 0 
1188.8 0 
1188.81 0 
1188.82 0 
1188.83 0 
1188.84 0 
1188.85 0 
1188.86 0 
1188.87 0 
1188.88 0 
1188.89 0 
1188.9 0 
1188.91 0 
1188.92 0 
1188.93 0 
1188.94 0 
1188.94 0 
1188.95 0 
1188.96 0 
1188.97 0 
1188.98 0 
1188.99 0 
1189 0 
1189.01 0 
1189.02 0 
1189.03 0 
1189.04 0 
1189.05 0 
1189.06 0 
1189.07 0 
1189.08 0 
1189.09 0 
1189.1 0 
1189.11 0 
1189.12 0 
1189.13 0 
1189.14 0 
1189.15 0 
1189.16 0 
1189.17 0 
1189.18 0 
1189.19 0 
1189.2 0 
1189.21 0 
1189.22 0 
1189.23 0 
1189.24 0 
1189.25 0 
1189.26 0 
1189.27 0 
1189.28 0 
1189.29 0 
1189.3 0 
1189.31 0 
1189.32 0 
1189.33 0 
1189.34 0 
1189.35 0 
1189.36 0 
1189.36 0 
1189.37 0 
1189.38 0 
1189.39 0 
1189.4 0 
1189.41 0 
1189.42 0 
1189.43 0 
1189.44 0 
1189.45 0 
1189.46 0 
1189.47 0 
1189.48 0 
1189.49 0 
1189.5 0 
1189.51 0 
1189.52 0 
1189.53 0 
1189.54 0 
1189.55 0 
1189.56 0 
1189.57 0 
1189.58 0 
1189.59 0 
1189.6 0 
1189.61 0 
1189.62 0 
1189.63 0 
1189.64 0 
1189.65 0 
1189.66 0 
1189.67 0 
1189.68 0 
1189.69 0 
1189.7 0 
1189.71 0 
1189.72 0 
1189.73 0 
1189.74 0 
1189.75 0 
1189.76 0 
1189.77 0 
1189.78 0 
1189.79 0 
1189.79 0 
1189.8 0 
1189.81 0 
1189.82 0 
1189.83 0 
1189.84 0 
1189.85 0 
1189.86 0 
1189.87 0 
1189.88 0 
1189.89 0 
1189.9 0 
1189.91 0 
1189.92 0 
1189.93 0 
1189.94 0 
1189.95 0 
1189.96 0 
1189.97 0 
1189.98 0 
1189.99 0 
1190 0 
1190.01 0 
1190.02 0 
1190.03 0 
1190.04 0 
1190.05 0 
1190.06 0 
1190.07 0 
1190.08 0 
1190.09 0 
1190.1 0 
1190.11 0 
1190.12 0 
1190.13 0 
1190.14 0 
1190.15 0 
1190.16 0 
1190.17 0 
1190.18 0 
1190.19 0 
1190.2 0 
1190.21 0 
1190.21 0 
1190.22 0 
1190.23 0 
1190.24 0 
1190.25 0 
1190.26 0 
1190.27 0 
1190.28 0 
1190.29 0 
1190.3 0 
1190.31 0 
1190.32 0 
1190.33 0 
1190.34 0 
1190.35 0 
1190.36 0 
1190.37 0 
1190.38 0 
1190.39 0 
1190.4 0 
1190.41 0 
1190.42 0 
1190.43 0 
1190.44 0 
1190.45 0 
1190.46 0 
1190.47 0 
1190.48 0 
1190.49 0 
1190.5 0 
1190.51 0 
1190.52 0 
1190.53 0 
1190.54 0 
1190.55 0 
1190.56 0 
1190.57 0 
1190.58 0 
1190.59 0 
1190.6 0 
1190.61 0 
1190.62 0 
1190.63 0 
1190.64 0 
1190.64 0 
1190.65 0 
1190.66 0 
1190.67 0 
1190.68 0 
1190.69 0 
1190.7 0 
1190.71 0 
1190.72 0 
1190.73 0 
1190.74 0 
1190.75 0 
1190.76 0 
1190.77 0 
1190.78 0 
1190.79 0 
1190.8 0 
1190.81 0 
1190.82 0 
1190.83 0 
1190.84 0 
1190.85 0 
1190.86 0 
1190.87 0 
1190.88 0 
1190.89 0 
1190.9 0 
1190.91 0 
1190.92 0 
1190.93 0 
1190.94 0 
1190.95 0 
1190.96 0 
1190.97 0 
1190.98 0 
1190.99 0 
1191 0 
1191.01 0 
1191.02 0 
1191.03 0 
1191.04 0 
1191.05 0 
1191.06 0 
1191.07 0 
1191.07 0 
1191.08 0 
1191.09 0 
1191.1 0 
1191.11 0 
1191.12 0 
1191.13 0 
1191.14 0 
1191.15 0 
1191.16 0 
1191.17 0 
1191.18 0 
1191.19 0 
1191.2 0 
1191.21 0 
1191.22 0 
1191.23 0 
1191.24 0 
1191.25 0 
1191.26 0 
1191.27 0 
1191.28 0 
1191.29 0 
1191.3 0 
1191.31 0 
1191.32 0 
1191.33 0 
1191.34 0 
1191.35 0 
1191.36 1.4013e-45 
1191.37 1.4013e-45 
1191.38 1.4013e-45 
1191.39 2.8026e-45 
1191.4 2.8026e-45 
1191.41 2.8026e-45 
1191.42 4.2039e-45 
1191.43 7.00649e-45 
1191.44 8.40779e-45 
1191.45 1.26117e-44 
1191.46 1.68156e-44 
1191.47 2.24208e-44 
1191.48 3.08286e-44 
1191.49 4.2039e-44 
1191.49 5.60519e-44 
1191.5 7.70714e-44 
1191.51 1.05097e-43 
1191.52 1.42932e-43 
1191.53 1.91978e-43 
1191.54 2.62043e-43 
1191.55 3.54529e-43 
1191.56 4.80645e-43 
1191.57 6.50202e-43 
1191.58 8.78614e-43 
1191.59 1.1869e-42 
1191.6 1.60729e-42 
1191.61 2.16781e-42 
1191.62 2.92451e-42 
1191.63 3.94466e-42 
1191.64 5.31653e-42 
1191.65 7.15923e-42 
1191.66 9.63533e-42 
1191.67 1.29592e-41 
1191.68 1.74209e-41 
1191.69 2.34003e-41 
1191.7 3.14115e-41 
1191.71 4.21412e-41 
1191.72 5.6499e-41 
1191.73 7.5977e-41 
1191.74 1.01731e-40 
1191.75 1.36131e-40 
1191.76 1.82044e-40 
1191.77 2.43288e-40 
1191.78 3.24927e-40 
1191.79 4.33688e-40 
1191.8 5.7848e-40 
1191.81 7.71119e-40 
1191.82 1.02725e-39 
1191.83 1.36759e-39 
1191.84 1.81953e-39 
1191.85 2.41926e-39 
1191.86 3.21462e-39 
1191.87 4.26873e-39 
1191.88 5.66488e-39 
1191.89 7.51286e-39 
1191.9 9.95731e-39 
1191.91 1.31887e-38 
1191.92 1.74576e-38 
1191.92 2.30934e-38 
1191.93 3.05292e-38 
1191.94 4.03334e-38 
1191.95 5.32521e-38 
1191.96 7.02638e-38 
1191.97 9.26508e-38 
1191.98 1.22514e-37 
1191.99 1.61341e-37 
1192 2.12337e-37 
1192.01 2.79274e-37 
1192.02 3.67076e-37 
1192.03 4.82176e-37 
1192.04 6.32962e-37 
1192.05 8.3037e-37 
1192.06 1.08865e-36 
1192.07 1.42636e-36 
1192.08 1.86763e-36 
1192.09 2.44385e-36 
1192.1 3.19581e-36 
1192.11 4.17649e-36 
1192.12 5.4546e-36 
1192.13 7.11931e-36 
1192.14 9.28614e-36 
1192.15 1.21047e-35 
1192.16 1.57688e-35 
1192.17 2.05287e-35 
1192.18 2.67085e-35 
1192.19 3.47264e-35 
1192.2 4.51224e-35 
1192.21 5.85932e-35 
1192.22 7.6037e-35 
1192.23 9.89316e-35 
1192.24 1.2822e-34 
1192.25 1.66072e-34 
1192.26 2.14961e-34 
1192.27 2.78066e-34 
1192.28 3.59465e-34 
1192.29 4.64397e-34 
1192.3 5.99575e-34 
1192.31 7.73608e-34 
1192.32 9.97518e-34 
1192.33 1.28541e-33 
1192.34 1.65534e-33 
1192.34 2.13037e-33 
1192.35 2.73997e-33 
1192.36 3.52174e-33 
1192.37 4.52369e-33 
1192.38 5.80698e-33 
1192.39 7.44956e-33 
1192.4 9.55066e-33 
1192.41 1.22365e-32 
1192.42 1.56677e-32 
1192.43 2.00483e-32 
1192.44 2.56371e-32 
1192.45 3.27631e-32 
1192.46 4.1843e-32 
1192.47 5.34052e-32 
1192.48 6.8326e-32 
1192.49 8.7094e-32 
1192.5 1.10946e-31 
1192.51 1.41241e-31 
1192.52 1.79693e-31 
1192.53 2.28467e-31 
1192.54 2.90294e-31 
1192.55 3.68617e-31 
1192.56 4.67773e-31 
1192.57 5.93223e-31 
1192.58 7.51836e-31 
1192.59 9.5225e-31 
1192.6 1.20532e-30 
1192.61 1.52561e-30 
1192.62 1.92859e-30 
1192.63 2.43645e-30 
1192.64 3.07608e-30 
1192.65 3.88115e-30 
1192.66 4.8938e-30 
1192.67 6.16673e-30 
1192.68 7.76579e-30 
1192.69 9.77324e-30 
1192.7 1.22918e-29 
1192.71 1.54494e-29 
1192.72 1.94059e-29 
1192.73 2.44292e-29 
1192.74 3.06459e-29 
1192.75 3.842e-29 
1192.76 4.81355e-29 
1192.77 6.02692e-29 
1192.77 7.54134e-29 
1192.78 9.43026e-29 
1192.79 1.17848e-28 
1192.8 1.47178e-28 
1192.81 1.8369e-28 
1192.82 2.29113e-28 
1192.83 2.85587e-28 
1192.84 3.55754e-28 
1192.85 4.42876e-28 
1192.86 5.50983e-28 
1192.87 6.85041e-28 
1192.88 8.51172e-28 
1192.89 1.05692e-27 
1192.9 1.31156e-27 
1192.91 1.6265e-27 
1192.92 2.01579e-27 
1192.93 2.49666e-27 
1192.94 3.09027e-27 
1192.95 3.82257e-27 
1192.96 4.72537e-27 
1192.97 5.83768e-27 
1192.98 7.22618e-27 
1192.99 8.91568e-27 
1193 1.09932e-26 
1193.01 1.35461e-26 
1193.02 1.66812e-26 
1193.03 2.05287e-26 
1193.04 2.52476e-26 
1193.05 3.10314e-26 
1193.06 3.81157e-26 
1193.07 4.67875e-26 
1193.08 5.73956e-26 
1193.09 7.03638e-26 
1193.1 8.62071e-26 
1193.11 1.0555e-25 
1193.12 1.29151e-25 
1193.13 1.57928e-25 
1193.14 1.92994e-25 
1193.15 2.35694e-25 
1193.16 2.87659e-25 
1193.17 3.50856e-25 
1193.18 4.27665e-25 
1193.19 5.20955e-25 
1193.19 6.34189e-25 
1193.2 7.71544e-25 
1193.21 9.38047e-25 
1193.22 1.14281e-24 
1193.23 1.38731e-24 
1193.24 1.68345e-24 
1193.25 2.04151e-24 
1193.26 2.47415e-24 
1193.27 2.99655e-24 
1193.28 3.62694e-24 
1193.29 4.38714e-24 
1193.3 5.30329e-24 
1193.31 6.40666e-24 
1193.32 7.73464e-24 
1193.33 9.33193e-24 
1193.34 1.12519e-23 
1193.35 1.35582e-23 
1193.36 1.63268e-23 
1193.37 1.96482e-23 
1193.38 2.36302e-23 
1193.39 2.8401e-23 
1193.4 3.41132e-23 
1193.41 4.09482e-23 
1193.42 4.91212e-23 
1193.43 5.88878e-23 
1193.44 7.05513e-23 
1193.45 8.44709e-23 
1193.46 1.01072e-22 
1193.47 1.20859e-22 
1193.48 1.44748e-22 
1193.49 1.72863e-22 
1193.5 2.06307e-22 
1193.51 2.46064e-22 
1193.52 2.93294e-22 
1193.53 3.49368e-22 
1193.54 4.15895e-22 
1193.55 4.94776e-22 
1193.56 5.8824e-22 
1193.57 6.98915e-22 
1193.58 8.29881e-22 
1193.59 9.84759e-22 
1193.6 1.1678e-21 
1193.61 1.38483e-21 
1193.62 1.64013e-21 
1193.62 1.94125e-21 
1193.63 2.2962e-21 
1193.64 2.71431e-21 
1193.65 3.2065e-21 
1193.66 3.78552e-21 
1193.67 4.46625e-21 
1193.68 5.26602e-21 
1193.69 6.20504e-21 
1193.7 7.30684e-21 
1193.71 8.59879e-21 
1193.72 1.01127e-20 
1193.73 1.19095e-20 
1193.74 1.39883e-20 
1193.75 1.64195e-20 
1193.76 1.92609e-20 
1193.77 2.25796e-20 
1193.78 2.64532e-20 
1193.79 3.09716e-20 
1193.8 3.62385e-20 
1193.81 4.2374e-20 
1193.82 4.95167e-20 
1193.83 5.78264e-20 
1193.84 6.74875e-20 
1193.85 7.87124e-20 
1193.86 9.17456e-20 
1193.87 1.06869e-19 
1193.88 1.24405e-19 
1193.89 1.44726e-19 
1193.9 1.6826e-19 
1193.91 1.95495e-19 
1193.92 2.26993e-19 
1193.93 2.63398e-19 
1193.94 3.05446e-19 
1193.95 3.53981e-19 
1193.96 4.09966e-19 
1193.97 4.74503e-19 
1193.98 5.49844e-19 
1193.99 6.35582e-19 
1194 7.3422e-19 
1194.01 8.47624e-19 
1194.02 9.77919e-19 
1194.03 1.12752e-18 
1194.04 1.29918e-18 
1194.05 1.49602e-18 
1194.05 1.72158e-18 
1194.06 1.97988e-18 
1194.07 2.27549e-18 
1194.08 2.61356e-18 
1194.09 2.99994e-18 
1194.1 3.44124e-18 
1194.11 3.94494e-18 
1194.12 4.51947e-18 
1194.13 5.17437e-18 
1194.14 5.92039e-18 
1194.15 6.76965e-18 
1194.16 7.73578e-18 
1194.17 8.83414e-18 
1194.18 1.0082e-17 
1194.19 1.14988e-17 
1194.2 1.31063e-17 
1194.21 1.4929e-17 
1194.22 1.69944e-17 
1194.23 1.93642e-17 
1194.24 2.20148e-17 
1194.25 2.50122e-17 
1194.26 2.83996e-17 
1194.27 3.22251e-17 
1194.28 3.65426e-17 
1194.29 4.14121e-17 
1194.3 4.69004e-17 
1194.31 5.30823e-17 
1194.32 6.00406e-17 
1194.33 6.78677e-17 
1194.34 7.66661e-17 
1194.35 8.65498e-17 
1194.36 9.76454e-17 
1194.37 1.10093e-16 
1194.38 1.24048e-16 
1194.39 1.39683e-16 
1194.4 1.57188e-16 
1194.41 1.76774e-16 
1194.42 1.98673e-16 
1194.43 2.23142e-16 
1194.44 2.50465e-16 
1194.45 2.80955e-16 
1194.46 3.14954e-16 
1194.47 3.52843e-16 
1194.47 3.95624e-16 
1194.48 4.42613e-16 
1194.49 4.94905e-16 
1194.5 5.53021e-16 
1194.51 6.17568e-16 
1194.52 6.89208e-16 
1194.53 7.68667e-16 
1194.54 8.56739e-16 
1194.55 9.54293e-16 
1194.56 1.06228e-15 
1194.57 1.18172e-15 
1194.58 1.31376e-15 
1194.59 1.45962e-15 
1194.6 1.62064e-15 
1194.61 1.79938e-15 
1194.62 1.99533e-15 
1194.63 2.2112e-15 
1194.64 2.44886e-15 
1194.65 2.71033e-15 
1194.66 2.99781e-15 
1194.67 3.31366e-15 
1194.68 3.66044e-15 
1194.69 4.04094e-15 
1194.7 4.45814e-15 
1194.71 4.91528e-15 
1194.72 5.41582e-15 
1194.73 5.97069e-15 
1194.74 6.57027e-15 
1194.75 7.22543e-15 
1194.76 7.94085e-15 
1194.77 8.72153e-15 
1194.78 9.57284e-15 
1194.79 1.05005e-14 
1194.8 1.15108e-14 
1194.81 1.26102e-14 
1194.82 1.38057e-14 
1194.83 1.5105e-14 
1194.84 1.6516e-14 
1194.85 1.80472e-14 
1194.86 1.97079e-14 
1194.87 2.15076e-14 
1194.88 2.34566e-14 
1194.89 2.55659e-14 
1194.9 2.78471e-14 
1194.9 3.03125e-14 
1194.91 3.29751e-14 
1194.92 3.58486e-14 
1194.93 3.89477e-14 
1194.94 4.22876e-14 
1194.95 4.58847e-14 
1194.96 4.97559e-14 
1194.97 5.39193e-14 
1194.98 5.84517e-14 
1194.99 6.32613e-14 
1195 6.84229e-14 
1195.01 7.39585e-14 
1195.02 7.98908e-14 
1195.03 8.62438e-14 
1195.04 9.30425e-14 
1195.05 1.00313e-13 
1195.06 1.08083e-13 
1195.07 1.1638e-13 
1195.08 1.25234e-13 
1195.09 1.34676e-13 
1195.1 1.44736e-13 
1195.11 1.5545e-13 
1195.12 1.66849e-13 
1195.13 1.7897e-13 
1195.14 1.91849e-13 
1195.15 2.05524e-13 
1195.16 2.20032e-13 
1195.17 2.35414e-13 
1195.18 2.51711e-13 
1195.19 2.68964e-13 
1195.2 2.87217e-13 
1195.21 3.06511e-13 
1195.22 3.26894e-13 
1195.23 3.48685e-13 
1195.24 3.71394e-13 
1195.25 3.95329e-13 
1195.26 4.20538e-13 
1195.27 4.47068e-13 
1195.28 4.74969e-13 
1195.29 5.04289e-13 
1195.3 5.35077e-13 
1195.31 5.67382e-13 
1195.32 6.01253e-13 
1195.32 6.36739e-13 
1195.33 6.7389e-13 
1195.34 7.12752e-13 
1195.35 7.53373e-13 
1195.36 7.95802e-13 
1195.37 8.40082e-13 
1195.38 8.86261e-13 
1195.39 9.34381e-13 
1195.4 9.84484e-13 
1195.41 1.03661e-12 
1195.42 1.0908e-12 
1195.43 1.14709e-12 
1195.44 1.20552e-12 
1195.45 1.26611e-12 
1195.46 1.3289e-12 
1195.47 1.39391e-12 
1195.48 1.46202e-12 
1195.49 1.53157e-12 
1195.5 1.60341e-12 
1195.51 1.67754e-12 
1195.52 1.75398e-12 
1195.53 1.83274e-12 
1195.54 1.9138e-12 
1195.55 1.99718e-12 
1195.56 2.08285e-12 
1195.57 2.17082e-12 
1195.58 2.26105e-12 
1195.59 2.35354e-12 
1195.6 2.44824e-12 
1195.61 2.5467e-12 
1195.62 2.64579e-12 
1195.63 2.74698e-12 
1195.64 2.85022e-12 
1195.65 2.95545e-12 
1195.66 3.06261e-12 
1195.67 3.17162e-12 
1195.68 3.28242e-12 
1195.69 3.39492e-12 
1195.7 3.50904e-12 
1195.71 3.62467e-12 
1195.72 3.74173e-12 
1195.73 3.86158e-12 
1195.74 3.98117e-12 
1195.75 4.10183e-12 
1195.75 4.22346e-12 
1195.76 4.34591e-12 
1195.77 4.46906e-12 
1195.78 4.59277e-12 
1195.79 4.71688e-12 
1195.8 4.84126e-12 
1195.81 4.96575e-12 
1195.82 5.09018e-12 
1195.83 5.2144e-12 
1195.84 5.33825e-12 
1195.85 5.46155e-12 
1195.86 5.58413e-12 
1195.87 5.70582e-12 
1195.88 5.82644e-12 
1195.89 5.94581e-12 
1195.9 6.06376e-12 
1195.91 6.18011e-12 
1195.92 6.29467e-12 
1195.93 6.40727e-12 
1195.94 6.51773e-12 
1195.95 6.62587e-12 
1195.96 6.73151e-12 
1195.97 6.83448e-12 
1195.98 6.93585e-12 
1195.99 7.03293e-12 
1196 7.12684e-12 
1196.01 7.21742e-12 
1196.02 7.3045e-12 
1196.03 7.38794e-12 
1196.04 7.4676e-12 
1196.05 7.54334e-12 
1196.06 7.61503e-12 
1196.07 7.68255e-12 
1196.08 7.74578e-12 
1196.09 7.80461e-12 
1196.1 7.85894e-12 
1196.11 7.90869e-12 
1196.12 7.95379e-12 
1196.13 7.99415e-12 
1196.14 8.02972e-12 
1196.15 8.06046e-12 
1196.16 8.08633e-12 
1196.17 8.10731e-12 
1196.17 8.12339e-12 
1196.18 8.13457e-12 
1196.19 8.14088e-12 
1196.2 8.14233e-12 
1196.21 8.13898e-12 
1196.22 8.13073e-12 
1196.23 8.11794e-12 
1196.24 8.10056e-12 
1196.25 8.07871e-12 
1196.26 8.05253e-12 
1196.27 8.02217e-12 
1196.28 7.98779e-12 
1196.29 7.94959e-12 
1196.3 7.90775e-12 
1196.31 7.86253e-12 
1196.32 7.81416e-12 
1196.33 7.76295e-12 
1196.34 7.70918e-12 
1196.35 7.65319e-12 
1196.36 7.59536e-12 
1196.37 7.53608e-12 
1196.38 7.47579e-12 
1196.39 7.41495e-12 
1196.4 7.35408e-12 
1196.41 7.29374e-12 
1196.42 7.23453e-12 
1196.43 7.17711e-12 
1196.44 7.12219e-12 
1196.45 7.07056e-12 
1196.46 7.02304e-12 
1196.47 6.98057e-12 
1196.48 6.94372e-12 
1196.49 6.9145e-12 
1196.5 6.8936e-12 
1196.51 6.8823e-12 
1196.52 6.88202e-12 
1196.53 6.89427e-12 
1196.54 6.92073e-12 
1196.55 6.96322e-12 
1196.56 7.02371e-12 
1196.57 7.1044e-12 
1196.58 7.20762e-12 
1196.59 7.33598e-12 
1196.6 7.49229e-12 
1196.6 7.6844e-12 
1196.61 7.90629e-12 
1196.62 8.16629e-12 
1196.63 8.46842e-12 
1196.64 8.81707e-12 
1196.65 9.21704e-12 
1196.66 9.67357e-12 
1196.67 1.01924e-11 
1196.68 1.07797e-11 
1196.69 1.14423e-11 
1196.7 1.21877e-11 
1196.71 1.3024e-11 
1196.72 1.39599e-11 
1196.73 1.5019e-11 
1196.74 1.61856e-11 
1196.75 1.74836e-11 
1196.76 1.89254e-11 
1196.77 2.05245e-11 
1196.78 2.22958e-11 
1196.79 2.4255e-11 
1196.8 2.64198e-11 
1196.81 2.88088e-11 
1196.82 3.14426e-11 
1196.83 3.43435e-11 
1196.84 3.75355e-11 
1196.85 4.10447e-11 
1196.86 4.48994e-11 
1196.87 4.91302e-11 
1196.88 5.37702e-11 
1196.89 5.88553e-11 
1196.9 6.4424e-11 
1196.91 7.05183e-11 
1196.92 7.71832e-11 
1196.93 8.44673e-11 
1196.94 9.24232e-11 
1196.95 1.01107e-10 
1196.96 1.10581e-10 
1196.97 1.20908e-10 
1196.98 1.32308e-10 
1196.99 1.44575e-10 
1197 1.57925e-10 
1197.01 1.72446e-10 
1197.02 1.88232e-10 
1197.03 2.05383e-10 
1197.03 2.24007e-10 
1197.04 2.4422e-10 
1197.05 2.66145e-10 
1197.06 2.89914e-10 
1197.07 3.1567e-10 
1197.08 3.43562e-10 
1197.09 3.73753e-10 
1197.1 4.06415e-10 
1197.11 4.4173e-10 
1197.12 4.79896e-10 
1197.13 5.21119e-10 
1197.14 5.65623e-10 
1197.15 6.13642e-10 
1197.16 6.65428e-10 
1197.17 7.21247e-10 
1197.18 7.81381e-10 
1197.19 8.46131e-10 
1197.2 9.15815e-10 
1197.21 9.9077e-10 
1197.22 1.07135e-09 
1197.23 1.15906e-09 
1197.24 1.25214e-09 
1197.25 1.35204e-09 
1197.26 1.45923e-09 
1197.27 1.57416e-09 
1197.28 1.69733e-09 
1197.29 1.82927e-09 
1197.3 1.97053e-09 
1197.31 2.12169e-09 
1197.32 2.28335e-09 
1197.33 2.45615e-09 
1197.34 2.64077e-09 
1197.35 2.83791e-09 
1197.36 3.04832e-09 
1197.37 3.27276e-09 
1197.38 3.51205e-09 
1197.39 3.76704e-09 
1197.4 4.0386e-09 
1197.41 4.32768e-09 
1197.42 4.63524e-09 
1197.43 4.96228e-09 
1197.44 5.30986e-09 
1197.45 5.67907e-09 
1197.45 6.07105e-09 
1197.46 6.48699e-09 
1197.47 6.92812e-09 
1197.48 7.40173e-09 
1197.49 7.89747e-09 
1197.5 8.42239e-09 
1197.51 8.97792e-09 
1197.52 9.56552e-09 
1197.53 1.01867e-08 
1197.54 1.08431e-08 
1197.55 1.15362e-08 
1197.56 1.22678e-08 
1197.57 1.30396e-08 
1197.58 1.38534e-08 
1197.59 1.47109e-08 
1197.6 1.5614e-08 
1197.61 1.6575e-08 
1197.62 1.75758e-08 
1197.63 1.86282e-08 
1197.64 1.97342e-08 
1197.65 2.0896e-08 
1197.66 2.21156e-08 
1197.67 2.33952e-08 
1197.68 2.47372e-08 
1197.69 2.61436e-08 
1197.7 2.7617e-08 
1197.71 2.91595e-08 
1197.72 3.07735e-08 
1197.73 3.24831e-08 
1197.74 3.42484e-08 
1197.75 3.60925e-08 
1197.76 3.8018e-08 
1197.77 4.00271e-08 
1197.78 4.21225e-08 
1197.79 4.43067e-08 
1197.8 4.6582e-08 
1197.81 4.89511e-08 
1197.82 5.14164e-08 
1197.83 5.39803e-08 
1197.84 5.66454e-08 
1197.85 5.94141e-08 
1197.86 6.22888e-08 
1197.87 6.52718e-08 
1197.88 6.83656e-08 
1197.88 7.15723e-08 
1197.89 7.48944e-08 
1197.9 7.83339e-08 
1197.91 8.1893e-08 
1197.92 8.55737e-08 
1197.93 8.93782e-08 
1197.94 9.33082e-08 
1197.95 9.73656e-08 
1197.96 1.01552e-07 
1197.97 1.05869e-07 
1197.98 1.10376e-07 
1197.99 1.14961e-07 
1198 1.19681e-07 
1198.01 1.24537e-07 
1198.02 1.29531e-07 
1198.03 1.34663e-07 
1198.04 1.39933e-07 
1198.05 1.45344e-07 
1198.06 1.50894e-07 
1198.07 1.56585e-07 
1198.08 1.62417e-07 
1198.09 1.68389e-07 
1198.1 1.74501e-07 
1198.11 1.80754e-07 
1198.12 1.87145e-07 
1198.13 1.93676e-07 
1198.14 2.00345e-07 
1198.15 2.07151e-07 
1198.16 2.14092e-07 
1198.17 2.21168e-07 
1198.18 2.28376e-07 
1198.19 2.35715e-07 
1198.2 2.43183e-07 
1198.21 2.50778e-07 
1198.22 2.58497e-07 
1198.23 2.66437e-07 
1198.24 2.74399e-07 
1198.25 2.82477e-07 
1198.26 2.90669e-07 
1198.27 2.98972e-07 
1198.28 3.07381e-07 
1198.29 3.15894e-07 
1198.3 3.24507e-07 
1198.3 3.33216e-07 
1198.31 3.42018e-07 
1198.32 3.50909e-07 
1198.33 3.59884e-07 
1198.34 3.6894e-07 
1198.35 3.78073e-07 
1198.36 3.87278e-07 
1198.37 3.96551e-07 
1198.38 4.05887e-07 
1198.39 4.15284e-07 
1198.4 4.24736e-07 
1198.41 4.34239e-07 
1198.42 4.43789e-07 
1198.43 4.53381e-07 
1198.44 4.63012e-07 
1198.45 4.72678e-07 
1198.46 4.82374e-07 
1198.47 4.92097e-07 
1198.48 5.01966e-07 
1198.49 5.11732e-07 
1198.5 5.21514e-07 
1198.51 5.31309e-07 
1198.52 5.41115e-07 
1198.53 5.50928e-07 
1198.54 5.60745e-07 
1198.55 5.70565e-07 
1198.56 5.80386e-07 
1198.57 5.90205e-07 
1198.58 6.00021e-07 
1198.59 6.09834e-07 
1198.6 6.19642e-07 
1198.61 6.29834e-07 
1198.62 6.39638e-07 
1198.63 6.49436e-07 
1198.64 6.5923e-07 
1198.65 6.69021e-07 
1198.66 6.78809e-07 
1198.67 6.88596e-07 
1198.68 6.98385e-07 
1198.69 7.08177e-07 
1198.7 7.17977e-07 
1198.71 7.27786e-07 
1198.72 7.37609e-07 
1198.73 7.47572e-07 
1198.73 7.57435e-07 
1198.74 7.67324e-07 
1198.75 7.77245e-07 
1198.76 7.87203e-07 
1198.77 7.97204e-07 
1198.78 8.07255e-07 
1198.79 8.17361e-07 
1198.8 8.27529e-07 
1198.81 8.37766e-07 
1198.82 8.4808e-07 
1198.83 8.58478e-07 
1198.84 8.68967e-07 
1198.85 8.79556e-07 
1198.86 8.90253e-07 
1198.87 9.01065e-07 
1198.88 9.12001e-07 
1198.89 9.2307e-07 
1198.9 9.3428e-07 
1198.91 9.45638e-07 
1198.92 9.57154e-07 
1198.93 9.68836e-07 
1198.94 9.80691e-07 
1198.95 9.92729e-07 
1198.96 1.00496e-06 
1198.97 1.01738e-06 
1198.98 1.03017e-06 
1198.99 1.04302e-06 
1199 1.05608e-06 
1199.01 1.06937e-06 
1199.02 1.08289e-06 
1199.03 1.09665e-06 
1199.04 1.11066e-06 
1199.05 1.1249e-06 
1199.06 1.1394e-06 
1199.07 1.15416e-06 
1199.08 1.16917e-06 
1199.09 1.18444e-06 
1199.1 1.19998e-06 
1199.11 1.21577e-06 
1199.12 1.23183e-06 
1199.13 1.24815e-06 
1199.14 1.26473e-06 
1199.15 1.28157e-06 
1199.15 1.29866e-06 
1199.16 1.316e-06 
1199.17 1.33359e-06 
1199.18 1.35141e-06 
1199.19 1.36947e-06 
1199.2 1.38775e-06 
1199.21 1.40625e-06 
1199.22 1.4252e-06 
1199.23 1.4441e-06 
1199.24 1.46319e-06 
1199.25 1.48245e-06 
1199.26 1.50187e-06 
1199.27 1.52143e-06 
1199.28 1.54112e-06 
1199.29 1.56093e-06 
1199.3 1.58083e-06 
1199.31 1.60081e-06 
1199.32 1.62084e-06 
1199.33 1.64092e-06 
1199.34 1.66102e-06 
1199.35 1.68111e-06 
1199.36 1.70118e-06 
1199.37 1.7212e-06 
1199.38 1.74115e-06 
1199.39 1.76101e-06 
1199.4 1.78075e-06 
1199.41 1.80035e-06 
1199.42 1.81978e-06 
1199.43 1.83902e-06 
1199.44 1.85804e-06 
1199.45 1.87681e-06 
1199.46 1.89532e-06 
1199.47 1.91352e-06 
1199.48 1.93161e-06 
1199.49 1.94913e-06 
1199.5 1.96627e-06 
1199.51 1.98301e-06 
1199.52 1.99931e-06 
1199.53 2.01515e-06 
1199.54 2.0305e-06 
1199.55 2.04534e-06 
1199.56 2.05965e-06 
1199.57 2.07339e-06 
1199.58 2.08655e-06 
1199.58 2.0991e-06 
1199.59 2.11101e-06 
1199.6 2.12226e-06 
1199.61 2.13416e-06 
1199.62 2.14405e-06 
1199.63 2.15321e-06 
1199.64 2.16164e-06 
1199.65 2.1693e-06 
1199.66 2.1762e-06 
1199.67 2.1823e-06 
1199.68 2.1876e-06 
1199.69 2.19208e-06 
1199.7 2.19572e-06 
1199.71 2.19852e-06 
1199.72 2.20047e-06 
1199.73 2.20157e-06 
1199.74 2.20177e-06 
1199.75 2.2011e-06 
1199.76 2.19954e-06 
1199.77 2.1971e-06 
1199.78 2.19378e-06 
1199.79 2.18957e-06 
1199.8 2.18447e-06 
1199.81 2.17848e-06 
1199.82 2.17162e-06 
1199.83 2.16388e-06 
1199.84 2.15528e-06 
1199.85 2.14581e-06 
1199.86 2.13549e-06 
1199.87 2.12433e-06 
1199.88 2.11235e-06 
1199.89 2.09955e-06 
1199.9 2.08595e-06 
1199.91 2.07157e-06 
1199.92 2.05642e-06 
1199.93 2.04053e-06 
1199.94 2.02392e-06 
1199.95 2.0066e-06 
1199.96 1.9886e-06 
1199.97 1.96994e-06 
1199.98 1.9504e-06 
1199.99 1.93049e-06 
1200 1.91001e-06 
1200.01 1.88897e-06 
1200.01 1.86742e-06 
1200.02 1.84537e-06 
1200.03 1.82286e-06 
1200.04 1.79992e-06 
1200.05 1.77658e-06 
1200.06 1.75288e-06 
1200.07 1.72886e-06 
1200.08 1.70453e-06 
1200.09 1.67995e-06 
1200.1 1.65514e-06 
1200.11 1.63015e-06 
1200.12 1.605e-06 
1200.13 1.57974e-06 
1200.14 1.55441e-06 
1200.15 1.52904e-06 
1200.16 1.50367e-06 
1200.17 1.47834e-06 
1200.18 1.45309e-06 
1200.19 1.42795e-06 
1200.2 1.40297e-06 
1200.21 1.3782e-06 
1200.22 1.35365e-06 
1200.23 1.32908e-06 
1200.24 1.30514e-06 
1200.25 1.28154e-06 
1200.26 1.25835e-06 
1200.27 1.23559e-06 
1200.28 1.2133e-06 
1200.29 1.19153e-06 
1200.3 1.17032e-06 
1200.31 1.14969e-06 
1200.32 1.1297e-06 
1200.33 1.11038e-06 
1200.34 1.09176e-06 
1200.35 1.0739e-06 
1200.36 1.05682e-06 
1200.37 1.04055e-06 
1200.38 1.02515e-06 
1200.39 1.01064e-06 
1200.4 9.97066e-07 
1200.41 9.84454e-07 
1200.42 9.72843e-07 
1200.43 9.62266e-07 
1200.43 9.52757e-07 
1200.44 9.44349e-07 
1200.45 9.37073e-07 
1200.46 9.30961e-07 
1200.47 9.26042e-07 
1200.48 9.22308e-07 
1200.49 9.19879e-07 
1200.5 9.18728e-07 
1200.51 9.18881e-07 
1200.52 9.20364e-07 
1200.53 9.23199e-07 
1200.54 9.27409e-07 
1200.55 9.33015e-07 
1200.56 9.40036e-07 
1200.57 9.48489e-07 
1200.58 9.58391e-07 
1200.59 9.69756e-07 
1200.6 9.82597e-07 
1200.61 9.9754e-07 
1200.62 1.01337e-06 
1200.63 1.03071e-06 
1200.64 1.04955e-06 
1200.65 1.0699e-06 
1200.66 1.09176e-06 
1200.67 1.11513e-06 
1200.68 1.14e-06 
1200.69 1.16637e-06 
1200.7 1.19423e-06 
1200.71 1.22355e-06 
1200.72 1.25434e-06 
1200.73 1.28698e-06 
1200.74 1.32064e-06 
1200.75 1.3557e-06 
1200.76 1.39213e-06 
1200.77 1.4299e-06 
1200.78 1.46898e-06 
1200.79 1.50933e-06 
1200.8 1.55091e-06 
1200.81 1.59369e-06 
1200.82 1.63761e-06 
1200.83 1.68263e-06 
1200.84 1.72869e-06 
1200.85 1.77576e-06 
1200.85 1.82376e-06 
1200.86 1.87264e-06 
1200.87 1.92233e-06 
1200.88 1.97277e-06 
1200.89 2.0239e-06 
1200.9 2.07564e-06 
1200.91 2.12791e-06 
1200.92 2.18065e-06 
1200.93 2.23377e-06 
1200.94 2.2872e-06 
1200.95 2.34085e-06 
1200.96 2.39463e-06 
1200.97 2.44847e-06 
1200.98 2.50294e-06 
1200.99 2.55662e-06 
1201 2.61008e-06 
1201.01 2.66323e-06 
1201.02 2.71599e-06 
1201.03 2.76825e-06 
1201.04 2.81994e-06 
1201.05 2.87094e-06 
1201.06 2.92118e-06 
1201.07 2.97056e-06 
1201.08 3.01899e-06 
1201.09 3.06637e-06 
1201.1 3.11262e-06 
1201.11 3.15765e-06 
1201.12 3.20137e-06 
1201.13 3.2437e-06 
1201.14 3.28455e-06 
1201.15 3.32384e-06 
1201.16 3.3615e-06 
1201.17 3.39745e-06 
1201.18 3.43162e-06 
1201.19 3.46393e-06 
1201.2 3.49433e-06 
1201.21 3.52274e-06 
1201.22 3.54912e-06 
1201.23 3.57369e-06 
1201.24 3.59581e-06 
1201.25 3.61573e-06 
1201.26 3.63342e-06 
1201.27 3.64884e-06 
1201.28 3.66197e-06 
1201.28 3.67276e-06 
1201.29 3.6812e-06 
1201.3 3.68728e-06 
1201.31 3.69097e-06 
1201.32 3.69228e-06 
1201.33 3.6912e-06 
1201.34 3.68773e-06 
1201.35 3.68187e-06 
1201.36 3.67366e-06 
1201.37 3.66309e-06 
1201.38 3.6502e-06 
1201.39 3.635e-06 
1201.4 3.61755e-06 
1201.41 3.59786e-06 
1201.42 3.57599e-06 
1201.43 3.55198e-06 
1201.44 3.52588e-06 
1201.45 3.49775e-06 
1201.46 3.46764e-06 
1201.47 3.43562e-06 
1201.48 3.40132e-06 
1201.49 3.36565e-06 
1201.5 3.32829e-06 
1201.51 3.2893e-06 
1201.52 3.24876e-06 
1201.53 3.20676e-06 
1201.54 3.16337e-06 
1201.55 3.11869e-06 
1201.56 3.0728e-06 
1201.57 3.02579e-06 
1201.58 2.97776e-06 
1201.59 2.92878e-06 
1201.6 2.87896e-06 
1201.61 2.83014e-06 
1201.62 2.77889e-06 
1201.63 2.72706e-06 
1201.64 2.67477e-06 
1201.65 2.6221e-06 
1201.66 2.56914e-06 
1201.67 2.51599e-06 
1201.68 2.46274e-06 
1201.69 2.40947e-06 
1201.7 2.35627e-06 
1201.7 2.30324e-06 
1201.71 2.25045e-06 
1201.72 2.19733e-06 
1201.73 2.14528e-06 
1201.74 2.09371e-06 
1201.75 2.04271e-06 
1201.76 1.99234e-06 
1201.77 1.94267e-06 
1201.78 1.89378e-06 
1201.79 1.84572e-06 
1201.8 1.79856e-06 
1201.81 1.75235e-06 
1201.82 1.70716e-06 
1201.83 1.66302e-06 
1201.84 1.62e-06 
1201.85 1.57813e-06 
1201.86 1.53746e-06 
1201.87 1.49803e-06 
1201.88 1.45987e-06 
1201.89 1.42301e-06 
1201.9 1.38748e-06 
1201.91 1.35331e-06 
1201.92 1.32052e-06 
1201.93 1.28912e-06 
1201.94 1.25913e-06 
1201.95 1.23057e-06 
1201.96 1.20344e-06 
1201.97 1.17775e-06 
1201.98 1.1532e-06 
1201.99 1.1304e-06 
1202 1.10904e-06 
1202.01 1.08911e-06 
1202.02 1.0706e-06 
1202.03 1.05349e-06 
1202.04 1.03778e-06 
1202.05 1.02345e-06 
1202.06 1.01048e-06 
1202.07 9.98843e-07 
1202.08 9.8852e-07 
1202.09 9.79483e-07 
1202.1 9.71704e-07 
1202.11 9.65155e-07 
1202.12 9.59802e-07 
1202.13 9.55613e-07 
1202.13 9.52553e-07 
1202.14 9.50584e-07 
1202.15 9.49669e-07 
1202.16 9.49768e-07 
1202.17 9.50841e-07 
1202.18 9.52846e-07 
1202.19 9.5574e-07 
1202.2 9.5948e-07 
1202.21 9.6402e-07 
1202.22 9.6939e-07 
1202.23 9.75399e-07 
1202.24 9.82076e-07 
1202.25 9.89368e-07 
1202.26 9.97228e-07 
1202.27 1.00561e-06 
1202.28 1.01446e-06 
1202.29 1.02374e-06 
1202.3 1.0334e-06 
1202.31 1.04339e-06 
1202.32 1.05366e-06 
1202.33 1.06416e-06 
1202.34 1.07486e-06 
1202.35 1.08569e-06 
1202.36 1.09663e-06 
1202.37 1.10761e-06 
1202.38 1.11861e-06 
1202.39 1.12956e-06 
1202.4 1.14044e-06 
1202.41 1.1512e-06 
1202.42 1.16179e-06 
1202.43 1.17218e-06 
1202.44 1.18233e-06 
1202.45 1.1922e-06 
1202.46 1.20176e-06 
1202.47 1.21097e-06 
1202.48 1.2199e-06 
1202.49 1.22831e-06 
1202.5 1.23626e-06 
1202.51 1.24374e-06 
1202.52 1.25072e-06 
1202.53 1.25717e-06 
1202.54 1.26306e-06 
1202.55 1.26837e-06 
1202.56 1.27309e-06 
1202.56 1.27719e-06 
1202.57 1.28065e-06 
1202.58 1.28346e-06 
1202.59 1.2856e-06 
1202.6 1.28707e-06 
1202.61 1.28864e-06 
1202.62 1.28871e-06 
1202.63 1.28808e-06 
1202.64 1.28674e-06 
1202.65 1.28468e-06 
1202.66 1.28191e-06 
1202.67 1.27841e-06 
1202.68 1.2742e-06 
1202.69 1.26927e-06 
1202.7 1.26364e-06 
1202.71 1.2573e-06 
1202.72 1.25027e-06 
1202.73 1.24245e-06 
1202.74 1.23404e-06 
1202.75 1.22497e-06 
1202.76 1.21525e-06 
1202.77 1.20489e-06 
1202.78 1.19392e-06 
1202.79 1.18234e-06 
1202.8 1.17017e-06 
1202.81 1.15744e-06 
1202.82 1.14416e-06 
1202.83 1.13036e-06 
1202.84 1.11605e-06 
1202.85 1.10126e-06 
1202.86 1.08602e-06 
1202.87 1.07034e-06 
1202.88 1.05425e-06 
1202.89 1.03777e-06 
1202.9 1.02094e-06 
1202.91 1.00377e-06 
1202.92 9.86292e-07 
1202.93 9.68533e-07 
1202.94 9.50518e-07 
1202.95 9.32272e-07 
1202.96 9.13822e-07 
1202.97 8.95193e-07 
1202.98 8.76412e-07 
1202.98 8.57267e-07 
1202.99 8.38256e-07 
1203 8.19169e-07 
1203.01 8.0003e-07 
1203.02 7.80863e-07 
1203.03 7.61691e-07 
1203.04 7.42538e-07 
1203.05 7.23427e-07 
1203.06 7.04378e-07 
1203.07 6.85414e-07 
1203.08 6.66554e-07 
1203.09 6.47818e-07 
1203.1 6.29226e-07 
1203.11 6.10795e-07 
1203.12 5.92543e-07 
1203.13 5.74486e-07 
1203.14 5.5664e-07 
1203.15 5.3902e-07 
1203.16 5.2164e-07 
1203.17 5.04512e-07 
1203.18 4.87649e-07 
1203.19 4.71063e-07 
1203.2 4.54764e-07 
1203.21 4.38761e-07 
1203.22 4.23063e-07 
1203.23 4.07488e-07 
1203.24 3.92427e-07 
1203.25 3.77693e-07 
1203.26 3.6329e-07 
1203.27 3.49223e-07 
1203.28 3.35496e-07 
1203.29 3.22113e-07 
1203.3 3.09075e-07 
1203.31 2.96383e-07 
1203.32 2.8404e-07 
1203.33 2.72045e-07 
1203.34 2.60397e-07 
1203.35 2.49096e-07 
1203.36 2.38141e-07 
1203.37 2.27528e-07 
1203.38 2.17256e-07 
1203.39 2.07321e-07 
1203.4 1.97719e-07 
1203.41 1.88448e-07 
1203.41 1.79501e-07 
1203.42 1.70875e-07 
1203.43 1.62565e-07 
1203.44 1.54564e-07 
1203.45 1.46868e-07 
1203.46 1.39469e-07 
1203.47 1.32363e-07 
1203.48 1.25458e-07 
1203.49 1.1892e-07 
1203.5 1.12653e-07 
1203.51 1.06652e-07 
1203.52 1.00909e-07 
1203.53 9.54164e-08 
1203.54 9.01681e-08 
1203.55 8.51565e-08 
1203.56 8.03744e-08 
1203.57 7.58147e-08 
1203.58 7.14699e-08 
1203.59 6.73331e-08 
1203.6 6.33971e-08 
1203.61 5.96915e-08 
1203.62 5.61337e-08 
1203.63 5.27557e-08 
1203.64 4.95507e-08 
1203.65 4.65121e-08 
1203.66 4.36332e-08 
1203.67 4.09075e-08 
1203.68 3.83287e-08 
1203.69 3.58906e-08 
1203.7 3.35871e-08 
1203.71 3.14123e-08 
1203.72 2.93603e-08 
1203.73 2.74022e-08 
1203.74 2.55808e-08 
1203.75 2.38659e-08 
1203.76 2.22524e-08 
1203.77 2.07353e-08 
1203.78 1.93099e-08 
1203.79 1.79715e-08 
1203.8 1.67156e-08 
1203.81 1.55381e-08 
1203.82 1.44346e-08 
1203.83 1.34014e-08 
1203.83 1.24345e-08 
1203.84 1.15304e-08 
1203.85 1.06855e-08 
1203.86 9.89644e-09 
1203.87 9.16007e-09 
1203.88 8.47332e-09 
1203.89 7.83328e-09 
1203.9 7.23717e-09 
1203.91 6.68235e-09 
1203.92 6.1663e-09 
1203.93 5.68663e-09 
1203.94 5.24108e-09 
1203.95 4.82749e-09 
1203.96 4.44382e-09 
1203.97 4.08816e-09 
1203.98 3.7547e-09 
1203.99 3.44995e-09 
1204 3.16801e-09 
1204.01 2.90733e-09 
1204.02 2.66647e-09 
1204.03 2.44408e-09 
1204.04 2.23887e-09 
1204.05 2.04963e-09 
1204.06 1.87525e-09 
1204.07 1.71466e-09 
1204.08 1.56687e-09 
1204.09 1.43094e-09 
1204.1 1.306e-09 
1204.11 1.19125e-09 
1204.12 1.08592e-09 
1204.13 9.89295e-10 
1204.14 9.0072e-10 
1204.15 8.19576e-10 
1204.16 7.45287e-10 
1204.17 6.77318e-10 
1204.18 6.15173e-10 
1204.19 5.58389e-10 
1204.2 5.06537e-10 
1204.21 4.5922e-10 
1204.22 4.1607e-10 
1204.23 3.76275e-10 
1204.24 3.405e-10 
1204.25 3.07938e-10 
1204.26 2.78321e-10 
1204.26 2.51399e-10 
1204.27 2.26942e-10 
1204.28 2.0474e-10 
1204.29 1.84597e-10 
1204.3 1.66334e-10 
1204.31 1.49787e-10 
1204.32 1.34804e-10 
1204.33 1.21245e-10 
1204.34 1.08984e-10 
1204.35 9.79028e-11 
1204.36 8.78947e-11 
1204.37 7.88617e-11 
1204.38 7.07138e-11 
1204.39 6.33691e-11 
1204.4 5.67526e-11 
1204.41 5.0796e-11 
1204.42 4.54368e-11 
1204.43 4.06182e-11 
1204.44 3.62886e-11 
1204.45 3.24006e-11 
1204.46 2.89116e-11 
1204.47 2.57826e-11 
1204.48 2.2945e-11 
1204.49 2.04367e-11 
1204.5 1.81914e-11 
1204.51 1.61829e-11 
1204.52 1.43874e-11 
1204.53 1.27833e-11 
1204.54 1.13512e-11 
1204.55 1.00733e-11 
1204.56 8.93384e-12 
1204.57 7.91845e-12 
1204.58 7.01418e-12 
1204.59 6.20938e-12 
1204.6 5.49358e-12 
1204.61 4.85733e-12 
1204.62 4.29479e-12 
1204.63 3.79275e-12 
1204.64 3.34735e-12 
1204.65 2.95246e-12 
1204.66 2.60256e-12 
1204.67 2.29273e-12 
1204.68 2.01856e-12 
1204.68 1.77609e-12 
1204.69 1.56179e-12 
1204.7 1.37251e-12 
1204.71 1.20543e-12 
1204.72 1.05632e-12 
1204.73 9.26597e-13 
1204.74 8.12309e-13 
1204.75 7.11682e-13 
1204.76 6.23141e-13 
1204.77 5.45283e-13 
1204.78 4.76861e-13 
1204.79 4.16771e-13 
1204.8 3.64031e-13 
1204.81 3.17771e-13 
1204.82 2.7722e-13 
1204.83 2.41696e-13 
1204.84 2.10597e-13 
1204.85 1.83386e-13 
1204.86 1.59595e-13 
1204.87 1.38805e-13 
1204.88 1.2065e-13 
1204.89 1.04805e-13 
1204.9 9.09859e-14 
1204.91 7.89406e-14 
1204.92 6.84482e-14 
1204.93 5.93142e-14 
1204.94 5.13678e-14 
1204.95 4.44588e-14 
1204.96 3.84556e-14 
1204.97 3.32427e-14 
1204.98 2.86664e-14 
1204.99 2.47501e-14 
1205 2.13558e-14 
1205.01 1.84158e-14 
1205.02 1.58708e-14 
1205.03 1.36692e-14 
1205.04 1.17659e-14 
1205.05 1.01214e-14 
1205.06 8.70138e-15 
1205.07 7.47606e-15 
1205.08 6.41938e-15 
1205.09 5.50869e-15 
1205.1 4.72431e-15 
1205.11 4.04914e-15 
1205.11 3.46835e-15 
1205.12 2.96906e-15 
1205.13 2.54009e-15 
1205.14 2.17177e-15 
1205.15 1.85573e-15 
1205.16 1.58471e-15 
1205.17 1.35245e-15 
1205.18 1.15353e-15 
1205.19 9.83261e-16 
1205.2 8.37616e-16 
1205.21 7.1311e-16 
1205.22 6.05606e-16 
1205.23 5.14875e-16 
1205.24 4.37537e-16 
1205.25 3.7159e-16 
1205.26 3.15389e-16 
1205.27 2.67526e-16 
1205.28 2.26787e-16 
1205.29 1.92135e-16 
1205.3 1.62679e-16 
1205.31 1.37654e-16 
1205.32 1.16408e-16 
1205.33 9.83814e-17 
1205.34 8.30954e-17 
1205.35 7.01417e-17 
1205.36 5.91712e-17 
1205.37 4.98861e-17 
1205.38 4.20324e-17 
1205.39 3.53935e-17 
1205.4 2.97851e-17 
1205.41 2.505e-17 
1205.42 2.10549e-17 
1205.43 1.76861e-17 
1205.44 1.48473e-17 
1205.45 1.24566e-17 
1205.46 1.04444e-17 
1205.47 8.75194e-18 
1205.48 7.31433e-18 
1205.49 6.12043e-18 
1205.5 5.11923e-18 
1205.51 4.27919e-18 
1205.52 3.57482e-18 
1205.53 2.98457e-18 
1205.54 2.49026e-18 
1205.54 2.07655e-18 
1205.55 1.73051e-18 
1205.56 1.44126e-18 
1205.57 1.19963e-18 
1205.58 9.97894e-19 
1205.59 8.29579e-19 
1205.6 6.89233e-19 
1205.61 5.72633e-19 
1205.62 4.75176e-19 
1205.63 3.94066e-19 
1205.64 3.26601e-19 
1205.65 2.70521e-19 
1205.66 2.23934e-19 
1205.67 1.85257e-19 
1205.68 1.53166e-19 
1205.69 1.26557e-19 
1205.7 1.04507e-19 
1205.71 8.62464e-20 
1205.72 7.11329e-20 
1205.73 5.84903e-20 
1205.74 4.81815e-20 
1205.75 3.96654e-20 
1205.76 3.26346e-20 
1205.77 2.68337e-20 
1205.78 2.20504e-20 
1205.79 1.81088e-20 
1205.8 1.48626e-20 
1205.81 1.21909e-20 
1205.82 9.99343e-21 
1205.83 8.18704e-21 
1205.84 6.70308e-21 
1205.85 5.48475e-21 
1205.86 4.48512e-21 
1205.87 3.66544e-21 
1205.88 2.99374e-21 
1205.89 2.44364e-21 
1205.9 1.9934e-21 
1205.91 1.62513e-21 
1205.92 1.32408e-21 
1205.93 1.07815e-21 
1205.94 8.77359e-22 
1205.95 7.13527e-22 
1205.96 5.79934e-22 
1205.96 4.71067e-22 
1205.97 3.82403e-22 
1205.98 3.09427e-22 
1205.99 2.50878e-22 
1206 2.03284e-22 
1206.01 1.64619e-22 
1206.02 1.33226e-22 
1206.03 1.07755e-22 
1206.04 8.70998e-23 
1206.05 7.03612e-23 
1206.06 5.68047e-23 
1206.07 4.58322e-23 
1206.08 3.69566e-23 
1206.09 2.97816e-23 
1206.1 2.3985e-23 
1206.11 1.93048e-23 
1206.12 1.55284e-23 
1206.13 1.24832e-23 
1206.14 1.0029e-23 
1206.15 8.05237e-24 
1206.16 6.46139e-24 
1206.17 5.18159e-24 
1206.18 4.15274e-24 
1206.19 3.32616e-24 
1206.2 2.66247e-24 
1206.21 2.12992e-24 
1206.22 1.70285e-24 
1206.23 1.35676e-24 
1206.24 1.08338e-24 
1206.25 8.64564e-25 
1206.26 6.8952e-25 
1206.27 5.49581e-25 
1206.28 4.37776e-25 
1206.29 3.48503e-25 
1206.3 2.77266e-25 
1206.31 2.20456e-25 
1206.32 1.75179e-25 
1206.33 1.39116e-25 
1206.34 1.1041e-25 
1206.35 8.75737e-26 
1206.36 6.94183e-26 
1206.37 5.49933e-26 
1206.38 4.35392e-26 
1206.39 3.44498e-26 
1206.39 2.72413e-26 
1206.4 2.1528e-26 
1206.41 1.70026e-26 
1206.42 1.34203e-26 
1206.43 1.05863e-26 
1206.44 8.34563e-27 
1206.45 6.57523e-27 
1206.46 5.17723e-27 
1206.47 4.07398e-27 
1206.48 3.19426e-27 
1206.49 2.51049e-27 
1206.5 1.97189e-27 
1206.51 1.5479e-27 
1206.52 1.21433e-27 
1206.53 9.52061e-28 
1206.54 7.45983e-28 
1206.55 5.84155e-28 
1206.56 4.57154e-28 
1206.57 3.57546e-28 
1206.58 2.79471e-28 
1206.59 2.18311e-28 
1206.6 0 
