#energy geo_1 
1186.6 5.48269e-07 
1186.61 5.47918e-07 
1186.62 5.47567e-07 
1186.63 5.47216e-07 
1186.64 5.46866e-07 
1186.65 5.46516e-07 
1186.66 5.46166e-07 
1186.67 5.45816e-07 
1186.68 5.45466e-07 
1186.69 5.45117e-07 
1186.7 5.44767e-07 
1186.71 5.44419e-07 
1186.72 5.44069e-07 
1186.73 5.43721e-07 
1186.74 5.43372e-07 
1186.75 5.43024e-07 
1186.76 5.42676e-07 
1186.77 5.42328e-07 
1186.78 5.4198e-07 
1186.79 5.41632e-07 
1186.8 5.41285e-07 
1186.81 5.40938e-07 
1186.81 5.40591e-07 
1186.82 5.40244e-07 
1186.83 5.39897e-07 
1186.84 5.3955e-07 
1186.85 5.39204e-07 
1186.86 5.38858e-07 
1186.87 5.38512e-07 
1186.88 5.38167e-07 
1186.89 5.37821e-07 
1186.9 5.37475e-07 
1186.91 5.37131e-07 
1186.92 5.36785e-07 
1186.93 5.36441e-07 
1186.94 5.36096e-07 
1186.95 5.35752e-07 
1186.96 5.35407e-07 
1186.97 5.35063e-07 
1186.98 5.34719e-07 
1186.99 5.34376e-07 
1187 5.34031e-07 
1187.01 5.33689e-07 
1187.02 5.33345e-07 
1187.03 5.33002e-07 
1187.04 5.32659e-07 
1187.05 5.32317e-07 
1187.06 5.31974e-07 
1187.07 5.31632e-07 
1187.08 5.3129e-07 
1187.09 5.30947e-07 
1187.1 5.30606e-07 
1187.11 5.30264e-07 
1187.12 5.29922e-07 
1187.13 5.29581e-07 
1187.14 5.2924e-07 
1187.15 5.28899e-07 
1187.16 5.28558e-07 
1187.17 5.28217e-07 
1187.18 5.27877e-07 
1187.19 5.27537e-07 
1187.2 5.27197e-07 
1187.21 5.26857e-07 
1187.22 5.26517e-07 
1187.23 5.26177e-07 
1187.24 5.25838e-07 
1187.24 5.25499e-07 
1187.25 5.2516e-07 
1187.26 5.24821e-07 
1187.27 5.24482e-07 
1187.28 5.24144e-07 
1187.29 5.23805e-07 
1187.3 5.23466e-07 
1187.31 5.23128e-07 
1187.32 5.22791e-07 
1187.33 5.22452e-07 
1187.34 5.22115e-07 
1187.35 5.21778e-07 
1187.36 5.2144e-07 
1187.37 5.21103e-07 
1187.38 5.20765e-07 
1187.39 5.20429e-07 
1187.4 5.20092e-07 
1187.41 5.19756e-07 
1187.42 5.1942e-07 
1187.43 5.19083e-07 
1187.44 5.18747e-07 
1187.45 5.18411e-07 
1187.46 5.18075e-07 
1187.47 5.1774e-07 
1187.48 5.17404e-07 
1187.49 5.17069e-07 
1187.5 5.16734e-07 
1187.51 5.16398e-07 
1187.52 5.16064e-07 
1187.53 5.15729e-07 
1187.54 5.15395e-07 
1187.55 5.1506e-07 
1187.56 5.14726e-07 
1187.57 5.14392e-07 
1187.58 5.14058e-07 
1187.59 5.13724e-07 
1187.6 5.1339e-07 
1187.61 5.13377e-07 
1187.62 5.13043e-07 
1187.63 5.12711e-07 
1187.64 5.12377e-07 
1187.65 5.12044e-07 
1187.66 5.11711e-07 
1187.66 5.11377e-07 
1187.67 5.11045e-07 
1187.68 5.10712e-07 
1187.69 5.10379e-07 
1187.7 5.10047e-07 
1187.71 5.09715e-07 
1187.72 5.09383e-07 
1187.73 5.09051e-07 
1187.74 5.08719e-07 
1187.75 5.08387e-07 
1187.76 5.08055e-07 
1187.77 5.07723e-07 
1187.78 5.07392e-07 
1187.79 5.07061e-07 
1187.8 5.0673e-07 
1187.81 5.06399e-07 
1187.82 5.06068e-07 
1187.83 5.05737e-07 
1187.84 5.05406e-07 
1187.85 5.05076e-07 
1187.86 5.04746e-07 
1187.87 5.04416e-07 
1187.88 5.04085e-07 
1187.89 5.03755e-07 
1187.9 5.03426e-07 
1187.91 5.03096e-07 
1187.92 5.02766e-07 
1187.93 5.02436e-07 
1187.94 5.02107e-07 
1187.95 5.01777e-07 
1187.96 5.01449e-07 
1187.97 5.01119e-07 
1187.98 5.0079e-07 
1187.99 5.00461e-07 
1188 5.00132e-07 
1188.01 4.99804e-07 
1188.02 4.99475e-07 
1188.03 4.99146e-07 
1188.04 4.98818e-07 
1188.05 4.9849e-07 
1188.06 4.98161e-07 
1188.07 4.97833e-07 
1188.08 4.97505e-07 
1188.09 4.97177e-07 
1188.09 4.9685e-07 
1188.1 4.96521e-07 
1188.11 4.96194e-07 
1188.12 4.95866e-07 
1188.13 4.95539e-07 
1188.14 4.95212e-07 
1188.15 4.94884e-07 
1188.16 4.94557e-07 
1188.17 4.9423e-07 
1188.18 4.93903e-07 
1188.19 4.93576e-07 
1188.2 4.93249e-07 
1188.21 4.92922e-07 
1188.22 4.92595e-07 
1188.23 4.92269e-07 
1188.24 4.91942e-07 
1188.25 4.91616e-07 
1188.26 4.91289e-07 
1188.27 4.90963e-07 
1188.28 4.90636e-07 
1188.29 4.9031e-07 
1188.3 4.89985e-07 
1188.31 4.89658e-07 
1188.32 4.89332e-07 
1188.33 4.89006e-07 
1188.34 4.8868e-07 
1188.35 4.88354e-07 
1188.36 4.88029e-07 
1188.37 4.87703e-07 
1188.38 4.87377e-07 
1188.39 4.87051e-07 
1188.4 4.86726e-07 
1188.41 4.864e-07 
1188.42 4.86075e-07 
1188.43 4.85749e-07 
1188.44 4.85424e-07 
1188.45 4.85099e-07 
1188.46 4.84774e-07 
1188.47 4.84449e-07 
1188.48 4.84124e-07 
1188.49 4.83798e-07 
1188.5 4.83473e-07 
1188.51 4.83148e-07 
1188.52 4.82823e-07 
1188.52 4.82498e-07 
1188.53 4.82173e-07 
1188.54 4.81848e-07 
1188.55 4.81523e-07 
1188.56 4.81199e-07 
1188.57 4.80874e-07 
1188.58 4.80549e-07 
1188.59 4.80224e-07 
1188.6 4.80199e-07 
1188.61 4.79874e-07 
1188.62 4.79549e-07 
1188.63 4.79224e-07 
1188.64 4.78899e-07 
1188.65 4.78574e-07 
1188.66 4.7825e-07 
1188.67 4.77925e-07 
1188.68 4.77599e-07 
1188.69 4.77275e-07 
1188.7 4.7695e-07 
1188.71 4.76625e-07 
1188.72 4.76301e-07 
1188.73 4.75976e-07 
1188.74 4.75651e-07 
1188.75 4.75326e-07 
1188.76 4.75001e-07 
1188.77 4.74676e-07 
1188.78 4.74351e-07 
1188.79 4.74026e-07 
1188.8 4.73701e-07 
1188.81 4.73376e-07 
1188.82 4.73052e-07 
1188.83 4.72727e-07 
1188.84 4.72402e-07 
1188.85 4.72076e-07 
1188.86 4.71752e-07 
1188.87 4.71427e-07 
1188.88 4.71102e-07 
1188.89 4.70777e-07 
1188.9 4.70451e-07 
1188.91 4.70126e-07 
1188.92 4.69801e-07 
1188.93 4.69475e-07 
1188.94 4.6915e-07 
1188.94 4.68825e-07 
1188.95 4.68499e-07 
1188.96 4.68174e-07 
1188.97 4.67848e-07 
1188.98 4.67523e-07 
1188.99 4.67198e-07 
1189 4.66872e-07 
1189.01 4.66546e-07 
1189.02 4.66221e-07 
1189.03 4.65895e-07 
1189.04 4.65569e-07 
1189.05 4.65243e-07 
1189.06 4.64917e-07 
1189.07 4.64591e-07 
1189.08 4.64264e-07 
1189.09 4.63938e-07 
1189.1 4.63612e-07 
1189.11 4.63285e-07 
1189.12 4.62959e-07 
1189.13 4.62633e-07 
1189.14 4.62306e-07 
1189.15 4.61979e-07 
1189.16 4.61653e-07 
1189.17 4.61326e-07 
1189.18 4.60999e-07 
1189.19 4.60672e-07 
1189.2 4.60345e-07 
1189.21 4.60017e-07 
1189.22 4.5969e-07 
1189.23 4.59362e-07 
1189.24 4.59034e-07 
1189.25 4.58707e-07 
1189.26 4.58379e-07 
1189.27 4.58051e-07 
1189.28 4.57723e-07 
1189.29 4.57395e-07 
1189.3 4.57066e-07 
1189.31 4.56738e-07 
1189.32 4.56409e-07 
1189.33 4.56081e-07 
1189.34 4.55752e-07 
1189.35 4.55423e-07 
1189.36 4.55094e-07 
1189.36 4.54764e-07 
1189.37 4.54435e-07 
1189.38 4.54106e-07 
1189.39 4.53776e-07 
1189.4 4.53446e-07 
1189.41 4.53116e-07 
1189.42 4.52786e-07 
1189.43 4.52455e-07 
1189.44 4.52125e-07 
1189.45 4.51795e-07 
1189.46 4.51463e-07 
1189.47 4.51133e-07 
1189.48 4.50801e-07 
1189.49 4.5047e-07 
1189.5 4.50138e-07 
1189.51 4.49807e-07 
1189.52 4.49475e-07 
1189.53 4.49143e-07 
1189.54 4.48811e-07 
1189.55 4.48478e-07 
1189.56 4.48146e-07 
1189.57 4.47813e-07 
1189.58 4.4748e-07 
1189.59 4.47146e-07 
1189.6 4.46813e-07 
1189.61 4.46758e-07 
1189.62 4.46424e-07 
1189.63 4.4609e-07 
1189.64 4.45755e-07 
1189.65 4.45421e-07 
1189.66 4.45086e-07 
1189.67 4.44751e-07 
1189.68 4.44415e-07 
1189.69 4.44079e-07 
1189.7 4.43744e-07 
1189.71 4.43407e-07 
1189.72 4.43071e-07 
1189.73 4.42735e-07 
1189.74 4.42398e-07 
1189.75 4.42061e-07 
1189.76 4.41724e-07 
1189.77 4.41386e-07 
1189.78 4.41047e-07 
1189.79 4.4071e-07 
1189.79 4.40371e-07 
1189.8 4.40033e-07 
1189.81 4.39693e-07 
1189.82 4.39354e-07 
1189.83 4.39015e-07 
1189.84 4.38675e-07 
1189.85 4.38335e-07 
1189.86 4.37995e-07 
1189.87 4.37654e-07 
1189.88 4.37313e-07 
1189.89 4.36972e-07 
1189.9 4.3663e-07 
1189.91 4.36289e-07 
1189.92 4.35946e-07 
1189.93 4.35604e-07 
1189.94 4.35261e-07 
1189.95 4.34918e-07 
1189.96 4.34575e-07 
1189.97 4.34231e-07 
1189.98 4.33887e-07 
1189.99 4.33542e-07 
1190 4.33198e-07 
1190.01 4.32852e-07 
1190.02 4.32507e-07 
1190.03 4.32162e-07 
1190.04 4.31815e-07 
1190.05 4.31469e-07 
1190.06 4.31122e-07 
1190.07 4.30775e-07 
1190.08 4.30427e-07 
1190.09 4.3008e-07 
1190.1 4.29731e-07 
1190.11 4.29383e-07 
1190.12 4.29034e-07 
1190.13 4.28684e-07 
1190.14 4.28334e-07 
1190.15 4.27984e-07 
1190.16 4.27634e-07 
1190.17 4.27283e-07 
1190.18 4.26931e-07 
1190.19 4.2658e-07 
1190.2 4.26227e-07 
1190.21 4.25875e-07 
1190.21 4.25522e-07 
1190.22 4.25168e-07 
1190.23 4.24815e-07 
1190.24 4.2446e-07 
1190.25 4.24106e-07 
1190.26 4.23751e-07 
1190.27 4.23395e-07 
1190.28 4.23039e-07 
1190.29 4.22683e-07 
1190.3 4.22326e-07 
1190.31 4.21968e-07 
1190.32 4.21611e-07 
1190.33 4.21253e-07 
1190.34 4.20894e-07 
1190.35 4.20535e-07 
1190.36 4.20176e-07 
1190.37 4.19816e-07 
1190.38 4.19455e-07 
1190.39 4.19094e-07 
1190.4 4.18732e-07 
1190.41 4.1837e-07 
1190.42 4.18008e-07 
1190.43 4.17645e-07 
1190.44 4.17281e-07 
1190.45 4.16918e-07 
1190.46 4.16553e-07 
1190.47 4.16188e-07 
1190.48 4.15823e-07 
1190.49 4.15456e-07 
1190.5 4.1509e-07 
1190.51 4.14723e-07 
1190.52 4.14355e-07 
1190.53 4.13987e-07 
1190.54 4.13618e-07 
1190.55 4.13249e-07 
1190.56 4.1288e-07 
1190.57 4.12509e-07 
1190.58 4.12138e-07 
1190.59 4.11767e-07 
1190.6 4.11395e-07 
1190.61 4.11279e-07 
1190.62 4.10906e-07 
1190.63 4.10532e-07 
1190.64 4.10157e-07 
1190.64 4.09782e-07 
1190.65 4.09406e-07 
1190.66 4.0903e-07 
1190.67 4.08653e-07 
1190.68 4.08276e-07 
1190.69 4.07898e-07 
1190.7 4.07519e-07 
1190.71 4.0714e-07 
1190.72 4.0676e-07 
1190.73 4.06379e-07 
1190.74 4.05999e-07 
1190.75 4.05617e-07 
1190.76 4.05234e-07 
1190.77 4.04851e-07 
1190.78 4.04467e-07 
1190.79 4.04083e-07 
1190.8 4.03699e-07 
1190.81 4.03313e-07 
1190.82 4.02927e-07 
1190.83 4.0254e-07 
1190.84 4.02152e-07 
1190.85 4.01764e-07 
1190.86 4.01375e-07 
1190.87 4.00985e-07 
1190.88 4.00595e-07 
1190.89 4.00204e-07 
1190.9 3.99812e-07 
1190.91 3.9942e-07 
1190.92 3.99027e-07 
1190.93 3.98633e-07 
1190.94 3.98239e-07 
1190.95 3.97844e-07 
1190.96 3.97448e-07 
1190.97 3.97052e-07 
1190.98 3.96654e-07 
1190.99 3.96256e-07 
1191 3.95857e-07 
1191.01 3.95458e-07 
1191.02 3.95058e-07 
1191.03 3.94657e-07 
1191.04 3.94255e-07 
1191.05 3.93852e-07 
1191.06 3.93449e-07 
1191.07 3.93045e-07 
1191.07 3.92641e-07 
1191.08 3.92235e-07 
1191.09 3.91829e-07 
1191.1 3.91422e-07 
1191.11 3.91014e-07 
1191.12 3.90606e-07 
1191.13 3.90196e-07 
1191.14 3.89786e-07 
1191.15 3.89375e-07 
1191.16 3.88963e-07 
1191.17 3.88551e-07 
1191.18 3.88137e-07 
1191.19 3.87723e-07 
1191.2 3.87308e-07 
1191.21 3.86892e-07 
1191.22 3.86476e-07 
1191.23 3.86058e-07 
1191.24 3.8564e-07 
1191.25 3.85221e-07 
1191.26 3.84801e-07 
1191.27 3.8438e-07 
1191.28 3.83958e-07 
1191.29 3.83536e-07 
1191.3 3.83113e-07 
1191.31 3.82688e-07 
1191.32 3.82263e-07 
1191.33 3.81837e-07 
1191.34 3.8141e-07 
1191.35 3.80982e-07 
1191.36 3.80554e-07 
1191.37 3.80125e-07 
1191.38 3.79694e-07 
1191.39 3.79263e-07 
1191.4 3.78831e-07 
1191.41 3.78398e-07 
1191.42 3.77964e-07 
1191.43 3.77529e-07 
1191.44 3.77093e-07 
1191.45 3.76657e-07 
1191.46 3.76219e-07 
1191.47 3.75781e-07 
1191.48 3.75341e-07 
1191.49 3.74901e-07 
1191.49 3.74459e-07 
1191.5 3.74017e-07 
1191.51 3.73574e-07 
1191.52 3.7313e-07 
1191.53 3.72685e-07 
1191.54 3.72239e-07 
1191.55 3.71792e-07 
1191.56 3.71344e-07 
1191.57 3.70895e-07 
1191.58 3.70445e-07 
1191.59 3.69994e-07 
1191.6 3.69773e-07 
1191.61 3.6932e-07 
1191.62 3.68866e-07 
1191.63 3.68411e-07 
1191.64 3.67955e-07 
1191.65 3.67498e-07 
1191.66 3.67039e-07 
1191.67 3.6658e-07 
1191.68 3.6612e-07 
1191.69 3.65659e-07 
1191.7 3.65197e-07 
1191.71 3.64734e-07 
1191.72 3.6427e-07 
1191.73 3.63804e-07 
1191.74 3.63338e-07 
1191.75 3.62871e-07 
1191.76 3.62403e-07 
1191.77 3.61933e-07 
1191.78 3.61463e-07 
1191.79 3.60991e-07 
1191.8 3.60519e-07 
1191.81 3.60045e-07 
1191.82 3.59571e-07 
1191.83 3.59095e-07 
1191.84 3.58618e-07 
1191.85 3.5814e-07 
1191.86 3.57661e-07 
1191.87 3.57181e-07 
1191.88 3.567e-07 
1191.89 3.56217e-07 
1191.9 3.55734e-07 
1191.91 3.5525e-07 
1191.92 3.54764e-07 
1191.92 3.54277e-07 
1191.93 3.53789e-07 
1191.94 3.533e-07 
1191.95 3.5281e-07 
1191.96 3.52319e-07 
1191.97 3.51826e-07 
1191.98 3.51333e-07 
1191.99 3.50838e-07 
1192 3.50342e-07 
1192.01 3.49845e-07 
1192.02 3.49347e-07 
1192.03 3.48848e-07 
1192.04 3.48347e-07 
1192.05 3.47846e-07 
1192.06 3.47343e-07 
1192.07 3.46839e-07 
1192.08 3.46333e-07 
1192.09 3.45827e-07 
1192.1 3.45319e-07 
1192.11 3.4481e-07 
1192.12 3.443e-07 
1192.13 3.43789e-07 
1192.14 3.43276e-07 
1192.15 3.42763e-07 
1192.16 3.42248e-07 
1192.17 3.41731e-07 
1192.18 3.41214e-07 
1192.19 3.40695e-07 
1192.2 3.40175e-07 
1192.21 3.39654e-07 
1192.22 3.39131e-07 
1192.23 3.38608e-07 
1192.24 3.38082e-07 
1192.25 3.37556e-07 
1192.26 3.37029e-07 
1192.27 3.365e-07 
1192.28 3.35969e-07 
1192.29 3.35438e-07 
1192.3 3.34905e-07 
1192.31 3.34371e-07 
1192.32 3.33836e-07 
1192.33 3.33299e-07 
1192.34 3.32761e-07 
1192.34 3.32221e-07 
1192.35 3.31681e-07 
1192.36 3.31139e-07 
1192.37 3.30595e-07 
1192.38 3.30051e-07 
1192.39 3.29505e-07 
1192.4 3.28957e-07 
1192.41 3.28408e-07 
1192.42 3.27858e-07 
1192.43 3.27307e-07 
1192.44 3.26754e-07 
1192.45 3.26199e-07 
1192.46 3.25644e-07 
1192.47 3.25087e-07 
1192.48 3.24528e-07 
1192.49 3.23968e-07 
1192.5 3.23407e-07 
1192.51 3.22844e-07 
1192.52 3.2228e-07 
1192.53 3.21715e-07 
1192.54 3.21148e-07 
1192.55 3.2058e-07 
1192.56 3.2001e-07 
1192.57 3.19439e-07 
1192.58 3.18866e-07 
1192.59 3.18292e-07 
1192.6 3.17717e-07 
1192.61 3.17337e-07 
1192.62 3.16759e-07 
1192.63 3.16178e-07 
1192.64 3.15597e-07 
1192.65 3.15014e-07 
1192.66 3.1443e-07 
1192.67 3.13843e-07 
1192.68 3.13256e-07 
1192.69 3.12668e-07 
1192.7 3.12077e-07 
1192.71 3.11486e-07 
1192.72 3.10892e-07 
1192.73 3.10298e-07 
1192.74 3.09702e-07 
1192.75 3.09105e-07 
1192.76 3.08506e-07 
1192.77 3.07906e-07 
1192.77 3.07305e-07 
1192.78 3.06702e-07 
1192.79 3.06098e-07 
1192.8 3.05492e-07 
1192.81 3.04885e-07 
1192.82 3.04277e-07 
1192.83 3.03668e-07 
1192.84 3.03057e-07 
1192.85 3.02445e-07 
1192.86 3.01832e-07 
1192.87 3.01217e-07 
1192.88 3.00602e-07 
1192.89 2.99985e-07 
1192.9 2.99367e-07 
1192.91 2.98748e-07 
1192.92 2.98128e-07 
1192.93 2.97508e-07 
1192.94 2.96886e-07 
1192.95 2.96263e-07 
1192.96 2.9564e-07 
1192.97 2.95016e-07 
1192.98 2.94392e-07 
1192.99 2.93767e-07 
1193 2.93141e-07 
1193.01 2.92515e-07 
1193.02 2.91889e-07 
1193.03 2.91263e-07 
1193.04 2.90638e-07 
1193.05 2.90012e-07 
1193.06 2.89386e-07 
1193.07 2.88761e-07 
1193.08 2.88138e-07 
1193.09 2.87514e-07 
1193.1 2.86892e-07 
1193.11 2.86272e-07 
1193.12 2.85653e-07 
1193.13 2.85036e-07 
1193.14 2.84421e-07 
1193.15 2.83809e-07 
1193.16 2.832e-07 
1193.17 2.82594e-07 
1193.18 2.81992e-07 
1193.19 2.81394e-07 
1193.19 2.808e-07 
1193.2 2.80211e-07 
1193.21 2.79629e-07 
1193.22 2.79053e-07 
1193.23 2.78483e-07 
1193.24 2.77921e-07 
1193.25 2.77367e-07 
1193.26 2.76822e-07 
1193.27 2.76287e-07 
1193.28 2.75762e-07 
1193.29 2.75249e-07 
1193.3 2.74748e-07 
1193.31 2.74261e-07 
1193.32 2.73789e-07 
1193.33 2.73332e-07 
1193.34 2.72893e-07 
1193.35 2.72472e-07 
1193.36 2.72071e-07 
1193.37 2.71692e-07 
1193.38 2.71336e-07 
1193.39 2.71005e-07 
1193.4 2.707e-07 
1193.41 2.70424e-07 
1193.42 2.70179e-07 
1193.43 2.69966e-07 
1193.44 2.69789e-07 
1193.45 2.69649e-07 
1193.46 2.69549e-07 
1193.47 2.69492e-07 
1193.48 2.69489e-07 
1193.49 2.69527e-07 
1193.5 2.69617e-07 
1193.51 2.69761e-07 
1193.52 2.69964e-07 
1193.53 2.70229e-07 
1193.54 2.70561e-07 
1193.55 2.70962e-07 
1193.56 2.71438e-07 
1193.57 2.71992e-07 
1193.58 2.7263e-07 
1193.59 2.73356e-07 
1193.6 2.74175e-07 
1193.61 2.75264e-07 
1193.62 2.76286e-07 
1193.62 2.77418e-07 
1193.63 2.78666e-07 
1193.64 2.80036e-07 
1193.65 2.81534e-07 
1193.66 2.83167e-07 
1193.67 2.84942e-07 
1193.68 2.86867e-07 
1193.69 2.88948e-07 
1193.7 2.91194e-07 
1193.71 2.93612e-07 
1193.72 2.96211e-07 
1193.73 2.99045e-07 
1193.74 3.02034e-07 
1193.75 3.0523e-07 
1193.76 3.08642e-07 
1193.77 3.12281e-07 
1193.78 3.16156e-07 
1193.79 3.20277e-07 
1193.8 3.24655e-07 
1193.81 3.29299e-07 
1193.82 3.34222e-07 
1193.83 3.39434e-07 
1193.84 3.44946e-07 
1193.85 3.50769e-07 
1193.86 3.56916e-07 
1193.87 3.63399e-07 
1193.88 3.70229e-07 
1193.89 3.77419e-07 
1193.9 3.84981e-07 
1193.91 3.92928e-07 
1193.92 4.01272e-07 
1193.93 4.10026e-07 
1193.94 4.19203e-07 
1193.95 4.28816e-07 
1193.96 4.38877e-07 
1193.97 4.494e-07 
1193.98 4.60548e-07 
1193.99 4.72039e-07 
1194 4.8403e-07 
1194.01 4.96534e-07 
1194.02 5.09563e-07 
1194.03 5.23129e-07 
1194.04 5.37247e-07 
1194.05 5.51925e-07 
1194.05 5.67177e-07 
1194.06 5.83014e-07 
1194.07 5.99447e-07 
1194.08 6.16486e-07 
1194.09 6.34141e-07 
1194.1 6.52423e-07 
1194.11 6.71341e-07 
1194.12 6.90901e-07 
1194.13 7.11116e-07 
1194.14 7.31989e-07 
1194.15 7.53529e-07 
1194.16 7.75742e-07 
1194.17 7.98633e-07 
1194.18 8.22207e-07 
1194.19 8.46466e-07 
1194.2 8.71415e-07 
1194.21 8.97054e-07 
1194.22 9.23386e-07 
1194.23 9.50762e-07 
1194.24 9.78485e-07 
1194.25 1.0069e-06 
1194.26 1.03599e-06 
1194.27 1.06577e-06 
1194.28 1.09622e-06 
1194.29 1.12734e-06 
1194.3 1.15913e-06 
1194.31 1.19156e-06 
1194.32 1.22463e-06 
1194.33 1.25833e-06 
1194.34 1.29265e-06 
1194.35 1.32756e-06 
1194.36 1.36306e-06 
1194.37 1.39913e-06 
1194.38 1.43574e-06 
1194.39 1.47288e-06 
1194.4 1.51053e-06 
1194.41 1.54866e-06 
1194.42 1.58725e-06 
1194.43 1.62627e-06 
1194.44 1.6657e-06 
1194.45 1.7055e-06 
1194.46 1.74565e-06 
1194.47 1.78612e-06 
1194.47 1.82739e-06 
1194.48 1.86839e-06 
1194.49 1.9096e-06 
1194.5 1.95099e-06 
1194.51 1.99252e-06 
1194.52 2.03416e-06 
1194.53 2.07585e-06 
1194.54 2.11757e-06 
1194.55 2.15927e-06 
1194.56 2.20091e-06 
1194.57 2.24244e-06 
1194.58 2.28382e-06 
1194.59 2.32501e-06 
1194.6 2.36596e-06 
1194.61 2.40812e-06 
1194.62 2.44848e-06 
1194.63 2.48847e-06 
1194.64 2.52803e-06 
1194.65 2.56712e-06 
1194.66 2.60569e-06 
1194.67 2.6437e-06 
1194.68 2.6811e-06 
1194.69 2.71784e-06 
1194.7 2.75387e-06 
1194.71 2.78916e-06 
1194.72 2.82366e-06 
1194.73 2.85773e-06 
1194.74 2.89049e-06 
1194.75 2.92232e-06 
1194.76 2.95318e-06 
1194.77 2.98303e-06 
1194.78 3.01183e-06 
1194.79 3.03954e-06 
1194.8 3.06612e-06 
1194.81 3.09154e-06 
1194.82 3.11575e-06 
1194.83 3.13873e-06 
1194.84 3.16044e-06 
1194.85 3.18086e-06 
1194.86 3.19995e-06 
1194.87 3.2177e-06 
1194.88 3.23406e-06 
1194.89 3.24903e-06 
1194.9 3.26257e-06 
1194.9 3.27468e-06 
1194.91 3.28533e-06 
1194.92 3.29451e-06 
1194.93 3.30221e-06 
1194.94 3.30841e-06 
1194.95 3.31311e-06 
1194.96 3.31631e-06 
1194.97 3.31799e-06 
1194.98 3.31817e-06 
1194.99 3.31681e-06 
1195 3.31394e-06 
1195.01 3.30958e-06 
1195.02 3.30372e-06 
1195.03 3.29637e-06 
1195.04 3.28756e-06 
1195.05 3.27729e-06 
1195.06 3.26557e-06 
1195.07 3.25244e-06 
1195.08 3.23791e-06 
1195.09 3.222e-06 
1195.1 3.20473e-06 
1195.11 3.18614e-06 
1195.12 3.16626e-06 
1195.13 3.1451e-06 
1195.14 3.12272e-06 
1195.15 3.09913e-06 
1195.16 3.07438e-06 
1195.17 3.04849e-06 
1195.18 3.02152e-06 
1195.19 2.99349e-06 
1195.2 2.96446e-06 
1195.21 2.93445e-06 
1195.22 2.90352e-06 
1195.23 2.87132e-06 
1195.24 2.83865e-06 
1195.25 2.8052e-06 
1195.26 2.771e-06 
1195.27 2.7361e-06 
1195.28 2.70054e-06 
1195.29 2.66438e-06 
1195.3 2.62765e-06 
1195.31 2.59042e-06 
1195.32 2.55272e-06 
1195.32 2.51461e-06 
1195.33 2.47612e-06 
1195.34 2.43731e-06 
1195.35 2.39823e-06 
1195.36 2.35891e-06 
1195.37 2.3194e-06 
1195.38 2.27976e-06 
1195.39 2.24002e-06 
1195.4 2.20023e-06 
1195.41 2.16042e-06 
1195.42 2.12065e-06 
1195.43 2.08096e-06 
1195.44 2.04137e-06 
1195.45 2.00193e-06 
1195.46 1.96269e-06 
1195.47 1.92367e-06 
1195.48 1.88443e-06 
1195.49 1.84596e-06 
1195.5 1.80782e-06 
1195.51 1.77005e-06 
1195.52 1.73265e-06 
1195.53 1.69567e-06 
1195.54 1.65914e-06 
1195.55 1.62307e-06 
1195.56 1.5875e-06 
1195.57 1.55243e-06 
1195.58 1.51791e-06 
1195.59 1.48394e-06 
1195.6 1.45054e-06 
1195.61 1.41861e-06 
1195.62 1.38638e-06 
1195.63 1.35477e-06 
1195.64 1.32379e-06 
1195.65 1.29346e-06 
1195.66 1.26377e-06 
1195.67 1.23474e-06 
1195.68 1.20637e-06 
1195.69 1.17867e-06 
1195.7 1.15165e-06 
1195.71 1.1253e-06 
1195.72 1.09963e-06 
1195.73 1.07434e-06 
1195.74 1.05003e-06 
1195.75 1.0264e-06 
1195.75 1.00344e-06 
1195.76 9.81144e-07 
1195.77 9.59513e-07 
1195.78 9.38538e-07 
1195.79 9.18212e-07 
1195.8 8.98528e-07 
1195.81 8.79477e-07 
1195.82 8.61048e-07 
1195.83 8.43235e-07 
1195.84 8.26024e-07 
1195.85 8.09404e-07 
1195.86 7.93365e-07 
1195.87 7.77892e-07 
1195.88 7.62975e-07 
1195.89 7.486e-07 
1195.9 7.34753e-07 
1195.91 7.2142e-07 
1195.92 7.08588e-07 
1195.93 6.96241e-07 
1195.94 6.84366e-07 
1195.95 6.72948e-07 
1195.96 6.61971e-07 
1195.97 6.51421e-07 
1195.98 6.41165e-07 
1195.99 6.31431e-07 
1196 6.22078e-07 
1196.01 6.13093e-07 
1196.02 6.04461e-07 
1196.03 5.96168e-07 
1196.04 5.88199e-07 
1196.05 5.8054e-07 
1196.06 5.73177e-07 
1196.07 5.66098e-07 
1196.08 5.59287e-07 
1196.09 5.52733e-07 
1196.1 5.46423e-07 
1196.11 5.40343e-07 
1196.12 5.34484e-07 
1196.13 5.28832e-07 
1196.14 5.23377e-07 
1196.15 5.18108e-07 
1196.16 5.13015e-07 
1196.17 5.08086e-07 
1196.17 5.03315e-07 
1196.18 4.9869e-07 
1196.19 4.94204e-07 
1196.2 4.89849e-07 
1196.21 4.85618e-07 
1196.22 4.81458e-07 
1196.23 4.77452e-07 
1196.24 4.73552e-07 
1196.25 4.69749e-07 
1196.26 4.6604e-07 
1196.27 4.62419e-07 
1196.28 4.58883e-07 
1196.29 4.55429e-07 
1196.3 4.52053e-07 
1196.31 4.48753e-07 
1196.32 4.45528e-07 
1196.33 4.42375e-07 
1196.34 4.39294e-07 
1196.35 4.36285e-07 
1196.36 4.33348e-07 
1196.37 4.30484e-07 
1196.38 4.27693e-07 
1196.39 4.24978e-07 
1196.4 4.2234e-07 
1196.41 4.19782e-07 
1196.42 4.17306e-07 
1196.43 4.14918e-07 
1196.44 4.1262e-07 
1196.45 4.10418e-07 
1196.46 4.08314e-07 
1196.47 4.06316e-07 
1196.48 4.04412e-07 
1196.49 4.02642e-07 
1196.5 4.00996e-07 
1196.51 3.99481e-07 
1196.52 3.98103e-07 
1196.53 3.9687e-07 
1196.54 3.9579e-07 
1196.55 3.94872e-07 
1196.56 3.94123e-07 
1196.57 3.93553e-07 
1196.58 3.93172e-07 
1196.59 3.92987e-07 
1196.6 3.9301e-07 
1196.6 3.93495e-07 
1196.61 3.93964e-07 
1196.62 3.9467e-07 
1196.63 3.95625e-07 
1196.64 3.9684e-07 
1196.65 3.98326e-07 
1196.66 4.00093e-07 
1196.67 4.02154e-07 
1196.68 4.0452e-07 
1196.69 4.07201e-07 
1196.7 4.10209e-07 
1196.71 4.13557e-07 
1196.72 4.17256e-07 
1196.73 4.21376e-07 
1196.74 4.25815e-07 
1196.75 4.3064e-07 
1196.76 4.35863e-07 
1196.77 4.41493e-07 
1196.78 4.47542e-07 
1196.79 4.54022e-07 
1196.8 4.60943e-07 
1196.81 4.68317e-07 
1196.82 4.76152e-07 
1196.83 4.8446e-07 
1196.84 4.93249e-07 
1196.85 5.0253e-07 
1196.86 5.12313e-07 
1196.87 5.22604e-07 
1196.88 5.33412e-07 
1196.89 5.44746e-07 
1196.9 5.56612e-07 
1196.91 5.69018e-07 
1196.92 5.81969e-07 
1196.93 5.95472e-07 
1196.94 6.0953e-07 
1196.95 6.2415e-07 
1196.96 6.39333e-07 
1196.97 6.55084e-07 
1196.98 6.71617e-07 
1196.99 6.88515e-07 
1197 7.05985e-07 
1197.01 7.24026e-07 
1197.02 7.42637e-07 
1197.03 7.61817e-07 
1197.03 7.81562e-07 
1197.04 8.0187e-07 
1197.05 8.22734e-07 
1197.06 8.4415e-07 
1197.07 8.66111e-07 
1197.08 8.88608e-07 
1197.09 9.11636e-07 
1197.1 9.3518e-07 
1197.11 9.59234e-07 
1197.12 9.83784e-07 
1197.13 1.00882e-06 
1197.14 1.03432e-06 
1197.15 1.06027e-06 
1197.16 1.08667e-06 
1197.17 1.11348e-06 
1197.18 1.1407e-06 
1197.19 1.1683e-06 
1197.2 1.19626e-06 
1197.21 1.22457e-06 
1197.22 1.25319e-06 
1197.23 1.28248e-06 
1197.24 1.31167e-06 
1197.25 1.34111e-06 
1197.26 1.37077e-06 
1197.27 1.40062e-06 
1197.28 1.43063e-06 
1197.29 1.46077e-06 
1197.3 1.49102e-06 
1197.31 1.52134e-06 
1197.32 1.55171e-06 
1197.33 1.58208e-06 
1197.34 1.61243e-06 
1197.35 1.64272e-06 
1197.36 1.67293e-06 
1197.37 1.70301e-06 
1197.38 1.73293e-06 
1197.39 1.76266e-06 
1197.4 1.79216e-06 
1197.41 1.82139e-06 
1197.42 1.85032e-06 
1197.43 1.87892e-06 
1197.44 1.90714e-06 
1197.45 1.93495e-06 
1197.45 1.96232e-06 
1197.46 1.98921e-06 
1197.47 2.01558e-06 
1197.48 2.04173e-06 
1197.49 2.06696e-06 
1197.5 2.09156e-06 
1197.51 2.11552e-06 
1197.52 2.13879e-06 
1197.53 2.16133e-06 
1197.54 2.18313e-06 
1197.55 2.20414e-06 
1197.56 2.22434e-06 
1197.57 2.2437e-06 
1197.58 2.26219e-06 
1197.59 2.27979e-06 
1197.6 2.29646e-06 
1197.61 2.31362e-06 
1197.62 2.32838e-06 
1197.63 2.34215e-06 
1197.64 2.3549e-06 
1197.65 2.36662e-06 
1197.66 2.3773e-06 
1197.67 2.3869e-06 
1197.68 2.39542e-06 
1197.69 2.40284e-06 
1197.7 2.40915e-06 
1197.71 2.41435e-06 
1197.72 2.41841e-06 
1197.73 2.42139e-06 
1197.74 2.42317e-06 
1197.75 2.42381e-06 
1197.76 2.4233e-06 
1197.77 2.42165e-06 
1197.78 2.41885e-06 
1197.79 2.41492e-06 
1197.8 2.40985e-06 
1197.81 2.40366e-06 
1197.82 2.39634e-06 
1197.83 2.38792e-06 
1197.84 2.37839e-06 
1197.85 2.36779e-06 
1197.86 2.35611e-06 
1197.87 2.34337e-06 
1197.88 2.3296e-06 
1197.88 2.31482e-06 
1197.89 2.29903e-06 
1197.9 2.28228e-06 
1197.91 2.26457e-06 
1197.92 2.24593e-06 
1197.93 2.22639e-06 
1197.94 2.20598e-06 
1197.95 2.18472e-06 
1197.96 2.16264e-06 
1197.97 2.13978e-06 
1197.98 2.11586e-06 
1197.99 2.0915e-06 
1198 2.06644e-06 
1198.01 2.04073e-06 
1198.02 2.01439e-06 
1198.03 1.98745e-06 
1198.04 1.95996e-06 
1198.05 1.93195e-06 
1198.06 1.90344e-06 
1198.07 1.87448e-06 
1198.08 1.8451e-06 
1198.09 1.81534e-06 
1198.1 1.78524e-06 
1198.11 1.75482e-06 
1198.12 1.72413e-06 
1198.13 1.6932e-06 
1198.14 1.66206e-06 
1198.15 1.63076e-06 
1198.16 1.59931e-06 
1198.17 1.56777e-06 
1198.18 1.53616e-06 
1198.19 1.50452e-06 
1198.2 1.47288e-06 
1198.21 1.44126e-06 
1198.22 1.40971e-06 
1198.23 1.37786e-06 
1198.24 1.34652e-06 
1198.25 1.31534e-06 
1198.26 1.28433e-06 
1198.27 1.25354e-06 
1198.28 1.22297e-06 
1198.29 1.19267e-06 
1198.3 1.16265e-06 
1198.3 1.13294e-06 
1198.31 1.10356e-06 
1198.32 1.07454e-06 
1198.33 1.04588e-06 
1198.34 1.01762e-06 
1198.35 9.89771e-07 
1198.36 9.62353e-07 
1198.37 9.3538e-07 
1198.38 9.08868e-07 
1198.39 8.82833e-07 
1198.4 8.57287e-07 
1198.41 8.32244e-07 
1198.42 8.07716e-07 
1198.43 7.83711e-07 
1198.44 7.6024e-07 
1198.45 7.37312e-07 
1198.46 7.14934e-07 
1198.47 6.93112e-07 
1198.48 6.71592e-07 
1198.49 6.50907e-07 
1198.5 6.30793e-07 
1198.51 6.11254e-07 
1198.52 5.9229e-07 
1198.53 5.73904e-07 
1198.54 5.56096e-07 
1198.55 5.38867e-07 
1198.56 5.22215e-07 
1198.57 5.06138e-07 
1198.58 4.90634e-07 
1198.59 4.75701e-07 
1198.6 4.61334e-07 
1198.61 4.47807e-07 
1198.62 4.34552e-07 
1198.63 4.21849e-07 
1198.64 4.09693e-07 
1198.65 3.98077e-07 
1198.66 3.86996e-07 
1198.67 3.7644e-07 
1198.68 3.66403e-07 
1198.69 3.56877e-07 
1198.7 3.47852e-07 
1198.71 3.39321e-07 
1198.72 3.31274e-07 
1198.73 3.23612e-07 
1198.73 3.16512e-07 
1198.74 3.09867e-07 
1198.75 3.03667e-07 
1198.76 2.97903e-07 
1198.77 2.92563e-07 
1198.78 2.87637e-07 
1198.79 2.83115e-07 
1198.8 2.78985e-07 
1198.81 2.75237e-07 
1198.82 2.71859e-07 
1198.83 2.6884e-07 
1198.84 2.6617e-07 
1198.85 2.63836e-07 
1198.86 2.61829e-07 
1198.87 2.60135e-07 
1198.88 2.58745e-07 
1198.89 2.57647e-07 
1198.9 2.5683e-07 
1198.91 2.56282e-07 
1198.92 2.55993e-07 
1198.93 2.5595e-07 
1198.94 2.56145e-07 
1198.95 2.56564e-07 
1198.96 2.57198e-07 
1198.97 2.58035e-07 
1198.98 2.5908e-07 
1198.99 2.60294e-07 
1199 2.6168e-07 
1199.01 2.63226e-07 
1199.02 2.64924e-07 
1199.03 2.66762e-07 
1199.04 2.68731e-07 
1199.05 2.7082e-07 
1199.06 2.7302e-07 
1199.07 2.75321e-07 
1199.08 2.77713e-07 
1199.09 2.80188e-07 
1199.1 2.82736e-07 
1199.11 2.85347e-07 
1199.12 2.88014e-07 
1199.13 2.90726e-07 
1199.14 2.93476e-07 
1199.15 2.96256e-07 
1199.15 2.99056e-07 
1199.16 3.01869e-07 
1199.17 3.04686e-07 
1199.18 3.07501e-07 
1199.19 3.10306e-07 
1199.2 3.13093e-07 
1199.21 3.15855e-07 
1199.22 3.1862e-07 
1199.23 3.21311e-07 
1199.24 3.23956e-07 
1199.25 3.2655e-07 
1199.26 3.29086e-07 
1199.27 3.31558e-07 
1199.28 3.3396e-07 
1199.29 3.36288e-07 
1199.3 3.38535e-07 
1199.31 3.40696e-07 
1199.32 3.42767e-07 
1199.33 3.44742e-07 
1199.34 3.46618e-07 
1199.35 3.4839e-07 
1199.36 3.50054e-07 
1199.37 3.51606e-07 
1199.38 3.53044e-07 
1199.39 3.54362e-07 
1199.4 3.5556e-07 
1199.41 3.56632e-07 
1199.42 3.57578e-07 
1199.43 3.58394e-07 
1199.44 3.59078e-07 
1199.45 3.59628e-07 
1199.46 3.60044e-07 
1199.47 3.60322e-07 
1199.48 3.60464e-07 
1199.49 3.60463e-07 
1199.5 3.60323e-07 
1199.51 3.60043e-07 
1199.52 3.59621e-07 
1199.53 3.59059e-07 
1199.54 3.58356e-07 
1199.55 3.57513e-07 
1199.56 3.56529e-07 
1199.57 3.55406e-07 
1199.58 3.54145e-07 
1199.58 3.52747e-07 
1199.59 3.51213e-07 
1199.6 3.49544e-07 
1199.61 3.47958e-07 
1199.62 3.46025e-07 
1199.63 3.43963e-07 
1199.64 3.41775e-07 
1199.65 3.39462e-07 
1199.66 3.37027e-07 
1199.67 3.34473e-07 
1199.68 3.31803e-07 
1199.69 3.29019e-07 
1199.7 3.26126e-07 
1199.71 3.23126e-07 
1199.72 3.20022e-07 
1199.73 3.16776e-07 
1199.74 3.13474e-07 
1199.75 3.10079e-07 
1199.76 3.06594e-07 
1199.77 3.03023e-07 
1199.78 2.99371e-07 
1199.79 2.95641e-07 
1199.8 2.91838e-07 
1199.81 2.87964e-07 
1199.82 2.84025e-07 
1199.83 2.80024e-07 
1199.84 2.75965e-07 
1199.85 2.71853e-07 
1199.86 2.67692e-07 
1199.87 2.63485e-07 
1199.88 2.59238e-07 
1199.89 2.54953e-07 
1199.9 2.50636e-07 
1199.91 2.4629e-07 
1199.92 2.41919e-07 
1199.93 2.37527e-07 
1199.94 2.33119e-07 
1199.95 2.28698e-07 
1199.96 2.24268e-07 
1199.97 2.19833e-07 
1199.98 2.1534e-07 
1199.99 2.10906e-07 
1200 2.06477e-07 
1200.01 2.02058e-07 
1200.01 1.97651e-07 
1200.02 1.93261e-07 
1200.03 1.88889e-07 
1200.04 1.8454e-07 
1200.05 1.80217e-07 
1200.06 1.75922e-07 
1200.07 1.71658e-07 
1200.08 1.67428e-07 
1200.09 1.63235e-07 
1200.1 1.5908e-07 
1200.11 1.54968e-07 
1200.12 1.50899e-07 
1200.13 1.46876e-07 
1200.14 1.42901e-07 
1200.15 1.38976e-07 
1200.16 1.35103e-07 
1200.17 1.31283e-07 
1200.18 1.27518e-07 
1200.19 1.2381e-07 
1200.2 1.2016e-07 
1200.21 1.1657e-07 
1200.22 1.13039e-07 
1200.23 1.09528e-07 
1200.24 1.06122e-07 
1200.25 1.0278e-07 
1200.26 9.95015e-08 
1200.27 9.62878e-08 
1200.28 9.31393e-08 
1200.29 9.00564e-08 
1200.3 8.70394e-08 
1200.31 8.40887e-08 
1200.32 8.12042e-08 
1200.33 7.83862e-08 
1200.34 7.56347e-08 
1200.35 7.29495e-08 
1200.36 7.03304e-08 
1200.37 6.77773e-08 
1200.38 6.52898e-08 
1200.39 6.28674e-08 
1200.4 6.05098e-08 
1200.41 5.82166e-08 
1200.42 5.5987e-08 
1200.43 5.38205e-08 
1200.43 5.17163e-08 
1200.44 4.96738e-08 
1200.45 4.76922e-08 
1200.46 4.57707e-08 
1200.47 4.39083e-08 
1200.48 4.20821e-08 
1200.49 4.03362e-08 
1200.5 3.86466e-08 
1200.51 3.70125e-08 
1200.52 3.54328e-08 
1200.53 3.39065e-08 
1200.54 3.24324e-08 
1200.55 3.10096e-08 
1200.56 2.96368e-08 
1200.57 2.83131e-08 
1200.58 2.70373e-08 
1200.59 2.58083e-08 
1200.6 2.4625e-08 
1200.61 2.35007e-08 
1200.62 2.24045e-08 
1200.63 2.13506e-08 
1200.64 2.03379e-08 
1200.65 1.93652e-08 
1200.66 1.84313e-08 
1200.67 1.75352e-08 
1200.68 1.66757e-08 
1200.69 1.58518e-08 
1200.7 1.50624e-08 
1200.71 1.43063e-08 
1200.72 1.35826e-08 
1200.73 1.28816e-08 
1200.74 1.22197e-08 
1200.75 1.15871e-08 
1200.76 1.09826e-08 
1200.77 1.04053e-08 
1200.78 9.8543e-09 
1200.79 9.32861e-09 
1200.8 8.82729e-09 
1200.81 8.34945e-09 
1200.82 7.89419e-09 
1200.83 7.46067e-09 
1200.84 7.04803e-09 
1200.85 6.65545e-09 
1200.85 6.28213e-09 
1200.86 5.92729e-09 
1200.87 5.59018e-09 
1200.88 5.27005e-09 
1200.89 4.96619e-09 
1200.9 4.67792e-09 
1200.91 4.40454e-09 
1200.92 4.14543e-09 
1200.93 3.89994e-09 
1200.94 3.66746e-09 
1200.95 3.44741e-09 
1200.96 3.23923e-09 
1200.97 3.04235e-09 
1200.98 2.85399e-09 
1200.99 2.67829e-09 
1201 2.51236e-09 
1201.01 2.35574e-09 
1201.02 2.20796e-09 
1201.03 2.0686e-09 
1201.04 1.93722e-09 
1201.05 1.81344e-09 
1201.06 1.69687e-09 
1201.07 1.58713e-09 
1201.08 1.48387e-09 
1201.09 1.38675e-09 
1201.1 1.29545e-09 
1201.11 1.20966e-09 
1201.12 1.12909e-09 
1201.13 1.05344e-09 
1201.14 9.82454e-10 
1201.15 9.15871e-10 
1201.16 8.53447e-10 
1201.17 7.94948e-10 
1201.18 7.40151e-10 
1201.19 6.88845e-10 
1201.2 6.40831e-10 
1201.21 5.95915e-10 
1201.22 5.53918e-10 
1201.23 5.14193e-10 
1201.24 4.77557e-10 
1201.25 4.43347e-10 
1201.26 4.11416e-10 
1201.27 3.81627e-10 
1201.28 3.53848e-10 
1201.28 3.27955e-10 
1201.29 3.03831e-10 
1201.3 2.81365e-10 
1201.31 2.60451e-10 
1201.32 2.40992e-10 
1201.33 2.22895e-10 
1201.34 2.06071e-10 
1201.35 1.90438e-10 
1201.36 1.75917e-10 
1201.37 1.62437e-10 
1201.38 1.49927e-10 
1201.39 1.38324e-10 
1201.4 1.27565e-10 
1201.41 1.17595e-10 
1201.42 1.08358e-10 
1201.43 9.98061e-11 
1201.44 9.18908e-11 
1201.45 8.4568e-11 
1201.46 7.77967e-11 
1201.47 7.15377e-11 
1201.48 6.56856e-11 
1201.49 6.03507e-11 
1201.5 5.5426e-11 
1201.51 5.08821e-11 
1201.52 4.66913e-11 
1201.53 4.28279e-11 
1201.54 3.92679e-11 
1201.55 3.59888e-11 
1201.56 3.29699e-11 
1201.57 3.01918e-11 
1201.58 2.76362e-11 
1201.59 2.52865e-11 
1201.6 2.31269e-11 
1201.61 2.11561e-11 
1201.62 1.93333e-11 
1201.63 1.76601e-11 
1201.64 1.61251e-11 
1201.65 1.47174e-11 
1201.66 1.3427e-11 
1201.67 1.22447e-11 
1201.68 1.11619e-11 
1201.69 1.01706e-11 
1201.7 9.26345e-12 
1201.7 8.43374e-12 
1201.71 7.67517e-12 
1201.72 6.97365e-12 
1201.73 6.3411e-12 
1201.74 5.76354e-12 
1201.75 5.23641e-12 
1201.76 4.75552e-12 
1201.77 4.317e-12 
1201.78 3.91729e-12 
1201.79 3.55312e-12 
1201.8 3.22147e-12 
1201.81 2.91956e-12 
1201.82 2.64484e-12 
1201.83 2.39499e-12 
1201.84 2.16783e-12 
1201.85 1.96141e-12 
1201.86 1.77391e-12 
1201.87 1.60366e-12 
1201.88 1.44916e-12 
1201.89 1.30899e-12 
1201.9 1.18189e-12 
1201.91 1.06669e-12 
1201.92 9.62324e-13 
1201.93 8.67806e-13 
1201.94 7.82246e-13 
1201.95 7.0483e-13 
1201.96 6.34812e-13 
1201.97 5.71512e-13 
1201.98 5.13632e-13 
1201.99 4.6203e-13 
1202 4.15439e-13 
1202.01 3.73392e-13 
1202.02 3.35461e-13 
1202.03 3.01258e-13 
1202.04 2.70431e-13 
1202.05 2.42657e-13 
1202.06 2.17645e-13 
1202.07 1.95131e-13 
1202.08 1.74872e-13 
1202.09 1.56653e-13 
1202.1 1.40273e-13 
1202.11 1.25554e-13 
1202.12 1.12332e-13 
1202.13 1.00461e-13 
1202.13 8.98079e-14 
1202.14 8.02508e-14 
1202.15 7.1681e-14 
1202.16 6.39998e-14 
1202.17 5.7118e-14 
1202.18 5.0955e-14 
1202.19 4.54382e-14 
1202.2 4.05018e-14 
1202.21 3.60868e-14 
1202.22 3.20956e-14 
1202.23 2.85708e-14 
1202.24 2.54246e-14 
1202.25 2.26154e-14 
1202.26 2.01082e-14 
1202.27 1.78716e-14 
1202.28 1.58772e-14 
1202.29 1.40995e-14 
1202.3 1.25157e-14 
1202.31 1.11051e-14 
1202.32 9.84946e-15 
1202.33 8.73215e-15 
1202.34 7.73838e-15 
1202.35 6.85487e-15 
1202.36 6.06971e-15 
1202.37 5.37224e-15 
1202.38 4.75296e-15 
1202.39 4.20331e-15 
1202.4 3.71569e-15 
1202.41 3.28327e-15 
1202.42 2.89998e-15 
1202.43 2.56037e-15 
1202.44 2.25959e-15 
1202.45 1.99331e-15 
1202.46 1.75769e-15 
1202.47 1.54928e-15 
1202.48 1.36285e-15 
1202.49 1.20025e-15 
1202.5 1.05661e-15 
1202.51 9.29774e-16 
1202.52 8.17826e-16 
1202.53 7.19058e-16 
1202.54 6.31956e-16 
1202.55 5.55175e-16 
1202.56 4.87519e-16 
1202.56 4.27932e-16 
1202.57 3.75471e-16 
1202.58 3.29305e-16 
1202.59 2.88696e-16 
1202.6 2.52989e-16 
1202.61 2.21744e-16 
1202.62 1.94157e-16 
1202.63 1.69932e-16 
1202.64 1.48667e-16 
1202.65 1.3001e-16 
1202.66 1.13646e-16 
1202.67 9.93017e-17 
1202.68 8.67314e-17 
1202.69 7.5721e-17 
1202.7 6.60809e-17 
1202.71 5.76442e-17 
1202.72 5.02638e-17 
1202.73 4.37348e-17 
1202.74 3.81034e-17 
1202.75 3.31834e-17 
1202.76 2.88866e-17 
1202.77 2.51358e-17 
1202.78 2.1863e-17 
1202.79 1.90084e-17 
1202.8 1.65196e-17 
1202.81 1.43508e-17 
1202.82 1.24615e-17 
1202.83 1.08165e-17 
1202.84 9.38471e-18 
1202.85 8.13909e-18 
1202.86 7.05586e-18 
1202.87 6.11427e-18 
1202.88 5.29613e-18 
1202.89 4.58556e-18 
1202.9 3.96868e-18 
1202.91 3.43336e-18 
1202.92 2.96902e-18 
1202.93 2.56641e-18 
1202.94 2.21748e-18 
1202.95 1.91519e-18 
1202.96 1.65343e-18 
1202.97 1.42685e-18 
1202.98 1.23081e-18 
1202.98 1.05929e-18 
1202.99 9.12989e-19 
1203 7.86566e-19 
1203.01 6.77368e-19 
1203.02 5.83087e-19 
1203.03 5.01721e-19 
1203.04 4.3153e-19 
1203.05 3.71005e-19 
1203.06 3.18836e-19 
1203.07 2.7389e-19 
1203.08 2.35182e-19 
1203.09 2.01861e-19 
1203.1 1.73188e-19 
1203.11 1.48527e-19 
1203.12 1.27325e-19 
1203.13 1.09104e-19 
1203.14 9.34517e-20 
1203.15 8.00118e-20 
1203.16 6.84763e-20 
1203.17 5.85796e-20 
1203.18 5.00925e-20 
1203.19 4.28172e-20 
1203.2 3.65834e-20 
1203.21 3.12442e-20 
1203.22 2.66732e-20 
1203.23 2.27163e-20 
1203.24 1.93767e-20 
1203.25 1.65213e-20 
1203.26 1.40808e-20 
1203.27 1.19958e-20 
1203.28 1.02153e-20 
1203.29 8.69544e-21 
1203.3 7.39866e-21 
1203.31 6.29267e-21 
1203.32 5.34978e-21 
1203.33 4.54629e-21 
1203.34 3.86187e-21 
1203.35 3.27913e-21 
1203.36 2.78316e-21 
1203.37 2.36123e-21 
1203.38 2.00244e-21 
1203.39 1.69746e-21 
1203.4 1.43833e-21 
1203.41 1.21825e-21 
1203.41 1.03142e-21 
1203.42 8.72884e-22 
1203.43 7.38407e-22 
1203.44 6.24387e-22 
1203.45 5.27755e-22 
1203.46 4.45894e-22 
1203.47 3.76573e-22 
1203.48 3.17225e-22 
1203.49 2.67684e-22 
1203.5 2.25786e-22 
1203.51 1.90368e-22 
1203.52 1.60438e-22 
1203.53 1.35158e-22 
1203.54 1.13814e-22 
1203.55 9.58014e-23 
1203.56 8.06057e-23 
1203.57 6.77922e-23 
1203.58 5.6992e-23 
1203.59 4.78925e-23 
1203.6 4.02292e-23 
1203.61 3.37989e-23 
1203.62 2.83672e-23 
1203.63 2.37985e-23 
1203.64 1.99573e-23 
1203.65 1.67292e-23 
1203.66 1.40174e-23 
1203.67 1.17403e-23 
1203.68 9.82903e-24 
1203.69 8.22551e-24 
1203.7 6.88073e-24 
1203.71 5.75342e-24 
1203.72 4.8088e-24 
1203.73 4.00858e-24 
1203.74 3.34765e-24 
1203.75 2.79453e-24 
1203.76 2.33183e-24 
1203.77 1.94493e-24 
1203.78 1.62156e-24 
1203.79 1.35139e-24 
1203.8 1.12576e-24 
1203.81 9.37421e-25 
1203.82 7.80265e-25 
1203.83 6.49186e-25 
1203.83 5.39903e-25 
1203.84 4.4883e-25 
1203.85 3.72965e-25 
1203.86 3.09795e-25 
1203.87 2.57218e-25 
1203.88 2.13475e-25 
1203.89 1.77097e-25 
1203.9 1.46858e-25 
1203.91 1.21731e-25 
1203.92 1.00862e-25 
1203.93 8.35358e-26 
1203.94 6.91572e-26 
1203.95 5.72298e-26 
1203.96 4.73398e-26 
1203.97 3.91427e-26 
1203.98 3.22744e-26 
1203.99 2.66637e-26 
1204 2.20192e-26 
1204.01 1.81762e-26 
1204.02 1.49977e-26 
1204.03 1.23698e-26 
1204.04 1.01982e-26 
1204.05 8.40437e-27 
1204.06 6.92317e-27 
1204.07 5.70066e-27 
1204.08 4.69208e-27 
1204.09 3.86033e-27 
1204.1 3.17471e-27 
1204.11 2.60978e-27 
1204.12 2.14448e-27 
1204.13 1.76141e-27 
1204.14 1.44617e-27 
1204.15 1.18686e-27 
1204.16 9.73636e-28 
1204.17 7.98389e-28 
1204.18 6.54414e-28 
1204.19 5.3618e-28 
1204.2 4.39125e-28 
1204.21 3.59489e-28 
1204.22 2.94173e-28 
1204.23 2.4002e-28 
1204.24 1.96247e-28 
1204.25 1.6039e-28 
1204.26 1.3103e-28 
1204.26 1.07e-28 
1204.27 8.7341e-29 
1204.28 7.12643e-29 
1204.29 5.81226e-29 
1204.3 4.73847e-29 
1204.31 3.86146e-29 
1204.32 3.14546e-29 
1204.33 2.56116e-29 
1204.34 2.08454e-29 
1204.35 1.69591e-29 
1204.36 1.37916e-29 
1204.37 1.1211e-29 
1204.38 9.10956e-30 
1204.39 7.39893e-30 
1204.4 6.00704e-30 
1204.41 4.87496e-30 
1204.42 3.9546e-30 
1204.43 3.20666e-30 
1204.44 2.59911e-30 
1204.45 2.10579e-30 
1204.46 1.70539e-30 
1204.47 1.38056e-30 
1204.48 1.11418e-30 
1204.49 9.012e-31 
1204.5 7.28632e-31 
1204.51 5.88865e-31 
1204.52 4.7571e-31 
1204.53 3.8414e-31 
1204.54 3.10067e-31 
1204.55 2.50174e-31 
1204.56 2.01766e-31 
1204.57 1.62657e-31 
1204.58 1.31075e-31 
1204.59 1.05581e-31 
1204.6 8.501e-32 
1204.61 6.84188e-32 
1204.62 5.50768e-32 
1204.63 4.42908e-32 
1204.64 3.56023e-32 
1204.65 2.86063e-32 
1204.66 2.29756e-32 
1204.67 1.84455e-32 
1204.68 1.48025e-32 
1204.68 1.1874e-32 
1204.69 9.52097e-33 
1204.7 7.63105e-33 
1204.71 6.11375e-33 
1204.72 4.88251e-33 
1204.73 3.90845e-33 
1204.74 3.12741e-33 
1204.75 2.50141e-33 
1204.76 1.99988e-33 
1204.77 1.59825e-33 
1204.78 1.27674e-33 
1204.79 1.01949e-33 
1204.8 8.13733e-34 
1204.81 6.49234e-34 
1204.82 5.17773e-34 
1204.83 4.12761e-34 
1204.84 3.2891e-34 
1204.85 2.61984e-34 
1204.86 2.0859e-34 
1204.87 1.66009e-34 
1204.88 1.32065e-34 
1204.89 1.05018e-34 
1204.9 8.34762e-35 
1204.91 6.63254e-35 
1204.92 5.26765e-35 
1204.93 4.1819e-35 
1204.94 3.31856e-35 
1204.95 2.63236e-35 
1204.96 2.08719e-35 
1204.97 1.65424e-35 
1204.98 1.30674e-35 
1204.99 1.03481e-35 
1205 8.19134e-36 
1205.01 6.48139e-36 
1205.02 5.12626e-36 
1205.03 4.05278e-36 
1205.04 3.20277e-36 
1205.05 2.52998e-36 
1205.06 1.9977e-36 
1205.07 1.57675e-36 
1205.08 1.24398e-36 
1205.09 9.81035e-37 
1205.1 7.73349e-37 
1205.11 6.09378e-37 
1205.11 4.79974e-37 
1205.12 3.77892e-37 
1205.13 2.97399e-37 
1205.14 2.33953e-37 
1205.15 1.83967e-37 
1205.16 1.446e-37 
1205.17 1.13611e-37 
1205.18 8.92253e-38 
1205.19 7.00451e-38 
1205.2 5.49651e-38 
1205.21 4.31137e-38 
1205.22 3.37125e-38 
1205.23 2.64125e-38 
1205.24 2.06917e-38 
1205.25 1.62032e-38 
1205.26 1.26831e-38 
1205.27 9.92368e-39 
1205.28 7.76136e-39 
1205.29 6.06769e-39 
1205.3 4.74164e-39 
1205.31 3.70385e-39 
1205.32 2.892e-39 
1205.33 2.25716e-39 
1205.34 1.76095e-39 
1205.35 1.37325e-39 
1205.36 1.07047e-39 
1205.37 8.341e-40 
1205.38 6.49653e-40 
1205.39 5.05783e-40 
1205.4 3.93612e-40 
1205.41 3.06191e-40 
1205.42 2.38088e-40 
1205.43 1.85053e-40 
1205.44 1.43773e-40 
1205.45 1.11655e-40 
1205.46 8.66773e-41 
1205.47 6.72595e-41 
1205.48 5.20218e-41 
1205.49 4.03196e-41 
1205.5 3.12462e-41 
1205.51 2.4206e-41 
1205.52 1.87438e-41 
1205.53 1.4509e-41 
1205.54 1.12258e-41 
1205.54 8.68104e-42 
1205.55 6.71222e-42 
1205.56 5.18621e-42 
1205.57 4.00631e-42 
1205.58 3.09267e-42 
1205.59 2.38781e-42 
1205.6 1.84131e-42 
1205.61 1.42092e-42 
1205.62 1.09582e-42 
1205.63 8.43582e-43 
1205.64 6.48801e-43 
1205.65 5.00264e-43 
1205.66 3.85357e-43 
1205.67 2.97075e-43 
1205.68 2.2701e-43 
1205.69 1.75162e-43 
1205.7 1.34525e-43 
1205.71 1.03696e-43 
1205.72 7.84727e-44 
1205.73 6.02558e-44 
1205.74 4.62428e-44 
1205.75 3.50325e-44 
1205.76 2.8026e-44 
1205.77 2.10195e-44 
1205.78 1.54143e-44 
1205.79 1.26117e-44 
1205.8 8.40779e-45 
1205.81 7.00649e-45 
1205.82 5.60519e-45 
1205.83 4.2039e-45 
1205.84 2.8026e-45 
1205.85 2.8026e-45 
1205.86 2.8026e-45 
1205.87 1.4013e-45 
1205.88 1.4013e-45 
1205.89 1.4013e-45 
1205.9 1.4013e-45 
1205.91 0 
1205.92 0 
1205.93 0 
1205.94 0 
1205.95 0 
1205.96 0 
1205.96 0 
1205.97 0 
1205.98 0 
1205.99 0 
1206 0 
1206.01 0 
1206.02 0 
1206.03 0 
1206.04 0 
1206.05 0 
1206.06 0 
1206.07 0 
1206.08 0 
1206.09 0 
1206.1 0 
1206.11 0 
1206.12 0 
1206.13 0 
1206.14 0 
1206.15 0 
1206.16 0 
1206.17 0 
1206.18 0 
1206.19 0 
1206.2 0 
1206.21 0 
1206.22 0 
1206.23 0 
1206.24 0 
1206.25 0 
1206.26 0 
1206.27 0 
1206.28 0 
1206.29 0 
1206.3 0 
1206.31 0 
1206.32 0 
1206.33 0 
1206.34 0 
1206.35 0 
1206.36 0 
1206.37 0 
1206.38 0 
1206.39 0 
1206.39 0 
1206.4 0 
1206.41 0 
1206.42 0 
1206.43 0 
1206.44 0 
1206.45 0 
1206.46 0 
1206.47 0 
1206.48 0 
1206.49 0 
1206.5 0 
1206.51 0 
1206.52 0 
1206.53 0 
1206.54 0 
1206.55 0 
1206.56 0 
1206.57 0 
1206.58 0 
1206.59 0 
1206.6 0 
