#energy geo_1 
1186.6 0 
1186.61 0 
1186.62 0 
1186.63 0 
1186.64 0 
1186.65 0 
1186.66 0 
1186.67 0 
1186.68 0 
1186.69 0 
1186.7 0 
1186.71 0 
1186.72 0 
1186.73 0 
1186.74 0 
1186.75 0 
1186.76 0 
1186.77 0 
1186.78 0 
1186.79 0 
1186.8 0 
1186.81 0 
1186.81 0 
1186.82 0 
1186.83 0 
1186.84 0 
1186.85 0 
1186.86 0 
1186.87 0 
1186.88 0 
1186.89 0 
1186.9 0 
1186.91 0 
1186.92 0 
1186.93 0 
1186.94 0 
1186.95 0 
1186.96 0 
1186.97 0 
1186.98 0 
1186.99 0 
1187 0 
1187.01 0 
1187.02 0 
1187.03 0 
1187.04 0 
1187.05 0 
1187.06 0 
1187.07 0 
1187.08 0 
1187.09 0 
1187.1 0 
1187.11 0 
1187.12 0 
1187.13 0 
1187.14 0 
1187.15 0 
1187.16 0 
1187.17 0 
1187.18 0 
1187.19 0 
1187.2 0 
1187.21 0 
1187.22 0 
1187.23 0 
1187.24 0 
1187.24 0 
1187.25 0 
1187.26 0 
1187.27 0 
1187.28 0 
1187.29 0 
1187.3 0 
1187.31 0 
1187.32 0 
1187.33 0 
1187.34 0 
1187.35 0 
1187.36 0 
1187.37 0 
1187.38 0 
1187.39 0 
1187.4 0 
1187.41 0 
1187.42 0 
1187.43 0 
1187.44 0 
1187.45 0 
1187.46 0 
1187.47 0 
1187.48 0 
1187.49 0 
1187.5 0 
1187.51 0 
1187.52 0 
1187.53 0 
1187.54 0 
1187.55 0 
1187.56 0 
1187.57 0 
1187.58 0 
1187.59 0 
1187.6 0 
1187.61 0 
1187.62 0 
1187.63 0 
1187.64 0 
1187.65 0 
1187.66 0 
1187.66 0 
1187.67 0 
1187.68 0 
1187.69 0 
1187.7 0 
1187.71 0 
1187.72 0 
1187.73 0 
1187.74 0 
1187.75 0 
1187.76 0 
1187.77 0 
1187.78 0 
1187.79 0 
1187.8 0 
1187.81 0 
1187.82 0 
1187.83 0 
1187.84 0 
1187.85 0 
1187.86 0 
1187.87 0 
1187.88 0 
1187.89 0 
1187.9 0 
1187.91 0 
1187.92 0 
1187.93 0 
1187.94 0 
1187.95 0 
1187.96 0 
1187.97 0 
1187.98 0 
1187.99 0 
1188 0 
1188.01 0 
1188.02 0 
1188.03 0 
1188.04 0 
1188.05 0 
1188.06 0 
1188.07 0 
1188.08 0 
1188.09 0 
1188.09 0 
1188.1 0 
1188.11 0 
1188.12 0 
1188.13 0 
1188.14 0 
1188.15 0 
1188.16 0 
1188.17 0 
1188.18 0 
1188.19 0 
1188.2 0 
1188.21 0 
1188.22 0 
1188.23 0 
1188.24 0 
1188.25 0 
1188.26 0 
1188.27 0 
1188.28 0 
1188.29 0 
1188.3 0 
1188.31 0 
1188.32 0 
1188.33 0 
1188.34 0 
1188.35 0 
1188.36 0 
1188.37 0 
1188.38 0 
1188.39 0 
1188.4 0 
1188.41 0 
1188.42 0 
1188.43 0 
1188.44 0 
1188.45 0 
1188.46 0 
1188.47 0 
1188.48 0 
1188.49 0 
1188.5 0 
1188.51 0 
1188.52 0 
1188.52 0 
1188.53 0 
1188.54 0 
1188.55 0 
1188.56 0 
1188.57 0 
1188.58 0 
1188.59 0 
1188.6 0 
1188.61 0 
1188.62 0 
1188.63 0 
1188.64 0 
1188.65 0 
1188.66 0 
1188.67 0 
1188.68 0 
1188.69 0 
1188.7 0 
1188.71 1.4013e-45 
1188.72 1.4013e-45 
1188.73 1.4013e-45 
1188.74 1.4013e-45 
1188.75 1.4013e-45 
1188.76 2.8026e-45 
1188.77 2.8026e-45 
1188.78 2.8026e-45 
1188.79 2.8026e-45 
1188.8 4.2039e-45 
1188.81 5.60519e-45 
1188.82 8.40779e-45 
1188.83 8.40779e-45 
1188.84 1.12104e-44 
1188.85 1.26117e-44 
1188.86 1.68156e-44 
1188.87 2.10195e-44 
1188.88 2.52234e-44 
1188.89 3.22299e-44 
1188.9 3.92364e-44 
1188.91 4.90454e-44 
1188.92 6.02558e-44 
1188.93 7.42688e-44 
1188.94 9.10844e-44 
1188.94 1.12104e-43 
1188.95 1.38729e-43 
1188.96 1.69557e-43 
1188.97 2.08793e-43 
1188.98 2.57839e-43 
1188.99 3.18095e-43 
1189 3.90962e-43 
1189.01 4.80645e-43 
1189.02 5.91348e-43 
1189.03 7.27274e-43 
1189.04 8.94028e-43 
1189.05 1.09862e-42 
1189.06 1.35085e-42 
1189.07 1.65914e-42 
1189.08 2.03749e-42 
1189.09 2.49992e-42 
1189.1 3.06744e-42 
1189.11 3.76529e-42 
1189.12 4.61728e-42 
1189.13 5.65984e-42 
1189.14 6.93643e-42 
1189.15 8.50028e-42 
1189.16 1.0413e-41 
1189.17 1.27532e-41 
1189.18 1.56119e-41 
1189.19 1.91053e-41 
1189.2 2.33765e-41 
1189.21 2.85907e-41 
1189.22 3.4961e-41 
1189.23 4.28433e-41 
1189.24 5.23539e-41 
1189.25 6.39595e-41 
1189.26 7.81126e-41 
1189.27 9.53682e-41 
1189.28 1.16403e-40 
1189.29 1.42036e-40 
1189.3 1.73258e-40 
1189.31 2.11282e-40 
1189.32 2.57575e-40 
1189.33 3.13915e-40 
1189.34 3.82465e-40 
1189.35 4.65845e-40 
1189.36 5.6723e-40 
1189.36 6.90477e-40 
1189.37 8.40249e-40 
1189.38 1.0222e-39 
1189.39 1.24319e-39 
1189.4 1.5115e-39 
1189.41 1.83716e-39 
1189.42 2.23231e-39 
1189.43 2.71166e-39 
1189.44 3.29295e-39 
1189.45 3.99765e-39 
1189.46 4.85171e-39 
1189.47 5.88646e-39 
1189.48 7.157e-39 
1189.49 8.6782e-39 
1189.5 1.05196e-38 
1189.51 1.27478e-38 
1189.52 1.54435e-38 
1189.53 1.87035e-38 
1189.54 2.2645e-38 
1189.55 2.74088e-38 
1189.56 3.31649e-38 
1189.57 4.01179e-38 
1189.58 4.8514e-38 
1189.59 5.86497e-38 
1189.6 7.08818e-38 
1189.61 8.56927e-38 
1189.62 1.03503e-37 
1189.63 1.24978e-37 
1189.64 1.50862e-37 
1189.65 1.82054e-37 
1189.66 2.19629e-37 
1189.67 2.6488e-37 
1189.68 3.19358e-37 
1189.69 3.84926e-37 
1189.7 4.63817e-37 
1189.71 5.5871e-37 
1189.72 6.72816e-37 
1189.73 8.11862e-37 
1189.74 9.7708e-37 
1189.75 1.17557e-36 
1189.76 1.41396e-36 
1189.77 1.70018e-36 
1189.78 2.04373e-36 
1189.79 2.45596e-36 
1189.79 2.95046e-36 
1189.8 3.54346e-36 
1189.81 4.25438e-36 
1189.82 5.1064e-36 
1189.83 6.12722e-36 
1189.84 7.34991e-36 
1189.85 8.81396e-36 
1189.86 1.05665e-35 
1189.87 1.26636e-35 
1189.88 1.51725e-35 
1189.89 1.8173e-35 
1189.9 2.17603e-35 
1189.91 2.6048e-35 
1189.92 3.11712e-35 
1189.93 3.72909e-35 
1189.94 4.45986e-35 
1189.95 5.33225e-35 
1189.96 6.37338e-35 
1189.97 7.61552e-35 
1189.98 9.11723e-35 
1189.99 1.08876e-34 
1190 1.29978e-34 
1190.01 1.55123e-34 
1190.02 1.85078e-34 
1190.03 2.20751e-34 
1190.04 2.63221e-34 
1190.05 3.13768e-34 
1190.06 3.7391e-34 
1190.07 4.45446e-34 
1190.08 5.3051e-34 
1190.09 6.31629e-34 
1190.1 7.51797e-34 
1190.11 8.94558e-34 
1190.12 1.06411e-33 
1190.13 1.26542e-33 
1190.14 1.50437e-33 
1190.15 1.7879e-33 
1190.16 2.12423e-33 
1190.17 2.52308e-33 
1190.18 2.99592e-33 
1190.19 3.5563e-33 
1190.2 4.22024e-33 
1190.21 5.00664e-33 
1190.21 5.9378e-33 
1190.22 7.05502e-33 
1190.23 8.36211e-33 
1190.24 9.90839e-33 
1190.25 1.17371e-32 
1190.26 1.38992e-32 
1190.27 1.64546e-32 
1190.28 1.9474e-32 
1190.29 2.30405e-32 
1190.3 2.72521e-32 
1190.31 3.22239e-32 
1190.32 3.80913e-32 
1190.33 4.50136e-32 
1190.34 5.3178e-32 
1190.35 6.28044e-32 
1190.36 7.41513e-32 
1190.37 8.75219e-32 
1190.38 1.03273e-31 
1190.39 1.21821e-31 
1190.4 1.43659e-31 
1190.41 1.6936e-31 
1190.42 1.99599e-31 
1190.43 2.35168e-31 
1190.44 2.76992e-31 
1190.45 3.26156e-31 
1190.46 3.83932e-31 
1190.47 4.51807e-31 
1190.48 5.32602e-31 
1190.49 6.26383e-31 
1190.5 7.36457e-31 
1190.51 8.65616e-31 
1190.52 1.01712e-30 
1190.53 1.19479e-30 
1190.54 1.40306e-30 
1190.55 1.64716e-30 
1190.56 1.93314e-30 
1190.57 2.26809e-30 
1190.58 2.66029e-30 
1190.59 3.11937e-30 
1190.6 3.65657e-30 
1190.61 4.28768e-30 
1190.62 5.02308e-30 
1190.63 5.88286e-30 
1190.64 6.88774e-30 
1190.64 8.06185e-30 
1190.65 9.43329e-30 
1190.66 1.10347e-29 
1190.67 1.29042e-29 
1190.68 1.50858e-29 
1190.69 1.7631e-29 
1190.7 2.05994e-29 
1190.71 2.40604e-29 
1190.72 2.80946e-29 
1190.73 3.28587e-29 
1190.74 3.83448e-29 
1190.75 4.47336e-29 
1190.76 5.21713e-29 
1190.77 6.08273e-29 
1190.78 7.08983e-29 
1190.79 8.2612e-29 
1190.8 9.62322e-29 
1190.81 1.12065e-28 
1190.82 1.30462e-28 
1190.83 1.51835e-28 
1190.84 1.76657e-28 
1190.85 2.05475e-28 
1190.86 2.38922e-28 
1190.87 2.77731e-28 
1190.88 3.22747e-28 
1190.89 3.74947e-28 
1190.9 4.35459e-28 
1190.91 5.05587e-28 
1190.92 5.86832e-28 
1190.93 6.80929e-28 
1190.94 7.89878e-28 
1190.95 9.15985e-28 
1190.96 1.06191e-27 
1190.97 1.23071e-27 
1190.98 1.42854e-27 
1190.99 1.65462e-27 
1191 1.91591e-27 
1191.01 2.2178e-27 
1191.02 2.56649e-27 
1191.03 2.96911e-27 
1191.04 3.43387e-27 
1191.05 3.97018e-27 
1191.06 4.58889e-27 
1191.07 5.30243e-27 
1191.07 6.12509e-27 
1191.08 7.07326e-27 
1191.09 8.16577e-27 
1191.1 9.4242e-27 
1191.11 1.08733e-26 
1191.12 1.25415e-26 
1191.13 1.44613e-26 
1191.14 1.667e-26 
1191.15 1.92102e-26 
1191.16 2.2131e-26 
1191.17 2.54881e-26 
1191.18 2.93458e-26 
1191.19 3.37772e-26 
1191.2 3.88662e-26 
1191.21 4.47085e-26 
1191.22 5.14136e-26 
1191.23 5.92097e-26 
1191.24 6.80486e-26 
1191.25 7.81836e-26 
1191.26 8.98013e-26 
1191.27 1.03114e-25 
1191.28 1.18366e-25 
1191.29 1.35832e-25 
1191.3 1.5583e-25 
1191.31 1.78717e-25 
1191.32 2.04906e-25 
1191.33 2.34861e-25 
1191.34 2.69115e-25 
1191.35 3.08273e-25 
1191.36 3.53022e-25 
1191.37 4.04147e-25 
1191.38 4.62538e-25 
1191.39 5.29206e-25 
1191.4 6.05302e-25 
1191.41 6.92133e-25 
1191.42 7.91183e-25 
1191.43 9.04137e-25 
1191.44 1.03291e-24 
1191.45 1.17967e-24 
1191.46 1.34688e-24 
1191.47 1.53732e-24 
1191.48 1.75726e-24 
1191.49 2.00431e-24 
1191.49 2.28566e-24 
1191.5 2.60572e-24 
1191.51 2.96971e-24 
1191.52 3.38354e-24 
1191.53 3.85387e-24 
1191.54 4.38828e-24 
1191.55 4.99529e-24 
1191.56 5.68457e-24 
1191.57 6.46702e-24 
1191.58 7.35498e-24 
1191.59 8.36235e-24 
1191.6 9.51076e-24 
1191.61 1.08069e-23 
1191.62 1.22761e-23 
1191.63 1.39408e-23 
1191.64 1.58264e-23 
1191.65 1.79618e-23 
1191.66 2.03792e-23 
1191.67 2.31151e-23 
1191.68 2.62103e-23 
1191.69 2.97112e-23 
1191.7 3.36696e-23 
1191.71 3.81439e-23 
1191.72 4.31999e-23 
1191.73 4.89873e-23 
1191.74 5.54472e-23 
1191.75 6.27402e-23 
1191.76 7.09712e-23 
1191.77 8.0258e-23 
1191.78 9.07329e-23 
1191.79 1.02544e-22 
1191.8 1.15858e-22 
1191.81 1.30862e-22 
1191.82 1.47765e-22 
1191.83 1.668e-22 
1191.84 1.88232e-22 
1191.85 2.12354e-22 
1191.86 2.39495e-22 
1191.87 2.70025e-22 
1191.88 3.04355e-22 
1191.89 3.42947e-22 
1191.9 3.86318e-22 
1191.91 4.35042e-22 
1191.92 4.89766e-22 
1191.92 5.51208e-22 
1191.93 6.20173e-22 
1191.94 6.97558e-22 
1191.95 7.84363e-22 
1191.96 8.81708e-22 
1191.97 9.90837e-22 
1191.98 1.11476e-21 
1191.99 1.25198e-21 
1192 1.40567e-21 
1192.01 1.57775e-21 
1192.02 1.77037e-21 
1192.03 1.98591e-21 
1192.04 2.22703e-21 
1192.05 2.49668e-21 
1192.06 2.79814e-21 
1192.07 3.13506e-21 
1192.08 3.51149e-21 
1192.09 3.93195e-21 
1192.1 4.40144e-21 
1192.11 4.92551e-21 
1192.12 5.51033e-21 
1192.13 6.16274e-21 
1192.14 6.89034e-21 
1192.15 7.70154e-21 
1192.16 8.60566e-21 
1192.17 9.61305e-21 
1192.18 1.07351e-20 
1192.19 1.19846e-20 
1192.2 1.33756e-20 
1192.21 1.49234e-20 
1192.22 1.66455e-20 
1192.23 1.85859e-20 
1192.24 2.07181e-20 
1192.25 2.30879e-20 
1192.26 2.57212e-20 
1192.27 2.86461e-20 
1192.28 3.18942e-20 
1192.29 3.55e-20 
1192.3 3.95015e-20 
1192.31 4.3941e-20 
1192.32 4.88648e-20 
1192.33 5.4324e-20 
1192.34 6.03751e-20 
1192.34 6.70802e-20 
1192.35 7.45076e-20 
1192.36 8.27326e-20 
1192.37 9.18381e-20 
1192.38 1.01915e-19 
1192.39 1.13064e-19 
1192.4 1.25396e-19 
1192.41 1.3903e-19 
1192.42 1.54101e-19 
1192.43 1.70754e-19 
1192.44 1.89151e-19 
1192.45 2.09467e-19 
1192.46 2.31896e-19 
1192.47 2.56649e-19 
1192.48 2.84318e-19 
1192.49 3.14478e-19 
1192.5 3.47732e-19 
1192.51 3.84389e-19 
1192.52 4.24782e-19 
1192.53 4.6928e-19 
1192.54 5.18283e-19 
1192.55 5.72233e-19 
1192.56 6.3161e-19 
1192.57 6.96939e-19 
1192.58 7.68795e-19 
1192.59 8.47806e-19 
1192.6 9.34657e-19 
1192.61 1.03074e-18 
1192.62 1.13565e-18 
1192.63 1.25086e-18 
1192.64 1.37736e-18 
1192.65 1.51619e-18 
1192.66 1.66851e-18 
1192.67 1.83559e-18 
1192.68 2.01879e-18 
1192.69 2.21962e-18 
1192.7 2.43969e-18 
1192.71 2.68078e-18 
1192.72 2.94481e-18 
1192.73 3.23766e-18 
1192.74 3.5544e-18 
1192.75 3.90096e-18 
1192.76 4.28003e-18 
1192.77 4.69453e-18 
1192.77 5.14763e-18 
1192.78 5.64278e-18 
1192.79 6.1837e-18 
1192.8 6.77445e-18 
1192.81 7.41941e-18 
1192.82 8.12334e-18 
1192.83 8.89141e-18 
1192.84 9.72918e-18 
1192.85 1.06427e-17 
1192.86 1.16385e-17 
1192.87 1.27237e-17 
1192.88 1.39059e-17 
1192.89 1.51934e-17 
1192.9 1.65952e-17 
1192.91 1.81208e-17 
1192.92 1.97808e-17 
1192.93 2.15864e-17 
1192.94 2.35497e-17 
1192.95 2.5684e-17 
1192.96 2.80032e-17 
1192.97 3.05228e-17 
1192.98 3.32948e-17 
1192.99 3.62686e-17 
1193 3.94963e-17 
1193.01 4.29983e-17 
1193.02 4.67968e-17 
1193.03 5.09157e-17 
1193.04 5.53804e-17 
1193.05 6.02187e-17 
1193.06 6.54601e-17 
1193.07 7.11364e-17 
1193.08 7.72819e-17 
1193.09 8.3933e-17 
1193.1 9.11294e-17 
1193.11 9.89131e-17 
1193.12 1.0733e-16 
1193.13 1.16427e-16 
1193.14 1.26258e-16 
1193.15 1.36879e-16 
1193.16 1.48348e-16 
1193.17 1.6073e-16 
1193.18 1.74094e-16 
1193.19 1.88512e-16 
1193.19 2.04064e-16 
1193.2 2.20832e-16 
1193.21 2.38906e-16 
1193.22 2.58645e-16 
1193.23 2.79636e-16 
1193.24 3.02251e-16 
1193.25 3.26597e-16 
1193.26 3.52799e-16 
1193.27 3.80989e-16 
1193.28 4.11308e-16 
1193.29 4.43907e-16 
1193.3 4.78946e-16 
1193.31 5.16597e-16 
1193.32 5.57041e-16 
1193.33 6.00471e-16 
1193.34 6.47094e-16 
1193.35 6.97128e-16 
1193.36 7.50806e-16 
1193.37 8.08375e-16 
1193.38 8.70098e-16 
1193.39 9.36254e-16 
1193.4 1.00714e-15 
1193.41 1.08307e-15 
1193.42 1.16437e-15 
1193.43 1.2514e-15 
1193.44 1.34453e-15 
1193.45 1.44417e-15 
1193.46 1.55072e-15 
1193.47 1.66464e-15 
1193.48 1.78796e-15 
1193.49 1.91815e-15 
1193.5 2.0572e-15 
1193.51 2.20567e-15 
1193.52 2.36415e-15 
1193.53 2.53326e-15 
1193.54 2.71365e-15 
1193.55 2.90602e-15 
1193.56 3.1111e-15 
1193.57 3.32965e-15 
1193.58 3.56249e-15 
1193.59 3.81047e-15 
1193.6 4.07449e-15 
1193.61 4.35821e-15 
1193.62 4.65739e-15 
1193.62 4.97563e-15 
1193.63 5.31402e-15 
1193.64 5.67373e-15 
1193.65 6.05597e-15 
1193.66 6.46203e-15 
1193.67 6.89326e-15 
1193.68 7.35106e-15 
1193.69 7.83692e-15 
1193.7 8.35239e-15 
1193.71 8.89911e-15 
1193.72 9.47877e-15 
1193.73 1.01011e-14 
1193.74 1.07526e-14 
1193.75 1.14426e-14 
1193.76 1.21734e-14 
1193.77 1.29469e-14 
1193.78 1.37654e-14 
1193.79 1.46313e-14 
1193.8 1.5547e-14 
1193.81 1.65151e-14 
1193.82 1.75383e-14 
1193.83 1.86192e-14 
1193.84 1.97609e-14 
1193.85 2.09663e-14 
1193.86 2.22385e-14 
1193.87 2.35809e-14 
1193.88 2.49969e-14 
1193.89 2.64899e-14 
1193.9 2.80637e-14 
1193.91 2.97222e-14 
1193.92 3.14692e-14 
1193.93 3.33089e-14 
1193.94 3.52457e-14 
1193.95 3.72839e-14 
1193.96 3.94282e-14 
1193.97 4.16833e-14 
1193.98 4.40846e-14 
1193.99 4.6578e-14 
1194 4.91977e-14 
1194.01 5.19492e-14 
1194.02 5.48381e-14 
1194.03 5.78704e-14 
1194.04 6.10521e-14 
1194.05 6.43895e-14 
1194.05 6.7889e-14 
1194.06 7.15572e-14 
1194.07 7.54011e-14 
1194.08 7.94277e-14 
1194.09 8.36443e-14 
1194.1 8.80585e-14 
1194.11 9.26778e-14 
1194.12 9.75102e-14 
1194.13 1.02564e-13 
1194.14 1.07847e-13 
1194.15 1.13369e-13 
1194.16 1.19138e-13 
1194.17 1.25162e-13 
1194.18 1.31453e-13 
1194.19 1.38017e-13 
1194.2 1.44867e-13 
1194.21 1.52011e-13 
1194.22 1.59459e-13 
1194.23 1.67321e-13 
1194.24 1.75414e-13 
1194.25 1.83844e-13 
1194.26 1.92621e-13 
1194.27 2.01756e-13 
1194.28 2.11262e-13 
1194.29 2.21149e-13 
1194.3 2.31429e-13 
1194.31 2.42115e-13 
1194.32 2.53219e-13 
1194.33 2.64753e-13 
1194.34 2.76729e-13 
1194.35 2.89161e-13 
1194.36 3.0206e-13 
1194.37 3.15441e-13 
1194.38 3.29316e-13 
1194.39 3.43698e-13 
1194.4 3.58601e-13 
1194.41 3.74038e-13 
1194.42 3.90024e-13 
1194.43 4.0657e-13 
1194.44 4.23692e-13 
1194.45 4.41403e-13 
1194.46 4.59717e-13 
1194.47 4.78647e-13 
1194.47 4.9846e-13 
1194.48 5.18669e-13 
1194.49 5.39541e-13 
1194.5 5.61084e-13 
1194.51 5.83313e-13 
1194.52 6.06242e-13 
1194.53 6.29883e-13 
1194.54 6.5425e-13 
1194.55 6.79357e-13 
1194.56 7.05216e-13 
1194.57 7.31841e-13 
1194.58 7.59244e-13 
1194.59 7.87437e-13 
1194.6 8.16433e-13 
1194.61 8.46768e-13 
1194.62 8.77424e-13 
1194.63 9.08918e-13 
1194.64 9.41261e-13 
1194.65 9.74463e-13 
1194.66 1.00853e-12 
1194.67 1.04349e-12 
1194.68 1.07933e-12 
1194.69 1.11606e-12 
1194.7 1.15371e-12 
1194.71 1.19226e-12 
1194.72 1.23174e-12 
1194.73 1.27265e-12 
1194.74 1.314e-12 
1194.75 1.35629e-12 
1194.76 1.39952e-12 
1194.77 1.4437e-12 
1194.78 1.48883e-12 
1194.79 1.53491e-12 
1194.8 1.58194e-12 
1194.81 1.62993e-12 
1194.82 1.67888e-12 
1194.83 1.72878e-12 
1194.84 1.77963e-12 
1194.85 1.83143e-12 
1194.86 1.88419e-12 
1194.87 1.93788e-12 
1194.88 1.99252e-12 
1194.89 2.04808e-12 
1194.9 2.10457e-12 
1194.9 2.16198e-12 
1194.91 2.2203e-12 
1194.92 2.27952e-12 
1194.93 2.33962e-12 
1194.94 2.40061e-12 
1194.95 2.46245e-12 
1194.96 2.52515e-12 
1194.97 2.58868e-12 
1194.98 2.65384e-12 
1194.99 2.71901e-12 
1195 2.78497e-12 
1195.01 2.8517e-12 
1195.02 2.91917e-12 
1195.03 2.98738e-12 
1195.04 3.0563e-12 
1195.05 3.12592e-12 
1195.06 3.1962e-12 
1195.07 3.26713e-12 
1195.08 3.33869e-12 
1195.09 3.41086e-12 
1195.1 3.48361e-12 
1195.11 3.55691e-12 
1195.12 3.63076e-12 
1195.13 3.70512e-12 
1195.14 3.77998e-12 
1195.15 3.8553e-12 
1195.16 3.93108e-12 
1195.17 4.00729e-12 
1195.18 4.08392e-12 
1195.19 4.16094e-12 
1195.2 4.23834e-12 
1195.21 4.31611e-12 
1195.22 4.39424e-12 
1195.23 4.47369e-12 
1195.24 4.55251e-12 
1195.25 4.63167e-12 
1195.26 4.71117e-12 
1195.27 4.79102e-12 
1195.28 4.87122e-12 
1195.29 4.9518e-12 
1195.3 5.03277e-12 
1195.31 5.11417e-12 
1195.32 5.19603e-12 
1195.32 5.27839e-12 
1195.33 5.36131e-12 
1195.34 5.44486e-12 
1195.35 5.5291e-12 
1195.36 5.61413e-12 
1195.37 5.70004e-12 
1195.38 5.78695e-12 
1195.39 5.87498e-12 
1195.4 5.9643e-12 
1195.41 6.05506e-12 
1195.42 6.14745e-12 
1195.43 6.24169e-12 
1195.44 6.338e-12 
1195.45 6.43665e-12 
1195.46 6.53794e-12 
1195.47 6.64218e-12 
1195.48 6.7511e-12 
1195.49 6.8624e-12 
1195.5 6.97786e-12 
1195.51 7.09795e-12 
1195.52 7.2232e-12 
1195.53 7.35418e-12 
1195.54 7.49154e-12 
1195.55 7.63598e-12 
1195.56 7.78825e-12 
1195.57 7.94919e-12 
1195.58 8.11972e-12 
1195.59 8.30081e-12 
1195.6 8.49357e-12 
1195.61 8.70456e-12 
1195.62 8.92441e-12 
1195.63 9.15979e-12 
1195.64 9.41221e-12 
1195.65 9.68332e-12 
1195.66 9.9749e-12 
1195.67 1.02889e-11 
1195.68 1.06274e-11 
1195.69 1.09927e-11 
1195.7 1.13872e-11 
1195.71 1.18136e-11 
1195.72 1.22748e-11 
1195.73 1.27804e-11 
1195.74 1.33212e-11 
1195.75 1.39069e-11 
1195.75 1.45414e-11 
1195.76 1.52289e-11 
1195.77 1.59738e-11 
1195.78 1.67812e-11 
1195.79 1.76561e-11 
1195.8 1.86044e-11 
1195.81 1.96319e-11 
1195.82 2.07452e-11 
1195.83 2.19514e-11 
1195.84 2.32579e-11 
1195.85 2.46727e-11 
1195.86 2.62044e-11 
1195.87 2.78624e-11 
1195.88 2.96564e-11 
1195.89 3.15972e-11 
1195.9 3.3696e-11 
1195.91 3.59648e-11 
1195.92 3.84168e-11 
1195.93 4.10657e-11 
1195.94 4.39263e-11 
1195.95 4.70143e-11 
1195.96 5.03465e-11 
1195.97 5.3941e-11 
1195.98 5.78671e-11 
1195.99 6.20484e-11 
1196 6.65533e-11 
1196.01 7.14048e-11 
1196.02 7.66276e-11 
1196.03 8.22476e-11 
1196.04 8.82925e-11 
1196.05 9.47919e-11 
1196.06 1.01777e-10 
1196.07 1.09281e-10 
1196.08 1.17338e-10 
1196.09 1.25987e-10 
1196.1 1.35266e-10 
1196.11 1.45217e-10 
1196.12 1.55885e-10 
1196.13 1.67316e-10 
1196.14 1.79559e-10 
1196.15 1.92667e-10 
1196.16 2.06695e-10 
1196.17 2.217e-10 
1196.17 2.37745e-10 
1196.18 2.54892e-10 
1196.19 2.73212e-10 
1196.2 2.92775e-10 
1196.21 3.13657e-10 
1196.22 3.36235e-10 
1196.23 3.60006e-10 
1196.24 3.85357e-10 
1196.25 4.12371e-10 
1196.26 4.41144e-10 
1196.27 4.71778e-10 
1196.28 5.04379e-10 
1196.29 5.39059e-10 
1196.3 5.75934e-10 
1196.31 6.15126e-10 
1196.32 6.56763e-10 
1196.33 7.00979e-10 
1196.34 7.47913e-10 
1196.35 7.97711e-10 
1196.36 8.50525e-10 
1196.37 9.06514e-10 
1196.38 9.65843e-10 
1196.39 1.02868e-09 
1196.4 1.09522e-09 
1196.41 1.16563e-09 
1196.42 1.24011e-09 
1196.43 1.31886e-09 
1196.44 1.4021e-09 
1196.45 1.49004e-09 
1196.46 1.5829e-09 
1196.47 1.68092e-09 
1196.48 1.78567e-09 
1196.49 1.89482e-09 
1196.5 2.00987e-09 
1196.51 2.13111e-09 
1196.52 2.2588e-09 
1196.53 2.39324e-09 
1196.54 2.53471e-09 
1196.55 2.68352e-09 
1196.56 2.83998e-09 
1196.57 3.00442e-09 
1196.58 3.17716e-09 
1196.59 3.35855e-09 
1196.6 3.54892e-09 
1196.6 3.75098e-09 
1196.61 3.96055e-09 
1196.62 4.18023e-09 
1196.63 4.41039e-09 
1196.64 4.65144e-09 
1196.65 4.90376e-09 
1196.66 5.16778e-09 
1196.67 5.44391e-09 
1196.68 5.73258e-09 
1196.69 6.03422e-09 
1196.7 6.34928e-09 
1196.71 6.6782e-09 
1196.72 7.02145e-09 
1196.73 7.38406e-09 
1196.74 7.75754e-09 
1196.75 8.14675e-09 
1196.76 8.55217e-09 
1196.77 8.9743e-09 
1196.78 9.41361e-09 
1196.79 9.87059e-09 
1196.8 1.03457e-08 
1196.81 1.08396e-08 
1196.82 1.13526e-08 
1196.83 1.18852e-08 
1196.84 1.2438e-08 
1196.85 1.30115e-08 
1196.86 1.36062e-08 
1196.87 1.42225e-08 
1196.88 1.48609e-08 
1196.89 1.5522e-08 
1196.9 1.62061e-08 
1196.91 1.69139e-08 
1196.92 1.76457e-08 
1196.93 1.84021e-08 
1196.94 1.91834e-08 
1196.95 1.99901e-08 
1196.96 2.08227e-08 
1196.97 2.16814e-08 
1196.98 2.25781e-08 
1196.99 2.3491e-08 
1197 2.44312e-08 
1197.01 2.53992e-08 
1197.02 2.63953e-08 
1197.03 2.74198e-08 
1197.03 2.8473e-08 
1197.04 2.95551e-08 
1197.05 3.06665e-08 
1197.06 3.18073e-08 
1197.07 3.29777e-08 
1197.08 3.41779e-08 
1197.09 3.5408e-08 
1197.1 3.66681e-08 
1197.11 3.79584e-08 
1197.12 3.92787e-08 
1197.13 4.06292e-08 
1197.14 4.20098e-08 
1197.15 4.34204e-08 
1197.16 4.4861e-08 
1197.17 4.63313e-08 
1197.18 4.78312e-08 
1197.19 4.93605e-08 
1197.2 5.09189e-08 
1197.21 5.25061e-08 
1197.22 5.41217e-08 
1197.23 5.57861e-08 
1197.24 5.74576e-08 
1197.25 5.91563e-08 
1197.26 6.08815e-08 
1197.27 6.26327e-08 
1197.28 6.44092e-08 
1197.29 6.62103e-08 
1197.3 6.80354e-08 
1197.31 6.98836e-08 
1197.32 7.17541e-08 
1197.33 7.36461e-08 
1197.34 7.55585e-08 
1197.35 7.74905e-08 
1197.36 7.9441e-08 
1197.37 8.1409e-08 
1197.38 8.33933e-08 
1197.39 8.53927e-08 
1197.4 8.74061e-08 
1197.41 8.94323e-08 
1197.42 9.14698e-08 
1197.43 9.35174e-08 
1197.44 9.55736e-08 
1197.45 9.76371e-08 
1197.45 9.97064e-08 
1197.46 1.0178e-07 
1197.47 1.03856e-07 
1197.48 1.0596e-07 
1197.49 1.08037e-07 
1197.5 1.10112e-07 
1197.51 1.12183e-07 
1197.52 1.14249e-07 
1197.53 1.16307e-07 
1197.54 1.18357e-07 
1197.55 1.20396e-07 
1197.56 1.22423e-07 
1197.57 1.24435e-07 
1197.58 1.26431e-07 
1197.59 1.28409e-07 
1197.6 1.30368e-07 
1197.61 1.32387e-07 
1197.62 1.34302e-07 
1197.63 1.36191e-07 
1197.64 1.38054e-07 
1197.65 1.39888e-07 
1197.66 1.41691e-07 
1197.67 1.43461e-07 
1197.68 1.45197e-07 
1197.69 1.46897e-07 
1197.7 1.4856e-07 
1197.71 1.50182e-07 
1197.72 1.51764e-07 
1197.73 1.53321e-07 
1197.74 1.54815e-07 
1197.75 1.56262e-07 
1197.76 1.57662e-07 
1197.77 1.59012e-07 
1197.78 1.60312e-07 
1197.79 1.6156e-07 
1197.8 1.62754e-07 
1197.81 1.63894e-07 
1197.82 1.64977e-07 
1197.83 1.66003e-07 
1197.84 1.66971e-07 
1197.85 1.6788e-07 
1197.86 1.68728e-07 
1197.87 1.69514e-07 
1197.88 1.70238e-07 
1197.88 1.709e-07 
1197.89 1.71497e-07 
1197.9 1.7203e-07 
1197.91 1.72498e-07 
1197.92 1.729e-07 
1197.93 1.73236e-07 
1197.94 1.73506e-07 
1197.95 1.73709e-07 
1197.96 1.73845e-07 
1197.97 1.73915e-07 
1197.98 1.73917e-07 
1197.99 1.73852e-07 
1198 1.7372e-07 
1198.01 1.73521e-07 
1198.02 1.73257e-07 
1198.03 1.72926e-07 
1198.04 1.7253e-07 
1198.05 1.72069e-07 
1198.06 1.71545e-07 
1198.07 1.70956e-07 
1198.08 1.70305e-07 
1198.09 1.69592e-07 
1198.1 1.68819e-07 
1198.11 1.67985e-07 
1198.12 1.67093e-07 
1198.13 1.66143e-07 
1198.14 1.65137e-07 
1198.15 1.64076e-07 
1198.16 1.62961e-07 
1198.17 1.61795e-07 
1198.18 1.60578e-07 
1198.19 1.59311e-07 
1198.2 1.57998e-07 
1198.21 1.56639e-07 
1198.22 1.55235e-07 
1198.23 1.53772e-07 
1198.24 1.52286e-07 
1198.25 1.50763e-07 
1198.26 1.49203e-07 
1198.27 1.47609e-07 
1198.28 1.45982e-07 
1198.29 1.44326e-07 
1198.3 1.42643e-07 
1198.3 1.40934e-07 
1198.31 1.39201e-07 
1198.32 1.37448e-07 
1198.33 1.35676e-07 
1198.34 1.33888e-07 
1198.35 1.32087e-07 
1198.36 1.30274e-07 
1198.37 1.28452e-07 
1198.38 1.26624e-07 
1198.39 1.24793e-07 
1198.4 1.2296e-07 
1198.41 1.21129e-07 
1198.42 1.19302e-07 
1198.43 1.17481e-07 
1198.44 1.1567e-07 
1198.45 1.13872e-07 
1198.46 1.12088e-07 
1198.47 1.10322e-07 
1198.48 1.08555e-07 
1198.49 1.06834e-07 
1198.5 1.05139e-07 
1198.51 1.03473e-07 
1198.52 1.01839e-07 
1198.53 1.0024e-07 
1198.54 9.86798e-08 
1198.55 9.71606e-08 
1198.56 9.56856e-08 
1198.57 9.42581e-08 
1198.58 9.28811e-08 
1198.59 9.15579e-08 
1198.6 9.02917e-08 
1198.61 8.91409e-08 
1198.62 8.7998e-08 
1198.63 8.69222e-08 
1198.64 8.5917e-08 
1198.65 8.49859e-08 
1198.66 8.41325e-08 
1198.67 8.33603e-08 
1198.68 8.26732e-08 
1198.69 8.20749e-08 
1198.7 8.15693e-08 
1198.71 8.11603e-08 
1198.72 8.08519e-08 
1198.73 8.06464e-08 
1198.73 8.0553e-08 
1198.74 8.05729e-08 
1198.75 8.07104e-08 
1198.76 8.097e-08 
1198.77 8.13562e-08 
1198.78 8.18737e-08 
1198.79 8.25274e-08 
1198.8 8.33221e-08 
1198.81 8.42627e-08 
1198.82 8.53545e-08 
1198.83 8.66026e-08 
1198.84 8.80125e-08 
1198.85 8.95895e-08 
1198.86 9.13393e-08 
1198.87 9.32676e-08 
1198.88 9.53803e-08 
1198.89 9.76834e-08 
1198.9 1.00183e-07 
1198.91 1.02885e-07 
1198.92 1.05796e-07 
1198.93 1.08923e-07 
1198.94 1.12272e-07 
1198.95 1.1585e-07 
1198.96 1.19664e-07 
1198.97 1.23721e-07 
1198.98 1.28083e-07 
1198.99 1.3265e-07 
1199 1.37482e-07 
1199.01 1.42586e-07 
1199.02 1.4797e-07 
1199.03 1.53642e-07 
1199.04 1.59609e-07 
1199.05 1.65879e-07 
1199.06 1.7246e-07 
1199.07 1.7936e-07 
1199.08 1.86588e-07 
1199.09 1.94152e-07 
1199.1 2.02059e-07 
1199.11 2.10319e-07 
1199.12 2.18939e-07 
1199.13 2.27928e-07 
1199.14 2.37295e-07 
1199.15 2.47047e-07 
1199.15 2.57193e-07 
1199.16 2.67742e-07 
1199.17 2.78702e-07 
1199.18 2.9008e-07 
1199.19 3.01887e-07 
1199.2 3.14128e-07 
1199.21 3.26813e-07 
1199.22 3.4012e-07 
1199.23 3.53719e-07 
1199.24 3.67788e-07 
1199.25 3.82331e-07 
1199.26 3.97357e-07 
1199.27 4.12871e-07 
1199.28 4.28881e-07 
1199.29 4.45394e-07 
1199.3 4.62416e-07 
1199.31 4.79952e-07 
1199.32 4.9801e-07 
1199.33 5.16594e-07 
1199.34 5.35709e-07 
1199.35 5.5536e-07 
1199.36 5.75552e-07 
1199.37 5.96289e-07 
1199.38 6.17573e-07 
1199.39 6.39409e-07 
1199.4 6.61798e-07 
1199.41 6.84743e-07 
1199.42 7.08245e-07 
1199.43 7.32306e-07 
1199.44 7.56926e-07 
1199.45 7.82104e-07 
1199.46 8.0784e-07 
1199.47 8.34133e-07 
1199.48 8.6132e-07 
1199.49 8.88726e-07 
1199.5 9.16681e-07 
1199.51 9.45181e-07 
1199.52 9.74219e-07 
1199.53 1.00379e-06 
1199.54 1.03389e-06 
1199.55 1.06452e-06 
1199.56 1.09565e-06 
1199.57 1.12729e-06 
1199.58 1.15943e-06 
1199.58 1.19205e-06 
1199.59 1.22514e-06 
1199.6 1.2587e-06 
1199.61 1.2935e-06 
1199.62 1.32796e-06 
1199.63 1.36285e-06 
1199.64 1.39814e-06 
1199.65 1.43382e-06 
1199.66 1.46988e-06 
1199.67 1.50629e-06 
1199.68 1.54304e-06 
1199.69 1.58011e-06 
1199.7 1.61747e-06 
1199.71 1.65512e-06 
1199.72 1.69302e-06 
1199.73 1.73163e-06 
1199.74 1.76997e-06 
1199.75 1.8085e-06 
1199.76 1.84719e-06 
1199.77 1.88601e-06 
1199.78 1.92495e-06 
1199.79 1.96396e-06 
1199.8 2.00303e-06 
1199.81 2.04213e-06 
1199.82 2.08122e-06 
1199.83 2.12028e-06 
1199.84 2.15928e-06 
1199.85 2.19819e-06 
1199.86 2.23698e-06 
1199.87 2.27561e-06 
1199.88 2.31406e-06 
1199.89 2.3523e-06 
1199.9 2.39028e-06 
1199.91 2.42799e-06 
1199.92 2.46538e-06 
1199.93 2.50243e-06 
1199.94 2.5391e-06 
1199.95 2.57535e-06 
1199.96 2.61116e-06 
1199.97 2.6465e-06 
1199.98 2.68176e-06 
1199.99 2.71604e-06 
1200 2.74974e-06 
1200.01 2.78284e-06 
1200.01 2.81529e-06 
1200.02 2.84708e-06 
1200.03 2.87816e-06 
1200.04 2.90852e-06 
1200.05 2.93811e-06 
1200.06 2.96691e-06 
1200.07 2.99488e-06 
1200.08 3.02201e-06 
1200.09 3.04826e-06 
1200.1 3.07361e-06 
1200.11 3.09802e-06 
1200.12 3.12148e-06 
1200.13 3.14396e-06 
1200.14 3.16544e-06 
1200.15 3.18588e-06 
1200.16 3.20528e-06 
1200.17 3.22361e-06 
1200.18 3.24085e-06 
1200.19 3.25698e-06 
1200.2 3.27198e-06 
1200.21 3.28585e-06 
1200.22 3.29856e-06 
1200.23 3.31023e-06 
1200.24 3.32057e-06 
1200.25 3.32971e-06 
1200.26 3.33765e-06 
1200.27 3.34438e-06 
1200.28 3.34989e-06 
1200.29 3.35417e-06 
1200.3 3.35722e-06 
1200.31 3.35903e-06 
1200.32 3.35961e-06 
1200.33 3.35895e-06 
1200.34 3.35706e-06 
1200.35 3.35393e-06 
1200.36 3.34957e-06 
1200.37 3.34398e-06 
1200.38 3.33718e-06 
1200.39 3.32916e-06 
1200.4 3.31994e-06 
1200.41 3.30953e-06 
1200.42 3.29794e-06 
1200.43 3.28518e-06 
1200.43 3.27127e-06 
1200.44 3.25621e-06 
1200.45 3.24004e-06 
1200.46 3.22276e-06 
1200.47 3.2044e-06 
1200.48 3.18472e-06 
1200.49 3.16423e-06 
1200.5 3.14272e-06 
1200.51 3.12022e-06 
1200.52 3.09674e-06 
1200.53 3.07231e-06 
1200.54 3.04695e-06 
1200.55 3.0207e-06 
1200.56 2.99359e-06 
1200.57 2.96563e-06 
1200.58 2.93686e-06 
1200.59 2.90731e-06 
1200.6 2.87701e-06 
1200.61 2.84775e-06 
1200.62 2.81602e-06 
1200.63 2.78364e-06 
1200.64 2.75063e-06 
1200.65 2.71704e-06 
1200.66 2.68288e-06 
1200.67 2.64821e-06 
1200.68 2.61304e-06 
1200.69 2.57742e-06 
1200.7 2.54138e-06 
1200.71 2.50496e-06 
1200.72 2.46819e-06 
1200.73 2.43063e-06 
1200.74 2.39326e-06 
1200.75 2.35564e-06 
1200.76 2.3178e-06 
1200.77 2.2798e-06 
1200.78 2.24165e-06 
1200.79 2.2034e-06 
1200.8 2.16507e-06 
1200.81 2.12671e-06 
1200.82 2.08834e-06 
1200.83 2.05e-06 
1200.84 2.01173e-06 
1200.85 1.97356e-06 
1200.85 1.93551e-06 
1200.86 1.89762e-06 
1200.87 1.85993e-06 
1200.88 1.82247e-06 
1200.89 1.78527e-06 
1200.9 1.74835e-06 
1200.91 1.71176e-06 
1200.92 1.67552e-06 
1200.93 1.63966e-06 
1200.94 1.60421e-06 
1200.95 1.5692e-06 
1200.96 1.53466e-06 
1200.97 1.50061e-06 
1200.98 1.46668e-06 
1200.99 1.43373e-06 
1201 1.40136e-06 
1201.01 1.3696e-06 
1201.02 1.33848e-06 
1201.03 1.30802e-06 
1201.04 1.27825e-06 
1201.05 1.2492e-06 
1201.06 1.22089e-06 
1201.07 1.19335e-06 
1201.08 1.1666e-06 
1201.09 1.14067e-06 
1201.1 1.11559e-06 
1201.11 1.09137e-06 
1201.12 1.06805e-06 
1201.13 1.04564e-06 
1201.14 1.02418e-06 
1201.15 1.00368e-06 
1201.16 9.84167e-07 
1201.17 9.65672e-07 
1201.18 9.48215e-07 
1201.19 9.31819e-07 
1201.2 9.16509e-07 
1201.21 9.02307e-07 
1201.22 8.89238e-07 
1201.23 8.77182e-07 
1201.24 8.66462e-07 
1201.25 8.56945e-07 
1201.26 8.48652e-07 
1201.27 8.41609e-07 
1201.28 8.35837e-07 
1201.28 8.31359e-07 
1201.29 8.28197e-07 
1201.3 8.26375e-07 
1201.31 8.25913e-07 
1201.32 8.26835e-07 
1201.33 8.29161e-07 
1201.34 8.32912e-07 
1201.35 8.38111e-07 
1201.36 8.44776e-07 
1201.37 8.52928e-07 
1201.38 8.62587e-07 
1201.39 8.73771e-07 
1201.4 8.86499e-07 
1201.41 9.00787e-07 
1201.42 9.16654e-07 
1201.43 9.34114e-07 
1201.44 9.53183e-07 
1201.45 9.73874e-07 
1201.46 9.96201e-07 
1201.47 1.02018e-06 
1201.48 1.04614e-06 
1201.49 1.07346e-06 
1201.5 1.10245e-06 
1201.51 1.13313e-06 
1201.52 1.16549e-06 
1201.53 1.19954e-06 
1201.54 1.23528e-06 
1201.55 1.27271e-06 
1201.56 1.31182e-06 
1201.57 1.35262e-06 
1201.58 1.39509e-06 
1201.59 1.43922e-06 
1201.6 1.48501e-06 
1201.61 1.53338e-06 
1201.62 1.58246e-06 
1201.63 1.63315e-06 
1201.64 1.68542e-06 
1201.65 1.73925e-06 
1201.66 1.79461e-06 
1201.67 1.85147e-06 
1201.68 1.9098e-06 
1201.69 1.96956e-06 
1201.7 2.03071e-06 
1201.7 2.09322e-06 
1201.71 2.15704e-06 
1201.72 2.22293e-06 
1201.73 2.28923e-06 
1201.74 2.35667e-06 
1201.75 2.42522e-06 
1201.76 2.49479e-06 
1201.77 2.56534e-06 
1201.78 2.63679e-06 
1201.79 2.70908e-06 
1201.8 2.78213e-06 
1201.81 2.85587e-06 
1201.82 2.93021e-06 
1201.83 3.00509e-06 
1201.84 3.08041e-06 
1201.85 3.15609e-06 
1201.86 3.23203e-06 
1201.87 3.30817e-06 
1201.88 3.38438e-06 
1201.89 3.4606e-06 
1201.9 3.5367e-06 
1201.91 3.61261e-06 
1201.92 3.68822e-06 
1201.93 3.76343e-06 
1201.94 3.83813e-06 
1201.95 3.91223e-06 
1201.96 3.98562e-06 
1201.97 4.0582e-06 
1201.98 4.13075e-06 
1201.99 4.20138e-06 
1202 4.27088e-06 
1202.01 4.33915e-06 
1202.02 4.40609e-06 
1202.03 4.47159e-06 
1202.04 4.53556e-06 
1202.05 4.59789e-06 
1202.06 4.65849e-06 
1202.07 4.71726e-06 
1202.08 4.77411e-06 
1202.09 4.82895e-06 
1202.1 4.88167e-06 
1202.11 4.93221e-06 
1202.12 4.98048e-06 
1202.13 5.02639e-06 
1202.13 5.06987e-06 
1202.14 5.11084e-06 
1202.15 5.14925e-06 
1202.16 5.18501e-06 
1202.17 5.21808e-06 
1202.18 5.24838e-06 
1202.19 5.27588e-06 
1202.2 5.30052e-06 
1202.21 5.32227e-06 
1202.22 5.34127e-06 
1202.23 5.35708e-06 
1202.24 5.36988e-06 
1202.25 5.37965e-06 
1202.26 5.38638e-06 
1202.27 5.39006e-06 
1202.28 5.39068e-06 
1202.29 5.38823e-06 
1202.3 5.38273e-06 
1202.31 5.37418e-06 
1202.32 5.36259e-06 
1202.33 5.34798e-06 
1202.34 5.33038e-06 
1202.35 5.30982e-06 
1202.36 5.28632e-06 
1202.37 5.25994e-06 
1202.38 5.23071e-06 
1202.39 5.19868e-06 
1202.4 5.16391e-06 
1202.41 5.12645e-06 
1202.42 5.08636e-06 
1202.43 5.04371e-06 
1202.44 4.99858e-06 
1202.45 4.95102e-06 
1202.46 4.90113e-06 
1202.47 4.84897e-06 
1202.48 4.79395e-06 
1202.49 4.7375e-06 
1202.5 4.67904e-06 
1202.51 4.61868e-06 
1202.52 4.5565e-06 
1202.53 4.49259e-06 
1202.54 4.42706e-06 
1202.55 4.35999e-06 
1202.56 4.2915e-06 
1202.56 4.22168e-06 
1202.57 4.15062e-06 
1202.58 4.07843e-06 
1202.59 4.00522e-06 
1202.6 3.93108e-06 
1202.61 3.85849e-06 
1202.62 3.78275e-06 
1202.63 3.70638e-06 
1202.64 3.62949e-06 
1202.65 3.55216e-06 
1202.66 3.4745e-06 
1202.67 3.39661e-06 
1202.68 3.31856e-06 
1202.69 3.24046e-06 
1202.7 3.1624e-06 
1202.71 3.08445e-06 
1202.72 3.00672e-06 
1202.73 2.9283e-06 
1202.74 2.85123e-06 
1202.75 2.7746e-06 
1202.76 2.69849e-06 
1202.77 2.62297e-06 
1202.78 2.54812e-06 
1202.79 2.47399e-06 
1202.8 2.40064e-06 
1202.81 2.32814e-06 
1202.82 2.25655e-06 
1202.83 2.18591e-06 
1202.84 2.11627e-06 
1202.85 2.04769e-06 
1202.86 1.9802e-06 
1202.87 1.91384e-06 
1202.88 1.84865e-06 
1202.89 1.78466e-06 
1202.9 1.72191e-06 
1202.91 1.66041e-06 
1202.92 1.6002e-06 
1202.93 1.54129e-06 
1202.94 1.48371e-06 
1202.95 1.42746e-06 
1202.96 1.37256e-06 
1202.97 1.31902e-06 
1202.98 1.26685e-06 
1202.98 1.21542e-06 
1202.99 1.16601e-06 
1203 1.11796e-06 
1203.01 1.07129e-06 
1203.02 1.02598e-06 
1203.03 9.82023e-07 
1203.04 9.39416e-07 
1203.05 8.98145e-07 
1203.06 8.58198e-07 
1203.07 8.19559e-07 
1203.08 7.82215e-07 
1203.09 7.46146e-07 
1203.1 7.11335e-07 
1203.11 6.77762e-07 
1203.12 6.45404e-07 
1203.13 6.14241e-07 
1203.14 5.8425e-07 
1203.15 5.55406e-07 
1203.16 5.27686e-07 
1203.17 5.01063e-07 
1203.18 4.75512e-07 
1203.19 4.51006e-07 
1203.2 4.2752e-07 
1203.21 4.05026e-07 
1203.22 3.83496e-07 
1203.23 3.62653e-07 
1203.24 3.42982e-07 
1203.25 3.24193e-07 
1203.26 3.06259e-07 
1203.27 2.89152e-07 
1203.28 2.72844e-07 
1203.29 2.5731e-07 
1203.3 2.42522e-07 
1203.31 2.28454e-07 
1203.32 2.15078e-07 
1203.33 2.02371e-07 
1203.34 1.90306e-07 
1203.35 1.78858e-07 
1203.36 1.68003e-07 
1203.37 1.57716e-07 
1203.38 1.47976e-07 
1203.39 1.38757e-07 
1203.4 1.30039e-07 
1203.41 1.21799e-07 
1203.41 1.14016e-07 
1203.42 1.0667e-07 
1203.43 9.97398e-08 
1203.44 9.32069e-08 
1203.45 8.70522e-08 
1203.46 8.12576e-08 
1203.47 7.58055e-08 
1203.48 7.06168e-08 
1203.49 6.58031e-08 
1203.5 6.12825e-08 
1203.51 5.704e-08 
1203.52 5.3061e-08 
1203.53 4.93313e-08 
1203.54 4.58377e-08 
1203.55 4.25672e-08 
1203.56 3.95075e-08 
1203.57 3.66469e-08 
1203.58 3.3974e-08 
1203.59 3.14781e-08 
1203.6 2.91489e-08 
1203.61 2.69933e-08 
1203.62 2.49675e-08 
1203.63 2.30806e-08 
1203.64 2.13241e-08 
1203.65 1.969e-08 
1203.66 1.81708e-08 
1203.67 1.67593e-08 
1203.68 1.54486e-08 
1203.69 1.42322e-08 
1203.7 1.31042e-08 
1203.71 1.20587e-08 
1203.72 1.10903e-08 
1203.73 1.01831e-08 
1203.74 9.35455e-09 
1203.75 8.58854e-09 
1203.76 7.88076e-09 
1203.77 7.22718e-09 
1203.78 6.62403e-09 
1203.79 6.06776e-09 
1203.8 5.55503e-09 
1203.81 5.08273e-09 
1203.82 4.64793e-09 
1203.83 4.2479e-09 
1203.83 3.88009e-09 
1203.84 3.54211e-09 
1203.85 3.23172e-09 
1203.86 2.94686e-09 
1203.87 2.68557e-09 
1203.88 2.44605e-09 
1203.89 2.22662e-09 
1203.9 2.02573e-09 
1203.91 1.8419e-09 
1203.92 1.67381e-09 
1203.93 1.52019e-09 
1203.94 1.37988e-09 
1203.95 1.2518e-09 
1203.96 1.13497e-09 
1203.97 1.02845e-09 
1203.98 9.30246e-10 
1203.99 8.41977e-10 
1204 7.61648e-10 
1204.01 6.88591e-10 
1204.02 6.22186e-10 
1204.03 5.61865e-10 
1204.04 5.07102e-10 
1204.05 4.57417e-10 
1204.06 4.12364e-10 
1204.07 3.71536e-10 
1204.08 3.34561e-10 
1204.09 3.01093e-10 
1204.1 2.70818e-10 
1204.11 2.43449e-10 
1204.12 2.18721e-10 
1204.13 1.96393e-10 
1204.14 1.76244e-10 
1204.15 1.58071e-10 
1204.16 1.41692e-10 
1204.17 1.26938e-10 
1204.18 1.13655e-10 
1204.19 1.01704e-10 
1204.2 9.09573e-11 
1204.21 8.13002e-11 
1204.22 7.26269e-11 
1204.23 6.47499e-11 
1204.24 5.77759e-11 
1204.25 5.15237e-11 
1204.26 4.59219e-11 
1204.26 4.09058e-11 
1204.27 3.64168e-11 
1204.28 3.2402e-11 
1204.29 2.88133e-11 
1204.3 2.56075e-11 
1204.31 2.27454e-11 
1204.32 2.01917e-11 
1204.33 1.79145e-11 
1204.34 1.5885e-11 
1204.35 1.40775e-11 
1204.36 1.24685e-11 
1204.37 1.10371e-11 
1204.38 9.76442e-12 
1204.39 8.6336e-12 
1204.4 7.62939e-12 
1204.41 6.73814e-12 
1204.42 5.94761e-12 
1204.43 5.24684e-12 
1204.44 4.62599e-12 
1204.45 4.07628e-12 
1204.46 3.58985e-12 
1204.47 3.15966e-12 
1204.48 2.77498e-12 
1204.49 2.43964e-12 
1204.5 2.1436e-12 
1204.51 1.88241e-12 
1204.52 1.6521e-12 
1204.53 1.44915e-12 
1204.54 1.2704e-12 
1204.55 1.11307e-12 
1204.56 9.7466e-13 
1204.57 8.52978e-13 
1204.58 7.46062e-13 
1204.59 6.52175e-13 
1204.6 5.69779e-13 
1204.61 4.97508e-13 
1204.62 4.34424e-13 
1204.63 3.7889e-13 
1204.64 3.30266e-13 
1204.65 2.87718e-13 
1204.66 2.50509e-13 
1204.67 2.17988e-13 
1204.68 1.8958e-13 
1204.68 1.6478e-13 
1204.69 1.43143e-13 
1204.7 1.24276e-13 
1204.71 1.07835e-13 
1204.72 9.33482e-14 
1204.73 8.09054e-14 
1204.74 7.00812e-14 
1204.75 6.06706e-14 
1204.76 5.24937e-14 
1204.77 4.53929e-14 
1204.78 3.92303e-14 
1204.79 3.3885e-14 
1204.8 2.92513e-14 
1204.81 2.52369e-14 
1204.82 2.1761e-14 
1204.83 1.87531e-14 
1204.84 1.61518e-14 
1204.85 1.39034e-14 
1204.86 1.19612e-14 
1204.87 1.02844e-14 
1204.88 8.83761e-15 
1204.89 7.59004e-15 
1204.9 6.51487e-15 
1204.91 5.58882e-15 
1204.92 4.79166e-15 
1204.93 4.10587e-15 
1204.94 3.51622e-15 
1204.95 3.00954e-15 
1204.96 2.5744e-15 
1204.97 2.20092e-15 
1204.98 1.87684e-15 
1204.99 1.60272e-15 
1205 1.36786e-15 
1205.01 1.16674e-15 
1205.02 9.9463e-16 
1205.03 8.47424e-16 
1205.04 7.21593e-16 
1205.05 6.14096e-16 
1205.06 5.22315e-16 
1205.07 4.43998e-16 
1205.08 3.77209e-16 
1205.09 3.20284e-16 
1205.1 2.71795e-16 
1205.11 2.30515e-16 
1205.11 1.95393e-16 
1205.12 1.65528e-16 
1205.13 1.40148e-16 
1205.14 1.18592e-16 
1205.15 1.00294e-16 
1205.16 8.47708e-17 
1205.17 7.16095e-17 
1205.18 6.04571e-17 
1205.19 5.10125e-17 
1205.2 4.30188e-17 
1205.21 3.6257e-17 
1205.22 3.04803e-17 
1205.23 2.56555e-17 
1205.24 2.15858e-17 
1205.25 1.81513e-17 
1205.26 1.52546e-17 
1205.27 1.28129e-17 
1205.28 1.07558e-17 
1205.29 9.02388e-18 
1205.3 7.5665e-18 
1205.31 6.34088e-18 
1205.32 5.31075e-18 
1205.33 4.44544e-18 
1205.34 3.719e-18 
1205.35 3.1095e-18 
1205.36 2.5984e-18 
1205.37 2.17007e-18 
1205.38 1.81132e-18 
1205.39 1.51101e-18 
1205.4 1.25978e-18 
1205.41 1.04972e-18 
1205.42 8.74183e-19 
1205.43 7.27587e-19 
1205.44 6.05229e-19 
1205.45 5.03161e-19 
1205.46 4.18068e-19 
1205.47 3.47167e-19 
1205.48 2.87513e-19 
1205.49 2.38431e-19 
1205.5 1.97655e-19 
1205.51 1.6376e-19 
1205.52 1.35599e-19 
1205.53 1.12218e-19 
1205.54 9.28146e-20 
1205.54 7.67227e-20 
1205.55 6.33846e-20 
1205.56 5.23355e-20 
1205.57 4.31878e-20 
1205.58 3.56187e-20 
1205.59 2.93594e-20 
1205.6 2.41863e-20 
1205.61 1.99256e-20 
1205.62 1.6396e-20 
1205.63 1.34839e-20 
1205.64 1.10827e-20 
1205.65 9.10397e-21 
1205.66 7.47424e-21 
1205.67 6.13275e-21 
1205.68 5.02917e-21 
1205.69 4.12182e-21 
1205.7 3.37625e-21 
1205.71 2.76396e-21 
1205.72 2.26142e-21 
1205.73 1.84455e-21 
1205.74 1.50745e-21 
1205.75 1.23125e-21 
1205.76 1.00508e-21 
1205.77 8.19995e-22 
1205.78 6.68609e-22 
1205.79 5.44861e-22 
1205.8 4.43763e-22 
1205.81 3.61218e-22 
1205.82 2.9386e-22 
1205.83 2.38926e-22 
1205.84 1.9415e-22 
1205.85 1.57676e-22 
1205.86 1.27981e-22 
1205.87 1.03819e-22 
1205.88 8.4171e-23 
1205.89 6.82024e-23 
1205.9 5.52318e-23 
1205.91 4.47024e-23 
1205.92 3.61597e-23 
1205.93 2.92328e-23 
1205.94 2.36195e-23 
1205.95 1.90731e-23 
1205.96 1.5393e-23 
1205.96 1.2416e-23 
1205.97 1.00089e-23 
1205.98 8.04219e-24 
1205.99 6.47566e-24 
1206 5.2113e-24 
1206.01 4.19142e-24 
1206.02 3.36921e-24 
1206.03 2.70674e-24 
1206.04 2.17329e-24 
1206.05 1.74398e-24 
1206.06 1.39868e-24 
1206.07 1.12111e-24 
1206.08 8.98107e-25 
1206.09 7.19054e-25 
1206.1 5.7537e-25 
1206.11 4.60135e-25 
1206.12 3.67769e-25 
1206.13 2.93777e-25 
1206.14 2.34538e-25 
1206.15 1.87137e-25 
1206.16 1.49231e-25 
1206.17 1.18936e-25 
1206.18 9.47364e-26 
1206.19 7.54178e-26 
1206.2 6.00044e-26 
1206.21 4.77138e-26 
1206.22 3.79191e-26 
1206.23 3.00312e-26 
1206.24 2.3839e-26 
1206.25 1.89128e-26 
1206.26 1.4996e-26 
1206.27 1.18836e-26 
1206.28 9.41182e-27 
1206.29 7.44991e-27 
1206.3 5.8936e-27 
1206.31 4.65975e-27 
1206.32 3.68211e-27 
1206.33 2.90793e-27 
1206.34 2.29521e-27 
1206.35 1.81056e-27 
1206.36 1.42744e-27 
1206.37 1.12474e-27 
1206.38 8.85732e-28 
1206.39 6.97113e-28 
1206.39 5.48348e-28 
1206.4 4.31084e-28 
1206.41 3.38703e-28 
1206.42 2.65968e-28 
1206.43 2.08734e-28 
1206.44 1.63722e-28 
1206.45 1.28344e-28 
1206.46 1.00553e-28 
1206.47 7.87347e-29 
1206.48 6.14268e-29 
1206.49 4.80432e-29 
1206.5 3.75541e-29 
1206.51 2.93384e-29 
1206.52 2.29069e-29 
1206.53 1.78751e-29 
1206.54 1.39407e-29 
1206.55 1.08661e-29 
1206.56 8.46472e-30 
1206.57 6.5903e-30 
1206.58 5.12802e-30 
1206.59 3.98793e-30 
1206.6 0 
