#energy geo_1 
1186.6 0 
1186.61 0 
1186.62 0 
1186.63 0 
1186.64 0 
1186.65 0 
1186.66 0 
1186.67 0 
1186.68 0 
1186.69 0 
1186.7 0 
1186.71 0 
1186.72 0 
1186.73 0 
1186.74 0 
1186.75 0 
1186.76 0 
1186.77 0 
1186.78 0 
1186.79 0 
1186.8 0 
1186.81 0 
1186.81 0 
1186.82 0 
1186.83 0 
1186.84 0 
1186.85 0 
1186.86 0 
1186.87 0 
1186.88 0 
1186.89 0 
1186.9 0 
1186.91 0 
1186.92 0 
1186.93 0 
1186.94 0 
1186.95 0 
1186.96 0 
1186.97 0 
1186.98 0 
1186.99 0 
1187 0 
1187.01 0 
1187.02 0 
1187.03 0 
1187.04 0 
1187.05 0 
1187.06 0 
1187.07 0 
1187.08 0 
1187.09 0 
1187.1 0 
1187.11 0 
1187.12 0 
1187.13 0 
1187.14 0 
1187.15 0 
1187.16 0 
1187.17 0 
1187.18 0 
1187.19 0 
1187.2 0 
1187.21 0 
1187.22 0 
1187.23 0 
1187.24 0 
1187.24 0 
1187.25 0 
1187.26 0 
1187.27 0 
1187.28 0 
1187.29 0 
1187.3 0 
1187.31 0 
1187.32 0 
1187.33 0 
1187.34 0 
1187.35 0 
1187.36 0 
1187.37 0 
1187.38 0 
1187.39 0 
1187.4 0 
1187.41 0 
1187.42 0 
1187.43 0 
1187.44 0 
1187.45 0 
1187.46 0 
1187.47 0 
1187.48 0 
1187.49 0 
1187.5 0 
1187.51 0 
1187.52 0 
1187.53 0 
1187.54 0 
1187.55 0 
1187.56 0 
1187.57 0 
1187.58 0 
1187.59 0 
1187.6 0 
1187.61 0 
1187.62 0 
1187.63 0 
1187.64 0 
1187.65 0 
1187.66 0 
1187.66 0 
1187.67 0 
1187.68 0 
1187.69 0 
1187.7 0 
1187.71 0 
1187.72 0 
1187.73 0 
1187.74 1.4013e-45 
1187.75 1.4013e-45 
1187.76 1.4013e-45 
1187.77 1.4013e-45 
1187.78 1.4013e-45 
1187.79 2.8026e-45 
1187.8 2.8026e-45 
1187.81 2.8026e-45 
1187.82 2.8026e-45 
1187.83 4.2039e-45 
1187.84 4.2039e-45 
1187.85 7.00649e-45 
1187.86 7.00649e-45 
1187.87 8.40779e-45 
1187.88 1.12104e-44 
1187.89 1.26117e-44 
1187.9 1.68156e-44 
1187.91 1.96182e-44 
1187.92 2.38221e-44 
1187.93 2.94273e-44 
1187.94 3.64338e-44 
1187.95 4.48416e-44 
1187.96 5.46506e-44 
1187.97 6.72623e-44 
1187.98 8.12753e-44 
1187.99 9.94922e-44 
1188 1.1911e-43 
1188.01 1.45735e-43 
1188.02 1.79366e-43 
1188.03 2.18603e-43 
1188.04 2.66247e-43 
1188.05 3.237e-43 
1188.06 3.93765e-43 
1188.07 4.80645e-43 
1188.08 5.8294e-43 
1188.09 7.10458e-43 
1188.09 8.64601e-43 
1188.1 1.05097e-42 
1188.11 1.27798e-42 
1188.12 1.55404e-42 
1188.13 1.88895e-42 
1188.14 2.29533e-42 
1188.15 2.78858e-42 
1188.16 3.38554e-42 
1188.17 4.11141e-42 
1188.18 4.99002e-42 
1188.19 6.05641e-42 
1188.2 7.34841e-42 
1188.21 8.91366e-42 
1188.22 1.08124e-41 
1188.23 1.31414e-41 
1188.24 1.593e-41 
1188.25 1.93071e-41 
1188.26 2.33947e-41 
1188.27 2.83413e-41 
1188.28 3.43262e-41 
1188.29 4.15625e-41 
1188.3 5.03164e-41 
1188.31 6.09004e-41 
1188.32 7.36915e-41 
1188.33 8.91492e-41 
1188.34 1.07824e-40 
1188.35 1.30384e-40 
1188.36 1.57626e-40 
1188.37 1.90516e-40 
1188.38 2.30219e-40 
1188.39 2.7813e-40 
1188.4 3.35935e-40 
1188.41 4.0566e-40 
1188.42 4.89747e-40 
1188.43 5.91128e-40 
1188.44 7.13334e-40 
1188.45 8.60606e-40 
1188.46 1.03804e-39 
1188.47 1.25178e-39 
1188.48 1.51271e-39 
1188.49 1.82335e-39 
1188.5 2.19727e-39 
1188.51 2.64727e-39 
1188.52 3.1887e-39 
1188.52 3.83999e-39 
1188.53 4.62324e-39 
1188.54 5.56499e-39 
1188.55 6.69704e-39 
1188.56 8.05753e-39 
1188.57 9.69218e-39 
1188.58 1.16558e-38 
1188.59 1.4014e-38 
1188.6 1.68561e-38 
1188.61 2.02572e-38 
1188.62 2.4339e-38 
1188.63 2.92366e-38 
1188.64 3.51117e-38 
1188.65 4.21578e-38 
1188.66 5.06063e-38 
1188.67 6.0734e-38 
1188.68 7.28719e-38 
1188.69 8.74156e-38 
1188.7 1.04838e-37 
1188.71 1.25704e-37 
1188.72 1.50688e-37 
1188.73 1.81006e-37 
1188.74 2.16883e-37 
1188.75 2.59811e-37 
1188.76 3.11165e-37 
1188.77 3.72584e-37 
1188.78 4.46024e-37 
1188.79 5.33819e-37 
1188.8 6.38748e-37 
1188.81 7.64128e-37 
1188.82 9.1391e-37 
1188.83 1.0928e-36 
1188.84 1.30641e-36 
1188.85 1.56142e-36 
1188.86 1.86578e-36 
1188.87 2.22896e-36 
1188.88 2.66222e-36 
1188.89 3.17897e-36 
1188.9 3.79516e-36 
1188.91 4.52975e-36 
1188.92 5.40529e-36 
1188.93 6.44859e-36 
1188.94 7.6915e-36 
1188.94 9.17188e-36 
1188.95 1.09347e-35 
1188.96 1.30333e-35 
1188.97 1.55312e-35 
1188.98 1.8544e-35 
1188.99 2.20879e-35 
1189 2.6303e-35 
1189.01 3.13152e-35 
1189.02 3.72742e-35 
1189.03 4.43568e-35 
1189.04 5.27733e-35 
1189.05 6.27723e-35 
1189.06 7.46488e-35 
1189.07 8.87521e-35 
1189.08 1.05496e-34 
1189.09 1.2537e-34 
1189.1 1.48953e-34 
1189.11 1.76933e-34 
1189.12 2.10121e-34 
1189.13 2.49476e-34 
1189.14 2.96135e-34 
1189.15 3.5144e-34 
1189.16 4.16979e-34 
1189.17 4.94626e-34 
1189.18 5.86599e-34 
1189.19 6.95514e-34 
1189.2 8.24463e-34 
1189.21 9.77097e-34 
1189.22 1.15772e-33 
1189.23 1.37433e-33 
1189.24 1.62764e-33 
1189.25 1.9272e-33 
1189.26 2.28137e-33 
1189.27 2.70001e-33 
1189.28 3.19474e-33 
1189.29 3.77925e-33 
1189.3 4.46969e-33 
1189.31 5.28507e-33 
1189.32 6.24775e-33 
1189.33 7.3841e-33 
1189.34 8.72514e-33 
1189.35 1.03074e-32 
1189.36 1.21737e-32 
1189.36 1.43748e-32 
1189.37 1.69699e-32 
1189.38 2.00289e-32 
1189.39 2.3634e-32 
1189.4 2.78815e-32 
1189.41 3.2885e-32 
1189.42 3.87774e-32 
1189.43 4.57153e-32 
1189.44 5.38821e-32 
1189.45 6.34934e-32 
1189.46 7.48019e-32 
1189.47 8.81045e-32 
1189.48 1.03961e-31 
1189.49 1.22393e-31 
1189.5 1.4406e-31 
1189.51 1.69523e-31 
1189.52 1.99442e-31 
1189.53 2.34588e-31 
1189.54 2.75864e-31 
1189.55 3.24329e-31 
1189.56 3.81221e-31 
1189.57 4.4799e-31 
1189.58 5.26332e-31 
1189.59 6.18234e-31 
1189.6 7.26017e-31 
1189.61 8.52927e-31 
1189.62 1.00117e-30 
1189.63 1.17491e-30 
1189.64 1.37848e-30 
1189.65 1.61695e-30 
1189.66 1.89625e-30 
1189.67 2.22328e-30 
1189.68 2.60612e-30 
1189.69 3.05419e-30 
1189.7 3.57847e-30 
1189.71 4.19178e-30 
1189.72 4.9091e-30 
1189.73 5.75918e-30 
1189.74 6.74162e-30 
1189.75 7.88984e-30 
1189.76 9.23151e-30 
1189.77 1.07989e-29 
1189.78 1.26294e-29 
1189.79 1.4767e-29 
1189.79 1.72623e-29 
1189.8 2.01747e-29 
1189.81 2.35731e-29 
1189.82 2.75376e-29 
1189.83 3.21615e-29 
1189.84 3.75533e-29 
1189.85 4.38389e-29 
1189.86 5.1165e-29 
1189.87 5.97017e-29 
1189.88 6.96468e-29 
1189.89 8.12299e-29 
1189.9 9.47179e-29 
1189.91 1.1042e-28 
1189.92 1.28696e-28 
1189.93 1.49963e-28 
1189.94 1.74704e-28 
1189.95 2.0348e-28 
1189.96 2.36943e-28 
1189.97 2.75844e-28 
1189.98 3.21669e-28 
1189.99 3.7431e-28 
1190 4.35465e-28 
1190.01 5.06496e-28 
1190.02 5.88979e-28 
1190.03 6.84738e-28 
1190.04 7.95883e-28 
1190.05 9.24858e-28 
1190.06 1.07449e-27 
1190.07 1.24804e-27 
1190.08 1.4493e-27 
1190.09 1.68262e-27 
1190.1 1.95306e-27 
1190.11 2.26645e-27 
1190.12 2.62953e-27 
1190.13 3.05007e-27 
1190.14 3.53706e-27 
1190.15 4.10087e-27 
1190.16 4.75346e-27 
1190.17 5.50865e-27 
1190.18 6.38235e-27 
1190.19 7.39294e-27 
1190.2 8.56159e-27 
1190.21 9.91271e-27 
1190.21 1.14744e-26 
1190.22 1.33034e-26 
1190.23 1.53922e-26 
1190.24 1.7805e-26 
1190.25 2.05912e-26 
1190.26 2.3808e-26 
1190.27 2.75211e-26 
1190.28 3.18059e-26 
1190.29 3.67495e-26 
1190.3 4.24518e-26 
1190.31 4.90276e-26 
1190.32 5.66091e-26 
1190.33 6.53481e-26 
1190.34 7.54189e-26 
1190.35 8.70218e-26 
1190.36 1.00387e-25 
1190.37 1.15778e-25 
1190.38 1.33499e-25 
1190.39 1.53896e-25 
1190.4 1.7737e-25 
1190.41 2.04377e-25 
1190.42 2.35443e-25 
1190.43 2.71168e-25 
1190.44 3.12244e-25 
1190.45 3.59459e-25 
1190.46 4.13719e-25 
1190.47 4.76061e-25 
1190.48 5.48631e-25 
1190.49 6.31012e-25 
1190.5 7.25597e-25 
1190.51 8.3417e-25 
1190.52 9.58769e-25 
1190.53 1.10173e-24 
1190.54 1.26571e-24 
1190.55 1.45377e-24 
1190.56 1.6694e-24 
1190.57 1.91656e-24 
1190.58 2.19982e-24 
1190.59 2.52436e-24 
1190.6 2.89612e-24 
1190.61 3.32394e-24 
1190.62 3.81172e-24 
1190.63 4.37007e-24 
1190.64 5.00907e-24 
1190.64 5.74019e-24 
1190.65 6.57652e-24 
1190.66 7.53298e-24 
1190.67 8.62658e-24 
1190.68 9.87668e-24 
1190.69 1.13053e-23 
1190.7 1.29377e-23 
1190.71 1.48024e-23 
1190.72 1.6932e-23 
1190.73 1.9396e-23 
1190.74 2.21762e-23 
1190.75 2.53492e-23 
1190.76 2.89695e-23 
1190.77 3.30993e-23 
1190.78 3.78092e-23 
1190.79 4.31794e-23 
1190.8 4.93011e-23 
1190.81 5.62778e-23 
1190.82 6.42272e-23 
1190.83 7.32827e-23 
1190.84 8.35958e-23 
1190.85 9.53385e-23 
1190.86 1.08706e-22 
1190.87 1.23919e-22 
1190.88 1.41229e-22 
1190.89 1.6092e-22 
1190.9 1.83315e-22 
1190.91 2.08779e-22 
1190.92 2.37726e-22 
1190.93 2.70624e-22 
1190.94 3.08004e-22 
1190.95 3.50468e-22 
1190.96 3.98694e-22 
1190.97 4.53454e-22 
1190.98 5.16444e-22 
1190.99 5.87106e-22 
1191 6.67284e-22 
1191.01 7.58237e-22 
1191.02 8.61391e-22 
1191.03 9.78355e-22 
1191.04 1.11095e-21 
1191.05 1.26122e-21 
1191.06 1.43149e-21 
1191.07 1.62438e-21 
1191.07 1.84284e-21 
1191.08 2.09021e-21 
1191.09 2.37023e-21 
1191.1 2.68716e-21 
1191.11 3.04576e-21 
1191.12 3.45143e-21 
1191.13 3.91024e-21 
1191.14 4.42903e-21 
1191.15 5.01551e-21 
1191.16 5.67834e-21 
1191.17 6.42731e-21 
1191.18 7.27339e-21 
1191.19 8.22898e-21 
1191.2 9.30799e-21 
1191.21 1.05261e-20 
1191.22 1.19008e-20 
1191.23 1.34727e-20 
1191.24 1.52253e-20 
1191.25 1.72019e-20 
1191.26 1.94308e-20 
1191.27 2.19434e-20 
1191.28 2.47753e-20 
1191.29 2.79662e-20 
1191.3 3.15609e-20 
1191.31 3.56095e-20 
1191.32 4.01683e-20 
1191.33 4.53004e-20 
1191.34 5.10765e-20 
1191.35 5.75759e-20 
1191.36 6.48875e-20 
1191.37 7.3111e-20 
1191.38 8.23577e-20 
1191.39 9.27528e-20 
1191.4 1.04436e-19 
1191.41 1.17564e-19 
1191.42 1.32312e-19 
1191.43 1.48876e-19 
1191.44 1.67476e-19 
1191.45 1.88356e-19 
1191.46 2.11791e-19 
1191.47 2.38087e-19 
1191.48 2.68001e-19 
1191.49 3.01112e-19 
1191.49 3.38265e-19 
1191.5 3.79916e-19 
1191.51 4.26599e-19 
1191.52 4.78907e-19 
1191.53 5.37507e-19 
1191.54 6.03139e-19 
1191.55 6.76631e-19 
1191.56 7.58904e-19 
1191.57 8.50986e-19 
1191.58 9.54024e-19 
1191.59 1.06929e-18 
1191.6 1.19896e-18 
1191.61 1.34321e-18 
1191.62 1.50447e-18 
1191.63 1.6847e-18 
1191.64 1.8861e-18 
1191.65 2.11108e-18 
1191.66 2.36237e-18 
1191.67 2.64296e-18 
1191.68 2.95621e-18 
1191.69 3.30583e-18 
1191.7 3.69595e-18 
1191.71 4.13116e-18 
1191.72 4.61657e-18 
1191.73 5.16497e-18 
1191.74 5.7692e-18 
1191.75 6.44263e-18 
1191.76 7.19304e-18 
1191.77 8.02901e-18 
1191.78 8.96008e-18 
1191.79 9.99685e-18 
1191.8 1.1151e-17 
1191.81 1.24356e-17 
1191.82 1.3865e-17 
1191.83 1.54552e-17 
1191.84 1.72238e-17 
1191.85 1.91905e-17 
1191.86 2.13767e-17 
1191.87 2.38067e-17 
1191.88 2.65068e-17 
1191.89 2.95063e-17 
1191.9 3.28378e-17 
1191.91 3.65371e-17 
1191.92 4.06439e-17 
1191.92 4.52019e-17 
1191.93 5.02596e-17 
1191.94 5.58705e-17 
1191.95 6.20935e-17 
1191.96 6.89939e-17 
1191.97 7.66437e-17 
1191.98 8.52337e-17 
1191.99 9.46405e-17 
1192 1.05061e-16 
1192.01 1.16603e-16 
1192.02 1.29383e-16 
1192.03 1.43531e-16 
1192.04 1.5919e-16 
1192.05 1.76517e-16 
1192.06 1.95685e-16 
1192.07 2.16885e-16 
1192.08 2.40326e-16 
1192.09 2.66241e-16 
1192.1 2.94882e-16 
1192.11 3.2653e-16 
1192.12 3.61492e-16 
1192.13 4.00105e-16 
1192.14 4.42743e-16 
1192.15 4.89811e-16 
1192.16 5.4176e-16 
1192.17 5.99082e-16 
1192.18 6.62318e-16 
1192.19 7.32061e-16 
1192.2 8.08962e-16 
1192.21 8.93739e-16 
1192.22 9.87173e-16 
1192.23 1.09148e-15 
1192.24 1.20503e-15 
1192.25 1.33009e-15 
1192.26 1.4678e-15 
1192.27 1.61939e-15 
1192.28 1.78623e-15 
1192.29 1.96981e-15 
1192.3 2.17177e-15 
1192.31 2.39387e-15 
1192.32 2.6381e-15 
1192.33 2.90657e-15 
1192.34 3.20163e-15 
1192.34 3.52584e-15 
1192.35 3.88199e-15 
1192.36 4.27315e-15 
1192.37 4.70264e-15 
1192.38 5.17411e-15 
1192.39 5.69156e-15 
1192.4 6.25932e-15 
1192.41 6.88214e-15 
1192.42 7.56521e-15 
1192.43 8.31418e-15 
1192.44 9.13521e-15 
1192.45 1.0035e-14 
1192.46 1.10209e-14 
1192.47 1.2101e-14 
1192.48 1.32993e-14 
1192.49 1.45958e-14 
1192.5 1.60152e-14 
1192.51 1.75685e-14 
1192.52 1.9268e-14 
1192.53 2.11272e-14 
1192.54 2.31605e-14 
1192.55 2.53836e-14 
1192.56 2.78138e-14 
1192.57 3.04697e-14 
1192.58 3.33715e-14 
1192.59 3.65414e-14 
1192.6 4.00032e-14 
1192.61 4.38101e-14 
1192.62 4.79387e-14 
1192.63 5.24442e-14 
1192.64 5.73602e-14 
1192.65 6.27226e-14 
1192.66 6.85707e-14 
1192.67 7.49468e-14 
1192.68 8.18972e-14 
1192.69 8.94717e-14 
1192.7 9.77244e-14 
1192.71 1.06714e-13 
1192.72 1.16504e-13 
1192.73 1.27302e-13 
1192.74 1.38916e-13 
1192.75 1.51556e-13 
1192.76 1.65308e-13 
1192.77 1.80266e-13 
1192.77 1.96533e-13 
1192.78 2.1422e-13 
1192.79 2.33444e-13 
1192.8 2.54336e-13 
1192.81 2.77033e-13 
1192.82 3.01688e-13 
1192.83 3.28462e-13 
1192.84 3.57529e-13 
1192.85 3.89081e-13 
1192.86 4.2332e-13 
1192.87 4.60467e-13 
1192.88 5.00759e-13 
1192.89 5.44452e-13 
1192.9 5.91823e-13 
1192.91 6.43167e-13 
1192.92 6.98807e-13 
1192.93 7.59087e-13 
1192.94 8.24378e-13 
1192.95 8.9508e-13 
1192.96 9.71624e-13 
1192.97 1.05447e-12 
1192.98 1.14529e-12 
1192.99 1.24238e-12 
1193 1.34738e-12 
1193.01 1.46093e-12 
1193.02 1.58369e-12 
1193.03 1.71637e-12 
1193.04 1.85973e-12 
1193.05 2.01462e-12 
1193.06 2.1819e-12 
1193.07 2.36254e-12 
1193.08 2.55754e-12 
1193.09 2.76801e-12 
1193.1 2.99511e-12 
1193.11 3.24011e-12 
1193.12 3.50434e-12 
1193.13 3.78926e-12 
1193.14 4.09641e-12 
1193.15 4.42744e-12 
1193.16 4.78413e-12 
1193.17 5.16837e-12 
1193.18 5.5822e-12 
1193.19 6.02778e-12 
1193.19 6.50745e-12 
1193.2 7.02368e-12 
1193.21 7.57913e-12 
1193.22 8.18468e-12 
1193.23 8.82757e-12 
1193.24 9.51912e-12 
1193.25 1.02625e-11 
1193.26 1.10614e-11 
1193.27 1.19198e-11 
1193.28 1.28418e-11 
1193.29 1.3832e-11 
1193.3 1.48952e-11 
1193.31 1.60364e-11 
1193.32 1.72611e-11 
1193.33 1.85751e-11 
1193.34 1.99846e-11 
1193.35 2.14961e-11 
1193.36 2.31166e-11 
1193.37 2.48536e-11 
1193.38 2.6715e-11 
1193.39 2.87093e-11 
1193.4 3.08454e-11 
1193.41 3.31328e-11 
1193.42 3.55818e-11 
1193.43 3.8203e-11 
1193.44 4.1008e-11 
1193.45 4.40088e-11 
1193.46 4.72185e-11 
1193.47 5.06506e-11 
1193.48 5.43673e-11 
1193.49 5.82922e-11 
1193.5 6.24863e-11 
1193.51 6.69668e-11 
1193.52 7.17522e-11 
1193.53 7.68619e-11 
1193.54 8.23168e-11 
1193.55 8.81386e-11 
1193.56 9.43506e-11 
1193.57 1.00977e-10 
1193.58 1.08045e-10 
1193.59 1.1558e-10 
1193.6 1.23614e-10 
1193.61 1.32257e-10 
1193.62 1.41384e-10 
1193.62 1.51107e-10 
1193.63 1.61462e-10 
1193.64 1.72486e-10 
1193.65 1.84222e-10 
1193.66 1.9671e-10 
1193.67 2.09998e-10 
1193.68 2.24132e-10 
1193.69 2.39162e-10 
1193.7 2.55142e-10 
1193.71 2.72128e-10 
1193.72 2.90178e-10 
1193.73 3.09601e-10 
1193.74 3.29985e-10 
1193.75 3.5163e-10 
1193.76 3.7461e-10 
1193.77 3.99e-10 
1193.78 4.24882e-10 
1193.79 4.52338e-10 
1193.8 4.81459e-10 
1193.81 5.12338e-10 
1193.82 5.45072e-10 
1193.83 5.79766e-10 
1193.84 6.16526e-10 
1193.85 6.55468e-10 
1193.86 6.9671e-10 
1193.87 7.40378e-10 
1193.88 7.86603e-10 
1193.89 8.35523e-10 
1193.9 8.87283e-10 
1193.91 9.42034e-10 
1193.92 9.99935e-10 
1193.93 1.06115e-09 
1193.94 1.12586e-09 
1193.95 1.19424e-09 
1193.96 1.26648e-09 
1193.97 1.34279e-09 
1193.98 1.42441e-09 
1193.99 1.50954e-09 
1194 1.59939e-09 
1194.01 1.6942e-09 
1194.02 1.79422e-09 
1194.03 1.89971e-09 
1194.04 2.01095e-09 
1194.05 2.12821e-09 
1194.05 2.2518e-09 
1194.06 2.38201e-09 
1194.07 2.51919e-09 
1194.08 2.66365e-09 
1194.09 2.81575e-09 
1194.1 2.97586e-09 
1194.11 3.14436e-09 
1194.12 3.32163e-09 
1194.13 3.5081e-09 
1194.14 3.70419e-09 
1194.15 3.91035e-09 
1194.16 4.12704e-09 
1194.17 4.35474e-09 
1194.18 4.59395e-09 
1194.19 4.84519e-09 
1194.2 5.10901e-09 
1194.21 5.38597e-09 
1194.22 5.67663e-09 
1194.23 5.98553e-09 
1194.24 6.30565e-09 
1194.25 6.64138e-09 
1194.26 6.99339e-09 
1194.27 7.36237e-09 
1194.28 7.74904e-09 
1194.29 8.15417e-09 
1194.3 8.57851e-09 
1194.31 9.02287e-09 
1194.32 9.48808e-09 
1194.33 9.975e-09 
1194.34 1.04845e-08 
1194.35 1.10175e-08 
1194.36 1.1575e-08 
1194.37 1.21579e-08 
1194.38 1.27672e-08 
1194.39 1.3404e-08 
1194.4 1.40694e-08 
1194.41 1.47644e-08 
1194.42 1.54902e-08 
1194.43 1.6248e-08 
1194.44 1.70389e-08 
1194.45 1.78643e-08 
1194.46 1.87253e-08 
1194.47 1.96234e-08 
1194.47 2.05721e-08 
1194.48 2.15486e-08 
1194.49 2.25665e-08 
1194.5 2.36272e-08 
1194.51 2.4732e-08 
1194.52 2.58826e-08 
1194.53 2.70805e-08 
1194.54 2.83274e-08 
1194.55 2.96249e-08 
1194.56 3.09748e-08 
1194.57 3.23788e-08 
1194.58 3.38388e-08 
1194.59 3.53564e-08 
1194.6 3.69337e-08 
1194.61 3.85964e-08 
1194.62 4.02998e-08 
1194.63 4.20688e-08 
1194.64 4.39054e-08 
1194.65 4.58117e-08 
1194.66 4.77898e-08 
1194.67 4.9842e-08 
1194.68 5.19704e-08 
1194.69 5.41773e-08 
1194.7 5.6465e-08 
1194.71 5.88359e-08 
1194.72 6.12924e-08 
1194.73 6.38691e-08 
1194.74 6.65051e-08 
1194.75 6.92341e-08 
1194.76 7.20586e-08 
1194.77 7.49812e-08 
1194.78 7.80044e-08 
1194.79 8.11311e-08 
1194.8 8.43638e-08 
1194.81 8.77052e-08 
1194.82 9.11582e-08 
1194.83 9.47255e-08 
1194.84 9.84099e-08 
1194.85 1.02214e-07 
1194.86 1.06141e-07 
1194.87 1.10194e-07 
1194.88 1.14376e-07 
1194.89 1.18689e-07 
1194.9 1.23136e-07 
1194.9 1.27721e-07 
1194.91 1.32447e-07 
1194.92 1.37316e-07 
1194.93 1.42331e-07 
1194.94 1.47496e-07 
1194.95 1.52813e-07 
1194.96 1.58286e-07 
1194.97 1.63918e-07 
1194.98 1.69784e-07 
1194.99 1.75744e-07 
1195 1.81872e-07 
1195.01 1.8817e-07 
1195.02 1.94641e-07 
1195.03 2.0129e-07 
1195.04 2.08118e-07 
1195.05 2.15128e-07 
1195.06 2.22324e-07 
1195.07 2.29707e-07 
1195.08 2.37282e-07 
1195.09 2.45051e-07 
1195.1 2.53016e-07 
1195.11 2.61181e-07 
1195.12 2.69547e-07 
1195.13 2.78118e-07 
1195.14 2.86896e-07 
1195.15 2.95883e-07 
1195.16 3.05082e-07 
1195.17 3.14496e-07 
1195.18 3.24126e-07 
1195.19 3.33974e-07 
1195.2 3.44043e-07 
1195.21 3.54335e-07 
1195.22 3.64851e-07 
1195.23 3.75729e-07 
1195.24 3.86703e-07 
1195.25 3.97906e-07 
1195.26 4.0934e-07 
1195.27 4.21006e-07 
1195.28 4.32906e-07 
1195.29 4.45041e-07 
1195.3 4.57412e-07 
1195.31 4.70019e-07 
1195.32 4.82864e-07 
1195.32 4.95946e-07 
1195.33 5.09266e-07 
1195.34 5.22825e-07 
1195.35 5.36622e-07 
1195.36 5.50658e-07 
1195.37 5.64932e-07 
1195.38 5.79443e-07 
1195.39 5.94192e-07 
1195.4 6.09177e-07 
1195.41 6.24397e-07 
1195.42 6.39852e-07 
1195.43 6.55539e-07 
1195.44 6.71458e-07 
1195.45 6.87607e-07 
1195.46 7.03983e-07 
1195.47 7.20585e-07 
1195.48 7.37622e-07 
1195.49 7.5467e-07 
1195.5 7.71936e-07 
1195.51 7.89418e-07 
1195.52 8.07111e-07 
1195.53 8.25012e-07 
1195.54 8.43118e-07 
1195.55 8.61425e-07 
1195.56 8.79929e-07 
1195.57 8.98626e-07 
1195.58 9.1751e-07 
1195.59 9.36577e-07 
1195.6 9.55823e-07 
1195.61 9.75846e-07 
1195.62 9.95445e-07 
1195.63 1.01521e-06 
1195.64 1.03512e-06 
1195.65 1.05519e-06 
1195.66 1.0754e-06 
1195.67 1.09575e-06 
1195.68 1.11623e-06 
1195.69 1.13683e-06 
1195.7 1.15755e-06 
1195.71 1.17838e-06 
1195.72 1.19931e-06 
1195.73 1.2206e-06 
1195.74 1.24171e-06 
1195.75 1.2629e-06 
1195.75 1.28416e-06 
1195.76 1.30547e-06 
1195.77 1.32684e-06 
1195.78 1.34826e-06 
1195.79 1.3697e-06 
1195.8 1.39117e-06 
1195.81 1.41266e-06 
1195.82 1.43415e-06 
1195.83 1.45564e-06 
1195.84 1.47711e-06 
1195.85 1.49856e-06 
1195.86 1.51997e-06 
1195.87 1.54134e-06 
1195.88 1.56266e-06 
1195.89 1.58391e-06 
1195.9 1.60508e-06 
1195.91 1.62617e-06 
1195.92 1.64716e-06 
1195.93 1.66804e-06 
1195.94 1.68881e-06 
1195.95 1.70944e-06 
1195.96 1.72993e-06 
1195.97 1.75028e-06 
1195.98 1.77071e-06 
1195.99 1.79071e-06 
1196 1.81053e-06 
1196.01 1.83015e-06 
1196.02 1.84957e-06 
1196.03 1.86877e-06 
1196.04 1.88773e-06 
1196.05 1.90647e-06 
1196.06 1.92495e-06 
1196.07 1.94316e-06 
1196.08 1.96111e-06 
1196.09 1.97878e-06 
1196.1 1.99615e-06 
1196.11 2.01322e-06 
1196.12 2.02998e-06 
1196.13 2.04642e-06 
1196.14 2.06252e-06 
1196.15 2.07828e-06 
1196.16 2.09368e-06 
1196.17 2.10873e-06 
1196.17 2.1234e-06 
1196.18 2.1377e-06 
1196.19 2.1516e-06 
1196.2 2.16511e-06 
1196.21 2.17821e-06 
1196.22 2.19105e-06 
1196.23 2.20332e-06 
1196.24 2.21515e-06 
1196.25 2.22654e-06 
1196.26 2.23749e-06 
1196.27 2.24799e-06 
1196.28 2.25803e-06 
1196.29 2.26761e-06 
1196.3 2.27672e-06 
1196.31 2.28535e-06 
1196.32 2.29351e-06 
1196.33 2.30117e-06 
1196.34 2.30835e-06 
1196.35 2.31503e-06 
1196.36 2.32122e-06 
1196.37 2.3269e-06 
1196.38 2.33207e-06 
1196.39 2.33674e-06 
1196.4 2.34089e-06 
1196.41 2.34453e-06 
1196.42 2.34765e-06 
1196.43 2.35026e-06 
1196.44 2.35235e-06 
1196.45 2.35392e-06 
1196.46 2.35497e-06 
1196.47 2.3555e-06 
1196.48 2.3555e-06 
1196.49 2.35498e-06 
1196.5 2.35395e-06 
1196.51 2.35239e-06 
1196.52 2.35033e-06 
1196.53 2.34774e-06 
1196.54 2.34465e-06 
1196.55 2.34105e-06 
1196.56 2.33694e-06 
1196.57 2.33233e-06 
1196.58 2.32723e-06 
1196.59 2.32163e-06 
1196.6 2.31554e-06 
1196.6 2.31039e-06 
1196.61 2.30333e-06 
1196.62 2.2958e-06 
1196.63 2.2878e-06 
1196.64 2.27934e-06 
1196.65 2.27042e-06 
1196.66 2.26104e-06 
1196.67 2.25123e-06 
1196.68 2.24098e-06 
1196.69 2.2303e-06 
1196.7 2.21921e-06 
1196.71 2.2077e-06 
1196.72 2.19578e-06 
1196.73 2.18331e-06 
1196.74 2.17061e-06 
1196.75 2.15753e-06 
1196.76 2.14408e-06 
1196.77 2.13027e-06 
1196.78 2.11611e-06 
1196.79 2.1016e-06 
1196.8 2.08677e-06 
1196.81 2.07161e-06 
1196.82 2.05615e-06 
1196.83 2.04038e-06 
1196.84 2.02432e-06 
1196.85 2.00798e-06 
1196.86 1.99137e-06 
1196.87 1.97451e-06 
1196.88 1.95739e-06 
1196.89 1.94004e-06 
1196.9 1.92246e-06 
1196.91 1.90466e-06 
1196.92 1.88666e-06 
1196.93 1.86846e-06 
1196.94 1.85008e-06 
1196.95 1.83153e-06 
1196.96 1.81282e-06 
1196.97 1.79396e-06 
1196.98 1.77472e-06 
1196.99 1.75558e-06 
1197 1.73633e-06 
1197.01 1.71698e-06 
1197.02 1.69752e-06 
1197.03 1.67798e-06 
1197.03 1.65837e-06 
1197.04 1.63869e-06 
1197.05 1.61895e-06 
1197.06 1.59917e-06 
1197.07 1.57936e-06 
1197.08 1.55952e-06 
1197.09 1.53967e-06 
1197.1 1.51981e-06 
1197.11 1.49996e-06 
1197.12 1.48012e-06 
1197.13 1.4603e-06 
1197.14 1.44052e-06 
1197.15 1.42078e-06 
1197.16 1.40109e-06 
1197.17 1.38145e-06 
1197.18 1.36189e-06 
1197.19 1.34239e-06 
1197.2 1.32298e-06 
1197.21 1.30366e-06 
1197.22 1.28444e-06 
1197.23 1.26509e-06 
1197.24 1.24608e-06 
1197.25 1.2272e-06 
1197.26 1.20844e-06 
1197.27 1.18981e-06 
1197.28 1.17132e-06 
1197.29 1.15297e-06 
1197.3 1.13478e-06 
1197.31 1.11674e-06 
1197.32 1.09886e-06 
1197.33 1.08114e-06 
1197.34 1.0636e-06 
1197.35 1.04623e-06 
1197.36 1.02903e-06 
1197.37 1.01202e-06 
1197.38 9.95203e-07 
1197.39 9.78572e-07 
1197.4 9.62134e-07 
1197.41 9.45893e-07 
1197.42 9.29853e-07 
1197.43 9.14014e-07 
1197.44 8.98381e-07 
1197.45 8.82955e-07 
1197.45 8.67739e-07 
1197.46 8.52734e-07 
1197.47 8.37941e-07 
1197.48 8.23182e-07 
1197.49 8.08822e-07 
1197.5 7.94678e-07 
1197.51 7.80751e-07 
1197.52 7.67043e-07 
1197.53 7.53553e-07 
1197.54 7.40281e-07 
1197.55 7.27228e-07 
1197.56 7.14393e-07 
1197.57 7.01777e-07 
1197.58 6.89378e-07 
1197.59 6.77197e-07 
1197.6 6.65232e-07 
1197.61 6.53887e-07 
1197.62 6.42345e-07 
1197.63 6.31016e-07 
1197.64 6.19899e-07 
1197.65 6.08994e-07 
1197.66 5.98297e-07 
1197.67 5.87807e-07 
1197.68 5.77523e-07 
1197.69 5.67442e-07 
1197.7 5.57563e-07 
1197.71 5.47883e-07 
1197.72 5.38401e-07 
1197.73 5.28998e-07 
1197.74 5.19904e-07 
1197.75 5.11001e-07 
1197.76 5.02285e-07 
1197.77 4.93753e-07 
1197.78 4.85403e-07 
1197.79 4.77233e-07 
1197.8 4.69238e-07 
1197.81 4.61417e-07 
1197.82 4.53767e-07 
1197.83 4.46284e-07 
1197.84 4.38965e-07 
1197.85 4.31808e-07 
1197.86 4.24809e-07 
1197.87 4.17966e-07 
1197.88 4.11275e-07 
1197.88 4.04733e-07 
1197.89 3.98337e-07 
1197.9 3.92083e-07 
1197.91 3.8597e-07 
1197.92 3.79993e-07 
1197.93 3.74149e-07 
1197.94 3.68436e-07 
1197.95 3.62849e-07 
1197.96 3.57387e-07 
1197.97 3.52046e-07 
1197.98 3.46758e-07 
1197.99 3.4165e-07 
1198 3.36655e-07 
1198.01 3.31768e-07 
1198.02 3.26987e-07 
1198.03 3.22309e-07 
1198.04 3.1773e-07 
1198.05 3.13249e-07 
1198.06 3.08862e-07 
1198.07 3.04566e-07 
1198.08 3.0036e-07 
1198.09 2.96239e-07 
1198.1 2.92201e-07 
1198.11 2.88244e-07 
1198.12 2.84365e-07 
1198.13 2.80562e-07 
1198.14 2.76833e-07 
1198.15 2.73174e-07 
1198.16 2.69583e-07 
1198.17 2.66059e-07 
1198.18 2.62598e-07 
1198.19 2.592e-07 
1198.2 2.5586e-07 
1198.21 2.52579e-07 
1198.22 2.49353e-07 
1198.23 2.46141e-07 
1198.24 2.43021e-07 
1198.25 2.39951e-07 
1198.26 2.36929e-07 
1198.27 2.33953e-07 
1198.28 2.31021e-07 
1198.29 2.28133e-07 
1198.3 2.25286e-07 
1198.3 2.2248e-07 
1198.31 2.19712e-07 
1198.32 2.16981e-07 
1198.33 2.14286e-07 
1198.34 2.11625e-07 
1198.35 2.08998e-07 
1198.36 2.06403e-07 
1198.37 2.0384e-07 
1198.38 2.01306e-07 
1198.39 1.98802e-07 
1198.4 1.96326e-07 
1198.41 1.93877e-07 
1198.42 1.91454e-07 
1198.43 1.89057e-07 
1198.44 1.86685e-07 
1198.45 1.84338e-07 
1198.46 1.82013e-07 
1198.47 1.79712e-07 
1198.48 1.77405e-07 
1198.49 1.75148e-07 
1198.5 1.72913e-07 
1198.51 1.70699e-07 
1198.52 1.68506e-07 
1198.53 1.66332e-07 
1198.54 1.64179e-07 
1198.55 1.62045e-07 
1198.56 1.59931e-07 
1198.57 1.57837e-07 
1198.58 1.55761e-07 
1198.59 1.53704e-07 
1198.6 1.51667e-07 
1198.61 1.4974e-07 
1198.62 1.47739e-07 
1198.63 1.45757e-07 
1198.64 1.43793e-07 
1198.65 1.41849e-07 
1198.66 1.39923e-07 
1198.67 1.38017e-07 
1198.68 1.3613e-07 
1198.69 1.34262e-07 
1198.7 1.32414e-07 
1198.71 1.30587e-07 
1198.72 1.28779e-07 
1198.73 1.26969e-07 
1198.73 1.25202e-07 
1198.74 1.23457e-07 
1198.75 1.21732e-07 
1198.76 1.2003e-07 
1198.77 1.18349e-07 
1198.78 1.16691e-07 
1198.79 1.15055e-07 
1198.8 1.13442e-07 
1198.81 1.11853e-07 
1198.82 1.10288e-07 
1198.83 1.08748e-07 
1198.84 1.07232e-07 
1198.85 1.05742e-07 
1198.86 1.04277e-07 
1198.87 1.02839e-07 
1198.88 1.01428e-07 
1198.89 1.00044e-07 
1198.9 9.86879e-08 
1198.91 9.73603e-08 
1198.92 9.60616e-08 
1198.93 9.47926e-08 
1198.94 9.35536e-08 
1198.95 9.23453e-08 
1198.96 9.11683e-08 
1198.97 9.00231e-08 
1198.98 8.88967e-08 
1198.99 8.78175e-08 
1199 8.67719e-08 
1199.01 8.57607e-08 
1199.02 8.47843e-08 
1199.03 8.38435e-08 
1199.04 8.29389e-08 
1199.05 8.20711e-08 
1199.06 8.12408e-08 
1199.07 8.04487e-08 
1199.08 7.96953e-08 
1199.09 7.89813e-08 
1199.1 7.83075e-08 
1199.11 7.76745e-08 
1199.12 7.70829e-08 
1199.13 7.65334e-08 
1199.14 7.60268e-08 
1199.15 7.55637e-08 
1199.15 7.51448e-08 
1199.16 7.47708e-08 
1199.17 7.44423e-08 
1199.18 7.41601e-08 
1199.19 7.3925e-08 
1199.2 7.37375e-08 
1199.21 7.35984e-08 
1199.22 7.35079e-08 
1199.23 7.3468e-08 
1199.24 7.34789e-08 
1199.25 7.35411e-08 
1199.26 7.36552e-08 
1199.27 7.3822e-08 
1199.28 7.40422e-08 
1199.29 7.43164e-08 
1199.3 7.46455e-08 
1199.31 7.503e-08 
1199.32 7.54708e-08 
1199.33 7.59685e-08 
1199.34 7.65238e-08 
1199.35 7.71374e-08 
1199.36 7.78101e-08 
1199.37 7.85424e-08 
1199.38 7.93353e-08 
1199.39 8.01892e-08 
1199.4 8.11049e-08 
1199.41 8.2083e-08 
1199.42 8.31244e-08 
1199.43 8.42295e-08 
1199.44 8.53991e-08 
1199.45 8.66338e-08 
1199.46 8.79343e-08 
1199.47 8.93012e-08 
1199.48 9.07534e-08 
1199.49 9.22558e-08 
1199.5 9.38264e-08 
1199.51 9.54659e-08 
1199.52 9.71748e-08 
1199.53 9.89536e-08 
1199.54 1.00803e-07 
1199.55 1.02724e-07 
1199.56 1.04716e-07 
1199.57 1.0678e-07 
1199.58 1.08916e-07 
1199.58 1.11126e-07 
1199.59 1.1341e-07 
1199.6 1.15767e-07 
1199.61 1.18271e-07 
1199.62 1.20779e-07 
1199.63 1.23362e-07 
1199.64 1.26021e-07 
1199.65 1.28755e-07 
1199.66 1.31565e-07 
1199.67 1.34452e-07 
1199.68 1.37415e-07 
1199.69 1.40456e-07 
1199.7 1.43573e-07 
1199.71 1.46767e-07 
1199.72 1.50039e-07 
1199.73 1.5343e-07 
1199.74 1.56857e-07 
1199.75 1.60362e-07 
1199.76 1.63944e-07 
1199.77 1.67604e-07 
1199.78 1.71341e-07 
1199.79 1.75155e-07 
1199.8 1.79046e-07 
1199.81 1.83014e-07 
1199.82 1.87058e-07 
1199.83 1.91179e-07 
1199.84 1.95376e-07 
1199.85 1.99648e-07 
1199.86 2.03996e-07 
1199.87 2.08419e-07 
1199.88 2.12916e-07 
1199.89 2.17486e-07 
1199.9 2.2213e-07 
1199.91 2.26847e-07 
1199.92 2.31635e-07 
1199.93 2.36495e-07 
1199.94 2.41426e-07 
1199.95 2.46426e-07 
1199.96 2.51495e-07 
1199.97 2.56632e-07 
1199.98 2.61902e-07 
1199.99 2.67172e-07 
1200 2.72508e-07 
1200.01 2.77908e-07 
1200.01 2.83372e-07 
1200.02 2.88896e-07 
1200.03 2.94482e-07 
1200.04 3.00126e-07 
1200.05 3.05829e-07 
1200.06 3.11588e-07 
1200.07 3.17403e-07 
1200.08 3.23271e-07 
1200.09 3.29192e-07 
1200.1 3.35164e-07 
1200.11 3.41186e-07 
1200.12 3.47255e-07 
1200.13 3.5337e-07 
1200.14 3.59531e-07 
1200.15 3.65734e-07 
1200.16 3.71978e-07 
1200.17 3.78262e-07 
1200.18 3.84584e-07 
1200.19 3.90942e-07 
1200.2 3.97334e-07 
1200.21 4.03758e-07 
1200.22 4.10213e-07 
1200.23 4.16777e-07 
1200.24 4.23288e-07 
1200.25 4.29823e-07 
1200.26 4.36381e-07 
1200.27 4.4296e-07 
1200.28 4.49558e-07 
1200.29 4.56173e-07 
1200.3 4.62804e-07 
1200.31 4.69447e-07 
1200.32 4.76102e-07 
1200.33 4.82766e-07 
1200.34 4.89438e-07 
1200.35 4.96115e-07 
1200.36 5.02796e-07 
1200.37 5.09479e-07 
1200.38 5.16161e-07 
1200.39 5.22842e-07 
1200.4 5.29519e-07 
1200.41 5.36191e-07 
1200.42 5.42855e-07 
1200.43 5.49511e-07 
1200.43 5.56157e-07 
1200.44 5.6279e-07 
1200.45 5.6941e-07 
1200.46 5.76015e-07 
1200.47 5.82604e-07 
1200.48 5.89256e-07 
1200.49 5.95808e-07 
1200.5 6.0234e-07 
1200.51 6.0885e-07 
1200.52 6.15337e-07 
1200.53 6.21802e-07 
1200.54 6.28242e-07 
1200.55 6.34657e-07 
1200.56 6.41046e-07 
1200.57 6.47409e-07 
1200.58 6.53746e-07 
1200.59 6.60055e-07 
1200.6 6.66337e-07 
1200.61 6.73006e-07 
1200.62 6.79237e-07 
1200.63 6.8544e-07 
1200.64 6.91615e-07 
1200.65 6.97764e-07 
1200.66 7.03887e-07 
1200.67 7.09983e-07 
1200.68 7.16055e-07 
1200.69 7.22102e-07 
1200.7 7.28127e-07 
1200.71 7.34129e-07 
1200.72 7.40111e-07 
1200.73 7.46149e-07 
1200.74 7.52095e-07 
1200.75 7.58025e-07 
1200.76 7.63942e-07 
1200.77 7.69848e-07 
1200.78 7.75745e-07 
1200.79 7.81635e-07 
1200.8 7.87522e-07 
1200.81 7.93409e-07 
1200.82 7.99297e-07 
1200.83 8.05192e-07 
1200.84 8.11095e-07 
1200.85 8.17011e-07 
1200.85 8.22943e-07 
1200.86 8.28896e-07 
1200.87 8.34874e-07 
1200.88 8.4088e-07 
1200.89 8.4692e-07 
1200.9 8.52997e-07 
1200.91 8.59118e-07 
1200.92 8.65287e-07 
1200.93 8.7151e-07 
1200.94 8.77791e-07 
1200.95 8.84137e-07 
1200.96 8.90552e-07 
1200.97 8.97045e-07 
1200.98 9.03702e-07 
1200.99 9.10367e-07 
1201 9.17127e-07 
1201.01 9.23989e-07 
1201.02 9.3096e-07 
1201.03 9.38047e-07 
1201.04 9.45257e-07 
1201.05 9.52597e-07 
1201.06 9.60076e-07 
1201.07 9.677e-07 
1201.08 9.75477e-07 
1201.09 9.83415e-07 
1201.1 9.91523e-07 
1201.11 9.99808e-07 
1201.12 1.00828e-06 
1201.13 1.01694e-06 
1201.14 1.02581e-06 
1201.15 1.03489e-06 
1201.16 1.04419e-06 
1201.17 1.05371e-06 
1201.18 1.06348e-06 
1201.19 1.07349e-06 
1201.2 1.08376e-06 
1201.21 1.09429e-06 
1201.22 1.10509e-06 
1201.23 1.11632e-06 
1201.24 1.1277e-06 
1201.25 1.13939e-06 
1201.26 1.15138e-06 
1201.27 1.1637e-06 
1201.28 1.17634e-06 
1201.28 1.18932e-06 
1201.29 1.20265e-06 
1201.3 1.21634e-06 
1201.31 1.23039e-06 
1201.32 1.24481e-06 
1201.33 1.25962e-06 
1201.34 1.27482e-06 
1201.35 1.29042e-06 
1201.36 1.30643e-06 
1201.37 1.32286e-06 
1201.38 1.33971e-06 
1201.39 1.357e-06 
1201.4 1.37473e-06 
1201.41 1.39291e-06 
1201.42 1.41155e-06 
1201.43 1.43066e-06 
1201.44 1.45024e-06 
1201.45 1.4703e-06 
1201.46 1.49085e-06 
1201.47 1.51189e-06 
1201.48 1.5337e-06 
1201.49 1.55576e-06 
1201.5 1.57832e-06 
1201.51 1.60141e-06 
1201.52 1.62502e-06 
1201.53 1.64915e-06 
1201.54 1.67382e-06 
1201.55 1.69903e-06 
1201.56 1.72477e-06 
1201.57 1.75107e-06 
1201.58 1.77791e-06 
1201.59 1.8053e-06 
1201.6 1.83324e-06 
1201.61 1.86288e-06 
1201.62 1.89196e-06 
1201.63 1.92159e-06 
1201.64 1.95178e-06 
1201.65 1.98253e-06 
1201.66 2.01383e-06 
1201.67 2.0457e-06 
1201.68 2.07812e-06 
1201.69 2.1111e-06 
1201.7 2.14464e-06 
1201.7 2.17872e-06 
1201.71 2.21335e-06 
1201.72 2.24897e-06 
1201.73 2.28469e-06 
1201.74 2.32095e-06 
1201.75 2.35774e-06 
1201.76 2.39505e-06 
1201.77 2.43289e-06 
1201.78 2.47123e-06 
1201.79 2.51008e-06 
1201.8 2.54942e-06 
1201.81 2.58925e-06 
1201.82 2.62956e-06 
1201.83 2.67034e-06 
1201.84 2.71158e-06 
1201.85 2.75327e-06 
1201.86 2.79539e-06 
1201.87 2.83794e-06 
1201.88 2.88091e-06 
1201.89 2.92427e-06 
1201.9 2.96802e-06 
1201.91 3.01214e-06 
1201.92 3.05663e-06 
1201.93 3.10145e-06 
1201.94 3.1466e-06 
1201.95 3.19207e-06 
1201.96 3.23782e-06 
1201.97 3.28386e-06 
1201.98 3.33074e-06 
1201.99 3.37728e-06 
1202 3.42404e-06 
1202.01 3.47101e-06 
1202.02 3.51817e-06 
1202.03 3.56548e-06 
1202.04 3.61295e-06 
1202.05 3.66053e-06 
1202.06 3.70822e-06 
1202.07 3.75599e-06 
1202.08 3.80381e-06 
1202.09 3.85167e-06 
1202.1 3.89955e-06 
1202.11 3.94741e-06 
1202.12 3.99525e-06 
1202.13 4.04302e-06 
1202.13 4.09071e-06 
1202.14 4.1383e-06 
1202.15 4.18576e-06 
1202.16 4.23307e-06 
1202.17 4.28019e-06 
1202.18 4.32711e-06 
1202.19 4.3738e-06 
1202.2 4.42024e-06 
1202.21 4.46639e-06 
1202.22 4.51281e-06 
1202.23 4.55833e-06 
1202.24 4.60348e-06 
1202.25 4.64825e-06 
1202.26 4.69261e-06 
1202.27 4.73653e-06 
1202.28 4.78e-06 
1202.29 4.82297e-06 
1202.3 4.86544e-06 
1202.31 4.90736e-06 
1202.32 4.94872e-06 
1202.33 4.98949e-06 
1202.34 5.02965e-06 
1202.35 5.06917e-06 
1202.36 5.10803e-06 
1202.37 5.14619e-06 
1202.38 5.18365e-06 
1202.39 5.22037e-06 
1202.4 5.25633e-06 
1202.41 5.29151e-06 
1202.42 5.32589e-06 
1202.43 5.35943e-06 
1202.44 5.39213e-06 
1202.45 5.42395e-06 
1202.46 5.45489e-06 
1202.47 5.48491e-06 
1202.48 5.51435e-06 
1202.49 5.54247e-06 
1202.5 5.56963e-06 
1202.51 5.59579e-06 
1202.52 5.62094e-06 
1202.53 5.64506e-06 
1202.54 5.66815e-06 
1202.55 5.69017e-06 
1202.56 5.71113e-06 
1202.56 5.73099e-06 
1202.57 5.74975e-06 
1202.58 5.76739e-06 
1202.59 5.78391e-06 
1202.6 5.79928e-06 
1202.61 5.81708e-06 
1202.62 5.83015e-06 
1202.63 5.84204e-06 
1202.64 5.85275e-06 
1202.65 5.86227e-06 
1202.66 5.87059e-06 
1202.67 5.8777e-06 
1202.68 5.88361e-06 
1202.69 5.8883e-06 
1202.7 5.89176e-06 
1202.71 5.89401e-06 
1202.72 5.89502e-06 
1202.73 5.8948e-06 
1202.74 5.89334e-06 
1202.75 5.89066e-06 
1202.76 5.88674e-06 
1202.77 5.8816e-06 
1202.78 5.87523e-06 
1202.79 5.86764e-06 
1202.8 5.85882e-06 
1202.81 5.8488e-06 
1202.82 5.83756e-06 
1202.83 5.82513e-06 
1202.84 5.81149e-06 
1202.85 5.79667e-06 
1202.86 5.78067e-06 
1202.87 5.7635e-06 
1202.88 5.74517e-06 
1202.89 5.72569e-06 
1202.9 5.70507e-06 
1202.91 5.68333e-06 
1202.92 5.66047e-06 
1202.93 5.63651e-06 
1202.94 5.61147e-06 
1202.95 5.58536e-06 
1202.96 5.55819e-06 
1202.97 5.52998e-06 
1202.98 5.50075e-06 
1202.98 5.47014e-06 
1202.99 5.43891e-06 
1203 5.40671e-06 
1203.01 5.37356e-06 
1203.02 5.33948e-06 
1203.03 5.30449e-06 
1203.04 5.26861e-06 
1203.05 5.23187e-06 
1203.06 5.19428e-06 
1203.07 5.15586e-06 
1203.08 5.11664e-06 
1203.09 5.07664e-06 
1203.1 5.03588e-06 
1203.11 4.99438e-06 
1203.12 4.95218e-06 
1203.13 4.90928e-06 
1203.14 4.86572e-06 
1203.15 4.82153e-06 
1203.16 4.77671e-06 
1203.17 4.73131e-06 
1203.18 4.68534e-06 
1203.19 4.63883e-06 
1203.2 4.5918e-06 
1203.21 4.54428e-06 
1203.22 4.4963e-06 
1203.23 4.44726e-06 
1203.24 4.39841e-06 
1203.25 4.34918e-06 
1203.26 4.29957e-06 
1203.27 4.24963e-06 
1203.28 4.19937e-06 
1203.29 4.14882e-06 
1203.3 4.09801e-06 
1203.31 4.04695e-06 
1203.32 3.99568e-06 
1203.33 3.94421e-06 
1203.34 3.89258e-06 
1203.35 3.8408e-06 
1203.36 3.78891e-06 
1203.37 3.73692e-06 
1203.38 3.68485e-06 
1203.39 3.63274e-06 
1203.4 3.58059e-06 
1203.41 3.52845e-06 
1203.41 3.47632e-06 
1203.42 3.42423e-06 
1203.43 3.3722e-06 
1203.44 3.32025e-06 
1203.45 3.2684e-06 
1203.46 3.21668e-06 
1203.47 3.1651e-06 
1203.48 3.11304e-06 
1203.49 3.0618e-06 
1203.5 3.01076e-06 
1203.51 2.95995e-06 
1203.52 2.90937e-06 
1203.53 2.85904e-06 
1203.54 2.80898e-06 
1203.55 2.75921e-06 
1203.56 2.70975e-06 
1203.57 2.6606e-06 
1203.58 2.61178e-06 
1203.59 2.56332e-06 
1203.6 2.51521e-06 
1203.61 2.469e-06 
1203.62 2.42163e-06 
1203.63 2.37466e-06 
1203.64 2.3281e-06 
1203.65 2.28197e-06 
1203.66 2.23628e-06 
1203.67 2.19103e-06 
1203.68 2.14624e-06 
1203.69 2.10192e-06 
1203.7 2.05807e-06 
1203.71 2.0147e-06 
1203.72 1.97183e-06 
1203.73 1.92893e-06 
1203.74 1.88707e-06 
1203.75 1.84572e-06 
1203.76 1.8049e-06 
1203.77 1.7646e-06 
1203.78 1.72483e-06 
1203.79 1.6856e-06 
1203.8 1.6469e-06 
1203.81 1.60876e-06 
1203.82 1.57116e-06 
1203.83 1.53411e-06 
1203.83 1.49761e-06 
1203.84 1.46167e-06 
1203.85 1.42629e-06 
1203.86 1.39146e-06 
1203.87 1.3572e-06 
1203.88 1.3235e-06 
1203.89 1.29035e-06 
1203.9 1.25777e-06 
1203.91 1.22575e-06 
1203.92 1.19429e-06 
1203.93 1.16339e-06 
1203.94 1.13305e-06 
1203.95 1.10326e-06 
1203.96 1.07402e-06 
1203.97 1.04534e-06 
1203.98 1.01685e-06 
1203.99 9.89271e-07 
1204 9.6223e-07 
1204.01 9.35729e-07 
1204.02 9.09763e-07 
1204.03 8.84328e-07 
1204.04 8.5942e-07 
1204.05 8.35036e-07 
1204.06 8.1117e-07 
1204.07 7.87817e-07 
1204.08 7.64974e-07 
1204.09 7.42633e-07 
1204.1 7.20791e-07 
1204.11 6.99442e-07 
1204.12 6.78581e-07 
1204.13 6.582e-07 
1204.14 6.38296e-07 
1204.15 6.1886e-07 
1204.16 5.99889e-07 
1204.17 5.81374e-07 
1204.18 5.63311e-07 
1204.19 5.45692e-07 
1204.2 5.28511e-07 
1204.21 5.11762e-07 
1204.22 4.95438e-07 
1204.23 4.79335e-07 
1204.24 4.63845e-07 
1204.25 4.4876e-07 
1204.26 4.34073e-07 
1204.26 4.19776e-07 
1204.27 4.05864e-07 
1204.28 3.92329e-07 
1204.29 3.79164e-07 
1204.3 3.66362e-07 
1204.31 3.53917e-07 
1204.32 3.41822e-07 
1204.33 3.3007e-07 
1204.34 3.18653e-07 
1204.35 3.07565e-07 
1204.36 2.968e-07 
1204.37 2.86351e-07 
1204.38 2.7621e-07 
1204.39 2.66371e-07 
1204.4 2.56828e-07 
1204.41 2.47574e-07 
1204.42 2.38602e-07 
1204.43 2.29907e-07 
1204.44 2.2148e-07 
1204.45 2.13317e-07 
1204.46 2.05411e-07 
1204.47 1.97756e-07 
1204.48 1.90254e-07 
1204.49 1.83085e-07 
1204.5 1.76148e-07 
1204.51 1.69438e-07 
1204.52 1.62948e-07 
1204.53 1.56674e-07 
1204.54 1.50609e-07 
1204.55 1.44748e-07 
1204.56 1.39085e-07 
1204.57 1.33615e-07 
1204.58 1.28333e-07 
1204.59 1.23233e-07 
1204.6 1.18311e-07 
1204.61 1.13561e-07 
1204.62 1.09045e-07 
1204.63 1.04622e-07 
1204.64 1.00358e-07 
1204.65 9.62459e-08 
1204.66 9.2283e-08 
1204.67 8.84644e-08 
1204.68 8.47857e-08 
1204.68 8.12425e-08 
1204.69 7.78308e-08 
1204.7 7.45464e-08 
1204.71 7.13854e-08 
1204.72 6.83064e-08 
1204.73 6.53818e-08 
1204.74 6.25691e-08 
1204.75 5.98645e-08 
1204.76 5.72646e-08 
1204.77 5.47659e-08 
1204.78 5.2365e-08 
1204.79 5.00587e-08 
1204.8 4.78437e-08 
1204.81 4.5717e-08 
1204.82 4.36754e-08 
1204.83 4.17161e-08 
1204.84 3.98362e-08 
1204.85 3.80329e-08 
1204.86 3.63034e-08 
1204.87 3.46452e-08 
1204.88 3.30556e-08 
1204.89 3.15322e-08 
1204.9 3.00726e-08 
1204.91 2.86744e-08 
1204.92 2.73354e-08 
1204.93 2.60534e-08 
1204.94 2.48261e-08 
1204.95 2.36517e-08 
1204.96 2.25279e-08 
1204.97 2.1453e-08 
1204.98 2.04124e-08 
1204.99 1.94301e-08 
1205 1.8491e-08 
1205.01 1.75936e-08 
1205.02 1.67362e-08 
1205.03 1.59171e-08 
1205.04 1.51349e-08 
1205.05 1.43881e-08 
1205.06 1.36751e-08 
1205.07 1.29948e-08 
1205.08 1.23456e-08 
1205.09 1.17264e-08 
1205.1 1.11358e-08 
1205.11 1.05727e-08 
1205.11 1.0036e-08 
1205.12 9.52443e-09 
1205.13 9.03703e-09 
1205.14 8.57274e-09 
1205.15 8.13056e-09 
1205.16 7.70954e-09 
1205.17 7.30876e-09 
1205.18 6.92733e-09 
1205.19 6.56441e-09 
1205.2 6.21917e-09 
1205.21 5.89082e-09 
1205.22 5.57491e-09 
1205.23 5.27822e-09 
1205.24 4.99633e-09 
1205.25 4.72849e-09 
1205.26 4.47405e-09 
1205.27 4.23239e-09 
1205.28 4.00294e-09 
1205.29 3.78511e-09 
1205.3 3.57837e-09 
1205.31 3.3822e-09 
1205.32 3.1961e-09 
1205.33 3.01959e-09 
1205.34 2.85222e-09 
1205.35 2.69355e-09 
1205.36 2.54317e-09 
1205.37 2.40067e-09 
1205.38 2.26567e-09 
1205.39 2.1378e-09 
1205.4 2.01672e-09 
1205.41 1.90209e-09 
1205.42 1.79359e-09 
1205.43 1.69092e-09 
1205.44 1.59378e-09 
1205.45 1.5019e-09 
1205.46 1.41502e-09 
1205.47 1.33288e-09 
1205.48 1.25432e-09 
1205.49 1.18098e-09 
1205.5 1.1117e-09 
1205.51 1.04627e-09 
1205.52 9.8448e-10 
1205.53 9.2614e-10 
1205.54 8.7107e-10 
1205.54 8.191e-10 
1205.55 7.70066e-10 
1205.56 7.23813e-10 
1205.57 6.80192e-10 
1205.58 6.39063e-10 
1205.59 6.00293e-10 
1205.6 5.63754e-10 
1205.61 5.29652e-10 
1205.62 4.97201e-10 
1205.63 4.66638e-10 
1205.64 4.3786e-10 
1205.65 4.10769e-10 
1205.66 3.85271e-10 
1205.67 3.61279e-10 
1205.68 3.38709e-10 
1205.69 3.17481e-10 
1205.7 2.9752e-10 
1205.71 2.78754e-10 
1205.72 2.61116e-10 
1205.73 2.44341e-10 
1205.74 2.28782e-10 
1205.75 2.14167e-10 
1205.76 2.00444e-10 
1205.77 1.8756e-10 
1205.78 1.75466e-10 
1205.79 1.64117e-10 
1205.8 1.5347e-10 
1205.81 1.43482e-10 
1205.82 1.34116e-10 
1205.83 1.25334e-10 
1205.84 1.17103e-10 
1205.85 1.09388e-10 
1205.86 1.0216e-10 
1205.87 9.53892e-11 
1205.88 8.9048e-11 
1205.89 8.31107e-11 
1205.9 7.75525e-11 
1205.91 7.23507e-11 
1205.92 6.74833e-11 
1205.93 6.29299e-11 
1205.94 5.86712e-11 
1205.95 5.4689e-11 
1205.96 5.09662e-11 
1205.96 4.74867e-11 
1205.97 4.42352e-11 
1205.98 4.11609e-11 
1205.99 3.83261e-11 
1206 3.56789e-11 
1206.01 3.32074e-11 
1206.02 3.09005e-11 
1206.03 2.87478e-11 
1206.04 2.67393e-11 
1206.05 2.48658e-11 
1206.06 2.31186e-11 
1206.07 2.14896e-11 
1206.08 1.99711e-11 
1206.09 1.85559e-11 
1206.1 1.72373e-11 
1206.11 1.60091e-11 
1206.12 1.48651e-11 
1206.13 1.37999e-11 
1206.14 1.28084e-11 
1206.15 1.18855e-11 
1206.16 1.10268e-11 
1206.17 1.02279e-11 
1206.18 9.48487e-12 
1206.19 8.79394e-12 
1206.2 8.1516e-12 
1206.21 7.55456e-12 
1206.22 6.99975e-12 
1206.23 6.4781e-12 
1206.24 5.99977e-12 
1206.25 5.55556e-12 
1206.26 5.14315e-12 
1206.27 4.76033e-12 
1206.28 4.40506e-12 
1206.29 4.07544e-12 
1206.3 3.76968e-12 
1206.31 3.48611e-12 
1206.32 3.22318e-12 
1206.33 2.97944e-12 
1206.34 2.75355e-12 
1206.35 2.54424e-12 
1206.36 2.35034e-12 
1206.37 2.17075e-12 
1206.38 2.00446e-12 
1206.39 1.8505e-12 
1206.39 1.70801e-12 
1206.4 1.57615e-12 
1206.41 1.45417e-12 
1206.42 1.34133e-12 
1206.43 1.23699e-12 
1206.44 1.14052e-12 
1206.45 1.05135e-12 
1206.46 9.68938e-13 
1206.47 8.92799e-13 
1206.48 8.21623e-13 
1206.49 7.56735e-13 
1206.5 6.96822e-13 
1206.51 6.41515e-13 
1206.52 5.90472e-13 
1206.53 5.43374e-13 
1206.54 4.99925e-13 
1206.55 4.59853e-13 
1206.56 4.22902e-13 
1206.57 3.88837e-13 
1206.58 3.5744e-13 
1206.59 3.28507e-13 
1206.6 0 
