#energy geo_1 
1186.6 0 
1186.61 0 
1186.62 0 
1186.63 0 
1186.64 0 
1186.65 0 
1186.66 0 
1186.67 0 
1186.68 0 
1186.69 0 
1186.7 0 
1186.71 0 
1186.72 0 
1186.73 0 
1186.74 0 
1186.75 0 
1186.76 0 
1186.77 0 
1186.78 0 
1186.79 0 
1186.8 0 
1186.81 0 
1186.81 0 
1186.82 0 
1186.83 0 
1186.84 0 
1186.85 0 
1186.86 0 
1186.87 0 
1186.88 0 
1186.89 0 
1186.9 0 
1186.91 0 
1186.92 0 
1186.93 0 
1186.94 0 
1186.95 0 
1186.96 0 
1186.97 0 
1186.98 0 
1186.99 0 
1187 0 
1187.01 0 
1187.02 0 
1187.03 0 
1187.04 0 
1187.05 0 
1187.06 0 
1187.07 0 
1187.08 0 
1187.09 0 
1187.1 0 
1187.11 0 
1187.12 0 
1187.13 0 
1187.14 0 
1187.15 0 
1187.16 0 
1187.17 0 
1187.18 0 
1187.19 0 
1187.2 0 
1187.21 0 
1187.22 0 
1187.23 0 
1187.24 0 
1187.24 0 
1187.25 0 
1187.26 0 
1187.27 0 
1187.28 0 
1187.29 0 
1187.3 0 
1187.31 0 
1187.32 0 
1187.33 0 
1187.34 0 
1187.35 0 
1187.36 0 
1187.37 0 
1187.38 0 
1187.39 0 
1187.4 0 
1187.41 0 
1187.42 0 
1187.43 0 
1187.44 0 
1187.45 0 
1187.46 0 
1187.47 0 
1187.48 0 
1187.49 0 
1187.5 0 
1187.51 0 
1187.52 0 
1187.53 0 
1187.54 0 
1187.55 0 
1187.56 0 
1187.57 0 
1187.58 0 
1187.59 0 
1187.6 0 
1187.61 0 
1187.62 0 
1187.63 0 
1187.64 0 
1187.65 0 
1187.66 0 
1187.66 0 
1187.67 0 
1187.68 0 
1187.69 0 
1187.7 0 
1187.71 0 
1187.72 0 
1187.73 0 
1187.74 0 
1187.75 0 
1187.76 0 
1187.77 0 
1187.78 0 
1187.79 0 
1187.8 0 
1187.81 0 
1187.82 0 
1187.83 0 
1187.84 0 
1187.85 0 
1187.86 0 
1187.87 0 
1187.88 0 
1187.89 0 
1187.9 0 
1187.91 0 
1187.92 0 
1187.93 0 
1187.94 0 
1187.95 0 
1187.96 0 
1187.97 0 
1187.98 0 
1187.99 0 
1188 0 
1188.01 0 
1188.02 0 
1188.03 0 
1188.04 0 
1188.05 0 
1188.06 0 
1188.07 0 
1188.08 0 
1188.09 0 
1188.09 0 
1188.1 0 
1188.11 0 
1188.12 0 
1188.13 0 
1188.14 0 
1188.15 0 
1188.16 0 
1188.17 0 
1188.18 0 
1188.19 0 
1188.2 0 
1188.21 0 
1188.22 0 
1188.23 0 
1188.24 0 
1188.25 0 
1188.26 0 
1188.27 0 
1188.28 0 
1188.29 0 
1188.3 0 
1188.31 0 
1188.32 0 
1188.33 0 
1188.34 0 
1188.35 0 
1188.36 0 
1188.37 0 
1188.38 0 
1188.39 0 
1188.4 0 
1188.41 0 
1188.42 0 
1188.43 0 
1188.44 0 
1188.45 0 
1188.46 0 
1188.47 0 
1188.48 0 
1188.49 0 
1188.5 0 
1188.51 0 
1188.52 0 
1188.52 0 
1188.53 0 
1188.54 0 
1188.55 0 
1188.56 0 
1188.57 0 
1188.58 0 
1188.59 0 
1188.6 0 
1188.61 0 
1188.62 0 
1188.63 0 
1188.64 1.4013e-45 
1188.65 1.4013e-45 
1188.66 1.4013e-45 
1188.67 1.4013e-45 
1188.68 2.8026e-45 
1188.69 2.8026e-45 
1188.7 2.8026e-45 
1188.71 2.8026e-45 
1188.72 4.2039e-45 
1188.73 7.00649e-45 
1188.74 8.40779e-45 
1188.75 9.80909e-45 
1188.76 1.26117e-44 
1188.77 1.68156e-44 
1188.78 2.24208e-44 
1188.79 2.8026e-44 
1188.8 3.50325e-44 
1188.81 4.48416e-44 
1188.82 5.74532e-44 
1188.83 7.28675e-44 
1188.84 9.3887e-44 
1188.85 1.1911e-43 
1188.86 1.5134e-43 
1188.87 1.91978e-43 
1188.88 2.43826e-43 
1188.89 3.11088e-43 
1188.9 3.96567e-43 
1188.91 5.01665e-43 
1188.92 6.38992e-43 
1188.93 8.09951e-43 
1188.94 1.02995e-42 
1188.94 1.30881e-42 
1188.95 1.65914e-42 
1188.96 2.10335e-42 
1188.97 2.66667e-42 
1188.98 3.38974e-42 
1188.99 4.29498e-42 
1189 5.43704e-42 
1189.01 6.88178e-42 
1189.02 8.70487e-42 
1189.03 1.10086e-41 
1189.04 1.39177e-41 
1189.05 1.75849e-41 
1189.06 2.2212e-41 
1189.07 2.8047e-41 
1189.08 3.53982e-41 
1189.09 4.4658e-41 
1189.1 5.63182e-41 
1189.11 7.09954e-41 
1189.12 8.94617e-41 
1189.13 1.12684e-40 
1189.14 1.41881e-40 
1189.15 1.78572e-40 
1189.16 2.24659e-40 
1189.17 2.8253e-40 
1189.18 3.55166e-40 
1189.19 4.463e-40 
1189.2 5.60591e-40 
1189.21 7.03871e-40 
1189.22 8.83419e-40 
1189.23 1.11147e-39 
1189.24 1.39387e-39 
1189.25 1.74733e-39 
1189.26 2.18954e-39 
1189.27 2.74258e-39 
1189.28 3.43393e-39 
1189.29 4.29784e-39 
1189.3 5.37695e-39 
1189.31 6.72433e-39 
1189.32 8.40598e-39 
1189.33 1.0504e-38 
1189.34 1.31204e-38 
1189.35 1.6382e-38 
1189.36 2.04463e-38 
1189.36 2.55086e-38 
1189.37 3.18117e-38 
1189.38 3.96565e-38 
1189.39 4.9416e-38 
1189.4 6.15529e-38 
1189.41 7.664e-38 
1189.42 9.5387e-38 
1189.43 1.18673e-37 
1189.44 1.47584e-37 
1189.45 1.83465e-37 
1189.46 2.27978e-37 
1189.47 2.83179e-37 
1189.48 3.52557e-37 
1189.49 4.37572e-37 
1189.5 5.42869e-37 
1189.51 6.73237e-37 
1189.52 8.3458e-37 
1189.53 1.03418e-36 
1189.54 1.281e-36 
1189.55 1.58609e-36 
1189.56 1.96306e-36 
1189.57 2.42867e-36 
1189.58 3.0035e-36 
1189.59 3.71292e-36 
1189.6 4.58806e-36 
1189.61 5.67075e-36 
1189.62 7.00177e-36 
1189.63 8.64176e-36 
1189.64 1.06616e-35 
1189.65 1.31483e-35 
1189.66 1.62086e-35 
1189.67 1.99732e-35 
1189.68 2.46023e-35 
1189.69 3.02922e-35 
1189.7 3.72831e-35 
1189.71 4.58691e-35 
1189.72 5.641e-35 
1189.73 6.95245e-35 
1189.74 8.54328e-35 
1189.75 1.04939e-34 
1189.76 1.28848e-34 
1189.77 1.58141e-34 
1189.78 1.94017e-34 
1189.79 2.37936e-34 
1189.79 2.9168e-34 
1189.8 3.57422e-34 
1189.81 4.37807e-34 
1189.82 5.36056e-34 
1189.83 6.56092e-34 
1189.84 8.02686e-34 
1189.85 9.81644e-34 
1189.86 1.20002e-33 
1189.87 1.46639e-33 
1189.88 1.79118e-33 
1189.89 2.18703e-33 
1189.9 2.66929e-33 
1189.91 3.2566e-33 
1189.92 3.97155e-33 
1189.93 4.84153e-33 
1189.94 5.89973e-33 
1189.95 7.18634e-33 
1189.96 8.75005e-33 
1189.97 1.06498e-32 
1189.98 1.29885e-32 
1189.99 1.57958e-32 
1190 1.92021e-32 
1190.01 2.33336e-32 
1190.02 2.83429e-32 
1190.03 3.44137e-32 
1190.04 4.17683e-32 
1190.05 5.06744e-32 
1190.06 6.14549e-32 
1190.07 7.44992e-32 
1190.08 9.02762e-32 
1190.09 1.09351e-31 
1190.1 1.32403e-31 
1190.11 1.60251e-31 
1190.12 1.93878e-31 
1190.13 2.34469e-31 
1190.14 2.83444e-31 
1190.15 3.42513e-31 
1190.16 4.13726e-31 
1190.17 4.99546e-31 
1190.18 6.02928e-31 
1190.19 7.27415e-31 
1190.2 8.77254e-31 
1190.21 1.05754e-30 
1190.21 1.27436e-30 
1190.22 1.5386e-30 
1190.23 1.85256e-30 
1190.24 2.22971e-30 
1190.25 2.68256e-30 
1190.26 3.22611e-30 
1190.27 3.87824e-30 
1190.28 4.66033e-30 
1190.29 5.5979e-30 
1190.3 6.72142e-30 
1190.31 8.06721e-30 
1190.32 9.6786e-30 
1190.33 1.16072e-29 
1190.34 1.39146e-29 
1190.35 1.66741e-29 
1190.36 1.99727e-29 
1190.37 2.39145e-29 
1190.38 2.86227e-29 
1190.39 3.42443e-29 
1190.4 4.09535e-29 
1190.41 4.89578e-29 
1190.42 5.85031e-29 
1190.43 6.98815e-29 
1190.44 8.34398e-29 
1190.45 9.95888e-29 
1190.46 1.18816e-28 
1190.47 1.41699e-28 
1190.48 1.69292e-28 
1190.49 2.01734e-28 
1190.5 2.40297e-28 
1190.51 2.86117e-28 
1190.52 3.40539e-28 
1190.53 4.0515e-28 
1190.54 4.81829e-28 
1190.55 5.7279e-28 
1190.56 6.80653e-28 
1190.57 8.08504e-28 
1190.58 9.59988e-28 
1190.59 1.1394e-27 
1190.6 1.3518e-27 
1190.61 1.60416e-27 
1190.62 1.90168e-27 
1190.63 2.25349e-27 
1190.64 2.66931e-27 
1190.64 3.1606e-27 
1190.65 3.74083e-27 
1190.66 4.4258e-27 
1190.67 5.23412e-27 
1190.68 6.18759e-27 
1190.69 7.31183e-27 
1190.7 8.6369e-27 
1190.71 1.0198e-26 
1190.72 1.20365e-26 
1190.73 1.42302e-26 
1190.74 1.67821e-26 
1190.75 1.97838e-26 
1190.76 2.33131e-26 
1190.77 2.7461e-26 
1190.78 3.23341e-26 
1190.79 3.80567e-26 
1190.8 4.47743e-26 
1190.81 5.26566e-26 
1190.82 6.19018e-26 
1190.83 7.27413e-26 
1190.84 8.54447e-26 
1190.85 1.00327e-25 
1190.86 1.17754e-25 
1190.87 1.38153e-25 
1190.88 1.62021e-25 
1190.89 1.89937e-25 
1190.9 2.22574e-25 
1190.91 2.60715e-25 
1190.92 3.0527e-25 
1190.93 3.57297e-25 
1190.94 4.18025e-25 
1190.95 4.88879e-25 
1190.96 5.71514e-25 
1190.97 6.67851e-25 
1190.98 7.8163e-25 
1190.99 9.12652e-25 
1191 1.06521e-24 
1191.01 1.24278e-24 
1191.02 1.44936e-24 
1191.03 1.68962e-24 
1191.04 1.96891e-24 
1191.05 2.29346e-24 
1191.06 2.67044e-24 
1191.07 3.10814e-24 
1191.07 3.61614e-24 
1191.08 4.2055e-24 
1191.09 4.88896e-24 
1191.1 5.68122e-24 
1191.11 6.59923e-24 
1191.12 7.66253e-24 
1191.13 8.89361e-24 
1191.14 1.03184e-23 
1191.15 1.19666e-23 
1191.16 1.38725e-23 
1191.17 1.60757e-23 
1191.18 1.86212e-23 
1191.19 2.15613e-23 
1191.2 2.49556e-23 
1191.21 2.88727e-23 
1191.22 3.33914e-23 
1191.23 3.86718e-23 
1191.24 4.46881e-23 
1191.25 5.16199e-23 
1191.26 5.96031e-23 
1191.27 6.87934e-23 
1191.28 7.93692e-23 
1191.29 9.15344e-23 
1191.3 1.05522e-22 
1191.31 1.21599e-22 
1191.32 1.40069e-22 
1191.33 1.6128e-22 
1191.34 1.85629e-22 
1191.35 2.13569e-22 
1191.36 2.45617e-22 
1191.37 2.82361e-22 
1191.38 3.24472e-22 
1191.39 3.72715e-22 
1191.4 4.27961e-22 
1191.41 4.91199e-22 
1191.42 5.63557e-22 
1191.43 6.46316e-22 
1191.44 7.40932e-22 
1191.45 8.49061e-22 
1191.46 9.72582e-22 
1191.47 1.11363e-21 
1191.48 1.27692e-21 
1191.49 1.46076e-21 
1191.49 1.67059e-21 
1191.5 1.90981e-21 
1191.51 2.18241e-21 
1191.52 2.49292e-21 
1191.53 2.84648e-21 
1191.54 3.24888e-21 
1191.55 3.70669e-21 
1191.56 4.22733e-21 
1191.57 4.81918e-21 
1191.58 5.49169e-21 
1191.59 6.25556e-21 
1191.6 7.12727e-21 
1191.61 8.11217e-21 
1191.62 9.22949e-21 
1191.63 1.04965e-20 
1191.64 1.19327e-20 
1191.65 1.356e-20 
1191.66 1.54031e-20 
1191.67 1.74897e-20 
1191.68 1.9851e-20 
1191.69 2.25222e-20 
1191.7 2.55426e-20 
1191.71 2.89565e-20 
1191.72 3.28137e-20 
1191.73 3.72276e-20 
1191.74 4.21527e-20 
1191.75 4.77102e-20 
1191.76 5.3979e-20 
1191.77 6.10471e-20 
1191.78 6.90131e-20 
1191.79 7.79875e-20 
1191.8 8.80938e-20 
1191.81 9.94701e-20 
1191.82 1.12271e-19 
1191.83 1.26668e-19 
1191.84 1.42855e-19 
1191.85 1.61046e-19 
1191.86 1.8148e-19 
1191.87 2.04427e-19 
1191.88 2.30182e-19 
1191.89 2.5908e-19 
1191.9 2.91489e-19 
1191.91 3.27821e-19 
1191.92 3.68535e-19 
1191.92 4.1414e-19 
1191.93 4.65203e-19 
1191.94 5.22353e-19 
1191.95 5.86291e-19 
1191.96 6.57792e-19 
1191.97 7.37719e-19 
1191.98 8.28208e-19 
1191.99 9.28097e-19 
1192 1.03962e-18 
1192.01 1.16408e-18 
1192.02 1.30291e-18 
1192.03 1.45773e-18 
1192.04 1.63029e-18 
1192.05 1.82255e-18 
1192.06 2.03667e-18 
1192.07 2.27504e-18 
1192.08 2.54029e-18 
1192.09 2.83534e-18 
1192.1 3.16339e-18 
1192.11 3.528e-18 
1192.12 3.93306e-18 
1192.13 4.38287e-18 
1192.14 4.88219e-18 
1192.15 5.43622e-18 
1192.16 6.0507e-18 
1192.17 6.73196e-18 
1192.18 7.48694e-18 
1192.19 8.32327e-18 
1192.2 9.24933e-18 
1192.21 1.02743e-17 
1192.22 1.14084e-17 
1192.23 1.2679e-17 
1192.24 1.40671e-17 
1192.25 1.5601e-17 
1192.26 1.72953e-17 
1192.27 1.91659e-17 
1192.28 2.12304e-17 
1192.29 2.35079e-17 
1192.3 2.60193e-17 
1192.31 2.87875e-17 
1192.32 3.18375e-17 
1192.33 3.51967e-17 
1192.34 3.88947e-17 
1192.34 4.29642e-17 
1192.35 4.74405e-17 
1192.36 5.23622e-17 
1192.37 5.77716e-17 
1192.38 6.37144e-17 
1192.39 7.02404e-17 
1192.4 7.7404e-17 
1192.41 8.52642e-17 
1192.42 9.38851e-17 
1192.43 1.03336e-16 
1192.44 1.13694e-16 
1192.45 1.2504e-16 
1192.46 1.37463e-16 
1192.47 1.5106e-16 
1192.48 1.6613e-16 
1192.49 1.82416e-16 
1192.5 2.00219e-16 
1192.51 2.19672e-16 
1192.52 2.40919e-16 
1192.53 2.64115e-16 
1192.54 2.89429e-16 
1192.55 3.17043e-16 
1192.56 3.47153e-16 
1192.57 3.79971e-16 
1192.58 4.15726e-16 
1192.59 4.54664e-16 
1192.6 4.9705e-16 
1192.61 5.43509e-16 
1192.62 5.93704e-16 
1192.63 6.48277e-16 
1192.64 7.07583e-16 
1192.65 7.72007e-16 
1192.66 8.41961e-16 
1192.67 9.17887e-16 
1192.68 1.00026e-15 
1192.69 1.08959e-15 
1192.7 1.18643e-15 
1192.71 1.29136e-15 
1192.72 1.40501e-15 
1192.73 1.52965e-15 
1192.74 1.66293e-15 
1192.75 1.8071e-15 
1192.76 1.963e-15 
1192.77 2.13149e-15 
1192.77 2.31351e-15 
1192.78 2.51009e-15 
1192.79 2.72228e-15 
1192.8 2.95123e-15 
1192.81 3.19816e-15 
1192.82 3.46436e-15 
1192.83 3.75123e-15 
1192.84 4.06023e-15 
1192.85 4.39294e-15 
1192.86 4.75101e-15 
1192.87 5.13622e-15 
1192.88 5.55045e-15 
1192.89 5.99569e-15 
1192.9 6.47407e-15 
1192.91 6.98783e-15 
1192.92 7.53935e-15 
1192.93 8.13115e-15 
1192.94 8.76592e-15 
1192.95 9.44646e-15 
1192.96 1.01758e-14 
1192.97 1.0957e-14 
1192.98 1.18044e-14 
1192.99 1.27005e-14 
1193 1.36592e-14 
1193.01 1.46844e-14 
1193.02 1.57802e-14 
1193.03 1.6951e-14 
1193.04 1.82015e-14 
1193.05 1.95364e-14 
1193.06 2.09609e-14 
1193.07 2.24802e-14 
1193.08 2.41001e-14 
1193.09 2.58263e-14 
1193.1 2.76652e-14 
1193.11 2.96232e-14 
1193.12 3.17072e-14 
1193.13 3.39242e-14 
1193.14 3.62817e-14 
1193.15 3.87876e-14 
1193.16 4.14501e-14 
1193.17 4.42777e-14 
1193.18 4.72792e-14 
1193.19 5.04641e-14 
1193.19 5.38421e-14 
1193.2 5.74233e-14 
1193.21 6.12183e-14 
1193.22 6.52912e-14 
1193.23 6.95487e-14 
1193.24 7.4056e-14 
1193.25 7.88239e-14 
1193.26 8.38654e-14 
1193.27 8.91937e-14 
1193.28 9.48227e-14 
1193.29 1.00767e-13 
1193.3 1.07041e-13 
1193.31 1.1366e-13 
1193.32 1.2064e-13 
1193.33 1.27999e-13 
1193.34 1.35751e-13 
1193.35 1.43916e-13 
1193.36 1.52511e-13 
1193.37 1.61555e-13 
1193.38 1.71067e-13 
1193.39 1.81067e-13 
1193.4 1.91575e-13 
1193.41 2.02612e-13 
1193.42 2.142e-13 
1193.43 2.2636e-13 
1193.44 2.39114e-13 
1193.45 2.52487e-13 
1193.46 2.66501e-13 
1193.47 2.81181e-13 
1193.48 2.96748e-13 
1193.49 3.12843e-13 
1193.5 3.2968e-13 
1193.51 3.47283e-13 
1193.52 3.65681e-13 
1193.53 3.84901e-13 
1193.54 4.04968e-13 
1193.55 4.25912e-13 
1193.56 4.47761e-13 
1193.57 4.70543e-13 
1193.58 4.94286e-13 
1193.59 5.19021e-13 
1193.6 5.44776e-13 
1193.61 5.71937e-13 
1193.62 5.99839e-13 
1193.62 6.28852e-13 
1193.63 6.59005e-13 
1193.64 6.90329e-13 
1193.65 7.22853e-13 
1193.66 7.56608e-13 
1193.67 7.91624e-13 
1193.68 8.27929e-13 
1193.69 8.65555e-13 
1193.7 9.04529e-13 
1193.71 9.44882e-13 
1193.72 9.86642e-13 
1193.73 1.03039e-12 
1193.74 1.07506e-12 
1193.75 1.12123e-12 
1193.76 1.16891e-12 
1193.77 1.21813e-12 
1193.78 1.26892e-12 
1193.79 1.32131e-12 
1193.8 1.3753e-12 
1193.81 1.43093e-12 
1193.82 1.48822e-12 
1193.83 1.54719e-12 
1193.84 1.60785e-12 
1193.85 1.67023e-12 
1193.86 1.73433e-12 
1193.87 1.80018e-12 
1193.88 1.86779e-12 
1193.89 1.93716e-12 
1193.9 2.00831e-12 
1193.91 2.08124e-12 
1193.92 2.15597e-12 
1193.93 2.23249e-12 
1193.94 2.3108e-12 
1193.95 2.39092e-12 
1193.96 2.47282e-12 
1193.97 2.55652e-12 
1193.98 2.64309e-12 
1193.99 2.73037e-12 
1194 2.81941e-12 
1194.01 2.9102e-12 
1194.02 3.00273e-12 
1194.03 3.09698e-12 
1194.04 3.19292e-12 
1194.05 3.29053e-12 
1194.05 3.38978e-12 
1194.06 3.49066e-12 
1194.07 3.59312e-12 
1194.08 3.69713e-12 
1194.09 3.80266e-12 
1194.1 3.90967e-12 
1194.11 4.01812e-12 
1194.12 4.12796e-12 
1194.13 4.23915e-12 
1194.14 4.35165e-12 
1194.15 4.4654e-12 
1194.16 4.58034e-12 
1194.17 4.69644e-12 
1194.18 4.81363e-12 
1194.19 4.93185e-12 
1194.2 5.05105e-12 
1194.21 5.17117e-12 
1194.22 5.29215e-12 
1194.23 5.41545e-12 
1194.24 5.53798e-12 
1194.25 5.66118e-12 
1194.26 5.785e-12 
1194.27 5.90937e-12 
1194.28 6.03424e-12 
1194.29 6.15956e-12 
1194.3 6.28526e-12 
1194.31 6.41129e-12 
1194.32 6.53762e-12 
1194.33 6.66418e-12 
1194.34 6.79095e-12 
1194.35 6.91789e-12 
1194.36 7.04497e-12 
1194.37 7.17218e-12 
1194.38 7.2995e-12 
1194.39 7.42693e-12 
1194.4 7.55448e-12 
1194.41 7.68217e-12 
1194.42 7.81004e-12 
1194.43 7.93813e-12 
1194.44 8.06652e-12 
1194.45 8.19528e-12 
1194.46 8.32453e-12 
1194.47 8.45439e-12 
1194.47 8.58667e-12 
1194.48 8.71826e-12 
1194.49 8.85102e-12 
1194.5 8.98519e-12 
1194.51 9.12106e-12 
1194.52 9.25894e-12 
1194.53 9.39921e-12 
1194.54 9.54229e-12 
1194.55 9.68863e-12 
1194.56 9.83877e-12 
1194.57 9.99328e-12 
1194.58 1.01528e-11 
1194.59 1.03182e-11 
1194.6 1.04901e-11 
1194.61 1.06761e-11 
1194.62 1.0864e-11 
1194.63 1.10616e-11 
1194.64 1.12699e-11 
1194.65 1.14903e-11 
1194.66 1.17244e-11 
1194.67 1.19736e-11 
1194.68 1.22398e-11 
1194.69 1.25248e-11 
1194.7 1.28309e-11 
1194.71 1.31603e-11 
1194.72 1.35156e-11 
1194.73 1.39044e-11 
1194.74 1.43202e-11 
1194.75 1.4771e-11 
1194.76 1.52603e-11 
1194.77 1.57919e-11 
1194.78 1.637e-11 
1194.79 1.69994e-11 
1194.8 1.76848e-11 
1194.81 1.84318e-11 
1194.82 1.9246e-11 
1194.83 2.0134e-11 
1194.84 2.11024e-11 
1194.85 2.21588e-11 
1194.86 2.33111e-11 
1194.87 2.4568e-11 
1194.88 2.59387e-11 
1194.89 2.74335e-11 
1194.9 2.90632e-11 
1194.9 3.08394e-11 
1194.91 3.27749e-11 
1194.92 3.48832e-11 
1194.93 3.7179e-11 
1194.94 3.9678e-11 
1194.95 4.23971e-11 
1194.96 4.53546e-11 
1194.97 4.857e-11 
1194.98 5.21097e-11 
1194.99 5.59092e-11 
1195 6.00344e-11 
1195.01 6.45111e-11 
1195.02 6.93672e-11 
1195.03 7.46323e-11 
1195.04 8.03379e-11 
1195.05 8.65181e-11 
1195.06 9.32091e-11 
1195.07 1.00449e-10 
1195.08 1.08281e-10 
1195.09 1.16747e-10 
1195.1 1.25894e-10 
1195.11 1.35774e-10 
1195.12 1.46439e-10 
1195.13 1.57945e-10 
1195.14 1.70354e-10 
1195.15 1.83729e-10 
1195.16 1.98139e-10 
1195.17 2.13656e-10 
1195.18 2.30357e-10 
1195.19 2.48323e-10 
1195.2 2.67642e-10 
1195.21 2.88404e-10 
1195.22 3.10706e-10 
1195.23 3.34963e-10 
1195.24 3.60683e-10 
1195.25 3.88272e-10 
1195.26 4.17851e-10 
1195.27 4.49547e-10 
1195.28 4.83497e-10 
1195.29 5.19842e-10 
1195.3 5.58733e-10 
1195.31 6.00328e-10 
1195.32 6.44795e-10 
1195.32 6.92308e-10 
1195.33 7.43051e-10 
1195.34 7.97219e-10 
1195.35 8.55014e-10 
1195.36 9.16651e-10 
1195.37 9.82352e-10 
1195.38 1.05235e-09 
1195.39 1.1269e-09 
1195.4 1.20625e-09 
1195.41 1.29066e-09 
1195.42 1.38043e-09 
1195.43 1.47585e-09 
1195.44 1.57722e-09 
1195.45 1.68485e-09 
1195.46 1.7991e-09 
1195.47 1.92029e-09 
1195.48 2.05045e-09 
1195.49 2.18674e-09 
1195.5 2.33112e-09 
1195.51 2.48399e-09 
1195.52 2.64577e-09 
1195.53 2.81689e-09 
1195.54 2.99782e-09 
1195.55 3.18902e-09 
1195.56 3.39097e-09 
1195.57 3.60418e-09 
1195.58 3.82916e-09 
1195.59 4.06646e-09 
1195.6 4.31661e-09 
1195.61 4.58304e-09 
1195.62 4.86082e-09 
1195.63 5.15323e-09 
1195.64 5.46088e-09 
1195.65 5.78443e-09 
1195.66 6.12451e-09 
1195.67 6.4818e-09 
1195.68 6.85699e-09 
1195.69 7.25078e-09 
1195.7 7.66389e-09 
1195.71 8.09705e-09 
1195.72 8.55101e-09 
1195.73 9.03262e-09 
1195.74 9.53077e-09 
1195.75 1.00521e-08 
1195.75 1.05973e-08 
1195.76 1.11673e-08 
1195.77 1.17628e-08 
1195.78 1.23848e-08 
1195.79 1.30341e-08 
1195.8 1.37115e-08 
1195.81 1.44178e-08 
1195.82 1.5154e-08 
1195.83 1.5921e-08 
1195.84 1.67195e-08 
1195.85 1.75505e-08 
1195.86 1.84148e-08 
1195.87 1.93134e-08 
1195.88 2.02471e-08 
1195.89 2.12167e-08 
1195.9 2.22232e-08 
1195.91 2.32674e-08 
1195.92 2.43501e-08 
1195.93 2.54722e-08 
1195.94 2.66345e-08 
1195.95 2.78378e-08 
1195.96 2.90829e-08 
1195.97 3.03706e-08 
1195.98 3.17185e-08 
1195.99 3.30941e-08 
1196 3.45144e-08 
1196.01 3.59802e-08 
1196.02 3.7492e-08 
1196.03 3.90504e-08 
1196.04 4.06561e-08 
1196.05 4.23095e-08 
1196.06 4.40112e-08 
1196.07 4.57615e-08 
1196.08 4.75609e-08 
1196.09 4.94097e-08 
1196.1 5.13082e-08 
1196.11 5.32567e-08 
1196.12 5.52553e-08 
1196.13 5.73041e-08 
1196.14 5.94033e-08 
1196.15 6.15529e-08 
1196.16 6.37526e-08 
1196.17 6.60025e-08 
1196.17 6.83024e-08 
1196.18 7.06519e-08 
1196.19 7.30507e-08 
1196.2 7.54984e-08 
1196.21 7.79945e-08 
1196.22 8.05707e-08 
1196.23 8.3162e-08 
1196.24 8.57999e-08 
1196.25 8.84834e-08 
1196.26 9.12116e-08 
1196.27 9.39834e-08 
1196.28 9.67977e-08 
1196.29 9.96535e-08 
1196.3 1.02549e-07 
1196.31 1.05484e-07 
1196.32 1.08456e-07 
1196.33 1.11464e-07 
1196.34 1.14506e-07 
1196.35 1.17581e-07 
1196.36 1.20686e-07 
1196.37 1.2382e-07 
1196.38 1.26982e-07 
1196.39 1.30168e-07 
1196.4 1.33377e-07 
1196.41 1.36607e-07 
1196.42 1.39855e-07 
1196.43 1.43119e-07 
1196.44 1.46398e-07 
1196.45 1.49687e-07 
1196.46 1.52985e-07 
1196.47 1.5629e-07 
1196.48 1.5964e-07 
1196.49 1.62949e-07 
1196.5 1.66256e-07 
1196.51 1.69559e-07 
1196.52 1.72854e-07 
1196.53 1.76139e-07 
1196.54 1.79412e-07 
1196.55 1.82668e-07 
1196.56 1.85906e-07 
1196.57 1.89122e-07 
1196.58 1.92314e-07 
1196.59 1.95479e-07 
1196.6 1.98613e-07 
1196.6 2.01839e-07 
1196.61 2.04907e-07 
1196.62 2.07936e-07 
1196.63 2.10924e-07 
1196.64 2.13867e-07 
1196.65 2.16765e-07 
1196.66 2.19613e-07 
1196.67 2.2241e-07 
1196.68 2.25152e-07 
1196.69 2.27839e-07 
1196.7 2.30467e-07 
1196.71 2.33035e-07 
1196.72 2.3554e-07 
1196.73 2.38012e-07 
1196.74 2.40386e-07 
1196.75 2.42693e-07 
1196.76 2.44931e-07 
1196.77 2.47099e-07 
1196.78 2.49195e-07 
1196.79 2.5122e-07 
1196.8 2.53171e-07 
1196.81 2.5505e-07 
1196.82 2.56854e-07 
1196.83 2.58585e-07 
1196.84 2.60243e-07 
1196.85 2.61827e-07 
1196.86 2.63338e-07 
1196.87 2.64777e-07 
1196.88 2.66146e-07 
1196.89 2.67445e-07 
1196.9 2.68676e-07 
1196.91 2.69841e-07 
1196.92 2.70941e-07 
1196.93 2.7198e-07 
1196.94 2.7296e-07 
1196.95 2.73884e-07 
1196.96 2.74755e-07 
1196.97 2.75577e-07 
1196.98 2.76363e-07 
1196.99 2.77097e-07 
1197 2.77794e-07 
1197.01 2.7846e-07 
1197.02 2.79098e-07 
1197.03 2.79715e-07 
1197.03 2.80316e-07 
1197.04 2.80906e-07 
1197.05 2.81493e-07 
1197.06 2.82084e-07 
1197.07 2.82683e-07 
1197.08 2.83301e-07 
1197.09 2.83943e-07 
1197.1 2.84617e-07 
1197.11 2.85332e-07 
1197.12 2.86097e-07 
1197.13 2.86919e-07 
1197.14 2.87809e-07 
1197.15 2.88775e-07 
1197.16 2.89827e-07 
1197.17 2.90975e-07 
1197.18 2.92229e-07 
1197.19 2.93599e-07 
1197.2 2.95097e-07 
1197.21 2.96732e-07 
1197.22 2.98517e-07 
1197.23 3.00487e-07 
1197.24 3.02606e-07 
1197.25 3.04909e-07 
1197.26 3.07407e-07 
1197.27 3.10112e-07 
1197.28 3.13038e-07 
1197.29 3.16195e-07 
1197.3 3.19597e-07 
1197.31 3.23255e-07 
1197.32 3.27183e-07 
1197.33 3.31392e-07 
1197.34 3.35896e-07 
1197.35 3.40706e-07 
1197.36 3.45836e-07 
1197.37 3.51299e-07 
1197.38 3.57105e-07 
1197.39 3.63269e-07 
1197.4 3.69801e-07 
1197.41 3.76714e-07 
1197.42 3.84021e-07 
1197.43 3.91732e-07 
1197.44 3.99859e-07 
1197.45 4.08413e-07 
1197.45 4.17406e-07 
1197.46 4.26848e-07 
1197.47 4.36748e-07 
1197.48 4.4725e-07 
1197.49 4.58104e-07 
1197.5 4.69446e-07 
1197.51 4.81283e-07 
1197.52 4.93625e-07 
1197.53 5.06478e-07 
1197.54 5.19849e-07 
1197.55 5.33746e-07 
1197.56 5.48172e-07 
1197.57 5.63134e-07 
1197.58 5.78636e-07 
1197.59 5.94681e-07 
1197.6 6.11272e-07 
1197.61 6.288e-07 
1197.62 6.465e-07 
1197.63 6.64749e-07 
1197.64 6.83549e-07 
1197.65 7.02896e-07 
1197.66 7.22789e-07 
1197.67 7.43225e-07 
1197.68 7.642e-07 
1197.69 7.85707e-07 
1197.7 8.07742e-07 
1197.71 8.30296e-07 
1197.72 8.53362e-07 
1197.73 8.77228e-07 
1197.74 9.01294e-07 
1197.75 9.25841e-07 
1197.76 9.50855e-07 
1197.77 9.76323e-07 
1197.78 1.00223e-06 
1197.79 1.02856e-06 
1197.8 1.0553e-06 
1197.81 1.08243e-06 
1197.82 1.10992e-06 
1197.83 1.13777e-06 
1197.84 1.16595e-06 
1197.85 1.19443e-06 
1197.86 1.22319e-06 
1197.87 1.25222e-06 
1197.88 1.28147e-06 
1197.88 1.31094e-06 
1197.89 1.34059e-06 
1197.9 1.37039e-06 
1197.91 1.40031e-06 
1197.92 1.43033e-06 
1197.93 1.46042e-06 
1197.94 1.49054e-06 
1197.95 1.52066e-06 
1197.96 1.55075e-06 
1197.97 1.58077e-06 
1197.98 1.61108e-06 
1197.99 1.64088e-06 
1198 1.67051e-06 
1198.01 1.69995e-06 
1198.02 1.72915e-06 
1198.03 1.75808e-06 
1198.04 1.78671e-06 
1198.05 1.81499e-06 
1198.06 1.84291e-06 
1198.07 1.87041e-06 
1198.08 1.89746e-06 
1198.09 1.92404e-06 
1198.1 1.9501e-06 
1198.11 1.97561e-06 
1198.12 2.00054e-06 
1198.13 2.02485e-06 
1198.14 2.04851e-06 
1198.15 2.07149e-06 
1198.16 2.09376e-06 
1198.17 2.11528e-06 
1198.18 2.13603e-06 
1198.19 2.15598e-06 
1198.2 2.17509e-06 
1198.21 2.19335e-06 
1198.22 2.21072e-06 
1198.23 2.22738e-06 
1198.24 2.2429e-06 
1198.25 2.25747e-06 
1198.26 2.27106e-06 
1198.27 2.28365e-06 
1198.28 2.29523e-06 
1198.29 2.30578e-06 
1198.3 2.31529e-06 
1198.3 2.32373e-06 
1198.31 2.33111e-06 
1198.32 2.33741e-06 
1198.33 2.34261e-06 
1198.34 2.34672e-06 
1198.35 2.34973e-06 
1198.36 2.35163e-06 
1198.37 2.35243e-06 
1198.38 2.35212e-06 
1198.39 2.35071e-06 
1198.4 2.34819e-06 
1198.41 2.34457e-06 
1198.42 2.33987e-06 
1198.43 2.33409e-06 
1198.44 2.32723e-06 
1198.45 2.31931e-06 
1198.46 2.31035e-06 
1198.47 2.30036e-06 
1198.48 2.28921e-06 
1198.49 2.2772e-06 
1198.5 2.26421e-06 
1198.51 2.25028e-06 
1198.52 2.2354e-06 
1198.53 2.21963e-06 
1198.54 2.20297e-06 
1198.55 2.18546e-06 
1198.56 2.16713e-06 
1198.57 2.148e-06 
1198.58 2.1281e-06 
1198.59 2.10747e-06 
1198.6 2.08614e-06 
1198.61 2.06542e-06 
1198.62 2.04277e-06 
1198.63 2.01953e-06 
1198.64 1.99572e-06 
1198.65 1.97139e-06 
1198.66 1.94657e-06 
1198.67 1.92129e-06 
1198.68 1.89561e-06 
1198.69 1.86954e-06 
1198.7 1.84314e-06 
1198.71 1.81645e-06 
1198.72 1.78949e-06 
1198.73 1.76198e-06 
1198.73 1.73462e-06 
1198.74 1.70712e-06 
1198.75 1.67953e-06 
1198.76 1.65186e-06 
1198.77 1.62418e-06 
1198.78 1.59651e-06 
1198.79 1.56889e-06 
1198.8 1.54135e-06 
1198.81 1.51395e-06 
1198.82 1.4867e-06 
1198.83 1.45965e-06 
1198.84 1.43283e-06 
1198.85 1.40628e-06 
1198.86 1.38003e-06 
1198.87 1.35411e-06 
1198.88 1.32855e-06 
1198.89 1.30338e-06 
1198.9 1.27864e-06 
1198.91 1.25435e-06 
1198.92 1.23053e-06 
1198.93 1.20723e-06 
1198.94 1.18445e-06 
1198.95 1.16223e-06 
1198.96 1.14058e-06 
1198.97 1.11953e-06 
1198.98 1.09886e-06 
1198.99 1.07908e-06 
1199 1.05996e-06 
1199.01 1.04151e-06 
1199.02 1.02375e-06 
1199.03 1.0067e-06 
1199.04 9.90357e-07 
1199.05 9.74747e-07 
1199.06 9.59875e-07 
1199.07 9.4575e-07 
1199.08 9.32379e-07 
1199.09 9.19769e-07 
1199.1 9.07924e-07 
1199.11 8.96849e-07 
1199.12 8.86545e-07 
1199.13 8.77014e-07 
1199.14 8.68255e-07 
1199.15 8.60266e-07 
1199.15 8.53046e-07 
1199.16 8.46588e-07 
1199.17 8.4089e-07 
1199.18 8.35944e-07 
1199.19 8.31741e-07 
1199.2 8.28275e-07 
1199.21 8.25534e-07 
1199.22 8.2349e-07 
1199.23 8.22171e-07 
1199.24 8.21544e-07 
1199.25 8.21592e-07 
1199.26 8.22299e-07 
1199.27 8.2365e-07 
1199.28 8.25626e-07 
1199.29 8.28211e-07 
1199.3 8.31384e-07 
1199.31 8.35127e-07 
1199.32 8.39418e-07 
1199.33 8.44237e-07 
1199.34 8.49561e-07 
1199.35 8.55367e-07 
1199.36 8.61633e-07 
1199.37 8.68334e-07 
1199.38 8.75446e-07 
1199.39 8.82943e-07 
1199.4 8.90801e-07 
1199.41 8.98993e-07 
1199.42 9.07493e-07 
1199.43 9.16275e-07 
1199.44 9.25311e-07 
1199.45 9.34574e-07 
1199.46 9.44037e-07 
1199.47 9.53673e-07 
1199.48 9.63577e-07 
1199.49 9.73476e-07 
1199.5 9.83464e-07 
1199.51 9.93514e-07 
1199.52 1.0036e-06 
1199.53 1.01369e-06 
1199.54 1.02376e-06 
1199.55 1.03378e-06 
1199.56 1.04373e-06 
1199.57 1.05358e-06 
1199.58 1.0633e-06 
1199.58 1.07287e-06 
1199.59 1.08227e-06 
1199.6 1.09146e-06 
1199.61 1.10111e-06 
1199.62 1.10983e-06 
1199.63 1.11829e-06 
1199.64 1.12645e-06 
1199.65 1.13429e-06 
1199.66 1.1418e-06 
1199.67 1.14895e-06 
1199.68 1.15573e-06 
1199.69 1.16212e-06 
1199.7 1.1681e-06 
1199.71 1.17365e-06 
1199.72 1.17877e-06 
1199.73 1.18348e-06 
1199.74 1.18766e-06 
1199.75 1.19137e-06 
1199.76 1.19458e-06 
1199.77 1.19729e-06 
1199.78 1.19949e-06 
1199.79 1.20117e-06 
1199.8 1.20233e-06 
1199.81 1.20296e-06 
1199.82 1.20305e-06 
1199.83 1.2026e-06 
1199.84 1.20162e-06 
1199.85 1.20009e-06 
1199.86 1.19802e-06 
1199.87 1.19542e-06 
1199.88 1.19227e-06 
1199.89 1.1886e-06 
1199.9 1.18439e-06 
1199.91 1.17967e-06 
1199.92 1.17443e-06 
1199.93 1.16869e-06 
1199.94 1.16245e-06 
1199.95 1.15572e-06 
1199.96 1.14852e-06 
1199.97 1.14086e-06 
1199.98 1.13265e-06 
1199.99 1.1241e-06 
1200 1.11515e-06 
1200.01 1.10579e-06 
1200.01 1.09605e-06 
1200.02 1.08595e-06 
1200.03 1.07552e-06 
1200.04 1.06476e-06 
1200.05 1.0537e-06 
1200.06 1.04237e-06 
1200.07 1.0308e-06 
1200.08 1.01899e-06 
1200.09 1.00698e-06 
1200.1 9.94805e-07 
1200.11 9.82479e-07 
1200.12 9.70036e-07 
1200.13 9.57502e-07 
1200.14 9.4491e-07 
1200.15 9.32288e-07 
1200.16 9.19668e-07 
1200.17 9.07082e-07 
1200.18 8.94563e-07 
1200.19 8.82144e-07 
1200.2 8.69859e-07 
1200.21 8.57743e-07 
1200.22 8.45832e-07 
1200.23 8.34017e-07 
1200.24 8.22628e-07 
1200.25 8.11554e-07 
1200.26 8.00834e-07 
1200.27 7.90506e-07 
1200.28 7.80611e-07 
1200.29 7.71188e-07 
1200.3 7.62278e-07 
1200.31 7.53922e-07 
1200.32 7.46162e-07 
1200.33 7.39042e-07 
1200.34 7.32603e-07 
1200.35 7.26891e-07 
1200.36 7.21949e-07 
1200.37 7.17822e-07 
1200.38 7.14556e-07 
1200.39 7.12196e-07 
1200.4 7.1079e-07 
1200.41 7.10385e-07 
1200.42 7.11027e-07 
1200.43 7.12765e-07 
1200.43 7.15648e-07 
1200.44 7.19723e-07 
1200.45 7.25041e-07 
1200.46 7.3165e-07 
1200.47 7.396e-07 
1200.48 7.49067e-07 
1200.49 7.59867e-07 
1200.5 7.72159e-07 
1200.51 7.85992e-07 
1200.52 8.01416e-07 
1200.53 8.18482e-07 
1200.54 8.37239e-07 
1200.55 8.57736e-07 
1200.56 8.80021e-07 
1200.57 9.04144e-07 
1200.58 9.30152e-07 
1200.59 9.58092e-07 
1200.6 9.88009e-07 
1200.61 1.02058e-06 
1200.62 1.05461e-06 
1200.63 1.09075e-06 
1200.64 1.12904e-06 
1200.65 1.16952e-06 
1200.66 1.21223e-06 
1200.67 1.25721e-06 
1200.68 1.30449e-06 
1200.69 1.3541e-06 
1200.7 1.40607e-06 
1200.71 1.46043e-06 
1200.72 1.5172e-06 
1200.73 1.57716e-06 
1200.74 1.63884e-06 
1200.75 1.703e-06 
1200.76 1.76963e-06 
1200.77 1.83874e-06 
1200.78 1.91035e-06 
1200.79 1.98444e-06 
1200.8 2.06102e-06 
1200.81 2.14008e-06 
1200.82 2.2216e-06 
1200.83 2.30557e-06 
1200.84 2.39196e-06 
1200.85 2.48074e-06 
1200.85 2.57189e-06 
1200.86 2.66537e-06 
1200.87 2.76113e-06 
1200.88 2.85912e-06 
1200.89 2.95929e-06 
1200.9 3.06158e-06 
1200.91 3.16593e-06 
1200.92 3.27226e-06 
1200.93 3.3805e-06 
1200.94 3.49057e-06 
1200.95 3.60237e-06 
1200.96 3.71582e-06 
1200.97 3.83081e-06 
1200.98 3.9487e-06 
1200.99 4.06647e-06 
1201 4.18545e-06 
1201.01 4.30552e-06 
1201.02 4.42656e-06 
1201.03 4.54842e-06 
1201.04 4.67097e-06 
1201.05 4.79407e-06 
1201.06 4.91758e-06 
1201.07 5.04134e-06 
1201.08 5.1652e-06 
1201.09 5.289e-06 
1201.1 5.41258e-06 
1201.11 5.53578e-06 
1201.12 5.65842e-06 
1201.13 5.78033e-06 
1201.14 5.90136e-06 
1201.15 6.02131e-06 
1201.16 6.14001e-06 
1201.17 6.2573e-06 
1201.18 6.37298e-06 
1201.19 6.48689e-06 
1201.2 6.59884e-06 
1201.21 6.70867e-06 
1201.22 6.81618e-06 
1201.23 6.92252e-06 
1201.24 7.02488e-06 
1201.25 7.12442e-06 
1201.26 7.22097e-06 
1201.27 7.31437e-06 
1201.28 7.40446e-06 
1201.28 7.49109e-06 
1201.29 7.57411e-06 
1201.3 7.65337e-06 
1201.31 7.72873e-06 
1201.32 7.80007e-06 
1201.33 7.86724e-06 
1201.34 7.93014e-06 
1201.35 7.98865e-06 
1201.36 8.04267e-06 
1201.37 8.09208e-06 
1201.38 8.13682e-06 
1201.39 8.17678e-06 
1201.4 8.2119e-06 
1201.41 8.24212e-06 
1201.42 8.26738e-06 
1201.43 8.28763e-06 
1201.44 8.30282e-06 
1201.45 8.31295e-06 
1201.46 8.31797e-06 
1201.47 8.31789e-06 
1201.48 8.31261e-06 
1201.49 8.30227e-06 
1201.5 8.28684e-06 
1201.51 8.26637e-06 
1201.52 8.24088e-06 
1201.53 8.21042e-06 
1201.54 8.17506e-06 
1201.55 8.13485e-06 
1201.56 8.08986e-06 
1201.57 8.04018e-06 
1201.58 7.98589e-06 
1201.59 7.9271e-06 
1201.6 7.86391e-06 
1201.61 7.80124e-06 
1201.62 7.72954e-06 
1201.63 7.6538e-06 
1201.64 7.57414e-06 
1201.65 7.49071e-06 
1201.66 7.40364e-06 
1201.67 7.31309e-06 
1201.68 7.2192e-06 
1201.69 7.12215e-06 
1201.7 7.02207e-06 
1201.7 6.91915e-06 
1201.71 6.81355e-06 
1201.72 6.70407e-06 
1201.73 6.59359e-06 
1201.74 6.48095e-06 
1201.75 6.36631e-06 
1201.76 6.24986e-06 
1201.77 6.13177e-06 
1201.78 6.01221e-06 
1201.79 5.89136e-06 
1201.8 5.76939e-06 
1201.81 5.64647e-06 
1201.82 5.52278e-06 
1201.83 5.39847e-06 
1201.84 5.27372e-06 
1201.85 5.14869e-06 
1201.86 5.02353e-06 
1201.87 4.8984e-06 
1201.88 4.77345e-06 
1201.89 4.64883e-06 
1201.9 4.52468e-06 
1201.91 4.40114e-06 
1201.92 4.27834e-06 
1201.93 4.15641e-06 
1201.94 4.03548e-06 
1201.95 3.91565e-06 
1201.96 3.79705e-06 
1201.97 3.67978e-06 
1201.98 3.5625e-06 
1201.99 3.4482e-06 
1202 3.33551e-06 
1202.01 3.22453e-06 
1202.02 3.11533e-06 
1202.03 3.00797e-06 
1202.04 2.90252e-06 
1202.05 2.79906e-06 
1202.06 2.69762e-06 
1202.07 2.59826e-06 
1202.08 2.50102e-06 
1202.09 2.40594e-06 
1202.1 2.31305e-06 
1202.11 2.22238e-06 
1202.12 2.13395e-06 
1202.13 2.04778e-06 
1202.13 1.96389e-06 
1202.14 1.88227e-06 
1202.15 1.80294e-06 
1202.16 1.72589e-06 
1202.17 1.65111e-06 
1202.18 1.57861e-06 
1202.19 1.50836e-06 
1202.2 1.44035e-06 
1202.21 1.37456e-06 
1202.22 1.3102e-06 
1202.23 1.2488e-06 
1202.24 1.18956e-06 
1202.25 1.13243e-06 
1202.26 1.07738e-06 
1202.27 1.02438e-06 
1202.28 9.73382e-07 
1202.29 9.24358e-07 
1202.3 8.77263e-07 
1202.31 8.32056e-07 
1202.32 7.88694e-07 
1202.33 7.47132e-07 
1202.34 7.07325e-07 
1202.35 6.69227e-07 
1202.36 6.32792e-07 
1202.37 5.97974e-07 
1202.38 5.64723e-07 
1202.39 5.32994e-07 
1202.4 5.02738e-07 
1202.41 4.73908e-07 
1202.42 4.46457e-07 
1202.43 4.20338e-07 
1202.44 3.95503e-07 
1202.45 3.71907e-07 
1202.46 3.49504e-07 
1202.47 3.28248e-07 
1202.48 3.07851e-07 
1202.49 2.88771e-07 
1202.5 2.70707e-07 
1202.51 2.53617e-07 
1202.52 2.3746e-07 
1202.53 2.22196e-07 
1202.54 2.07785e-07 
1202.55 1.94189e-07 
1202.56 1.81371e-07 
1202.56 1.69295e-07 
1202.57 1.57927e-07 
1202.58 1.47231e-07 
1202.59 1.37175e-07 
1202.6 1.27727e-07 
1202.61 1.1893e-07 
1202.62 1.10603e-07 
1202.63 1.02796e-07 
1202.64 9.54807e-08 
1202.65 8.86317e-08 
1202.66 8.22235e-08 
1202.67 7.62317e-08 
1202.68 7.06331e-08 
1202.69 6.54054e-08 
1202.7 6.05275e-08 
1202.71 5.59789e-08 
1202.72 5.17403e-08 
1202.73 4.77456e-08 
1202.74 4.40759e-08 
1202.75 4.06632e-08 
1202.76 3.74916e-08 
1202.77 3.45462e-08 
1202.78 3.18126e-08 
1202.79 2.92773e-08 
1202.8 2.69275e-08 
1202.81 2.47511e-08 
1202.82 2.27366e-08 
1202.83 2.08732e-08 
1202.84 1.91508e-08 
1202.85 1.75597e-08 
1202.86 1.60909e-08 
1202.87 1.47359e-08 
1202.88 1.34867e-08 
1202.89 1.23358e-08 
1202.9 1.12762e-08 
1202.91 1.03012e-08 
1202.92 9.4048e-09 
1202.93 8.58111e-09 
1202.94 7.82474e-09 
1202.95 7.13066e-09 
1202.96 6.49415e-09 
1202.97 5.91083e-09 
1202.98 5.37659e-09 
1202.98 4.88179e-09 
1202.99 4.43507e-09 
1203 4.02675e-09 
1203.01 3.65378e-09 
1203.02 3.31331e-09 
1203.03 3.00272e-09 
1203.04 2.71958e-09 
1203.05 2.46162e-09 
1203.06 2.22676e-09 
1203.07 2.01307e-09 
1203.08 1.81876e-09 
1203.09 1.6422e-09 
1203.1 1.48187e-09 
1203.11 1.33637e-09 
1203.12 1.20442e-09 
1203.13 1.08483e-09 
1203.14 9.76511e-10 
1203.15 8.78468e-10 
1203.16 7.89783e-10 
1203.17 7.09615e-10 
1203.18 6.37193e-10 
1203.19 5.7181e-10 
1203.2 5.12821e-10 
1203.21 4.59634e-10 
1203.22 4.11711e-10 
1203.23 3.68046e-10 
1203.24 3.29264e-10 
1203.25 2.94388e-10 
1203.26 2.63044e-10 
1203.27 2.34893e-10 
1203.28 2.09625e-10 
1203.29 1.86961e-10 
1203.3 1.66645e-10 
1203.31 1.48445e-10 
1203.32 1.32151e-10 
1203.33 1.17574e-10 
1203.34 1.0454e-10 
1203.35 9.2894e-11 
1203.36 8.24947e-11 
1203.37 7.32145e-11 
1203.38 6.49383e-11 
1203.39 5.75623e-11 
1203.4 5.09927e-11 
1203.41 4.51452e-11 
1203.41 3.99436e-11 
1203.42 3.53196e-11 
1203.43 3.12118e-11 
1203.44 2.75647e-11 
1203.45 2.43288e-11 
1203.46 2.14596e-11 
1203.47 1.89172e-11 
1203.48 1.66392e-11 
1203.49 1.46497e-11 
1203.5 1.28902e-11 
1203.51 1.1335e-11 
1203.52 9.96133e-12 
1203.53 8.74874e-12 
1203.54 7.67904e-12 
1203.55 6.73599e-12 
1203.56 5.90512e-12 
1203.57 5.17356e-12 
1203.58 4.52984e-12 
1203.59 3.96377e-12 
1203.6 3.46631e-12 
1203.61 3.03129e-12 
1203.62 2.64761e-12 
1203.63 2.31106e-12 
1203.64 2.01606e-12 
1203.65 1.75763e-12 
1203.66 1.53138e-12 
1203.67 1.33344e-12 
1203.68 1.16037e-12 
1203.69 1.00914e-12 
1203.7 8.77086e-13 
1203.71 7.61841e-13 
1203.72 6.61332e-13 
1203.73 5.72709e-13 
1203.74 4.96537e-13 
1203.75 4.30232e-13 
1203.76 3.72551e-13 
1203.77 3.22406e-13 
1203.78 2.78838e-13 
1203.79 2.4101e-13 
1203.8 2.08185e-13 
1203.81 1.79721e-13 
1203.82 1.55053e-13 
1203.83 1.33689e-13 
1203.83 1.15197e-13 
1203.84 9.92025e-14 
1203.85 8.5376e-14 
1203.86 7.34315e-14 
1203.87 6.31192e-14 
1203.88 5.42218e-14 
1203.89 4.655e-14 
1203.9 3.9939e-14 
1203.91 3.42459e-14 
1203.92 2.93463e-14 
1203.93 2.51322e-14 
1203.94 2.151e-14 
1203.95 1.83986e-14 
1203.96 1.57275e-14 
1203.97 1.3436e-14 
1203.98 1.14486e-14 
1203.99 9.76839e-15 
1204 8.32967e-15 
1204.01 7.09848e-15 
1204.02 6.04555e-15 
1204.03 5.14564e-15 
1204.04 4.377e-15 
1204.05 3.72088e-15 
1204.06 3.16118e-15 
1204.07 2.68401e-15 
1204.08 2.27747e-15 
1204.09 1.93132e-15 
1204.1 1.63677e-15 
1204.11 1.3863e-15 
1204.12 1.17343e-15 
1204.13 9.92636e-16 
1204.14 8.39183e-16 
1204.15 7.09016e-16 
1204.16 5.98671e-16 
1204.17 5.05189e-16 
1204.18 4.26042e-16 
1204.19 3.59073e-16 
1204.2 3.02446e-16 
1204.21 2.54592e-16 
1204.22 2.14178e-16 
1204.23 1.79678e-16 
1204.24 1.50969e-16 
1204.25 1.26769e-16 
1204.26 1.06383e-16 
1204.26 8.92204e-17 
1204.27 7.47806e-17 
1204.28 6.26393e-17 
1204.29 5.2437e-17 
1204.3 4.38694e-17 
1204.31 3.6679e-17 
1204.32 3.06484e-17 
1204.33 2.55935e-17 
1204.34 2.13592e-17 
1204.35 1.78145e-17 
1204.36 1.4849e-17 
1204.37 1.23695e-17 
1204.38 1.02977e-17 
1204.39 8.56759e-18 
1204.4 7.12381e-18 
1204.41 5.91969e-18 
1204.42 4.91607e-18 
1204.43 4.0801e-18 
1204.44 3.3842e-18 
1204.45 2.80527e-18 
1204.46 2.32395e-18 
1204.47 1.92402e-18 
1204.48 1.58817e-18 
1204.49 1.31324e-18 
1204.5 1.08524e-18 
1204.51 8.96267e-19 
1204.52 7.39747e-19 
1204.53 6.10186e-19 
1204.54 5.03007e-19 
1204.55 4.14399e-19 
1204.56 3.4119e-19 
1204.57 2.80742e-19 
1204.58 2.30861e-19 
1204.59 1.89726e-19 
1204.6 1.55825e-19 
1204.61 1.27903e-19 
1204.62 1.04984e-19 
1204.63 8.60661e-20 
1204.64 7.05137e-20 
1204.65 5.77362e-20 
1204.66 4.7245e-20 
1204.67 3.86364e-20 
1204.68 3.1577e-20 
1204.68 2.57915e-20 
1204.69 2.10531e-20 
1204.7 1.71747e-20 
1204.71 1.40021e-20 
1204.72 1.13794e-20 
1204.73 9.26589e-21 
1204.74 7.54029e-21 
1204.75 6.13228e-21 
1204.76 4.98413e-21 
1204.77 4.04845e-21 
1204.78 3.28641e-21 
1204.79 2.66617e-21 
1204.8 2.16166e-21 
1204.81 1.75154e-21 
1204.82 1.41835e-21 
1204.83 1.14784e-21 
1204.84 9.28352e-22 
1204.85 7.50372e-22 
1204.86 6.06141e-22 
1204.87 4.89332e-22 
1204.88 3.9479e-22 
1204.89 3.18318e-22 
1204.9 2.56502e-22 
1204.91 2.06563e-22 
1204.92 1.66244e-22 
1204.93 1.33713e-22 
1204.94 1.07482e-22 
1204.95 8.63434e-23 
1204.96 6.93195e-23 
1204.97 5.5618e-23 
1204.98 4.44741e-23 
1204.99 3.56393e-23 
1205 2.8542e-23 
1205.01 2.2844e-23 
1205.02 1.82723e-23 
1205.03 1.46066e-23 
1205.04 1.1669e-23 
1205.05 9.31655e-24 
1205.06 7.43375e-24 
1205.07 5.92781e-24 
1205.08 4.72404e-24 
1205.09 3.7624e-24 
1205.1 2.99468e-24 
1205.11 2.38214e-24 
1205.11 1.89373e-24 
1205.12 1.50454e-24 
1205.13 1.19459e-24 
1205.14 9.47916e-25 
1205.15 7.51714e-25 
1205.16 5.95756e-25 
1205.17 4.71864e-25 
1205.18 3.73507e-25 
1205.19 2.9547e-25 
1205.2 2.33594e-25 
1205.21 1.84562e-25 
1205.22 1.45349e-25 
1205.23 1.14661e-25 
1205.24 9.04256e-26 
1205.25 7.1269e-26 
1205.26 5.61362e-26 
1205.27 4.41894e-26 
1205.28 3.47637e-26 
1205.29 2.73318e-26 
1205.3 2.14754e-26 
1205.31 1.68635e-26 
1205.32 1.32339e-26 
1205.33 1.03792e-26 
1205.34 8.1352e-27 
1205.35 6.37246e-27 
1205.36 4.98861e-27 
1205.37 3.90287e-27 
1205.38 3.05156e-27 
1205.39 2.38448e-27 
1205.4 1.86208e-27 
1205.41 1.45323e-27 
1205.42 1.13346e-27 
1205.43 8.83501e-28 
1205.44 6.88245e-28 
1205.45 5.35811e-28 
1205.46 4.16883e-28 
1205.47 3.24152e-28 
1205.48 2.51191e-28 
1205.49 1.95004e-28 
1205.5 1.51347e-28 
1205.51 1.17392e-28 
1205.52 9.09983e-29 
1205.53 7.04957e-29 
1205.54 5.45789e-29 
1205.54 4.22299e-29 
1205.55 3.26549e-29 
1205.56 2.52354e-29 
1205.57 1.94896e-29 
1205.58 1.50429e-29 
1205.59 1.16036e-29 
1205.6 8.94508e-30 
1205.61 6.89569e-30 
1205.62 5.3093e-30 
1205.63 4.08535e-30 
1205.64 3.14162e-30 
1205.65 2.41442e-30 
1205.66 1.8544e-30 
1205.67 1.4234e-30 
1205.68 1.0919e-30 
1205.69 8.37094e-31 
1205.7 6.41353e-31 
1205.71 4.91081e-31 
1205.72 3.75787e-31 
1205.73 2.86422e-31 
1205.74 2.18906e-31 
1205.75 1.67202e-31 
1205.76 1.27632e-31 
1205.77 9.73667e-32 
1205.78 7.42325e-32 
1205.79 5.65601e-32 
1205.8 4.30685e-32 
1205.81 3.2775e-32 
1205.82 2.49263e-32 
1205.83 1.89455e-32 
1205.84 1.43909e-32 
1205.85 1.09245e-32 
1205.86 8.28798e-33 
1205.87 6.28389e-33 
1205.88 4.76148e-33 
1205.89 3.60569e-33 
1205.9 2.72877e-33 
1205.91 2.06386e-33 
1205.92 1.56e-33 
1205.93 1.17843e-33 
1205.94 8.8964e-34 
1205.95 6.7121e-34 
1205.96 5.06099e-34 
1205.96 3.81369e-34 
1205.97 2.87203e-34 
1205.98 2.15387e-34 
1205.99 1.62004e-34 
1206 1.21777e-34 
1206.01 9.1482e-35 
1206.02 6.86816e-35 
1206.03 5.15321e-35 
1206.04 3.8641e-35 
1206.05 2.89569e-35 
1206.06 2.16864e-35 
1206.07 1.62315e-35 
1206.08 1.21412e-35 
1206.09 9.07603e-36 
1206.1 6.78054e-36 
1206.11 5.06251e-36 
1206.12 3.77746e-36 
1206.13 2.81687e-36 
1206.14 2.09927e-36 
1206.15 1.56351e-36 
1206.16 1.16377e-36 
1206.17 8.65698e-37 
1206.18 6.43574e-37 
1206.19 4.7815e-37 
1206.2 3.55028e-37 
1206.21 2.63447e-37 
1206.22 1.9537e-37 
1206.23 1.44254e-37 
1206.24 1.06845e-37 
1206.25 7.90884e-38 
1206.26 5.85067e-38 
1206.27 4.32545e-38 
1206.28 3.19588e-38 
1206.29 2.35984e-38 
1206.3 1.74143e-38 
1206.31 1.28429e-38 
1206.32 9.46574e-39 
1206.33 6.97234e-39 
1206.34 5.13257e-39 
1206.35 3.77593e-39 
1206.36 2.77618e-39 
1206.37 2.03987e-39 
1206.38 1.49793e-39 
1206.39 1.09929e-39 
1206.39 8.06244e-40 
1206.4 5.90954e-40 
1206.41 4.32886e-40 
1206.42 3.16904e-40 
1206.43 2.31853e-40 
1206.44 1.69525e-40 
1206.45 1.23876e-40 
1206.46 9.04636e-41 
1206.47 6.60222e-41 
1206.48 4.7965e-41 
1206.49 3.49624e-41 
1206.5 2.547e-41 
1206.51 1.8542e-41 
1206.52 1.34903e-41 
1206.53 9.81049e-42 
1206.54 7.127e-42 
1206.55 5.1778e-42 
1206.56 3.75688e-42 
1206.57 2.72693e-42 
1206.58 1.97583e-42 
1206.59 1.43073e-42 
1206.6 0 
