#energy geo_1 
1186.6 0 
1186.61 0 
1186.62 0 
1186.63 0 
1186.64 0 
1186.65 0 
1186.66 0 
1186.67 0 
1186.68 0 
1186.69 0 
1186.7 0 
1186.71 0 
1186.72 0 
1186.73 0 
1186.74 0 
1186.75 0 
1186.76 0 
1186.77 0 
1186.78 0 
1186.79 0 
1186.8 0 
1186.81 0 
1186.81 0 
1186.82 0 
1186.83 0 
1186.84 0 
1186.85 0 
1186.86 0 
1186.87 0 
1186.88 0 
1186.89 0 
1186.9 0 
1186.91 0 
1186.92 0 
1186.93 0 
1186.94 0 
1186.95 0 
1186.96 0 
1186.97 0 
1186.98 0 
1186.99 0 
1187 0 
1187.01 0 
1187.02 1.4013e-45 
1187.03 1.4013e-45 
1187.04 1.4013e-45 
1187.05 1.4013e-45 
1187.06 1.4013e-45 
1187.07 2.8026e-45 
1187.08 2.8026e-45 
1187.09 2.8026e-45 
1187.1 2.8026e-45 
1187.11 4.2039e-45 
1187.12 5.60519e-45 
1187.13 7.00649e-45 
1187.14 8.40779e-45 
1187.15 1.12104e-44 
1187.16 1.4013e-44 
1187.17 1.82169e-44 
1187.18 2.24208e-44 
1187.19 2.66247e-44 
1187.2 3.36312e-44 
1187.21 4.2039e-44 
1187.22 5.1848e-44 
1187.23 6.44597e-44 
1187.24 8.12753e-44 
1187.24 1.00893e-43 
1187.25 1.26117e-43 
1187.26 1.55544e-43 
1187.27 1.93379e-43 
1187.28 2.42425e-43 
1187.29 3.01279e-43 
1187.3 3.75548e-43 
1187.31 4.65231e-43 
1187.32 5.78736e-43 
1187.33 7.18866e-43 
1187.34 8.92627e-43 
1187.35 1.11123e-42 
1187.36 1.37748e-42 
1187.37 1.71099e-42 
1187.38 2.12157e-42 
1187.39 2.63164e-42 
1187.4 3.26362e-42 
1187.41 4.04695e-42 
1187.42 5.01665e-42 
1187.43 6.21476e-42 
1187.44 7.69873e-42 
1187.45 9.53443e-42 
1187.46 1.18031e-41 
1187.47 1.46071e-41 
1187.48 1.81216e-41 
1187.49 2.2418e-41 
1187.5 2.77219e-41 
1187.51 3.42702e-41 
1187.52 4.2357e-41 
1187.53 5.23343e-41 
1187.54 6.46447e-41 
1187.55 7.98292e-41 
1187.56 9.85519e-41 
1187.57 1.21631e-40 
1187.58 1.50075e-40 
1187.59 1.8512e-40 
1187.6 2.28279e-40 
1187.61 2.81599e-40 
1187.62 3.47061e-40 
1187.63 4.27617e-40 
1187.64 5.26727e-40 
1187.65 6.48625e-40 
1187.66 7.98506e-40 
1187.66 9.82747e-40 
1187.67 1.20916e-39 
1187.68 1.48732e-39 
1187.69 1.82895e-39 
1187.7 2.24842e-39 
1187.71 2.76331e-39 
1187.72 3.39518e-39 
1187.73 4.18107e-39 
1187.74 5.13422e-39 
1187.75 6.30288e-39 
1187.76 7.73538e-39 
1187.77 9.49079e-39 
1187.78 1.16413e-38 
1187.79 1.42751e-38 
1187.8 1.74998e-38 
1187.81 2.1447e-38 
1187.82 2.62771e-38 
1187.83 3.2186e-38 
1187.84 3.94125e-38 
1187.85 4.82481e-38 
1187.86 5.90478e-38 
1187.87 7.22445e-38 
1187.88 8.83659e-38 
1187.89 1.08054e-37 
1187.9 1.32093e-37 
1187.91 1.61433e-37 
1187.92 1.97235e-37 
1187.93 2.4091e-37 
1187.94 2.94173e-37 
1187.95 3.59111e-37 
1187.96 4.38262e-37 
1187.97 5.34707e-37 
1187.98 6.53813e-37 
1187.99 7.97243e-37 
1188 9.71865e-37 
1188.01 1.1844e-36 
1188.02 1.44301e-36 
1188.03 1.7576e-36 
1188.04 2.14017e-36 
1188.05 2.60527e-36 
1188.06 3.17057e-36 
1188.07 3.85743e-36 
1188.08 4.69179e-36 
1188.09 5.70501e-36 
1188.09 6.93509e-36 
1188.1 8.42803e-36 
1188.11 1.02395e-35 
1188.12 1.24368e-35 
1188.13 1.51014e-35 
1188.14 1.83317e-35 
1188.15 2.22468e-35 
1188.16 2.69905e-35 
1188.17 3.27364e-35 
1188.18 3.96944e-35 
1188.19 4.81179e-35 
1188.2 5.83124e-35 
1188.21 7.06471e-35 
1188.22 8.55668e-35 
1188.23 1.03856e-34 
1188.24 1.25718e-34 
1188.25 1.52139e-34 
1188.26 1.84062e-34 
1188.27 2.2262e-34 
1188.28 2.69179e-34 
1188.29 3.25385e-34 
1188.3 3.93216e-34 
1188.31 4.75055e-34 
1188.32 5.73765e-34 
1188.33 6.92791e-34 
1188.34 8.36275e-34 
1188.35 1.00919e-33 
1188.36 1.21752e-33 
1188.37 1.46844e-33 
1188.38 1.77058e-33 
1188.39 2.13429e-33 
1188.4 2.57198e-33 
1188.41 3.09856e-33 
1188.42 3.73191e-33 
1188.43 4.49346e-33 
1188.44 5.40889e-33 
1188.45 6.50899e-33 
1188.46 7.83064e-33 
1188.47 9.418e-33 
1188.48 1.13501e-32 
1188.49 1.36431e-32 
1188.5 1.63949e-32 
1188.51 1.96961e-32 
1188.52 2.36554e-32 
1188.52 2.84027e-32 
1188.53 3.40931e-32 
1188.54 4.0912e-32 
1188.55 4.9081e-32 
1188.56 5.88646e-32 
1188.57 7.05786e-32 
1188.58 8.46e-32 
1188.59 1.01378e-31 
1188.6 1.21526e-31 
1188.61 1.45546e-31 
1188.62 1.74265e-31 
1188.63 2.08592e-31 
1188.64 2.49611e-31 
1188.65 2.98612e-31 
1188.66 3.57132e-31 
1188.67 4.27e-31 
1188.68 5.10395e-31 
1188.69 6.09905e-31 
1188.7 7.28611e-31 
1188.71 8.70178e-31 
1188.72 1.03896e-30 
1188.73 1.24287e-30 
1188.74 1.4831e-30 
1188.75 1.76927e-30 
1188.76 2.11006e-30 
1188.77 2.51579e-30 
1188.78 2.99869e-30 
1188.79 3.57327e-30 
1188.8 4.25676e-30 
1188.81 5.06957e-30 
1188.82 6.03587e-30 
1188.83 7.18435e-30 
1188.84 8.54896e-30 
1188.85 1.01699e-29 
1188.86 1.20948e-29 
1188.87 1.438e-29 
1188.88 1.70921e-29 
1188.89 2.03101e-29 
1188.9 2.41272e-29 
1188.91 2.86536e-29 
1188.92 3.40196e-29 
1188.93 4.03791e-29 
1188.94 4.79141e-29 
1188.94 5.68392e-29 
1188.95 6.74079e-29 
1188.96 7.99192e-29 
1188.97 9.47261e-29 
1188.98 1.12483e-28 
1188.99 1.33248e-28 
1189 1.57802e-28 
1189.01 1.86828e-28 
1189.02 2.21131e-28 
1189.03 2.61658e-28 
1189.04 3.09527e-28 
1189.05 3.6605e-28 
1189.06 4.32773e-28 
1189.07 5.11515e-28 
1189.08 6.04414e-28 
1189.09 7.13984e-28 
1189.1 8.43181e-28 
1189.11 9.95477e-28 
1189.12 1.17495e-27 
1189.13 1.38639e-27 
1189.14 1.63542e-27 
1189.15 1.92865e-27 
1189.16 2.27381e-27 
1189.17 2.67999e-27 
1189.18 3.15784e-27 
1189.19 3.71984e-27 
1189.2 4.38064e-27 
1189.21 5.15738e-27 
1189.22 6.07013e-27 
1189.23 7.15695e-27 
1189.24 8.41883e-27 
1189.25 9.90042e-27 
1189.26 1.16395e-26 
1189.27 1.36802e-26 
1189.28 1.60741e-26 
1189.29 1.88817e-26 
1189.3 2.21735e-26 
1189.31 2.60318e-26 
1189.32 3.0553e-26 
1189.33 3.58493e-26 
1189.34 4.20518e-26 
1189.35 4.93137e-26 
1189.36 5.78134e-26 
1189.36 6.7759e-26 
1189.37 7.93934e-26 
1189.38 9.29992e-26 
1189.39 1.08906e-25 
1189.4 1.27498e-25 
1189.41 1.49222e-25 
1189.42 1.74599e-25 
1189.43 2.04233e-25 
1189.44 2.3883e-25 
1189.45 2.7921e-25 
1189.46 3.26325e-25 
1189.47 3.81284e-25 
1189.48 4.46239e-25 
1189.49 5.21098e-25 
1189.5 6.08346e-25 
1189.51 7.10001e-25 
1189.52 8.28411e-25 
1189.53 9.66297e-25 
1189.54 1.12682e-24 
1189.55 1.31363e-24 
1189.56 1.53099e-24 
1189.57 1.78382e-24 
1189.58 2.07781e-24 
1189.59 2.41957e-24 
1189.6 2.81676e-24 
1189.61 3.28028e-24 
1189.62 3.81662e-24 
1189.63 4.4394e-24 
1189.64 5.16235e-24 
1189.65 6.00136e-24 
1189.66 6.97476e-24 
1189.67 8.10377e-24 
1189.68 9.41289e-24 
1189.69 1.09304e-23 
1189.7 1.26891e-23 
1189.71 1.47265e-23 
1189.72 1.70863e-23 
1189.73 1.98554e-23 
1189.74 2.30241e-23 
1189.75 2.66909e-23 
1189.76 3.0933e-23 
1189.77 3.58393e-23 
1189.78 4.15121e-23 
1189.79 4.80693e-23 
1189.79 5.56467e-23 
1189.8 6.44005e-23 
1189.81 7.45103e-23 
1189.82 8.61831e-23 
1189.83 9.96566e-23 
1189.84 1.15204e-22 
1189.85 1.3314e-22 
1189.86 1.53825e-22 
1189.87 1.77673e-22 
1189.88 2.05162e-22 
1189.89 2.36836e-22 
1189.9 2.73325e-22 
1189.91 3.15346e-22 
1189.92 3.63725e-22 
1189.93 4.19409e-22 
1189.94 4.83483e-22 
1189.95 5.57188e-22 
1189.96 6.41949e-22 
1189.97 7.39397e-22 
1189.98 8.52899e-22 
1189.99 9.81813e-22 
1190 1.1299e-21 
1190.01 1.29995e-21 
1190.02 1.49518e-21 
1190.03 1.71924e-21 
1190.04 1.97632e-21 
1190.05 2.27121e-21 
1190.06 2.60937e-21 
1190.07 2.99704e-21 
1190.08 3.44133e-21 
1190.09 3.95038e-21 
1190.1 4.53346e-21 
1190.11 5.20113e-21 
1190.12 5.96547e-21 
1190.13 6.84021e-21 
1190.14 7.84101e-21 
1190.15 8.98572e-21 
1190.16 1.02947e-20 
1190.17 1.17909e-20 
1190.18 1.35009e-20 
1190.19 1.54546e-20 
1190.2 1.76859e-20 
1190.21 2.02338e-20 
1190.21 2.31422e-20 
1190.22 2.65056e-20 
1190.23 3.02984e-20 
1190.24 3.46242e-20 
1190.25 3.95565e-20 
1190.26 4.51787e-20 
1190.27 5.15856e-20 
1190.28 5.88845e-20 
1190.29 6.71973e-20 
1190.3 7.6662e-20 
1190.31 8.74353e-20 
1190.32 9.96946e-20 
1190.33 1.13641e-19 
1190.34 1.29502e-19 
1190.35 1.47535e-19 
1190.36 1.68032e-19 
1190.37 1.91323e-19 
1190.38 2.17781e-19 
1190.39 2.47829e-19 
1190.4 2.81943e-19 
1190.41 3.20663e-19 
1190.42 3.64598e-19 
1190.43 4.14436e-19 
1190.44 4.70955e-19 
1190.45 5.35032e-19 
1190.46 6.07655e-19 
1190.47 6.89943e-19 
1190.48 7.84395e-19 
1190.49 8.90113e-19 
1190.5 1.0098e-18 
1190.51 1.14525e-18 
1190.52 1.29851e-18 
1190.53 1.47187e-18 
1190.54 1.6679e-18 
1190.55 1.88951e-18 
1190.56 2.13996e-18 
1190.57 2.42293e-18 
1190.58 2.74255e-18 
1190.59 3.10346e-18 
1190.6 3.51088e-18 
1190.61 3.97314e-18 
1190.62 4.49221e-18 
1190.63 5.07766e-18 
1190.64 5.7378e-18 
1190.64 6.48195e-18 
1190.65 7.32055e-18 
1190.66 8.26532e-18 
1190.67 9.32941e-18 
1190.68 1.05275e-17 
1190.69 1.18762e-17 
1190.7 1.33938e-17 
1190.71 1.51012e-17 
1190.72 1.70214e-17 
1190.73 1.92091e-17 
1190.74 2.16394e-17 
1190.75 2.43704e-17 
1190.76 2.74384e-17 
1190.77 3.08839e-17 
1190.78 3.47523e-17 
1190.79 3.90943e-17 
1190.8 4.39664e-17 
1190.81 4.94318e-17 
1190.82 5.55611e-17 
1190.83 6.24328e-17 
1190.84 7.01346e-17 
1190.85 7.87645e-17 
1190.86 8.84315e-17 
1190.87 9.9257e-17 
1190.88 1.11377e-16 
1190.89 1.24941e-16 
1190.9 1.40118e-16 
1190.91 1.57094e-16 
1190.92 1.76078e-16 
1190.93 1.973e-16 
1190.94 2.21018e-16 
1190.95 2.47518e-16 
1190.96 2.77117e-16 
1190.97 3.10169e-16 
1190.98 3.47553e-16 
1190.99 3.88786e-16 
1191 4.34789e-16 
1191.01 4.86099e-16 
1191.02 5.43311e-16 
1191.03 6.07087e-16 
1191.04 6.78158e-16 
1191.05 7.57337e-16 
1191.06 8.45523e-16 
1191.07 9.43713e-16 
1191.07 1.05301e-15 
1191.08 1.17464e-15 
1191.09 1.30994e-15 
1191.1 1.46042e-15 
1191.11 1.62773e-15 
1191.12 1.8137e-15 
1191.13 2.02035e-15 
1191.14 2.24992e-15 
1191.15 2.50486e-15 
1191.16 2.78791e-15 
1191.17 3.10207e-15 
1191.18 3.45067e-15 
1191.19 3.83736e-15 
1191.2 4.26619e-15 
1191.21 4.74161e-15 
1191.22 5.26853e-15 
1191.23 5.86005e-15 
1191.24 6.50758e-15 
1191.25 7.22463e-15 
1191.26 8.01845e-15 
1191.27 8.89699e-15 
1191.28 9.86901e-15 
1191.29 1.09442e-14 
1191.3 1.2133e-14 
1191.31 1.34473e-14 
1191.32 1.48997e-14 
1191.33 1.65043e-14 
1191.34 1.82767e-14 
1191.35 2.02337e-14 
1191.36 2.23939e-14 
1191.37 2.47778e-14 
1191.38 2.74078e-14 
1191.39 3.03085e-14 
1191.4 3.35067e-14 
1191.41 3.7032e-14 
1191.42 4.09168e-14 
1191.43 4.51964e-14 
1191.44 4.99095e-14 
1191.45 5.50987e-14 
1191.46 6.08104e-14 
1191.47 6.70952e-14 
1191.48 7.4104e-14 
1191.49 8.17118e-14 
1191.49 9.00806e-14 
1191.5 9.92788e-14 
1191.51 1.09385e-13 
1191.52 1.20487e-13 
1191.53 1.32678e-13 
1191.54 1.46062e-13 
1191.55 1.60751e-13 
1191.56 1.76867e-13 
1191.57 1.94544e-13 
1191.58 2.13928e-13 
1191.59 2.35177e-13 
1191.6 2.58626e-13 
1191.61 2.84155e-13 
1191.62 3.12117e-13 
1191.63 3.42735e-13 
1191.64 3.7625e-13 
1191.65 4.12926e-13 
1191.66 4.53051e-13 
1191.67 4.96934e-13 
1191.68 5.44916e-13 
1191.69 5.97363e-13 
1191.7 6.54673e-13 
1191.71 7.17281e-13 
1191.72 7.85656e-13 
1191.73 8.61281e-13 
1191.74 9.4285e-13 
1191.75 1.03185e-12 
1191.76 1.12894e-12 
1191.77 1.23482e-12 
1191.78 1.35025e-12 
1191.79 1.47605e-12 
1191.8 1.61312e-12 
1191.81 1.76243e-12 
1191.82 1.92501e-12 
1191.83 2.102e-12 
1191.84 2.29462e-12 
1191.85 2.50419e-12 
1191.86 2.73214e-12 
1191.87 2.97999e-12 
1191.88 3.24942e-12 
1191.89 3.54221e-12 
1191.9 3.8603e-12 
1191.91 4.20577e-12 
1191.92 4.58087e-12 
1191.92 4.98803e-12 
1191.93 5.42986e-12 
1191.94 5.90916e-12 
1191.95 6.42896e-12 
1191.96 6.99253e-12 
1191.97 7.60336e-12 
1191.98 8.27384e-12 
1191.99 8.99153e-12 
1192 9.76872e-12 
1192.01 1.06101e-11 
1192.02 1.15207e-11 
1192.03 1.2506e-11 
1192.04 1.35717e-11 
1192.05 1.47241e-11 
1192.06 1.59699e-11 
1192.07 1.73162e-11 
1192.08 1.87707e-11 
1192.09 2.03417e-11 
1192.1 2.2038e-11 
1192.11 2.38691e-11 
1192.12 2.5845e-11 
1192.13 2.79767e-11 
1192.14 3.02757e-11 
1192.15 3.27543e-11 
1192.16 3.5426e-11 
1192.17 3.83049e-11 
1192.18 4.1406e-11 
1192.19 4.47457e-11 
1192.2 4.83411e-11 
1192.21 5.22108e-11 
1192.22 5.63745e-11 
1192.23 6.09111e-11 
1192.24 6.57315e-11 
1192.25 7.09133e-11 
1192.26 7.64822e-11 
1192.27 8.24653e-11 
1192.28 8.88915e-11 
1192.29 9.57915e-11 
1192.3 1.03198e-10 
1192.31 1.11146e-10 
1192.32 1.19673e-10 
1192.33 1.28818e-10 
1192.34 1.38622e-10 
1192.34 1.49131e-10 
1192.35 1.60392e-10 
1192.36 1.72454e-10 
1192.37 1.85372e-10 
1192.38 1.99201e-10 
1192.39 2.14002e-10 
1192.4 2.29838e-10 
1192.41 2.46776e-10 
1192.42 2.64888e-10 
1192.43 2.84251e-10 
1192.44 3.04942e-10 
1192.45 3.27048e-10 
1192.46 3.50658e-10 
1192.47 3.75867e-10 
1192.48 4.03123e-10 
1192.49 4.3186e-10 
1192.5 4.62515e-10 
1192.51 4.95208e-10 
1192.52 5.30062e-10 
1192.53 5.67211e-10 
1192.54 6.06792e-10 
1192.55 6.48953e-10 
1192.56 6.93849e-10 
1192.57 7.41643e-10 
1192.58 7.92507e-10 
1192.59 8.4662e-10 
1192.6 9.04176e-10 
1192.61 9.65974e-10 
1192.62 1.03106e-09 
1192.63 1.10023e-09 
1192.64 1.17371e-09 
1192.65 1.25174e-09 
1192.66 1.33459e-09 
1192.67 1.42252e-09 
1192.68 1.51582e-09 
1192.69 1.61478e-09 
1192.7 1.71972e-09 
1192.71 1.83097e-09 
1192.72 1.94887e-09 
1192.73 2.07538e-09 
1192.74 2.20777e-09 
1192.75 2.34794e-09 
1192.76 2.49631e-09 
1192.77 2.65331e-09 
1192.77 2.8194e-09 
1192.78 2.99504e-09 
1192.79 3.18073e-09 
1192.8 3.37698e-09 
1192.81 3.58434e-09 
1192.82 3.80336e-09 
1192.83 4.03463e-09 
1192.84 4.27877e-09 
1192.85 4.5364e-09 
1192.86 4.80819e-09 
1192.87 5.09484e-09 
1192.88 5.39706e-09 
1192.89 5.71561e-09 
1192.9 6.05125e-09 
1192.91 6.40481e-09 
1192.92 6.77713e-09 
1192.93 7.16907e-09 
1192.94 7.58156e-09 
1192.95 8.01552e-09 
1192.96 8.47195e-09 
1192.97 8.95185e-09 
1192.98 9.46275e-09 
1192.99 9.99313e-09 
1193 1.05503e-08 
1193.01 1.11354e-08 
1193.02 1.17496e-08 
1193.03 1.23942e-08 
1193.04 1.30706e-08 
1193.05 1.37799e-08 
1193.06 1.45237e-08 
1193.07 1.53033e-08 
1193.08 1.61203e-08 
1193.09 1.69761e-08 
1193.1 1.78723e-08 
1193.11 1.88106e-08 
1193.12 1.97926e-08 
1193.13 2.08199e-08 
1193.14 2.18945e-08 
1193.15 2.3018e-08 
1193.16 2.41925e-08 
1193.17 2.54197e-08 
1193.18 2.67016e-08 
1193.19 2.80403e-08 
1193.19 2.94379e-08 
1193.2 3.08965e-08 
1193.21 3.24182e-08 
1193.22 3.40261e-08 
1193.23 3.56813e-08 
1193.24 3.74071e-08 
1193.25 3.92053e-08 
1193.26 4.10784e-08 
1193.27 4.3029e-08 
1193.28 4.50595e-08 
1193.29 4.71726e-08 
1193.3 4.93709e-08 
1193.31 5.16571e-08 
1193.32 5.40341e-08 
1193.33 5.65045e-08 
1193.34 5.90714e-08 
1193.35 6.17374e-08 
1193.36 6.45057e-08 
1193.37 6.73793e-08 
1193.38 7.0361e-08 
1193.39 7.34542e-08 
1193.4 7.66617e-08 
1193.41 7.99869e-08 
1193.42 8.34328e-08 
1193.43 8.70028e-08 
1193.44 9.07001e-08 
1193.45 9.4528e-08 
1193.46 9.84898e-08 
1193.47 1.02589e-07 
1193.48 1.06882e-07 
1193.49 1.11268e-07 
1193.5 1.15801e-07 
1193.51 1.20484e-07 
1193.52 1.25322e-07 
1193.53 1.30318e-07 
1193.54 1.35474e-07 
1193.55 1.40796e-07 
1193.56 1.46285e-07 
1193.57 1.51945e-07 
1193.58 1.5778e-07 
1193.59 1.63794e-07 
1193.6 1.69988e-07 
1193.61 1.76478e-07 
1193.62 1.8305e-07 
1193.62 1.89813e-07 
1193.63 1.9677e-07 
1193.64 2.03926e-07 
1193.65 2.11282e-07 
1193.66 2.18843e-07 
1193.67 2.2661e-07 
1193.68 2.34587e-07 
1193.69 2.42777e-07 
1193.7 2.51182e-07 
1193.71 2.59805e-07 
1193.72 2.68649e-07 
1193.73 2.7783e-07 
1193.74 2.87126e-07 
1193.75 2.96648e-07 
1193.76 3.06401e-07 
1193.77 3.16385e-07 
1193.78 3.26603e-07 
1193.79 3.37057e-07 
1193.8 3.47747e-07 
1193.81 3.58676e-07 
1193.82 3.69844e-07 
1193.83 3.81253e-07 
1193.84 3.92904e-07 
1193.85 4.04797e-07 
1193.86 4.16933e-07 
1193.87 4.29313e-07 
1193.88 4.41936e-07 
1193.89 4.54802e-07 
1193.9 4.67912e-07 
1193.91 4.81264e-07 
1193.92 4.94858e-07 
1193.93 5.08694e-07 
1193.94 5.2277e-07 
1193.95 5.37084e-07 
1193.96 5.51635e-07 
1193.97 5.66422e-07 
1193.98 5.81631e-07 
1193.99 5.96884e-07 
1194 6.12366e-07 
1194.01 6.28073e-07 
1194.02 6.44001e-07 
1194.03 6.60149e-07 
1194.04 6.76511e-07 
1194.05 6.93085e-07 
1194.05 7.09865e-07 
1194.06 7.26847e-07 
1194.07 7.44027e-07 
1194.08 7.61399e-07 
1194.09 7.78958e-07 
1194.1 7.96698e-07 
1194.11 8.14614e-07 
1194.12 8.32698e-07 
1194.13 8.50946e-07 
1194.14 8.69349e-07 
1194.15 8.87901e-07 
1194.16 9.06594e-07 
1194.17 9.25421e-07 
1194.18 9.44374e-07 
1194.19 9.63444e-07 
1194.2 9.82624e-07 
1194.21 1.0019e-06 
1194.22 1.02128e-06 
1194.23 1.04098e-06 
1194.24 1.0605e-06 
1194.25 1.0801e-06 
1194.26 1.09974e-06 
1194.27 1.11943e-06 
1194.28 1.13915e-06 
1194.29 1.15889e-06 
1194.3 1.17865e-06 
1194.31 1.1984e-06 
1194.32 1.21814e-06 
1194.33 1.23787e-06 
1194.34 1.25755e-06 
1194.35 1.2772e-06 
1194.36 1.29678e-06 
1194.37 1.3163e-06 
1194.38 1.33573e-06 
1194.39 1.35508e-06 
1194.4 1.37431e-06 
1194.41 1.39343e-06 
1194.42 1.41242e-06 
1194.43 1.43126e-06 
1194.44 1.44995e-06 
1194.45 1.46848e-06 
1194.46 1.48682e-06 
1194.47 1.50496e-06 
1194.47 1.52313e-06 
1194.48 1.54085e-06 
1194.49 1.55834e-06 
1194.5 1.57559e-06 
1194.51 1.59258e-06 
1194.52 1.6093e-06 
1194.53 1.62574e-06 
1194.54 1.64189e-06 
1194.55 1.65774e-06 
1194.56 1.67327e-06 
1194.57 1.68847e-06 
1194.58 1.70333e-06 
1194.59 1.71784e-06 
1194.6 1.73199e-06 
1194.61 1.74685e-06 
1194.62 1.76025e-06 
1194.63 1.77326e-06 
1194.64 1.78586e-06 
1194.65 1.79805e-06 
1194.66 1.80981e-06 
1194.67 1.82114e-06 
1194.68 1.83202e-06 
1194.69 1.84246e-06 
1194.7 1.85244e-06 
1194.71 1.86195e-06 
1194.72 1.87098e-06 
1194.73 1.87963e-06 
1194.74 1.88769e-06 
1194.75 1.89525e-06 
1194.76 1.9023e-06 
1194.77 1.90885e-06 
1194.78 1.91489e-06 
1194.79 1.9204e-06 
1194.8 1.9254e-06 
1194.81 1.92986e-06 
1194.82 1.9338e-06 
1194.83 1.9372e-06 
1194.84 1.94007e-06 
1194.85 1.94239e-06 
1194.86 1.94418e-06 
1194.87 1.94543e-06 
1194.88 1.94613e-06 
1194.89 1.94629e-06 
1194.9 1.9459e-06 
1194.9 1.94497e-06 
1194.91 1.9435e-06 
1194.92 1.94149e-06 
1194.93 1.93894e-06 
1194.94 1.93585e-06 
1194.95 1.93223e-06 
1194.96 1.92808e-06 
1194.97 1.92341e-06 
1194.98 1.91814e-06 
1194.99 1.91241e-06 
1195 1.90617e-06 
1195.01 1.89943e-06 
1195.02 1.89218e-06 
1195.03 1.88443e-06 
1195.04 1.8762e-06 
1195.05 1.86749e-06 
1195.06 1.85829e-06 
1195.07 1.84864e-06 
1195.08 1.83852e-06 
1195.09 1.82795e-06 
1195.1 1.81694e-06 
1195.11 1.8055e-06 
1195.12 1.79363e-06 
1195.13 1.78135e-06 
1195.14 1.76867e-06 
1195.15 1.75559e-06 
1195.16 1.74213e-06 
1195.17 1.7283e-06 
1195.18 1.7141e-06 
1195.19 1.69956e-06 
1195.2 1.68468e-06 
1195.21 1.66947e-06 
1195.22 1.65394e-06 
1195.23 1.63791e-06 
1195.24 1.62179e-06 
1195.25 1.60539e-06 
1195.26 1.58873e-06 
1195.27 1.57181e-06 
1195.28 1.55464e-06 
1195.29 1.53725e-06 
1195.3 1.51965e-06 
1195.31 1.50184e-06 
1195.32 1.48384e-06 
1195.32 1.46566e-06 
1195.33 1.44732e-06 
1195.34 1.42883e-06 
1195.35 1.41019e-06 
1195.36 1.39143e-06 
1195.37 1.37256e-06 
1195.38 1.35359e-06 
1195.39 1.33452e-06 
1195.4 1.31538e-06 
1195.41 1.29617e-06 
1195.42 1.27692e-06 
1195.43 1.25762e-06 
1195.44 1.23829e-06 
1195.45 1.21895e-06 
1195.46 1.1996e-06 
1195.47 1.18026e-06 
1195.48 1.16069e-06 
1195.49 1.1414e-06 
1195.5 1.12214e-06 
1195.51 1.10293e-06 
1195.52 1.08379e-06 
1195.53 1.06471e-06 
1195.54 1.04572e-06 
1195.55 1.02681e-06 
1195.56 1.008e-06 
1195.57 9.89307e-07 
1195.58 9.70726e-07 
1195.59 9.52271e-07 
1195.6 9.33951e-07 
1195.61 9.16342e-07 
1195.62 8.98303e-07 
1195.63 8.80422e-07 
1195.64 8.62705e-07 
1195.65 8.45161e-07 
1195.66 8.27795e-07 
1195.67 8.10613e-07 
1195.68 7.93623e-07 
1195.69 7.76829e-07 
1195.7 7.60238e-07 
1195.71 7.43854e-07 
1195.72 7.27683e-07 
1195.73 7.1153e-07 
1195.74 6.95799e-07 
1195.75 6.80294e-07 
1195.75 6.65018e-07 
1195.76 6.49974e-07 
1195.77 6.35166e-07 
1195.78 6.20596e-07 
1195.79 6.06268e-07 
1195.8 5.92184e-07 
1195.81 5.78345e-07 
1195.82 5.64753e-07 
1195.83 5.51411e-07 
1195.84 5.3832e-07 
1195.85 5.25479e-07 
1195.86 5.12891e-07 
1195.87 5.00556e-07 
1195.88 4.88474e-07 
1195.89 4.76646e-07 
1195.9 4.65071e-07 
1195.91 4.53748e-07 
1195.92 4.42679e-07 
1195.93 4.31861e-07 
1195.94 4.21293e-07 
1195.95 4.10976e-07 
1195.96 4.00907e-07 
1195.97 3.91085e-07 
1195.98 3.8139e-07 
1195.99 3.7206e-07 
1196 3.62971e-07 
1196.01 3.54121e-07 
1196.02 3.45509e-07 
1196.03 3.37131e-07 
1196.04 3.28986e-07 
1196.05 3.21069e-07 
1196.06 3.1338e-07 
1196.07 3.05914e-07 
1196.08 2.98669e-07 
1196.09 2.91642e-07 
1196.1 2.84829e-07 
1196.11 2.78227e-07 
1196.12 2.71833e-07 
1196.13 2.65644e-07 
1196.14 2.59655e-07 
1196.15 2.53864e-07 
1196.16 2.48266e-07 
1196.17 2.42858e-07 
1196.17 2.37636e-07 
1196.18 2.32596e-07 
1196.19 2.27736e-07 
1196.2 2.2305e-07 
1196.21 2.18535e-07 
1196.22 2.14134e-07 
1196.23 2.0995e-07 
1196.24 2.05926e-07 
1196.25 2.02058e-07 
1196.26 1.98341e-07 
1196.27 1.94771e-07 
1196.28 1.91344e-07 
1196.29 1.88058e-07 
1196.3 1.84906e-07 
1196.31 1.81887e-07 
1196.32 1.78996e-07 
1196.33 1.76229e-07 
1196.34 1.73582e-07 
1196.35 1.71052e-07 
1196.36 1.68635e-07 
1196.37 1.66327e-07 
1196.38 1.64125e-07 
1196.39 1.62024e-07 
1196.4 1.60022e-07 
1196.41 1.58115e-07 
1196.42 1.56299e-07 
1196.43 1.54572e-07 
1196.44 1.52929e-07 
1196.45 1.51367e-07 
1196.46 1.49884e-07 
1196.47 1.48476e-07 
1196.48 1.47123e-07 
1196.49 1.45856e-07 
1196.5 1.44655e-07 
1196.51 1.43517e-07 
1196.52 1.42439e-07 
1196.53 1.41419e-07 
1196.54 1.40453e-07 
1196.55 1.39538e-07 
1196.56 1.38673e-07 
1196.57 1.37855e-07 
1196.58 1.37082e-07 
1196.59 1.3635e-07 
1196.6 1.35658e-07 
1196.6 1.35088e-07 
1196.61 1.34468e-07 
1196.62 1.33882e-07 
1196.63 1.33328e-07 
1196.64 1.32803e-07 
1196.65 1.32305e-07 
1196.66 1.31834e-07 
1196.67 1.31386e-07 
1196.68 1.30961e-07 
1196.69 1.30557e-07 
1196.7 1.30173e-07 
1196.71 1.29806e-07 
1196.72 1.29457e-07 
1196.73 1.29119e-07 
1196.74 1.28799e-07 
1196.75 1.28493e-07 
1196.76 1.28199e-07 
1196.77 1.27916e-07 
1196.78 1.27644e-07 
1196.79 1.27381e-07 
1196.8 1.27127e-07 
1196.81 1.26881e-07 
1196.82 1.26642e-07 
1196.83 1.26411e-07 
1196.84 1.26185e-07 
1196.85 1.25966e-07 
1196.86 1.25752e-07 
1196.87 1.25544e-07 
1196.88 1.25341e-07 
1196.89 1.25143e-07 
1196.9 1.24949e-07 
1196.91 1.24761e-07 
1196.92 1.24577e-07 
1196.93 1.24398e-07 
1196.94 1.24224e-07 
1196.95 1.24056e-07 
1196.96 1.23893e-07 
1196.97 1.23735e-07 
1196.98 1.23582e-07 
1196.99 1.23437e-07 
1197 1.23299e-07 
1197.01 1.23169e-07 
1197.02 1.23046e-07 
1197.03 1.22933e-07 
1197.03 1.22828e-07 
1197.04 1.22733e-07 
1197.05 1.22649e-07 
1197.06 1.22576e-07 
1197.07 1.22516e-07 
1197.08 1.22468e-07 
1197.09 1.22434e-07 
1197.1 1.22415e-07 
1197.11 1.22412e-07 
1197.12 1.22426e-07 
1197.13 1.22458e-07 
1197.14 1.22508e-07 
1197.15 1.22578e-07 
1197.16 1.2267e-07 
1197.17 1.22783e-07 
1197.18 1.2292e-07 
1197.19 1.23081e-07 
1197.2 1.23267e-07 
1197.21 1.23481e-07 
1197.22 1.23723e-07 
1197.23 1.23997e-07 
1197.24 1.24299e-07 
1197.25 1.24633e-07 
1197.26 1.24999e-07 
1197.27 1.25401e-07 
1197.28 1.25837e-07 
1197.29 1.26311e-07 
1197.3 1.26823e-07 
1197.31 1.27375e-07 
1197.32 1.27967e-07 
1197.33 1.28601e-07 
1197.34 1.29279e-07 
1197.35 1.30001e-07 
1197.36 1.3077e-07 
1197.37 1.31585e-07 
1197.38 1.32449e-07 
1197.39 1.33362e-07 
1197.4 1.34326e-07 
1197.41 1.35342e-07 
1197.42 1.36412e-07 
1197.43 1.37535e-07 
1197.44 1.38714e-07 
1197.45 1.39949e-07 
1197.45 1.41242e-07 
1197.46 1.42593e-07 
1197.47 1.44004e-07 
1197.48 1.45493e-07 
1197.49 1.47027e-07 
1197.5 1.48622e-07 
1197.51 1.50281e-07 
1197.52 1.52003e-07 
1197.53 1.5379e-07 
1197.54 1.55642e-07 
1197.55 1.57561e-07 
1197.56 1.59545e-07 
1197.57 1.61597e-07 
1197.58 1.63717e-07 
1197.59 1.65905e-07 
1197.6 1.68161e-07 
1197.61 1.70592e-07 
1197.62 1.72988e-07 
1197.63 1.75453e-07 
1197.64 1.77987e-07 
1197.65 1.80592e-07 
1197.66 1.83266e-07 
1197.67 1.86009e-07 
1197.68 1.88823e-07 
1197.69 1.91706e-07 
1197.7 1.94658e-07 
1197.71 1.9768e-07 
1197.72 2.0077e-07 
1197.73 2.03968e-07 
1197.74 2.07196e-07 
1197.75 2.1049e-07 
1197.76 2.13852e-07 
1197.77 2.1728e-07 
1197.78 2.20773e-07 
1197.79 2.24331e-07 
1197.8 2.27952e-07 
1197.81 2.31637e-07 
1197.82 2.35384e-07 
1197.83 2.39192e-07 
1197.84 2.4306e-07 
1197.85 2.46987e-07 
1197.86 2.50971e-07 
1197.87 2.55012e-07 
1197.88 2.59108e-07 
1197.88 2.63258e-07 
1197.89 2.67461e-07 
1197.9 2.71714e-07 
1197.91 2.76018e-07 
1197.92 2.80369e-07 
1197.93 2.84766e-07 
1197.94 2.89209e-07 
1197.95 2.93695e-07 
1197.96 2.98222e-07 
1197.97 3.0279e-07 
1197.98 3.07453e-07 
1197.99 3.12096e-07 
1198 3.16773e-07 
1198.01 3.21484e-07 
1198.02 3.26225e-07 
1198.03 3.30996e-07 
1198.04 3.35794e-07 
1198.05 3.40619e-07 
1198.06 3.45467e-07 
1198.07 3.50337e-07 
1198.08 3.55228e-07 
1198.09 3.60137e-07 
1198.1 3.65063e-07 
1198.11 3.70004e-07 
1198.12 3.74959e-07 
1198.13 3.79925e-07 
1198.14 3.84901e-07 
1198.15 3.89885e-07 
1198.16 3.94876e-07 
1198.17 3.99872e-07 
1198.18 4.04872e-07 
1198.19 4.09874e-07 
1198.2 4.14877e-07 
1198.21 4.1988e-07 
1198.22 4.24881e-07 
1198.23 4.29941e-07 
1198.24 4.34934e-07 
1198.25 4.39922e-07 
1198.26 4.44904e-07 
1198.27 4.49879e-07 
1198.28 4.54846e-07 
1198.29 4.59804e-07 
1198.3 4.64752e-07 
1198.3 4.69691e-07 
1198.31 4.74619e-07 
1198.32 4.79536e-07 
1198.33 4.84443e-07 
1198.34 4.89337e-07 
1198.35 4.94221e-07 
1198.36 4.99093e-07 
1198.37 5.03954e-07 
1198.38 5.08804e-07 
1198.39 5.13643e-07 
1198.4 5.18472e-07 
1198.41 5.23291e-07 
1198.42 5.28102e-07 
1198.43 5.32904e-07 
1198.44 5.377e-07 
1198.45 5.42489e-07 
1198.46 5.47273e-07 
1198.47 5.52053e-07 
1198.48 5.56891e-07 
1198.49 5.61668e-07 
1198.5 5.66446e-07 
1198.51 5.71226e-07 
1198.52 5.7601e-07 
1198.53 5.80801e-07 
1198.54 5.85599e-07 
1198.55 5.90408e-07 
1198.56 5.95229e-07 
1198.57 6.00065e-07 
1198.58 6.04918e-07 
1198.59 6.09791e-07 
1198.6 6.14686e-07 
1198.61 6.19991e-07 
1198.62 6.24941e-07 
1198.63 6.29922e-07 
1198.64 6.34936e-07 
1198.65 6.39986e-07 
1198.66 6.45076e-07 
1198.67 6.50207e-07 
1198.68 6.55384e-07 
1198.69 6.6061e-07 
1198.7 6.65887e-07 
1198.71 6.71219e-07 
1198.72 6.76609e-07 
1198.73 6.82128e-07 
1198.73 6.87645e-07 
1198.74 6.93229e-07 
1198.75 6.98885e-07 
1198.76 7.04614e-07 
1198.77 7.10421e-07 
1198.78 7.16309e-07 
1198.79 7.22281e-07 
1198.8 7.2834e-07 
1198.81 7.34489e-07 
1198.82 7.40731e-07 
1198.83 7.4707e-07 
1198.84 7.53507e-07 
1198.85 7.60046e-07 
1198.86 7.6669e-07 
1198.87 7.73442e-07 
1198.88 7.80303e-07 
1198.89 7.87277e-07 
1198.9 7.94366e-07 
1198.91 8.01572e-07 
1198.92 8.08897e-07 
1198.93 8.16343e-07 
1198.94 8.23913e-07 
1198.95 8.31607e-07 
1198.96 8.39428e-07 
1198.97 8.47377e-07 
1198.98 8.55556e-07 
1198.99 8.63766e-07 
1199 8.72107e-07 
1199.01 8.8058e-07 
1199.02 8.89186e-07 
1199.03 8.97925e-07 
1199.04 9.06796e-07 
1199.05 9.15801e-07 
1199.06 9.24939e-07 
1199.07 9.3421e-07 
1199.08 9.43613e-07 
1199.09 9.53147e-07 
1199.1 9.62811e-07 
1199.11 9.72604e-07 
1199.12 9.82525e-07 
1199.13 9.92571e-07 
1199.14 1.00274e-06 
1199.15 1.01303e-06 
1199.15 1.02345e-06 
1199.16 1.03398e-06 
1199.17 1.04462e-06 
1199.18 1.05537e-06 
1199.19 1.06624e-06 
1199.2 1.07721e-06 
1199.21 1.08828e-06 
1199.22 1.09958e-06 
1199.23 1.11084e-06 
1199.24 1.12219e-06 
1199.25 1.13363e-06 
1199.26 1.14514e-06 
1199.27 1.15673e-06 
1199.28 1.16839e-06 
1199.29 1.18011e-06 
1199.3 1.19189e-06 
1199.31 1.20373e-06 
1199.32 1.21561e-06 
1199.33 1.22754e-06 
1199.34 1.2395e-06 
1199.35 1.25149e-06 
1199.36 1.26351e-06 
1199.37 1.27554e-06 
1199.38 1.28758e-06 
1199.39 1.29962e-06 
1199.4 1.31166e-06 
1199.41 1.32369e-06 
1199.42 1.33571e-06 
1199.43 1.34769e-06 
1199.44 1.35965e-06 
1199.45 1.37157e-06 
1199.46 1.38343e-06 
1199.47 1.39525e-06 
1199.48 1.40715e-06 
1199.49 1.41883e-06 
1199.5 1.43044e-06 
1199.51 1.44196e-06 
1199.52 1.45339e-06 
1199.53 1.46472e-06 
1199.54 1.47595e-06 
1199.55 1.48706e-06 
1199.56 1.49805e-06 
1199.57 1.50891e-06 
1199.58 1.51964e-06 
1199.58 1.53022e-06 
1199.59 1.54066e-06 
1199.6 1.55094e-06 
1199.61 1.56202e-06 
1199.62 1.57197e-06 
1199.63 1.58175e-06 
1199.64 1.59134e-06 
1199.65 1.60075e-06 
1199.66 1.60996e-06 
1199.67 1.61897e-06 
1199.68 1.62777e-06 
1199.69 1.63637e-06 
1199.7 1.64475e-06 
1199.71 1.6529e-06 
1199.72 1.66084e-06 
1199.73 1.66863e-06 
1199.74 1.6761e-06 
1199.75 1.68333e-06 
1199.76 1.69031e-06 
1199.77 1.69706e-06 
1199.78 1.70355e-06 
1199.79 1.7098e-06 
1199.8 1.71579e-06 
1199.81 1.72153e-06 
1199.82 1.72701e-06 
1199.83 1.73224e-06 
1199.84 1.7372e-06 
1199.85 1.74191e-06 
1199.86 1.74636e-06 
1199.87 1.75055e-06 
1199.88 1.75449e-06 
1199.89 1.75816e-06 
1199.9 1.76158e-06 
1199.91 1.76474e-06 
1199.92 1.76765e-06 
1199.93 1.77031e-06 
1199.94 1.77272e-06 
1199.95 1.77489e-06 
1199.96 1.77681e-06 
1199.97 1.7785e-06 
1199.98 1.77996e-06 
1199.99 1.78118e-06 
1200 1.78218e-06 
1200.01 1.78295e-06 
1200.01 1.78351e-06 
1200.02 1.78386e-06 
1200.03 1.78401e-06 
1200.04 1.78396e-06 
1200.05 1.78373e-06 
1200.06 1.78331e-06 
1200.07 1.78272e-06 
1200.08 1.78196e-06 
1200.09 1.78105e-06 
1200.1 1.77999e-06 
1200.11 1.77878e-06 
1200.12 1.77745e-06 
1200.13 1.77599e-06 
1200.14 1.77441e-06 
1200.15 1.77274e-06 
1200.16 1.77097e-06 
1200.17 1.76912e-06 
1200.18 1.7672e-06 
1200.19 1.76521e-06 
1200.2 1.76317e-06 
1200.21 1.7611e-06 
1200.22 1.75899e-06 
1200.23 1.75684e-06 
1200.24 1.75471e-06 
1200.25 1.75258e-06 
1200.26 1.75047e-06 
1200.27 1.74839e-06 
1200.28 1.74635e-06 
1200.29 1.74436e-06 
1200.3 1.74244e-06 
1200.31 1.74059e-06 
1200.32 1.73882e-06 
1200.33 1.73716e-06 
1200.34 1.7356e-06 
1200.35 1.73417e-06 
1200.36 1.73287e-06 
1200.37 1.73171e-06 
1200.38 1.73072e-06 
1200.39 1.72988e-06 
1200.4 1.72923e-06 
1200.41 1.72877e-06 
1200.42 1.7285e-06 
1200.43 1.72845e-06 
1200.43 1.72861e-06 
1200.44 1.72901e-06 
1200.45 1.72964e-06 
1200.46 1.73053e-06 
1200.47 1.73167e-06 
1200.48 1.7331e-06 
1200.49 1.73479e-06 
1200.5 1.73677e-06 
1200.51 1.73904e-06 
1200.52 1.7416e-06 
1200.53 1.74447e-06 
1200.54 1.74766e-06 
1200.55 1.75117e-06 
1200.56 1.755e-06 
1200.57 1.75916e-06 
1200.58 1.76365e-06 
1200.59 1.76849e-06 
1200.6 1.77367e-06 
1200.61 1.78029e-06 
1200.62 1.78617e-06 
1200.63 1.7924e-06 
1200.64 1.79899e-06 
1200.65 1.80593e-06 
1200.66 1.81323e-06 
1200.67 1.82089e-06 
1200.68 1.8289e-06 
1200.69 1.83727e-06 
1200.7 1.84599e-06 
1200.71 1.85507e-06 
1200.72 1.86449e-06 
1200.73 1.87439e-06 
1200.74 1.88451e-06 
1200.75 1.89497e-06 
1200.76 1.90576e-06 
1200.77 1.91688e-06 
1200.78 1.92832e-06 
1200.79 1.94008e-06 
1200.8 1.95215e-06 
1200.81 1.96452e-06 
1200.82 1.97719e-06 
1200.83 1.99014e-06 
1200.84 2.00336e-06 
1200.85 2.01685e-06 
1200.85 2.0306e-06 
1200.86 2.04459e-06 
1200.87 2.05881e-06 
1200.88 2.07326e-06 
1200.89 2.08791e-06 
1200.9 2.10276e-06 
1200.91 2.1178e-06 
1200.92 2.133e-06 
1200.93 2.14836e-06 
1200.94 2.16386e-06 
1200.95 2.17948e-06 
1200.96 2.19522e-06 
1200.97 2.21105e-06 
1200.98 2.22715e-06 
1200.99 2.24313e-06 
1201 2.25915e-06 
1201.01 2.27519e-06 
1201.02 2.29126e-06 
1201.03 2.30731e-06 
1201.04 2.32334e-06 
1201.05 2.33934e-06 
1201.06 2.35527e-06 
1201.07 2.37113e-06 
1201.08 2.38689e-06 
1201.09 2.40255e-06 
1201.1 2.41807e-06 
1201.11 2.43344e-06 
1201.12 2.44864e-06 
1201.13 2.46366e-06 
1201.14 2.47847e-06 
1201.15 2.49306e-06 
1201.16 2.50741e-06 
1201.17 2.5215e-06 
1201.18 2.53532e-06 
1201.19 2.54884e-06 
1201.2 2.56204e-06 
1201.21 2.57492e-06 
1201.22 2.58745e-06 
1201.23 2.59976e-06 
1201.24 2.61154e-06 
1201.25 2.62293e-06 
1201.26 2.6339e-06 
1201.27 2.64444e-06 
1201.28 2.65453e-06 
1201.28 2.66417e-06 
1201.29 2.67333e-06 
1201.3 2.682e-06 
1201.31 2.69017e-06 
1201.32 2.69782e-06 
1201.33 2.70495e-06 
1201.34 2.71153e-06 
1201.35 2.71757e-06 
1201.36 2.72304e-06 
1201.37 2.72793e-06 
1201.38 2.73224e-06 
1201.39 2.73595e-06 
1201.4 2.73907e-06 
1201.41 2.74157e-06 
1201.42 2.74345e-06 
1201.43 2.7447e-06 
1201.44 2.74532e-06 
1201.45 2.7453e-06 
1201.46 2.74464e-06 
1201.47 2.74333e-06 
1201.48 2.74133e-06 
1201.49 2.7387e-06 
1201.5 2.73541e-06 
1201.51 2.73146e-06 
1201.52 2.72685e-06 
1201.53 2.72157e-06 
1201.54 2.71563e-06 
1201.55 2.70903e-06 
1201.56 2.70177e-06 
1201.57 2.69385e-06 
1201.58 2.68527e-06 
1201.59 2.67604e-06 
1201.6 2.66615e-06 
1201.61 2.65727e-06 
1201.62 2.6461e-06 
1201.63 2.63429e-06 
1201.64 2.62185e-06 
1201.65 2.6088e-06 
1201.66 2.59513e-06 
1201.67 2.58085e-06 
1201.68 2.56598e-06 
1201.69 2.55052e-06 
1201.7 2.53448e-06 
1201.7 2.51787e-06 
1201.71 2.50071e-06 
1201.72 2.48278e-06 
1201.73 2.46453e-06 
1201.74 2.44575e-06 
1201.75 2.42647e-06 
1201.76 2.40669e-06 
1201.77 2.38643e-06 
1201.78 2.3657e-06 
1201.79 2.34452e-06 
1201.8 2.32289e-06 
1201.81 2.30084e-06 
1201.82 2.27837e-06 
1201.83 2.25551e-06 
1201.84 2.23227e-06 
1201.85 2.20866e-06 
1201.86 2.1847e-06 
1201.87 2.16041e-06 
1201.88 2.13581e-06 
1201.89 2.1109e-06 
1201.9 2.0857e-06 
1201.91 2.06024e-06 
1201.92 2.03453e-06 
1201.93 2.00858e-06 
1201.94 1.98242e-06 
1201.95 1.95605e-06 
1201.96 1.9295e-06 
1201.97 1.90278e-06 
1201.98 1.87557e-06 
1201.99 1.84857e-06 
1202 1.82144e-06 
1202.01 1.79421e-06 
1202.02 1.7669e-06 
1202.03 1.73952e-06 
1202.04 1.71208e-06 
1202.05 1.68461e-06 
1202.06 1.65711e-06 
1202.07 1.62961e-06 
1202.08 1.60211e-06 
1202.09 1.57463e-06 
1202.1 1.5472e-06 
1202.11 1.51981e-06 
1202.12 1.4925e-06 
1202.13 1.46526e-06 
1202.13 1.43811e-06 
1202.14 1.41107e-06 
1202.15 1.38415e-06 
1202.16 1.35736e-06 
1202.17 1.33072e-06 
1202.18 1.30423e-06 
1202.19 1.27791e-06 
1202.2 1.25177e-06 
1202.21 1.22581e-06 
1202.22 1.19974e-06 
1202.23 1.1742e-06 
1202.24 1.14888e-06 
1202.25 1.12379e-06 
1202.26 1.09893e-06 
1202.27 1.07432e-06 
1202.28 1.04997e-06 
1202.29 1.02588e-06 
1202.3 1.00206e-06 
1202.31 9.78515e-07 
1202.32 9.55254e-07 
1202.33 9.32281e-07 
1202.34 9.09605e-07 
1202.35 8.87229e-07 
1202.36 8.65158e-07 
1202.37 8.43398e-07 
1202.38 8.21953e-07 
1202.39 8.00826e-07 
1202.4 7.80022e-07 
1202.41 7.59543e-07 
1202.42 7.39392e-07 
1202.43 7.19572e-07 
1202.44 7.00085e-07 
1202.45 6.80933e-07 
1202.46 6.62117e-07 
1202.47 6.43639e-07 
1202.48 6.25274e-07 
1202.49 6.07478e-07 
1202.5 5.9002e-07 
1202.51 5.72902e-07 
1202.52 5.56123e-07 
1202.53 5.39683e-07 
1202.54 5.23579e-07 
1202.55 5.07813e-07 
1202.56 4.92381e-07 
1202.56 4.77283e-07 
1202.57 4.62517e-07 
1202.58 4.4808e-07 
1202.59 4.33971e-07 
1202.6 4.20187e-07 
1202.61 4.06977e-07 
1202.62 3.93827e-07 
1202.63 3.80993e-07 
1202.64 3.68473e-07 
1202.65 3.56264e-07 
1202.66 3.44361e-07 
1202.67 3.32762e-07 
1202.68 3.21461e-07 
1202.69 3.10457e-07 
1202.7 2.99744e-07 
1202.71 2.89319e-07 
1202.72 2.79177e-07 
1202.73 2.69192e-07 
1202.74 2.59607e-07 
1202.75 2.50293e-07 
1202.76 2.41244e-07 
1202.77 2.32456e-07 
1202.78 2.23924e-07 
1202.79 2.15645e-07 
1202.8 2.07613e-07 
1202.81 1.99823e-07 
1202.82 1.9227e-07 
1202.83 1.84951e-07 
1202.84 1.7786e-07 
1202.85 1.70992e-07 
1202.86 1.64342e-07 
1202.87 1.57907e-07 
1202.88 1.5168e-07 
1202.89 1.45657e-07 
1202.9 1.39834e-07 
1202.91 1.34205e-07 
1202.92 1.28767e-07 
1202.93 1.23514e-07 
1202.94 1.18441e-07 
1202.95 1.13544e-07 
1202.96 1.08819e-07 
1202.97 1.04261e-07 
1202.98 9.98657e-08 
1202.98 9.55764e-08 
1202.99 9.14947e-08 
1203 8.75624e-08 
1203.01 8.37753e-08 
1203.02 8.01292e-08 
1203.03 7.66201e-08 
1203.04 7.32438e-08 
1203.05 6.99963e-08 
1203.06 6.68739e-08 
1203.07 6.38726e-08 
1203.08 6.09886e-08 
1203.09 5.82183e-08 
1203.1 5.55581e-08 
1203.11 5.30043e-08 
1203.12 5.05536e-08 
1203.13 4.82025e-08 
1203.14 4.59477e-08 
1203.15 4.37858e-08 
1203.16 4.17139e-08 
1203.17 3.97287e-08 
1203.18 3.78272e-08 
1203.19 3.60065e-08 
1203.2 3.42637e-08 
1203.21 3.2596e-08 
1203.22 3.10006e-08 
1203.23 2.94563e-08 
1203.24 2.79986e-08 
1203.25 2.66054e-08 
1203.26 2.52744e-08 
1203.27 2.40032e-08 
1203.28 2.27894e-08 
1203.29 2.16309e-08 
1203.3 2.05254e-08 
1203.31 1.94708e-08 
1203.32 1.84652e-08 
1203.33 1.75066e-08 
1203.34 1.6593e-08 
1203.35 1.57226e-08 
1203.36 1.48937e-08 
1203.37 1.41044e-08 
1203.38 1.33532e-08 
1203.39 1.26383e-08 
1203.4 1.19584e-08 
1203.41 1.13118e-08 
1203.41 1.06971e-08 
1203.42 1.0113e-08 
1203.43 9.55804e-09 
1203.44 9.03097e-09 
1203.45 8.53053e-09 
1203.46 8.05554e-09 
1203.47 7.60483e-09 
1203.48 7.1721e-09 
1203.49 6.76695e-09 
1203.5 6.38287e-09 
1203.51 6.01888e-09 
1203.52 5.67403e-09 
1203.53 5.34742e-09 
1203.54 5.03818e-09 
1203.55 4.74547e-09 
1203.56 4.4685e-09 
1203.57 4.20649e-09 
1203.58 3.95873e-09 
1203.59 3.7245e-09 
1203.6 3.50313e-09 
1203.61 3.29602e-09 
1203.62 3.09835e-09 
1203.63 2.91171e-09 
1203.64 2.73554e-09 
1203.65 2.5693e-09 
1203.66 2.41247e-09 
1203.67 2.26457e-09 
1203.68 2.12514e-09 
1203.69 1.99372e-09 
1203.7 1.8699e-09 
1203.71 1.75327e-09 
1203.72 1.64344e-09 
1203.73 1.53881e-09 
1203.74 1.4416e-09 
1203.75 1.35014e-09 
1203.76 1.26412e-09 
1203.77 1.18325e-09 
1203.78 1.10724e-09 
1203.79 1.03582e-09 
1203.8 9.68725e-10 
1203.81 9.05721e-10 
1203.82 8.46575e-10 
1203.83 7.91065e-10 
1203.83 7.38986e-10 
1203.84 6.90139e-10 
1203.85 6.44337e-10 
1203.86 6.01404e-10 
1203.87 5.61172e-10 
1203.88 5.23483e-10 
1203.89 4.88186e-10 
1203.9 4.5514e-10 
1203.91 4.2421e-10 
1203.92 3.95269e-10 
1203.93 3.68199e-10 
1203.94 3.42884e-10 
1203.95 3.1922e-10 
1203.96 2.97104e-10 
1203.97 2.76442e-10 
1203.98 2.5691e-10 
1203.99 2.38907e-10 
1204 2.22101e-10 
1204.01 2.0642e-10 
1204.02 1.9179e-10 
1204.03 1.78148e-10 
1204.04 1.65428e-10 
1204.05 1.53573e-10 
1204.06 1.42527e-10 
1204.07 1.32238e-10 
1204.08 1.22657e-10 
1204.09 1.13737e-10 
1204.1 1.05437e-10 
1204.11 9.7714e-11 
1204.12 9.05312e-11 
1204.13 8.38525e-11 
1204.14 7.76445e-11 
1204.15 7.18757e-11 
1204.16 6.65165e-11 
1204.17 6.15395e-11 
1204.18 5.69186e-11 
1204.19 5.26298e-11 
1204.2 4.86503e-11 
1204.21 4.49589e-11 
1204.22 4.15358e-11 
1204.23 3.83242e-11 
1204.24 3.5386e-11 
1204.25 3.26638e-11 
1204.26 3.01424e-11 
1204.26 2.78078e-11 
1204.27 2.56466e-11 
1204.28 2.36467e-11 
1204.29 2.17966e-11 
1204.3 2.00855e-11 
1204.31 1.85035e-11 
1204.32 1.70412e-11 
1204.33 1.569e-11 
1204.34 1.44419e-11 
1204.35 1.32893e-11 
1204.36 1.22251e-11 
1204.37 1.1243e-11 
1204.38 1.03369e-11 
1204.39 9.50108e-12 
1204.4 8.73036e-12 
1204.41 8.01988e-12 
1204.42 7.36513e-12 
1204.43 6.76191e-12 
1204.44 6.20633e-12 
1204.45 5.69478e-12 
1204.46 5.2239e-12 
1204.47 4.7906e-12 
1204.48 4.38722e-12 
1204.49 4.02102e-12 
1204.5 3.68433e-12 
1204.51 3.37488e-12 
1204.52 3.09054e-12 
1204.53 2.82935e-12 
1204.54 2.5895e-12 
1204.55 2.36931e-12 
1204.56 2.16723e-12 
1204.57 1.98181e-12 
1204.58 1.81175e-12 
1204.59 1.65581e-12 
1204.6 1.51286e-12 
1204.61 1.38186e-12 
1204.62 1.26262e-12 
1204.63 1.15263e-12 
1204.64 1.05193e-12 
1204.65 9.59745e-13 
1204.66 8.75394e-13 
1204.67 7.98229e-13 
1204.68 7.27659e-13 
1204.68 6.6314e-13 
1204.69 6.04169e-13 
1204.7 5.50286e-13 
1204.71 5.01067e-13 
1204.72 4.55583e-13 
1204.73 4.14597e-13 
1204.74 3.7719e-13 
1204.75 3.43061e-13 
1204.76 3.11932e-13 
1204.77 2.83546e-13 
1204.78 2.5767e-13 
1204.79 2.3409e-13 
1204.8 2.12606e-13 
1204.81 1.9304e-13 
1204.82 1.75224e-13 
1204.83 1.59007e-13 
1204.84 1.4425e-13 
1204.85 1.30826e-13 
1204.86 1.18617e-13 
1204.87 1.07517e-13 
1204.88 9.74276e-14 
1204.89 8.82601e-14 
1204.9 7.99326e-14 
1204.91 7.23701e-14 
1204.92 6.55046e-14 
1204.93 5.92735e-14 
1204.94 5.36199e-14 
1204.95 4.84917e-14 
1204.96 4.38415e-14 
1204.97 3.9626e-14 
1204.98 3.57603e-14 
1204.99 3.23033e-14 
1205 2.91723e-14 
1205.01 2.63372e-14 
1205.02 2.37709e-14 
1205.03 2.14485e-14 
1205.04 1.93476e-14 
1205.05 1.74475e-14 
1205.06 1.57295e-14 
1205.07 1.41766e-14 
1205.08 1.27734e-14 
1205.09 1.15059e-14 
1205.1 1.03612e-14 
1205.11 9.32766e-15 
1205.11 8.39487e-15 
1205.12 7.55321e-15 
1205.13 6.79401e-15 
1205.14 6.10938e-15 
1205.15 5.49217e-15 
1205.16 4.93592e-15 
1205.17 4.43474e-15 
1205.18 3.98332e-15 
1205.19 3.57683e-15 
1205.2 3.21091e-15 
1205.21 2.88161e-15 
1205.22 2.58201e-15 
1205.23 2.31572e-15 
1205.24 2.07645e-15 
1205.25 1.86137e-15 
1205.26 1.66809e-15 
1205.27 1.49446e-15 
1205.28 1.33852e-15 
1205.29 1.19851e-15 
1205.3 1.07284e-15 
1205.31 9.60076e-16 
1205.32 8.5892e-16 
1205.33 7.68203e-16 
1205.34 6.86872e-16 
1205.35 6.13977e-16 
1205.36 5.48662e-16 
1205.37 4.90156e-16 
1205.38 4.37764e-16 
1205.39 3.90861e-16 
1205.4 3.48885e-16 
1205.41 3.11327e-16 
1205.42 2.77734e-16 
1205.43 2.47695e-16 
1205.44 2.20843e-16 
1205.45 1.96845e-16 
1205.46 1.75405e-16 
1205.47 1.56256e-16 
1205.48 1.38968e-16 
1205.49 1.23716e-16 
1205.5 1.10115e-16 
1205.51 9.79821e-17 
1205.52 8.71611e-17 
1205.53 7.75131e-17 
1205.54 6.89134e-17 
1205.54 6.12504e-17 
1205.55 5.44241e-17 
1205.56 4.83448e-17 
1205.57 4.29323e-17 
1205.58 3.8115e-17 
1205.59 3.38286e-17 
1205.6 3.00157e-17 
1205.61 2.66414e-17 
1205.62 2.36252e-17 
1205.63 2.09445e-17 
1205.64 1.85626e-17 
1205.65 1.6447e-17 
1205.66 1.45684e-17 
1205.67 1.29006e-17 
1205.68 1.14206e-17 
1205.69 1.01074e-17 
1205.7 8.94275e-18 
1205.71 7.91002e-18 
1205.72 6.99456e-18 
1205.73 6.17376e-18 
1205.74 5.45612e-18 
1205.75 4.82053e-18 
1205.76 4.25777e-18 
1205.77 3.75964e-18 
1205.78 3.31884e-18 
1205.79 2.92889e-18 
1205.8 2.58403e-18 
1205.81 2.27912e-18 
1205.82 2.00962e-18 
1205.83 1.77148e-18 
1205.84 1.56112e-18 
1205.85 1.37535e-18 
1205.86 1.21134e-18 
1205.87 1.06658e-18 
1205.88 9.3886e-19 
1205.89 8.26196e-19 
1205.9 7.26845e-19 
1205.91 6.3926e-19 
1205.92 5.62068e-19 
1205.93 4.94058e-19 
1205.94 4.34153e-19 
1205.95 3.81403e-19 
1205.96 3.34967e-19 
1205.96 2.94101e-19 
1205.97 2.58147e-19 
1205.98 2.26154e-19 
1205.99 1.98394e-19 
1206 1.73991e-19 
1206.01 1.52546e-19 
1206.02 1.33707e-19 
1206.03 1.17161e-19 
1206.04 1.02633e-19 
1206.05 8.98814e-20 
1206.06 7.86916e-20 
1206.07 6.88752e-20 
1206.08 6.02663e-20 
1206.09 5.27184e-20 
1206.1 4.61027e-20 
1206.11 4.03058e-20 
1206.12 3.52277e-20 
1206.13 3.07807e-20 
1206.14 2.68874e-20 
1206.15 2.34799e-20 
1206.16 2.04984e-20 
1206.17 1.78904e-20 
1206.18 1.56098e-20 
1206.19 1.3616e-20 
1206.2 1.18735e-20 
1206.21 1.03511e-20 
1206.22 9.02128e-21 
1206.23 7.84655e-21 
1206.24 6.8346e-21 
1206.25 5.95146e-21 
1206.26 5.18097e-21 
1206.27 4.50894e-21 
1206.28 3.92297e-21 
1206.29 3.41218e-21 
1206.3 2.96705e-21 
1206.31 2.57926e-21 
1206.32 2.24151e-21 
1206.33 1.94744e-21 
1206.34 1.69147e-21 
1206.35 1.46872e-21 
1206.36 1.27495e-21 
1206.37 1.10642e-21 
1206.38 9.59903e-22 
1206.39 8.32548e-22 
1206.39 7.21885e-22 
1206.4 6.25754e-22 
1206.41 5.42269e-22 
1206.42 4.69789e-22 
1206.43 4.06882e-22 
1206.44 3.52297e-22 
1206.45 3.04949e-22 
1206.46 2.63889e-22 
1206.47 2.28293e-22 
1206.48 1.97084e-22 
1206.49 1.70401e-22 
1206.5 1.4729e-22 
1206.51 1.27276e-22 
1206.52 1.09951e-22 
1206.53 9.49573e-23 
1206.54 8.19848e-23 
1206.55 7.07644e-23 
1206.56 6.10623e-23 
1206.57 5.26754e-23 
1206.58 4.54275e-23 
1206.59 3.91657e-23 
1206.6 0 
