#energy geo_1 
1186.6 8.28008e-07 
1186.61 8.27498e-07 
1186.62 8.26986e-07 
1186.63 8.26476e-07 
1186.64 8.25966e-07 
1186.65 8.25456e-07 
1186.66 8.24947e-07 
1186.67 8.24438e-07 
1186.68 8.23928e-07 
1186.69 8.2342e-07 
1186.7 8.22911e-07 
1186.71 8.22403e-07 
1186.72 8.21895e-07 
1186.73 8.21386e-07 
1186.74 8.20878e-07 
1186.75 8.20372e-07 
1186.76 8.19863e-07 
1186.77 8.19356e-07 
1186.78 8.18849e-07 
1186.79 8.18342e-07 
1186.8 8.17836e-07 
1186.81 8.1733e-07 
1186.81 8.16823e-07 
1186.82 8.1632e-07 
1186.83 8.15812e-07 
1186.84 8.15307e-07 
1186.85 8.14802e-07 
1186.86 8.14297e-07 
1186.87 8.13793e-07 
1186.88 8.13288e-07 
1186.89 8.12783e-07 
1186.9 8.12281e-07 
1186.91 8.11776e-07 
1186.92 8.11273e-07 
1186.93 8.10768e-07 
1186.94 8.10266e-07 
1186.95 8.09763e-07 
1186.96 8.0926e-07 
1186.97 8.08759e-07 
1186.98 8.08256e-07 
1186.99 8.07754e-07 
1187 8.07253e-07 
1187.01 8.06751e-07 
1187.02 8.06251e-07 
1187.03 8.05748e-07 
1187.04 8.05249e-07 
1187.05 8.04748e-07 
1187.06 8.04247e-07 
1187.07 8.03747e-07 
1187.08 8.03247e-07 
1187.09 8.02748e-07 
1187.1 8.02247e-07 
1187.11 8.01749e-07 
1187.12 8.0125e-07 
1187.13 8.00752e-07 
1187.14 8.00253e-07 
1187.15 7.99755e-07 
1187.16 7.99257e-07 
1187.17 7.98759e-07 
1187.18 7.98262e-07 
1187.19 7.97765e-07 
1187.2 7.97266e-07 
1187.21 7.96771e-07 
1187.22 7.96274e-07 
1187.23 7.95778e-07 
1187.24 7.95281e-07 
1187.24 7.94786e-07 
1187.25 7.9429e-07 
1187.26 7.93795e-07 
1187.27 7.93298e-07 
1187.28 7.92805e-07 
1187.29 7.9231e-07 
1187.3 7.91814e-07 
1187.31 7.91321e-07 
1187.32 7.90827e-07 
1187.33 7.90333e-07 
1187.34 7.8984e-07 
1187.35 7.89346e-07 
1187.36 7.88853e-07 
1187.37 7.8836e-07 
1187.38 7.87867e-07 
1187.39 7.87375e-07 
1187.4 7.86882e-07 
1187.41 7.86391e-07 
1187.42 7.85898e-07 
1187.43 7.85408e-07 
1187.44 7.84915e-07 
1187.45 7.84425e-07 
1187.46 7.83934e-07 
1187.47 7.83444e-07 
1187.48 7.82954e-07 
1187.49 7.82464e-07 
1187.5 7.81974e-07 
1187.51 7.81484e-07 
1187.52 7.80994e-07 
1187.53 7.80505e-07 
1187.54 7.80016e-07 
1187.55 7.79528e-07 
1187.56 7.79039e-07 
1187.57 7.78551e-07 
1187.58 7.78063e-07 
1187.59 7.77576e-07 
1187.6 7.77088e-07 
1187.61 7.77082e-07 
1187.62 7.76595e-07 
1187.63 7.76108e-07 
1187.64 7.75621e-07 
1187.65 7.75135e-07 
1187.66 7.74649e-07 
1187.66 7.74163e-07 
1187.67 7.73676e-07 
1187.68 7.7319e-07 
1187.69 7.72705e-07 
1187.7 7.7222e-07 
1187.71 7.71735e-07 
1187.72 7.71251e-07 
1187.73 7.70765e-07 
1187.74 7.70281e-07 
1187.75 7.69798e-07 
1187.76 7.69314e-07 
1187.77 7.6883e-07 
1187.78 7.68347e-07 
1187.79 7.67864e-07 
1187.8 7.67381e-07 
1187.81 7.66898e-07 
1187.82 7.66416e-07 
1187.83 7.65934e-07 
1187.84 7.65453e-07 
1187.85 7.6497e-07 
1187.86 7.6449e-07 
1187.87 7.64008e-07 
1187.88 7.63528e-07 
1187.89 7.63047e-07 
1187.9 7.62566e-07 
1187.91 7.62086e-07 
1187.92 7.61606e-07 
1187.93 7.61127e-07 
1187.94 7.60647e-07 
1187.95 7.60168e-07 
1187.96 7.59689e-07 
1187.97 7.5921e-07 
1187.98 7.58732e-07 
1187.99 7.58253e-07 
1188 7.57775e-07 
1188.01 7.57297e-07 
1188.02 7.56819e-07 
1188.03 7.56342e-07 
1188.04 7.55866e-07 
1188.05 7.55389e-07 
1188.06 7.54913e-07 
1188.07 7.54436e-07 
1188.08 7.5396e-07 
1188.09 7.53484e-07 
1188.09 7.53008e-07 
1188.1 7.52533e-07 
1188.11 7.52057e-07 
1188.12 7.51584e-07 
1188.13 7.51109e-07 
1188.14 7.50635e-07 
1188.15 7.5016e-07 
1188.16 7.49686e-07 
1188.17 7.49213e-07 
1188.18 7.48739e-07 
1188.19 7.48265e-07 
1188.2 7.47793e-07 
1188.21 7.4732e-07 
1188.22 7.46848e-07 
1188.23 7.46375e-07 
1188.24 7.45903e-07 
1188.25 7.45432e-07 
1188.26 7.4496e-07 
1188.27 7.4449e-07 
1188.28 7.44019e-07 
1188.29 7.43547e-07 
1188.3 7.43077e-07 
1188.31 7.42606e-07 
1188.32 7.42137e-07 
1188.33 7.41666e-07 
1188.34 7.41197e-07 
1188.35 7.40729e-07 
1188.36 7.40259e-07 
1188.37 7.3979e-07 
1188.38 7.39321e-07 
1188.39 7.38854e-07 
1188.4 7.38385e-07 
1188.41 7.37917e-07 
1188.42 7.3745e-07 
1188.43 7.36982e-07 
1188.44 7.36515e-07 
1188.45 7.36048e-07 
1188.46 7.35582e-07 
1188.47 7.35115e-07 
1188.48 7.34649e-07 
1188.49 7.34183e-07 
1188.5 7.33717e-07 
1188.51 7.33252e-07 
1188.52 7.32787e-07 
1188.52 7.32322e-07 
1188.53 7.31858e-07 
1188.54 7.31394e-07 
1188.55 7.30929e-07 
1188.56 7.30466e-07 
1188.57 7.30002e-07 
1188.58 7.29539e-07 
1188.59 7.29076e-07 
1188.6 7.29064e-07 
1188.61 7.286e-07 
1188.62 7.28138e-07 
1188.63 7.27676e-07 
1188.64 7.27214e-07 
1188.65 7.26752e-07 
1188.66 7.2629e-07 
1188.67 7.25828e-07 
1188.68 7.25367e-07 
1188.69 7.24906e-07 
1188.7 7.24445e-07 
1188.71 7.23984e-07 
1188.72 7.23524e-07 
1188.73 7.23064e-07 
1188.74 7.22605e-07 
1188.75 7.22145e-07 
1188.76 7.21686e-07 
1188.77 7.21226e-07 
1188.78 7.20768e-07 
1188.79 7.20309e-07 
1188.8 7.19851e-07 
1188.81 7.19393e-07 
1188.82 7.18936e-07 
1188.83 7.18478e-07 
1188.84 7.1802e-07 
1188.85 7.17563e-07 
1188.86 7.17106e-07 
1188.87 7.1665e-07 
1188.88 7.16194e-07 
1188.89 7.15737e-07 
1188.9 7.15282e-07 
1188.91 7.14826e-07 
1188.92 7.1437e-07 
1188.93 7.13915e-07 
1188.94 7.13461e-07 
1188.94 7.13005e-07 
1188.95 7.12552e-07 
1188.96 7.12097e-07 
1188.97 7.11644e-07 
1188.98 7.11191e-07 
1188.99 7.10737e-07 
1189 7.10283e-07 
1189.01 7.09831e-07 
1189.02 7.09378e-07 
1189.03 7.08926e-07 
1189.04 7.08474e-07 
1189.05 7.08021e-07 
1189.06 7.07569e-07 
1189.07 7.07119e-07 
1189.08 7.06667e-07 
1189.09 7.06216e-07 
1189.1 7.05766e-07 
1189.11 7.05316e-07 
1189.12 7.04865e-07 
1189.13 7.04416e-07 
1189.14 7.03965e-07 
1189.15 7.03516e-07 
1189.16 7.03068e-07 
1189.17 7.02619e-07 
1189.18 7.02169e-07 
1189.19 7.01721e-07 
1189.2 7.01272e-07 
1189.21 7.00825e-07 
1189.22 7.00377e-07 
1189.23 6.9993e-07 
1189.24 6.99482e-07 
1189.25 6.99035e-07 
1189.26 6.98589e-07 
1189.27 6.98142e-07 
1189.28 6.97696e-07 
1189.29 6.9725e-07 
1189.3 6.96804e-07 
1189.31 6.96358e-07 
1189.32 6.95913e-07 
1189.33 6.95468e-07 
1189.34 6.95023e-07 
1189.35 6.94579e-07 
1189.36 6.94135e-07 
1189.36 6.9369e-07 
1189.37 6.93247e-07 
1189.38 6.92803e-07 
1189.39 6.9236e-07 
1189.4 6.91917e-07 
1189.41 6.91474e-07 
1189.42 6.91032e-07 
1189.43 6.90589e-07 
1189.44 6.90147e-07 
1189.45 6.89705e-07 
1189.46 6.89263e-07 
1189.47 6.88822e-07 
1189.48 6.88381e-07 
1189.49 6.8794e-07 
1189.5 6.875e-07 
1189.51 6.87059e-07 
1189.52 6.86619e-07 
1189.53 6.86179e-07 
1189.54 6.85739e-07 
1189.55 6.85299e-07 
1189.56 6.84861e-07 
1189.57 6.84421e-07 
1189.58 6.83983e-07 
1189.59 6.83544e-07 
1189.6 6.83106e-07 
1189.61 6.83091e-07 
1189.62 6.82653e-07 
1189.63 6.82215e-07 
1189.64 6.81777e-07 
1189.65 6.8134e-07 
1189.66 6.80903e-07 
1189.67 6.80467e-07 
1189.68 6.8003e-07 
1189.69 6.79594e-07 
1189.7 6.79158e-07 
1189.71 6.78722e-07 
1189.72 6.78285e-07 
1189.73 6.7785e-07 
1189.74 6.77415e-07 
1189.75 6.7698e-07 
1189.76 6.76546e-07 
1189.77 6.76111e-07 
1189.78 6.75677e-07 
1189.79 6.75243e-07 
1189.79 6.7481e-07 
1189.8 6.74375e-07 
1189.81 6.73943e-07 
1189.82 6.7351e-07 
1189.83 6.73077e-07 
1189.84 6.72645e-07 
1189.85 6.72212e-07 
1189.86 6.7178e-07 
1189.87 6.71349e-07 
1189.88 6.70917e-07 
1189.89 6.70486e-07 
1189.9 6.70054e-07 
1189.91 6.69623e-07 
1189.92 6.69192e-07 
1189.93 6.68762e-07 
1189.94 6.68332e-07 
1189.95 6.67902e-07 
1189.96 6.67473e-07 
1189.97 6.67042e-07 
1189.98 6.66614e-07 
1189.99 6.66184e-07 
1190 6.65756e-07 
1190.01 6.65327e-07 
1190.02 6.64899e-07 
1190.03 6.64471e-07 
1190.04 6.64043e-07 
1190.05 6.63615e-07 
1190.06 6.63188e-07 
1190.07 6.62762e-07 
1190.08 6.62335e-07 
1190.09 6.61907e-07 
1190.1 6.61481e-07 
1190.11 6.61054e-07 
1190.12 6.60628e-07 
1190.13 6.60202e-07 
1190.14 6.59778e-07 
1190.15 6.59351e-07 
1190.16 6.58926e-07 
1190.17 6.58501e-07 
1190.18 6.58076e-07 
1190.19 6.57652e-07 
1190.2 6.57228e-07 
1190.21 6.56804e-07 
1190.21 6.56379e-07 
1190.22 6.55957e-07 
1190.23 6.55534e-07 
1190.24 6.5511e-07 
1190.25 6.54687e-07 
1190.26 6.54265e-07 
1190.27 6.53842e-07 
1190.28 6.5342e-07 
1190.29 6.52998e-07 
1190.3 6.52576e-07 
1190.31 6.52155e-07 
1190.32 6.51733e-07 
1190.33 6.51313e-07 
1190.34 6.50891e-07 
1190.35 6.5047e-07 
1190.36 6.50051e-07 
1190.37 6.4963e-07 
1190.38 6.49211e-07 
1190.39 6.4879e-07 
1190.4 6.48371e-07 
1190.41 6.47951e-07 
1190.42 6.47532e-07 
1190.43 6.47113e-07 
1190.44 6.46694e-07 
1190.45 6.46276e-07 
1190.46 6.45857e-07 
1190.47 6.45439e-07 
1190.48 6.45022e-07 
1190.49 6.44603e-07 
1190.5 6.44186e-07 
1190.51 6.43768e-07 
1190.52 6.43351e-07 
1190.53 6.42934e-07 
1190.54 6.42518e-07 
1190.55 6.42102e-07 
1190.56 6.41685e-07 
1190.57 6.41268e-07 
1190.58 6.40853e-07 
1190.59 6.40438e-07 
1190.6 6.40023e-07 
1190.61 6.40002e-07 
1190.62 6.39588e-07 
1190.63 6.39172e-07 
1190.64 6.38758e-07 
1190.64 6.38343e-07 
1190.65 6.37928e-07 
1190.66 6.37515e-07 
1190.67 6.371e-07 
1190.68 6.36687e-07 
1190.69 6.36272e-07 
1190.7 6.3586e-07 
1190.71 6.35446e-07 
1190.72 6.35033e-07 
1190.73 6.34621e-07 
1190.74 6.34207e-07 
1190.75 6.33795e-07 
1190.76 6.33383e-07 
1190.77 6.3297e-07 
1190.78 6.32559e-07 
1190.79 6.32146e-07 
1190.8 6.31736e-07 
1190.81 6.31323e-07 
1190.82 6.30914e-07 
1190.83 6.30502e-07 
1190.84 6.30091e-07 
1190.85 6.29681e-07 
1190.86 6.29271e-07 
1190.87 6.28861e-07 
1190.88 6.28449e-07 
1190.89 6.2804e-07 
1190.9 6.2763e-07 
1190.91 6.27221e-07 
1190.92 6.26812e-07 
1190.93 6.26403e-07 
1190.94 6.25994e-07 
1190.95 6.25584e-07 
1190.96 6.25177e-07 
1190.97 6.24767e-07 
1190.98 6.24359e-07 
1190.99 6.23951e-07 
1191 6.23544e-07 
1191.01 6.23136e-07 
1191.02 6.22728e-07 
1191.03 6.2232e-07 
1191.04 6.21914e-07 
1191.05 6.21506e-07 
1191.06 6.21099e-07 
1191.07 6.20693e-07 
1191.07 6.20286e-07 
1191.08 6.1988e-07 
1191.09 6.19474e-07 
1191.1 6.19068e-07 
1191.11 6.18661e-07 
1191.12 6.18257e-07 
1191.13 6.17851e-07 
1191.14 6.17446e-07 
1191.15 6.17041e-07 
1191.16 6.16635e-07 
1191.17 6.1623e-07 
1191.18 6.15825e-07 
1191.19 6.15421e-07 
1191.2 6.15017e-07 
1191.21 6.14612e-07 
1191.22 6.14207e-07 
1191.23 6.13805e-07 
1191.24 6.134e-07 
1191.25 6.12997e-07 
1191.26 6.12593e-07 
1191.27 6.1219e-07 
1191.28 6.11786e-07 
1191.29 6.11383e-07 
1191.3 6.1098e-07 
1191.31 6.10578e-07 
1191.32 6.10174e-07 
1191.33 6.09771e-07 
1191.34 6.09369e-07 
1191.35 6.08967e-07 
1191.36 6.08565e-07 
1191.37 6.08163e-07 
1191.38 6.07761e-07 
1191.39 6.0736e-07 
1191.4 6.06957e-07 
1191.41 6.06556e-07 
1191.42 6.06156e-07 
1191.43 6.05753e-07 
1191.44 6.05353e-07 
1191.45 6.04952e-07 
1191.46 6.04551e-07 
1191.47 6.0415e-07 
1191.48 6.0375e-07 
1191.49 6.03348e-07 
1191.49 6.02949e-07 
1191.5 6.02548e-07 
1191.51 6.02149e-07 
1191.52 6.01748e-07 
1191.53 6.01348e-07 
1191.54 6.00949e-07 
1191.55 6.00549e-07 
1191.56 6.00149e-07 
1191.57 5.9975e-07 
1191.58 5.99351e-07 
1191.59 5.98952e-07 
1191.6 5.98922e-07 
1191.61 5.98523e-07 
1191.62 5.98124e-07 
1191.63 5.97725e-07 
1191.64 5.97326e-07 
1191.65 5.96927e-07 
1191.66 5.96528e-07 
1191.67 5.96129e-07 
1191.68 5.9573e-07 
1191.69 5.95332e-07 
1191.7 5.94934e-07 
1191.71 5.94535e-07 
1191.72 5.94137e-07 
1191.73 5.93739e-07 
1191.74 5.93341e-07 
1191.75 5.92943e-07 
1191.76 5.92545e-07 
1191.77 5.92147e-07 
1191.78 5.91749e-07 
1191.79 5.91352e-07 
1191.8 5.90955e-07 
1191.81 5.90557e-07 
1191.82 5.90159e-07 
1191.83 5.89762e-07 
1191.84 5.89364e-07 
1191.85 5.88967e-07 
1191.86 5.8857e-07 
1191.87 5.88172e-07 
1191.88 5.87776e-07 
1191.89 5.87378e-07 
1191.9 5.86981e-07 
1191.91 5.86584e-07 
1191.92 5.86187e-07 
1191.92 5.85791e-07 
1191.93 5.85394e-07 
1191.94 5.84997e-07 
1191.95 5.84601e-07 
1191.96 5.84204e-07 
1191.97 5.83807e-07 
1191.98 5.83411e-07 
1191.99 5.83015e-07 
1192 5.82618e-07 
1192.01 5.82221e-07 
1192.02 5.81825e-07 
1192.03 5.81428e-07 
1192.04 5.81032e-07 
1192.05 5.80635e-07 
1192.06 5.80239e-07 
1192.07 5.79843e-07 
1192.08 5.79447e-07 
1192.09 5.7905e-07 
1192.1 5.78655e-07 
1192.11 5.78258e-07 
1192.12 5.77862e-07 
1192.13 5.77466e-07 
1192.14 5.77069e-07 
1192.15 5.76674e-07 
1192.16 5.76278e-07 
1192.17 5.75881e-07 
1192.18 5.75485e-07 
1192.19 5.75089e-07 
1192.2 5.74692e-07 
1192.21 5.74297e-07 
1192.22 5.739e-07 
1192.23 5.73505e-07 
1192.24 5.73108e-07 
1192.25 5.72711e-07 
1192.26 5.72316e-07 
1192.27 5.7192e-07 
1192.28 5.71523e-07 
1192.29 5.71127e-07 
1192.3 5.70731e-07 
1192.31 5.70334e-07 
1192.32 5.69938e-07 
1192.33 5.69542e-07 
1192.34 5.69145e-07 
1192.34 5.68748e-07 
1192.35 5.68352e-07 
1192.36 5.67956e-07 
1192.37 5.67559e-07 
1192.38 5.67162e-07 
1192.39 5.66765e-07 
1192.4 5.66369e-07 
1192.41 5.65972e-07 
1192.42 5.65575e-07 
1192.43 5.65179e-07 
1192.44 5.64781e-07 
1192.45 5.64385e-07 
1192.46 5.63987e-07 
1192.47 5.63591e-07 
1192.48 5.63193e-07 
1192.49 5.62796e-07 
1192.5 5.62398e-07 
1192.51 5.62001e-07 
1192.52 5.61604e-07 
1192.53 5.61206e-07 
1192.54 5.60809e-07 
1192.55 5.60411e-07 
1192.56 5.60013e-07 
1192.57 5.59615e-07 
1192.58 5.59217e-07 
1192.59 5.58819e-07 
1192.6 5.58421e-07 
1192.61 5.58367e-07 
1192.62 5.57969e-07 
1192.63 5.5757e-07 
1192.64 5.57172e-07 
1192.65 5.56772e-07 
1192.66 5.56373e-07 
1192.67 5.55974e-07 
1192.68 5.55574e-07 
1192.69 5.55175e-07 
1192.7 5.54776e-07 
1192.71 5.54376e-07 
1192.72 5.53976e-07 
1192.73 5.53576e-07 
1192.74 5.53176e-07 
1192.75 5.52776e-07 
1192.76 5.52376e-07 
1192.77 5.51975e-07 
1192.77 5.51574e-07 
1192.78 5.51173e-07 
1192.79 5.50773e-07 
1192.8 5.50371e-07 
1192.81 5.4997e-07 
1192.82 5.49569e-07 
1192.83 5.49167e-07 
1192.84 5.48766e-07 
1192.85 5.48363e-07 
1192.86 5.47961e-07 
1192.87 5.47558e-07 
1192.88 5.47156e-07 
1192.89 5.46754e-07 
1192.9 5.46351e-07 
1192.91 5.45947e-07 
1192.92 5.45545e-07 
1192.93 5.45141e-07 
1192.94 5.44737e-07 
1192.95 5.44334e-07 
1192.96 5.4393e-07 
1192.97 5.43525e-07 
1192.98 5.43121e-07 
1192.99 5.42716e-07 
1193 5.42311e-07 
1193.01 5.41906e-07 
1193.02 5.415e-07 
1193.03 5.41095e-07 
1193.04 5.40689e-07 
1193.05 5.40283e-07 
1193.06 5.39878e-07 
1193.07 5.39471e-07 
1193.08 5.39064e-07 
1193.09 5.38657e-07 
1193.1 5.3825e-07 
1193.11 5.37843e-07 
1193.12 5.37434e-07 
1193.13 5.37027e-07 
1193.14 5.36619e-07 
1193.15 5.3621e-07 
1193.16 5.35801e-07 
1193.17 5.35392e-07 
1193.18 5.34982e-07 
1193.19 5.34573e-07 
1193.19 5.34163e-07 
1193.2 5.33753e-07 
1193.21 5.33342e-07 
1193.22 5.32932e-07 
1193.23 5.32521e-07 
1193.24 5.3211e-07 
1193.25 5.31698e-07 
1193.26 5.31286e-07 
1193.27 5.30873e-07 
1193.28 5.30461e-07 
1193.29 5.30047e-07 
1193.3 5.29634e-07 
1193.31 5.29221e-07 
1193.32 5.28807e-07 
1193.33 5.28392e-07 
1193.34 5.27979e-07 
1193.35 5.27563e-07 
1193.36 5.27148e-07 
1193.37 5.26733e-07 
1193.38 5.26316e-07 
1193.39 5.259e-07 
1193.4 5.25484e-07 
1193.41 5.25067e-07 
1193.42 5.24649e-07 
1193.43 5.24232e-07 
1193.44 5.23813e-07 
1193.45 5.23395e-07 
1193.46 5.22976e-07 
1193.47 5.22557e-07 
1193.48 5.22137e-07 
1193.49 5.21718e-07 
1193.5 5.21298e-07 
1193.51 5.20876e-07 
1193.52 5.20455e-07 
1193.53 5.20033e-07 
1193.54 5.19611e-07 
1193.55 5.19188e-07 
1193.56 5.18765e-07 
1193.57 5.18342e-07 
1193.58 5.17918e-07 
1193.59 5.17494e-07 
1193.6 5.17069e-07 
1193.61 5.16964e-07 
1193.62 5.16537e-07 
1193.62 5.16111e-07 
1193.63 5.15685e-07 
1193.64 5.15258e-07 
1193.65 5.14831e-07 
1193.66 5.14402e-07 
1193.67 5.13974e-07 
1193.68 5.13545e-07 
1193.69 5.13115e-07 
1193.7 5.12685e-07 
1193.71 5.12255e-07 
1193.72 5.11824e-07 
1193.73 5.11393e-07 
1193.74 5.10961e-07 
1193.75 5.10528e-07 
1193.76 5.10095e-07 
1193.77 5.09662e-07 
1193.78 5.09228e-07 
1193.79 5.08793e-07 
1193.8 5.08359e-07 
1193.81 5.07923e-07 
1193.82 5.07487e-07 
1193.83 5.07051e-07 
1193.84 5.06613e-07 
1193.85 5.06176e-07 
1193.86 5.05737e-07 
1193.87 5.05298e-07 
1193.88 5.04859e-07 
1193.89 5.0442e-07 
1193.9 5.03979e-07 
1193.91 5.03539e-07 
1193.92 5.03096e-07 
1193.93 5.02654e-07 
1193.94 5.02211e-07 
1193.95 5.01769e-07 
1193.96 5.01324e-07 
1193.97 5.0088e-07 
1193.98 5.00435e-07 
1193.99 4.99989e-07 
1194 4.99543e-07 
1194.01 4.99096e-07 
1194.02 4.98648e-07 
1194.03 4.982e-07 
1194.04 4.97751e-07 
1194.05 4.97301e-07 
1194.05 4.96852e-07 
1194.06 4.96401e-07 
1194.07 4.9595e-07 
1194.08 4.95497e-07 
1194.09 4.95045e-07 
1194.1 4.94591e-07 
1194.11 4.94138e-07 
1194.12 4.93683e-07 
1194.13 4.93228e-07 
1194.14 4.92771e-07 
1194.15 4.92315e-07 
1194.16 4.91857e-07 
1194.17 4.91399e-07 
1194.18 4.90941e-07 
1194.19 4.90481e-07 
1194.2 4.90021e-07 
1194.21 4.8956e-07 
1194.22 4.89099e-07 
1194.23 4.88636e-07 
1194.24 4.88173e-07 
1194.25 4.87709e-07 
1194.26 4.87244e-07 
1194.27 4.8678e-07 
1194.28 4.86314e-07 
1194.29 4.85847e-07 
1194.3 4.85379e-07 
1194.31 4.84911e-07 
1194.32 4.84443e-07 
1194.33 4.83973e-07 
1194.34 4.83502e-07 
1194.35 4.83031e-07 
1194.36 4.82559e-07 
1194.37 4.82086e-07 
1194.38 4.81613e-07 
1194.39 4.81138e-07 
1194.4 4.80663e-07 
1194.41 4.80188e-07 
1194.42 4.79711e-07 
1194.43 4.79233e-07 
1194.44 4.78755e-07 
1194.45 4.78275e-07 
1194.46 4.77795e-07 
1194.47 4.77315e-07 
1194.47 4.76833e-07 
1194.48 4.76351e-07 
1194.49 4.75868e-07 
1194.5 4.75384e-07 
1194.51 4.74899e-07 
1194.52 4.74413e-07 
1194.53 4.73927e-07 
1194.54 4.7344e-07 
1194.55 4.72952e-07 
1194.56 4.72462e-07 
1194.57 4.71973e-07 
1194.58 4.71482e-07 
1194.59 4.70991e-07 
1194.6 4.70499e-07 
1194.61 4.70295e-07 
1194.62 4.69802e-07 
1194.63 4.69306e-07 
1194.64 4.6881e-07 
1194.65 4.68314e-07 
1194.66 4.67816e-07 
1194.67 4.67317e-07 
1194.68 4.66818e-07 
1194.69 4.66319e-07 
1194.7 4.65818e-07 
1194.71 4.65316e-07 
1194.72 4.64814e-07 
1194.73 4.64311e-07 
1194.74 4.63806e-07 
1194.75 4.63302e-07 
1194.76 4.62796e-07 
1194.77 4.6229e-07 
1194.78 4.61783e-07 
1194.79 4.61275e-07 
1194.8 4.60767e-07 
1194.81 4.60257e-07 
1194.82 4.59748e-07 
1194.83 4.59237e-07 
1194.84 4.58726e-07 
1194.85 4.58214e-07 
1194.86 4.57701e-07 
1194.87 4.57188e-07 
1194.88 4.56675e-07 
1194.89 4.5616e-07 
1194.9 4.55645e-07 
1194.9 4.5513e-07 
1194.91 4.54614e-07 
1194.92 4.54098e-07 
1194.93 4.5358e-07 
1194.94 4.53063e-07 
1194.95 4.52546e-07 
1194.96 4.52028e-07 
1194.97 4.51509e-07 
1194.98 4.50991e-07 
1194.99 4.50472e-07 
1195 4.49954e-07 
1195.01 4.49435e-07 
1195.02 4.48915e-07 
1195.03 4.48396e-07 
1195.04 4.47877e-07 
1195.05 4.47359e-07 
1195.06 4.4684e-07 
1195.07 4.46321e-07 
1195.08 4.45803e-07 
1195.09 4.45285e-07 
1195.1 4.44768e-07 
1195.11 4.44251e-07 
1195.12 4.43734e-07 
1195.13 4.43219e-07 
1195.14 4.42705e-07 
1195.15 4.4219e-07 
1195.16 4.41678e-07 
1195.17 4.41167e-07 
1195.18 4.40656e-07 
1195.19 4.40147e-07 
1195.2 4.3964e-07 
1195.21 4.39134e-07 
1195.22 4.38629e-07 
1195.23 4.38128e-07 
1195.24 4.37628e-07 
1195.25 4.3713e-07 
1195.26 4.36634e-07 
1195.27 4.36141e-07 
1195.28 4.35651e-07 
1195.29 4.35164e-07 
1195.3 4.34679e-07 
1195.31 4.34198e-07 
1195.32 4.33721e-07 
1195.32 4.33248e-07 
1195.33 4.32778e-07 
1195.34 4.32312e-07 
1195.35 4.31851e-07 
1195.36 4.31395e-07 
1195.37 4.30944e-07 
1195.38 4.30497e-07 
1195.39 4.30057e-07 
1195.4 4.29622e-07 
1195.41 4.29194e-07 
1195.42 4.28772e-07 
1195.43 4.28357e-07 
1195.44 4.27949e-07 
1195.45 4.27549e-07 
1195.46 4.27156e-07 
1195.47 4.26773e-07 
1195.48 4.264e-07 
1195.49 4.26034e-07 
1195.5 4.25677e-07 
1195.51 4.25331e-07 
1195.52 4.24995e-07 
1195.53 4.2467e-07 
1195.54 4.24356e-07 
1195.55 4.24055e-07 
1195.56 4.23766e-07 
1195.57 4.2349e-07 
1195.58 4.23227e-07 
1195.59 4.22979e-07 
1195.6 4.22746e-07 
1195.61 4.22788e-07 
1195.62 4.22585e-07 
1195.63 4.224e-07 
1195.64 4.22232e-07 
1195.65 4.22081e-07 
1195.66 4.2195e-07 
1195.67 4.21838e-07 
1195.68 4.21746e-07 
1195.69 4.21675e-07 
1195.7 4.21626e-07 
1195.71 4.21599e-07 
1195.72 4.21596e-07 
1195.73 4.21626e-07 
1195.74 4.21672e-07 
1195.75 4.21745e-07 
1195.75 4.21844e-07 
1195.76 4.21971e-07 
1195.77 4.22126e-07 
1195.78 4.22312e-07 
1195.79 4.22529e-07 
1195.8 4.22778e-07 
1195.81 4.23059e-07 
1195.82 4.23374e-07 
1195.83 4.23724e-07 
1195.84 4.2411e-07 
1195.85 4.24533e-07 
1195.86 4.24994e-07 
1195.87 4.25496e-07 
1195.88 4.26037e-07 
1195.89 4.26621e-07 
1195.9 4.27247e-07 
1195.91 4.27918e-07 
1195.92 4.28635e-07 
1195.93 4.29398e-07 
1195.94 4.3021e-07 
1195.95 4.31071e-07 
1195.96 4.31983e-07 
1195.97 4.32947e-07 
1195.98 4.33986e-07 
1195.99 4.35059e-07 
1196 4.36188e-07 
1196.01 4.37375e-07 
1196.02 4.38622e-07 
1196.03 4.39928e-07 
1196.04 4.41297e-07 
1196.05 4.42729e-07 
1196.06 4.44226e-07 
1196.07 4.4579e-07 
1196.08 4.4742e-07 
1196.09 4.49121e-07 
1196.1 4.50892e-07 
1196.11 4.52735e-07 
1196.12 4.54652e-07 
1196.13 4.56644e-07 
1196.14 4.58712e-07 
1196.15 4.6086e-07 
1196.16 4.63086e-07 
1196.17 4.65393e-07 
1196.17 4.67783e-07 
1196.18 4.70257e-07 
1196.19 4.72816e-07 
1196.2 4.75462e-07 
1196.21 4.78196e-07 
1196.22 4.81065e-07 
1196.23 4.83981e-07 
1196.24 4.86989e-07 
1196.25 4.90091e-07 
1196.26 4.93287e-07 
1196.27 4.9658e-07 
1196.28 4.99971e-07 
1196.29 5.0346e-07 
1196.3 5.07049e-07 
1196.31 5.10739e-07 
1196.32 5.14531e-07 
1196.33 5.18426e-07 
1196.34 5.22425e-07 
1196.35 5.26529e-07 
1196.36 5.3074e-07 
1196.37 5.35057e-07 
1196.38 5.39483e-07 
1196.39 5.44016e-07 
1196.4 5.4866e-07 
1196.41 5.53412e-07 
1196.42 5.58276e-07 
1196.43 5.63251e-07 
1196.44 5.68337e-07 
1196.45 5.73535e-07 
1196.46 5.78845e-07 
1196.47 5.84268e-07 
1196.48 5.89883e-07 
1196.49 5.95533e-07 
1196.5 6.01296e-07 
1196.51 6.07171e-07 
1196.52 6.1316e-07 
1196.53 6.1926e-07 
1196.54 6.25473e-07 
1196.55 6.31798e-07 
1196.56 6.38234e-07 
1196.57 6.44781e-07 
1196.58 6.51437e-07 
1196.59 6.58202e-07 
1196.6 6.65076e-07 
1196.6 6.72473e-07 
1196.61 6.79564e-07 
1196.62 6.86761e-07 
1196.63 6.94062e-07 
1196.64 7.01466e-07 
1196.65 7.08969e-07 
1196.66 7.16573e-07 
1196.67 7.24275e-07 
1196.68 7.32072e-07 
1196.69 7.39963e-07 
1196.7 7.47945e-07 
1196.71 7.56018e-07 
1196.72 7.64178e-07 
1196.73 7.72536e-07 
1196.74 7.80864e-07 
1196.75 7.89272e-07 
1196.76 7.97757e-07 
1196.77 8.06316e-07 
1196.78 8.14946e-07 
1196.79 8.23644e-07 
1196.8 8.32409e-07 
1196.81 8.41234e-07 
1196.82 8.50118e-07 
1196.83 8.59057e-07 
1196.84 8.68047e-07 
1196.85 8.77085e-07 
1196.86 8.86166e-07 
1196.87 8.95287e-07 
1196.88 9.04445e-07 
1196.89 9.13633e-07 
1196.9 9.2285e-07 
1196.91 9.32089e-07 
1196.92 9.41349e-07 
1196.93 9.50621e-07 
1196.94 9.59904e-07 
1196.95 9.69193e-07 
1196.96 9.78482e-07 
1196.97 9.87766e-07 
1196.98 9.97167e-07 
1196.99 1.00643e-06 
1197 1.01567e-06 
1197.01 1.02489e-06 
1197.02 1.03408e-06 
1197.03 1.04323e-06 
1197.03 1.05234e-06 
1197.04 1.06141e-06 
1197.05 1.07043e-06 
1197.06 1.0794e-06 
1197.07 1.0883e-06 
1197.08 1.09714e-06 
1197.09 1.1059e-06 
1197.1 1.11459e-06 
1197.11 1.1232e-06 
1197.12 1.13172e-06 
1197.13 1.14014e-06 
1197.14 1.14847e-06 
1197.15 1.15669e-06 
1197.16 1.1648e-06 
1197.17 1.1728e-06 
1197.18 1.18068e-06 
1197.19 1.18843e-06 
1197.2 1.19605e-06 
1197.21 1.20353e-06 
1197.22 1.21088e-06 
1197.23 1.21817e-06 
1197.24 1.22522e-06 
1197.25 1.2321e-06 
1197.26 1.23883e-06 
1197.27 1.24539e-06 
1197.28 1.25178e-06 
1197.29 1.25799e-06 
1197.3 1.26402e-06 
1197.31 1.26987e-06 
1197.32 1.27553e-06 
1197.33 1.28099e-06 
1197.34 1.28626e-06 
1197.35 1.29133e-06 
1197.36 1.29618e-06 
1197.37 1.30083e-06 
1197.38 1.30527e-06 
1197.39 1.30949e-06 
1197.4 1.31349e-06 
1197.41 1.31726e-06 
1197.42 1.32081e-06 
1197.43 1.32413e-06 
1197.44 1.32721e-06 
1197.45 1.33006e-06 
1197.45 1.33267e-06 
1197.46 1.33505e-06 
1197.47 1.33718e-06 
1197.48 1.33909e-06 
1197.49 1.34073e-06 
1197.5 1.34212e-06 
1197.51 1.34326e-06 
1197.52 1.34415e-06 
1197.53 1.34478e-06 
1197.54 1.34516e-06 
1197.55 1.34529e-06 
1197.56 1.34517e-06 
1197.57 1.34479e-06 
1197.58 1.34415e-06 
1197.59 1.34327e-06 
1197.6 1.34212e-06 
1197.61 1.34155e-06 
1197.62 1.3399e-06 
1197.63 1.33799e-06 
1197.64 1.33583e-06 
1197.65 1.33342e-06 
1197.66 1.33076e-06 
1197.67 1.32785e-06 
1197.68 1.3247e-06 
1197.69 1.3213e-06 
1197.7 1.31766e-06 
1197.71 1.31378e-06 
1197.72 1.30966e-06 
1197.73 1.30526e-06 
1197.74 1.30067e-06 
1197.75 1.29584e-06 
1197.76 1.2908e-06 
1197.77 1.28552e-06 
1197.78 1.28003e-06 
1197.79 1.27432e-06 
1197.8 1.2684e-06 
1197.81 1.26227e-06 
1197.82 1.25594e-06 
1197.83 1.2494e-06 
1197.84 1.24267e-06 
1197.85 1.23575e-06 
1197.86 1.22864e-06 
1197.87 1.22134e-06 
1197.88 1.21387e-06 
1197.88 1.20623e-06 
1197.89 1.19842e-06 
1197.9 1.19045e-06 
1197.91 1.18232e-06 
1197.92 1.17405e-06 
1197.93 1.16562e-06 
1197.94 1.15706e-06 
1197.95 1.14836e-06 
1197.96 1.13954e-06 
1197.97 1.13059e-06 
1197.98 1.12143e-06 
1197.99 1.11225e-06 
1198 1.10298e-06 
1198.01 1.0936e-06 
1198.02 1.08414e-06 
1198.03 1.0746e-06 
1198.04 1.06497e-06 
1198.05 1.05528e-06 
1198.06 1.04552e-06 
1198.07 1.0357e-06 
1198.08 1.02584e-06 
1198.09 1.01593e-06 
1198.1 1.00598e-06 
1198.11 9.96004e-07 
1198.12 9.86006e-07 
1198.13 9.75992e-07 
1198.14 9.65968e-07 
1198.15 9.55943e-07 
1198.16 9.45923e-07 
1198.17 9.35917e-07 
1198.18 9.2593e-07 
1198.19 9.1597e-07 
1198.2 9.06042e-07 
1198.21 8.96158e-07 
1198.22 8.86321e-07 
1198.23 8.76429e-07 
1198.24 8.66712e-07 
1198.25 8.57064e-07 
1198.26 8.47494e-07 
1198.27 8.38009e-07 
1198.28 8.28616e-07 
1198.29 8.19323e-07 
1198.3 8.10135e-07 
1198.3 8.01061e-07 
1198.31 7.92109e-07 
1198.32 7.83285e-07 
1198.33 7.74597e-07 
1198.34 7.66051e-07 
1198.35 7.57655e-07 
1198.36 7.49417e-07 
1198.37 7.41344e-07 
1198.38 7.33443e-07 
1198.39 7.25721e-07 
1198.4 7.18185e-07 
1198.41 7.10844e-07 
1198.42 7.03703e-07 
1198.43 6.96771e-07 
1198.44 6.90054e-07 
1198.45 6.83561e-07 
1198.46 6.77298e-07 
1198.47 6.71272e-07 
1198.48 6.65431e-07 
1198.49 6.59905e-07 
1198.5 6.54639e-07 
1198.51 6.49639e-07 
1198.52 6.44913e-07 
1198.53 6.40468e-07 
1198.54 6.36312e-07 
1198.55 6.32452e-07 
1198.56 6.28894e-07 
1198.57 6.25647e-07 
1198.58 6.22718e-07 
1198.59 6.20112e-07 
1198.6 6.17839e-07 
1198.61 6.16285e-07 
1198.62 6.14697e-07 
1198.63 6.13463e-07 
1198.64 6.1259e-07 
1198.65 6.12084e-07 
1198.66 6.11956e-07 
1198.67 6.12209e-07 
1198.68 6.12852e-07 
1198.69 6.13892e-07 
1198.7 6.15337e-07 
1198.71 6.17192e-07 
1198.72 6.19465e-07 
1198.73 6.22212e-07 
1198.73 6.25348e-07 
1198.74 6.28923e-07 
1198.75 6.32944e-07 
1198.76 6.37418e-07 
1198.77 6.4235e-07 
1198.78 6.47749e-07 
1198.79 6.5362e-07 
1198.8 6.59971e-07 
1198.81 6.66806e-07 
1198.82 6.74134e-07 
1198.83 6.81959e-07 
1198.84 6.90289e-07 
1198.85 6.99128e-07 
1198.86 7.08484e-07 
1198.87 7.1836e-07 
1198.88 7.28764e-07 
1198.89 7.39701e-07 
1198.9 7.51175e-07 
1198.91 7.63193e-07 
1198.92 7.75757e-07 
1198.93 7.88875e-07 
1198.94 8.0255e-07 
1198.95 8.16786e-07 
1198.96 8.31587e-07 
1198.97 8.46957e-07 
1198.98 8.63116e-07 
1198.99 8.79641e-07 
1199 8.96747e-07 
1199.01 9.14434e-07 
1199.02 9.32707e-07 
1199.03 9.51567e-07 
1199.04 9.71015e-07 
1199.05 9.91052e-07 
1199.06 1.01168e-06 
1199.07 1.0329e-06 
1199.08 1.05472e-06 
1199.09 1.07713e-06 
1199.1 1.10013e-06 
1199.11 1.12372e-06 
1199.12 1.1479e-06 
1199.13 1.17268e-06 
1199.14 1.19804e-06 
1199.15 1.22399e-06 
1199.15 1.25052e-06 
1199.16 1.27762e-06 
1199.17 1.30531e-06 
1199.18 1.33357e-06 
1199.19 1.36239e-06 
1199.2 1.39177e-06 
1199.21 1.42172e-06 
1199.22 1.45261e-06 
1199.23 1.48365e-06 
1199.24 1.51522e-06 
1199.25 1.54733e-06 
1199.26 1.57995e-06 
1199.27 1.61309e-06 
1199.28 1.64673e-06 
1199.29 1.68086e-06 
1199.3 1.71547e-06 
1199.31 1.75055e-06 
1199.32 1.78609e-06 
1199.33 1.82207e-06 
1199.34 1.85849e-06 
1199.35 1.89532e-06 
1199.36 1.93257e-06 
1199.37 1.9702e-06 
1199.38 2.00822e-06 
1199.39 2.04658e-06 
1199.4 2.0853e-06 
1199.41 2.12434e-06 
1199.42 2.1637e-06 
1199.43 2.20334e-06 
1199.44 2.24326e-06 
1199.45 2.28344e-06 
1199.46 2.32385e-06 
1199.47 2.36448e-06 
1199.48 2.40582e-06 
1199.49 2.44682e-06 
1199.5 2.48798e-06 
1199.51 2.52926e-06 
1199.52 2.57065e-06 
1199.53 2.61213e-06 
1199.54 2.65367e-06 
1199.55 2.69526e-06 
1199.56 2.73685e-06 
1199.57 2.77844e-06 
1199.58 2.82e-06 
1199.58 2.8615e-06 
1199.59 2.90292e-06 
1199.6 2.94422e-06 
1199.61 2.98723e-06 
1199.62 3.02827e-06 
1199.63 3.06912e-06 
1199.64 3.10976e-06 
1199.65 3.15017e-06 
1199.66 3.1903e-06 
1199.67 3.23015e-06 
1199.68 3.26967e-06 
1199.69 3.30885e-06 
1199.7 3.34766e-06 
1199.71 3.38607e-06 
1199.72 3.42405e-06 
1199.73 3.46206e-06 
1199.74 3.49911e-06 
1199.75 3.53565e-06 
1199.76 3.57166e-06 
1199.77 3.60711e-06 
1199.78 3.64199e-06 
1199.79 3.67625e-06 
1199.8 3.70987e-06 
1199.81 3.74284e-06 
1199.82 3.77513e-06 
1199.83 3.80671e-06 
1199.84 3.83755e-06 
1199.85 3.86765e-06 
1199.86 3.89696e-06 
1199.87 3.92547e-06 
1199.88 3.95317e-06 
1199.89 3.98001e-06 
1199.9 4.006e-06 
1199.91 4.03111e-06 
1199.92 4.0553e-06 
1199.93 4.07858e-06 
1199.94 4.10092e-06 
1199.95 4.1223e-06 
1199.96 4.1427e-06 
1199.97 4.16211e-06 
1199.98 4.18074e-06 
1199.99 4.19812e-06 
1200 4.21446e-06 
1200.01 4.22976e-06 
1200.01 4.24399e-06 
1200.02 4.25715e-06 
1200.03 4.26923e-06 
1200.04 4.28023e-06 
1200.05 4.29012e-06 
1200.06 4.29891e-06 
1200.07 4.30658e-06 
1200.08 4.31314e-06 
1200.09 4.31858e-06 
1200.1 4.32288e-06 
1200.11 4.32606e-06 
1200.12 4.32811e-06 
1200.13 4.32903e-06 
1200.14 4.3288e-06 
1200.15 4.32745e-06 
1200.16 4.32497e-06 
1200.17 4.32137e-06 
1200.18 4.31663e-06 
1200.19 4.31078e-06 
1200.2 4.30382e-06 
1200.21 4.29574e-06 
1200.22 4.28658e-06 
1200.23 4.27619e-06 
1200.24 4.26484e-06 
1200.25 4.2524e-06 
1200.26 4.23892e-06 
1200.27 4.22438e-06 
1200.28 4.20881e-06 
1200.29 4.19221e-06 
1200.3 4.17461e-06 
1200.31 4.15602e-06 
1200.32 4.13644e-06 
1200.33 4.1159e-06 
1200.34 4.09442e-06 
1200.35 4.07202e-06 
1200.36 4.0487e-06 
1200.37 4.0245e-06 
1200.38 3.99944e-06 
1200.39 3.97352e-06 
1200.4 3.94677e-06 
1200.41 3.91923e-06 
1200.42 3.8909e-06 
1200.43 3.8618e-06 
1200.43 3.83197e-06 
1200.44 3.80143e-06 
1200.45 3.77019e-06 
1200.46 3.73829e-06 
1200.47 3.70574e-06 
1200.48 3.67217e-06 
1200.49 3.6384e-06 
1200.5 3.60407e-06 
1200.51 3.56921e-06 
1200.52 3.53381e-06 
1200.53 3.49794e-06 
1200.54 3.4616e-06 
1200.55 3.42481e-06 
1200.56 3.38762e-06 
1200.57 3.35004e-06 
1200.58 3.3121e-06 
1200.59 3.27382e-06 
1200.6 3.23524e-06 
1200.61 3.19833e-06 
1200.62 3.15918e-06 
1200.63 3.1198e-06 
1200.64 3.08021e-06 
1200.65 3.04045e-06 
1200.66 3.00052e-06 
1200.67 2.96046e-06 
1200.68 2.92029e-06 
1200.69 2.88004e-06 
1200.7 2.83974e-06 
1200.71 2.79939e-06 
1200.72 2.75903e-06 
1200.73 2.71818e-06 
1200.74 2.67787e-06 
1200.75 2.6376e-06 
1200.76 2.59742e-06 
1200.77 2.55733e-06 
1200.78 2.51736e-06 
1200.79 2.47752e-06 
1200.8 2.43784e-06 
1200.81 2.39834e-06 
1200.82 2.35903e-06 
1200.83 2.31993e-06 
1200.84 2.28107e-06 
1200.85 2.24245e-06 
1200.85 2.20409e-06 
1200.86 2.16601e-06 
1200.87 2.12822e-06 
1200.88 2.09074e-06 
1200.89 2.05359e-06 
1200.9 2.01677e-06 
1200.91 1.98029e-06 
1200.92 1.94418e-06 
1200.93 1.90844e-06 
1200.94 1.87308e-06 
1200.95 1.83812e-06 
1200.96 1.80356e-06 
1200.97 1.76942e-06 
1200.98 1.73527e-06 
1200.99 1.70198e-06 
1201 1.66913e-06 
1201.01 1.63672e-06 
1201.02 1.60476e-06 
1201.03 1.57325e-06 
1201.04 1.54221e-06 
1201.05 1.51164e-06 
1201.06 1.48153e-06 
1201.07 1.4519e-06 
1201.08 1.42274e-06 
1201.09 1.39407e-06 
1201.1 1.36588e-06 
1201.11 1.33817e-06 
1201.12 1.31094e-06 
1201.13 1.2842e-06 
1201.14 1.25795e-06 
1201.15 1.23218e-06 
1201.16 1.2069e-06 
1201.17 1.1821e-06 
1201.18 1.15778e-06 
1201.19 1.13394e-06 
1201.2 1.11058e-06 
1201.21 1.0877e-06 
1201.22 1.06529e-06 
1201.23 1.04308e-06 
1201.24 1.02161e-06 
1201.25 1.00061e-06 
1201.26 9.80061e-07 
1201.27 9.59968e-07 
1201.28 9.40323e-07 
1201.28 9.21123e-07 
1201.29 9.02362e-07 
1201.3 8.84035e-07 
1201.31 8.66135e-07 
1201.32 8.48657e-07 
1201.33 8.31596e-07 
1201.34 8.14945e-07 
1201.35 7.98698e-07 
1201.36 7.82848e-07 
1201.37 7.67388e-07 
1201.38 7.52312e-07 
1201.39 7.37614e-07 
1201.4 7.23286e-07 
1201.41 7.09321e-07 
1201.42 6.95713e-07 
1201.43 6.82454e-07 
1201.44 6.69536e-07 
1201.45 6.56953e-07 
1201.46 6.44698e-07 
1201.47 6.32764e-07 
1201.48 6.20999e-07 
1201.49 6.09687e-07 
1201.5 5.98673e-07 
1201.51 5.87949e-07 
1201.52 5.77509e-07 
1201.53 5.67347e-07 
1201.54 5.57453e-07 
1201.55 5.47822e-07 
1201.56 5.38447e-07 
1201.57 5.29319e-07 
1201.58 5.20433e-07 
1201.59 5.11781e-07 
1201.6 5.03356e-07 
1201.61 4.95457e-07 
1201.62 4.87463e-07 
1201.63 4.79678e-07 
1201.64 4.72093e-07 
1201.65 4.64703e-07 
1201.66 4.57503e-07 
1201.67 4.50485e-07 
1201.68 4.43644e-07 
1201.69 4.36974e-07 
1201.7 4.30468e-07 
1201.7 4.24122e-07 
1201.71 4.1793e-07 
1201.72 4.11812e-07 
1201.73 4.05913e-07 
1201.74 4.00152e-07 
1201.75 3.94524e-07 
1201.76 3.89023e-07 
1201.77 3.83646e-07 
1201.78 3.78387e-07 
1201.79 3.73241e-07 
1201.8 3.68205e-07 
1201.81 3.63275e-07 
1201.82 3.58444e-07 
1201.83 3.53711e-07 
1201.84 3.49071e-07 
1201.85 3.4452e-07 
1201.86 3.40055e-07 
1201.87 3.35672e-07 
1201.88 3.31367e-07 
1201.89 3.27138e-07 
1201.9 3.2298e-07 
1201.91 3.18892e-07 
1201.92 3.1487e-07 
1201.93 3.10911e-07 
1201.94 3.07013e-07 
1201.95 3.03173e-07 
1201.96 2.99389e-07 
1201.97 2.95657e-07 
1201.98 2.91931e-07 
1201.99 2.88299e-07 
1202 2.84715e-07 
1202.01 2.81175e-07 
1202.02 2.77677e-07 
1202.03 2.74221e-07 
1202.04 2.70803e-07 
1202.05 2.67423e-07 
1202.06 2.6408e-07 
1202.07 2.60771e-07 
1202.08 2.57495e-07 
1202.09 2.54251e-07 
1202.1 2.51039e-07 
1202.11 2.47855e-07 
1202.12 2.44701e-07 
1202.13 2.41574e-07 
1202.13 2.38474e-07 
1202.14 2.35399e-07 
1202.15 2.3235e-07 
1202.16 2.29325e-07 
1202.17 2.26324e-07 
1202.18 2.23345e-07 
1202.19 2.20389e-07 
1202.2 2.17455e-07 
1202.21 2.14543e-07 
1202.22 2.11616e-07 
1202.23 2.08745e-07 
1202.24 2.05895e-07 
1202.25 2.03064e-07 
1202.26 2.00254e-07 
1202.27 1.97462e-07 
1202.28 1.9469e-07 
1202.29 1.91938e-07 
1202.3 1.89204e-07 
1202.31 1.86489e-07 
1202.32 1.83793e-07 
1202.33 1.81116e-07 
1202.34 1.78457e-07 
1202.35 1.75818e-07 
1202.36 1.73197e-07 
1202.37 1.70594e-07 
1202.38 1.68011e-07 
1202.39 1.65446e-07 
1202.4 1.62901e-07 
1202.41 1.60374e-07 
1202.42 1.57867e-07 
1202.43 1.55379e-07 
1202.44 1.5291e-07 
1202.45 1.50461e-07 
1202.46 1.48032e-07 
1202.47 1.45622e-07 
1202.48 1.43203e-07 
1202.49 1.40834e-07 
1202.5 1.38485e-07 
1202.51 1.36156e-07 
1202.52 1.33848e-07 
1202.53 1.31561e-07 
1202.54 1.29295e-07 
1202.55 1.27049e-07 
1202.56 1.24826e-07 
1202.56 1.22623e-07 
1202.57 1.20442e-07 
1202.58 1.18283e-07 
1202.59 1.16145e-07 
1202.6 1.1403e-07 
1202.61 1.12005e-07 
1202.62 1.09933e-07 
1202.63 1.07883e-07 
1202.64 1.05855e-07 
1202.65 1.03851e-07 
1202.66 1.01869e-07 
1202.67 9.99094e-08 
1202.68 9.79732e-08 
1202.69 9.60599e-08 
1202.7 9.41699e-08 
1202.71 9.23033e-08 
1202.72 9.04596e-08 
1202.73 8.86168e-08 
1202.74 8.68201e-08 
1202.75 8.50469e-08 
1202.76 8.32971e-08 
1202.77 8.15709e-08 
1202.78 7.9868e-08 
1202.79 7.81885e-08 
1202.8 7.65327e-08 
1202.81 7.49002e-08 
1202.82 7.32914e-08 
1202.83 7.17057e-08 
1202.84 7.01436e-08 
1202.85 6.86047e-08 
1202.86 6.70892e-08 
1202.87 6.55968e-08 
1202.88 6.41277e-08 
1202.89 6.26816e-08 
1202.9 6.12585e-08 
1202.91 5.98584e-08 
1202.92 5.84811e-08 
1202.93 5.71264e-08 
1202.94 5.57944e-08 
1202.95 5.44848e-08 
1202.96 5.31976e-08 
1202.97 5.19326e-08 
1202.98 5.06897e-08 
1202.98 4.94536e-08 
1202.99 4.82546e-08 
1203 4.70773e-08 
1203.01 4.59214e-08 
1203.02 4.47868e-08 
1203.03 4.36733e-08 
1203.04 4.25807e-08 
1203.05 4.15089e-08 
1203.06 4.04576e-08 
1203.07 3.94267e-08 
1203.08 3.8416e-08 
1203.09 3.74252e-08 
1203.1 3.64542e-08 
1203.11 3.55027e-08 
1203.12 3.45706e-08 
1203.13 3.36576e-08 
1203.14 3.27634e-08 
1203.15 3.18879e-08 
1203.16 3.10309e-08 
1203.17 3.01921e-08 
1203.18 2.93713e-08 
1203.19 2.85683e-08 
1203.2 2.77827e-08 
1203.21 2.70145e-08 
1203.22 2.62633e-08 
1203.23 2.55199e-08 
1203.24 2.48023e-08 
1203.25 2.4101e-08 
1203.26 2.34158e-08 
1203.27 2.27465e-08 
1203.28 2.20928e-08 
1203.29 2.14544e-08 
1203.3 2.08311e-08 
1203.31 2.02227e-08 
1203.32 1.9629e-08 
1203.33 1.90496e-08 
1203.34 1.84844e-08 
1203.35 1.79331e-08 
1203.36 1.73954e-08 
1203.37 1.68712e-08 
1203.38 1.63601e-08 
1203.39 1.5862e-08 
1203.4 1.53766e-08 
1203.41 1.49037e-08 
1203.41 1.4443e-08 
1203.42 1.39943e-08 
1203.43 1.35573e-08 
1203.44 1.31319e-08 
1203.45 1.27179e-08 
1203.46 1.23149e-08 
1203.47 1.19227e-08 
1203.48 1.15365e-08 
1203.49 1.11656e-08 
1203.5 1.08048e-08 
1203.51 1.04541e-08 
1203.52 1.01131e-08 
1203.53 9.78162e-09 
1203.54 9.45952e-09 
1203.55 9.14657e-09 
1203.56 8.84255e-09 
1203.57 8.54727e-09 
1203.58 8.26051e-09 
1203.59 7.98211e-09 
1203.6 7.71186e-09 
1203.61 7.45413e-09 
1203.62 7.19944e-09 
1203.63 6.95234e-09 
1203.64 6.71265e-09 
1203.65 6.48018e-09 
1203.66 6.25476e-09 
1203.67 6.03622e-09 
1203.68 5.82438e-09 
1203.69 5.61907e-09 
1203.7 5.42013e-09 
1203.71 5.2274e-09 
1203.72 5.04071e-09 
1203.73 4.85769e-09 
1203.74 4.6827e-09 
1203.75 4.51329e-09 
1203.76 4.3493e-09 
1203.77 4.19061e-09 
1203.78 4.03706e-09 
1203.79 3.88851e-09 
1203.8 3.74483e-09 
1203.81 3.60588e-09 
1203.82 3.47153e-09 
1203.83 3.34165e-09 
1203.83 3.21611e-09 
1203.84 3.09479e-09 
1203.85 2.97757e-09 
1203.86 2.86433e-09 
1203.87 2.75496e-09 
1203.88 2.64934e-09 
1203.89 2.54736e-09 
1203.9 2.44892e-09 
1203.91 2.3539e-09 
1203.92 2.2622e-09 
1203.93 2.17373e-09 
1203.94 2.08839e-09 
1203.95 2.00607e-09 
1203.96 1.92669e-09 
1203.97 1.85015e-09 
1203.98 1.77547e-09 
1203.99 1.70439e-09 
1204 1.63589e-09 
1204.01 1.5699e-09 
1204.02 1.50632e-09 
1204.03 1.44509e-09 
1204.04 1.38613e-09 
1204.05 1.32936e-09 
1204.06 1.27471e-09 
1204.07 1.22211e-09 
1204.08 1.17149e-09 
1204.09 1.12279e-09 
1204.1 1.07594e-09 
1204.11 1.03088e-09 
1204.12 9.87555e-10 
1204.13 9.45895e-10 
1204.14 9.05847e-10 
1204.15 8.67355e-10 
1204.16 8.30366e-10 
1204.17 7.94828e-10 
1204.18 7.60687e-10 
1204.19 7.27897e-10 
1204.2 6.96409e-10 
1204.21 6.66176e-10 
1204.22 6.37153e-10 
1204.23 6.08956e-10 
1204.24 5.82239e-10 
1204.25 5.56604e-10 
1204.26 5.32013e-10 
1204.26 5.08427e-10 
1204.27 4.85808e-10 
1204.28 4.64121e-10 
1204.29 4.43332e-10 
1204.3 4.23406e-10 
1204.31 4.04311e-10 
1204.32 3.86014e-10 
1204.33 3.68487e-10 
1204.34 3.51699e-10 
1204.35 3.35622e-10 
1204.36 3.2023e-10 
1204.37 3.05494e-10 
1204.38 2.91389e-10 
1204.39 2.77891e-10 
1204.4 2.64975e-10 
1204.41 2.5262e-10 
1204.42 2.40802e-10 
1204.43 2.295e-10 
1204.44 2.18694e-10 
1204.45 2.08362e-10 
1204.46 1.98488e-10 
1204.47 1.8905e-10 
1204.48 1.79923e-10 
1204.49 1.71313e-10 
1204.5 1.63089e-10 
1204.51 1.55235e-10 
1204.52 1.47736e-10 
1204.53 1.40576e-10 
1204.54 1.33742e-10 
1204.55 1.2722e-10 
1204.56 1.20996e-10 
1204.57 1.15059e-10 
1204.58 1.09395e-10 
1204.59 1.03993e-10 
1204.6 9.88425e-11 
1204.61 9.39318e-11 
1204.62 8.93053e-11 
1204.63 8.48413e-11 
1204.64 8.05875e-11 
1204.65 7.65347e-11 
1204.66 7.26739e-11 
1204.67 6.8997e-11 
1204.68 6.54955e-11 
1204.68 6.21619e-11 
1204.69 5.89883e-11 
1204.7 5.59679e-11 
1204.71 5.30936e-11 
1204.72 5.03255e-11 
1204.73 4.77256e-11 
1204.74 4.52528e-11 
1204.75 4.29012e-11 
1204.76 4.06652e-11 
1204.77 3.85397e-11 
1204.78 3.65193e-11 
1204.79 3.45994e-11 
1204.8 3.27751e-11 
1204.81 3.10421e-11 
1204.82 2.93959e-11 
1204.83 2.78326e-11 
1204.84 2.63482e-11 
1204.85 2.4939e-11 
1204.86 2.36014e-11 
1204.87 2.23319e-11 
1204.88 2.11273e-11 
1204.89 1.99845e-11 
1204.9 1.89005e-11 
1204.91 1.78724e-11 
1204.92 1.68976e-11 
1204.93 1.59733e-11 
1204.94 1.50972e-11 
1204.95 1.42668e-11 
1204.96 1.348e-11 
1204.97 1.27345e-11 
1204.98 1.20197e-11 
1204.99 1.13514e-11 
1205 1.07184e-11 
1205.01 1.01191e-11 
1205.02 9.55183e-12 
1205.03 9.01489e-12 
1205.04 8.50677e-12 
1205.05 8.026e-12 
1205.06 7.57119e-12 
1205.07 7.14101e-12 
1205.08 6.73419e-12 
1205.09 6.34953e-12 
1205.1 5.98588e-12 
1205.11 5.64216e-12 
1205.11 5.31731e-12 
1205.12 5.01037e-12 
1205.13 4.72039e-12 
1205.14 4.44648e-12 
1205.15 4.18779e-12 
1205.16 3.94352e-12 
1205.17 3.71291e-12 
1205.18 3.49522e-12 
1205.19 3.28976e-12 
1205.2 3.09589e-12 
1205.21 2.91297e-12 
1205.22 2.73839e-12 
1205.23 2.57571e-12 
1205.24 2.42236e-12 
1205.25 2.27777e-12 
1205.26 2.14147e-12 
1205.27 2.01301e-12 
1205.28 1.89194e-12 
1205.29 1.77788e-12 
1205.3 1.67042e-12 
1205.31 1.5692e-12 
1205.32 1.47389e-12 
1205.33 1.38414e-12 
1205.34 1.29964e-12 
1205.35 1.22011e-12 
1205.36 1.14526e-12 
1205.37 1.07484e-12 
1205.38 1.00858e-12 
1205.39 9.46251e-13 
1205.4 8.87634e-13 
1205.41 8.32515e-13 
1205.42 7.80693e-13 
1205.43 7.31979e-13 
1205.44 6.86196e-13 
1205.45 6.43172e-13 
1205.46 6.0275e-13 
1205.47 5.64778e-13 
1205.48 5.28694e-13 
1205.49 4.95215e-13 
1205.5 4.63793e-13 
1205.51 4.34296e-13 
1205.52 4.06609e-13 
1205.53 3.80626e-13 
1205.54 3.56246e-13 
1205.54 3.33375e-13 
1205.55 3.11922e-13 
1205.56 2.91803e-13 
1205.57 2.72937e-13 
1205.58 2.55251e-13 
1205.59 2.38672e-13 
1205.6 2.23134e-13 
1205.61 2.08702e-13 
1205.62 1.95053e-13 
1205.63 1.82267e-13 
1205.64 1.70292e-13 
1205.65 1.59078e-13 
1205.66 1.48579e-13 
1205.67 1.38751e-13 
1205.68 1.29552e-13 
1205.69 1.20943e-13 
1205.7 1.12889e-13 
1205.71 1.05353e-13 
1205.72 9.83055e-14 
1205.73 9.16348e-14 
1205.74 8.54771e-14 
1205.75 7.97204e-14 
1205.76 7.43394e-14 
1205.77 6.93106e-14 
1205.78 6.46116e-14 
1205.79 6.02215e-14 
1205.8 5.61207e-14 
1205.81 5.22907e-14 
1205.82 4.87144e-14 
1205.83 4.53753e-14 
1205.84 4.22584e-14 
1205.85 3.93492e-14 
1205.86 3.66345e-14 
1205.87 3.41015e-14 
1205.88 3.17386e-14 
1205.89 2.95347e-14 
1205.9 2.74795e-14 
1205.91 2.55631e-14 
1205.92 2.37766e-14 
1205.93 2.21114e-14 
1205.94 2.05595e-14 
1205.95 1.91135e-14 
1205.96 1.77663e-14 
1205.96 1.65114e-14 
1205.97 1.53428e-14 
1205.98 1.42414e-14 
1205.99 1.32291e-14 
1206 1.22868e-14 
1206.01 1.14098e-14 
1206.02 1.05937e-14 
1206.03 9.83436e-15 
1206.04 9.12801e-15 
1206.05 8.47103e-15 
1206.06 7.86008e-15 
1206.07 7.29202e-15 
1206.08 6.76393e-15 
1206.09 6.27308e-15 
1206.1 5.81692e-15 
1206.11 5.39306e-15 
1206.12 4.99928e-15 
1206.13 4.63352e-15 
1206.14 4.29382e-15 
1206.15 3.9784e-15 
1206.16 3.68555e-15 
1206.17 3.41371e-15 
1206.18 3.16141e-15 
1206.19 2.9273e-15 
1206.2 2.71008e-15 
1206.21 2.50858e-15 
1206.22 2.32168e-15 
1206.23 2.14629e-15 
1206.24 1.98575e-15 
1206.25 1.83692e-15 
1206.26 1.69898e-15 
1206.27 1.57114e-15 
1206.28 1.45268e-15 
1206.29 1.34295e-15 
1206.3 1.2413e-15 
1206.31 1.14716e-15 
1206.32 1.05999e-15 
1206.33 9.7929e-16 
1206.34 9.04587e-16 
1206.35 8.35448e-16 
1206.36 7.7147e-16 
1206.37 7.12278e-16 
1206.38 6.57521e-16 
1206.39 6.06876e-16 
1206.39 5.60042e-16 
1206.4 5.1674e-16 
1206.41 4.76709e-16 
1206.42 4.39709e-16 
1206.43 4.05515e-16 
1206.44 3.73921e-16 
1206.45 3.44732e-16 
1206.46 3.17772e-16 
1206.47 2.92872e-16 
1206.48 2.69605e-16 
1206.49 2.484e-16 
1206.5 2.28826e-16 
1206.51 2.10761e-16 
1206.52 1.9409e-16 
1206.53 1.7871e-16 
1206.54 1.64522e-16 
1206.55 1.51437e-16 
1206.56 1.3937e-16 
1206.57 1.28244e-16 
1206.58 1.17987e-16 
1206.59 1.08534e-16 
1206.6 0 
