#energy geo_1 
1186.6 9.66467e-07 
1186.61 9.6589e-07 
1186.62 9.65313e-07 
1186.63 9.64738e-07 
1186.64 9.64162e-07 
1186.65 9.63587e-07 
1186.66 9.6301e-07 
1186.67 9.62436e-07 
1186.68 9.61861e-07 
1186.69 9.61286e-07 
1186.7 9.60711e-07 
1186.71 9.60137e-07 
1186.72 9.59563e-07 
1186.73 9.58988e-07 
1186.74 9.58416e-07 
1186.75 9.57844e-07 
1186.76 9.57269e-07 
1186.77 9.56696e-07 
1186.78 9.56123e-07 
1186.79 9.55551e-07 
1186.8 9.54979e-07 
1186.81 9.54407e-07 
1186.81 9.53835e-07 
1186.82 9.53263e-07 
1186.83 9.52692e-07 
1186.84 9.52121e-07 
1186.85 9.51549e-07 
1186.86 9.50979e-07 
1186.87 9.50409e-07 
1186.88 9.49838e-07 
1186.89 9.49269e-07 
1186.9 9.48697e-07 
1186.91 9.48128e-07 
1186.92 9.47559e-07 
1186.93 9.4699e-07 
1186.94 9.46421e-07 
1186.95 9.45853e-07 
1186.96 9.45284e-07 
1186.97 9.44715e-07 
1186.98 9.44148e-07 
1186.99 9.43581e-07 
1187 9.43012e-07 
1187.01 9.42445e-07 
1187.02 9.41876e-07 
1187.03 9.41311e-07 
1187.04 9.40743e-07 
1187.05 9.40178e-07 
1187.06 9.39611e-07 
1187.07 9.39046e-07 
1187.08 9.3848e-07 
1187.09 9.37914e-07 
1187.1 9.37348e-07 
1187.11 9.36784e-07 
1187.12 9.36218e-07 
1187.13 9.35654e-07 
1187.14 9.3509e-07 
1187.15 9.34526e-07 
1187.16 9.33962e-07 
1187.17 9.33398e-07 
1187.18 9.32834e-07 
1187.19 9.3227e-07 
1187.2 9.31708e-07 
1187.21 9.31145e-07 
1187.22 9.30582e-07 
1187.23 9.3002e-07 
1187.24 9.29457e-07 
1187.24 9.28895e-07 
1187.25 9.28333e-07 
1187.26 9.27772e-07 
1187.27 9.27211e-07 
1187.28 9.26649e-07 
1187.29 9.26089e-07 
1187.3 9.25527e-07 
1187.31 9.24967e-07 
1187.32 9.24407e-07 
1187.33 9.23847e-07 
1187.34 9.23288e-07 
1187.35 9.22729e-07 
1187.36 9.22169e-07 
1187.37 9.21611e-07 
1187.38 9.21051e-07 
1187.39 9.20492e-07 
1187.4 9.19933e-07 
1187.41 9.19375e-07 
1187.42 9.18818e-07 
1187.43 9.18259e-07 
1187.44 9.17702e-07 
1187.45 9.17145e-07 
1187.46 9.16587e-07 
1187.47 9.16032e-07 
1187.48 9.15476e-07 
1187.49 9.14919e-07 
1187.5 9.14361e-07 
1187.51 9.13807e-07 
1187.52 9.1325e-07 
1187.53 9.12695e-07 
1187.54 9.12141e-07 
1187.55 9.11585e-07 
1187.56 9.11029e-07 
1187.57 9.10476e-07 
1187.58 9.09921e-07 
1187.59 9.09367e-07 
1187.6 9.08814e-07 
1187.61 9.08826e-07 
1187.62 9.08272e-07 
1187.63 9.07717e-07 
1187.64 9.07166e-07 
1187.65 9.06612e-07 
1187.66 9.0606e-07 
1187.66 9.05507e-07 
1187.67 9.04954e-07 
1187.68 9.04402e-07 
1187.69 9.03851e-07 
1187.7 9.03299e-07 
1187.71 9.02746e-07 
1187.72 9.02196e-07 
1187.73 9.01645e-07 
1187.74 9.01093e-07 
1187.75 9.00544e-07 
1187.76 8.99993e-07 
1187.77 8.99442e-07 
1187.78 8.98893e-07 
1187.79 8.98344e-07 
1187.8 8.97794e-07 
1187.81 8.97245e-07 
1187.82 8.96696e-07 
1187.83 8.96146e-07 
1187.84 8.95598e-07 
1187.85 8.95051e-07 
1187.86 8.94502e-07 
1187.87 8.93954e-07 
1187.88 8.93406e-07 
1187.89 8.92859e-07 
1187.9 8.92313e-07 
1187.91 8.91765e-07 
1187.92 8.91219e-07 
1187.93 8.90672e-07 
1187.94 8.90125e-07 
1187.95 8.8958e-07 
1187.96 8.89034e-07 
1187.97 8.88488e-07 
1187.98 8.87943e-07 
1187.99 8.87397e-07 
1188 8.86852e-07 
1188.01 8.86309e-07 
1188.02 8.85763e-07 
1188.03 8.8522e-07 
1188.04 8.84676e-07 
1188.05 8.84133e-07 
1188.06 8.83589e-07 
1188.07 8.83046e-07 
1188.08 8.82503e-07 
1188.09 8.81959e-07 
1188.09 8.81417e-07 
1188.1 8.80875e-07 
1188.11 8.80333e-07 
1188.12 8.79791e-07 
1188.13 8.79249e-07 
1188.14 8.78709e-07 
1188.15 8.78167e-07 
1188.16 8.77627e-07 
1188.17 8.77086e-07 
1188.18 8.76545e-07 
1188.19 8.76006e-07 
1188.2 8.75464e-07 
1188.21 8.74924e-07 
1188.22 8.74386e-07 
1188.23 8.73847e-07 
1188.24 8.73307e-07 
1188.25 8.72768e-07 
1188.26 8.72229e-07 
1188.27 8.71691e-07 
1188.28 8.71153e-07 
1188.29 8.70615e-07 
1188.3 8.70077e-07 
1188.31 8.6954e-07 
1188.32 8.69003e-07 
1188.33 8.68466e-07 
1188.34 8.67929e-07 
1188.35 8.67393e-07 
1188.36 8.66857e-07 
1188.37 8.66319e-07 
1188.38 8.65784e-07 
1188.39 8.65248e-07 
1188.4 8.64714e-07 
1188.41 8.64179e-07 
1188.42 8.63644e-07 
1188.43 8.63109e-07 
1188.44 8.62575e-07 
1188.45 8.6204e-07 
1188.46 8.61506e-07 
1188.47 8.60973e-07 
1188.48 8.60439e-07 
1188.49 8.59905e-07 
1188.5 8.59374e-07 
1188.51 8.58841e-07 
1188.52 8.58308e-07 
1188.52 8.57774e-07 
1188.53 8.57244e-07 
1188.54 8.56712e-07 
1188.55 8.5618e-07 
1188.56 8.55649e-07 
1188.57 8.55118e-07 
1188.58 8.54586e-07 
1188.59 8.54056e-07 
1188.6 8.54058e-07 
1188.61 8.53527e-07 
1188.62 8.52997e-07 
1188.63 8.52467e-07 
1188.64 8.51937e-07 
1188.65 8.51407e-07 
1188.66 8.50879e-07 
1188.67 8.5035e-07 
1188.68 8.4982e-07 
1188.69 8.49292e-07 
1188.7 8.48763e-07 
1188.71 8.48235e-07 
1188.72 8.47707e-07 
1188.73 8.4718e-07 
1188.74 8.46652e-07 
1188.75 8.46125e-07 
1188.76 8.45599e-07 
1188.77 8.45072e-07 
1188.78 8.44546e-07 
1188.79 8.44019e-07 
1188.8 8.43493e-07 
1188.81 8.42967e-07 
1188.82 8.42442e-07 
1188.83 8.41916e-07 
1188.84 8.41392e-07 
1188.85 8.40867e-07 
1188.86 8.40343e-07 
1188.87 8.39819e-07 
1188.88 8.39294e-07 
1188.89 8.38771e-07 
1188.9 8.38246e-07 
1188.91 8.37723e-07 
1188.92 8.37201e-07 
1188.93 8.36677e-07 
1188.94 8.36154e-07 
1188.94 8.35632e-07 
1188.95 8.35111e-07 
1188.96 8.34589e-07 
1188.97 8.34067e-07 
1188.98 8.33545e-07 
1188.99 8.33024e-07 
1189 8.32503e-07 
1189.01 8.31982e-07 
1189.02 8.31463e-07 
1189.03 8.30942e-07 
1189.04 8.30422e-07 
1189.05 8.29903e-07 
1189.06 8.29383e-07 
1189.07 8.28863e-07 
1189.08 8.28345e-07 
1189.09 8.27826e-07 
1189.1 8.27308e-07 
1189.11 8.26789e-07 
1189.12 8.26271e-07 
1189.13 8.25754e-07 
1189.14 8.25235e-07 
1189.15 8.24718e-07 
1189.16 8.24201e-07 
1189.17 8.23685e-07 
1189.18 8.23168e-07 
1189.19 8.22651e-07 
1189.2 8.22137e-07 
1189.21 8.2162e-07 
1189.22 8.21104e-07 
1189.23 8.20589e-07 
1189.24 8.20074e-07 
1189.25 8.19559e-07 
1189.26 8.19044e-07 
1189.27 8.18531e-07 
1189.28 8.18016e-07 
1189.29 8.17502e-07 
1189.3 8.16989e-07 
1189.31 8.16476e-07 
1189.32 8.15962e-07 
1189.33 8.1545e-07 
1189.34 8.14937e-07 
1189.35 8.14425e-07 
1189.36 8.13912e-07 
1189.36 8.134e-07 
1189.37 8.12889e-07 
1189.38 8.12377e-07 
1189.39 8.11866e-07 
1189.4 8.11355e-07 
1189.41 8.10844e-07 
1189.42 8.10333e-07 
1189.43 8.09824e-07 
1189.44 8.09313e-07 
1189.45 8.08805e-07 
1189.46 8.08295e-07 
1189.47 8.07786e-07 
1189.48 8.07277e-07 
1189.49 8.06768e-07 
1189.5 8.0626e-07 
1189.51 8.05751e-07 
1189.52 8.05244e-07 
1189.53 8.04736e-07 
1189.54 8.0423e-07 
1189.55 8.03722e-07 
1189.56 8.03214e-07 
1189.57 8.02708e-07 
1189.58 8.02201e-07 
1189.59 8.01695e-07 
1189.6 8.0119e-07 
1189.61 8.01182e-07 
1189.62 8.00677e-07 
1189.63 8.00171e-07 
1189.64 7.99666e-07 
1189.65 7.99161e-07 
1189.66 7.98656e-07 
1189.67 7.98151e-07 
1189.68 7.97648e-07 
1189.69 7.97143e-07 
1189.7 7.9664e-07 
1189.71 7.96136e-07 
1189.72 7.95633e-07 
1189.73 7.9513e-07 
1189.74 7.94627e-07 
1189.75 7.94125e-07 
1189.76 7.93622e-07 
1189.77 7.93121e-07 
1189.78 7.92619e-07 
1189.79 7.92117e-07 
1189.79 7.91616e-07 
1189.8 7.91115e-07 
1189.81 7.90614e-07 
1189.82 7.90114e-07 
1189.83 7.89614e-07 
1189.84 7.89113e-07 
1189.85 7.88614e-07 
1189.86 7.88115e-07 
1189.87 7.87616e-07 
1189.88 7.87117e-07 
1189.89 7.86618e-07 
1189.9 7.86119e-07 
1189.91 7.85621e-07 
1189.92 7.85124e-07 
1189.93 7.84626e-07 
1189.94 7.84128e-07 
1189.95 7.83631e-07 
1189.96 7.83134e-07 
1189.97 7.82637e-07 
1189.98 7.82141e-07 
1189.99 7.81645e-07 
1190 7.81149e-07 
1190.01 7.80654e-07 
1190.02 7.80159e-07 
1190.03 7.79663e-07 
1190.04 7.79169e-07 
1190.05 7.78673e-07 
1190.06 7.7818e-07 
1190.07 7.77685e-07 
1190.08 7.77191e-07 
1190.09 7.76697e-07 
1190.1 7.76205e-07 
1190.11 7.75711e-07 
1190.12 7.75218e-07 
1190.13 7.74727e-07 
1190.14 7.74233e-07 
1190.15 7.73742e-07 
1190.16 7.7325e-07 
1190.17 7.72758e-07 
1190.18 7.72267e-07 
1190.19 7.71775e-07 
1190.2 7.71285e-07 
1190.21 7.70795e-07 
1190.21 7.70304e-07 
1190.22 7.69814e-07 
1190.23 7.69325e-07 
1190.24 7.68836e-07 
1190.25 7.68347e-07 
1190.26 7.67857e-07 
1190.27 7.67368e-07 
1190.28 7.6688e-07 
1190.29 7.66392e-07 
1190.3 7.65904e-07 
1190.31 7.65416e-07 
1190.32 7.64929e-07 
1190.33 7.64442e-07 
1190.34 7.63955e-07 
1190.35 7.63468e-07 
1190.36 7.62981e-07 
1190.37 7.62496e-07 
1190.38 7.6201e-07 
1190.39 7.61524e-07 
1190.4 7.61039e-07 
1190.41 7.60554e-07 
1190.42 7.60069e-07 
1190.43 7.59584e-07 
1190.44 7.59101e-07 
1190.45 7.58617e-07 
1190.46 7.58132e-07 
1190.47 7.57649e-07 
1190.48 7.57166e-07 
1190.49 7.56684e-07 
1190.5 7.56201e-07 
1190.51 7.55718e-07 
1190.52 7.55236e-07 
1190.53 7.54754e-07 
1190.54 7.54273e-07 
1190.55 7.53792e-07 
1190.56 7.5331e-07 
1190.57 7.5283e-07 
1190.58 7.52349e-07 
1190.59 7.51868e-07 
1190.6 7.51388e-07 
1190.61 7.51375e-07 
1190.62 7.50895e-07 
1190.63 7.50416e-07 
1190.64 7.49936e-07 
1190.64 7.49458e-07 
1190.65 7.48979e-07 
1190.66 7.485e-07 
1190.67 7.48022e-07 
1190.68 7.47544e-07 
1190.69 7.47067e-07 
1190.7 7.46589e-07 
1190.71 7.46112e-07 
1190.72 7.45634e-07 
1190.73 7.45158e-07 
1190.74 7.44682e-07 
1190.75 7.44205e-07 
1190.76 7.4373e-07 
1190.77 7.43254e-07 
1190.78 7.42779e-07 
1190.79 7.42304e-07 
1190.8 7.41828e-07 
1190.81 7.41355e-07 
1190.82 7.40879e-07 
1190.83 7.40406e-07 
1190.84 7.39931e-07 
1190.85 7.39458e-07 
1190.86 7.38985e-07 
1190.87 7.38512e-07 
1190.88 7.38039e-07 
1190.89 7.37566e-07 
1190.9 7.37094e-07 
1190.91 7.36622e-07 
1190.92 7.36152e-07 
1190.93 7.35681e-07 
1190.94 7.35208e-07 
1190.95 7.34738e-07 
1190.96 7.34267e-07 
1190.97 7.33797e-07 
1190.98 7.33327e-07 
1190.99 7.32857e-07 
1191 7.32389e-07 
1191.01 7.31919e-07 
1191.02 7.31449e-07 
1191.03 7.30981e-07 
1191.04 7.30512e-07 
1191.05 7.30044e-07 
1191.06 7.29576e-07 
1191.07 7.29108e-07 
1191.07 7.28641e-07 
1191.08 7.28174e-07 
1191.09 7.27707e-07 
1191.1 7.27241e-07 
1191.11 7.26774e-07 
1191.12 7.26307e-07 
1191.13 7.25842e-07 
1191.14 7.25376e-07 
1191.15 7.24912e-07 
1191.16 7.24446e-07 
1191.17 7.23981e-07 
1191.18 7.23518e-07 
1191.19 7.23053e-07 
1191.2 7.2259e-07 
1191.21 7.22126e-07 
1191.22 7.21662e-07 
1191.23 7.21199e-07 
1191.24 7.20737e-07 
1191.25 7.20273e-07 
1191.26 7.19812e-07 
1191.27 7.1935e-07 
1191.28 7.18888e-07 
1191.29 7.18426e-07 
1191.3 7.17964e-07 
1191.31 7.17503e-07 
1191.32 7.17042e-07 
1191.33 7.16583e-07 
1191.34 7.16122e-07 
1191.35 7.15663e-07 
1191.36 7.15203e-07 
1191.37 7.14743e-07 
1191.38 7.14285e-07 
1191.39 7.13825e-07 
1191.4 7.13367e-07 
1191.41 7.12908e-07 
1191.42 7.12451e-07 
1191.43 7.11993e-07 
1191.44 7.11535e-07 
1191.45 7.11077e-07 
1191.46 7.1062e-07 
1191.47 7.10164e-07 
1191.48 7.09707e-07 
1191.49 7.09252e-07 
1191.49 7.08795e-07 
1191.5 7.0834e-07 
1191.51 7.07885e-07 
1191.52 7.07429e-07 
1191.53 7.06974e-07 
1191.54 7.0652e-07 
1191.55 7.06066e-07 
1191.56 7.05611e-07 
1191.57 7.05158e-07 
1191.58 7.04705e-07 
1191.59 7.04251e-07 
1191.6 7.04236e-07 
1191.61 7.03783e-07 
1191.62 7.0333e-07 
1191.63 7.02877e-07 
1191.64 7.02425e-07 
1191.65 7.01974e-07 
1191.66 7.01522e-07 
1191.67 7.0107e-07 
1191.68 7.00619e-07 
1191.69 7.00168e-07 
1191.7 6.99718e-07 
1191.71 6.99268e-07 
1191.72 6.98818e-07 
1191.73 6.98367e-07 
1191.74 6.97918e-07 
1191.75 6.97469e-07 
1191.76 6.9702e-07 
1191.77 6.96571e-07 
1191.78 6.96123e-07 
1191.79 6.95674e-07 
1191.8 6.95227e-07 
1191.81 6.94778e-07 
1191.82 6.94331e-07 
1191.83 6.93884e-07 
1191.84 6.93437e-07 
1191.85 6.92991e-07 
1191.86 6.92545e-07 
1191.87 6.92099e-07 
1191.88 6.91653e-07 
1191.89 6.91207e-07 
1191.9 6.90762e-07 
1191.91 6.90317e-07 
1191.92 6.89872e-07 
1191.92 6.89427e-07 
1191.93 6.88983e-07 
1191.94 6.88539e-07 
1191.95 6.88096e-07 
1191.96 6.87652e-07 
1191.97 6.87209e-07 
1191.98 6.86766e-07 
1191.99 6.86324e-07 
1192 6.8588e-07 
1192.01 6.85438e-07 
1192.02 6.84997e-07 
1192.03 6.84555e-07 
1192.04 6.84113e-07 
1192.05 6.83673e-07 
1192.06 6.83231e-07 
1192.07 6.82791e-07 
1192.08 6.82351e-07 
1192.09 6.81911e-07 
1192.1 6.81471e-07 
1192.11 6.81032e-07 
1192.12 6.80591e-07 
1192.13 6.80153e-07 
1192.14 6.79714e-07 
1192.15 6.79276e-07 
1192.16 6.78838e-07 
1192.17 6.784e-07 
1192.18 6.77962e-07 
1192.19 6.77525e-07 
1192.2 6.77087e-07 
1192.21 6.76651e-07 
1192.22 6.76214e-07 
1192.23 6.75777e-07 
1192.24 6.75341e-07 
1192.25 6.74905e-07 
1192.26 6.74469e-07 
1192.27 6.74034e-07 
1192.28 6.73599e-07 
1192.29 6.73164e-07 
1192.3 6.72729e-07 
1192.31 6.72295e-07 
1192.32 6.71861e-07 
1192.33 6.71427e-07 
1192.34 6.70993e-07 
1192.34 6.7056e-07 
1192.35 6.70126e-07 
1192.36 6.69693e-07 
1192.37 6.69261e-07 
1192.38 6.68829e-07 
1192.39 6.68396e-07 
1192.4 6.67965e-07 
1192.41 6.67533e-07 
1192.42 6.67102e-07 
1192.43 6.6667e-07 
1192.44 6.66239e-07 
1192.45 6.65809e-07 
1192.46 6.65379e-07 
1192.47 6.64948e-07 
1192.48 6.6452e-07 
1192.49 6.64089e-07 
1192.5 6.63659e-07 
1192.51 6.63231e-07 
1192.52 6.62801e-07 
1192.53 6.62372e-07 
1192.54 6.61945e-07 
1192.55 6.61517e-07 
1192.56 6.61089e-07 
1192.57 6.60661e-07 
1192.58 6.60233e-07 
1192.59 6.59807e-07 
1192.6 6.5938e-07 
1192.61 6.59362e-07 
1192.62 6.58936e-07 
1192.63 6.58509e-07 
1192.64 6.58083e-07 
1192.65 6.57657e-07 
1192.66 6.57232e-07 
1192.67 6.56806e-07 
1192.68 6.56381e-07 
1192.69 6.55955e-07 
1192.7 6.55531e-07 
1192.71 6.55106e-07 
1192.72 6.54682e-07 
1192.73 6.54258e-07 
1192.74 6.53834e-07 
1192.75 6.5341e-07 
1192.76 6.52987e-07 
1192.77 6.52564e-07 
1192.77 6.52141e-07 
1192.78 6.51719e-07 
1192.79 6.51296e-07 
1192.8 6.50875e-07 
1192.81 6.50453e-07 
1192.82 6.5003e-07 
1192.83 6.49609e-07 
1192.84 6.49188e-07 
1192.85 6.48767e-07 
1192.86 6.48346e-07 
1192.87 6.47925e-07 
1192.88 6.47505e-07 
1192.89 6.47085e-07 
1192.9 6.46666e-07 
1192.91 6.46246e-07 
1192.92 6.45826e-07 
1192.93 6.45407e-07 
1192.94 6.44988e-07 
1192.95 6.44569e-07 
1192.96 6.44151e-07 
1192.97 6.43733e-07 
1192.98 6.43314e-07 
1192.99 6.42896e-07 
1193 6.42479e-07 
1193.01 6.42062e-07 
1193.02 6.41645e-07 
1193.03 6.41227e-07 
1193.04 6.40811e-07 
1193.05 6.40394e-07 
1193.06 6.39978e-07 
1193.07 6.39561e-07 
1193.08 6.39146e-07 
1193.09 6.38731e-07 
1193.1 6.38315e-07 
1193.11 6.379e-07 
1193.12 6.37485e-07 
1193.13 6.3707e-07 
1193.14 6.36656e-07 
1193.15 6.36241e-07 
1193.16 6.35827e-07 
1193.17 6.35413e-07 
1193.18 6.34999e-07 
1193.19 6.34586e-07 
1193.19 6.34172e-07 
1193.2 6.33759e-07 
1193.21 6.33346e-07 
1193.22 6.32933e-07 
1193.23 6.32521e-07 
1193.24 6.32109e-07 
1193.25 6.31697e-07 
1193.26 6.31284e-07 
1193.27 6.30872e-07 
1193.28 6.30461e-07 
1193.29 6.3005e-07 
1193.3 6.29638e-07 
1193.31 6.29227e-07 
1193.32 6.28817e-07 
1193.33 6.28407e-07 
1193.34 6.27996e-07 
1193.35 6.27586e-07 
1193.36 6.27176e-07 
1193.37 6.26767e-07 
1193.38 6.26357e-07 
1193.39 6.25947e-07 
1193.4 6.25538e-07 
1193.41 6.25129e-07 
1193.42 6.2472e-07 
1193.43 6.24311e-07 
1193.44 6.23903e-07 
1193.45 6.23495e-07 
1193.46 6.23086e-07 
1193.47 6.22678e-07 
1193.48 6.2227e-07 
1193.49 6.21863e-07 
1193.5 6.21456e-07 
1193.51 6.21049e-07 
1193.52 6.20641e-07 
1193.53 6.20235e-07 
1193.54 6.19828e-07 
1193.55 6.19421e-07 
1193.56 6.19015e-07 
1193.57 6.18609e-07 
1193.58 6.18203e-07 
1193.59 6.17796e-07 
1193.6 6.17391e-07 
1193.61 6.17369e-07 
1193.62 6.16963e-07 
1193.62 6.16558e-07 
1193.63 6.16152e-07 
1193.64 6.15747e-07 
1193.65 6.15342e-07 
1193.66 6.14937e-07 
1193.67 6.14532e-07 
1193.68 6.14128e-07 
1193.69 6.13723e-07 
1193.7 6.1332e-07 
1193.71 6.12916e-07 
1193.72 6.12511e-07 
1193.73 6.12107e-07 
1193.74 6.11704e-07 
1193.75 6.11301e-07 
1193.76 6.10897e-07 
1193.77 6.10493e-07 
1193.78 6.1009e-07 
1193.79 6.09688e-07 
1193.8 6.09285e-07 
1193.81 6.08882e-07 
1193.82 6.08479e-07 
1193.83 6.08078e-07 
1193.84 6.07675e-07 
1193.85 6.07273e-07 
1193.86 6.06871e-07 
1193.87 6.0647e-07 
1193.88 6.06067e-07 
1193.89 6.05666e-07 
1193.9 6.05264e-07 
1193.91 6.04862e-07 
1193.92 6.04462e-07 
1193.93 6.0406e-07 
1193.94 6.0366e-07 
1193.95 6.03258e-07 
1193.96 6.02857e-07 
1193.97 6.02457e-07 
1193.98 6.02057e-07 
1193.99 6.01656e-07 
1194 6.01255e-07 
1194.01 6.00855e-07 
1194.02 6.00455e-07 
1194.03 6.00055e-07 
1194.04 5.99655e-07 
1194.05 5.99255e-07 
1194.05 5.98855e-07 
1194.06 5.98456e-07 
1194.07 5.98056e-07 
1194.08 5.97657e-07 
1194.09 5.97257e-07 
1194.1 5.96859e-07 
1194.11 5.96459e-07 
1194.12 5.9606e-07 
1194.13 5.95661e-07 
1194.14 5.95262e-07 
1194.15 5.94864e-07 
1194.16 5.94464e-07 
1194.17 5.94065e-07 
1194.18 5.93667e-07 
1194.19 5.93268e-07 
1194.2 5.9287e-07 
1194.21 5.92472e-07 
1194.22 5.92073e-07 
1194.23 5.91675e-07 
1194.24 5.91277e-07 
1194.25 5.90879e-07 
1194.26 5.90481e-07 
1194.27 5.90082e-07 
1194.28 5.89684e-07 
1194.29 5.89287e-07 
1194.3 5.88889e-07 
1194.31 5.88491e-07 
1194.32 5.88093e-07 
1194.33 5.87695e-07 
1194.34 5.87298e-07 
1194.35 5.869e-07 
1194.36 5.86502e-07 
1194.37 5.86104e-07 
1194.38 5.85707e-07 
1194.39 5.85309e-07 
1194.4 5.84912e-07 
1194.41 5.84515e-07 
1194.42 5.84117e-07 
1194.43 5.8372e-07 
1194.44 5.83323e-07 
1194.45 5.82925e-07 
1194.46 5.82527e-07 
1194.47 5.8213e-07 
1194.47 5.81732e-07 
1194.48 5.81336e-07 
1194.49 5.80938e-07 
1194.5 5.80541e-07 
1194.51 5.80143e-07 
1194.52 5.79746e-07 
1194.53 5.79349e-07 
1194.54 5.78951e-07 
1194.55 5.78554e-07 
1194.56 5.78157e-07 
1194.57 5.7776e-07 
1194.58 5.77362e-07 
1194.59 5.76965e-07 
1194.6 5.76568e-07 
1194.61 5.76527e-07 
1194.62 5.76129e-07 
1194.63 5.75732e-07 
1194.64 5.75334e-07 
1194.65 5.74937e-07 
1194.66 5.74539e-07 
1194.67 5.74141e-07 
1194.68 5.73743e-07 
1194.69 5.73346e-07 
1194.7 5.72947e-07 
1194.71 5.7255e-07 
1194.72 5.72151e-07 
1194.73 5.71753e-07 
1194.74 5.71355e-07 
1194.75 5.70957e-07 
1194.76 5.70558e-07 
1194.77 5.7016e-07 
1194.78 5.69762e-07 
1194.79 5.69363e-07 
1194.8 5.68964e-07 
1194.81 5.68566e-07 
1194.82 5.68168e-07 
1194.83 5.67769e-07 
1194.84 5.6737e-07 
1194.85 5.66971e-07 
1194.86 5.66572e-07 
1194.87 5.66172e-07 
1194.88 5.65773e-07 
1194.89 5.65373e-07 
1194.9 5.64975e-07 
1194.9 5.64575e-07 
1194.91 5.64176e-07 
1194.92 5.63776e-07 
1194.93 5.63376e-07 
1194.94 5.62976e-07 
1194.95 5.62575e-07 
1194.96 5.62175e-07 
1194.97 5.61775e-07 
1194.98 5.61375e-07 
1194.99 5.60974e-07 
1195 5.60573e-07 
1195.01 5.60173e-07 
1195.02 5.59772e-07 
1195.03 5.5937e-07 
1195.04 5.58969e-07 
1195.05 5.58568e-07 
1195.06 5.58166e-07 
1195.07 5.57765e-07 
1195.08 5.57363e-07 
1195.09 5.56961e-07 
1195.1 5.56559e-07 
1195.11 5.56156e-07 
1195.12 5.55754e-07 
1195.13 5.55351e-07 
1195.14 5.54948e-07 
1195.15 5.54545e-07 
1195.16 5.54142e-07 
1195.17 5.53738e-07 
1195.18 5.53334e-07 
1195.19 5.52931e-07 
1195.2 5.52527e-07 
1195.21 5.52123e-07 
1195.22 5.51718e-07 
1195.23 5.51314e-07 
1195.24 5.50909e-07 
1195.25 5.50504e-07 
1195.26 5.50098e-07 
1195.27 5.49693e-07 
1195.28 5.49287e-07 
1195.29 5.48881e-07 
1195.3 5.48475e-07 
1195.31 5.48068e-07 
1195.32 5.47662e-07 
1195.32 5.47255e-07 
1195.33 5.46848e-07 
1195.34 5.4644e-07 
1195.35 5.46032e-07 
1195.36 5.45624e-07 
1195.37 5.45216e-07 
1195.38 5.44808e-07 
1195.39 5.44399e-07 
1195.4 5.4399e-07 
1195.41 5.43581e-07 
1195.42 5.43171e-07 
1195.43 5.42761e-07 
1195.44 5.42351e-07 
1195.45 5.41941e-07 
1195.46 5.4153e-07 
1195.47 5.41119e-07 
1195.48 5.40708e-07 
1195.49 5.40296e-07 
1195.5 5.39884e-07 
1195.51 5.39472e-07 
1195.52 5.39059e-07 
1195.53 5.38646e-07 
1195.54 5.38233e-07 
1195.55 5.37819e-07 
1195.56 5.37405e-07 
1195.57 5.36991e-07 
1195.58 5.36576e-07 
1195.59 5.36162e-07 
1195.6 5.35746e-07 
1195.61 5.35662e-07 
1195.62 5.35246e-07 
1195.63 5.34829e-07 
1195.64 5.34412e-07 
1195.65 5.33994e-07 
1195.66 5.33577e-07 
1195.67 5.33159e-07 
1195.68 5.3274e-07 
1195.69 5.32321e-07 
1195.7 5.31902e-07 
1195.71 5.31482e-07 
1195.72 5.31061e-07 
1195.73 5.30641e-07 
1195.74 5.3022e-07 
1195.75 5.29799e-07 
1195.75 5.29377e-07 
1195.76 5.28955e-07 
1195.77 5.28532e-07 
1195.78 5.28109e-07 
1195.79 5.27685e-07 
1195.8 5.27261e-07 
1195.81 5.26837e-07 
1195.82 5.26412e-07 
1195.83 5.25986e-07 
1195.84 5.2556e-07 
1195.85 5.25134e-07 
1195.86 5.24707e-07 
1195.87 5.2428e-07 
1195.88 5.23852e-07 
1195.89 5.23424e-07 
1195.9 5.22995e-07 
1195.91 5.22566e-07 
1195.92 5.22136e-07 
1195.93 5.21706e-07 
1195.94 5.21275e-07 
1195.95 5.20844e-07 
1195.96 5.20412e-07 
1195.97 5.19979e-07 
1195.98 5.19547e-07 
1195.99 5.19113e-07 
1196 5.18679e-07 
1196.01 5.18245e-07 
1196.02 5.17809e-07 
1196.03 5.17374e-07 
1196.04 5.16938e-07 
1196.05 5.16501e-07 
1196.06 5.16064e-07 
1196.07 5.15626e-07 
1196.08 5.15188e-07 
1196.09 5.14748e-07 
1196.1 5.14309e-07 
1196.11 5.13869e-07 
1196.12 5.13428e-07 
1196.13 5.12986e-07 
1196.14 5.12545e-07 
1196.15 5.12101e-07 
1196.16 5.11659e-07 
1196.17 5.11214e-07 
1196.17 5.1077e-07 
1196.18 5.10325e-07 
1196.19 5.09879e-07 
1196.2 5.09432e-07 
1196.21 5.08985e-07 
1196.22 5.08538e-07 
1196.23 5.08089e-07 
1196.24 5.0764e-07 
1196.25 5.0719e-07 
1196.26 5.0674e-07 
1196.27 5.06289e-07 
1196.28 5.05836e-07 
1196.29 5.05384e-07 
1196.3 5.04931e-07 
1196.31 5.04477e-07 
1196.32 5.04022e-07 
1196.33 5.03568e-07 
1196.34 5.03111e-07 
1196.35 5.02654e-07 
1196.36 5.02197e-07 
1196.37 5.01738e-07 
1196.38 5.0128e-07 
1196.39 5.0082e-07 
1196.4 5.00359e-07 
1196.41 4.99898e-07 
1196.42 4.99436e-07 
1196.43 4.98973e-07 
1196.44 4.9851e-07 
1196.45 4.98045e-07 
1196.46 4.9758e-07 
1196.47 4.97115e-07 
1196.48 4.96648e-07 
1196.49 4.96181e-07 
1196.5 4.95712e-07 
1196.51 4.95243e-07 
1196.52 4.94773e-07 
1196.53 4.94303e-07 
1196.54 4.93832e-07 
1196.55 4.93359e-07 
1196.56 4.92886e-07 
1196.57 4.92412e-07 
1196.58 4.91938e-07 
1196.59 4.91462e-07 
1196.6 4.90986e-07 
1196.6 4.90812e-07 
1196.61 4.90334e-07 
1196.62 4.89855e-07 
1196.63 4.89375e-07 
1196.64 4.88893e-07 
1196.65 4.88412e-07 
1196.66 4.87929e-07 
1196.67 4.87446e-07 
1196.68 4.86961e-07 
1196.69 4.86476e-07 
1196.7 4.8599e-07 
1196.71 4.85503e-07 
1196.72 4.85016e-07 
1196.73 4.84527e-07 
1196.74 4.84038e-07 
1196.75 4.83547e-07 
1196.76 4.83056e-07 
1196.77 4.82563e-07 
1196.78 4.8207e-07 
1196.79 4.81577e-07 
1196.8 4.81082e-07 
1196.81 4.80587e-07 
1196.82 4.8009e-07 
1196.83 4.79593e-07 
1196.84 4.79095e-07 
1196.85 4.78596e-07 
1196.86 4.78096e-07 
1196.87 4.77596e-07 
1196.88 4.77094e-07 
1196.89 4.76592e-07 
1196.9 4.76089e-07 
1196.91 4.75585e-07 
1196.92 4.75081e-07 
1196.93 4.74576e-07 
1196.94 4.7407e-07 
1196.95 4.73563e-07 
1196.96 4.73056e-07 
1196.97 4.72547e-07 
1196.98 4.72038e-07 
1196.99 4.71529e-07 
1197 4.71018e-07 
1197.01 4.70507e-07 
1197.02 4.69996e-07 
1197.03 4.69484e-07 
1197.03 4.68971e-07 
1197.04 4.68458e-07 
1197.05 4.67944e-07 
1197.06 4.67429e-07 
1197.07 4.66915e-07 
1197.08 4.66399e-07 
1197.09 4.65883e-07 
1197.1 4.65367e-07 
1197.11 4.64851e-07 
1197.12 4.64334e-07 
1197.13 4.63817e-07 
1197.14 4.63299e-07 
1197.15 4.62782e-07 
1197.16 4.62264e-07 
1197.17 4.61746e-07 
1197.18 4.61228e-07 
1197.19 4.6071e-07 
1197.2 4.60192e-07 
1197.21 4.59673e-07 
1197.22 4.59156e-07 
1197.23 4.58638e-07 
1197.24 4.58121e-07 
1197.25 4.57603e-07 
1197.26 4.57086e-07 
1197.27 4.5657e-07 
1197.28 4.56053e-07 
1197.29 4.55538e-07 
1197.3 4.55023e-07 
1197.31 4.54509e-07 
1197.32 4.53995e-07 
1197.33 4.53482e-07 
1197.34 4.5297e-07 
1197.35 4.52459e-07 
1197.36 4.51949e-07 
1197.37 4.5144e-07 
1197.38 4.50932e-07 
1197.39 4.50425e-07 
1197.4 4.4992e-07 
1197.41 4.49417e-07 
1197.42 4.48914e-07 
1197.43 4.48414e-07 
1197.44 4.47915e-07 
1197.45 4.47418e-07 
1197.45 4.46923e-07 
1197.46 4.4643e-07 
1197.47 4.45939e-07 
1197.48 4.45452e-07 
1197.49 4.44965e-07 
1197.5 4.44481e-07 
1197.51 4.44e-07 
1197.52 4.43521e-07 
1197.53 4.43045e-07 
1197.54 4.42572e-07 
1197.55 4.42102e-07 
1197.56 4.41635e-07 
1197.57 4.41171e-07 
1197.58 4.40711e-07 
1197.59 4.40254e-07 
1197.6 4.398e-07 
1197.61 4.39622e-07 
1197.62 4.39175e-07 
1197.63 4.38732e-07 
1197.64 4.38294e-07 
1197.65 4.37859e-07 
1197.66 4.37429e-07 
1197.67 4.37003e-07 
1197.68 4.36581e-07 
1197.69 4.36164e-07 
1197.7 4.35751e-07 
1197.71 4.35343e-07 
1197.72 4.3494e-07 
1197.73 4.34545e-07 
1197.74 4.34151e-07 
1197.75 4.33763e-07 
1197.76 4.3338e-07 
1197.77 4.33002e-07 
1197.78 4.3263e-07 
1197.79 4.32263e-07 
1197.8 4.31901e-07 
1197.81 4.31545e-07 
1197.82 4.31194e-07 
1197.83 4.30849e-07 
1197.84 4.30509e-07 
1197.85 4.30176e-07 
1197.86 4.29848e-07 
1197.87 4.29525e-07 
1197.88 4.2921e-07 
1197.88 4.28899e-07 
1197.89 4.28594e-07 
1197.9 4.28295e-07 
1197.91 4.28002e-07 
1197.92 4.27715e-07 
1197.93 4.27434e-07 
1197.94 4.27158e-07 
1197.95 4.26888e-07 
1197.96 4.26624e-07 
1197.97 4.26365e-07 
1197.98 4.26117e-07 
1197.99 4.2587e-07 
1198 4.25628e-07 
1198.01 4.25392e-07 
1198.02 4.2516e-07 
1198.03 4.24934e-07 
1198.04 4.24713e-07 
1198.05 4.24496e-07 
1198.06 4.24285e-07 
1198.07 4.24078e-07 
1198.08 4.23876e-07 
1198.09 4.23678e-07 
1198.1 4.23484e-07 
1198.11 4.23294e-07 
1198.12 4.23108e-07 
1198.13 4.22925e-07 
1198.14 4.22746e-07 
1198.15 4.2257e-07 
1198.16 4.22397e-07 
1198.17 4.22227e-07 
1198.18 4.22059e-07 
1198.19 4.21895e-07 
1198.2 4.21731e-07 
1198.21 4.21569e-07 
1198.22 4.21409e-07 
1198.23 4.21257e-07 
1198.24 4.211e-07 
1198.25 4.20942e-07 
1198.26 4.20785e-07 
1198.27 4.20629e-07 
1198.28 4.20472e-07 
1198.29 4.20315e-07 
1198.3 4.20157e-07 
1198.3 4.19998e-07 
1198.31 4.19838e-07 
1198.32 4.19676e-07 
1198.33 4.19512e-07 
1198.34 4.19346e-07 
1198.35 4.19177e-07 
1198.36 4.19006e-07 
1198.37 4.18832e-07 
1198.38 4.18654e-07 
1198.39 4.18473e-07 
1198.4 4.18288e-07 
1198.41 4.181e-07 
1198.42 4.17906e-07 
1198.43 4.17708e-07 
1198.44 4.17506e-07 
1198.45 4.17298e-07 
1198.46 4.17086e-07 
1198.47 4.16868e-07 
1198.48 4.16651e-07 
1198.49 4.16422e-07 
1198.5 4.16188e-07 
1198.51 4.15947e-07 
1198.52 4.15701e-07 
1198.53 4.15448e-07 
1198.54 4.1519e-07 
1198.55 4.14926e-07 
1198.56 4.14656e-07 
1198.57 4.1438e-07 
1198.58 4.14098e-07 
1198.59 4.1381e-07 
1198.6 4.13517e-07 
1198.61 4.13475e-07 
1198.62 4.13171e-07 
1198.63 4.12862e-07 
1198.64 4.12549e-07 
1198.65 4.12231e-07 
1198.66 4.1191e-07 
1198.67 4.11585e-07 
1198.68 4.11256e-07 
1198.69 4.10925e-07 
1198.7 4.10593e-07 
1198.71 4.10258e-07 
1198.72 4.09923e-07 
1198.73 4.09594e-07 
1198.73 4.09259e-07 
1198.74 4.08926e-07 
1198.75 4.08595e-07 
1198.76 4.08267e-07 
1198.77 4.07944e-07 
1198.78 4.07625e-07 
1198.79 4.07312e-07 
1198.8 4.07007e-07 
1198.81 4.0671e-07 
1198.82 4.06423e-07 
1198.83 4.06146e-07 
1198.84 4.05883e-07 
1198.85 4.05632e-07 
1198.86 4.05397e-07 
1198.87 4.05179e-07 
1198.88 4.04978e-07 
1198.89 4.04799e-07 
1198.9 4.0464e-07 
1198.91 4.04506e-07 
1198.92 4.04397e-07 
1198.93 4.04315e-07 
1198.94 4.04263e-07 
1198.95 4.04242e-07 
1198.96 4.04254e-07 
1198.97 4.04303e-07 
1198.98 4.04401e-07 
1198.99 4.04528e-07 
1199 4.04698e-07 
1199.01 4.04914e-07 
1199.02 4.05177e-07 
1199.03 4.0549e-07 
1199.04 4.05856e-07 
1199.05 4.06278e-07 
1199.06 4.06758e-07 
1199.07 4.07299e-07 
1199.08 4.07904e-07 
1199.09 4.08577e-07 
1199.1 4.09319e-07 
1199.11 4.10134e-07 
1199.12 4.11025e-07 
1199.13 4.11996e-07 
1199.14 4.13048e-07 
1199.15 4.14186e-07 
1199.15 4.15413e-07 
1199.16 4.16732e-07 
1199.17 4.18146e-07 
1199.18 4.1966e-07 
1199.19 4.21275e-07 
1199.2 4.22995e-07 
1199.21 4.24825e-07 
1199.22 4.26804e-07 
1199.23 4.28863e-07 
1199.24 4.31041e-07 
1199.25 4.33343e-07 
1199.26 4.35771e-07 
1199.27 4.38328e-07 
1199.28 4.41019e-07 
1199.29 4.43846e-07 
1199.3 4.46814e-07 
1199.31 4.49925e-07 
1199.32 4.53184e-07 
1199.33 4.56592e-07 
1199.34 4.60154e-07 
1199.35 4.63874e-07 
1199.36 4.67754e-07 
1199.37 4.71797e-07 
1199.38 4.76006e-07 
1199.39 4.80386e-07 
1199.4 4.84939e-07 
1199.41 4.89667e-07 
1199.42 4.94573e-07 
1199.43 4.99661e-07 
1199.44 5.04933e-07 
1199.45 5.10391e-07 
1199.46 5.16039e-07 
1199.47 5.21879e-07 
1199.48 5.28e-07 
1199.49 5.34231e-07 
1199.5 5.4066e-07 
1199.51 5.47289e-07 
1199.52 5.5412e-07 
1199.53 5.61153e-07 
1199.54 5.68392e-07 
1199.55 5.75835e-07 
1199.56 5.83486e-07 
1199.57 5.91345e-07 
1199.58 5.99412e-07 
1199.58 6.07688e-07 
1199.59 6.16175e-07 
1199.6 6.24871e-07 
1199.61 6.34168e-07 
1199.62 6.43289e-07 
1199.63 6.5262e-07 
1199.64 6.62159e-07 
1199.65 6.71906e-07 
1199.66 6.8186e-07 
1199.67 6.9202e-07 
1199.68 7.02383e-07 
1199.69 7.12949e-07 
1199.7 7.23715e-07 
1199.71 7.3468e-07 
1199.72 7.45841e-07 
1199.73 7.5735e-07 
1199.74 7.68896e-07 
1199.75 7.80629e-07 
1199.76 7.92547e-07 
1199.77 8.04645e-07 
1199.78 8.16919e-07 
1199.79 8.29365e-07 
1199.8 8.41979e-07 
1199.81 8.54757e-07 
1199.82 8.67693e-07 
1199.83 8.80784e-07 
1199.84 8.94022e-07 
1199.85 9.07405e-07 
1199.86 9.20923e-07 
1199.87 9.34574e-07 
1199.88 9.48349e-07 
1199.89 9.62245e-07 
1199.9 9.76254e-07 
1199.91 9.90369e-07 
1199.92 1.00458e-06 
1199.93 1.01889e-06 
1199.94 1.03328e-06 
1199.95 1.04775e-06 
1199.96 1.06229e-06 
1199.97 1.0769e-06 
1199.98 1.09176e-06 
1199.99 1.10647e-06 
1200 1.12121e-06 
1200.01 1.136e-06 
1200.01 1.1508e-06 
1200.02 1.16562e-06 
1200.03 1.18045e-06 
1200.04 1.19528e-06 
1200.05 1.21011e-06 
1200.06 1.22491e-06 
1200.07 1.2397e-06 
1200.08 1.25445e-06 
1200.09 1.26916e-06 
1200.1 1.28382e-06 
1200.11 1.29843e-06 
1200.12 1.31298e-06 
1200.13 1.32745e-06 
1200.14 1.34185e-06 
1200.15 1.35616e-06 
1200.16 1.37038e-06 
1200.17 1.3845e-06 
1200.18 1.39852e-06 
1200.19 1.41242e-06 
1200.2 1.4262e-06 
1200.21 1.43986e-06 
1200.22 1.45339e-06 
1200.23 1.46697e-06 
1200.24 1.48022e-06 
1200.25 1.49333e-06 
1200.26 1.50629e-06 
1200.27 1.51909e-06 
1200.28 1.53174e-06 
1200.29 1.54422e-06 
1200.3 1.55655e-06 
1200.31 1.56871e-06 
1200.32 1.58069e-06 
1200.33 1.59251e-06 
1200.34 1.60416e-06 
1200.35 1.61564e-06 
1200.36 1.62695e-06 
1200.37 1.63808e-06 
1200.38 1.64904e-06 
1200.39 1.65984e-06 
1200.4 1.67046e-06 
1200.41 1.68092e-06 
1200.42 1.69122e-06 
1200.43 1.70135e-06 
1200.43 1.71134e-06 
1200.44 1.72116e-06 
1200.45 1.73084e-06 
1200.46 1.74038e-06 
1200.47 1.74978e-06 
1200.48 1.75918e-06 
1200.49 1.76833e-06 
1200.5 1.77735e-06 
1200.51 1.78628e-06 
1200.52 1.79509e-06 
1200.53 1.80382e-06 
1200.54 1.81246e-06 
1200.55 1.82103e-06 
1200.56 1.82954e-06 
1200.57 1.83799e-06 
1200.58 1.8464e-06 
1200.59 1.85477e-06 
1200.6 1.86313e-06 
1200.61 1.87263e-06 
1200.62 1.88099e-06 
1200.63 1.88936e-06 
1200.64 1.89776e-06 
1200.65 1.9062e-06 
1200.66 1.91469e-06 
1200.67 1.92325e-06 
1200.68 1.93189e-06 
1200.69 1.94062e-06 
1200.7 1.94946e-06 
1200.71 1.95843e-06 
1200.72 1.96753e-06 
1200.73 1.9769e-06 
1200.74 1.98631e-06 
1200.75 1.9959e-06 
1200.76 2.00568e-06 
1200.77 2.01566e-06 
1200.78 2.02586e-06 
1200.79 2.03629e-06 
1200.8 2.04696e-06 
1200.81 2.05789e-06 
1200.82 2.06908e-06 
1200.83 2.08056e-06 
1200.84 2.09233e-06 
1200.85 2.1044e-06 
1200.85 2.11678e-06 
1200.86 2.12949e-06 
1200.87 2.14254e-06 
1200.88 2.15593e-06 
1200.89 2.16967e-06 
1200.9 2.18377e-06 
1200.91 2.19825e-06 
1200.92 2.2131e-06 
1200.93 2.22833e-06 
1200.94 2.24395e-06 
1200.95 2.25996e-06 
1200.96 2.27637e-06 
1200.97 2.29318e-06 
1200.98 2.31062e-06 
1200.99 2.32824e-06 
1201 2.34627e-06 
1201.01 2.3647e-06 
1201.02 2.38354e-06 
1201.03 2.40278e-06 
1201.04 2.42242e-06 
1201.05 2.44245e-06 
1201.06 2.46288e-06 
1201.07 2.48369e-06 
1201.08 2.50488e-06 
1201.09 2.52644e-06 
1201.1 2.54837e-06 
1201.11 2.57065e-06 
1201.12 2.59327e-06 
1201.13 2.61623e-06 
1201.14 2.6395e-06 
1201.15 2.66308e-06 
1201.16 2.68695e-06 
1201.17 2.7111e-06 
1201.18 2.73551e-06 
1201.19 2.76016e-06 
1201.2 2.78503e-06 
1201.21 2.81012e-06 
1201.22 2.83538e-06 
1201.23 2.86114e-06 
1201.24 2.88672e-06 
1201.25 2.91243e-06 
1201.26 2.93822e-06 
1201.27 2.9641e-06 
1201.28 2.99002e-06 
1201.28 3.01597e-06 
1201.29 3.04192e-06 
1201.3 3.06785e-06 
1201.31 3.09372e-06 
1201.32 3.11951e-06 
1201.33 3.1452e-06 
1201.34 3.17075e-06 
1201.35 3.19613e-06 
1201.36 3.22133e-06 
1201.37 3.2463e-06 
1201.38 3.27102e-06 
1201.39 3.29546e-06 
1201.4 3.31958e-06 
1201.41 3.34338e-06 
1201.42 3.3668e-06 
1201.43 3.38982e-06 
1201.44 3.41242e-06 
1201.45 3.43455e-06 
1201.46 3.45621e-06 
1201.47 3.47734e-06 
1201.48 3.49821e-06 
1201.49 3.51822e-06 
1201.5 3.53763e-06 
1201.51 3.55642e-06 
1201.52 3.57455e-06 
1201.53 3.592e-06 
1201.54 3.60875e-06 
1201.55 3.62476e-06 
1201.56 3.64002e-06 
1201.57 3.65451e-06 
1201.58 3.66818e-06 
1201.59 3.68104e-06 
1201.6 3.69305e-06 
1201.61 3.70649e-06 
1201.62 3.71676e-06 
1201.63 3.72613e-06 
1201.64 3.73458e-06 
1201.65 3.7421e-06 
1201.66 3.74867e-06 
1201.67 3.75427e-06 
1201.68 3.7589e-06 
1201.69 3.76254e-06 
1201.7 3.76519e-06 
1201.7 3.76683e-06 
1201.71 3.76746e-06 
1201.72 3.76706e-06 
1201.73 3.76564e-06 
1201.74 3.76317e-06 
1201.75 3.75968e-06 
1201.76 3.75516e-06 
1201.77 3.74961e-06 
1201.78 3.74303e-06 
1201.79 3.73542e-06 
1201.8 3.72679e-06 
1201.81 3.71715e-06 
1201.82 3.70649e-06 
1201.83 3.69483e-06 
1201.84 3.68217e-06 
1201.85 3.66854e-06 
1201.86 3.65394e-06 
1201.87 3.63838e-06 
1201.88 3.62188e-06 
1201.89 3.60445e-06 
1201.9 3.58612e-06 
1201.91 3.56689e-06 
1201.92 3.54678e-06 
1201.93 3.52583e-06 
1201.94 3.50405e-06 
1201.95 3.48145e-06 
1201.96 3.45807e-06 
1201.97 3.43393e-06 
1201.98 3.40874e-06 
1201.99 3.38314e-06 
1202 3.35686e-06 
1202.01 3.32992e-06 
1202.02 3.30235e-06 
1202.03 3.27417e-06 
1202.04 3.24543e-06 
1202.05 3.21615e-06 
1202.06 3.18635e-06 
1202.07 3.15607e-06 
1202.08 3.12534e-06 
1202.09 3.0942e-06 
1202.1 3.06266e-06 
1202.11 3.03078e-06 
1202.12 2.99857e-06 
1202.13 2.96608e-06 
1202.13 2.93333e-06 
1202.14 2.90035e-06 
1202.15 2.86718e-06 
1202.16 2.83385e-06 
1202.17 2.8004e-06 
1202.18 2.76686e-06 
1202.19 2.73325e-06 
1202.2 2.6996e-06 
1202.21 2.66597e-06 
1202.22 2.63195e-06 
1202.23 2.59841e-06 
1202.24 2.56497e-06 
1202.25 2.53165e-06 
1202.26 2.49849e-06 
1202.27 2.46551e-06 
1202.28 2.43275e-06 
1202.29 2.40022e-06 
1202.3 2.36796e-06 
1202.31 2.33599e-06 
1202.32 2.30434e-06 
1202.33 2.27304e-06 
1202.34 2.24211e-06 
1202.35 2.21157e-06 
1202.36 2.18144e-06 
1202.37 2.15175e-06 
1202.38 2.12252e-06 
1202.39 2.09377e-06 
1202.4 2.06551e-06 
1202.41 2.03777e-06 
1202.42 2.01056e-06 
1202.43 1.9839e-06 
1202.44 1.9578e-06 
1202.45 1.93228e-06 
1202.46 1.90736e-06 
1202.47 1.88304e-06 
1202.48 1.85904e-06 
1202.49 1.83597e-06 
1202.5 1.81353e-06 
1202.51 1.79174e-06 
1202.52 1.77059e-06 
1202.53 1.75011e-06 
1202.54 1.73029e-06 
1202.55 1.71113e-06 
1202.56 1.69265e-06 
1202.56 1.67484e-06 
1202.57 1.6577e-06 
1202.58 1.64124e-06 
1202.59 1.62546e-06 
1202.6 1.61035e-06 
1202.61 1.59689e-06 
1202.62 1.58311e-06 
1202.63 1.56999e-06 
1202.64 1.55753e-06 
1202.65 1.54573e-06 
1202.66 1.53458e-06 
1202.67 1.52406e-06 
1202.68 1.51418e-06 
1202.69 1.50492e-06 
1202.7 1.49628e-06 
1202.71 1.48824e-06 
1202.72 1.48079e-06 
1202.73 1.47384e-06 
1202.74 1.46755e-06 
1202.75 1.46182e-06 
1202.76 1.45663e-06 
1202.77 1.45197e-06 
1202.78 1.44782e-06 
1202.79 1.44418e-06 
1202.8 1.44101e-06 
1202.81 1.43832e-06 
1202.82 1.43608e-06 
1202.83 1.43428e-06 
1202.84 1.43289e-06 
1202.85 1.43191e-06 
1202.86 1.43131e-06 
1202.87 1.43108e-06 
1202.88 1.4312e-06 
1202.89 1.43164e-06 
1202.9 1.43241e-06 
1202.91 1.43346e-06 
1202.92 1.43479e-06 
1202.93 1.43638e-06 
1202.94 1.43821e-06 
1202.95 1.44025e-06 
1202.96 1.4425e-06 
1202.97 1.44492e-06 
1202.98 1.44751e-06 
1202.98 1.45029e-06 
1202.99 1.45315e-06 
1203 1.45612e-06 
1203.01 1.45918e-06 
1203.02 1.46231e-06 
1203.03 1.46549e-06 
1203.04 1.4687e-06 
1203.05 1.47194e-06 
1203.06 1.47517e-06 
1203.07 1.47839e-06 
1203.08 1.48157e-06 
1203.09 1.48471e-06 
1203.1 1.48778e-06 
1203.11 1.49076e-06 
1203.12 1.49365e-06 
1203.13 1.49643e-06 
1203.14 1.49908e-06 
1203.15 1.50159e-06 
1203.16 1.50394e-06 
1203.17 1.50613e-06 
1203.18 1.50814e-06 
1203.19 1.50995e-06 
1203.2 1.51155e-06 
1203.21 1.51294e-06 
1203.22 1.5141e-06 
1203.23 1.51504e-06 
1203.24 1.51571e-06 
1203.25 1.51611e-06 
1203.26 1.51626e-06 
1203.27 1.51612e-06 
1203.28 1.5157e-06 
1203.29 1.51499e-06 
1203.3 1.51399e-06 
1203.31 1.51267e-06 
1203.32 1.51104e-06 
1203.33 1.5091e-06 
1203.34 1.50683e-06 
1203.35 1.50424e-06 
1203.36 1.50132e-06 
1203.37 1.49806e-06 
1203.38 1.49447e-06 
1203.39 1.49054e-06 
1203.4 1.48627e-06 
1203.41 1.48165e-06 
1203.41 1.47669e-06 
1203.42 1.4714e-06 
1203.43 1.46575e-06 
1203.44 1.45977e-06 
1203.45 1.45344e-06 
1203.46 1.44677e-06 
1203.47 1.43976e-06 
1203.48 1.43233e-06 
1203.49 1.42466e-06 
1203.5 1.41665e-06 
1203.51 1.40832e-06 
1203.52 1.39966e-06 
1203.53 1.39069e-06 
1203.54 1.38141e-06 
1203.55 1.37181e-06 
1203.56 1.36192e-06 
1203.57 1.35173e-06 
1203.58 1.34125e-06 
1203.59 1.33049e-06 
1203.6 1.31945e-06 
1203.61 1.30895e-06 
1203.62 1.29737e-06 
1203.63 1.28554e-06 
1203.64 1.27346e-06 
1203.65 1.26114e-06 
1203.66 1.24859e-06 
1203.67 1.23582e-06 
1203.68 1.22284e-06 
1203.69 1.20964e-06 
1203.7 1.19626e-06 
1203.71 1.18269e-06 
1203.72 1.16893e-06 
1203.73 1.15484e-06 
1203.74 1.14075e-06 
1203.75 1.12652e-06 
1203.76 1.11215e-06 
1203.77 1.09764e-06 
1203.78 1.08302e-06 
1203.79 1.06828e-06 
1203.8 1.05344e-06 
1203.81 1.03851e-06 
1203.82 1.02349e-06 
1203.83 1.0084e-06 
1203.83 9.93245e-07 
1203.84 9.78035e-07 
1203.85 9.62779e-07 
1203.86 9.47487e-07 
1203.87 9.32167e-07 
1203.88 9.1683e-07 
1203.89 9.01482e-07 
1203.9 8.86134e-07 
1203.91 8.70795e-07 
1203.92 8.55471e-07 
1203.93 8.40173e-07 
1203.94 8.24909e-07 
1203.95 8.09686e-07 
1203.96 7.94512e-07 
1203.97 7.79395e-07 
1203.98 7.64155e-07 
1203.99 7.49176e-07 
1204 7.34276e-07 
1204.01 7.19462e-07 
1204.02 7.0474e-07 
1204.03 6.90119e-07 
1204.04 6.75603e-07 
1204.05 6.61199e-07 
1204.06 6.46913e-07 
1204.07 6.32751e-07 
1204.08 6.18717e-07 
1204.09 6.04817e-07 
1204.1 5.91057e-07 
1204.11 5.7744e-07 
1204.12 5.63972e-07 
1204.13 5.50657e-07 
1204.14 5.37499e-07 
1204.15 5.24501e-07 
1204.16 5.11667e-07 
1204.17 4.99002e-07 
1204.18 4.86506e-07 
1204.19 4.74185e-07 
1204.2 4.6204e-07 
1204.21 4.50074e-07 
1204.22 4.38289e-07 
1204.23 4.26545e-07 
1204.24 4.15131e-07 
1204.25 4.03904e-07 
1204.26 3.92865e-07 
1204.26 3.82016e-07 
1204.27 3.71357e-07 
1204.28 3.6089e-07 
1204.29 3.50615e-07 
1204.3 3.40533e-07 
1204.31 3.30643e-07 
1204.32 3.20946e-07 
1204.33 3.11442e-07 
1204.34 3.02131e-07 
1204.35 2.93012e-07 
1204.36 2.84085e-07 
1204.37 2.75348e-07 
1204.38 2.66803e-07 
1204.39 2.58446e-07 
1204.4 2.50277e-07 
1204.41 2.42296e-07 
1204.42 2.345e-07 
1204.43 2.26889e-07 
1204.44 2.19459e-07 
1204.45 2.12211e-07 
1204.46 2.05142e-07 
1204.47 1.9825e-07 
1204.48 1.9145e-07 
1204.49 1.84909e-07 
1204.5 1.78539e-07 
1204.51 1.72337e-07 
1204.52 1.66302e-07 
1204.53 1.60431e-07 
1204.54 1.54722e-07 
1204.55 1.49172e-07 
1204.56 1.43779e-07 
1204.57 1.3854e-07 
1204.58 1.33453e-07 
1204.59 1.28515e-07 
1204.6 1.23723e-07 
1204.61 1.19075e-07 
1204.62 1.14639e-07 
1204.63 1.10267e-07 
1204.64 1.06031e-07 
1204.65 1.01927e-07 
1204.66 9.79538e-08 
1204.67 9.41075e-08 
1204.68 9.03859e-08 
1204.68 8.67858e-08 
1204.69 8.33046e-08 
1204.7 7.99395e-08 
1204.71 7.66878e-08 
1204.72 7.35082e-08 
1204.73 7.04765e-08 
1204.74 6.75498e-08 
1204.75 6.47257e-08 
1204.76 6.20014e-08 
1204.77 5.93743e-08 
1204.78 5.68418e-08 
1204.79 5.44013e-08 
1204.8 5.20503e-08 
1204.81 4.97863e-08 
1204.82 4.76067e-08 
1204.83 4.55091e-08 
1204.84 4.34912e-08 
1204.85 4.15506e-08 
1204.86 3.96848e-08 
1204.87 3.78917e-08 
1204.88 3.6169e-08 
1204.89 3.45144e-08 
1204.9 3.29259e-08 
1204.91 3.14012e-08 
1204.92 2.99383e-08 
1204.93 2.85352e-08 
1204.94 2.71898e-08 
1204.95 2.59003e-08 
1204.96 2.46647e-08 
1204.97 2.3481e-08 
1204.98 2.23338e-08 
1204.99 2.12495e-08 
1205 2.02119e-08 
1205.01 1.92192e-08 
1205.02 1.827e-08 
1205.03 1.73625e-08 
1205.04 1.64953e-08 
1205.05 1.56668e-08 
1205.06 1.48755e-08 
1205.07 1.412e-08 
1205.08 1.33989e-08 
1205.09 1.27109e-08 
1205.1 1.20547e-08 
1205.11 1.14291e-08 
1205.11 1.08327e-08 
1205.12 1.02644e-08 
1205.13 9.72304e-09 
1205.14 9.20755e-09 
1205.15 8.71681e-09 
1205.16 8.24981e-09 
1205.17 7.80553e-09 
1205.18 7.383e-09 
1205.19 6.98129e-09 
1205.2 6.5995e-09 
1205.21 6.23675e-09 
1205.22 5.88813e-09 
1205.23 5.56109e-09 
1205.24 5.25076e-09 
1205.25 4.95629e-09 
1205.26 4.67696e-09 
1205.27 4.41208e-09 
1205.28 4.16098e-09 
1205.29 3.92301e-09 
1205.3 3.69756e-09 
1205.31 3.48405e-09 
1205.32 3.28189e-09 
1205.33 3.09056e-09 
1205.34 2.90953e-09 
1205.35 2.73829e-09 
1205.36 2.57638e-09 
1205.37 2.42332e-09 
1205.38 2.27869e-09 
1205.39 2.14206e-09 
1205.4 2.01303e-09 
1205.41 1.89122e-09 
1205.42 1.77625e-09 
1205.43 1.66779e-09 
1205.44 1.56548e-09 
1205.45 1.46902e-09 
1205.46 1.3781e-09 
1205.47 1.29242e-09 
1205.48 1.21077e-09 
1205.49 1.1348e-09 
1205.5 1.0633e-09 
1205.51 9.96023e-10 
1205.52 9.32725e-10 
1205.53 8.73192e-10 
1205.54 8.1722e-10 
1205.54 7.64609e-10 
1205.55 7.15176e-10 
1205.56 6.68741e-10 
1205.57 6.25137e-10 
1205.58 5.84205e-10 
1205.59 5.45792e-10 
1205.6 5.09755e-10 
1205.61 4.7625e-10 
1205.62 4.44544e-10 
1205.63 4.14826e-10 
1205.64 3.8698e-10 
1205.65 3.60898e-10 
1205.66 3.36474e-10 
1205.67 3.13612e-10 
1205.68 2.92216e-10 
1205.69 2.72201e-10 
1205.7 2.53481e-10 
1205.71 2.3598e-10 
1205.72 2.19622e-10 
1205.73 2.04154e-10 
1205.74 1.8989e-10 
1205.75 1.7657e-10 
1205.76 1.64137e-10 
1205.77 1.52534e-10 
1205.78 1.4171e-10 
1205.79 1.31615e-10 
1205.8 1.22204e-10 
1205.81 1.13432e-10 
1205.82 1.05258e-10 
1205.83 9.7645e-11 
1205.84 9.05559e-11 
1205.85 8.39568e-11 
1205.86 7.78156e-11 
1205.87 7.21025e-11 
1205.88 6.67891e-11 
1205.89 6.18491e-11 
1205.9 5.72577e-11 
1205.91 5.29915e-11 
1205.92 4.90287e-11 
1205.93 4.5349e-11 
1205.94 4.1933e-11 
1205.95 3.8763e-11 
1205.96 3.58221e-11 
1205.96 3.30946e-11 
1205.97 3.05657e-11 
1205.98 2.81937e-11 
1205.99 2.60239e-11 
1206 2.4014e-11 
1206.01 2.21529e-11 
1206.02 2.043e-11 
1206.03 1.88355e-11 
1206.04 1.73604e-11 
1206.05 1.59961e-11 
1206.06 1.47347e-11 
1206.07 1.35687e-11 
1206.08 1.24914e-11 
1206.09 1.14962e-11 
1206.1 1.05772e-11 
1206.11 9.72873e-12 
1206.12 8.94574e-12 
1206.13 8.22334e-12 
1206.14 7.55706e-12 
1206.15 6.94271e-12 
1206.16 6.37644e-12 
1206.17 5.85462e-12 
1206.18 5.37393e-12 
1206.19 4.93125e-12 
1206.2 4.52371e-12 
1206.21 4.14863e-12 
1206.22 3.80353e-12 
1206.23 3.48231e-12 
1206.24 3.19074e-12 
1206.25 2.92273e-12 
1206.26 2.67644e-12 
1206.27 2.45019e-12 
1206.28 2.2424e-12 
1206.29 2.05163e-12 
1206.3 1.87653e-12 
1206.31 1.71588e-12 
1206.32 1.56852e-12 
1206.33 1.43339e-12 
1206.34 1.30951e-12 
1206.35 1.19599e-12 
1206.36 1.09199e-12 
1206.37 9.96743e-13 
1206.38 9.09533e-13 
1206.39 8.29709e-13 
1206.39 7.56668e-13 
1206.4 6.89855e-13 
1206.41 6.28755e-13 
1206.42 5.72898e-13 
1206.43 5.2185e-13 
1206.44 4.75211e-13 
1206.45 4.32613e-13 
1206.46 3.93717e-13 
1206.47 3.58213e-13 
1206.48 3.25428e-13 
1206.49 2.95907e-13 
1206.5 2.68984e-13 
1206.51 2.4444e-13 
1206.52 2.22069e-13 
1206.53 2.01687e-13 
1206.54 1.83121e-13 
1206.55 1.66216e-13 
1206.56 1.50827e-13 
1206.57 1.36823e-13 
1206.58 1.24082e-13 
1206.59 1.12495e-13 
1206.6 0 
