#energy geo_1 
1186.6 1.19674e-06 
1186.61 1.19603e-06 
1186.62 1.19531e-06 
1186.63 1.19459e-06 
1186.64 1.19388e-06 
1186.65 1.19316e-06 
1186.66 1.19245e-06 
1186.67 1.19173e-06 
1186.68 1.19102e-06 
1186.69 1.19031e-06 
1186.7 1.18959e-06 
1186.71 1.18888e-06 
1186.72 1.18816e-06 
1186.73 1.18745e-06 
1186.74 1.18674e-06 
1186.75 1.18603e-06 
1186.76 1.18532e-06 
1186.77 1.1846e-06 
1186.78 1.18389e-06 
1186.79 1.18318e-06 
1186.8 1.18247e-06 
1186.81 1.18176e-06 
1186.81 1.18105e-06 
1186.82 1.18034e-06 
1186.83 1.17963e-06 
1186.84 1.17892e-06 
1186.85 1.17821e-06 
1186.86 1.1775e-06 
1186.87 1.17679e-06 
1186.88 1.17608e-06 
1186.89 1.17538e-06 
1186.9 1.17467e-06 
1186.91 1.17396e-06 
1186.92 1.17325e-06 
1186.93 1.17255e-06 
1186.94 1.17184e-06 
1186.95 1.17113e-06 
1186.96 1.17043e-06 
1186.97 1.16972e-06 
1186.98 1.16902e-06 
1186.99 1.16831e-06 
1187 1.16761e-06 
1187.01 1.1669e-06 
1187.02 1.1662e-06 
1187.03 1.16549e-06 
1187.04 1.16479e-06 
1187.05 1.16409e-06 
1187.06 1.16338e-06 
1187.07 1.16268e-06 
1187.08 1.16198e-06 
1187.09 1.16128e-06 
1187.1 1.16057e-06 
1187.11 1.15987e-06 
1187.12 1.15917e-06 
1187.13 1.15847e-06 
1187.14 1.15777e-06 
1187.15 1.15707e-06 
1187.16 1.15637e-06 
1187.17 1.15567e-06 
1187.18 1.15497e-06 
1187.19 1.15427e-06 
1187.2 1.15357e-06 
1187.21 1.15287e-06 
1187.22 1.15218e-06 
1187.23 1.15148e-06 
1187.24 1.15078e-06 
1187.24 1.15008e-06 
1187.25 1.14938e-06 
1187.26 1.14869e-06 
1187.27 1.14799e-06 
1187.28 1.14729e-06 
1187.29 1.1466e-06 
1187.3 1.1459e-06 
1187.31 1.14521e-06 
1187.32 1.14451e-06 
1187.33 1.14382e-06 
1187.34 1.14312e-06 
1187.35 1.14243e-06 
1187.36 1.14173e-06 
1187.37 1.14104e-06 
1187.38 1.14035e-06 
1187.39 1.13965e-06 
1187.4 1.13896e-06 
1187.41 1.13827e-06 
1187.42 1.13758e-06 
1187.43 1.13688e-06 
1187.44 1.13619e-06 
1187.45 1.1355e-06 
1187.46 1.13481e-06 
1187.47 1.13412e-06 
1187.48 1.13343e-06 
1187.49 1.13274e-06 
1187.5 1.13205e-06 
1187.51 1.13136e-06 
1187.52 1.13067e-06 
1187.53 1.12998e-06 
1187.54 1.12929e-06 
1187.55 1.1286e-06 
1187.56 1.12791e-06 
1187.57 1.12723e-06 
1187.58 1.12654e-06 
1187.59 1.12585e-06 
1187.6 1.12517e-06 
1187.61 1.12518e-06 
1187.62 1.12449e-06 
1187.63 1.1238e-06 
1187.64 1.12312e-06 
1187.65 1.12243e-06 
1187.66 1.12175e-06 
1187.66 1.12106e-06 
1187.67 1.12037e-06 
1187.68 1.11969e-06 
1187.69 1.11901e-06 
1187.7 1.11832e-06 
1187.71 1.11764e-06 
1187.72 1.11695e-06 
1187.73 1.11627e-06 
1187.74 1.11559e-06 
1187.75 1.11491e-06 
1187.76 1.11422e-06 
1187.77 1.11354e-06 
1187.78 1.11286e-06 
1187.79 1.11218e-06 
1187.8 1.1115e-06 
1187.81 1.11081e-06 
1187.82 1.11013e-06 
1187.83 1.10945e-06 
1187.84 1.10877e-06 
1187.85 1.10809e-06 
1187.86 1.10741e-06 
1187.87 1.10674e-06 
1187.88 1.10606e-06 
1187.89 1.10538e-06 
1187.9 1.1047e-06 
1187.91 1.10402e-06 
1187.92 1.10334e-06 
1187.93 1.10267e-06 
1187.94 1.10199e-06 
1187.95 1.10131e-06 
1187.96 1.10064e-06 
1187.97 1.09996e-06 
1187.98 1.09928e-06 
1187.99 1.09861e-06 
1188 1.09794e-06 
1188.01 1.09726e-06 
1188.02 1.09659e-06 
1188.03 1.09591e-06 
1188.04 1.09524e-06 
1188.05 1.09456e-06 
1188.06 1.09389e-06 
1188.07 1.09322e-06 
1188.08 1.09254e-06 
1188.09 1.09187e-06 
1188.09 1.0912e-06 
1188.1 1.09053e-06 
1188.11 1.08985e-06 
1188.12 1.08918e-06 
1188.13 1.08851e-06 
1188.14 1.08784e-06 
1188.15 1.08717e-06 
1188.16 1.0865e-06 
1188.17 1.08583e-06 
1188.18 1.08516e-06 
1188.19 1.08449e-06 
1188.2 1.08382e-06 
1188.21 1.08315e-06 
1188.22 1.08248e-06 
1188.23 1.08182e-06 
1188.24 1.08115e-06 
1188.25 1.08048e-06 
1188.26 1.07981e-06 
1188.27 1.07915e-06 
1188.28 1.07848e-06 
1188.29 1.07782e-06 
1188.3 1.07715e-06 
1188.31 1.07648e-06 
1188.32 1.07582e-06 
1188.33 1.07515e-06 
1188.34 1.07449e-06 
1188.35 1.07382e-06 
1188.36 1.07316e-06 
1188.37 1.07249e-06 
1188.38 1.07183e-06 
1188.39 1.07117e-06 
1188.4 1.0705e-06 
1188.41 1.06984e-06 
1188.42 1.06918e-06 
1188.43 1.06852e-06 
1188.44 1.06785e-06 
1188.45 1.06719e-06 
1188.46 1.06653e-06 
1188.47 1.06587e-06 
1188.48 1.06521e-06 
1188.49 1.06455e-06 
1188.5 1.06389e-06 
1188.51 1.06323e-06 
1188.52 1.06257e-06 
1188.52 1.06191e-06 
1188.53 1.06125e-06 
1188.54 1.06059e-06 
1188.55 1.05994e-06 
1188.56 1.05928e-06 
1188.57 1.05862e-06 
1188.58 1.05796e-06 
1188.59 1.05731e-06 
1188.6 1.0573e-06 
1188.61 1.05665e-06 
1188.62 1.05599e-06 
1188.63 1.05534e-06 
1188.64 1.05468e-06 
1188.65 1.05402e-06 
1188.66 1.05337e-06 
1188.67 1.05271e-06 
1188.68 1.05206e-06 
1188.69 1.0514e-06 
1188.7 1.05075e-06 
1188.71 1.0501e-06 
1188.72 1.04944e-06 
1188.73 1.04879e-06 
1188.74 1.04814e-06 
1188.75 1.04748e-06 
1188.76 1.04683e-06 
1188.77 1.04618e-06 
1188.78 1.04553e-06 
1188.79 1.04488e-06 
1188.8 1.04423e-06 
1188.81 1.04357e-06 
1188.82 1.04292e-06 
1188.83 1.04227e-06 
1188.84 1.04163e-06 
1188.85 1.04097e-06 
1188.86 1.04032e-06 
1188.87 1.03968e-06 
1188.88 1.03903e-06 
1188.89 1.03838e-06 
1188.9 1.03773e-06 
1188.91 1.03708e-06 
1188.92 1.03644e-06 
1188.93 1.03579e-06 
1188.94 1.03514e-06 
1188.94 1.03449e-06 
1188.95 1.03385e-06 
1188.96 1.0332e-06 
1188.97 1.03256e-06 
1188.98 1.03191e-06 
1188.99 1.03127e-06 
1189 1.03062e-06 
1189.01 1.02998e-06 
1189.02 1.02933e-06 
1189.03 1.02869e-06 
1189.04 1.02805e-06 
1189.05 1.0274e-06 
1189.06 1.02676e-06 
1189.07 1.02612e-06 
1189.08 1.02547e-06 
1189.09 1.02483e-06 
1189.1 1.02419e-06 
1189.11 1.02355e-06 
1189.12 1.02291e-06 
1189.13 1.02227e-06 
1189.14 1.02163e-06 
1189.15 1.02099e-06 
1189.16 1.02035e-06 
1189.17 1.01971e-06 
1189.18 1.01907e-06 
1189.19 1.01843e-06 
1189.2 1.01779e-06 
1189.21 1.01715e-06 
1189.22 1.01651e-06 
1189.23 1.01587e-06 
1189.24 1.01524e-06 
1189.25 1.0146e-06 
1189.26 1.01396e-06 
1189.27 1.01333e-06 
1189.28 1.01269e-06 
1189.29 1.01205e-06 
1189.3 1.01142e-06 
1189.31 1.01078e-06 
1189.32 1.01015e-06 
1189.33 1.00951e-06 
1189.34 1.00888e-06 
1189.35 1.00824e-06 
1189.36 1.00761e-06 
1189.36 1.00698e-06 
1189.37 1.00634e-06 
1189.38 1.00571e-06 
1189.39 1.00508e-06 
1189.4 1.00444e-06 
1189.41 1.00381e-06 
1189.42 1.00318e-06 
1189.43 1.00255e-06 
1189.44 1.00192e-06 
1189.45 1.00129e-06 
1189.46 1.00066e-06 
1189.47 1.00003e-06 
1189.48 9.99397e-07 
1189.49 9.98768e-07 
1189.5 9.98138e-07 
1189.51 9.97508e-07 
1189.52 9.96881e-07 
1189.53 9.96251e-07 
1189.54 9.95624e-07 
1189.55 9.94996e-07 
1189.56 9.94367e-07 
1189.57 9.93741e-07 
1189.58 9.93114e-07 
1189.59 9.92487e-07 
1189.6 9.9186e-07 
1189.61 9.9185e-07 
1189.62 9.91224e-07 
1189.63 9.90597e-07 
1189.64 9.89973e-07 
1189.65 9.89347e-07 
1189.66 9.88722e-07 
1189.67 9.88096e-07 
1189.68 9.87473e-07 
1189.69 9.86848e-07 
1189.7 9.86225e-07 
1189.71 9.85601e-07 
1189.72 9.84979e-07 
1189.73 9.84356e-07 
1189.74 9.83733e-07 
1189.75 9.83111e-07 
1189.76 9.82488e-07 
1189.77 9.81867e-07 
1189.78 9.81245e-07 
1189.79 9.80624e-07 
1189.79 9.80004e-07 
1189.8 9.79383e-07 
1189.81 9.78763e-07 
1189.82 9.78142e-07 
1189.83 9.77523e-07 
1189.84 9.76904e-07 
1189.85 9.76286e-07 
1189.86 9.75666e-07 
1189.87 9.75048e-07 
1189.88 9.74429e-07 
1189.89 9.73813e-07 
1189.9 9.73195e-07 
1189.91 9.72577e-07 
1189.92 9.71961e-07 
1189.93 9.71345e-07 
1189.94 9.70728e-07 
1189.95 9.70112e-07 
1189.96 9.69496e-07 
1189.97 9.68882e-07 
1189.98 9.68266e-07 
1189.99 9.67651e-07 
1190 9.67037e-07 
1190.01 9.66423e-07 
1190.02 9.65808e-07 
1190.03 9.65194e-07 
1190.04 9.64582e-07 
1190.05 9.63968e-07 
1190.06 9.63357e-07 
1190.07 9.62744e-07 
1190.08 9.62131e-07 
1190.09 9.6152e-07 
1190.1 9.60908e-07 
1190.11 9.60296e-07 
1190.12 9.59685e-07 
1190.13 9.59075e-07 
1190.14 9.58464e-07 
1190.15 9.57854e-07 
1190.16 9.57244e-07 
1190.17 9.56636e-07 
1190.18 9.56026e-07 
1190.19 9.55418e-07 
1190.2 9.54809e-07 
1190.21 9.542e-07 
1190.21 9.53592e-07 
1190.22 9.52983e-07 
1190.23 9.52377e-07 
1190.24 9.5177e-07 
1190.25 9.51163e-07 
1190.26 9.50556e-07 
1190.27 9.49949e-07 
1190.28 9.49343e-07 
1190.29 9.48739e-07 
1190.3 9.48133e-07 
1190.31 9.47528e-07 
1190.32 9.46923e-07 
1190.33 9.46319e-07 
1190.34 9.45715e-07 
1190.35 9.4511e-07 
1190.36 9.44506e-07 
1190.37 9.43903e-07 
1190.38 9.43301e-07 
1190.39 9.42697e-07 
1190.4 9.42096e-07 
1190.41 9.41493e-07 
1190.42 9.40891e-07 
1190.43 9.40288e-07 
1190.44 9.39688e-07 
1190.45 9.39087e-07 
1190.46 9.38487e-07 
1190.47 9.37885e-07 
1190.48 9.37285e-07 
1190.49 9.36685e-07 
1190.5 9.36085e-07 
1190.51 9.35486e-07 
1190.52 9.34888e-07 
1190.53 9.34289e-07 
1190.54 9.3369e-07 
1190.55 9.33092e-07 
1190.56 9.32493e-07 
1190.57 9.31896e-07 
1190.58 9.31299e-07 
1190.59 9.30702e-07 
1190.6 9.30105e-07 
1190.61 9.30084e-07 
1190.62 9.29488e-07 
1190.63 9.28891e-07 
1190.64 9.28296e-07 
1190.64 9.277e-07 
1190.65 9.27104e-07 
1190.66 9.26509e-07 
1190.67 9.25915e-07 
1190.68 9.25319e-07 
1190.69 9.24724e-07 
1190.7 9.24131e-07 
1190.71 9.23537e-07 
1190.72 9.22943e-07 
1190.73 9.22351e-07 
1190.74 9.21758e-07 
1190.75 9.21165e-07 
1190.76 9.20573e-07 
1190.77 9.1998e-07 
1190.78 9.19387e-07 
1190.79 9.18797e-07 
1190.8 9.18205e-07 
1190.81 9.17614e-07 
1190.82 9.17024e-07 
1190.83 9.16432e-07 
1190.84 9.15843e-07 
1190.85 9.15253e-07 
1190.86 9.14663e-07 
1190.87 9.14073e-07 
1190.88 9.13484e-07 
1190.89 9.12896e-07 
1190.9 9.12306e-07 
1190.91 9.11719e-07 
1190.92 9.11131e-07 
1190.93 9.10543e-07 
1190.94 9.09955e-07 
1190.95 9.09368e-07 
1190.96 9.08781e-07 
1190.97 9.08195e-07 
1190.98 9.07608e-07 
1190.99 9.07022e-07 
1191 9.06435e-07 
1191.01 9.0585e-07 
1191.02 9.05265e-07 
1191.03 9.0468e-07 
1191.04 9.04096e-07 
1191.05 9.03509e-07 
1191.06 9.02926e-07 
1191.07 9.02342e-07 
1191.07 9.01759e-07 
1191.08 9.01176e-07 
1191.09 9.00592e-07 
1191.1 9.00009e-07 
1191.11 8.99425e-07 
1191.12 8.98843e-07 
1191.13 8.98262e-07 
1191.14 8.97679e-07 
1191.15 8.97098e-07 
1191.16 8.96516e-07 
1191.17 8.95935e-07 
1191.18 8.95353e-07 
1191.19 8.94774e-07 
1191.2 8.94193e-07 
1191.21 8.93613e-07 
1191.22 8.93033e-07 
1191.23 8.92453e-07 
1191.24 8.91874e-07 
1191.25 8.91295e-07 
1191.26 8.90716e-07 
1191.27 8.90137e-07 
1191.28 8.89559e-07 
1191.29 8.88981e-07 
1191.3 8.88402e-07 
1191.31 8.87826e-07 
1191.32 8.87248e-07 
1191.33 8.86671e-07 
1191.34 8.86094e-07 
1191.35 8.85517e-07 
1191.36 8.8494e-07 
1191.37 8.84365e-07 
1191.38 8.83789e-07 
1191.39 8.83213e-07 
1191.4 8.82637e-07 
1191.41 8.82062e-07 
1191.42 8.81487e-07 
1191.43 8.80913e-07 
1191.44 8.80338e-07 
1191.45 8.79764e-07 
1191.46 8.7919e-07 
1191.47 8.78616e-07 
1191.48 8.78043e-07 
1191.49 8.77469e-07 
1191.49 8.76896e-07 
1191.5 8.76324e-07 
1191.51 8.75751e-07 
1191.52 8.75179e-07 
1191.53 8.74607e-07 
1191.54 8.74034e-07 
1191.55 8.73464e-07 
1191.56 8.72892e-07 
1191.57 8.72322e-07 
1191.58 8.71749e-07 
1191.59 8.71179e-07 
1191.6 8.71148e-07 
1191.61 8.70578e-07 
1191.62 8.70007e-07 
1191.63 8.69438e-07 
1191.64 8.68867e-07 
1191.65 8.68297e-07 
1191.66 8.67728e-07 
1191.67 8.67158e-07 
1191.68 8.6659e-07 
1191.69 8.6602e-07 
1191.7 8.65452e-07 
1191.71 8.64884e-07 
1191.72 8.64316e-07 
1191.73 8.63748e-07 
1191.74 8.63181e-07 
1191.75 8.62613e-07 
1191.76 8.62047e-07 
1191.77 8.61479e-07 
1191.78 8.60911e-07 
1191.79 8.60345e-07 
1191.8 8.59778e-07 
1191.81 8.59214e-07 
1191.82 8.58646e-07 
1191.83 8.58081e-07 
1191.84 8.57515e-07 
1191.85 8.56951e-07 
1191.86 8.56385e-07 
1191.87 8.5582e-07 
1191.88 8.55255e-07 
1191.89 8.54691e-07 
1191.9 8.54127e-07 
1191.91 8.53563e-07 
1191.92 8.52999e-07 
1191.92 8.52434e-07 
1191.93 8.51871e-07 
1191.94 8.51308e-07 
1191.95 8.50745e-07 
1191.96 8.50182e-07 
1191.97 8.4962e-07 
1191.98 8.49056e-07 
1191.99 8.48495e-07 
1192 8.47933e-07 
1192.01 8.4737e-07 
1192.02 8.46808e-07 
1192.03 8.46247e-07 
1192.04 8.45686e-07 
1192.05 8.45124e-07 
1192.06 8.44563e-07 
1192.07 8.44002e-07 
1192.08 8.43443e-07 
1192.09 8.42881e-07 
1192.1 8.42322e-07 
1192.11 8.41761e-07 
1192.12 8.41202e-07 
1192.13 8.40642e-07 
1192.14 8.40082e-07 
1192.15 8.39523e-07 
1192.16 8.38964e-07 
1192.17 8.38404e-07 
1192.18 8.37846e-07 
1192.19 8.37287e-07 
1192.2 8.36729e-07 
1192.21 8.3617e-07 
1192.22 8.35613e-07 
1192.23 8.35054e-07 
1192.24 8.34497e-07 
1192.25 8.3394e-07 
1192.26 8.33382e-07 
1192.27 8.32824e-07 
1192.28 8.32268e-07 
1192.29 8.3171e-07 
1192.3 8.31154e-07 
1192.31 8.30597e-07 
1192.32 8.30041e-07 
1192.33 8.29484e-07 
1192.34 8.28927e-07 
1192.34 8.28371e-07 
1192.35 8.27816e-07 
1192.36 8.27259e-07 
1192.37 8.26704e-07 
1192.38 8.26149e-07 
1192.39 8.25594e-07 
1192.4 8.25038e-07 
1192.41 8.24483e-07 
1192.42 8.23928e-07 
1192.43 8.23374e-07 
1192.44 8.2282e-07 
1192.45 8.22265e-07 
1192.46 8.21712e-07 
1192.47 8.21157e-07 
1192.48 8.20604e-07 
1192.49 8.20049e-07 
1192.5 8.19496e-07 
1192.51 8.18942e-07 
1192.52 8.18389e-07 
1192.53 8.17835e-07 
1192.54 8.17282e-07 
1192.55 8.16728e-07 
1192.56 8.16176e-07 
1192.57 8.15623e-07 
1192.58 8.1507e-07 
1192.59 8.14518e-07 
1192.6 8.13965e-07 
1192.61 8.13917e-07 
1192.62 8.13364e-07 
1192.63 8.12811e-07 
1192.64 8.12259e-07 
1192.65 8.11707e-07 
1192.66 8.11155e-07 
1192.67 8.10603e-07 
1192.68 8.10051e-07 
1192.69 8.095e-07 
1192.7 8.08947e-07 
1192.71 8.08395e-07 
1192.72 8.07845e-07 
1192.73 8.07293e-07 
1192.74 8.06743e-07 
1192.75 8.06191e-07 
1192.76 8.0564e-07 
1192.77 8.05089e-07 
1192.77 8.04538e-07 
1192.78 8.03987e-07 
1192.79 8.03437e-07 
1192.8 8.02887e-07 
1192.81 8.02336e-07 
1192.82 8.01786e-07 
1192.83 8.01235e-07 
1192.84 8.00685e-07 
1192.85 8.00135e-07 
1192.86 7.99585e-07 
1192.87 7.99034e-07 
1192.88 7.98484e-07 
1192.89 7.97935e-07 
1192.9 7.97385e-07 
1192.91 7.96835e-07 
1192.92 7.96286e-07 
1192.93 7.95736e-07 
1192.94 7.95187e-07 
1192.95 7.94638e-07 
1192.96 7.94089e-07 
1192.97 7.9354e-07 
1192.98 7.9299e-07 
1192.99 7.92441e-07 
1193 7.91892e-07 
1193.01 7.91343e-07 
1193.02 7.90794e-07 
1193.03 7.90245e-07 
1193.04 7.89696e-07 
1193.05 7.89148e-07 
1193.06 7.88599e-07 
1193.07 7.8805e-07 
1193.08 7.87501e-07 
1193.09 7.86952e-07 
1193.1 7.86404e-07 
1193.11 7.85855e-07 
1193.12 7.85307e-07 
1193.13 7.84759e-07 
1193.14 7.8421e-07 
1193.15 7.83662e-07 
1193.16 7.83114e-07 
1193.17 7.82565e-07 
1193.18 7.82016e-07 
1193.19 7.81469e-07 
1193.19 7.8092e-07 
1193.2 7.80371e-07 
1193.21 7.79824e-07 
1193.22 7.79276e-07 
1193.23 7.78728e-07 
1193.24 7.78179e-07 
1193.25 7.77631e-07 
1193.26 7.77083e-07 
1193.27 7.76536e-07 
1193.28 7.75987e-07 
1193.29 7.75438e-07 
1193.3 7.74891e-07 
1193.31 7.74342e-07 
1193.32 7.73794e-07 
1193.33 7.73247e-07 
1193.34 7.72698e-07 
1193.35 7.72151e-07 
1193.36 7.71602e-07 
1193.37 7.71054e-07 
1193.38 7.70505e-07 
1193.39 7.69957e-07 
1193.4 7.69409e-07 
1193.41 7.68861e-07 
1193.42 7.68313e-07 
1193.43 7.67764e-07 
1193.44 7.67216e-07 
1193.45 7.66668e-07 
1193.46 7.6612e-07 
1193.47 7.65571e-07 
1193.48 7.65022e-07 
1193.49 7.64475e-07 
1193.5 7.63925e-07 
1193.51 7.63378e-07 
1193.52 7.62829e-07 
1193.53 7.6228e-07 
1193.54 7.61732e-07 
1193.55 7.61183e-07 
1193.56 7.60635e-07 
1193.57 7.60086e-07 
1193.58 7.59537e-07 
1193.59 7.58988e-07 
1193.6 7.58439e-07 
1193.61 7.58358e-07 
1193.62 7.57809e-07 
1193.62 7.5726e-07 
1193.63 7.5671e-07 
1193.64 7.5616e-07 
1193.65 7.55611e-07 
1193.66 7.55061e-07 
1193.67 7.54511e-07 
1193.68 7.5396e-07 
1193.69 7.53411e-07 
1193.7 7.52861e-07 
1193.71 7.52311e-07 
1193.72 7.51761e-07 
1193.73 7.5121e-07 
1193.74 7.5066e-07 
1193.75 7.50109e-07 
1193.76 7.49559e-07 
1193.77 7.49008e-07 
1193.78 7.48456e-07 
1193.79 7.47906e-07 
1193.8 7.47355e-07 
1193.81 7.46804e-07 
1193.82 7.46253e-07 
1193.83 7.45701e-07 
1193.84 7.4515e-07 
1193.85 7.44597e-07 
1193.86 7.44046e-07 
1193.87 7.43494e-07 
1193.88 7.42942e-07 
1193.89 7.4239e-07 
1193.9 7.41838e-07 
1193.91 7.41285e-07 
1193.92 7.40733e-07 
1193.93 7.4018e-07 
1193.94 7.39627e-07 
1193.95 7.39075e-07 
1193.96 7.38521e-07 
1193.97 7.37968e-07 
1193.98 7.37415e-07 
1193.99 7.36862e-07 
1194 7.36307e-07 
1194.01 7.35754e-07 
1194.02 7.352e-07 
1194.03 7.34645e-07 
1194.04 7.34091e-07 
1194.05 7.33537e-07 
1194.05 7.32982e-07 
1194.06 7.32427e-07 
1194.07 7.31872e-07 
1194.08 7.31317e-07 
1194.09 7.30762e-07 
1194.1 7.30206e-07 
1194.11 7.2965e-07 
1194.12 7.29094e-07 
1194.13 7.28538e-07 
1194.14 7.27982e-07 
1194.15 7.27425e-07 
1194.16 7.26869e-07 
1194.17 7.26312e-07 
1194.18 7.25755e-07 
1194.19 7.25197e-07 
1194.2 7.2464e-07 
1194.21 7.24083e-07 
1194.22 7.23524e-07 
1194.23 7.22966e-07 
1194.24 7.22408e-07 
1194.25 7.21849e-07 
1194.26 7.2129e-07 
1194.27 7.20732e-07 
1194.28 7.20173e-07 
1194.29 7.19614e-07 
1194.3 7.19054e-07 
1194.31 7.18494e-07 
1194.32 7.17934e-07 
1194.33 7.17374e-07 
1194.34 7.16813e-07 
1194.35 7.16253e-07 
1194.36 7.15692e-07 
1194.37 7.15131e-07 
1194.38 7.1457e-07 
1194.39 7.14009e-07 
1194.4 7.13448e-07 
1194.41 7.12886e-07 
1194.42 7.12325e-07 
1194.43 7.11763e-07 
1194.44 7.11201e-07 
1194.45 7.10639e-07 
1194.46 7.10077e-07 
1194.47 7.09515e-07 
1194.47 7.08953e-07 
1194.48 7.08391e-07 
1194.49 7.07829e-07 
1194.5 7.07266e-07 
1194.51 7.06705e-07 
1194.52 7.06142e-07 
1194.53 7.0558e-07 
1194.54 7.0502e-07 
1194.55 7.04458e-07 
1194.56 7.03898e-07 
1194.57 7.03337e-07 
1194.58 7.02777e-07 
1194.59 7.02218e-07 
1194.6 7.01659e-07 
1194.61 7.01534e-07 
1194.62 7.00977e-07 
1194.63 7.0042e-07 
1194.64 6.99865e-07 
1194.65 6.99311e-07 
1194.66 6.98758e-07 
1194.67 6.98206e-07 
1194.68 6.97655e-07 
1194.69 6.97108e-07 
1194.7 6.96562e-07 
1194.71 6.96017e-07 
1194.72 6.95477e-07 
1194.73 6.94938e-07 
1194.74 6.94403e-07 
1194.75 6.9387e-07 
1194.76 6.93341e-07 
1194.77 6.92817e-07 
1194.78 6.92297e-07 
1194.79 6.9178e-07 
1194.8 6.9127e-07 
1194.81 6.90765e-07 
1194.82 6.90266e-07 
1194.83 6.89774e-07 
1194.84 6.89289e-07 
1194.85 6.88811e-07 
1194.86 6.88342e-07 
1194.87 6.87882e-07 
1194.88 6.87432e-07 
1194.89 6.86991e-07 
1194.9 6.86562e-07 
1194.9 6.86146e-07 
1194.91 6.85742e-07 
1194.92 6.85352e-07 
1194.93 6.84978e-07 
1194.94 6.84619e-07 
1194.95 6.84279e-07 
1194.96 6.83956e-07 
1194.97 6.83653e-07 
1194.98 6.83375e-07 
1194.99 6.83116e-07 
1195 6.82881e-07 
1195.01 6.8267e-07 
1195.02 6.82489e-07 
1195.03 6.82335e-07 
1195.04 6.82212e-07 
1195.05 6.82121e-07 
1195.06 6.82065e-07 
1195.07 6.82046e-07 
1195.08 6.82065e-07 
1195.09 6.82125e-07 
1195.1 6.82227e-07 
1195.11 6.82376e-07 
1195.12 6.82573e-07 
1195.13 6.82819e-07 
1195.14 6.83119e-07 
1195.15 6.83475e-07 
1195.16 6.83889e-07 
1195.17 6.84364e-07 
1195.18 6.84904e-07 
1195.19 6.85511e-07 
1195.2 6.86189e-07 
1195.21 6.8694e-07 
1195.22 6.87768e-07 
1195.23 6.88696e-07 
1195.24 6.89689e-07 
1195.25 6.90768e-07 
1195.26 6.91938e-07 
1195.27 6.93202e-07 
1195.28 6.94563e-07 
1195.29 6.96026e-07 
1195.3 6.97592e-07 
1195.31 6.99266e-07 
1195.32 7.01052e-07 
1195.32 7.02953e-07 
1195.33 7.04973e-07 
1195.34 7.07114e-07 
1195.35 7.0938e-07 
1195.36 7.11776e-07 
1195.37 7.14303e-07 
1195.38 7.16966e-07 
1195.39 7.19767e-07 
1195.4 7.2271e-07 
1195.41 7.25797e-07 
1195.42 7.29031e-07 
1195.43 7.32414e-07 
1195.44 7.35949e-07 
1195.45 7.39639e-07 
1195.46 7.43484e-07 
1195.47 7.47488e-07 
1195.48 7.51712e-07 
1195.49 7.56038e-07 
1195.5 7.60526e-07 
1195.51 7.65177e-07 
1195.52 7.69991e-07 
1195.53 7.74968e-07 
1195.54 7.80109e-07 
1195.55 7.85412e-07 
1195.56 7.90876e-07 
1195.57 7.96501e-07 
1195.58 8.02285e-07 
1195.59 8.08226e-07 
1195.6 8.14321e-07 
1195.61 8.21075e-07 
1195.62 8.27475e-07 
1195.63 8.34019e-07 
1195.64 8.40704e-07 
1195.65 8.47524e-07 
1195.66 8.54476e-07 
1195.67 8.61553e-07 
1195.68 8.6875e-07 
1195.69 8.7606e-07 
1195.7 8.83477e-07 
1195.71 8.90993e-07 
1195.72 8.98601e-07 
1195.73 9.06397e-07 
1195.74 9.14163e-07 
1195.75 9.21995e-07 
1195.75 9.29883e-07 
1195.76 9.37818e-07 
1195.77 9.45789e-07 
1195.78 9.53786e-07 
1195.79 9.61798e-07 
1195.8 9.69813e-07 
1195.81 9.7782e-07 
1195.82 9.85807e-07 
1195.83 9.93763e-07 
1195.84 1.00167e-06 
1195.85 1.00953e-06 
1195.86 1.01731e-06 
1195.87 1.02502e-06 
1195.88 1.03263e-06 
1195.89 1.04013e-06 
1195.9 1.04751e-06 
1195.91 1.05475e-06 
1195.92 1.06185e-06 
1195.93 1.06879e-06 
1195.94 1.07556e-06 
1195.95 1.08213e-06 
1195.96 1.08852e-06 
1195.97 1.09469e-06 
1195.98 1.10071e-06 
1195.99 1.10642e-06 
1196 1.11189e-06 
1196.01 1.11709e-06 
1196.02 1.12203e-06 
1196.03 1.12669e-06 
1196.04 1.13106e-06 
1196.05 1.13513e-06 
1196.06 1.13889e-06 
1196.07 1.14234e-06 
1196.08 1.14547e-06 
1196.09 1.14826e-06 
1196.1 1.15071e-06 
1196.11 1.15283e-06 
1196.12 1.15459e-06 
1196.13 1.156e-06 
1196.14 1.15705e-06 
1196.15 1.15774e-06 
1196.16 1.15807e-06 
1196.17 1.15803e-06 
1196.17 1.15762e-06 
1196.18 1.15684e-06 
1196.19 1.1557e-06 
1196.2 1.1542e-06 
1196.21 1.15232e-06 
1196.22 1.15007e-06 
1196.23 1.14747e-06 
1196.24 1.14452e-06 
1196.25 1.14122e-06 
1196.26 1.13757e-06 
1196.27 1.13358e-06 
1196.28 1.12927e-06 
1196.29 1.12462e-06 
1196.3 1.11966e-06 
1196.31 1.11439e-06 
1196.32 1.10882e-06 
1196.33 1.10296e-06 
1196.34 1.09681e-06 
1196.35 1.0904e-06 
1196.36 1.08372e-06 
1196.37 1.0768e-06 
1196.38 1.06964e-06 
1196.39 1.06225e-06 
1196.4 1.05465e-06 
1196.41 1.04685e-06 
1196.42 1.03886e-06 
1196.43 1.03069e-06 
1196.44 1.02236e-06 
1196.45 1.01388e-06 
1196.46 1.00527e-06 
1196.47 9.96526e-07 
1196.48 9.87571e-07 
1196.49 9.78621e-07 
1196.5 9.69585e-07 
1196.51 9.60476e-07 
1196.52 9.51309e-07 
1196.53 9.42095e-07 
1196.54 9.32847e-07 
1196.55 9.23576e-07 
1196.56 9.14295e-07 
1196.57 9.05016e-07 
1196.58 8.95749e-07 
1196.59 8.86505e-07 
1196.6 8.77296e-07 
1196.6 8.68667e-07 
1196.61 8.59552e-07 
1196.62 8.505e-07 
1196.63 8.41522e-07 
1196.64 8.32626e-07 
1196.65 8.2382e-07 
1196.66 8.15113e-07 
1196.67 8.06512e-07 
1196.68 7.98024e-07 
1196.69 7.89655e-07 
1196.7 7.81411e-07 
1196.71 7.73298e-07 
1196.72 7.65323e-07 
1196.73 7.574e-07 
1196.74 7.49713e-07 
1196.75 7.42177e-07 
1196.76 7.34793e-07 
1196.77 7.27566e-07 
1196.78 7.20498e-07 
1196.79 7.13592e-07 
1196.8 7.0685e-07 
1196.81 7.00272e-07 
1196.82 6.93861e-07 
1196.83 6.87617e-07 
1196.84 6.81541e-07 
1196.85 6.75633e-07 
1196.86 6.69893e-07 
1196.87 6.64321e-07 
1196.88 6.58916e-07 
1196.89 6.53677e-07 
1196.9 6.48604e-07 
1196.91 6.43695e-07 
1196.92 6.38948e-07 
1196.93 6.34362e-07 
1196.94 6.29936e-07 
1196.95 6.25667e-07 
1196.96 6.21553e-07 
1196.97 6.17591e-07 
1196.98 6.13743e-07 
1196.99 6.10083e-07 
1197 6.06569e-07 
1197.01 6.03198e-07 
1197.02 5.99968e-07 
1197.03 5.96876e-07 
1197.03 5.9392e-07 
1197.04 5.91097e-07 
1197.05 5.88405e-07 
1197.06 5.85841e-07 
1197.07 5.83403e-07 
1197.08 5.81088e-07 
1197.09 5.78893e-07 
1197.1 5.76817e-07 
1197.11 5.74857e-07 
1197.12 5.7301e-07 
1197.13 5.71276e-07 
1197.14 5.69651e-07 
1197.15 5.68134e-07 
1197.16 5.66723e-07 
1197.17 5.65415e-07 
1197.18 5.6421e-07 
1197.19 5.63107e-07 
1197.2 5.62103e-07 
1197.21 5.61196e-07 
1197.22 5.60387e-07 
1197.23 5.59674e-07 
1197.24 5.59055e-07 
1197.25 5.58531e-07 
1197.26 5.58099e-07 
1197.27 5.57759e-07 
1197.28 5.57512e-07 
1197.29 5.57354e-07 
1197.3 5.57288e-07 
1197.31 5.57311e-07 
1197.32 5.57424e-07 
1197.33 5.57626e-07 
1197.34 5.57918e-07 
1197.35 5.58299e-07 
1197.36 5.58769e-07 
1197.37 5.59328e-07 
1197.38 5.59977e-07 
1197.39 5.60714e-07 
1197.4 5.61541e-07 
1197.41 5.62457e-07 
1197.42 5.63463e-07 
1197.43 5.64558e-07 
1197.44 5.65743e-07 
1197.45 5.67018e-07 
1197.45 5.68382e-07 
1197.46 5.69837e-07 
1197.47 5.71381e-07 
1197.48 5.73045e-07 
1197.49 5.7477e-07 
1197.5 5.76585e-07 
1197.51 5.78488e-07 
1197.52 5.80479e-07 
1197.53 5.82559e-07 
1197.54 5.84727e-07 
1197.55 5.86982e-07 
1197.56 5.89323e-07 
1197.57 5.91749e-07 
1197.58 5.94259e-07 
1197.59 5.96853e-07 
1197.6 5.99528e-07 
1197.61 6.02655e-07 
1197.62 6.0549e-07 
1197.63 6.08403e-07 
1197.64 6.1139e-07 
1197.65 6.1445e-07 
1197.66 6.1758e-07 
1197.67 6.20778e-07 
1197.68 6.24041e-07 
1197.69 6.27367e-07 
1197.7 6.30752e-07 
1197.71 6.34193e-07 
1197.72 6.37687e-07 
1197.73 6.41284e-07 
1197.74 6.44873e-07 
1197.75 6.48503e-07 
1197.76 6.52171e-07 
1197.77 6.55871e-07 
1197.78 6.596e-07 
1197.79 6.63354e-07 
1197.8 6.67126e-07 
1197.81 6.70913e-07 
1197.82 6.7471e-07 
1197.83 6.78511e-07 
1197.84 6.82311e-07 
1197.85 6.86104e-07 
1197.86 6.89887e-07 
1197.87 6.93652e-07 
1197.88 6.97394e-07 
1197.88 7.01108e-07 
1197.89 7.04788e-07 
1197.9 7.08428e-07 
1197.91 7.12022e-07 
1197.92 7.15566e-07 
1197.93 7.19052e-07 
1197.94 7.22476e-07 
1197.95 7.25831e-07 
1197.96 7.29113e-07 
1197.97 7.32316e-07 
1197.98 7.35483e-07 
1197.99 7.3851e-07 
1198 7.41442e-07 
1198.01 7.44274e-07 
1198.02 7.47001e-07 
1198.03 7.49619e-07 
1198.04 7.52123e-07 
1198.05 7.54509e-07 
1198.06 7.56775e-07 
1198.07 7.58914e-07 
1198.08 7.60925e-07 
1198.09 7.62804e-07 
1198.1 7.64549e-07 
1198.11 7.66156e-07 
1198.12 7.67626e-07 
1198.13 7.68954e-07 
1198.14 7.70141e-07 
1198.15 7.71186e-07 
1198.16 7.72087e-07 
1198.17 7.72845e-07 
1198.18 7.7346e-07 
1198.19 7.73932e-07 
1198.2 7.74264e-07 
1198.21 7.74456e-07 
1198.22 7.74512e-07 
1198.23 7.74443e-07 
1198.24 7.74231e-07 
1198.25 7.73892e-07 
1198.26 7.73429e-07 
1198.27 7.72847e-07 
1198.28 7.72152e-07 
1198.29 7.71348e-07 
1198.3 7.70441e-07 
1198.3 7.69439e-07 
1198.31 7.68348e-07 
1198.32 7.67176e-07 
1198.33 7.6593e-07 
1198.34 7.64619e-07 
1198.35 7.63253e-07 
1198.36 7.6184e-07 
1198.37 7.6039e-07 
1198.38 7.58913e-07 
1198.39 7.5742e-07 
1198.4 7.55922e-07 
1198.41 7.5443e-07 
1198.42 7.52955e-07 
1198.43 7.51511e-07 
1198.44 7.50109e-07 
1198.45 7.48762e-07 
1198.46 7.47483e-07 
1198.47 7.46284e-07 
1198.48 7.45178e-07 
1198.49 7.44184e-07 
1198.5 7.43311e-07 
1198.51 7.42573e-07 
1198.52 7.41985e-07 
1198.53 7.41561e-07 
1198.54 7.41314e-07 
1198.55 7.4126e-07 
1198.56 7.41411e-07 
1198.57 7.41782e-07 
1198.58 7.42387e-07 
1198.59 7.43239e-07 
1198.6 7.44353e-07 
1198.61 7.46201e-07 
1198.62 7.47877e-07 
1198.63 7.49855e-07 
1198.64 7.52147e-07 
1198.65 7.54764e-07 
1198.66 7.57718e-07 
1198.67 7.61021e-07 
1198.68 7.64683e-07 
1198.69 7.68715e-07 
1198.7 7.73127e-07 
1198.71 7.77928e-07 
1198.72 7.83126e-07 
1198.73 7.88815e-07 
1198.73 7.94836e-07 
1198.74 8.01276e-07 
1198.75 8.0814e-07 
1198.76 8.15433e-07 
1198.77 8.2316e-07 
1198.78 8.31322e-07 
1198.79 8.39923e-07 
1198.8 8.48963e-07 
1198.81 8.58442e-07 
1198.82 8.6836e-07 
1198.83 8.78715e-07 
1198.84 8.89503e-07 
1198.85 9.00721e-07 
1198.86 9.12363e-07 
1198.87 9.24424e-07 
1198.88 9.36895e-07 
1198.89 9.49768e-07 
1198.9 9.63035e-07 
1198.91 9.76684e-07 
1198.92 9.90702e-07 
1198.93 1.00508e-06 
1198.94 1.0198e-06 
1198.95 1.03484e-06 
1198.96 1.0502e-06 
1198.97 1.06585e-06 
1198.98 1.08199e-06 
1198.99 1.09817e-06 
1199 1.11459e-06 
1199.01 1.13123e-06 
1199.02 1.14805e-06 
1199.03 1.16503e-06 
1199.04 1.18216e-06 
1199.05 1.19941e-06 
1199.06 1.21675e-06 
1199.07 1.23415e-06 
1199.08 1.25158e-06 
1199.09 1.26903e-06 
1199.1 1.28645e-06 
1199.11 1.30383e-06 
1199.12 1.32112e-06 
1199.13 1.33831e-06 
1199.14 1.35535e-06 
1199.15 1.37223e-06 
1199.15 1.3889e-06 
1199.16 1.40534e-06 
1199.17 1.42152e-06 
1199.18 1.43741e-06 
1199.19 1.45297e-06 
1199.2 1.46818e-06 
1199.21 1.48301e-06 
1199.22 1.4976e-06 
1199.23 1.51157e-06 
1199.24 1.52506e-06 
1199.25 1.53805e-06 
1199.26 1.55052e-06 
1199.27 1.56243e-06 
1199.28 1.57376e-06 
1199.29 1.5845e-06 
1199.3 1.5946e-06 
1199.31 1.60406e-06 
1199.32 1.61285e-06 
1199.33 1.62095e-06 
1199.34 1.62834e-06 
1199.35 1.63501e-06 
1199.36 1.64094e-06 
1199.37 1.64611e-06 
1199.38 1.65052e-06 
1199.39 1.65414e-06 
1199.4 1.65698e-06 
1199.41 1.65902e-06 
1199.42 1.66026e-06 
1199.43 1.66068e-06 
1199.44 1.6603e-06 
1199.45 1.65911e-06 
1199.46 1.6571e-06 
1199.47 1.65428e-06 
1199.48 1.65061e-06 
1199.49 1.64618e-06 
1199.5 1.64094e-06 
1199.51 1.63492e-06 
1199.52 1.62813e-06 
1199.53 1.62057e-06 
1199.54 1.61226e-06 
1199.55 1.60322e-06 
1199.56 1.59345e-06 
1199.57 1.58299e-06 
1199.58 1.57185e-06 
1199.58 1.56004e-06 
1199.59 1.5476e-06 
1199.6 1.53454e-06 
1199.61 1.52184e-06 
1199.62 1.50762e-06 
1199.63 1.49286e-06 
1199.64 1.4776e-06 
1199.65 1.46185e-06 
1199.66 1.44565e-06 
1199.67 1.42904e-06 
1199.68 1.41203e-06 
1199.69 1.39467e-06 
1199.7 1.37698e-06 
1199.71 1.359e-06 
1199.72 1.34077e-06 
1199.73 1.32209e-06 
1199.74 1.30343e-06 
1199.75 1.28463e-06 
1199.76 1.2657e-06 
1199.77 1.24668e-06 
1199.78 1.22762e-06 
1199.79 1.20854e-06 
1199.8 1.18947e-06 
1199.81 1.17046e-06 
1199.82 1.15154e-06 
1199.83 1.13274e-06 
1199.84 1.11409e-06 
1199.85 1.09563e-06 
1199.86 1.0774e-06 
1199.87 1.05942e-06 
1199.88 1.04172e-06 
1199.89 1.02434e-06 
1199.9 1.00731e-06 
1199.91 9.90659e-07 
1199.92 9.74417e-07 
1199.93 9.58613e-07 
1199.94 9.43276e-07 
1199.95 9.28433e-07 
1199.96 9.14114e-07 
1199.97 9.00341e-07 
1199.98 8.87001e-07 
1199.99 8.74406e-07 
1200 8.62439e-07 
1200.01 8.5112e-07 
1200.01 8.40471e-07 
1200.02 8.30514e-07 
1200.03 8.21272e-07 
1200.04 8.12763e-07 
1200.05 8.05009e-07 
1200.06 7.98029e-07 
1200.07 7.9184e-07 
1200.08 7.86461e-07 
1200.09 7.81909e-07 
1200.1 7.78199e-07 
1200.11 7.75348e-07 
1200.12 7.7337e-07 
1200.13 7.72278e-07 
1200.14 7.72088e-07 
1200.15 7.7281e-07 
1200.16 7.74458e-07 
1200.17 7.77042e-07 
1200.18 7.80573e-07 
1200.19 7.85062e-07 
1200.2 7.90515e-07 
1200.21 7.96944e-07 
1200.22 8.04356e-07 
1200.23 8.12884e-07 
1200.24 8.22293e-07 
1200.25 8.32703e-07 
1200.26 8.44121e-07 
1200.27 8.5655e-07 
1200.28 8.69992e-07 
1200.29 8.84451e-07 
1200.3 8.99929e-07 
1200.31 9.16424e-07 
1200.32 9.33941e-07 
1200.33 9.52476e-07 
1200.34 9.7203e-07 
1200.35 9.92597e-07 
1200.36 1.01418e-06 
1200.37 1.03676e-06 
1200.38 1.06035e-06 
1200.39 1.08494e-06 
1200.4 1.11051e-06 
1200.41 1.13707e-06 
1200.42 1.16459e-06 
1200.43 1.19308e-06 
1200.43 1.22252e-06 
1200.44 1.25289e-06 
1200.45 1.28418e-06 
1200.46 1.31639e-06 
1200.47 1.34948e-06 
1200.48 1.38389e-06 
1200.49 1.41873e-06 
1200.5 1.4544e-06 
1200.51 1.49088e-06 
1200.52 1.52815e-06 
1200.53 1.56619e-06 
1200.54 1.60498e-06 
1200.55 1.64448e-06 
1200.56 1.68466e-06 
1200.57 1.72551e-06 
1200.58 1.76699e-06 
1200.59 1.80906e-06 
1200.6 1.85169e-06 
1200.61 1.89603e-06 
1200.62 1.93971e-06 
1200.63 1.98386e-06 
1200.64 2.02842e-06 
1200.65 2.07336e-06 
1200.66 2.11864e-06 
1200.67 2.16422e-06 
1200.68 2.21006e-06 
1200.69 2.2561e-06 
1200.7 2.30232e-06 
1200.71 2.34866e-06 
1200.72 2.39507e-06 
1200.73 2.4421e-06 
1200.74 2.48852e-06 
1200.75 2.53487e-06 
1200.76 2.58111e-06 
1200.77 2.62717e-06 
1200.78 2.67302e-06 
1200.79 2.71859e-06 
1200.8 2.76385e-06 
1200.81 2.80874e-06 
1200.82 2.85321e-06 
1200.83 2.8972e-06 
1200.84 2.94067e-06 
1200.85 2.98357e-06 
1200.85 3.02585e-06 
1200.86 3.06745e-06 
1200.87 3.10833e-06 
1200.88 3.14843e-06 
1200.89 3.18772e-06 
1200.9 3.22614e-06 
1200.91 3.26365e-06 
1200.92 3.3002e-06 
1200.93 3.33574e-06 
1200.94 3.37024e-06 
1200.95 3.40366e-06 
1200.96 3.43595e-06 
1200.97 3.46707e-06 
1200.98 3.49738e-06 
1200.99 3.52605e-06 
1201 3.55346e-06 
1201.01 3.57956e-06 
1201.02 3.60433e-06 
1201.03 3.62776e-06 
1201.04 3.64979e-06 
1201.05 3.67043e-06 
1201.06 3.68965e-06 
1201.07 3.70742e-06 
1201.08 3.72374e-06 
1201.09 3.73859e-06 
1201.1 3.75197e-06 
1201.11 3.76385e-06 
1201.12 3.77425e-06 
1201.13 3.78315e-06 
1201.14 3.79057e-06 
1201.15 3.79649e-06 
1201.16 3.80093e-06 
1201.17 3.8039e-06 
1201.18 3.8054e-06 
1201.19 3.80546e-06 
1201.2 3.80408e-06 
1201.21 3.80129e-06 
1201.22 3.79711e-06 
1201.23 3.7915e-06 
1201.24 3.7846e-06 
1201.25 3.77639e-06 
1201.26 3.76691e-06 
1201.27 3.75619e-06 
1201.28 3.74426e-06 
1201.28 3.73117e-06 
1201.29 3.71695e-06 
1201.3 3.70165e-06 
1201.31 3.68533e-06 
1201.32 3.66801e-06 
1201.33 3.64976e-06 
1201.34 3.63063e-06 
1201.35 3.61066e-06 
1201.36 3.58991e-06 
1201.37 3.56844e-06 
1201.38 3.54631e-06 
1201.39 3.52357e-06 
1201.4 3.50028e-06 
1201.41 3.4765e-06 
1201.42 3.45229e-06 
1201.43 3.42773e-06 
1201.44 3.40286e-06 
1201.45 3.37774e-06 
1201.46 3.35245e-06 
1201.47 3.32705e-06 
1201.48 3.30129e-06 
1201.49 3.27584e-06 
1201.5 3.25047e-06 
1201.51 3.22524e-06 
1201.52 3.2002e-06 
1201.53 3.17543e-06 
1201.54 3.15097e-06 
1201.55 3.1269e-06 
1201.56 3.10326e-06 
1201.57 3.08011e-06 
1201.58 3.05752e-06 
1201.59 3.03553e-06 
1201.6 3.0142e-06 
1201.61 2.99542e-06 
1201.62 2.97555e-06 
1201.63 2.95649e-06 
1201.64 2.93827e-06 
1201.65 2.92096e-06 
1201.66 2.90459e-06 
1201.67 2.8892e-06 
1201.68 2.87483e-06 
1201.69 2.86152e-06 
1201.7 2.84929e-06 
1201.7 2.83818e-06 
1201.71 2.82821e-06 
1201.72 2.81933e-06 
1201.73 2.81175e-06 
1201.74 2.80539e-06 
1201.75 2.80026e-06 
1201.76 2.79638e-06 
1201.77 2.79377e-06 
1201.78 2.79243e-06 
1201.79 2.79237e-06 
1201.8 2.7936e-06 
1201.81 2.79612e-06 
1201.82 2.79992e-06 
1201.83 2.805e-06 
1201.84 2.81136e-06 
1201.85 2.81899e-06 
1201.86 2.82788e-06 
1201.87 2.83801e-06 
1201.88 2.84937e-06 
1201.89 2.86193e-06 
1201.9 2.87569e-06 
1201.91 2.8906e-06 
1201.92 2.90665e-06 
1201.93 2.9238e-06 
1201.94 2.94204e-06 
1201.95 2.96131e-06 
1201.96 2.98159e-06 
1201.97 3.00284e-06 
1201.98 3.02532e-06 
1201.99 3.0484e-06 
1202 3.07233e-06 
1202.01 3.09706e-06 
1202.02 3.12255e-06 
1202.03 3.14874e-06 
1202.04 3.1756e-06 
1202.05 3.20306e-06 
1202.06 3.23107e-06 
1202.07 3.25959e-06 
1202.08 3.28856e-06 
1202.09 3.31792e-06 
1202.1 3.34762e-06 
1202.11 3.37759e-06 
1202.12 3.40779e-06 
1202.13 3.43816e-06 
1202.13 3.46863e-06 
1202.14 3.49915e-06 
1202.15 3.52966e-06 
1202.16 3.5601e-06 
1202.17 3.59041e-06 
1202.18 3.62053e-06 
1202.19 3.65041e-06 
1202.2 3.67998e-06 
1202.21 3.70919e-06 
1202.22 3.73835e-06 
1202.23 3.76666e-06 
1202.24 3.79443e-06 
1202.25 3.82162e-06 
1202.26 3.84816e-06 
1202.27 3.87401e-06 
1202.28 3.89911e-06 
1202.29 3.92341e-06 
1202.3 3.94687e-06 
1202.31 3.96942e-06 
1202.32 3.99103e-06 
1202.33 4.01165e-06 
1202.34 4.03124e-06 
1202.35 4.04975e-06 
1202.36 4.06715e-06 
1202.37 4.08339e-06 
1202.38 4.09844e-06 
1202.39 4.11226e-06 
1202.4 4.12482e-06 
1202.41 4.1361e-06 
1202.42 4.14605e-06 
1202.43 4.15466e-06 
1202.44 4.16189e-06 
1202.45 4.16773e-06 
1202.46 4.17215e-06 
1202.47 4.17515e-06 
1202.48 4.17671e-06 
1202.49 4.17677e-06 
1202.5 4.17535e-06 
1202.51 4.17245e-06 
1202.52 4.16807e-06 
1202.53 4.16218e-06 
1202.54 4.15479e-06 
1202.55 4.14591e-06 
1202.56 4.13553e-06 
1202.56 4.12365e-06 
1202.57 4.11027e-06 
1202.58 4.09543e-06 
1202.59 4.07911e-06 
1202.6 4.06133e-06 
1202.61 4.0446e-06 
1202.62 4.02393e-06 
1202.63 4.00186e-06 
1202.64 3.97839e-06 
1202.65 3.95357e-06 
1202.66 3.92738e-06 
1202.67 3.89988e-06 
1202.68 3.87109e-06 
1202.69 3.84103e-06 
1202.7 3.80973e-06 
1202.71 3.77723e-06 
1202.72 3.74356e-06 
1202.73 3.70831e-06 
1202.74 3.67239e-06 
1202.75 3.6354e-06 
1202.76 3.59738e-06 
1202.77 3.55837e-06 
1202.78 3.51841e-06 
1202.79 3.47755e-06 
1202.8 3.43581e-06 
1202.81 3.39324e-06 
1202.82 3.34989e-06 
1202.83 3.30579e-06 
1202.84 3.26099e-06 
1202.85 3.21554e-06 
1202.86 3.16947e-06 
1202.87 3.12284e-06 
1202.88 3.07567e-06 
1202.89 3.02803e-06 
1202.9 2.97995e-06 
1202.91 2.93148e-06 
1202.92 2.88266e-06 
1202.93 2.83353e-06 
1202.94 2.78414e-06 
1202.95 2.73453e-06 
1202.96 2.68474e-06 
1202.97 2.63482e-06 
1202.98 2.5848e-06 
1202.98 2.5341e-06 
1202.99 2.48402e-06 
1203 2.43396e-06 
1203.01 2.38396e-06 
1203.02 2.33407e-06 
1203.03 2.28432e-06 
1203.04 2.23473e-06 
1203.05 2.18537e-06 
1203.06 2.13624e-06 
1203.07 2.08739e-06 
1203.08 2.03884e-06 
1203.09 1.99064e-06 
1203.1 1.9428e-06 
1203.11 1.89537e-06 
1203.12 1.84835e-06 
1203.13 1.80179e-06 
1203.14 1.7557e-06 
1203.15 1.71011e-06 
1203.16 1.66505e-06 
1203.17 1.62053e-06 
1203.18 1.57657e-06 
1203.19 1.5332e-06 
1203.2 1.49043e-06 
1203.21 1.44827e-06 
1203.22 1.40675e-06 
1203.23 1.36537e-06 
1203.24 1.32516e-06 
1203.25 1.28563e-06 
1203.26 1.24678e-06 
1203.27 1.20863e-06 
1203.28 1.17117e-06 
1203.29 1.13443e-06 
1203.3 1.0984e-06 
1203.31 1.06309e-06 
1203.32 1.02851e-06 
1203.33 9.94664e-07 
1203.34 9.61545e-07 
1203.35 9.29159e-07 
1203.36 8.97507e-07 
1203.37 8.66588e-07 
1203.38 8.36403e-07 
1203.39 8.06947e-07 
1203.4 7.78219e-07 
1203.41 7.50216e-07 
1203.41 7.22932e-07 
1203.42 6.96364e-07 
1203.43 6.70505e-07 
1203.44 6.45351e-07 
1203.45 6.20893e-07 
1203.46 5.97124e-07 
1203.47 5.74037e-07 
1203.48 5.51347e-07 
1203.49 5.29606e-07 
1203.5 5.08519e-07 
1203.51 4.88078e-07 
1203.52 4.68273e-07 
1203.53 4.49092e-07 
1203.54 4.30526e-07 
1203.55 4.12563e-07 
1203.56 3.95192e-07 
1203.57 3.78403e-07 
1203.58 3.62182e-07 
1203.59 3.46519e-07 
1203.6 3.31401e-07 
1203.61 3.17012e-07 
1203.62 3.0294e-07 
1203.63 2.89378e-07 
1203.64 2.76313e-07 
1203.65 2.63734e-07 
1203.66 2.51626e-07 
1203.67 2.39979e-07 
1203.68 2.28781e-07 
1203.69 2.18018e-07 
1203.7 2.07678e-07 
1203.71 1.9775e-07 
1203.72 1.88222e-07 
1203.73 1.7897e-07 
1203.74 1.70211e-07 
1203.75 1.61816e-07 
1203.76 1.53773e-07 
1203.77 1.46073e-07 
1203.78 1.38703e-07 
1203.79 1.31652e-07 
1203.8 1.2491e-07 
1203.81 1.18466e-07 
1203.82 1.1231e-07 
1203.83 1.06431e-07 
1203.83 1.0082e-07 
1203.84 9.54666e-08 
1203.85 9.03617e-08 
1203.86 8.54957e-08 
1203.87 8.08595e-08 
1203.88 7.64443e-08 
1203.89 7.22416e-08 
1203.9 6.82426e-08 
1203.91 6.44394e-08 
1203.92 6.08239e-08 
1203.93 5.73885e-08 
1203.94 5.41255e-08 
1203.95 5.10278e-08 
1203.96 4.80883e-08 
1203.97 4.53e-08 
1203.98 4.26243e-08 
1203.99 4.01207e-08 
1204 3.77491e-08 
1204.01 3.55036e-08 
1204.02 3.33784e-08 
1204.03 3.13679e-08 
1204.04 2.94668e-08 
1204.05 2.76699e-08 
1204.06 2.59722e-08 
1204.07 2.4369e-08 
1204.08 2.28557e-08 
1204.09 2.14278e-08 
1204.1 2.00811e-08 
1204.11 1.88116e-08 
1204.12 1.76153e-08 
1204.13 1.64885e-08 
1204.14 1.54277e-08 
1204.15 1.44294e-08 
1204.16 1.34903e-08 
1204.17 1.26073e-08 
1204.18 1.17774e-08 
1204.19 1.09978e-08 
1204.2 1.02657e-08 
1204.21 9.57849e-09 
1204.22 8.93375e-09 
1204.23 8.32179e-09 
1204.24 7.75542e-09 
1204.25 7.22473e-09 
1204.26 6.72767e-09 
1204.26 6.26232e-09 
1204.27 5.82684e-09 
1204.28 5.41948e-09 
1204.29 5.0386e-09 
1204.3 4.68262e-09 
1204.31 4.35006e-09 
1204.32 4.03951e-09 
1204.33 3.74964e-09 
1204.34 3.47919e-09 
1204.35 3.22696e-09 
1204.36 2.99182e-09 
1204.37 2.77271e-09 
1204.38 2.56863e-09 
1204.39 2.37862e-09 
1204.4 2.20179e-09 
1204.41 2.0373e-09 
1204.42 1.88434e-09 
1204.43 1.74218e-09 
1204.44 1.6101e-09 
1204.45 1.48744e-09 
1204.46 1.37358e-09 
1204.47 1.26793e-09 
1204.48 1.16876e-09 
1204.49 1.078e-09 
1204.5 9.93894e-10 
1204.51 9.15985e-10 
1204.52 8.43846e-10 
1204.53 7.7708e-10 
1204.54 7.15311e-10 
1204.55 6.5819e-10 
1204.56 6.05391e-10 
1204.57 5.56604e-10 
1204.58 5.11546e-10 
1204.59 4.69948e-10 
1204.6 4.31561e-10 
1204.61 3.96152e-10 
1204.62 3.63727e-10 
1204.63 3.33618e-10 
1204.64 3.0588e-10 
1204.65 2.80336e-10 
1204.66 2.56824e-10 
1204.67 2.35189e-10 
1204.68 2.15292e-10 
1204.68 1.96999e-10 
1204.69 1.80189e-10 
1204.7 1.64748e-10 
1204.71 1.5057e-10 
1204.72 1.37402e-10 
1204.73 1.25477e-10 
1204.74 1.14541e-10 
1204.75 1.04517e-10 
1204.76 9.53324e-11 
1204.77 8.69201e-11 
1204.78 7.92185e-11 
1204.79 7.21707e-11 
1204.8 6.57236e-11 
1204.81 5.98288e-11 
1204.82 5.44409e-11 
1204.83 4.95186e-11 
1204.84 4.50234e-11 
1204.85 4.09199e-11 
1204.86 3.71757e-11 
1204.87 3.37606e-11 
1204.88 3.06471e-11 
1204.89 2.78096e-11 
1204.9 2.52248e-11 
1204.91 2.28712e-11 
1204.92 2.07288e-11 
1204.93 1.87797e-11 
1204.94 1.70071e-11 
1204.95 1.53957e-11 
1204.96 1.39314e-11 
1204.97 1.26014e-11 
1204.98 1.13795e-11 
1204.99 1.02848e-11 
1205 9.2918e-12 
1205.01 8.39131e-12 
1205.02 7.57506e-12 
1205.03 6.8355e-12 
1205.04 6.16569e-12 
1205.05 5.5593e-12 
1205.06 5.01055e-12 
1205.07 4.51418e-12 
1205.08 4.06535e-12 
1205.09 3.6597e-12 
1205.1 3.29321e-12 
1205.11 2.96225e-12 
1205.11 2.66348e-12 
1205.12 2.3939e-12 
1205.13 2.15074e-12 
1205.14 1.93152e-12 
1205.15 1.73395e-12 
1205.16 1.55597e-12 
1205.17 1.3957e-12 
1205.18 1.25144e-12 
1205.19 1.12165e-12 
1205.2 1.00492e-12 
1205.21 8.99975e-13 
1205.22 8.04614e-13 
1205.23 7.19961e-13 
1205.24 6.44004e-13 
1205.25 5.75832e-13 
1205.26 5.14671e-13 
1205.27 4.59824e-13 
1205.28 4.10657e-13 
1205.29 3.66602e-13 
1205.3 3.27143e-13 
1205.31 2.91815e-13 
1205.32 2.60199e-13 
1205.33 2.31915e-13 
1205.34 2.06624e-13 
1205.35 1.84018e-13 
1205.36 1.6382e-13 
1205.37 1.4578e-13 
1205.38 1.29676e-13 
1205.39 1.15304e-13 
1205.4 1.02485e-13 
1205.41 9.10548e-14 
1205.42 8.08671e-14 
1205.43 7.17906e-14 
1205.44 6.37076e-14 
1205.45 5.65121e-14 
1205.46 5.01094e-14 
1205.47 4.44144e-14 
1205.48 3.92948e-14 
1205.49 3.4798e-14 
1205.5 3.08062e-14 
1205.51 2.72615e-14 
1205.52 2.41151e-14 
1205.53 2.13233e-14 
1205.54 1.88472e-14 
1205.54 1.6652e-14 
1205.55 1.47067e-14 
1205.56 1.29834e-14 
1205.57 1.14575e-14 
1205.58 1.01069e-14 
1205.59 8.91199e-15 
1205.6 7.85521e-15 
1205.61 6.92523e-15 
1205.62 6.09919e-15 
1205.63 5.36953e-15 
1205.64 4.72528e-15 
1205.65 4.15668e-15 
1205.66 3.65505e-15 
1205.67 3.21267e-15 
1205.68 2.82271e-15 
1205.69 2.4791e-15 
1205.7 2.17645e-15 
1205.71 1.90999e-15 
1205.72 1.67548e-15 
1205.73 1.46677e-15 
1205.74 1.28565e-15 
1205.75 1.12645e-15 
1205.76 9.8657e-16 
1205.77 8.63715e-16 
1205.78 7.55859e-16 
1205.79 6.61208e-16 
1205.8 5.78179e-16 
1205.81 5.05375e-16 
1205.82 4.41563e-16 
1205.83 3.85655e-16 
1205.84 3.36691e-16 
1205.85 2.93827e-16 
1205.86 2.56318e-16 
1205.87 2.23508e-16 
1205.88 1.94821e-16 
1205.89 1.69748e-16 
1205.9 1.47843e-16 
1205.91 1.28714e-16 
1205.92 1.12015e-16 
1205.93 9.74434e-17 
1205.94 8.47338e-17 
1205.95 7.36528e-17 
1205.96 6.39953e-17 
1205.96 5.5582e-17 
1205.97 4.82556e-17 
1205.98 4.1804e-17 
1205.99 3.62647e-17 
1206 3.14468e-17 
1206.01 2.72582e-17 
1206.02 2.36181e-17 
1206.03 2.04559e-17 
1206.04 1.77101e-17 
1206.05 1.53267e-17 
1206.06 1.32588e-17 
1206.07 1.14654e-17 
1206.08 9.91056e-18 
1206.09 8.56319e-18 
1206.1 7.39605e-18 
1206.11 6.38546e-18 
1206.12 5.51075e-18 
1206.13 4.75397e-18 
1206.14 4.09949e-18 
1206.15 3.53371e-18 
1206.16 3.0448e-18 
1206.17 2.62249e-18 
1206.18 2.25785e-18 
1206.19 1.94314e-18 
1206.2 1.67163e-18 
1206.21 1.43749e-18 
1206.22 1.23565e-18 
1206.23 1.05971e-18 
1206.24 9.10187e-19 
1206.25 7.81449e-19 
1206.26 6.70652e-19 
1206.27 5.75337e-19 
1206.28 4.93371e-19 
1206.29 4.22914e-19 
1206.3 3.62375e-19 
1206.31 3.10378e-19 
1206.32 2.65736e-19 
1206.33 2.27425e-19 
1206.34 1.9456e-19 
1206.35 1.66377e-19 
1206.36 1.42221e-19 
1206.37 1.21523e-19 
1206.38 1.03796e-19 
1206.39 8.86199e-20 
1206.39 7.56325e-20 
1206.4 6.45228e-20 
1206.41 5.5023e-20 
1206.42 4.69033e-20 
1206.43 3.99658e-20 
1206.44 3.40409e-20 
1206.45 2.89829e-20 
1206.46 2.46665e-20 
1206.47 2.09847e-20 
1206.48 1.78091e-20 
1206.49 1.51387e-20 
1206.5 1.28636e-20 
1206.51 1.0926e-20 
1206.52 9.27661e-21 
1206.53 7.87306e-21 
1206.54 6.67922e-21 
1206.55 5.66414e-21 
1206.56 4.80143e-21 
1206.57 4.0685e-21 
1206.58 3.44608e-21 
1206.59 2.91772e-21 
1206.6 0 
