#energy geo_1 
1186.6 1.4013e-45 
1186.61 1.4013e-45 
1186.62 2.8026e-45 
1186.63 2.8026e-45 
1186.64 2.8026e-45 
1186.65 2.8026e-45 
1186.66 2.8026e-45 
1186.67 4.2039e-45 
1186.68 5.60519e-45 
1186.69 7.00649e-45 
1186.7 8.40779e-45 
1186.71 8.40779e-45 
1186.72 9.80909e-45 
1186.73 1.26117e-44 
1186.74 1.4013e-44 
1186.75 1.82169e-44 
1186.76 2.10195e-44 
1186.77 2.38221e-44 
1186.78 2.94273e-44 
1186.79 3.50325e-44 
1186.8 4.06377e-44 
1186.81 4.76441e-44 
1186.81 5.60519e-44 
1186.82 6.72623e-44 
1186.83 7.9874e-44 
1186.84 9.3887e-44 
1186.85 1.09301e-43 
1186.86 1.30321e-43 
1186.87 1.54143e-43 
1186.88 1.82169e-43 
1186.89 2.158e-43 
1186.9 2.56438e-43 
1186.91 3.0268e-43 
1186.92 3.5593e-43 
1186.93 4.21791e-43 
1186.94 4.97461e-43 
1186.95 5.87144e-43 
1186.96 6.93643e-43 
1186.97 8.18358e-43 
1186.98 9.66896e-43 
1186.99 1.14066e-42 
1187 1.34665e-42 
1187.01 1.58907e-42 
1187.02 1.87494e-42 
1187.03 2.21125e-42 
1187.04 2.60642e-42 
1187.05 3.07445e-42 
1187.06 3.62236e-42 
1187.07 4.26976e-42 
1187.08 5.03066e-42 
1187.09 5.92749e-42 
1187.1 6.98267e-42 
1187.11 8.22282e-42 
1187.12 9.68437e-42 
1187.13 1.1401e-41 
1187.14 1.34202e-41 
1187.15 1.57954e-41 
1187.16 1.85882e-41 
1187.17 2.18701e-41 
1187.18 2.57292e-41 
1187.19 3.02624e-41 
1187.2 3.55874e-41 
1187.21 4.18456e-41 
1187.22 4.91926e-41 
1187.23 5.79381e-41 
1187.24 6.80905e-41 
1187.24 8.00071e-41 
1187.25 9.39949e-41 
1187.26 1.10408e-40 
1187.27 1.29669e-40 
1187.28 1.52262e-40 
1187.29 1.78764e-40 
1187.3 2.09843e-40 
1187.31 2.46282e-40 
1187.32 2.89005e-40 
1187.33 3.39081e-40 
1187.34 3.97767e-40 
1187.35 4.66533e-40 
1187.36 5.47096e-40 
1187.37 6.41467e-40 
1187.38 7.5199e-40 
1187.39 8.81411e-40 
1187.4 1.03293e-39 
1187.41 1.2103e-39 
1187.42 1.41789e-39 
1187.43 1.66081e-39 
1187.44 1.94503e-39 
1187.45 2.27751e-39 
1187.46 2.66638e-39 
1187.47 3.12113e-39 
1187.48 3.66002e-39 
1187.49 4.2828e-39 
1187.5 5.01073e-39 
1187.51 5.86141e-39 
1187.52 6.85537e-39 
1187.53 8.01655e-39 
1187.54 9.37286e-39 
1187.55 1.09568e-38 
1187.56 1.28064e-38 
1187.57 1.49656e-38 
1187.58 1.7486e-38 
1187.59 2.04275e-38 
1187.6 2.38599e-38 
1187.61 2.78817e-38 
1187.62 3.25558e-38 
1187.63 3.80072e-38 
1187.64 4.43639e-38 
1187.65 5.17753e-38 
1187.66 6.04148e-38 
1187.66 7.04843e-38 
1187.67 8.22184e-38 
1187.68 9.58901e-38 
1187.69 1.11817e-37 
1187.7 1.30367e-37 
1187.71 1.51969e-37 
1187.72 1.77122e-37 
1187.73 2.06798e-37 
1187.74 2.40946e-37 
1187.75 2.80685e-37 
1187.76 3.26924e-37 
1187.77 3.80717e-37 
1187.78 4.43288e-37 
1187.79 5.16057e-37 
1187.8 6.00672e-37 
1187.81 6.99045e-37 
1187.82 8.13393e-37 
1187.83 9.4629e-37 
1187.84 1.10072e-36 
1187.85 1.28013e-36 
1187.86 1.48855e-36 
1187.87 1.73061e-36 
1187.88 2.0117e-36 
1187.89 2.33805e-36 
1187.9 2.7169e-36 
1187.91 3.15661e-36 
1187.92 3.66688e-36 
1187.93 4.25893e-36 
1187.94 4.94575e-36 
1187.95 5.74238e-36 
1187.96 6.66622e-36 
1187.97 7.7374e-36 
1187.98 8.99594e-36 
1187.99 1.0438e-35 
1188 1.21092e-35 
1188.01 1.40457e-35 
1188.02 1.62891e-35 
1188.03 1.88877e-35 
1188.04 2.18973e-35 
1188.05 2.53822e-35 
1188.06 2.94168e-35 
1188.07 3.40871e-35 
1188.08 3.94923e-35 
1188.09 4.57471e-35 
1188.09 5.29837e-35 
1188.1 6.13548e-35 
1188.11 7.10368e-35 
1188.12 8.2233e-35 
1188.13 9.5178e-35 
1188.14 1.10143e-34 
1188.15 1.27439e-34 
1188.16 1.47427e-34 
1188.17 1.70521e-34 
1188.18 1.97201e-34 
1188.19 2.28017e-34 
1188.2 2.63605e-34 
1188.21 3.04698e-34 
1188.22 3.52137e-34 
1188.23 4.0763e-34 
1188.24 4.70938e-34 
1188.25 5.43988e-34 
1188.26 6.28265e-34 
1188.27 7.25479e-34 
1188.28 8.37596e-34 
1188.29 9.66879e-34 
1188.3 1.11593e-33 
1188.31 1.28775e-33 
1188.32 1.48577e-33 
1188.33 1.71397e-33 
1188.34 1.97688e-33 
1188.35 2.27974e-33 
1188.36 2.62857e-33 
1188.37 3.03027e-33 
1188.38 3.49277e-33 
1188.39 4.02521e-33 
1188.4 4.63803e-33 
1188.41 5.34327e-33 
1188.42 6.15473e-33 
1188.43 7.08824e-33 
1188.44 8.16199e-33 
1188.45 9.39683e-33 
1188.46 1.08167e-32 
1188.47 1.24491e-32 
1188.48 1.43505e-32 
1188.49 1.65107e-32 
1188.5 1.89928e-32 
1188.51 2.18445e-32 
1188.52 2.51202e-32 
1188.52 2.88823e-32 
1188.53 3.32023e-32 
1188.54 3.81622e-32 
1188.55 4.38557e-32 
1188.56 5.03903e-32 
1188.57 5.78889e-32 
1188.58 6.64925e-32 
1188.59 7.6362e-32 
1188.6 8.77365e-32 
1188.61 1.00726e-31 
1188.62 1.15619e-31 
1188.63 1.32693e-31 
1188.64 1.52262e-31 
1188.65 1.74689e-31 
1188.66 2.00385e-31 
1188.67 2.29823e-31 
1188.68 2.63543e-31 
1188.69 3.02159e-31 
1188.7 3.46377e-31 
1188.71 3.97e-31 
1188.72 4.54945e-31 
1188.73 5.22149e-31 
1188.74 5.98162e-31 
1188.75 6.85127e-31 
1188.76 7.84606e-31 
1188.77 8.98379e-31 
1188.78 1.02848e-30 
1188.79 1.17723e-30 
1188.8 1.34726e-30 
1188.81 1.54161e-30 
1188.82 1.76369e-30 
1188.83 2.01743e-30 
1188.84 2.3073e-30 
1188.85 2.63837e-30 
1188.86 3.01645e-30 
1188.87 3.44815e-30 
1188.88 3.94096e-30 
1188.89 4.50347e-30 
1188.9 5.14542e-30 
1188.91 5.87789e-30 
1188.92 6.71353e-30 
1188.93 7.66669e-30 
1188.94 8.75373e-30 
1188.94 9.99325e-30 
1188.95 1.14064e-29 
1188.96 1.30172e-29 
1188.97 1.48531e-29 
1188.98 1.69729e-29 
1188.99 1.93602e-29 
1189 2.20796e-29 
1189.01 2.51768e-29 
1189.02 2.87037e-29 
1189.03 3.27192e-29 
1189.04 3.72904e-29 
1189.05 4.24931e-29 
1189.06 4.84137e-29 
1189.07 5.51501e-29 
1189.08 6.28135e-29 
1189.09 7.15298e-29 
1189.1 8.14423e-29 
1189.11 9.2713e-29 
1189.12 1.05526e-28 
1189.13 1.2009e-28 
1189.14 1.36641e-28 
1189.15 1.55448e-28 
1189.16 1.76814e-28 
1189.17 2.01084e-28 
1189.18 2.28647e-28 
1189.19 2.59946e-28 
1189.2 2.9548e-28 
1189.21 3.35815e-28 
1189.22 3.81594e-28 
1189.23 4.34234e-28 
1189.24 4.93266e-28 
1189.25 5.6023e-28 
1189.26 6.3618e-28 
1189.27 7.22307e-28 
1189.28 8.1996e-28 
1189.29 9.3066e-28 
1189.3 1.05613e-27 
1189.31 1.19832e-27 
1189.32 1.35943e-27 
1189.33 1.54195e-27 
1189.34 1.74868e-27 
1189.35 1.9828e-27 
1189.36 2.2479e-27 
1189.36 2.54802e-27 
1189.37 2.88774e-27 
1189.38 3.27221e-27 
1189.39 3.70726e-27 
1189.4 4.19946e-27 
1189.41 4.75622e-27 
1189.42 5.38591e-27 
1189.43 6.09797e-27 
1189.44 6.90303e-27 
1189.45 7.81309e-27 
1189.46 8.84167e-27 
1189.47 1.0004e-26 
1189.48 1.13348e-26 
1189.49 1.28207e-26 
1189.5 1.44989e-26 
1189.51 1.63942e-26 
1189.52 1.85342e-26 
1189.53 2.09501e-26 
1189.54 2.3677e-26 
1189.55 2.67545e-26 
1189.56 3.0227e-26 
1189.57 3.41447e-26 
1189.58 3.85638e-26 
1189.59 4.35477e-26 
1189.6 4.91677e-26 
1189.61 5.55384e-26 
1189.62 6.26854e-26 
1189.63 7.07404e-26 
1189.64 7.98176e-26 
1189.65 9.00448e-26 
1189.66 1.01566e-25 
1189.67 1.14542e-25 
1189.68 1.29156e-25 
1189.69 1.4561e-25 
1189.7 1.64133e-25 
1189.71 1.84983e-25 
1189.72 2.08448e-25 
1189.73 2.35201e-25 
1189.74 2.64948e-25 
1189.75 2.9841e-25 
1189.76 3.36044e-25 
1189.77 3.78362e-25 
1189.78 4.2594e-25 
1189.79 4.79423e-25 
1189.79 5.39535e-25 
1189.8 6.07085e-25 
1189.81 6.82982e-25 
1189.82 7.68244e-25 
1189.83 8.64009e-25 
1189.84 9.71556e-25 
1189.85 1.09231e-24 
1189.86 1.22788e-24 
1189.87 1.38005e-24 
1189.88 1.55083e-24 
1189.89 1.74247e-24 
1189.9 1.95747e-24 
1189.91 2.19864e-24 
1189.92 2.46913e-24 
1189.93 2.77246e-24 
1189.94 3.11254e-24 
1189.95 3.49379e-24 
1189.96 3.9211e-24 
1189.97 4.39997e-24 
1189.98 4.94364e-24 
1189.99 5.54561e-24 
1190 6.21988e-24 
1190.01 6.97502e-24 
1190.02 7.82059e-24 
1190.03 8.76728e-24 
1190.04 9.82699e-24 
1190.05 1.1013e-23 
1190.06 1.23403e-23 
1190.07 1.38253e-23 
1190.08 1.54865e-23 
1190.09 1.73446e-23 
1190.1 1.94225e-23 
1190.11 2.1746e-23 
1190.12 2.43435e-23 
1190.13 2.7247e-23 
1190.14 3.0492e-23 
1190.15 3.4118e-23 
1190.16 3.81692e-23 
1190.17 4.26947e-23 
1190.18 4.77493e-23 
1190.19 5.33938e-23 
1190.2 5.96961e-23 
1190.21 6.67319e-23 
1190.21 7.45852e-23 
1190.22 8.34653e-23 
1190.23 9.32584e-23 
1190.24 1.04184e-22 
1190.25 1.16371e-22 
1190.26 1.29964e-22 
1190.27 1.45122e-22 
1190.28 1.62022e-22 
1190.29 1.80862e-22 
1190.3 2.01861e-22 
1190.31 2.25263e-22 
1190.32 2.51339e-22 
1190.33 2.80389e-22 
1190.34 3.12748e-22 
1190.35 3.48788e-22 
1190.36 3.8892e-22 
1190.37 4.33601e-22 
1190.38 4.83341e-22 
1190.39 5.38702e-22 
1190.4 6.00312e-22 
1190.41 6.68863e-22 
1190.42 7.45126e-22 
1190.43 8.29955e-22 
1190.44 9.24299e-22 
1190.45 1.02921e-21 
1190.46 1.14584e-21 
1190.47 1.2755e-21 
1190.48 1.4215e-21 
1190.49 1.58186e-21 
1190.5 1.76003e-21 
1190.51 1.95796e-21 
1190.52 2.17781e-21 
1190.53 2.42198e-21 
1190.54 2.6931e-21 
1190.55 2.9941e-21 
1190.56 3.32823e-21 
1190.57 3.69907e-21 
1190.58 4.1106e-21 
1190.59 4.5672e-21 
1190.6 5.07372e-21 
1190.61 5.63905e-21 
1190.62 6.26251e-21 
1190.63 6.95381e-21 
1190.64 7.72022e-21 
1190.64 8.56976e-21 
1190.65 9.51131e-21 
1190.66 1.05547e-20 
1190.67 1.17106e-20 
1190.68 1.29912e-20 
1190.69 1.44095e-20 
1190.7 1.59802e-20 
1190.71 1.77193e-20 
1190.72 1.96446e-20 
1190.73 2.18038e-20 
1190.74 2.41652e-20 
1190.75 2.67783e-20 
1190.76 2.96692e-20 
1190.77 3.28671e-20 
1190.78 3.6404e-20 
1190.79 4.03151e-20 
1190.8 4.46393e-20 
1190.81 4.94196e-20 
1190.82 5.47032e-20 
1190.83 6.0542e-20 
1190.84 6.69934e-20 
1190.85 7.41206e-20 
1190.86 8.19929e-20 
1190.87 9.0687e-20 
1190.88 1.00287e-19 
1190.89 1.10885e-19 
1190.9 1.22584e-19 
1190.91 1.35496e-19 
1190.92 1.49744e-19 
1190.93 1.65463e-19 
1190.94 1.82803e-19 
1190.95 2.01927e-19 
1190.96 2.23017e-19 
1190.97 2.46269e-19 
1190.98 2.72238e-19 
1190.99 3.00524e-19 
1191 3.31695e-19 
1191.01 3.6604e-19 
1191.02 4.03875e-19 
1191.03 4.45548e-19 
1191.04 4.91441e-19 
1191.05 5.41971e-19 
1191.06 5.976e-19 
1191.07 6.5883e-19 
1191.07 7.26213e-19 
1191.08 8.00356e-19 
1191.09 8.81923e-19 
1191.1 9.7164e-19 
1191.11 1.07031e-18 
1191.12 1.1788e-18 
1191.13 1.29807e-18 
1191.14 1.42917e-18 
1191.15 1.57324e-18 
1191.16 1.73155e-18 
1191.17 1.90547e-18 
1191.18 2.0965e-18 
1191.19 2.30629e-18 
1191.2 2.53665e-18 
1191.21 2.78954e-18 
1191.22 3.06712e-18 
1191.23 3.37573e-18 
1191.24 3.71037e-18 
1191.25 4.07748e-18 
1191.26 4.48014e-18 
1191.27 4.92172e-18 
1191.28 5.40588e-18 
1191.29 5.93666e-18 
1191.3 6.51841e-18 
1191.31 7.15593e-18 
1191.32 7.85443e-18 
1191.33 8.61962e-18 
1191.34 9.45769e-18 
1191.35 1.03754e-17 
1191.36 1.13802e-17 
1191.37 1.24801e-17 
1191.38 1.3684e-17 
1191.39 1.50012e-17 
1191.4 1.64424e-17 
1191.41 1.80188e-17 
1191.42 1.97429e-17 
1191.43 2.16281e-17 
1191.44 2.3689e-17 
1191.45 2.59417e-17 
1191.46 2.84036e-17 
1191.47 3.10935e-17 
1191.48 3.40721e-17 
1191.49 3.72834e-17 
1191.49 4.07921e-17 
1191.5 4.46229e-17 
1191.51 4.88047e-17 
1191.52 5.33686e-17 
1191.53 5.83488e-17 
1191.54 6.37821e-17 
1191.55 6.97086e-17 
1191.56 7.61718e-17 
1191.57 8.32192e-17 
1191.58 9.09019e-17 
1191.59 9.92756e-17 
1191.6 1.08468e-16 
1191.61 1.18417e-16 
1191.62 1.29254e-16 
1191.63 1.41056e-16 
1191.64 1.53909e-16 
1191.65 1.67901e-16 
1191.66 1.83131e-16 
1191.67 1.99706e-16 
1191.68 2.17741e-16 
1191.69 2.3736e-16 
1191.7 2.58699e-16 
1191.71 2.81903e-16 
1191.72 3.07133e-16 
1191.73 3.34915e-16 
1191.74 3.64751e-16 
1191.75 3.97171e-16 
1191.76 4.32393e-16 
1191.77 4.70649e-16 
1191.78 5.12195e-16 
1191.79 5.57304e-16 
1191.8 6.06271e-16 
1191.81 6.59418e-16 
1191.82 7.1709e-16 
1191.83 7.79659e-16 
1191.84 8.47528e-16 
1191.85 9.21132e-16 
1191.86 1.00094e-15 
1191.87 1.08746e-15 
1191.88 1.18124e-15 
1191.89 1.28286e-15 
1191.9 1.39296e-15 
1191.91 1.51223e-15 
1191.92 1.6414e-15 
1191.92 1.78127e-15 
1191.93 1.9327e-15 
1191.94 2.09661e-15 
1191.95 2.27399e-15 
1191.96 2.46591e-15 
1191.97 2.67353e-15 
1191.98 2.90101e-15 
1191.99 3.14408e-15 
1192 3.40687e-15 
1192.01 3.69094e-15 
1192.02 3.99795e-15 
1192.03 4.32968e-15 
1192.04 4.68807e-15 
1192.05 5.07517e-15 
1192.06 5.4932e-15 
1192.07 5.94457e-15 
1192.08 6.43182e-15 
1192.09 6.95771e-15 
1192.1 7.5252e-15 
1192.11 8.13746e-15 
1192.12 8.79791e-15 
1192.13 9.51019e-15 
1192.14 1.02782e-14 
1192.15 1.11062e-14 
1192.16 1.19988e-14 
1192.17 1.29606e-14 
1192.18 1.39969e-14 
1192.19 1.51134e-14 
1192.2 1.63159e-14 
1192.21 1.76108e-14 
1192.22 1.9005e-14 
1192.23 2.05253e-14 
1192.24 2.21421e-14 
1192.25 2.38819e-14 
1192.26 2.57537e-14 
1192.27 2.77671e-14 
1192.28 2.99325e-14 
1192.29 3.2261e-14 
1192.3 3.47642e-14 
1192.31 3.74549e-14 
1192.32 4.03467e-14 
1192.33 4.34538e-14 
1192.34 4.67918e-14 
1192.34 5.03772e-14 
1192.35 5.42275e-14 
1192.36 5.83618e-14 
1192.37 6.28e-14 
1192.38 6.75637e-14 
1192.39 7.26758e-14 
1192.4 7.81608e-14 
1192.41 8.4045e-14 
1192.42 9.03561e-14 
1192.43 9.7124e-14 
1192.44 1.04381e-13 
1192.45 1.1216e-13 
1192.46 1.20497e-13 
1192.47 1.29432e-13 
1192.48 1.39129e-13 
1192.49 1.49392e-13 
1192.5 1.60386e-13 
1192.51 1.72158e-13 
1192.52 1.84762e-13 
1192.53 1.98255e-13 
1192.54 2.12697e-13 
1192.55 2.28151e-13 
1192.56 2.44686e-13 
1192.57 2.62375e-13 
1192.58 2.81295e-13 
1192.59 3.01527e-13 
1192.6 3.2316e-13 
1192.61 3.465e-13 
1192.62 3.71234e-13 
1192.63 3.97666e-13 
1192.64 4.25908e-13 
1192.65 4.56078e-13 
1192.66 4.88305e-13 
1192.67 5.22721e-13 
1192.68 5.59469e-13 
1192.69 5.987e-13 
1192.7 6.40576e-13 
1192.71 6.85267e-13 
1192.72 7.32955e-13 
1192.73 7.84489e-13 
1192.74 8.38803e-13 
1192.75 8.96729e-13 
1192.76 9.58499e-13 
1192.77 1.02435e-12 
1192.77 1.09456e-12 
1192.78 1.16938e-12 
1192.79 1.24911e-12 
1192.8 1.33406e-12 
1192.81 1.42456e-12 
1192.82 1.52095e-12 
1192.83 1.6236e-12 
1192.84 1.7329e-12 
1192.85 1.84925e-12 
1192.86 1.97311e-12 
1192.87 2.10491e-12 
1192.88 2.24517e-12 
1192.89 2.39438e-12 
1192.9 2.5531e-12 
1192.91 2.72191e-12 
1192.92 2.90142e-12 
1192.93 3.09227e-12 
1192.94 3.29516e-12 
1192.95 3.51079e-12 
1192.96 3.73995e-12 
1192.97 3.98343e-12 
1192.98 4.24542e-12 
1192.99 4.52037e-12 
1193 4.81237e-12 
1193.01 5.12241e-12 
1193.02 5.45158e-12 
1193.03 5.80099e-12 
1193.04 6.17182e-12 
1193.05 6.56532e-12 
1193.06 6.98282e-12 
1193.07 7.4257e-12 
1193.08 7.89544e-12 
1193.09 8.39357e-12 
1193.1 8.92174e-12 
1193.11 9.48167e-12 
1193.12 1.00752e-11 
1193.13 1.07041e-11 
1193.14 1.13706e-11 
1193.15 1.20767e-11 
1193.16 1.28246e-11 
1193.17 1.36167e-11 
1193.18 1.44555e-11 
1193.19 1.53436e-11 
1193.19 1.62837e-11 
1193.2 1.72787e-11 
1193.21 1.83316e-11 
1193.22 1.94605e-11 
1193.23 2.06395e-11 
1193.24 2.1887e-11 
1193.25 2.32064e-11 
1193.26 2.46014e-11 
1193.27 2.60762e-11 
1193.28 2.76352e-11 
1193.29 2.92828e-11 
1193.3 3.10238e-11 
1193.31 3.28633e-11 
1193.32 3.48064e-11 
1193.33 3.68586e-11 
1193.34 3.90258e-11 
1193.35 4.1314e-11 
1193.36 4.37296e-11 
1193.37 4.62792e-11 
1193.38 4.89699e-11 
1193.39 5.18089e-11 
1193.4 5.4804e-11 
1193.41 5.79632e-11 
1193.42 6.1295e-11 
1193.43 6.48082e-11 
1193.44 6.8512e-11 
1193.45 7.24163e-11 
1193.46 7.65311e-11 
1193.47 8.08671e-11 
1193.48 8.54941e-11 
1193.49 9.03095e-11 
1193.5 9.53812e-11 
1193.51 1.00722e-10 
1193.52 1.06345e-10 
1193.53 1.12265e-10 
1193.54 1.18495e-10 
1193.55 1.25052e-10 
1193.56 1.31951e-10 
1193.57 1.39209e-10 
1193.58 1.46842e-10 
1193.59 1.5487e-10 
1193.6 1.63311e-10 
1193.61 1.72292e-10 
1193.62 1.81626e-10 
1193.62 1.91435e-10 
1193.63 2.01742e-10 
1193.64 2.1257e-10 
1193.65 2.23945e-10 
1193.66 2.3589e-10 
1193.67 2.48434e-10 
1193.68 2.61603e-10 
1193.69 2.75426e-10 
1193.7 2.89935e-10 
1193.71 3.05158e-10 
1193.72 3.21131e-10 
1193.73 3.381e-10 
1193.74 3.55683e-10 
1193.75 3.74121e-10 
1193.76 3.93452e-10 
1193.77 4.13716e-10 
1193.78 4.34954e-10 
1193.79 4.57209e-10 
1193.8 4.80527e-10 
1193.81 5.04954e-10 
1193.82 5.30537e-10 
1193.83 5.57327e-10 
1193.84 5.85376e-10 
1193.85 6.14739e-10 
1193.86 6.45471e-10 
1193.87 6.77631e-10 
1193.88 7.11279e-10 
1193.89 7.46478e-10 
1193.9 7.83293e-10 
1193.91 8.21791e-10 
1193.92 8.62043e-10 
1193.93 9.04121e-10 
1193.94 9.48101e-10 
1193.95 9.9406e-10 
1193.96 1.04208e-09 
1193.97 1.09224e-09 
1193.98 1.1453e-09 
1193.99 1.20004e-09 
1194 1.25719e-09 
1194.01 1.31686e-09 
1194.02 1.37913e-09 
1194.03 1.44411e-09 
1194.04 1.51191e-09 
1194.05 1.58263e-09 
1194.05 1.6564e-09 
1194.06 1.73332e-09 
1194.07 1.81352e-09 
1194.08 1.89712e-09 
1194.09 1.98426e-09 
1194.1 2.07506e-09 
1194.11 2.16966e-09 
1194.12 2.26821e-09 
1194.13 2.37084e-09 
1194.14 2.47772e-09 
1194.15 2.58899e-09 
1194.16 2.70482e-09 
1194.17 2.82537e-09 
1194.18 2.95081e-09 
1194.19 3.08132e-09 
1194.2 3.21708e-09 
1194.21 3.35827e-09 
1194.22 3.50508e-09 
1194.23 3.65966e-09 
1194.24 3.8184e-09 
1194.25 3.98336e-09 
1194.26 4.15478e-09 
1194.27 4.33286e-09 
1194.28 4.51784e-09 
1194.29 4.70994e-09 
1194.3 4.90941e-09 
1194.31 5.11649e-09 
1194.32 5.33142e-09 
1194.33 5.55448e-09 
1194.34 5.78593e-09 
1194.35 6.02602e-09 
1194.36 6.27506e-09 
1194.37 6.53331e-09 
1194.38 6.80108e-09 
1194.39 7.07865e-09 
1194.4 7.36635e-09 
1194.41 7.66449e-09 
1194.42 7.97338e-09 
1194.43 8.29336e-09 
1194.44 8.62477e-09 
1194.45 8.96795e-09 
1194.46 9.32325e-09 
1194.47 9.69104e-09 
1194.47 1.00766e-08 
1194.48 1.04706e-08 
1194.49 1.08782e-08 
1194.5 1.12999e-08 
1194.51 1.1736e-08 
1194.52 1.21869e-08 
1194.53 1.26531e-08 
1194.54 1.31349e-08 
1194.55 1.36329e-08 
1194.56 1.41474e-08 
1194.57 1.46789e-08 
1194.58 1.52279e-08 
1194.59 1.57948e-08 
1194.6 1.63801e-08 
1194.61 1.69949e-08 
1194.62 1.76189e-08 
1194.63 1.82628e-08 
1194.64 1.89272e-08 
1194.65 1.96125e-08 
1194.66 2.03193e-08 
1194.67 2.10481e-08 
1194.68 2.17994e-08 
1194.69 2.25739e-08 
1194.7 2.3372e-08 
1194.71 2.41944e-08 
1194.72 2.50416e-08 
1194.73 2.59253e-08 
1194.74 2.68243e-08 
1194.75 2.77498e-08 
1194.76 2.87027e-08 
1194.77 2.96833e-08 
1194.78 3.06925e-08 
1194.79 3.17307e-08 
1194.8 3.27987e-08 
1194.81 3.38971e-08 
1194.82 3.50265e-08 
1194.83 3.61877e-08 
1194.84 3.73812e-08 
1194.85 3.86077e-08 
1194.86 3.9868e-08 
1194.87 4.11627e-08 
1194.88 4.24925e-08 
1194.89 4.3858e-08 
1194.9 4.52601e-08 
1194.9 4.66994e-08 
1194.91 4.81765e-08 
1194.92 4.96923e-08 
1194.93 5.12474e-08 
1194.94 5.28426e-08 
1194.95 5.44785e-08 
1194.96 5.61559e-08 
1194.97 5.78756e-08 
1194.98 5.96605e-08 
1194.99 6.14673e-08 
1195 6.33186e-08 
1195.01 6.5215e-08 
1195.02 6.71573e-08 
1195.03 6.91463e-08 
1195.04 7.11826e-08 
1195.05 7.3267e-08 
1195.06 7.54002e-08 
1195.07 7.7583e-08 
1195.08 7.9816e-08 
1195.09 8.21001e-08 
1195.1 8.44358e-08 
1195.11 8.6824e-08 
1195.12 8.92653e-08 
1195.13 9.17606e-08 
1195.14 9.43103e-08 
1195.15 9.69153e-08 
1195.16 9.95763e-08 
1195.17 1.02294e-07 
1195.18 1.05069e-07 
1195.19 1.07902e-07 
1195.2 1.10793e-07 
1195.21 1.13744e-07 
1195.22 1.16755e-07 
1195.23 1.19864e-07 
1195.24 1.22998e-07 
1195.25 1.26193e-07 
1195.26 1.2945e-07 
1195.27 1.3277e-07 
1195.28 1.36154e-07 
1195.29 1.39602e-07 
1195.3 1.43115e-07 
1195.31 1.46692e-07 
1195.32 1.50336e-07 
1195.32 1.54046e-07 
1195.33 1.57822e-07 
1195.34 1.61665e-07 
1195.35 1.65576e-07 
1195.36 1.69555e-07 
1195.37 1.73603e-07 
1195.38 1.77719e-07 
1195.39 1.81905e-07 
1195.4 1.8616e-07 
1195.41 1.90485e-07 
1195.42 1.9488e-07 
1195.43 1.99346e-07 
1195.44 2.03882e-07 
1195.45 2.0849e-07 
1195.46 2.13169e-07 
1195.47 2.17919e-07 
1195.48 2.22802e-07 
1195.49 2.27696e-07 
1195.5 2.32663e-07 
1195.51 2.37702e-07 
1195.52 2.42813e-07 
1195.53 2.47996e-07 
1195.54 2.53252e-07 
1195.55 2.58579e-07 
1195.56 2.6398e-07 
1195.57 2.69452e-07 
1195.58 2.74997e-07 
1195.59 2.80614e-07 
1195.6 2.86303e-07 
1195.61 2.92244e-07 
1195.62 2.9808e-07 
1195.63 3.03988e-07 
1195.64 3.09968e-07 
1195.65 3.16018e-07 
1195.66 3.2214e-07 
1195.67 3.28332e-07 
1195.68 3.34595e-07 
1195.69 3.40928e-07 
1195.7 3.4733e-07 
1195.71 3.53802e-07 
1195.72 3.60343e-07 
1195.73 3.67035e-07 
1195.74 3.73714e-07 
1195.75 3.8046e-07 
1195.75 3.87273e-07 
1195.76 3.94153e-07 
1195.77 4.01099e-07 
1195.78 4.08111e-07 
1195.79 4.15188e-07 
1195.8 4.22329e-07 
1195.81 4.29535e-07 
1195.82 4.36803e-07 
1195.83 4.44135e-07 
1195.84 4.51528e-07 
1195.85 4.58983e-07 
1195.86 4.66498e-07 
1195.87 4.74073e-07 
1195.88 4.81708e-07 
1195.89 4.89401e-07 
1195.9 4.97152e-07 
1195.91 5.0496e-07 
1195.92 5.12825e-07 
1195.93 5.20745e-07 
1195.94 5.28721e-07 
1195.95 5.3675e-07 
1195.96 5.44832e-07 
1195.97 5.52967e-07 
1195.98 5.61257e-07 
1195.99 5.69496e-07 
1196 5.77784e-07 
1196.01 5.86122e-07 
1196.02 5.94509e-07 
1196.03 6.02944e-07 
1196.04 6.11426e-07 
1196.05 6.19954e-07 
1196.06 6.28527e-07 
1196.07 6.37146e-07 
1196.08 6.45808e-07 
1196.09 6.54513e-07 
1196.1 6.63261e-07 
1196.11 6.72051e-07 
1196.12 6.80881e-07 
1196.13 6.89752e-07 
1196.14 6.98663e-07 
1196.15 7.07612e-07 
1196.16 7.166e-07 
1196.17 7.25625e-07 
1196.17 7.34687e-07 
1196.18 7.43785e-07 
1196.19 7.52919e-07 
1196.2 7.62088e-07 
1196.21 7.71291e-07 
1196.22 7.80644e-07 
1196.23 7.89915e-07 
1196.24 7.99218e-07 
1196.25 8.08554e-07 
1196.26 8.17922e-07 
1196.27 8.2732e-07 
1196.28 8.3675e-07 
1196.29 8.4621e-07 
1196.3 8.557e-07 
1196.31 8.65219e-07 
1196.32 8.74768e-07 
1196.33 8.84345e-07 
1196.34 8.93951e-07 
1196.35 9.03585e-07 
1196.36 9.13247e-07 
1196.37 9.22936e-07 
1196.38 9.32653e-07 
1196.39 9.42397e-07 
1196.4 9.52167e-07 
1196.41 9.61965e-07 
1196.42 9.71788e-07 
1196.43 9.81638e-07 
1196.44 9.91515e-07 
1196.45 1.00142e-06 
1196.46 1.01134e-06 
1196.47 1.0213e-06 
1196.48 1.0314e-06 
1196.49 1.04141e-06 
1196.5 1.05144e-06 
1196.51 1.06149e-06 
1196.52 1.07158e-06 
1196.53 1.08168e-06 
1196.54 1.09181e-06 
1196.55 1.10197e-06 
1196.56 1.11215e-06 
1196.57 1.12236e-06 
1196.58 1.13259e-06 
1196.59 1.14284e-06 
1196.6 1.15313e-06 
1196.6 1.16415e-06 
1196.61 1.17449e-06 
1196.62 1.18485e-06 
1196.63 1.19523e-06 
1196.64 1.20564e-06 
1196.65 1.21607e-06 
1196.66 1.22653e-06 
1196.67 1.23701e-06 
1196.68 1.24751e-06 
1196.69 1.25803e-06 
1196.7 1.26858e-06 
1196.71 1.27915e-06 
1196.72 1.28974e-06 
1196.73 1.30049e-06 
1196.74 1.31112e-06 
1196.75 1.32178e-06 
1196.76 1.33245e-06 
1196.77 1.34315e-06 
1196.78 1.35386e-06 
1196.79 1.36459e-06 
1196.8 1.37533e-06 
1196.81 1.3861e-06 
1196.82 1.39688e-06 
1196.83 1.40767e-06 
1196.84 1.41848e-06 
1196.85 1.4293e-06 
1196.86 1.44013e-06 
1196.87 1.45097e-06 
1196.88 1.46182e-06 
1196.89 1.47268e-06 
1196.9 1.48354e-06 
1196.91 1.49441e-06 
1196.92 1.50528e-06 
1196.93 1.51616e-06 
1196.94 1.52703e-06 
1196.95 1.5379e-06 
1196.96 1.54877e-06 
1196.97 1.55963e-06 
1196.98 1.57062e-06 
1196.99 1.58146e-06 
1197 1.59229e-06 
1197.01 1.60311e-06 
1197.02 1.61391e-06 
1197.03 1.62469e-06 
1197.03 1.63545e-06 
1197.04 1.64619e-06 
1197.05 1.6569e-06 
1197.06 1.66758e-06 
1197.07 1.67822e-06 
1197.08 1.68883e-06 
1197.09 1.69941e-06 
1197.1 1.70994e-06 
1197.11 1.72042e-06 
1197.12 1.73086e-06 
1197.13 1.74124e-06 
1197.14 1.75158e-06 
1197.15 1.76185e-06 
1197.16 1.77206e-06 
1197.17 1.7822e-06 
1197.18 1.79228e-06 
1197.19 1.80228e-06 
1197.2 1.81221e-06 
1197.21 1.82206e-06 
1197.22 1.83182e-06 
1197.23 1.84161e-06 
1197.24 1.85119e-06 
1197.25 1.86067e-06 
1197.26 1.87006e-06 
1197.27 1.87934e-06 
1197.28 1.88851e-06 
1197.29 1.89756e-06 
1197.3 1.9065e-06 
1197.31 1.91532e-06 
1197.32 1.92401e-06 
1197.33 1.93257e-06 
1197.34 1.941e-06 
1197.35 1.94929e-06 
1197.36 1.95744e-06 
1197.37 1.96544e-06 
1197.38 1.97329e-06 
1197.39 1.98098e-06 
1197.4 1.98852e-06 
1197.41 1.99589e-06 
1197.42 2.00309e-06 
1197.43 2.01013e-06 
1197.44 2.01698e-06 
1197.45 2.02366e-06 
1197.45 2.03015e-06 
1197.46 2.03646e-06 
1197.47 2.04257e-06 
1197.48 2.04856e-06 
1197.49 2.05428e-06 
1197.5 2.0598e-06 
1197.51 2.06511e-06 
1197.52 2.07021e-06 
1197.53 2.0751e-06 
1197.54 2.07977e-06 
1197.55 2.08423e-06 
1197.56 2.08846e-06 
1197.57 2.09247e-06 
1197.58 2.09625e-06 
1197.59 2.09981e-06 
1197.6 2.10313e-06 
1197.61 2.10751e-06 
1197.62 2.11037e-06 
1197.63 2.11298e-06 
1197.64 2.11535e-06 
1197.65 2.11748e-06 
1197.66 2.11937e-06 
1197.67 2.12101e-06 
1197.68 2.12241e-06 
1197.69 2.12356e-06 
1197.7 2.12446e-06 
1197.71 2.12511e-06 
1197.72 2.12551e-06 
1197.73 2.12566e-06 
1197.74 2.12556e-06 
1197.75 2.12521e-06 
1197.76 2.12461e-06 
1197.77 2.12376e-06 
1197.78 2.12267e-06 
1197.79 2.12132e-06 
1197.8 2.11973e-06 
1197.81 2.11789e-06 
1197.82 2.11581e-06 
1197.83 2.11348e-06 
1197.84 2.11092e-06 
1197.85 2.10811e-06 
1197.86 2.10507e-06 
1197.87 2.10179e-06 
1197.88 2.09829e-06 
1197.88 2.09455e-06 
1197.89 2.09058e-06 
1197.9 2.0864e-06 
1197.91 2.08199e-06 
1197.92 2.07736e-06 
1197.93 2.07252e-06 
1197.94 2.06748e-06 
1197.95 2.06222e-06 
1197.96 2.05677e-06 
1197.97 2.05111e-06 
1197.98 2.0452e-06 
1197.99 2.03916e-06 
1198 2.03294e-06 
1198.01 2.02654e-06 
1198.02 2.01997e-06 
1198.03 2.01323e-06 
1198.04 2.00632e-06 
1198.05 1.99926e-06 
1198.06 1.99205e-06 
1198.07 1.98469e-06 
1198.08 1.97718e-06 
1198.09 1.96954e-06 
1198.1 1.96178e-06 
1198.11 1.95388e-06 
1198.12 1.94587e-06 
1198.13 1.93775e-06 
1198.14 1.92953e-06 
1198.15 1.9212e-06 
1198.16 1.91278e-06 
1198.17 1.90428e-06 
1198.18 1.89569e-06 
1198.19 1.88703e-06 
1198.2 1.8783e-06 
1198.21 1.86952e-06 
1198.22 1.86067e-06 
1198.23 1.85167e-06 
1198.24 1.84274e-06 
1198.25 1.83377e-06 
1198.26 1.82477e-06 
1198.27 1.81575e-06 
1198.28 1.80672e-06 
1198.29 1.79767e-06 
1198.3 1.78862e-06 
1198.3 1.77957e-06 
1198.31 1.77053e-06 
1198.32 1.7615e-06 
1198.33 1.7525e-06 
1198.34 1.74352e-06 
1198.35 1.73457e-06 
1198.36 1.72566e-06 
1198.37 1.71679e-06 
1198.38 1.70797e-06 
1198.39 1.69921e-06 
1198.4 1.6905e-06 
1198.41 1.68186e-06 
1198.42 1.67328e-06 
1198.43 1.66478e-06 
1198.44 1.65636e-06 
1198.45 1.64802e-06 
1198.46 1.63977e-06 
1198.47 1.6316e-06 
1198.48 1.62344e-06 
1198.49 1.61547e-06 
1198.5 1.60761e-06 
1198.51 1.59985e-06 
1198.52 1.5922e-06 
1198.53 1.58467e-06 
1198.54 1.57725e-06 
1198.55 1.56995e-06 
1198.56 1.56277e-06 
1198.57 1.55571e-06 
1198.58 1.54878e-06 
1198.59 1.54198e-06 
1198.6 1.53531e-06 
1198.61 1.52971e-06 
1198.62 1.5233e-06 
1198.63 1.51702e-06 
1198.64 1.51088e-06 
1198.65 1.50488e-06 
1198.66 1.49901e-06 
1198.67 1.49328e-06 
1198.68 1.48769e-06 
1198.69 1.48224e-06 
1198.7 1.47693e-06 
1198.71 1.47176e-06 
1198.72 1.46673e-06 
1198.73 1.46177e-06 
1198.73 1.45702e-06 
1198.74 1.4524e-06 
1198.75 1.44792e-06 
1198.76 1.44357e-06 
1198.77 1.43936e-06 
1198.78 1.43528e-06 
1198.79 1.43134e-06 
1198.8 1.42752e-06 
1198.81 1.42383e-06 
1198.82 1.42027e-06 
1198.83 1.41683e-06 
1198.84 1.41352e-06 
1198.85 1.41032e-06 
1198.86 1.40725e-06 
1198.87 1.40429e-06 
1198.88 1.40144e-06 
1198.89 1.39871e-06 
1198.9 1.39609e-06 
1198.91 1.39357e-06 
1198.92 1.39115e-06 
1198.93 1.38884e-06 
1198.94 1.38662e-06 
1198.95 1.38451e-06 
1198.96 1.38248e-06 
1198.97 1.38054e-06 
1198.98 1.37867e-06 
1198.99 1.3769e-06 
1199 1.37522e-06 
1199.01 1.37361e-06 
1199.02 1.37209e-06 
1199.03 1.37063e-06 
1199.04 1.36924e-06 
1199.05 1.36792e-06 
1199.06 1.36667e-06 
1199.07 1.36547e-06 
1199.08 1.36434e-06 
1199.09 1.36326e-06 
1199.1 1.36223e-06 
1199.11 1.36126e-06 
1199.12 1.36033e-06 
1199.13 1.35945e-06 
1199.14 1.35862e-06 
1199.15 1.35782e-06 
1199.15 1.35707e-06 
1199.16 1.35635e-06 
1199.17 1.35567e-06 
1199.18 1.35502e-06 
1199.19 1.3544e-06 
1199.2 1.35381e-06 
1199.21 1.35325e-06 
1199.22 1.35271e-06 
1199.23 1.35221e-06 
1199.24 1.35172e-06 
1199.25 1.35126e-06 
1199.26 1.35082e-06 
1199.27 1.3504e-06 
1199.28 1.35e-06 
1199.29 1.34961e-06 
1199.3 1.34925e-06 
1199.31 1.3489e-06 
1199.32 1.34857e-06 
1199.33 1.34826e-06 
1199.34 1.34796e-06 
1199.35 1.34768e-06 
1199.36 1.34742e-06 
1199.37 1.34717e-06 
1199.38 1.34694e-06 
1199.39 1.34672e-06 
1199.4 1.34652e-06 
1199.41 1.34634e-06 
1199.42 1.34618e-06 
1199.43 1.34604e-06 
1199.44 1.34592e-06 
1199.45 1.34581e-06 
1199.46 1.34573e-06 
1199.47 1.34567e-06 
1199.48 1.34564e-06 
1199.49 1.34563e-06 
1199.5 1.34565e-06 
1199.51 1.34569e-06 
1199.52 1.34576e-06 
1199.53 1.34587e-06 
1199.54 1.346e-06 
1199.55 1.34617e-06 
1199.56 1.34637e-06 
1199.57 1.34661e-06 
1199.58 1.34688e-06 
1199.58 1.3472e-06 
1199.59 1.34755e-06 
1199.6 1.34795e-06 
1199.61 1.34922e-06 
1199.62 1.34971e-06 
1199.63 1.35024e-06 
1199.64 1.35083e-06 
1199.65 1.35146e-06 
1199.66 1.35214e-06 
1199.67 1.35288e-06 
1199.68 1.35367e-06 
1199.69 1.35452e-06 
1199.7 1.35543e-06 
1199.71 1.3564e-06 
1199.72 1.35742e-06 
1199.73 1.35852e-06 
1199.74 1.35967e-06 
1199.75 1.36088e-06 
1199.76 1.36216e-06 
1199.77 1.3635e-06 
1199.78 1.36491e-06 
1199.79 1.36638e-06 
1199.8 1.36793e-06 
1199.81 1.36953e-06 
1199.82 1.37121e-06 
1199.83 1.37296e-06 
1199.84 1.37477e-06 
1199.85 1.37665e-06 
1199.86 1.3786e-06 
1199.87 1.38061e-06 
1199.88 1.3827e-06 
1199.89 1.38485e-06 
1199.9 1.38706e-06 
1199.91 1.38934e-06 
1199.92 1.39169e-06 
1199.93 1.3941e-06 
1199.94 1.39657e-06 
1199.95 1.3991e-06 
1199.96 1.40169e-06 
1199.97 1.40434e-06 
1199.98 1.40708e-06 
1199.99 1.40984e-06 
1200 1.41265e-06 
1200.01 1.41551e-06 
1200.01 1.41841e-06 
1200.02 1.42136e-06 
1200.03 1.42435e-06 
1200.04 1.42738e-06 
1200.05 1.43045e-06 
1200.06 1.43355e-06 
1200.07 1.43668e-06 
1200.08 1.43983e-06 
1200.09 1.44301e-06 
1200.1 1.44621e-06 
1200.11 1.44942e-06 
1200.12 1.45264e-06 
1200.13 1.45588e-06 
1200.14 1.45911e-06 
1200.15 1.46235e-06 
1200.16 1.46558e-06 
1200.17 1.4688e-06 
1200.18 1.47201e-06 
1200.19 1.47519e-06 
1200.2 1.47836e-06 
1200.21 1.4815e-06 
1200.22 1.48461e-06 
1200.23 1.48771e-06 
1200.24 1.49074e-06 
1200.25 1.49372e-06 
1200.26 1.49665e-06 
1200.27 1.49952e-06 
1200.28 1.50233e-06 
1200.29 1.50507e-06 
1200.3 1.50774e-06 
1200.31 1.51033e-06 
1200.32 1.51284e-06 
1200.33 1.51526e-06 
1200.34 1.51759e-06 
1200.35 1.51982e-06 
1200.36 1.52195e-06 
1200.37 1.52397e-06 
1200.38 1.52588e-06 
1200.39 1.52766e-06 
1200.4 1.52933e-06 
1200.41 1.53087e-06 
1200.42 1.53227e-06 
1200.43 1.53354e-06 
1200.43 1.53467e-06 
1200.44 1.53564e-06 
1200.45 1.53647e-06 
1200.46 1.53714e-06 
1200.47 1.53765e-06 
1200.48 1.538e-06 
1200.49 1.53818e-06 
1200.5 1.53818e-06 
1200.51 1.53801e-06 
1200.52 1.53765e-06 
1200.53 1.53712e-06 
1200.54 1.53639e-06 
1200.55 1.53548e-06 
1200.56 1.53437e-06 
1200.57 1.53306e-06 
1200.58 1.53155e-06 
1200.59 1.52984e-06 
1200.6 1.52793e-06 
1200.61 1.52674e-06 
1200.62 1.52441e-06 
1200.63 1.52186e-06 
1200.64 1.5191e-06 
1200.65 1.51612e-06 
1200.66 1.51293e-06 
1200.67 1.50951e-06 
1200.68 1.50588e-06 
1200.69 1.50202e-06 
1200.7 1.49794e-06 
1200.71 1.49364e-06 
1200.72 1.48911e-06 
1200.73 1.4843e-06 
1200.74 1.47933e-06 
1200.75 1.47413e-06 
1200.76 1.4687e-06 
1200.77 1.46306e-06 
1200.78 1.45719e-06 
1200.79 1.4511e-06 
1200.8 1.44479e-06 
1200.81 1.43826e-06 
1200.82 1.43151e-06 
1200.83 1.42454e-06 
1200.84 1.41737e-06 
1200.85 1.40997e-06 
1200.85 1.40237e-06 
1200.86 1.39456e-06 
1200.87 1.38654e-06 
1200.88 1.37832e-06 
1200.89 1.3699e-06 
1200.9 1.36128e-06 
1200.91 1.35246e-06 
1200.92 1.34346e-06 
1200.93 1.33426e-06 
1200.94 1.32488e-06 
1200.95 1.31532e-06 
1200.96 1.30558e-06 
1200.97 1.29567e-06 
1200.98 1.28546e-06 
1200.99 1.27521e-06 
1201 1.2648e-06 
1201.01 1.25424e-06 
1201.02 1.24352e-06 
1201.03 1.23265e-06 
1201.04 1.22164e-06 
1201.05 1.21049e-06 
1201.06 1.19921e-06 
1201.07 1.1878e-06 
1201.08 1.17627e-06 
1201.09 1.16461e-06 
1201.1 1.15285e-06 
1201.11 1.14097e-06 
1201.12 1.129e-06 
1201.13 1.11692e-06 
1201.14 1.10475e-06 
1201.15 1.0925e-06 
1201.16 1.08016e-06 
1201.17 1.06775e-06 
1201.18 1.05526e-06 
1201.19 1.04271e-06 
1201.2 1.0301e-06 
1201.21 1.01743e-06 
1201.22 1.00472e-06 
1201.23 9.91799e-07 
1201.24 9.79e-07 
1201.25 9.66167e-07 
1201.26 9.53307e-07 
1201.27 9.40425e-07 
1201.28 9.27524e-07 
1201.28 9.14612e-07 
1201.29 9.01693e-07 
1201.3 8.88771e-07 
1201.31 8.75853e-07 
1201.32 8.62944e-07 
1201.33 8.50047e-07 
1201.34 8.37169e-07 
1201.35 8.24314e-07 
1201.36 8.11486e-07 
1201.37 7.98691e-07 
1201.38 7.85933e-07 
1201.39 7.73217e-07 
1201.4 7.60546e-07 
1201.41 7.47926e-07 
1201.42 7.35361e-07 
1201.43 7.22855e-07 
1201.44 7.10411e-07 
1201.45 6.98035e-07 
1201.46 6.85729e-07 
1201.47 6.73498e-07 
1201.48 6.61194e-07 
1201.49 6.49124e-07 
1201.5 6.3714e-07 
1201.51 6.25244e-07 
1201.52 6.1344e-07 
1201.53 6.01731e-07 
1201.54 5.9012e-07 
1201.55 5.78611e-07 
1201.56 5.67205e-07 
1201.57 5.55906e-07 
1201.58 5.44715e-07 
1201.59 5.33637e-07 
1201.6 5.22672e-07 
1201.61 5.12139e-07 
1201.62 5.01402e-07 
1201.63 4.90785e-07 
1201.64 4.80291e-07 
1201.65 4.6992e-07 
1201.66 4.59675e-07 
1201.67 4.49557e-07 
1201.68 4.39568e-07 
1201.69 4.29709e-07 
1201.7 4.19981e-07 
1201.7 4.10385e-07 
1201.71 4.00923e-07 
1201.72 3.91479e-07 
1201.73 3.82287e-07 
1201.74 3.73232e-07 
1201.75 3.64312e-07 
1201.76 3.5553e-07 
1201.77 3.46884e-07 
1201.78 3.38376e-07 
1201.79 3.30006e-07 
1201.8 3.21774e-07 
1201.81 3.1368e-07 
1201.82 3.05723e-07 
1201.83 2.97905e-07 
1201.84 2.90223e-07 
1201.85 2.82679e-07 
1201.86 2.75272e-07 
1201.87 2.68001e-07 
1201.88 2.60866e-07 
1201.89 2.53867e-07 
1201.9 2.47002e-07 
1201.91 2.40271e-07 
1201.92 2.33672e-07 
1201.93 2.27207e-07 
1201.94 2.20872e-07 
1201.95 2.14668e-07 
1201.96 2.08593e-07 
1201.97 2.02646e-07 
1201.98 1.96754e-07 
1201.99 1.91062e-07 
1202 1.85494e-07 
1202.01 1.8005e-07 
1202.02 1.74728e-07 
1202.03 1.69527e-07 
1202.04 1.64444e-07 
1202.05 1.5948e-07 
1202.06 1.54633e-07 
1202.07 1.499e-07 
1202.08 1.4528e-07 
1202.09 1.40773e-07 
1202.1 1.36376e-07 
1202.11 1.32088e-07 
1202.12 1.27907e-07 
1202.13 1.23832e-07 
1202.13 1.1986e-07 
1202.14 1.15991e-07 
1202.15 1.12222e-07 
1202.16 1.08553e-07 
1202.17 1.04981e-07 
1202.18 1.01504e-07 
1202.19 9.81213e-08 
1202.2 9.48308e-08 
1202.21 9.16308e-08 
1202.22 8.84819e-08 
1202.23 8.54584e-08 
1202.24 8.25209e-08 
1202.25 7.96672e-08 
1202.26 7.68955e-08 
1202.27 7.42041e-08 
1202.28 7.15915e-08 
1202.29 6.90559e-08 
1202.3 6.65958e-08 
1202.31 6.42093e-08 
1202.32 6.1895e-08 
1202.33 5.96512e-08 
1202.34 5.74763e-08 
1202.35 5.53687e-08 
1202.36 5.33269e-08 
1202.37 5.13492e-08 
1202.38 4.94342e-08 
1202.39 4.75803e-08 
1202.4 4.5786e-08 
1202.41 4.40498e-08 
1202.42 4.23703e-08 
1202.43 4.07461e-08 
1202.44 3.91756e-08 
1202.45 3.76574e-08 
1202.46 3.61903e-08 
1202.47 3.47728e-08 
1202.48 3.33868e-08 
1202.49 3.20651e-08 
1202.5 3.07891e-08 
1202.51 2.95575e-08 
1202.52 2.8369e-08 
1202.53 2.72224e-08 
1202.54 2.61165e-08 
1202.55 2.505e-08 
1202.56 2.4022e-08 
1202.56 2.30311e-08 
1202.57 2.20763e-08 
1202.58 2.11565e-08 
1202.59 2.02707e-08 
1202.6 1.94177e-08 
1202.61 1.86081e-08 
1202.62 1.78173e-08 
1202.63 1.70565e-08 
1202.64 1.63247e-08 
1202.65 1.56208e-08 
1202.66 1.49441e-08 
1202.67 1.42936e-08 
1202.68 1.36684e-08 
1202.69 1.30678e-08 
1202.7 1.24908e-08 
1202.71 1.19367e-08 
1202.72 1.14048e-08 
1202.73 1.08879e-08 
1202.74 1.03982e-08 
1202.75 9.92828e-09 
1202.76 9.47759e-09 
1202.77 9.04539e-09 
1202.78 8.63103e-09 
1202.79 8.23387e-09 
1202.8 7.85329e-09 
1202.81 7.48867e-09 
1202.82 7.13944e-09 
1202.83 6.80502e-09 
1202.84 6.48485e-09 
1202.85 6.17842e-09 
1202.86 5.88518e-09 
1202.87 5.60465e-09 
1202.88 5.33634e-09 
1202.89 5.07977e-09 
1202.9 4.83449e-09 
1202.91 4.60006e-09 
1202.92 4.37604e-09 
1202.93 4.16204e-09 
1202.94 3.95764e-09 
1202.95 3.76246e-09 
1202.96 3.57614e-09 
1202.97 3.39831e-09 
1202.98 3.22862e-09 
1202.98 3.06476e-09 
1202.99 2.91045e-09 
1203 2.76332e-09 
1203.01 2.62306e-09 
1203.02 2.48937e-09 
1203.03 2.36199e-09 
1203.04 2.24064e-09 
1203.05 2.12507e-09 
1203.06 2.01501e-09 
1203.07 1.91025e-09 
1203.08 1.81054e-09 
1203.09 1.71566e-09 
1203.1 1.6254e-09 
1203.11 1.53956e-09 
1203.12 1.45793e-09 
1203.13 1.38034e-09 
1203.14 1.30659e-09 
1203.15 1.23651e-09 
1203.16 1.16994e-09 
1203.17 1.10671e-09 
1203.18 1.04667e-09 
1203.19 9.89676e-10 
1203.2 9.35582e-10 
1203.21 8.84253e-10 
1203.22 8.35558e-10 
1203.23 7.88813e-10 
1203.24 7.45049e-10 
1203.25 7.03561e-10 
1203.26 6.6424e-10 
1203.27 6.2698e-10 
1203.28 5.91682e-10 
1203.29 5.58251e-10 
1203.3 5.26594e-10 
1203.31 4.96625e-10 
1203.32 4.6826e-10 
1203.33 4.41419e-10 
1203.34 4.16027e-10 
1203.35 3.9201e-10 
1203.36 3.693e-10 
1203.37 3.4783e-10 
1203.38 3.27537e-10 
1203.39 3.08362e-10 
1203.4 2.90246e-10 
1203.41 2.73135e-10 
1203.41 2.56978e-10 
1203.42 2.41723e-10 
1203.43 2.27325e-10 
1203.44 2.13739e-10 
1203.45 2.0092e-10 
1203.46 1.8883e-10 
1203.47 1.77429e-10 
1203.48 1.66549e-10 
1203.49 1.56425e-10 
1203.5 1.46884e-10 
1203.51 1.37896e-10 
1203.52 1.29429e-10 
1203.53 1.21456e-10 
1203.54 1.13949e-10 
1203.55 1.06884e-10 
1203.56 1.00234e-10 
1203.57 9.39781e-11 
1203.58 8.80934e-11 
1203.59 8.25593e-11 
1203.6 7.7356e-11 
1203.61 7.25097e-11 
1203.62 6.79104e-11 
1203.63 6.3589e-11 
1203.64 5.95298e-11 
1203.65 5.57176e-11 
1203.66 5.21382e-11 
1203.67 4.87782e-11 
1203.68 4.56249e-11 
1203.69 4.26661e-11 
1203.7 3.98906e-11 
1203.71 3.72876e-11 
1203.72 3.48468e-11 
1203.73 3.25311e-11 
1203.74 3.03885e-11 
1203.75 2.83808e-11 
1203.76 2.65e-11 
1203.77 2.47385e-11 
1203.78 2.30891e-11 
1203.79 2.1545e-11 
1203.8 2.00998e-11 
1203.81 1.87475e-11 
1203.82 1.74824e-11 
1203.83 1.62991e-11 
1203.83 1.51926e-11 
1203.84 1.41582e-11 
1203.85 1.31913e-11 
1203.86 1.22878e-11 
1203.87 1.14437e-11 
1203.88 1.06553e-11 
1203.89 9.91906e-12 
1203.9 9.23168e-12 
1203.91 8.59007e-12 
1203.92 7.99133e-12 
1203.93 7.43271e-12 
1203.94 6.91164e-12 
1203.95 6.4257e-12 
1203.96 5.97264e-12 
1203.97 5.55032e-12 
1203.98 5.152e-12 
1203.99 4.78561e-12 
1204 4.44433e-12 
1204.01 4.12648e-12 
1204.02 3.83054e-12 
1204.03 3.55505e-12 
1204.04 3.29866e-12 
1204.05 3.0601e-12 
1204.06 2.83817e-12 
1204.07 2.63177e-12 
1204.08 2.43985e-12 
1204.09 2.26144e-12 
1204.1 2.09562e-12 
1204.11 1.94153e-12 
1204.12 1.79839e-12 
1204.13 1.66544e-12 
1204.14 1.54198e-12 
1204.15 1.42737e-12 
1204.16 1.32099e-12 
1204.17 1.22227e-12 
1204.18 1.13068e-12 
1204.19 1.04574e-12 
1204.2 9.66959e-13 
1204.21 8.93923e-13 
1204.22 8.26224e-13 
1204.23 7.62733e-13 
1204.24 7.04662e-13 
1204.25 6.50872e-13 
1204.26 6.01058e-13 
1204.26 5.54935e-13 
1204.27 5.12241e-13 
1204.28 4.72729e-13 
1204.29 4.36171e-13 
1204.3 4.02353e-13 
1204.31 3.71076e-13 
1204.32 3.42156e-13 
1204.33 3.15422e-13 
1204.34 2.90714e-13 
1204.35 2.67883e-13 
1204.36 2.46792e-13 
1204.37 2.27312e-13 
1204.38 2.09324e-13 
1204.39 1.92718e-13 
1204.4 1.77391e-13 
1204.41 1.63247e-13 
1204.42 1.50199e-13 
1204.43 1.38163e-13 
1204.44 1.27065e-13 
1204.45 1.16833e-13 
1204.46 1.07401e-13 
1204.47 9.87094e-14 
1204.48 9.06056e-14 
1204.49 8.32369e-14 
1204.5 7.64509e-14 
1204.51 7.0203e-14 
1204.52 6.44517e-14 
1204.53 5.91587e-14 
1204.54 5.42886e-14 
1204.55 4.98087e-14 
1204.56 4.56886e-14 
1204.57 4.19002e-14 
1204.58 3.84175e-14 
1204.59 3.52168e-14 
1204.6 3.22757e-14 
1204.61 2.95738e-14 
1204.62 2.71089e-14 
1204.63 2.48288e-14 
1204.64 2.27355e-14 
1204.65 2.08142e-14 
1204.66 1.90512e-14 
1204.67 1.74337e-14 
1204.68 1.595e-14 
1204.68 1.45895e-14 
1204.69 1.33421e-14 
1204.7 1.21988e-14 
1204.71 1.1151e-14 
1204.72 1.01795e-14 
1204.73 9.30108e-15 
1204.74 8.49663e-15 
1204.75 7.76007e-15 
1204.76 7.08583e-15 
1204.77 6.46877e-15 
1204.78 5.90417e-15 
1204.79 5.38767e-15 
1204.8 4.9153e-15 
1204.81 4.48337e-15 
1204.82 4.08851e-15 
1204.83 3.72762e-15 
1204.84 3.39784e-15 
1204.85 3.09657e-15 
1204.86 2.8214e-15 
1204.87 2.57013e-15 
1204.88 2.34073e-15 
1204.89 2.13134e-15 
1204.9 1.94026e-15 
1204.91 1.76593e-15 
1204.92 1.60692e-15 
1204.93 1.4619e-15 
1204.94 1.32969e-15 
1204.95 1.20917e-15 
1204.96 1.09934e-15 
1204.97 9.99262e-16 
1204.98 9.07015e-16 
1204.99 8.24089e-16 
1205 7.48582e-16 
1205.01 6.79847e-16 
1205.02 6.17289e-16 
1205.03 5.60366e-16 
1205.04 5.08581e-16 
1205.05 4.61483e-16 
1205.06 4.18655e-16 
1205.07 3.7972e-16 
1205.08 3.44331e-16 
1205.09 3.12172e-16 
1205.1 2.82956e-16 
1205.11 2.56419e-16 
1205.11 2.3232e-16 
1205.12 2.1044e-16 
1205.13 1.9058e-16 
1205.14 1.72556e-16 
1205.15 1.56203e-16 
1205.16 1.4137e-16 
1205.17 1.27917e-16 
1205.18 1.15719e-16 
1205.19 1.04662e-16 
1205.2 9.46408e-17 
1205.21 8.55606e-17 
1205.22 7.72417e-17 
1205.23 6.97962e-17 
1205.24 6.30585e-17 
1205.25 5.69589e-17 
1205.26 5.14381e-17 
1205.27 4.64424e-17 
1205.28 4.19228e-17 
1205.29 3.78348e-17 
1205.3 3.41381e-17 
1205.31 3.07958e-17 
1205.32 2.77748e-17 
1205.33 2.50447e-17 
1205.34 2.25781e-17 
1205.35 2.035e-17 
1205.36 1.83378e-17 
1205.37 1.6521e-17 
1205.38 1.48809e-17 
1205.39 1.34008e-17 
1205.4 1.20653e-17 
1205.41 1.08605e-17 
1205.42 9.77388e-18 
1205.43 8.79409e-18 
1205.44 7.91081e-18 
1205.45 7.1147e-18 
1205.46 6.39733e-18 
1205.47 5.75104e-18 
1205.48 5.16237e-18 
1205.49 4.63851e-18 
1205.5 4.16718e-18 
1205.51 3.74294e-18 
1205.52 3.36115e-18 
1205.53 3.01766e-18 
1205.54 2.70868e-18 
1205.54 2.43081e-18 
1205.55 2.18098e-18 
1205.56 1.9564e-18 
1205.57 1.75456e-18 
1205.58 1.57321e-18 
1205.59 1.41029e-18 
1205.6 1.26397e-18 
1205.61 1.13329e-18 
1205.62 1.01527e-18 
1205.63 9.09343e-19 
1205.64 8.14292e-19 
1205.65 7.29019e-19 
1205.66 6.52534e-19 
1205.67 5.83947e-19 
1205.68 5.22457e-19 
1205.69 4.67339e-19 
1205.7 4.17946e-19 
1205.71 3.73693e-19 
1205.72 3.34052e-19 
1205.73 2.98133e-19 
1205.74 2.66392e-19 
1205.75 2.37978e-19 
1205.76 2.12549e-19 
1205.77 1.89796e-19 
1205.78 1.69442e-19 
1205.79 1.51238e-19 
1205.8 1.34961e-19 
1205.81 1.20409e-19 
1205.82 1.07403e-19 
1205.83 9.57814e-20 
1205.84 8.53986e-20 
1205.85 7.61248e-20 
1205.86 6.78434e-20 
1205.87 6.04498e-20 
1205.88 5.38503e-20 
1205.89 4.79609e-20 
1205.9 4.27063e-20 
1205.91 3.80192e-20 
1205.92 3.38392e-20 
1205.93 3.01122e-20 
1205.94 2.67899e-20 
1205.95 2.3829e-20 
1205.96 2.11908e-20 
1205.96 1.88405e-20 
1205.97 1.67473e-20 
1205.98 1.48615e-20 
1205.99 1.32046e-20 
1206 1.17299e-20 
1206.01 1.04176e-20 
1206.02 9.25015e-21 
1206.03 8.21174e-21 
1206.04 7.28833e-21 
1206.05 6.46734e-21 
1206.06 5.7376e-21 
1206.07 5.08909e-21 
1206.08 4.51291e-21 
1206.09 4.00109e-21 
1206.1 3.54655e-21 
1206.11 3.14297e-21 
1206.12 2.78471e-21 
1206.13 2.46675e-21 
1206.14 2.18462e-21 
1206.15 1.93434e-21 
1206.16 1.71237e-21 
1206.17 1.51553e-21 
1206.18 1.34104e-21 
1206.19 1.18637e-21 
1206.2 1.04932e-21 
1206.21 9.279e-22 
1206.22 8.20352e-22 
1206.23 7.23992e-22 
1206.24 6.39799e-22 
1206.25 5.65273e-22 
1206.26 4.99321e-22 
1206.27 4.40967e-22 
1206.28 3.89349e-22 
1206.29 3.43699e-22 
1206.3 3.03335e-22 
1206.31 2.67654e-22 
1206.32 2.36118e-22 
1206.33 2.08253e-22 
1206.34 1.83637e-22 
1206.35 1.61895e-22 
1206.36 1.42697e-22 
1206.37 1.25748e-22 
1206.38 1.10788e-22 
1206.39 9.75867e-23 
1206.39 8.59398e-23 
1206.4 7.56665e-23 
1206.41 6.66069e-23 
1206.42 5.86193e-23 
1206.43 5.15784e-23 
1206.44 4.53734e-23 
1206.45 3.99062e-23 
1206.46 3.50902e-23 
1206.47 3.08487e-23 
1206.48 2.70702e-23 
1206.49 2.37878e-23 
1206.5 2.08988e-23 
1206.51 1.83567e-23 
1206.52 1.61203e-23 
1206.53 1.41533e-23 
1206.54 1.24237e-23 
1206.55 1.0903e-23 
1206.56 9.56642e-24 
1206.57 8.39186e-24 
1206.58 7.35992e-24 
1206.59 6.45348e-24 
1206.6 0 
