#energy geo_1 
1186.6 7.63077e-07 
1186.61 7.62609e-07 
1186.62 7.6214e-07 
1186.63 7.61673e-07 
1186.64 7.61205e-07 
1186.65 7.60738e-07 
1186.66 7.6027e-07 
1186.67 7.59803e-07 
1186.68 7.59336e-07 
1186.69 7.5887e-07 
1186.7 7.58403e-07 
1186.71 7.57937e-07 
1186.72 7.5747e-07 
1186.73 7.57004e-07 
1186.74 7.56539e-07 
1186.75 7.56074e-07 
1186.76 7.5561e-07 
1186.77 7.55144e-07 
1186.78 7.54679e-07 
1186.79 7.54214e-07 
1186.8 7.53751e-07 
1186.81 7.53285e-07 
1186.81 7.52821e-07 
1186.82 7.52359e-07 
1186.83 7.51895e-07 
1186.84 7.51431e-07 
1186.85 7.50968e-07 
1186.86 7.50505e-07 
1186.87 7.50042e-07 
1186.88 7.49581e-07 
1186.89 7.49117e-07 
1186.9 7.48655e-07 
1186.91 7.48192e-07 
1186.92 7.47731e-07 
1186.93 7.4727e-07 
1186.94 7.46808e-07 
1186.95 7.46347e-07 
1186.96 7.45886e-07 
1186.97 7.45425e-07 
1186.98 7.44965e-07 
1186.99 7.44505e-07 
1187 7.44045e-07 
1187.01 7.43585e-07 
1187.02 7.43125e-07 
1187.03 7.42666e-07 
1187.04 7.42207e-07 
1187.05 7.41748e-07 
1187.06 7.41289e-07 
1187.07 7.4083e-07 
1187.08 7.40372e-07 
1187.09 7.39913e-07 
1187.1 7.39456e-07 
1187.11 7.38998e-07 
1187.12 7.3854e-07 
1187.13 7.38084e-07 
1187.14 7.37626e-07 
1187.15 7.37169e-07 
1187.16 7.36713e-07 
1187.17 7.36256e-07 
1187.18 7.35799e-07 
1187.19 7.35343e-07 
1187.2 7.34887e-07 
1187.21 7.34432e-07 
1187.22 7.33977e-07 
1187.23 7.33522e-07 
1187.24 7.33066e-07 
1187.24 7.32612e-07 
1187.25 7.32157e-07 
1187.26 7.31703e-07 
1187.27 7.31248e-07 
1187.28 7.30794e-07 
1187.29 7.3034e-07 
1187.3 7.29886e-07 
1187.31 7.29433e-07 
1187.32 7.2898e-07 
1187.33 7.28528e-07 
1187.34 7.28074e-07 
1187.35 7.27622e-07 
1187.36 7.2717e-07 
1187.37 7.26718e-07 
1187.38 7.26266e-07 
1187.39 7.25815e-07 
1187.4 7.25363e-07 
1187.41 7.24912e-07 
1187.42 7.24461e-07 
1187.43 7.24009e-07 
1187.44 7.23559e-07 
1187.45 7.23109e-07 
1187.46 7.22659e-07 
1187.47 7.22209e-07 
1187.48 7.2176e-07 
1187.49 7.2131e-07 
1187.5 7.2086e-07 
1187.51 7.20412e-07 
1187.52 7.19963e-07 
1187.53 7.19513e-07 
1187.54 7.19065e-07 
1187.55 7.18617e-07 
1187.56 7.1817e-07 
1187.57 7.17721e-07 
1187.58 7.17274e-07 
1187.59 7.16827e-07 
1187.6 7.1638e-07 
1187.61 7.16381e-07 
1187.62 7.15934e-07 
1187.63 7.15488e-07 
1187.64 7.15041e-07 
1187.65 7.14594e-07 
1187.66 7.14149e-07 
1187.66 7.13702e-07 
1187.67 7.13257e-07 
1187.68 7.12811e-07 
1187.69 7.12366e-07 
1187.7 7.1192e-07 
1187.71 7.11477e-07 
1187.72 7.11032e-07 
1187.73 7.10586e-07 
1187.74 7.10143e-07 
1187.75 7.09698e-07 
1187.76 7.09256e-07 
1187.77 7.08811e-07 
1187.78 7.08368e-07 
1187.79 7.07925e-07 
1187.8 7.07483e-07 
1187.81 7.07039e-07 
1187.82 7.06597e-07 
1187.83 7.06155e-07 
1187.84 7.05712e-07 
1187.85 7.05271e-07 
1187.86 7.0483e-07 
1187.87 7.04388e-07 
1187.88 7.03947e-07 
1187.89 7.03506e-07 
1187.9 7.03066e-07 
1187.91 7.02624e-07 
1187.92 7.02184e-07 
1187.93 7.01744e-07 
1187.94 7.01304e-07 
1187.95 7.00865e-07 
1187.96 7.00425e-07 
1187.97 6.99985e-07 
1187.98 6.99547e-07 
1187.99 6.99108e-07 
1188 6.9867e-07 
1188.01 6.98231e-07 
1188.02 6.97793e-07 
1188.03 6.97356e-07 
1188.04 6.96917e-07 
1188.05 6.9648e-07 
1188.06 6.96043e-07 
1188.07 6.95606e-07 
1188.08 6.95169e-07 
1188.09 6.94733e-07 
1188.09 6.94296e-07 
1188.1 6.9386e-07 
1188.11 6.93425e-07 
1188.12 6.92988e-07 
1188.13 6.92553e-07 
1188.14 6.92117e-07 
1188.15 6.91683e-07 
1188.16 6.91248e-07 
1188.17 6.90813e-07 
1188.18 6.90379e-07 
1188.19 6.89944e-07 
1188.2 6.89511e-07 
1188.21 6.89077e-07 
1188.22 6.88643e-07 
1188.23 6.8821e-07 
1188.24 6.87777e-07 
1188.25 6.87344e-07 
1188.26 6.86911e-07 
1188.27 6.86479e-07 
1188.28 6.86047e-07 
1188.29 6.85615e-07 
1188.3 6.85183e-07 
1188.31 6.84752e-07 
1188.32 6.8432e-07 
1188.33 6.83889e-07 
1188.34 6.83458e-07 
1188.35 6.83027e-07 
1188.36 6.82597e-07 
1188.37 6.82167e-07 
1188.38 6.81737e-07 
1188.39 6.81308e-07 
1188.4 6.80878e-07 
1188.41 6.80449e-07 
1188.42 6.8002e-07 
1188.43 6.79591e-07 
1188.44 6.79162e-07 
1188.45 6.78734e-07 
1188.46 6.78305e-07 
1188.47 6.77877e-07 
1188.48 6.7745e-07 
1188.49 6.77021e-07 
1188.5 6.76594e-07 
1188.51 6.76168e-07 
1188.52 6.7574e-07 
1188.52 6.75314e-07 
1188.53 6.74887e-07 
1188.54 6.74461e-07 
1188.55 6.74034e-07 
1188.56 6.73608e-07 
1188.57 6.73184e-07 
1188.58 6.72758e-07 
1188.59 6.72333e-07 
1188.6 6.72329e-07 
1188.61 6.71904e-07 
1188.62 6.71479e-07 
1188.63 6.71054e-07 
1188.64 6.7063e-07 
1188.65 6.70206e-07 
1188.66 6.69783e-07 
1188.67 6.69359e-07 
1188.68 6.68935e-07 
1188.69 6.68512e-07 
1188.7 6.68089e-07 
1188.71 6.67667e-07 
1188.72 6.67244e-07 
1188.73 6.66822e-07 
1188.74 6.664e-07 
1188.75 6.65978e-07 
1188.76 6.65557e-07 
1188.77 6.65135e-07 
1188.78 6.64713e-07 
1188.79 6.64293e-07 
1188.8 6.63872e-07 
1188.81 6.63452e-07 
1188.82 6.63031e-07 
1188.83 6.62611e-07 
1188.84 6.62192e-07 
1188.85 6.61772e-07 
1188.86 6.61352e-07 
1188.87 6.60933e-07 
1188.88 6.60514e-07 
1188.89 6.60095e-07 
1188.9 6.59677e-07 
1188.91 6.59258e-07 
1188.92 6.5884e-07 
1188.93 6.58423e-07 
1188.94 6.58005e-07 
1188.94 6.57588e-07 
1188.95 6.57171e-07 
1188.96 6.56753e-07 
1188.97 6.56337e-07 
1188.98 6.55921e-07 
1188.99 6.55504e-07 
1189 6.55088e-07 
1189.01 6.54672e-07 
1189.02 6.54257e-07 
1189.03 6.53841e-07 
1189.04 6.53426e-07 
1189.05 6.53011e-07 
1189.06 6.52597e-07 
1189.07 6.52182e-07 
1189.08 6.51768e-07 
1189.09 6.51353e-07 
1189.1 6.5094e-07 
1189.11 6.50526e-07 
1189.12 6.50113e-07 
1189.13 6.49699e-07 
1189.14 6.49287e-07 
1189.15 6.48874e-07 
1189.16 6.48461e-07 
1189.17 6.4805e-07 
1189.18 6.47637e-07 
1189.19 6.47225e-07 
1189.2 6.46813e-07 
1189.21 6.46402e-07 
1189.22 6.4599e-07 
1189.23 6.4558e-07 
1189.24 6.45169e-07 
1189.25 6.44759e-07 
1189.26 6.44348e-07 
1189.27 6.43938e-07 
1189.28 6.43529e-07 
1189.29 6.43119e-07 
1189.3 6.42709e-07 
1189.31 6.423e-07 
1189.32 6.41891e-07 
1189.33 6.41482e-07 
1189.34 6.41074e-07 
1189.35 6.40666e-07 
1189.36 6.40257e-07 
1189.36 6.39849e-07 
1189.37 6.39442e-07 
1189.38 6.39034e-07 
1189.39 6.38627e-07 
1189.4 6.3822e-07 
1189.41 6.37813e-07 
1189.42 6.37407e-07 
1189.43 6.37e-07 
1189.44 6.36594e-07 
1189.45 6.36188e-07 
1189.46 6.35783e-07 
1189.47 6.35378e-07 
1189.48 6.34972e-07 
1189.49 6.34567e-07 
1189.5 6.34162e-07 
1189.51 6.33758e-07 
1189.52 6.33353e-07 
1189.53 6.32949e-07 
1189.54 6.32545e-07 
1189.55 6.32141e-07 
1189.56 6.31737e-07 
1189.57 6.31334e-07 
1189.58 6.30931e-07 
1189.59 6.30528e-07 
1189.6 6.30126e-07 
1189.61 6.30118e-07 
1189.62 6.29715e-07 
1189.63 6.29313e-07 
1189.64 6.28911e-07 
1189.65 6.28509e-07 
1189.66 6.28108e-07 
1189.67 6.27706e-07 
1189.68 6.27305e-07 
1189.69 6.26904e-07 
1189.7 6.26503e-07 
1189.71 6.26103e-07 
1189.72 6.25702e-07 
1189.73 6.25302e-07 
1189.74 6.24903e-07 
1189.75 6.24503e-07 
1189.76 6.24103e-07 
1189.77 6.23704e-07 
1189.78 6.23305e-07 
1189.79 6.22906e-07 
1189.79 6.22508e-07 
1189.8 6.22109e-07 
1189.81 6.21711e-07 
1189.82 6.21313e-07 
1189.83 6.20915e-07 
1189.84 6.20518e-07 
1189.85 6.20121e-07 
1189.86 6.19724e-07 
1189.87 6.19327e-07 
1189.88 6.1893e-07 
1189.89 6.18533e-07 
1189.9 6.18137e-07 
1189.91 6.17741e-07 
1189.92 6.17345e-07 
1189.93 6.16949e-07 
1189.94 6.16554e-07 
1189.95 6.16159e-07 
1189.96 6.15764e-07 
1189.97 6.15369e-07 
1189.98 6.14974e-07 
1189.99 6.1458e-07 
1190 6.14186e-07 
1190.01 6.13792e-07 
1190.02 6.13398e-07 
1190.03 6.13005e-07 
1190.04 6.12611e-07 
1190.05 6.12218e-07 
1190.06 6.11825e-07 
1190.07 6.11432e-07 
1190.08 6.1104e-07 
1190.09 6.10648e-07 
1190.1 6.10256e-07 
1190.11 6.09863e-07 
1190.12 6.09472e-07 
1190.13 6.0908e-07 
1190.14 6.08689e-07 
1190.15 6.08298e-07 
1190.16 6.07907e-07 
1190.17 6.07516e-07 
1190.18 6.07126e-07 
1190.19 6.06736e-07 
1190.2 6.06346e-07 
1190.21 6.05956e-07 
1190.21 6.05566e-07 
1190.22 6.05176e-07 
1190.23 6.04787e-07 
1190.24 6.04398e-07 
1190.25 6.04009e-07 
1190.26 6.0362e-07 
1190.27 6.03232e-07 
1190.28 6.02844e-07 
1190.29 6.02456e-07 
1190.3 6.02068e-07 
1190.31 6.0168e-07 
1190.32 6.01293e-07 
1190.33 6.00906e-07 
1190.34 6.00518e-07 
1190.35 6.00131e-07 
1190.36 5.99745e-07 
1190.37 5.99358e-07 
1190.38 5.98972e-07 
1190.39 5.98586e-07 
1190.4 5.982e-07 
1190.41 5.97814e-07 
1190.42 5.97429e-07 
1190.43 5.97044e-07 
1190.44 5.96658e-07 
1190.45 5.96274e-07 
1190.46 5.95888e-07 
1190.47 5.95504e-07 
1190.48 5.95119e-07 
1190.49 5.94735e-07 
1190.5 5.94351e-07 
1190.51 5.93967e-07 
1190.52 5.93584e-07 
1190.53 5.932e-07 
1190.54 5.92816e-07 
1190.55 5.92434e-07 
1190.56 5.92051e-07 
1190.57 5.91668e-07 
1190.58 5.91286e-07 
1190.59 5.90903e-07 
1190.6 5.90521e-07 
1190.61 5.90508e-07 
1190.62 5.90126e-07 
1190.63 5.89744e-07 
1190.64 5.89363e-07 
1190.64 5.88982e-07 
1190.65 5.886e-07 
1190.66 5.88219e-07 
1190.67 5.87837e-07 
1190.68 5.87457e-07 
1190.69 5.87076e-07 
1190.7 5.86695e-07 
1190.71 5.86316e-07 
1190.72 5.85935e-07 
1190.73 5.85556e-07 
1190.74 5.85176e-07 
1190.75 5.84796e-07 
1190.76 5.84417e-07 
1190.77 5.84038e-07 
1190.78 5.83659e-07 
1190.79 5.8328e-07 
1190.8 5.82901e-07 
1190.81 5.82522e-07 
1190.82 5.82144e-07 
1190.83 5.81766e-07 
1190.84 5.81388e-07 
1190.85 5.8101e-07 
1190.86 5.80632e-07 
1190.87 5.80255e-07 
1190.88 5.79878e-07 
1190.89 5.79501e-07 
1190.9 5.79124e-07 
1190.91 5.78746e-07 
1190.92 5.78369e-07 
1190.93 5.77993e-07 
1190.94 5.77617e-07 
1190.95 5.7724e-07 
1190.96 5.76864e-07 
1190.97 5.76488e-07 
1190.98 5.76113e-07 
1190.99 5.75737e-07 
1191 5.75362e-07 
1191.01 5.74987e-07 
1191.02 5.74611e-07 
1191.03 5.74236e-07 
1191.04 5.73861e-07 
1191.05 5.73487e-07 
1191.06 5.73113e-07 
1191.07 5.72738e-07 
1191.07 5.72364e-07 
1191.08 5.7199e-07 
1191.09 5.71616e-07 
1191.1 5.71242e-07 
1191.11 5.70869e-07 
1191.12 5.70495e-07 
1191.13 5.70122e-07 
1191.14 5.69748e-07 
1191.15 5.69375e-07 
1191.16 5.69002e-07 
1191.17 5.6863e-07 
1191.18 5.68257e-07 
1191.19 5.67885e-07 
1191.2 5.67512e-07 
1191.21 5.6714e-07 
1191.22 5.66768e-07 
1191.23 5.66396e-07 
1191.24 5.66024e-07 
1191.25 5.65652e-07 
1191.26 5.65281e-07 
1191.27 5.64909e-07 
1191.28 5.64538e-07 
1191.29 5.64167e-07 
1191.3 5.63796e-07 
1191.31 5.63425e-07 
1191.32 5.63054e-07 
1191.33 5.62683e-07 
1191.34 5.62313e-07 
1191.35 5.61942e-07 
1191.36 5.61572e-07 
1191.37 5.61202e-07 
1191.38 5.60832e-07 
1191.39 5.60462e-07 
1191.4 5.60092e-07 
1191.41 5.59722e-07 
1191.42 5.59352e-07 
1191.43 5.58983e-07 
1191.44 5.58614e-07 
1191.45 5.58245e-07 
1191.46 5.57875e-07 
1191.47 5.57507e-07 
1191.48 5.57137e-07 
1191.49 5.56769e-07 
1191.49 5.56401e-07 
1191.5 5.56031e-07 
1191.51 5.55663e-07 
1191.52 5.55295e-07 
1191.53 5.54926e-07 
1191.54 5.54558e-07 
1191.55 5.5419e-07 
1191.56 5.53822e-07 
1191.57 5.53454e-07 
1191.58 5.53086e-07 
1191.59 5.52719e-07 
1191.6 5.52697e-07 
1191.61 5.52329e-07 
1191.62 5.51961e-07 
1191.63 5.51593e-07 
1191.64 5.51226e-07 
1191.65 5.50858e-07 
1191.66 5.50491e-07 
1191.67 5.50124e-07 
1191.68 5.49756e-07 
1191.69 5.4939e-07 
1191.7 5.49022e-07 
1191.71 5.48656e-07 
1191.72 5.48289e-07 
1191.73 5.47922e-07 
1191.74 5.47555e-07 
1191.75 5.47189e-07 
1191.76 5.46822e-07 
1191.77 5.46456e-07 
1191.78 5.46089e-07 
1191.79 5.45723e-07 
1191.8 5.45357e-07 
1191.81 5.4499e-07 
1191.82 5.44624e-07 
1191.83 5.44258e-07 
1191.84 5.43892e-07 
1191.85 5.43526e-07 
1191.86 5.4316e-07 
1191.87 5.42794e-07 
1191.88 5.42429e-07 
1191.89 5.42063e-07 
1191.9 5.41697e-07 
1191.91 5.41331e-07 
1191.92 5.40966e-07 
1191.92 5.40601e-07 
1191.93 5.40234e-07 
1191.94 5.39869e-07 
1191.95 5.39504e-07 
1191.96 5.39139e-07 
1191.97 5.38773e-07 
1191.98 5.38408e-07 
1191.99 5.38042e-07 
1192 5.37677e-07 
1192.01 5.37312e-07 
1192.02 5.36946e-07 
1192.03 5.36581e-07 
1192.04 5.36216e-07 
1192.05 5.35852e-07 
1192.06 5.35486e-07 
1192.07 5.35121e-07 
1192.08 5.34756e-07 
1192.09 5.34391e-07 
1192.1 5.34026e-07 
1192.11 5.33661e-07 
1192.12 5.33296e-07 
1192.13 5.32931e-07 
1192.14 5.32566e-07 
1192.15 5.32201e-07 
1192.16 5.31836e-07 
1192.17 5.31471e-07 
1192.18 5.31106e-07 
1192.19 5.30741e-07 
1192.2 5.30376e-07 
1192.21 5.30011e-07 
1192.22 5.29647e-07 
1192.23 5.29281e-07 
1192.24 5.28916e-07 
1192.25 5.28551e-07 
1192.26 5.28187e-07 
1192.27 5.27821e-07 
1192.28 5.27457e-07 
1192.29 5.27091e-07 
1192.3 5.26726e-07 
1192.31 5.26361e-07 
1192.32 5.25996e-07 
1192.33 5.25631e-07 
1192.34 5.25266e-07 
1192.34 5.24901e-07 
1192.35 5.24535e-07 
1192.36 5.2417e-07 
1192.37 5.23805e-07 
1192.38 5.23439e-07 
1192.39 5.23074e-07 
1192.4 5.22709e-07 
1192.41 5.22343e-07 
1192.42 5.21977e-07 
1192.43 5.21612e-07 
1192.44 5.21247e-07 
1192.45 5.20881e-07 
1192.46 5.20515e-07 
1192.47 5.20149e-07 
1192.48 5.19783e-07 
1192.49 5.19417e-07 
1192.5 5.19051e-07 
1192.51 5.18685e-07 
1192.52 5.18319e-07 
1192.53 5.17953e-07 
1192.54 5.17586e-07 
1192.55 5.1722e-07 
1192.56 5.16854e-07 
1192.57 5.16487e-07 
1192.58 5.16121e-07 
1192.59 5.15754e-07 
1192.6 5.15387e-07 
1192.61 5.15342e-07 
1192.62 5.14975e-07 
1192.63 5.14607e-07 
1192.64 5.1424e-07 
1192.65 5.13873e-07 
1192.66 5.13505e-07 
1192.67 5.13137e-07 
1192.68 5.12769e-07 
1192.69 5.12402e-07 
1192.7 5.12034e-07 
1192.71 5.11666e-07 
1192.72 5.11298e-07 
1192.73 5.10929e-07 
1192.74 5.10561e-07 
1192.75 5.10192e-07 
1192.76 5.09824e-07 
1192.77 5.09455e-07 
1192.77 5.09085e-07 
1192.78 5.08716e-07 
1192.79 5.08347e-07 
1192.8 5.07978e-07 
1192.81 5.07608e-07 
1192.82 5.07239e-07 
1192.83 5.06869e-07 
1192.84 5.06499e-07 
1192.85 5.06129e-07 
1192.86 5.05758e-07 
1192.87 5.05388e-07 
1192.88 5.05017e-07 
1192.89 5.04647e-07 
1192.9 5.04276e-07 
1192.91 5.03905e-07 
1192.92 5.03534e-07 
1192.93 5.03162e-07 
1192.94 5.02791e-07 
1192.95 5.02419e-07 
1192.96 5.02047e-07 
1192.97 5.01674e-07 
1192.98 5.01303e-07 
1192.99 5.0093e-07 
1193 5.00557e-07 
1193.01 5.00184e-07 
1193.02 4.99811e-07 
1193.03 4.99438e-07 
1193.04 4.99065e-07 
1193.05 4.98691e-07 
1193.06 4.98317e-07 
1193.07 4.97943e-07 
1193.08 4.97568e-07 
1193.09 4.97194e-07 
1193.1 4.96819e-07 
1193.11 4.96444e-07 
1193.12 4.96069e-07 
1193.13 4.95694e-07 
1193.14 4.95318e-07 
1193.15 4.94942e-07 
1193.16 4.94566e-07 
1193.17 4.94189e-07 
1193.18 4.93813e-07 
1193.19 4.93436e-07 
1193.19 4.93059e-07 
1193.2 4.92681e-07 
1193.21 4.92304e-07 
1193.22 4.91926e-07 
1193.23 4.91548e-07 
1193.24 4.91169e-07 
1193.25 4.90791e-07 
1193.26 4.90412e-07 
1193.27 4.90032e-07 
1193.28 4.89653e-07 
1193.29 4.89273e-07 
1193.3 4.88893e-07 
1193.31 4.88513e-07 
1193.32 4.88132e-07 
1193.33 4.87751e-07 
1193.34 4.8737e-07 
1193.35 4.86989e-07 
1193.36 4.86607e-07 
1193.37 4.86225e-07 
1193.38 4.85842e-07 
1193.39 4.8546e-07 
1193.4 4.85076e-07 
1193.41 4.84693e-07 
1193.42 4.84309e-07 
1193.43 4.83925e-07 
1193.44 4.83541e-07 
1193.45 4.83156e-07 
1193.46 4.82771e-07 
1193.47 4.82385e-07 
1193.48 4.82e-07 
1193.49 4.81614e-07 
1193.5 4.81227e-07 
1193.51 4.8084e-07 
1193.52 4.80453e-07 
1193.53 4.80066e-07 
1193.54 4.79678e-07 
1193.55 4.7929e-07 
1193.56 4.78901e-07 
1193.57 4.78512e-07 
1193.58 4.78123e-07 
1193.59 4.77733e-07 
1193.6 4.77343e-07 
1193.61 4.7725e-07 
1193.62 4.76859e-07 
1193.62 4.76468e-07 
1193.63 4.76075e-07 
1193.64 4.75684e-07 
1193.65 4.75291e-07 
1193.66 4.74898e-07 
1193.67 4.74504e-07 
1193.68 4.7411e-07 
1193.69 4.73716e-07 
1193.7 4.73321e-07 
1193.71 4.72926e-07 
1193.72 4.7253e-07 
1193.73 4.72134e-07 
1193.74 4.71738e-07 
1193.75 4.7134e-07 
1193.76 4.70943e-07 
1193.77 4.70545e-07 
1193.78 4.70147e-07 
1193.79 4.69748e-07 
1193.8 4.69349e-07 
1193.81 4.6895e-07 
1193.82 4.68549e-07 
1193.83 4.68149e-07 
1193.84 4.67747e-07 
1193.85 4.67346e-07 
1193.86 4.66944e-07 
1193.87 4.66541e-07 
1193.88 4.66138e-07 
1193.89 4.65735e-07 
1193.9 4.65331e-07 
1193.91 4.64927e-07 
1193.92 4.64521e-07 
1193.93 4.64116e-07 
1193.94 4.6371e-07 
1193.95 4.63304e-07 
1193.96 4.62897e-07 
1193.97 4.62488e-07 
1193.98 4.6208e-07 
1193.99 4.61672e-07 
1194 4.61263e-07 
1194.01 4.60853e-07 
1194.02 4.60443e-07 
1194.03 4.60032e-07 
1194.04 4.59621e-07 
1194.05 4.59209e-07 
1194.05 4.58797e-07 
1194.06 4.58384e-07 
1194.07 4.5797e-07 
1194.08 4.57556e-07 
1194.09 4.57141e-07 
1194.1 4.56726e-07 
1194.11 4.5631e-07 
1194.12 4.55893e-07 
1194.13 4.55476e-07 
1194.14 4.55059e-07 
1194.15 4.54641e-07 
1194.16 4.54221e-07 
1194.17 4.53802e-07 
1194.18 4.53382e-07 
1194.19 4.52961e-07 
1194.2 4.5254e-07 
1194.21 4.52118e-07 
1194.22 4.51695e-07 
1194.23 4.51272e-07 
1194.24 4.50849e-07 
1194.25 4.50424e-07 
1194.26 4.49999e-07 
1194.27 4.49573e-07 
1194.28 4.49147e-07 
1194.29 4.4872e-07 
1194.3 4.48292e-07 
1194.31 4.47864e-07 
1194.32 4.47435e-07 
1194.33 4.47005e-07 
1194.34 4.46575e-07 
1194.35 4.46144e-07 
1194.36 4.45712e-07 
1194.37 4.4528e-07 
1194.38 4.44847e-07 
1194.39 4.44413e-07 
1194.4 4.43978e-07 
1194.41 4.43543e-07 
1194.42 4.43107e-07 
1194.43 4.4267e-07 
1194.44 4.42233e-07 
1194.45 4.41795e-07 
1194.46 4.41357e-07 
1194.47 4.40917e-07 
1194.47 4.40477e-07 
1194.48 4.40036e-07 
1194.49 4.39594e-07 
1194.5 4.39152e-07 
1194.51 4.38709e-07 
1194.52 4.38265e-07 
1194.53 4.3782e-07 
1194.54 4.37374e-07 
1194.55 4.36928e-07 
1194.56 4.36481e-07 
1194.57 4.36033e-07 
1194.58 4.35585e-07 
1194.59 4.35135e-07 
1194.6 4.34685e-07 
1194.61 4.34505e-07 
1194.62 4.34053e-07 
1194.63 4.336e-07 
1194.64 4.33147e-07 
1194.65 4.32693e-07 
1194.66 4.32237e-07 
1194.67 4.31782e-07 
1194.68 4.31324e-07 
1194.69 4.30867e-07 
1194.7 4.30408e-07 
1194.71 4.29949e-07 
1194.72 4.29489e-07 
1194.73 4.29028e-07 
1194.74 4.28566e-07 
1194.75 4.28103e-07 
1194.76 4.2764e-07 
1194.77 4.27175e-07 
1194.78 4.2671e-07 
1194.79 4.26244e-07 
1194.8 4.25777e-07 
1194.81 4.25309e-07 
1194.82 4.2484e-07 
1194.83 4.2437e-07 
1194.84 4.239e-07 
1194.85 4.23428e-07 
1194.86 4.22956e-07 
1194.87 4.22483e-07 
1194.88 4.22009e-07 
1194.89 4.21534e-07 
1194.9 4.21058e-07 
1194.9 4.20581e-07 
1194.91 4.20103e-07 
1194.92 4.19624e-07 
1194.93 4.19145e-07 
1194.94 4.18664e-07 
1194.95 4.18183e-07 
1194.96 4.177e-07 
1194.97 4.17217e-07 
1194.98 4.16732e-07 
1194.99 4.16247e-07 
1195 4.15761e-07 
1195.01 4.15274e-07 
1195.02 4.14785e-07 
1195.03 4.14296e-07 
1195.04 4.13806e-07 
1195.05 4.13315e-07 
1195.06 4.12823e-07 
1195.07 4.1233e-07 
1195.08 4.11836e-07 
1195.09 4.1134e-07 
1195.1 4.10844e-07 
1195.11 4.10347e-07 
1195.12 4.09849e-07 
1195.13 4.0935e-07 
1195.14 4.0885e-07 
1195.15 4.08349e-07 
1195.16 4.07847e-07 
1195.17 4.07344e-07 
1195.18 4.06839e-07 
1195.19 4.06334e-07 
1195.2 4.05828e-07 
1195.21 4.05321e-07 
1195.22 4.04812e-07 
1195.23 4.04303e-07 
1195.24 4.03793e-07 
1195.25 4.03282e-07 
1195.26 4.02769e-07 
1195.27 4.02256e-07 
1195.28 4.01741e-07 
1195.29 4.01226e-07 
1195.3 4.00709e-07 
1195.31 4.00192e-07 
1195.32 3.99673e-07 
1195.32 3.99154e-07 
1195.33 3.98633e-07 
1195.34 3.98111e-07 
1195.35 3.97589e-07 
1195.36 3.97065e-07 
1195.37 3.9654e-07 
1195.38 3.96015e-07 
1195.39 3.95489e-07 
1195.4 3.94961e-07 
1195.41 3.94433e-07 
1195.42 3.93904e-07 
1195.43 3.93374e-07 
1195.44 3.92842e-07 
1195.45 3.92311e-07 
1195.46 3.91778e-07 
1195.47 3.91244e-07 
1195.48 3.9071e-07 
1195.49 3.90175e-07 
1195.5 3.8964e-07 
1195.51 3.89104e-07 
1195.52 3.88567e-07 
1195.53 3.88029e-07 
1195.54 3.87492e-07 
1195.55 3.86953e-07 
1195.56 3.86415e-07 
1195.57 3.85876e-07 
1195.58 3.85337e-07 
1195.59 3.84798e-07 
1195.6 3.84259e-07 
1195.61 3.83959e-07 
1195.62 3.83419e-07 
1195.63 3.82881e-07 
1195.64 3.82343e-07 
1195.65 3.81805e-07 
1195.66 3.81268e-07 
1195.67 3.80732e-07 
1195.68 3.80197e-07 
1195.69 3.79664e-07 
1195.7 3.79132e-07 
1195.71 3.78602e-07 
1195.72 3.78074e-07 
1195.73 3.77548e-07 
1195.74 3.77025e-07 
1195.75 3.76505e-07 
1195.75 3.75988e-07 
1195.76 3.75474e-07 
1195.77 3.74965e-07 
1195.78 3.7446e-07 
1195.79 3.73959e-07 
1195.8 3.73464e-07 
1195.81 3.72974e-07 
1195.82 3.72491e-07 
1195.83 3.72015e-07 
1195.84 3.71546e-07 
1195.85 3.71085e-07 
1195.86 3.70633e-07 
1195.87 3.7019e-07 
1195.88 3.69757e-07 
1195.89 3.69335e-07 
1195.9 3.68926e-07 
1195.91 3.68529e-07 
1195.92 3.68146e-07 
1195.93 3.67777e-07 
1195.94 3.67425e-07 
1195.95 3.67089e-07 
1195.96 3.66771e-07 
1195.97 3.66473e-07 
1195.98 3.662e-07 
1195.99 3.65945e-07 
1196 3.65714e-07 
1196.01 3.65508e-07 
1196.02 3.65329e-07 
1196.03 3.65178e-07 
1196.04 3.65058e-07 
1196.05 3.64969e-07 
1196.06 3.64915e-07 
1196.07 3.64897e-07 
1196.08 3.64918e-07 
1196.09 3.64979e-07 
1196.1 3.65083e-07 
1196.11 3.65233e-07 
1196.12 3.65431e-07 
1196.13 3.65678e-07 
1196.14 3.6598e-07 
1196.15 3.66337e-07 
1196.16 3.66753e-07 
1196.17 3.67232e-07 
1196.17 3.67776e-07 
1196.18 3.68388e-07 
1196.19 3.69073e-07 
1196.2 3.69832e-07 
1196.21 3.70671e-07 
1196.22 3.71613e-07 
1196.23 3.72622e-07 
1196.24 3.73721e-07 
1196.25 3.74916e-07 
1196.26 3.76208e-07 
1196.27 3.77604e-07 
1196.28 3.79107e-07 
1196.29 3.80721e-07 
1196.3 3.82451e-07 
1196.31 3.84301e-07 
1196.32 3.86277e-07 
1196.33 3.88382e-07 
1196.34 3.90623e-07 
1196.35 3.93002e-07 
1196.36 3.95526e-07 
1196.37 3.982e-07 
1196.38 4.01027e-07 
1196.39 4.04014e-07 
1196.4 4.07165e-07 
1196.41 4.10485e-07 
1196.42 4.1398e-07 
1196.43 4.17653e-07 
1196.44 4.21511e-07 
1196.45 4.25558e-07 
1196.46 4.29799e-07 
1196.47 4.34239e-07 
1196.48 4.3895e-07 
1196.49 4.43805e-07 
1196.5 4.48872e-07 
1196.51 4.54156e-07 
1196.52 4.59662e-07 
1196.53 4.65394e-07 
1196.54 4.71354e-07 
1196.55 4.77549e-07 
1196.56 4.8398e-07 
1196.57 4.90652e-07 
1196.58 4.97566e-07 
1196.59 5.04728e-07 
1196.6 5.12137e-07 
1196.6 5.20121e-07 
1196.61 5.28039e-07 
1196.62 5.36212e-07 
1196.63 5.44641e-07 
1196.64 5.53327e-07 
1196.65 5.6227e-07 
1196.66 5.71471e-07 
1196.67 5.80929e-07 
1196.68 5.90644e-07 
1196.69 6.00614e-07 
1196.7 6.10837e-07 
1196.71 6.21313e-07 
1196.72 6.32037e-07 
1196.73 6.43155e-07 
1196.74 6.54371e-07 
1196.75 6.65825e-07 
1196.76 6.77513e-07 
1196.77 6.89429e-07 
1196.78 7.01567e-07 
1196.79 7.13921e-07 
1196.8 7.26485e-07 
1196.81 7.39251e-07 
1196.82 7.5221e-07 
1196.83 7.65354e-07 
1196.84 7.78675e-07 
1196.85 7.92162e-07 
1196.86 8.05805e-07 
1196.87 8.19593e-07 
1196.88 8.33515e-07 
1196.89 8.47559e-07 
1196.9 8.61712e-07 
1196.91 8.75961e-07 
1196.92 8.90294e-07 
1196.93 9.04695e-07 
1196.94 9.1915e-07 
1196.95 9.33646e-07 
1196.96 9.48165e-07 
1196.97 9.62695e-07 
1196.98 9.77405e-07 
1196.99 9.91902e-07 
1197 1.00636e-06 
1197.01 1.02076e-06 
1197.02 1.03508e-06 
1197.03 1.04931e-06 
1197.03 1.06343e-06 
1197.04 1.07742e-06 
1197.05 1.09126e-06 
1197.06 1.10494e-06 
1197.07 1.11844e-06 
1197.08 1.13173e-06 
1197.09 1.14481e-06 
1197.1 1.15765e-06 
1197.11 1.17023e-06 
1197.12 1.18254e-06 
1197.13 1.19456e-06 
1197.14 1.20627e-06 
1197.15 1.21766e-06 
1197.16 1.22871e-06 
1197.17 1.23939e-06 
1197.18 1.2497e-06 
1197.19 1.25963e-06 
1197.2 1.26914e-06 
1197.21 1.27824e-06 
1197.22 1.28691e-06 
1197.23 1.29524e-06 
1197.24 1.30299e-06 
1197.25 1.31027e-06 
1197.26 1.31707e-06 
1197.27 1.32338e-06 
1197.28 1.32918e-06 
1197.29 1.33448e-06 
1197.3 1.33925e-06 
1197.31 1.3435e-06 
1197.32 1.34721e-06 
1197.33 1.35039e-06 
1197.34 1.35302e-06 
1197.35 1.35511e-06 
1197.36 1.35664e-06 
1197.37 1.35763e-06 
1197.38 1.35807e-06 
1197.39 1.35796e-06 
1197.4 1.35729e-06 
1197.41 1.35609e-06 
1197.42 1.35434e-06 
1197.43 1.35205e-06 
1197.44 1.34923e-06 
1197.45 1.34589e-06 
1197.45 1.34203e-06 
1197.46 1.33765e-06 
1197.47 1.33279e-06 
1197.48 1.32736e-06 
1197.49 1.32152e-06 
1197.5 1.31522e-06 
1197.51 1.30846e-06 
1197.52 1.30126e-06 
1197.53 1.29364e-06 
1197.54 1.28562e-06 
1197.55 1.27721e-06 
1197.56 1.26842e-06 
1197.57 1.25929e-06 
1197.58 1.24981e-06 
1197.59 1.24002e-06 
1197.6 1.22994e-06 
1197.61 1.22034e-06 
1197.62 1.20972e-06 
1197.63 1.19888e-06 
1197.64 1.18782e-06 
1197.65 1.17657e-06 
1197.66 1.16516e-06 
1197.67 1.15362e-06 
1197.68 1.14195e-06 
1197.69 1.13019e-06 
1197.7 1.11837e-06 
1197.71 1.1065e-06 
1197.72 1.0946e-06 
1197.73 1.08257e-06 
1197.74 1.07071e-06 
1197.75 1.05891e-06 
1197.76 1.04717e-06 
1197.77 1.03554e-06 
1197.78 1.02403e-06 
1197.79 1.01267e-06 
1197.8 1.00148e-06 
1197.81 9.90489e-07 
1197.82 9.79709e-07 
1197.83 9.69168e-07 
1197.84 9.58885e-07 
1197.85 9.48884e-07 
1197.86 9.39185e-07 
1197.87 9.29807e-07 
1197.88 9.20769e-07 
1197.88 9.12092e-07 
1197.89 9.03792e-07 
1197.9 8.95889e-07 
1197.91 8.88397e-07 
1197.92 8.81332e-07 
1197.93 8.74711e-07 
1197.94 8.68547e-07 
1197.95 8.62854e-07 
1197.96 8.57644e-07 
1197.97 8.52929e-07 
1197.98 8.4868e-07 
1197.99 8.44992e-07 
1198 8.41829e-07 
1198.01 8.39198e-07 
1198.02 8.37106e-07 
1198.03 8.3556e-07 
1198.04 8.34563e-07 
1198.05 8.3412e-07 
1198.06 8.34233e-07 
1198.07 8.34904e-07 
1198.08 8.36135e-07 
1198.09 8.37925e-07 
1198.1 8.40272e-07 
1198.11 8.43174e-07 
1198.12 8.46628e-07 
1198.13 8.50629e-07 
1198.14 8.55173e-07 
1198.15 8.60252e-07 
1198.16 8.65859e-07 
1198.17 8.71986e-07 
1198.18 8.78624e-07 
1198.19 8.85762e-07 
1198.2 8.93391e-07 
1198.21 9.01496e-07 
1198.22 9.10065e-07 
1198.23 9.19211e-07 
1198.24 9.28673e-07 
1198.25 9.38555e-07 
1198.26 9.48843e-07 
1198.27 9.5952e-07 
1198.28 9.70566e-07 
1198.29 9.81966e-07 
1198.3 9.937e-07 
1198.3 1.00575e-06 
1198.31 1.01809e-06 
1198.32 1.03071e-06 
1198.33 1.04359e-06 
1198.34 1.0567e-06 
1198.35 1.07002e-06 
1198.36 1.08354e-06 
1198.37 1.09723e-06 
1198.38 1.11107e-06 
1198.39 1.12503e-06 
1198.4 1.1391e-06 
1198.41 1.15326e-06 
1198.42 1.16748e-06 
1198.43 1.18174e-06 
1198.44 1.19602e-06 
1198.45 1.21031e-06 
1198.46 1.22457e-06 
1198.47 1.2388e-06 
1198.48 1.25315e-06 
1198.49 1.26723e-06 
1198.5 1.28122e-06 
1198.51 1.29509e-06 
1198.52 1.30884e-06 
1198.53 1.32243e-06 
1198.54 1.33586e-06 
1198.55 1.34911e-06 
1198.56 1.36217e-06 
1198.57 1.37502e-06 
1198.58 1.38766e-06 
1198.59 1.40007e-06 
1198.6 1.41224e-06 
1198.61 1.42505e-06 
1198.62 1.43673e-06 
1198.63 1.44815e-06 
1198.64 1.4593e-06 
1198.65 1.47018e-06 
1198.66 1.48078e-06 
1198.67 1.49111e-06 
1198.68 1.50116e-06 
1198.69 1.51094e-06 
1198.7 1.52044e-06 
1198.71 1.52966e-06 
1198.72 1.53862e-06 
1198.73 1.54744e-06 
1198.73 1.55587e-06 
1198.74 1.56406e-06 
1198.75 1.572e-06 
1198.76 1.57972e-06 
1198.77 1.58721e-06 
1198.78 1.59449e-06 
1198.79 1.60157e-06 
1198.8 1.60847e-06 
1198.81 1.6152e-06 
1198.82 1.62178e-06 
1198.83 1.62821e-06 
1198.84 1.63451e-06 
1198.85 1.64071e-06 
1198.86 1.64682e-06 
1198.87 1.65285e-06 
1198.88 1.65883e-06 
1198.89 1.66477e-06 
1198.9 1.67069e-06 
1198.91 1.6766e-06 
1198.92 1.68253e-06 
1198.93 1.68849e-06 
1198.94 1.69451e-06 
1198.95 1.7006e-06 
1198.96 1.70677e-06 
1198.97 1.71304e-06 
1198.98 1.71953e-06 
1198.99 1.72606e-06 
1199 1.73274e-06 
1199.01 1.73958e-06 
1199.02 1.74661e-06 
1199.03 1.75382e-06 
1199.04 1.76124e-06 
1199.05 1.76887e-06 
1199.06 1.77671e-06 
1199.07 1.78479e-06 
1199.08 1.79311e-06 
1199.09 1.80167e-06 
1199.1 1.81047e-06 
1199.11 1.81952e-06 
1199.12 1.82883e-06 
1199.13 1.83838e-06 
1199.14 1.84818e-06 
1199.15 1.85823e-06 
1199.15 1.86852e-06 
1199.16 1.87904e-06 
1199.17 1.88979e-06 
1199.18 1.90076e-06 
1199.19 1.91193e-06 
1199.2 1.92329e-06 
1199.21 1.93484e-06 
1199.22 1.94671e-06 
1199.23 1.95857e-06 
1199.24 1.97056e-06 
1199.25 1.98266e-06 
1199.26 1.99484e-06 
1199.27 2.00709e-06 
1199.28 2.01939e-06 
1199.29 2.0317e-06 
1199.3 2.044e-06 
1199.31 2.05626e-06 
1199.32 2.06847e-06 
1199.33 2.08057e-06 
1199.34 2.09256e-06 
1199.35 2.10439e-06 
1199.36 2.11604e-06 
1199.37 2.12747e-06 
1199.38 2.13866e-06 
1199.39 2.14957e-06 
1199.4 2.16016e-06 
1199.41 2.17041e-06 
1199.42 2.18028e-06 
1199.43 2.18975e-06 
1199.44 2.19877e-06 
1199.45 2.20732e-06 
1199.46 2.21537e-06 
1199.47 2.22288e-06 
1199.48 2.22991e-06 
1199.49 2.23625e-06 
1199.5 2.24197e-06 
1199.51 2.24703e-06 
1199.52 2.25142e-06 
1199.53 2.2551e-06 
1199.54 2.25804e-06 
1199.55 2.26024e-06 
1199.56 2.26166e-06 
1199.57 2.26228e-06 
1199.58 2.26209e-06 
1199.58 2.26106e-06 
1199.59 2.25919e-06 
1199.6 2.25645e-06 
1199.61 2.25423e-06 
1199.62 2.24973e-06 
1199.63 2.24433e-06 
1199.64 2.23802e-06 
1199.65 2.23081e-06 
1199.66 2.22268e-06 
1199.67 2.21363e-06 
1199.68 2.20368e-06 
1199.69 2.1928e-06 
1199.7 2.18102e-06 
1199.71 2.16833e-06 
1199.72 2.15475e-06 
1199.73 2.1401e-06 
1199.74 2.12474e-06 
1199.75 2.10851e-06 
1199.76 2.09144e-06 
1199.77 2.07353e-06 
1199.78 2.05481e-06 
1199.79 2.03529e-06 
1199.8 2.015e-06 
1199.81 1.99395e-06 
1199.82 1.97216e-06 
1199.83 1.94968e-06 
1199.84 1.92651e-06 
1199.85 1.90269e-06 
1199.86 1.87824e-06 
1199.87 1.8532e-06 
1199.88 1.8276e-06 
1199.89 1.80146e-06 
1199.9 1.77481e-06 
1199.91 1.7477e-06 
1199.92 1.72015e-06 
1199.93 1.69219e-06 
1199.94 1.66386e-06 
1199.95 1.6352e-06 
1199.96 1.60623e-06 
1199.97 1.57699e-06 
1199.98 1.54716e-06 
1199.99 1.51749e-06 
1200 1.48766e-06 
1200.01 1.4577e-06 
1200.01 1.42764e-06 
1200.02 1.39752e-06 
1200.03 1.36737e-06 
1200.04 1.33722e-06 
1200.05 1.30711e-06 
1200.06 1.27707e-06 
1200.07 1.24713e-06 
1200.08 1.21732e-06 
1200.09 1.18768e-06 
1200.1 1.15822e-06 
1200.11 1.12898e-06 
1200.12 1.09999e-06 
1200.13 1.07127e-06 
1200.14 1.04285e-06 
1200.15 1.01475e-06 
1200.16 9.87008e-07 
1200.17 9.59635e-07 
1200.18 9.32656e-07 
1200.19 9.06094e-07 
1200.2 8.7997e-07 
1200.21 8.54303e-07 
1200.22 8.29112e-07 
1200.23 8.04115e-07 
1200.24 7.79935e-07 
1200.25 7.56284e-07 
1200.26 7.33175e-07 
1200.27 7.10625e-07 
1200.28 6.88646e-07 
1200.29 6.67252e-07 
1200.3 6.46455e-07 
1200.31 6.26268e-07 
1200.32 6.067e-07 
1200.33 5.87763e-07 
1200.34 5.69467e-07 
1200.35 5.51821e-07 
1200.36 5.34833e-07 
1200.37 5.18513e-07 
1200.38 5.02867e-07 
1200.39 4.87905e-07 
1200.4 4.73633e-07 
1200.41 4.60058e-07 
1200.42 4.47187e-07 
1200.43 4.35028e-07 
1200.43 4.23585e-07 
1200.44 4.12866e-07 
1200.45 4.02877e-07 
1200.46 3.93625e-07 
1200.47 3.85115e-07 
1200.48 3.77268e-07 
1200.49 3.70272e-07 
1200.5 3.64039e-07 
1200.51 3.58573e-07 
1200.52 3.53883e-07 
1200.53 3.49976e-07 
1200.54 3.46858e-07 
1200.55 3.44537e-07 
1200.56 3.4302e-07 
1200.57 3.42316e-07 
1200.58 3.42433e-07 
1200.59 3.43377e-07 
1200.6 3.45159e-07 
1200.61 3.48002e-07 
1200.62 3.51487e-07 
1200.63 3.55836e-07 
1200.64 3.61058e-07 
1200.65 3.67164e-07 
1200.66 3.74162e-07 
1200.67 3.82063e-07 
1200.68 3.90875e-07 
1200.69 4.00609e-07 
1200.7 4.11276e-07 
1200.71 4.22883e-07 
1200.72 4.3544e-07 
1200.73 4.49138e-07 
1200.74 4.63637e-07 
1200.75 4.79114e-07 
1200.76 4.95577e-07 
1200.77 5.13034e-07 
1200.78 5.31493e-07 
1200.79 5.50961e-07 
1200.8 5.71443e-07 
1200.81 5.92946e-07 
1200.82 6.15476e-07 
1200.83 6.39032e-07 
1200.84 6.63621e-07 
1200.85 6.89244e-07 
1200.85 7.159e-07 
1200.86 7.43591e-07 
1200.87 7.72313e-07 
1200.88 8.02064e-07 
1200.89 8.32838e-07 
1200.9 8.6463e-07 
1200.91 8.97431e-07 
1200.92 9.31232e-07 
1200.93 9.66021e-07 
1200.94 1.00179e-06 
1200.95 1.03851e-06 
1200.96 1.07618e-06 
1200.97 1.11477e-06 
1200.98 1.15477e-06 
1200.99 1.19515e-06 
1201 1.23638e-06 
1201.01 1.27845e-06 
1201.02 1.3213e-06 
1201.03 1.36492e-06 
1201.04 1.40927e-06 
1201.05 1.45431e-06 
1201.06 1.50001e-06 
1201.07 1.54631e-06 
1201.08 1.59318e-06 
1201.09 1.64057e-06 
1201.1 1.68844e-06 
1201.11 1.73673e-06 
1201.12 1.78539e-06 
1201.13 1.83437e-06 
1201.14 1.88361e-06 
1201.15 1.93305e-06 
1201.16 1.98263e-06 
1201.17 2.0323e-06 
1201.18 2.08198e-06 
1201.19 2.13161e-06 
1201.2 2.18113e-06 
1201.21 2.23047e-06 
1201.22 2.27955e-06 
1201.23 2.32893e-06 
1201.24 2.3773e-06 
1201.25 2.42521e-06 
1201.26 2.47258e-06 
1201.27 2.51935e-06 
1201.28 2.56543e-06 
1201.28 2.61077e-06 
1201.29 2.65528e-06 
1201.3 2.6989e-06 
1201.31 2.74155e-06 
1201.32 2.78316e-06 
1201.33 2.82367e-06 
1201.34 2.86301e-06 
1201.35 2.9011e-06 
1201.36 2.93788e-06 
1201.37 2.97329e-06 
1201.38 3.00727e-06 
1201.39 3.03975e-06 
1201.4 3.07068e-06 
1201.41 3.10001e-06 
1201.42 3.12767e-06 
1201.43 3.15362e-06 
1201.44 3.1778e-06 
1201.45 3.20018e-06 
1201.46 3.22072e-06 
1201.47 3.23937e-06 
1201.48 3.25631e-06 
1201.49 3.27107e-06 
1201.5 3.28384e-06 
1201.51 3.29461e-06 
1201.52 3.30336e-06 
1201.53 3.31006e-06 
1201.54 3.31471e-06 
1201.55 3.31729e-06 
1201.56 3.3178e-06 
1201.57 3.31625e-06 
1201.58 3.31262e-06 
1201.59 3.30693e-06 
1201.6 3.29918e-06 
1201.61 3.29143e-06 
1201.62 3.27963e-06 
1201.63 3.26581e-06 
1201.64 3.25002e-06 
1201.65 3.23229e-06 
1201.66 3.21264e-06 
1201.67 3.19111e-06 
1201.68 3.16775e-06 
1201.69 3.14259e-06 
1201.7 3.11567e-06 
1201.7 3.08705e-06 
1201.71 3.05679e-06 
1201.72 3.02452e-06 
1201.73 2.99109e-06 
1201.74 2.95618e-06 
1201.75 2.91984e-06 
1201.76 2.88215e-06 
1201.77 2.84316e-06 
1201.78 2.80294e-06 
1201.79 2.76156e-06 
1201.8 2.71909e-06 
1201.81 2.67559e-06 
1201.82 2.63114e-06 
1201.83 2.58581e-06 
1201.84 2.53966e-06 
1201.85 2.49277e-06 
1201.86 2.44522e-06 
1201.87 2.39707e-06 
1201.88 2.34839e-06 
1201.89 2.29927e-06 
1201.9 2.24975e-06 
1201.91 2.19993e-06 
1201.92 2.14986e-06 
1201.93 2.09961e-06 
1201.94 2.04925e-06 
1201.95 1.99884e-06 
1201.96 1.94845e-06 
1201.97 1.89815e-06 
1201.98 1.84735e-06 
1201.99 1.79738e-06 
1202 1.74767e-06 
1202.01 1.69826e-06 
1202.02 1.64922e-06 
1202.03 1.60059e-06 
1202.04 1.55241e-06 
1202.05 1.50475e-06 
1202.06 1.45763e-06 
1202.07 1.4111e-06 
1202.08 1.3652e-06 
1202.09 1.31997e-06 
1202.1 1.27543e-06 
1202.11 1.23162e-06 
1202.12 1.18858e-06 
1202.13 1.14631e-06 
1202.13 1.10486e-06 
1202.14 1.06423e-06 
1202.15 1.02446e-06 
1202.16 9.85558e-07 
1202.17 9.47536e-07 
1202.18 9.1041e-07 
1202.19 8.74189e-07 
1202.2 8.38882e-07 
1202.21 8.04497e-07 
1202.22 7.7063e-07 
1202.23 7.38104e-07 
1202.24 7.06513e-07 
1202.25 6.75849e-07 
1202.26 6.4611e-07 
1202.27 6.17293e-07 
1202.28 5.8939e-07 
1202.29 5.62397e-07 
1202.3 5.36302e-07 
1202.31 5.11097e-07 
1202.32 4.86772e-07 
1202.33 4.63313e-07 
1202.34 4.40708e-07 
1202.35 4.18943e-07 
1202.36 3.98003e-07 
1202.37 3.77872e-07 
1202.38 3.58534e-07 
1202.39 3.39973e-07 
1202.4 3.2217e-07 
1202.41 3.05107e-07 
1202.42 2.88768e-07 
1202.43 2.73131e-07 
1202.44 2.5818e-07 
1202.45 2.43894e-07 
1202.46 2.30253e-07 
1202.47 2.17239e-07 
1202.48 2.04681e-07 
1202.49 1.92869e-07 
1202.5 1.81624e-07 
1202.51 1.70927e-07 
1202.52 1.6076e-07 
1202.53 1.51102e-07 
1202.54 1.41936e-07 
1202.55 1.33242e-07 
1202.56 1.25002e-07 
1202.56 1.17198e-07 
1202.57 1.09812e-07 
1202.58 1.02827e-07 
1202.59 9.62262e-08 
1202.6 8.99924e-08 
1202.61 8.41617e-08 
1202.62 7.86107e-08 
1202.63 7.33798e-08 
1202.64 6.8454e-08 
1202.65 6.38187e-08 
1202.66 5.946e-08 
1202.67 5.53643e-08 
1202.68 5.15182e-08 
1202.69 4.79093e-08 
1202.7 4.45252e-08 
1202.71 4.13542e-08 
1202.72 3.83849e-08 
1202.73 3.55729e-08 
1202.74 3.29771e-08 
1202.75 3.05515e-08 
1202.76 2.82865e-08 
1202.77 2.6173e-08 
1202.78 2.42022e-08 
1202.79 2.23658e-08 
1202.8 2.06558e-08 
1202.81 1.90645e-08 
1202.82 1.75847e-08 
1202.83 1.62097e-08 
1202.84 1.49328e-08 
1202.85 1.37478e-08 
1202.86 1.2649e-08 
1202.87 1.16306e-08 
1202.88 1.06876e-08 
1202.89 9.8148e-09 
1202.9 9.00765e-09 
1202.91 8.26169e-09 
1202.92 7.57275e-09 
1202.93 6.93691e-09 
1202.94 6.35047e-09 
1202.95 5.80995e-09 
1202.96 5.31211e-09 
1202.97 4.85387e-09 
1202.98 4.43238e-09 
1202.98 4.04032e-09 
1202.99 3.68482e-09 
1203 3.35849e-09 
1203.01 3.05914e-09 
1203.02 2.78472e-09 
1203.03 2.53332e-09 
1203.04 2.30318e-09 
1203.05 2.09263e-09 
1203.06 1.90013e-09 
1203.07 1.72426e-09 
1203.08 1.56369e-09 
1203.09 1.41718e-09 
1203.1 1.28359e-09 
1203.11 1.16186e-09 
1203.12 1.05102e-09 
1203.13 9.50151e-10 
1203.14 8.58427e-10 
1203.15 7.7507e-10 
1203.16 6.99369e-10 
1203.17 6.30666e-10 
1203.18 5.68354e-10 
1203.19 5.11878e-10 
1203.2 4.60724e-10 
1203.21 4.14422e-10 
1203.22 3.7254e-10 
1203.23 3.34231e-10 
1203.24 3.00073e-10 
1203.25 2.69237e-10 
1203.26 2.41418e-10 
1203.27 2.16338e-10 
1203.28 1.93742e-10 
1203.29 1.73397e-10 
1203.3 1.5509e-10 
1203.31 1.3863e-10 
1203.32 1.23839e-10 
1203.33 1.10556e-10 
1203.34 9.86366e-11 
1203.35 8.79467e-11 
1203.36 7.83661e-11 
1203.37 6.97854e-11 
1203.38 6.21053e-11 
1203.39 5.52356e-11 
1203.4 4.9095e-11 
1203.41 4.36097e-11 
1203.41 3.87129e-11 
1203.42 3.43444e-11 
1203.43 3.04498e-11 
1203.44 2.69798e-11 
1203.45 2.38903e-11 
1203.46 2.11413e-11 
1203.47 1.86968e-11 
1203.48 1.64991e-11 
1203.49 1.4573e-11 
1203.5 1.28637e-11 
1203.51 1.13477e-11 
1203.52 1.00041e-11 
1203.53 8.81406e-12 
1203.54 7.7607e-12 
1203.55 6.82895e-12 
1203.56 6.00528e-12 
1203.57 5.27765e-12 
1203.58 4.63527e-12 
1203.59 4.06852e-12 
1203.6 3.56883e-12 
1203.61 3.13048e-12 
1203.62 2.74255e-12 
1203.63 2.40119e-12 
1203.64 2.101e-12 
1203.65 1.83718e-12 
1203.66 1.60548e-12 
1203.67 1.40212e-12 
1203.68 1.22375e-12 
1203.69 1.0674e-12 
1203.7 9.30445e-13 
1203.71 8.10552e-13 
1203.72 7.05664e-13 
1203.73 6.12894e-13 
1203.74 5.3291e-13 
1203.75 4.63073e-13 
1203.76 4.02136e-13 
1203.77 3.48999e-13 
1203.78 3.02693e-13 
1203.79 2.62366e-13 
1203.8 2.27269e-13 
1203.81 1.96743e-13 
1203.82 1.70211e-13 
1203.83 1.47164e-13 
1203.83 1.27158e-13 
1203.84 1.09803e-13 
1203.85 9.47567e-14 
1203.86 8.17211e-14 
1203.87 7.04345e-14 
1203.88 6.06687e-14 
1203.89 5.22241e-14 
1203.9 4.49267e-14 
1203.91 3.86247e-14 
1203.92 3.31859e-14 
1203.93 2.8495e-14 
1203.94 2.44518e-14 
1203.95 2.09692e-14 
1203.96 1.79713e-14 
1203.97 1.53923e-14 
1203.98 1.31495e-14 
1203.99 1.12483e-14 
1204 9.6159e-15 
1204.01 8.21525e-15 
1204.02 7.01421e-15 
1204.03 5.98501e-15 
1204.04 5.10361e-15 
1204.05 4.34928e-15 
1204.06 3.70412e-15 
1204.07 3.15268e-15 
1204.08 2.68165e-15 
1204.09 2.27956e-15 
1204.1 1.93655e-15 
1204.11 1.64412e-15 
1204.12 1.39497e-15 
1204.13 1.18283e-15 
1204.14 1.00233e-15 
1204.15 8.48836e-16 
1204.16 7.18398e-16 
1204.17 6.07621e-16 
1204.18 5.13605e-16 
1204.19 4.33862e-16 
1204.2 3.66271e-16 
1204.21 3.09015e-16 
1204.22 2.60546e-16 
1204.23 2.19072e-16 
1204.24 1.84477e-16 
1204.25 1.55248e-16 
1204.26 1.30568e-16 
1204.26 1.09743e-16 
1204.27 9.2181e-17 
1204.28 7.7381e-17 
1204.29 6.49165e-17 
1204.3 5.44255e-17 
1204.31 4.56013e-17 
1204.32 3.81839e-17 
1204.33 3.19529e-17 
1204.34 2.67219e-17 
1204.35 2.23332e-17 
1204.36 1.86536e-17 
1204.37 1.55705e-17 
1204.38 1.29888e-17 
1204.39 1.08284e-17 
1204.4 9.02161e-18 
1204.41 7.5116e-18 
1204.42 6.25041e-18 
1204.43 5.19771e-18 
1204.44 4.31959e-18 
1204.45 3.58757e-18 
1204.46 2.97773e-18 
1204.47 2.47001e-18 
1204.48 2.04276e-18 
1204.49 1.69232e-18 
1204.5 1.40111e-18 
1204.51 1.15929e-18 
1204.52 9.58601e-19 
1204.53 7.92156e-19 
1204.54 6.54202e-19 
1204.55 5.39933e-19 
1204.56 4.45343e-19 
1204.57 3.67094e-19 
1204.58 3.02404e-19 
1204.59 2.48957e-19 
1204.6 2.04828e-19 
1204.61 1.68415e-19 
1204.62 1.38474e-19 
1204.63 1.13715e-19 
1204.64 9.33233e-20 
1204.65 7.65405e-20 
1204.66 6.27365e-20 
1204.67 5.13897e-20 
1204.68 4.20687e-20 
1204.68 3.44168e-20 
1204.69 2.8139e-20 
1204.7 2.29918e-20 
1204.71 1.87744e-20 
1204.72 1.5282e-20 
1204.73 1.24631e-20 
1204.74 1.01577e-20 
1204.75 8.27362e-21 
1204.76 6.73475e-21 
1204.77 5.47867e-21 
1204.78 4.45406e-21 
1204.79 3.61879e-21 
1204.8 2.93832e-21 
1204.81 2.38431e-21 
1204.82 1.93354e-21 
1204.83 1.567e-21 
1204.84 1.26916e-21 
1204.85 1.02728e-21 
1204.86 8.30972e-22 
1204.87 6.71758e-22 
1204.88 5.42709e-22 
1204.89 4.38176e-22 
1204.9 3.53556e-22 
1204.91 2.85098e-22 
1204.92 2.29751e-22 
1204.93 1.85033e-22 
1204.94 1.48925e-22 
1204.95 1.19788e-22 
1204.96 9.62909e-23 
1204.97 7.73545e-23 
1204.98 6.19326e-23 
1204.99 4.96902e-23 
1205 3.98428e-23 
1205.01 3.19268e-23 
1205.02 2.55676e-23 
1205.03 2.04621e-23 
1205.04 1.63659e-23 
1205.05 1.30814e-23 
1205.06 1.04495e-23 
1205.07 8.34195e-24 
1205.08 6.65526e-24 
1205.09 5.30628e-24 
1205.1 4.22807e-24 
1205.11 3.36684e-24 
1205.11 2.67935e-24 
1205.12 2.1309e-24 
1205.13 1.69366e-24 
1205.14 1.34529e-24 
1205.15 1.0679e-24 
1205.16 8.47178e-25 
1205.17 6.71654e-25 
1205.18 5.32162e-25 
1205.19 4.21376e-25 
1205.2 3.33444e-25 
1205.21 2.63696e-25 
1205.22 2.0786e-25 
1205.23 1.64121e-25 
1205.24 1.29546e-25 
1205.25 1.0219e-25 
1205.26 8.05606e-26 
1205.27 6.34693e-26 
1205.28 4.99726e-26 
1205.29 3.93213e-26 
1205.3 3.09208e-26 
1205.31 2.42997e-26 
1205.32 1.90844e-26 
1205.33 1.49791e-26 
1205.34 1.17494e-26 
1205.35 9.21037e-27 
1205.36 7.21546e-27 
1205.37 5.64909e-27 
1205.38 4.41998e-27 
1205.39 3.45613e-27 
1205.4 2.70076e-27 
1205.41 2.10916e-27 
1205.42 1.64612e-27 
1205.43 1.28393e-27 
1205.44 1.0008e-27 
1205.45 7.79613e-28 
1205.46 6.06931e-28 
1205.47 4.72201e-28 
1205.48 3.66128e-28 
1205.49 2.8439e-28 
1205.5 2.20842e-28 
1205.51 1.71386e-28 
1205.52 1.32922e-28 
1205.53 1.03025e-28 
1205.54 7.98032e-29 
1205.54 6.17765e-29 
1205.55 4.77919e-29 
1205.56 3.69498e-29 
1205.57 2.85494e-29 
1205.58 2.2045e-29 
1205.59 1.70118e-29 
1205.6 1.31195e-29 
1205.61 1.01177e-29 
1205.62 7.79296e-30 
1205.63 5.99863e-30 
1205.64 4.61454e-30 
1205.65 3.54758e-30 
1205.66 2.72561e-30 
1205.67 2.09278e-30 
1205.68 1.60586e-30 
1205.69 1.23146e-30 
1205.7 9.43763e-31 
1205.71 7.22821e-31 
1205.72 5.53256e-31 
1205.73 4.21787e-31 
1205.74 3.22433e-31 
1205.75 2.46328e-31 
1205.76 1.88068e-31 
1205.77 1.43497e-31 
1205.78 1.09421e-31 
1205.79 8.33841e-32 
1205.8 6.35029e-32 
1205.81 4.83317e-32 
1205.82 3.67619e-32 
1205.83 2.79441e-32 
1205.84 2.12281e-32 
1205.85 1.6116e-32 
1205.86 1.22274e-32 
1205.87 9.27118e-33 
1205.88 7.02529e-33 
1205.89 5.32012e-33 
1205.9 4.02629e-33 
1205.91 3.04521e-33 
1205.92 2.30174e-33 
1205.93 1.73869e-33 
1205.94 1.31255e-33 
1205.95 9.90231e-34 
1205.96 7.46594e-34 
1205.96 5.62549e-34 
1205.97 4.23607e-34 
1205.98 3.1765e-34 
1205.99 2.38893e-34 
1206 1.79549e-34 
1206.01 1.34863e-34 
1206.02 1.01235e-34 
1206.03 7.59439e-35 
1206.04 5.69356e-35 
1206.05 4.26581e-35 
1206.06 3.19409e-35 
1206.07 2.39012e-35 
1206.08 1.7874e-35 
1206.09 1.33582e-35 
1206.1 9.97708e-36 
1206.11 7.44707e-36 
1206.12 5.55514e-36 
1206.13 4.14126e-36 
1206.14 3.08529e-36 
1206.15 2.29714e-36 
1206.16 1.70926e-36 
1206.17 1.27102e-36 
1206.18 9.44555e-37 
1206.19 7.01501e-37 
1206.2 5.20663e-37 
1206.21 3.862e-37 
1206.22 2.86283e-37 
1206.23 2.11288e-37 
1206.24 1.56426e-37 
1206.25 1.15737e-37 
1206.26 8.55778e-38 
1206.27 6.32379e-38 
1206.28 4.67004e-38 
1206.29 3.44661e-38 
1206.3 2.54209e-38 
1206.31 1.87377e-38 
1206.32 1.38029e-38 
1206.33 1.01613e-38 
1206.34 7.4758e-39 
1206.35 5.49658e-39 
1206.36 4.03883e-39 
1206.37 2.96582e-39 
1206.38 2.17651e-39 
1206.39 1.59627e-39 
1206.39 1.16998e-39 
1206.4 8.56994e-40 
1206.41 6.27342e-40 
1206.42 4.58942e-40 
1206.43 3.35537e-40 
1206.44 2.45159e-40 
1206.45 1.79013e-40 
1206.46 1.3063e-40 
1206.47 9.52645e-41 
1206.48 6.91569e-41 
1206.49 5.03711e-41 
1206.5 3.6665e-41 
1206.51 2.66709e-41 
1206.52 1.93898e-41 
1206.53 1.40873e-41 
1206.54 1.02295e-41 
1206.55 7.42128e-42 
1206.56 5.38239e-42 
1206.57 3.89981e-42 
1206.58 2.82502e-42 
1206.59 2.0459e-42 
1206.6 0 
