#energy geo_1 
1186.6 8.64564e-07 
1186.61 8.64023e-07 
1186.62 8.63483e-07 
1186.63 8.62942e-07 
1186.64 8.62401e-07 
1186.65 8.61861e-07 
1186.66 8.61321e-07 
1186.67 8.60782e-07 
1186.68 8.60242e-07 
1186.69 8.59704e-07 
1186.7 8.59164e-07 
1186.71 8.58626e-07 
1186.72 8.58087e-07 
1186.73 8.5755e-07 
1186.74 8.57011e-07 
1186.75 8.56474e-07 
1186.76 8.55937e-07 
1186.77 8.554e-07 
1186.78 8.54864e-07 
1186.79 8.54327e-07 
1186.8 8.5379e-07 
1186.81 8.53254e-07 
1186.81 8.52719e-07 
1186.82 8.52184e-07 
1186.83 8.51649e-07 
1186.84 8.51114e-07 
1186.85 8.5058e-07 
1186.86 8.50044e-07 
1186.87 8.49511e-07 
1186.88 8.48977e-07 
1186.89 8.48443e-07 
1186.9 8.4791e-07 
1186.91 8.47377e-07 
1186.92 8.46844e-07 
1186.93 8.46312e-07 
1186.94 8.45781e-07 
1186.95 8.45249e-07 
1186.96 8.44716e-07 
1186.97 8.44185e-07 
1186.98 8.43654e-07 
1186.99 8.43123e-07 
1187 8.42592e-07 
1187.01 8.42062e-07 
1187.02 8.41531e-07 
1187.03 8.41002e-07 
1187.04 8.40473e-07 
1187.05 8.39943e-07 
1187.06 8.39415e-07 
1187.07 8.38885e-07 
1187.08 8.38357e-07 
1187.09 8.37829e-07 
1187.1 8.373e-07 
1187.11 8.36773e-07 
1187.12 8.36246e-07 
1187.13 8.35718e-07 
1187.14 8.35192e-07 
1187.15 8.34665e-07 
1187.16 8.34139e-07 
1187.17 8.33613e-07 
1187.18 8.33087e-07 
1187.19 8.32561e-07 
1187.2 8.32035e-07 
1187.21 8.31511e-07 
1187.22 8.30986e-07 
1187.23 8.30462e-07 
1187.24 8.29938e-07 
1187.24 8.29414e-07 
1187.25 8.2889e-07 
1187.26 8.28367e-07 
1187.27 8.27844e-07 
1187.28 8.2732e-07 
1187.29 8.26798e-07 
1187.3 8.26276e-07 
1187.31 8.25753e-07 
1187.32 8.25231e-07 
1187.33 8.2471e-07 
1187.34 8.24189e-07 
1187.35 8.23667e-07 
1187.36 8.23147e-07 
1187.37 8.22626e-07 
1187.38 8.22106e-07 
1187.39 8.21587e-07 
1187.4 8.21067e-07 
1187.41 8.20547e-07 
1187.42 8.20028e-07 
1187.43 8.19509e-07 
1187.44 8.1899e-07 
1187.45 8.18472e-07 
1187.46 8.17953e-07 
1187.47 8.17436e-07 
1187.48 8.16918e-07 
1187.49 8.16401e-07 
1187.5 8.15884e-07 
1187.51 8.15367e-07 
1187.52 8.14851e-07 
1187.53 8.14335e-07 
1187.54 8.13819e-07 
1187.55 8.13303e-07 
1187.56 8.12788e-07 
1187.57 8.12273e-07 
1187.58 8.11758e-07 
1187.59 8.11243e-07 
1187.6 8.10728e-07 
1187.61 8.10716e-07 
1187.62 8.10202e-07 
1187.63 8.09689e-07 
1187.64 8.09174e-07 
1187.65 8.08661e-07 
1187.66 8.08148e-07 
1187.66 8.07635e-07 
1187.67 8.07122e-07 
1187.68 8.06611e-07 
1187.69 8.06098e-07 
1187.7 8.05586e-07 
1187.71 8.05075e-07 
1187.72 8.04563e-07 
1187.73 8.04053e-07 
1187.74 8.03542e-07 
1187.75 8.03031e-07 
1187.76 8.02521e-07 
1187.77 8.0201e-07 
1187.78 8.01501e-07 
1187.79 8.00991e-07 
1187.8 8.00482e-07 
1187.81 7.99974e-07 
1187.82 7.99465e-07 
1187.83 7.98956e-07 
1187.84 7.98449e-07 
1187.85 7.9794e-07 
1187.86 7.97432e-07 
1187.87 7.96925e-07 
1187.88 7.96419e-07 
1187.89 7.95912e-07 
1187.9 7.95405e-07 
1187.91 7.94899e-07 
1187.92 7.94393e-07 
1187.93 7.93887e-07 
1187.94 7.93381e-07 
1187.95 7.92876e-07 
1187.96 7.92371e-07 
1187.97 7.91867e-07 
1187.98 7.91362e-07 
1187.99 7.90858e-07 
1188 7.90354e-07 
1188.01 7.8985e-07 
1188.02 7.89347e-07 
1188.03 7.88843e-07 
1188.04 7.8834e-07 
1188.05 7.87838e-07 
1188.06 7.87336e-07 
1188.07 7.86833e-07 
1188.08 7.86332e-07 
1188.09 7.8583e-07 
1188.09 7.85328e-07 
1188.1 7.84828e-07 
1188.11 7.84327e-07 
1188.12 7.83826e-07 
1188.13 7.83326e-07 
1188.14 7.82825e-07 
1188.15 7.82325e-07 
1188.16 7.81826e-07 
1188.17 7.81327e-07 
1188.18 7.80827e-07 
1188.19 7.80328e-07 
1188.2 7.7983e-07 
1188.21 7.79332e-07 
1188.22 7.78834e-07 
1188.23 7.78336e-07 
1188.24 7.77839e-07 
1188.25 7.77341e-07 
1188.26 7.76844e-07 
1188.27 7.76347e-07 
1188.28 7.7585e-07 
1188.29 7.75355e-07 
1188.3 7.74859e-07 
1188.31 7.74363e-07 
1188.32 7.73868e-07 
1188.33 7.73372e-07 
1188.34 7.72878e-07 
1188.35 7.72382e-07 
1188.36 7.71888e-07 
1188.37 7.71394e-07 
1188.38 7.70899e-07 
1188.39 7.70406e-07 
1188.4 7.69912e-07 
1188.41 7.69419e-07 
1188.42 7.68926e-07 
1188.43 7.68433e-07 
1188.44 7.67941e-07 
1188.45 7.67448e-07 
1188.46 7.66957e-07 
1188.47 7.66465e-07 
1188.48 7.65973e-07 
1188.49 7.65482e-07 
1188.5 7.64991e-07 
1188.51 7.645e-07 
1188.52 7.64009e-07 
1188.52 7.63519e-07 
1188.53 7.63029e-07 
1188.54 7.62539e-07 
1188.55 7.6205e-07 
1188.56 7.6156e-07 
1188.57 7.61071e-07 
1188.58 7.60582e-07 
1188.59 7.60093e-07 
1188.6 7.60076e-07 
1188.61 7.59587e-07 
1188.62 7.591e-07 
1188.63 7.58611e-07 
1188.64 7.58123e-07 
1188.65 7.57636e-07 
1188.66 7.57149e-07 
1188.67 7.56663e-07 
1188.68 7.56175e-07 
1188.69 7.55689e-07 
1188.7 7.55202e-07 
1188.71 7.54716e-07 
1188.72 7.54231e-07 
1188.73 7.53746e-07 
1188.74 7.5326e-07 
1188.75 7.52774e-07 
1188.76 7.5229e-07 
1188.77 7.51805e-07 
1188.78 7.51321e-07 
1188.79 7.50837e-07 
1188.8 7.50352e-07 
1188.81 7.49869e-07 
1188.82 7.49385e-07 
1188.83 7.48903e-07 
1188.84 7.48419e-07 
1188.85 7.47936e-07 
1188.86 7.47454e-07 
1188.87 7.46972e-07 
1188.88 7.4649e-07 
1188.89 7.46008e-07 
1188.9 7.45526e-07 
1188.91 7.45045e-07 
1188.92 7.44564e-07 
1188.93 7.44083e-07 
1188.94 7.43602e-07 
1188.94 7.43121e-07 
1188.95 7.4264e-07 
1188.96 7.42161e-07 
1188.97 7.41682e-07 
1188.98 7.41202e-07 
1188.99 7.40722e-07 
1189 7.40243e-07 
1189.01 7.39764e-07 
1189.02 7.39285e-07 
1189.03 7.38807e-07 
1189.04 7.38328e-07 
1189.05 7.3785e-07 
1189.06 7.37373e-07 
1189.07 7.36895e-07 
1189.08 7.36417e-07 
1189.09 7.3594e-07 
1189.1 7.35464e-07 
1189.11 7.34986e-07 
1189.12 7.3451e-07 
1189.13 7.34033e-07 
1189.14 7.33557e-07 
1189.15 7.33081e-07 
1189.16 7.32606e-07 
1189.17 7.3213e-07 
1189.18 7.31655e-07 
1189.19 7.31179e-07 
1189.2 7.30705e-07 
1189.21 7.3023e-07 
1189.22 7.29755e-07 
1189.23 7.29282e-07 
1189.24 7.28807e-07 
1189.25 7.28334e-07 
1189.26 7.2786e-07 
1189.27 7.27386e-07 
1189.28 7.26913e-07 
1189.29 7.2644e-07 
1189.3 7.25967e-07 
1189.31 7.25494e-07 
1189.32 7.25022e-07 
1189.33 7.24549e-07 
1189.34 7.24078e-07 
1189.35 7.23605e-07 
1189.36 7.23134e-07 
1189.36 7.22662e-07 
1189.37 7.22191e-07 
1189.38 7.2172e-07 
1189.39 7.21248e-07 
1189.4 7.20778e-07 
1189.41 7.20308e-07 
1189.42 7.19838e-07 
1189.43 7.19367e-07 
1189.44 7.18897e-07 
1189.45 7.18427e-07 
1189.46 7.17958e-07 
1189.47 7.17488e-07 
1189.48 7.17019e-07 
1189.49 7.1655e-07 
1189.5 7.16081e-07 
1189.51 7.15612e-07 
1189.52 7.15144e-07 
1189.53 7.14675e-07 
1189.54 7.14207e-07 
1189.55 7.13739e-07 
1189.56 7.1327e-07 
1189.57 7.12804e-07 
1189.58 7.12336e-07 
1189.59 7.11868e-07 
1189.6 7.11401e-07 
1189.61 7.11375e-07 
1189.62 7.10907e-07 
1189.63 7.1044e-07 
1189.64 7.09974e-07 
1189.65 7.09507e-07 
1189.66 7.09041e-07 
1189.67 7.08574e-07 
1189.68 7.08108e-07 
1189.69 7.07642e-07 
1189.7 7.07176e-07 
1189.71 7.06711e-07 
1189.72 7.06245e-07 
1189.73 7.0578e-07 
1189.74 7.05315e-07 
1189.75 7.0485e-07 
1189.76 7.04384e-07 
1189.77 7.0392e-07 
1189.78 7.03455e-07 
1189.79 7.02991e-07 
1189.79 7.02527e-07 
1189.8 7.02062e-07 
1189.81 7.01598e-07 
1189.82 7.01134e-07 
1189.83 7.00671e-07 
1189.84 7.00208e-07 
1189.85 6.99744e-07 
1189.86 6.9928e-07 
1189.87 6.98817e-07 
1189.88 6.98355e-07 
1189.89 6.97892e-07 
1189.9 6.97429e-07 
1189.91 6.96967e-07 
1189.92 6.96504e-07 
1189.93 6.96042e-07 
1189.94 6.95579e-07 
1189.95 6.95117e-07 
1189.96 6.94655e-07 
1189.97 6.94193e-07 
1189.98 6.93732e-07 
1189.99 6.9327e-07 
1190 6.92809e-07 
1190.01 6.92346e-07 
1190.02 6.91886e-07 
1190.03 6.91424e-07 
1190.04 6.90963e-07 
1190.05 6.90502e-07 
1190.06 6.90042e-07 
1190.07 6.89581e-07 
1190.08 6.8912e-07 
1190.09 6.8866e-07 
1190.1 6.88199e-07 
1190.11 6.87739e-07 
1190.12 6.87279e-07 
1190.13 6.86819e-07 
1190.14 6.86359e-07 
1190.15 6.85899e-07 
1190.16 6.8544e-07 
1190.17 6.8498e-07 
1190.18 6.8452e-07 
1190.19 6.84061e-07 
1190.2 6.83601e-07 
1190.21 6.83142e-07 
1190.21 6.82682e-07 
1190.22 6.82224e-07 
1190.23 6.81764e-07 
1190.24 6.81306e-07 
1190.25 6.80846e-07 
1190.26 6.80388e-07 
1190.27 6.79929e-07 
1190.28 6.7947e-07 
1190.29 6.79011e-07 
1190.3 6.78553e-07 
1190.31 6.78094e-07 
1190.32 6.77636e-07 
1190.33 6.77178e-07 
1190.34 6.76719e-07 
1190.35 6.76261e-07 
1190.36 6.75803e-07 
1190.37 6.75345e-07 
1190.38 6.74886e-07 
1190.39 6.74429e-07 
1190.4 6.7397e-07 
1190.41 6.73513e-07 
1190.42 6.73055e-07 
1190.43 6.72597e-07 
1190.44 6.7214e-07 
1190.45 6.71682e-07 
1190.46 6.71224e-07 
1190.47 6.70767e-07 
1190.48 6.70309e-07 
1190.49 6.69852e-07 
1190.5 6.69394e-07 
1190.51 6.68937e-07 
1190.52 6.68479e-07 
1190.53 6.68022e-07 
1190.54 6.67565e-07 
1190.55 6.67107e-07 
1190.56 6.6665e-07 
1190.57 6.66193e-07 
1190.58 6.65735e-07 
1190.59 6.65278e-07 
1190.6 6.6482e-07 
1190.61 6.64774e-07 
1190.62 6.64316e-07 
1190.63 6.63859e-07 
1190.64 6.63401e-07 
1190.64 6.62945e-07 
1190.65 6.62487e-07 
1190.66 6.6203e-07 
1190.67 6.61572e-07 
1190.68 6.61114e-07 
1190.69 6.60656e-07 
1190.7 6.60199e-07 
1190.71 6.59741e-07 
1190.72 6.59284e-07 
1190.73 6.58826e-07 
1190.74 6.58368e-07 
1190.75 6.57911e-07 
1190.76 6.57454e-07 
1190.77 6.56996e-07 
1190.78 6.56538e-07 
1190.79 6.56081e-07 
1190.8 6.55623e-07 
1190.81 6.55165e-07 
1190.82 6.54707e-07 
1190.83 6.54249e-07 
1190.84 6.53791e-07 
1190.85 6.53334e-07 
1190.86 6.52875e-07 
1190.87 6.52417e-07 
1190.88 6.5196e-07 
1190.89 6.51501e-07 
1190.9 6.51043e-07 
1190.91 6.50585e-07 
1190.92 6.50126e-07 
1190.93 6.49668e-07 
1190.94 6.49209e-07 
1190.95 6.48751e-07 
1190.96 6.48293e-07 
1190.97 6.47834e-07 
1190.98 6.47376e-07 
1190.99 6.46917e-07 
1191 6.46458e-07 
1191.01 6.45999e-07 
1191.02 6.4554e-07 
1191.03 6.45081e-07 
1191.04 6.44622e-07 
1191.05 6.44162e-07 
1191.06 6.43702e-07 
1191.07 6.43243e-07 
1191.07 6.42783e-07 
1191.08 6.42324e-07 
1191.09 6.41864e-07 
1191.1 6.41404e-07 
1191.11 6.40944e-07 
1191.12 6.40484e-07 
1191.13 6.40024e-07 
1191.14 6.39563e-07 
1191.15 6.39103e-07 
1191.16 6.38643e-07 
1191.17 6.38182e-07 
1191.18 6.3772e-07 
1191.19 6.37259e-07 
1191.2 6.36799e-07 
1191.21 6.36337e-07 
1191.22 6.35876e-07 
1191.23 6.35414e-07 
1191.24 6.34952e-07 
1191.25 6.34491e-07 
1191.26 6.34029e-07 
1191.27 6.33567e-07 
1191.28 6.33105e-07 
1191.29 6.32641e-07 
1191.3 6.32179e-07 
1191.31 6.31716e-07 
1191.32 6.31254e-07 
1191.33 6.3079e-07 
1191.34 6.30327e-07 
1191.35 6.29864e-07 
1191.36 6.294e-07 
1191.37 6.28936e-07 
1191.38 6.28472e-07 
1191.39 6.28007e-07 
1191.4 6.27543e-07 
1191.41 6.27078e-07 
1191.42 6.26614e-07 
1191.43 6.26149e-07 
1191.44 6.25683e-07 
1191.45 6.25218e-07 
1191.46 6.24752e-07 
1191.47 6.24286e-07 
1191.48 6.23819e-07 
1191.49 6.23354e-07 
1191.49 6.22887e-07 
1191.5 6.2242e-07 
1191.51 6.21953e-07 
1191.52 6.21486e-07 
1191.53 6.21019e-07 
1191.54 6.20551e-07 
1191.55 6.20083e-07 
1191.56 6.19614e-07 
1191.57 6.19146e-07 
1191.58 6.18677e-07 
1191.59 6.18209e-07 
1191.6 6.18121e-07 
1191.61 6.17651e-07 
1191.62 6.17181e-07 
1191.63 6.1671e-07 
1191.64 6.1624e-07 
1191.65 6.15769e-07 
1191.66 6.15298e-07 
1191.67 6.14827e-07 
1191.68 6.14355e-07 
1191.69 6.13883e-07 
1191.7 6.13411e-07 
1191.71 6.12938e-07 
1191.72 6.12465e-07 
1191.73 6.11992e-07 
1191.74 6.11519e-07 
1191.75 6.11044e-07 
1191.76 6.1057e-07 
1191.77 6.10096e-07 
1191.78 6.09621e-07 
1191.79 6.09146e-07 
1191.8 6.08671e-07 
1191.81 6.08194e-07 
1191.82 6.07719e-07 
1191.83 6.07242e-07 
1191.84 6.06765e-07 
1191.85 6.06288e-07 
1191.86 6.05811e-07 
1191.87 6.05333e-07 
1191.88 6.04855e-07 
1191.89 6.04377e-07 
1191.9 6.03897e-07 
1191.91 6.03417e-07 
1191.92 6.02938e-07 
1191.92 6.02458e-07 
1191.93 6.01978e-07 
1191.94 6.01497e-07 
1191.95 6.01016e-07 
1191.96 6.00534e-07 
1191.97 6.00052e-07 
1191.98 5.9957e-07 
1191.99 5.99087e-07 
1192 5.98603e-07 
1192.01 5.9812e-07 
1192.02 5.97636e-07 
1192.03 5.97151e-07 
1192.04 5.96667e-07 
1192.05 5.96182e-07 
1192.06 5.95696e-07 
1192.07 5.95209e-07 
1192.08 5.94723e-07 
1192.09 5.94236e-07 
1192.1 5.93748e-07 
1192.11 5.93261e-07 
1192.12 5.92772e-07 
1192.13 5.92283e-07 
1192.14 5.91794e-07 
1192.15 5.91305e-07 
1192.16 5.90814e-07 
1192.17 5.90323e-07 
1192.18 5.89832e-07 
1192.19 5.89341e-07 
1192.2 5.88849e-07 
1192.21 5.88356e-07 
1192.22 5.87863e-07 
1192.23 5.87369e-07 
1192.24 5.86876e-07 
1192.25 5.86381e-07 
1192.26 5.85886e-07 
1192.27 5.8539e-07 
1192.28 5.84894e-07 
1192.29 5.84398e-07 
1192.3 5.83901e-07 
1192.31 5.83403e-07 
1192.32 5.82905e-07 
1192.33 5.82406e-07 
1192.34 5.81907e-07 
1192.34 5.81407e-07 
1192.35 5.80906e-07 
1192.36 5.80406e-07 
1192.37 5.79904e-07 
1192.38 5.79402e-07 
1192.39 5.789e-07 
1192.4 5.78397e-07 
1192.41 5.77893e-07 
1192.42 5.77389e-07 
1192.43 5.76883e-07 
1192.44 5.76378e-07 
1192.45 5.75872e-07 
1192.46 5.75366e-07 
1192.47 5.74858e-07 
1192.48 5.7435e-07 
1192.49 5.73842e-07 
1192.5 5.73333e-07 
1192.51 5.72823e-07 
1192.52 5.72313e-07 
1192.53 5.71802e-07 
1192.54 5.7129e-07 
1192.55 5.70779e-07 
1192.56 5.70266e-07 
1192.57 5.69752e-07 
1192.58 5.69238e-07 
1192.59 5.68723e-07 
1192.6 5.68208e-07 
1192.61 5.68042e-07 
1192.62 5.67525e-07 
1192.63 5.67008e-07 
1192.64 5.6649e-07 
1192.65 5.6597e-07 
1192.66 5.65451e-07 
1192.67 5.6493e-07 
1192.68 5.64409e-07 
1192.69 5.63887e-07 
1192.7 5.63365e-07 
1192.71 5.62842e-07 
1192.72 5.62318e-07 
1192.73 5.61794e-07 
1192.74 5.61268e-07 
1192.75 5.60742e-07 
1192.76 5.60216e-07 
1192.77 5.59688e-07 
1192.77 5.5916e-07 
1192.78 5.58631e-07 
1192.79 5.58102e-07 
1192.8 5.57571e-07 
1192.81 5.5704e-07 
1192.82 5.56509e-07 
1192.83 5.55976e-07 
1192.84 5.55442e-07 
1192.85 5.54909e-07 
1192.86 5.54373e-07 
1192.87 5.53838e-07 
1192.88 5.53302e-07 
1192.89 5.52764e-07 
1192.9 5.52226e-07 
1192.91 5.51687e-07 
1192.92 5.51148e-07 
1192.93 5.50608e-07 
1192.94 5.50067e-07 
1192.95 5.49525e-07 
1192.96 5.48981e-07 
1192.97 5.48438e-07 
1192.98 5.47894e-07 
1192.99 5.47348e-07 
1193 5.46802e-07 
1193.01 5.46256e-07 
1193.02 5.45708e-07 
1193.03 5.45159e-07 
1193.04 5.4461e-07 
1193.05 5.44059e-07 
1193.06 5.43508e-07 
1193.07 5.42956e-07 
1193.08 5.42404e-07 
1193.09 5.4185e-07 
1193.1 5.41295e-07 
1193.11 5.4074e-07 
1193.12 5.40184e-07 
1193.13 5.39626e-07 
1193.14 5.39068e-07 
1193.15 5.38509e-07 
1193.16 5.37949e-07 
1193.17 5.37389e-07 
1193.18 5.36827e-07 
1193.19 5.36265e-07 
1193.19 5.35701e-07 
1193.2 5.35137e-07 
1193.21 5.34571e-07 
1193.22 5.34005e-07 
1193.23 5.33438e-07 
1193.24 5.3287e-07 
1193.25 5.32301e-07 
1193.26 5.31731e-07 
1193.27 5.3116e-07 
1193.28 5.30588e-07 
1193.29 5.30016e-07 
1193.3 5.29442e-07 
1193.31 5.28868e-07 
1193.32 5.28292e-07 
1193.33 5.27715e-07 
1193.34 5.27139e-07 
1193.35 5.2656e-07 
1193.36 5.2598e-07 
1193.37 5.254e-07 
1193.38 5.24819e-07 
1193.39 5.24237e-07 
1193.4 5.23654e-07 
1193.41 5.2307e-07 
1193.42 5.22485e-07 
1193.43 5.21899e-07 
1193.44 5.21312e-07 
1193.45 5.20724e-07 
1193.46 5.20135e-07 
1193.47 5.19546e-07 
1193.48 5.18955e-07 
1193.49 5.18364e-07 
1193.5 5.17771e-07 
1193.51 5.17178e-07 
1193.52 5.16583e-07 
1193.53 5.15988e-07 
1193.54 5.15392e-07 
1193.55 5.14795e-07 
1193.56 5.14197e-07 
1193.57 5.13598e-07 
1193.58 5.12999e-07 
1193.59 5.12398e-07 
1193.6 5.11796e-07 
1193.61 5.1151e-07 
1193.62 5.10906e-07 
1193.62 5.10302e-07 
1193.63 5.09697e-07 
1193.64 5.09091e-07 
1193.65 5.08485e-07 
1193.66 5.07878e-07 
1193.67 5.0727e-07 
1193.68 5.06661e-07 
1193.69 5.06052e-07 
1193.7 5.05443e-07 
1193.71 5.04832e-07 
1193.72 5.04221e-07 
1193.73 5.0361e-07 
1193.74 5.02998e-07 
1193.75 5.02386e-07 
1193.76 5.01773e-07 
1193.77 5.01161e-07 
1193.78 5.00548e-07 
1193.79 4.99934e-07 
1193.8 4.99321e-07 
1193.81 4.98708e-07 
1193.82 4.98094e-07 
1193.83 4.9748e-07 
1193.84 4.96867e-07 
1193.85 4.96254e-07 
1193.86 4.95641e-07 
1193.87 4.95029e-07 
1193.88 4.94417e-07 
1193.89 4.93805e-07 
1193.9 4.93195e-07 
1193.91 4.92585e-07 
1193.92 4.91976e-07 
1193.93 4.91369e-07 
1193.94 4.90761e-07 
1193.95 4.90157e-07 
1193.96 4.89553e-07 
1193.97 4.88951e-07 
1193.98 4.88351e-07 
1193.99 4.87753e-07 
1194 4.87157e-07 
1194.01 4.86564e-07 
1194.02 4.85973e-07 
1194.03 4.85385e-07 
1194.04 4.848e-07 
1194.05 4.84219e-07 
1194.05 4.83641e-07 
1194.06 4.83066e-07 
1194.07 4.82497e-07 
1194.08 4.81931e-07 
1194.09 4.8137e-07 
1194.1 4.80815e-07 
1194.11 4.80264e-07 
1194.12 4.7972e-07 
1194.13 4.79181e-07 
1194.14 4.7865e-07 
1194.15 4.78125e-07 
1194.16 4.77608e-07 
1194.17 4.77098e-07 
1194.18 4.76598e-07 
1194.19 4.76105e-07 
1194.2 4.75622e-07 
1194.21 4.75149e-07 
1194.22 4.74687e-07 
1194.23 4.74239e-07 
1194.24 4.738e-07 
1194.25 4.73373e-07 
1194.26 4.72959e-07 
1194.27 4.72558e-07 
1194.28 4.72173e-07 
1194.29 4.71802e-07 
1194.3 4.71447e-07 
1194.31 4.7111e-07 
1194.32 4.7079e-07 
1194.33 4.70488e-07 
1194.34 4.70207e-07 
1194.35 4.69945e-07 
1194.36 4.69705e-07 
1194.37 4.69488e-07 
1194.38 4.69294e-07 
1194.39 4.69125e-07 
1194.4 4.68981e-07 
1194.41 4.68865e-07 
1194.42 4.68777e-07 
1194.43 4.68718e-07 
1194.44 4.6869e-07 
1194.45 4.68694e-07 
1194.46 4.68732e-07 
1194.47 4.68805e-07 
1194.47 4.68925e-07 
1194.48 4.69073e-07 
1194.49 4.6926e-07 
1194.5 4.69489e-07 
1194.51 4.69761e-07 
1194.52 4.70078e-07 
1194.53 4.70441e-07 
1194.54 4.70852e-07 
1194.55 4.71313e-07 
1194.56 4.71827e-07 
1194.57 4.72395e-07 
1194.58 4.73019e-07 
1194.59 4.73701e-07 
1194.6 4.74444e-07 
1194.61 4.75542e-07 
1194.62 4.76413e-07 
1194.63 4.77351e-07 
1194.64 4.78358e-07 
1194.65 4.79438e-07 
1194.66 4.80591e-07 
1194.67 4.81822e-07 
1194.68 4.83132e-07 
1194.69 4.84524e-07 
1194.7 4.86001e-07 
1194.71 4.87566e-07 
1194.72 4.8922e-07 
1194.73 4.91e-07 
1194.74 4.92844e-07 
1194.75 4.94787e-07 
1194.76 4.96833e-07 
1194.77 4.98982e-07 
1194.78 5.0124e-07 
1194.79 5.03608e-07 
1194.8 5.0609e-07 
1194.81 5.08688e-07 
1194.82 5.11407e-07 
1194.83 5.14249e-07 
1194.84 5.17218e-07 
1194.85 5.20316e-07 
1194.86 5.23547e-07 
1194.87 5.26914e-07 
1194.88 5.30421e-07 
1194.89 5.34071e-07 
1194.9 5.37866e-07 
1194.9 5.41811e-07 
1194.91 5.45909e-07 
1194.92 5.50162e-07 
1194.93 5.54575e-07 
1194.94 5.5915e-07 
1194.95 5.63891e-07 
1194.96 5.68802e-07 
1194.97 5.73884e-07 
1194.98 5.79219e-07 
1194.99 5.84658e-07 
1195 5.90279e-07 
1195.01 5.96084e-07 
1195.02 6.02078e-07 
1195.03 6.08263e-07 
1195.04 6.14641e-07 
1195.05 6.21217e-07 
1195.06 6.27991e-07 
1195.07 6.34969e-07 
1195.08 6.4215e-07 
1195.09 6.4954e-07 
1195.1 6.57138e-07 
1195.11 6.64949e-07 
1195.12 6.72975e-07 
1195.13 6.81217e-07 
1195.14 6.89678e-07 
1195.15 6.98359e-07 
1195.16 7.07262e-07 
1195.17 7.16389e-07 
1195.18 7.25741e-07 
1195.19 7.3532e-07 
1195.2 7.45127e-07 
1195.21 7.55162e-07 
1195.22 7.65427e-07 
1195.23 7.76064e-07 
1195.24 7.86793e-07 
1195.25 7.97752e-07 
1195.26 8.08943e-07 
1195.27 8.20364e-07 
1195.28 8.32016e-07 
1195.29 8.43897e-07 
1195.3 8.56009e-07 
1195.31 8.68348e-07 
1195.32 8.80915e-07 
1195.32 8.93707e-07 
1195.33 9.06724e-07 
1195.34 9.19962e-07 
1195.35 9.3342e-07 
1195.36 9.47096e-07 
1195.37 9.60987e-07 
1195.38 9.7509e-07 
1195.39 9.89402e-07 
1195.4 1.00392e-06 
1195.41 1.01864e-06 
1195.42 1.03355e-06 
1195.43 1.04866e-06 
1195.44 1.06396e-06 
1195.45 1.07945e-06 
1195.46 1.09511e-06 
1195.47 1.11095e-06 
1195.48 1.12716e-06 
1195.49 1.14333e-06 
1195.5 1.15966e-06 
1195.51 1.17613e-06 
1195.52 1.19275e-06 
1195.53 1.20951e-06 
1195.54 1.22639e-06 
1195.55 1.2434e-06 
1195.56 1.26052e-06 
1195.57 1.27774e-06 
1195.58 1.29507e-06 
1195.59 1.31248e-06 
1195.6 1.32997e-06 
1195.61 1.34837e-06 
1195.62 1.36601e-06 
1195.63 1.3837e-06 
1195.64 1.40143e-06 
1195.65 1.4192e-06 
1195.66 1.43699e-06 
1195.67 1.4548e-06 
1195.68 1.47261e-06 
1195.69 1.49041e-06 
1195.7 1.50819e-06 
1195.71 1.52595e-06 
1195.72 1.54366e-06 
1195.73 1.56155e-06 
1195.74 1.57915e-06 
1195.75 1.59668e-06 
1195.75 1.61412e-06 
1195.76 1.63146e-06 
1195.77 1.64869e-06 
1195.78 1.66581e-06 
1195.79 1.68279e-06 
1195.8 1.69963e-06 
1195.81 1.71631e-06 
1195.82 1.73282e-06 
1195.83 1.74916e-06 
1195.84 1.7653e-06 
1195.85 1.78124e-06 
1195.86 1.79697e-06 
1195.87 1.81247e-06 
1195.88 1.82773e-06 
1195.89 1.84275e-06 
1195.9 1.8575e-06 
1195.91 1.87198e-06 
1195.92 1.88618e-06 
1195.93 1.90009e-06 
1195.94 1.91369e-06 
1195.95 1.92698e-06 
1195.96 1.93994e-06 
1195.97 1.95257e-06 
1195.98 1.96501e-06 
1195.99 1.97693e-06 
1196 1.98849e-06 
1196.01 1.99967e-06 
1196.02 2.01047e-06 
1196.03 2.02088e-06 
1196.04 2.03089e-06 
1196.05 2.0405e-06 
1196.06 2.04968e-06 
1196.07 2.05845e-06 
1196.08 2.06679e-06 
1196.09 2.07469e-06 
1196.1 2.08214e-06 
1196.11 2.08915e-06 
1196.12 2.09571e-06 
1196.13 2.10181e-06 
1196.14 2.10744e-06 
1196.15 2.11261e-06 
1196.16 2.1173e-06 
1196.17 2.12152e-06 
1196.17 2.12526e-06 
1196.18 2.12852e-06 
1196.19 2.13129e-06 
1196.2 2.13359e-06 
1196.21 2.13539e-06 
1196.22 2.13673e-06 
1196.23 2.13756e-06 
1196.24 2.1379e-06 
1196.25 2.13776e-06 
1196.26 2.13713e-06 
1196.27 2.13601e-06 
1196.28 2.13441e-06 
1196.29 2.13233e-06 
1196.3 2.12978e-06 
1196.31 2.12675e-06 
1196.32 2.12325e-06 
1196.33 2.11929e-06 
1196.34 2.11486e-06 
1196.35 2.10997e-06 
1196.36 2.10464e-06 
1196.37 2.09886e-06 
1196.38 2.09264e-06 
1196.39 2.08598e-06 
1196.4 2.0789e-06 
1196.41 2.0714e-06 
1196.42 2.06349e-06 
1196.43 2.05517e-06 
1196.44 2.04646e-06 
1196.45 2.03736e-06 
1196.46 2.02789e-06 
1196.47 2.01804e-06 
1196.48 2.00772e-06 
1196.49 1.99716e-06 
1196.5 1.98626e-06 
1196.51 1.97503e-06 
1196.52 1.96349e-06 
1196.53 1.95164e-06 
1196.54 1.93948e-06 
1196.55 1.92705e-06 
1196.56 1.91434e-06 
1196.57 1.90136e-06 
1196.58 1.88814e-06 
1196.59 1.87467e-06 
1196.6 1.86098e-06 
1196.6 1.84821e-06 
1196.61 1.83409e-06 
1196.62 1.81978e-06 
1196.63 1.80529e-06 
1196.64 1.79063e-06 
1196.65 1.77581e-06 
1196.66 1.76086e-06 
1196.67 1.74577e-06 
1196.68 1.73056e-06 
1196.69 1.71525e-06 
1196.7 1.69985e-06 
1196.71 1.68436e-06 
1196.72 1.6688e-06 
1196.73 1.653e-06 
1196.74 1.63734e-06 
1196.75 1.62165e-06 
1196.76 1.60593e-06 
1196.77 1.5902e-06 
1196.78 1.57447e-06 
1196.79 1.55876e-06 
1196.8 1.54306e-06 
1196.81 1.5274e-06 
1196.82 1.51179e-06 
1196.83 1.49622e-06 
1196.84 1.48073e-06 
1196.85 1.4653e-06 
1196.86 1.44997e-06 
1196.87 1.43472e-06 
1196.88 1.41958e-06 
1196.89 1.40456e-06 
1196.9 1.38965e-06 
1196.91 1.37487e-06 
1196.92 1.36023e-06 
1196.93 1.34574e-06 
1196.94 1.3314e-06 
1196.95 1.31722e-06 
1196.96 1.30321e-06 
1196.97 1.28937e-06 
1196.98 1.27556e-06 
1196.99 1.2621e-06 
1197 1.24883e-06 
1197.01 1.23576e-06 
1197.02 1.22289e-06 
1197.03 1.21024e-06 
1197.03 1.1978e-06 
1197.04 1.18558e-06 
1197.05 1.17358e-06 
1197.06 1.16181e-06 
1197.07 1.15027e-06 
1197.08 1.13897e-06 
1197.09 1.1279e-06 
1197.1 1.11708e-06 
1197.11 1.1065e-06 
1197.12 1.09616e-06 
1197.13 1.08607e-06 
1197.14 1.07623e-06 
1197.15 1.06665e-06 
1197.16 1.05731e-06 
1197.17 1.04822e-06 
1197.18 1.03939e-06 
1197.19 1.03082e-06 
1197.2 1.0225e-06 
1197.21 1.01443e-06 
1197.22 1.00662e-06 
1197.23 9.98977e-07 
1197.24 9.91674e-07 
1197.25 9.84626e-07 
1197.26 9.7783e-07 
1197.27 9.71284e-07 
1197.28 9.64988e-07 
1197.29 9.58941e-07 
1197.3 9.5314e-07 
1197.31 9.47584e-07 
1197.32 9.4227e-07 
1197.33 9.37198e-07 
1197.34 9.32365e-07 
1197.35 9.2777e-07 
1197.36 9.23408e-07 
1197.37 9.19278e-07 
1197.38 9.15379e-07 
1197.39 9.11706e-07 
1197.4 9.08258e-07 
1197.41 9.05031e-07 
1197.42 9.02023e-07 
1197.43 8.99231e-07 
1197.44 8.96652e-07 
1197.45 8.94283e-07 
1197.45 8.92121e-07 
1197.46 8.90164e-07 
1197.47 8.88408e-07 
1197.48 8.86842e-07 
1197.49 8.85481e-07 
1197.5 8.84313e-07 
1197.51 8.83334e-07 
1197.52 8.82541e-07 
1197.53 8.81932e-07 
1197.54 8.81502e-07 
1197.55 8.8125e-07 
1197.56 8.81173e-07 
1197.57 8.81267e-07 
1197.58 8.8153e-07 
1197.59 8.81959e-07 
1197.6 8.82551e-07 
1197.61 8.83847e-07 
1197.62 8.84759e-07 
1197.63 8.85826e-07 
1197.64 8.87046e-07 
1197.65 8.88417e-07 
1197.66 8.89936e-07 
1197.67 8.91602e-07 
1197.68 8.93411e-07 
1197.69 8.95362e-07 
1197.7 8.97453e-07 
1197.71 8.99683e-07 
1197.72 9.02047e-07 
1197.73 9.04588e-07 
1197.74 9.0722e-07 
1197.75 9.09985e-07 
1197.76 9.12877e-07 
1197.77 9.15898e-07 
1197.78 9.19044e-07 
1197.79 9.22316e-07 
1197.8 9.25711e-07 
1197.81 9.29228e-07 
1197.82 9.32867e-07 
1197.83 9.36627e-07 
1197.84 9.40507e-07 
1197.85 9.44504e-07 
1197.86 9.48619e-07 
1197.87 9.52851e-07 
1197.88 9.57199e-07 
1197.88 9.61663e-07 
1197.89 9.66242e-07 
1197.9 9.70935e-07 
1197.91 9.75742e-07 
1197.92 9.80663e-07 
1197.93 9.85697e-07 
1197.94 9.90843e-07 
1197.95 9.96103e-07 
1197.96 1.00148e-06 
1197.97 1.00696e-06 
1197.98 1.01263e-06 
1197.99 1.01834e-06 
1198 1.02416e-06 
1198.01 1.0301e-06 
1198.02 1.03614e-06 
1198.03 1.04229e-06 
1198.04 1.04856e-06 
1198.05 1.05493e-06 
1198.06 1.06142e-06 
1198.07 1.06802e-06 
1198.08 1.07472e-06 
1198.09 1.08154e-06 
1198.1 1.08847e-06 
1198.11 1.0955e-06 
1198.12 1.10265e-06 
1198.13 1.1099e-06 
1198.14 1.11726e-06 
1198.15 1.12474e-06 
1198.16 1.13232e-06 
1198.17 1.14e-06 
1198.18 1.1478e-06 
1198.19 1.15569e-06 
1198.2 1.1637e-06 
1198.21 1.17181e-06 
1198.22 1.18002e-06 
1198.23 1.18845e-06 
1198.24 1.19686e-06 
1198.25 1.20538e-06 
1198.26 1.214e-06 
1198.27 1.22272e-06 
1198.28 1.23153e-06 
1198.29 1.24044e-06 
1198.3 1.24944e-06 
1198.3 1.25853e-06 
1198.31 1.26772e-06 
1198.32 1.27699e-06 
1198.33 1.28635e-06 
1198.34 1.29579e-06 
1198.35 1.30532e-06 
1198.36 1.31492e-06 
1198.37 1.32461e-06 
1198.38 1.33437e-06 
1198.39 1.3442e-06 
1198.4 1.3541e-06 
1198.41 1.36406e-06 
1198.42 1.3741e-06 
1198.43 1.38419e-06 
1198.44 1.39434e-06 
1198.45 1.40454e-06 
1198.46 1.41479e-06 
1198.47 1.4251e-06 
1198.48 1.43558e-06 
1198.49 1.44597e-06 
1198.5 1.45638e-06 
1198.51 1.46684e-06 
1198.52 1.47732e-06 
1198.53 1.48782e-06 
1198.54 1.49834e-06 
1198.55 1.50888e-06 
1198.56 1.51943e-06 
1198.57 1.52999e-06 
1198.58 1.54054e-06 
1198.59 1.5511e-06 
1198.6 1.56164e-06 
1198.61 1.57314e-06 
1198.62 1.58366e-06 
1198.63 1.59415e-06 
1198.64 1.60462e-06 
1198.65 1.61505e-06 
1198.66 1.62545e-06 
1198.67 1.63581e-06 
1198.68 1.64611e-06 
1198.69 1.65636e-06 
1198.7 1.66655e-06 
1198.71 1.67667e-06 
1198.72 1.68673e-06 
1198.73 1.69684e-06 
1198.73 1.70674e-06 
1198.74 1.71655e-06 
1198.75 1.72627e-06 
1198.76 1.73589e-06 
1198.77 1.74542e-06 
1198.78 1.75483e-06 
1198.79 1.76413e-06 
1198.8 1.77331e-06 
1198.81 1.78237e-06 
1198.82 1.7913e-06 
1198.83 1.8001e-06 
1198.84 1.80876e-06 
1198.85 1.81728e-06 
1198.86 1.82565e-06 
1198.87 1.83387e-06 
1198.88 1.84193e-06 
1198.89 1.84983e-06 
1198.9 1.85757e-06 
1198.91 1.86514e-06 
1198.92 1.87253e-06 
1198.93 1.87974e-06 
1198.94 1.88678e-06 
1198.95 1.89363e-06 
1198.96 1.90029e-06 
1198.97 1.90677e-06 
1198.98 1.91313e-06 
1198.99 1.91921e-06 
1199 1.92509e-06 
1199.01 1.93077e-06 
1199.02 1.93625e-06 
1199.03 1.94152e-06 
1199.04 1.94658e-06 
1199.05 1.95143e-06 
1199.06 1.95608e-06 
1199.07 1.96051e-06 
1199.08 1.96473e-06 
1199.09 1.96874e-06 
1199.1 1.97254e-06 
1199.11 1.97612e-06 
1199.12 1.97949e-06 
1199.13 1.98265e-06 
1199.14 1.9856e-06 
1199.15 1.98834e-06 
1199.15 1.99087e-06 
1199.16 1.9932e-06 
1199.17 1.99532e-06 
1199.18 1.99724e-06 
1199.19 1.99896e-06 
1199.2 2.00049e-06 
1199.21 2.00182e-06 
1199.22 2.00298e-06 
1199.23 2.00393e-06 
1199.24 2.0047e-06 
1199.25 2.0053e-06 
1199.26 2.00572e-06 
1199.27 2.00597e-06 
1199.28 2.00606e-06 
1199.29 2.00599e-06 
1199.3 2.00577e-06 
1199.31 2.00541e-06 
1199.32 2.0049e-06 
1199.33 2.00427e-06 
1199.34 2.00351e-06 
1199.35 2.00263e-06 
1199.36 2.00164e-06 
1199.37 2.00054e-06 
1199.38 1.99935e-06 
1199.39 1.99808e-06 
1199.4 1.99673e-06 
1199.41 1.9953e-06 
1199.42 1.99381e-06 
1199.43 1.99227e-06 
1199.44 1.99068e-06 
1199.45 1.98907e-06 
1199.46 1.98742e-06 
1199.47 1.98576e-06 
1199.48 1.98408e-06 
1199.49 1.98242e-06 
1199.5 1.98077e-06 
1199.51 1.97914e-06 
1199.52 1.97755e-06 
1199.53 1.976e-06 
1199.54 1.9745e-06 
1199.55 1.97307e-06 
1199.56 1.97171e-06 
1199.57 1.97043e-06 
1199.58 1.96925e-06 
1199.58 1.96817e-06 
1199.59 1.9672e-06 
1199.6 1.96636e-06 
1199.61 1.96686e-06 
1199.62 1.96629e-06 
1199.63 1.96588e-06 
1199.64 1.96562e-06 
1199.65 1.96554e-06 
1199.66 1.96564e-06 
1199.67 1.96592e-06 
1199.68 1.9664e-06 
1199.69 1.96708e-06 
1199.7 1.96798e-06 
1199.71 1.96909e-06 
1199.72 1.97044e-06 
1199.73 1.97204e-06 
1199.74 1.97386e-06 
1199.75 1.97593e-06 
1199.76 1.97825e-06 
1199.77 1.98083e-06 
1199.78 1.98367e-06 
1199.79 1.98678e-06 
1199.8 1.99016e-06 
1199.81 1.99382e-06 
1199.82 1.99775e-06 
1199.83 2.00197e-06 
1199.84 2.00647e-06 
1199.85 2.01125e-06 
1199.86 2.01631e-06 
1199.87 2.02167e-06 
1199.88 2.02731e-06 
1199.89 2.03323e-06 
1199.9 2.03944e-06 
1199.91 2.04593e-06 
1199.92 2.05269e-06 
1199.93 2.05974e-06 
1199.94 2.06705e-06 
1199.95 2.07464e-06 
1199.96 2.08249e-06 
1199.97 2.09059e-06 
1199.98 2.09906e-06 
1199.99 2.10767e-06 
1200 2.11651e-06 
1200.01 2.12558e-06 
1200.01 2.13488e-06 
1200.02 2.14438e-06 
1200.03 2.15409e-06 
1200.04 2.16398e-06 
1200.05 2.17406e-06 
1200.06 2.1843e-06 
1200.07 2.1947e-06 
1200.08 2.20525e-06 
1200.09 2.21593e-06 
1200.1 2.22672e-06 
1200.11 2.23762e-06 
1200.12 2.2486e-06 
1200.13 2.25966e-06 
1200.14 2.27077e-06 
1200.15 2.28193e-06 
1200.16 2.29311e-06 
1200.17 2.3043e-06 
1200.18 2.31548e-06 
1200.19 2.32664e-06 
1200.2 2.33775e-06 
1200.21 2.34879e-06 
1200.22 2.35976e-06 
1200.23 2.37078e-06 
1200.24 2.38153e-06 
1200.25 2.39214e-06 
1200.26 2.4026e-06 
1200.27 2.41289e-06 
1200.28 2.42299e-06 
1200.29 2.43287e-06 
1200.3 2.44252e-06 
1200.31 2.45192e-06 
1200.32 2.46105e-06 
1200.33 2.46989e-06 
1200.34 2.47843e-06 
1200.35 2.48664e-06 
1200.36 2.49451e-06 
1200.37 2.50201e-06 
1200.38 2.50914e-06 
1200.39 2.51587e-06 
1200.4 2.52218e-06 
1200.41 2.52806e-06 
1200.42 2.5335e-06 
1200.43 2.53847e-06 
1200.43 2.54296e-06 
1200.44 2.54696e-06 
1200.45 2.55045e-06 
1200.46 2.55342e-06 
1200.47 2.55585e-06 
1200.48 2.55775e-06 
1200.49 2.55906e-06 
1200.5 2.5598e-06 
1200.51 2.55995e-06 
1200.52 2.55951e-06 
1200.53 2.55846e-06 
1200.54 2.5568e-06 
1200.55 2.55452e-06 
1200.56 2.55161e-06 
1200.57 2.54806e-06 
1200.58 2.54388e-06 
1200.59 2.53904e-06 
1200.6 2.53356e-06 
1200.61 2.52897e-06 
1200.62 2.52217e-06 
1200.63 2.51471e-06 
1200.64 2.50659e-06 
1200.65 2.49781e-06 
1200.66 2.48836e-06 
1200.67 2.47826e-06 
1200.68 2.46751e-06 
1200.69 2.4561e-06 
1200.7 2.44404e-06 
1200.71 2.43134e-06 
1200.72 2.41799e-06 
1200.73 2.40384e-06 
1200.74 2.38923e-06 
1200.75 2.374e-06 
1200.76 2.35817e-06 
1200.77 2.34172e-06 
1200.78 2.3247e-06 
1200.79 2.30708e-06 
1200.8 2.28891e-06 
1200.81 2.27017e-06 
1200.82 2.25089e-06 
1200.83 2.23108e-06 
1200.84 2.21075e-06 
1200.85 2.18991e-06 
1200.85 2.1686e-06 
1200.86 2.1468e-06 
1200.87 2.12455e-06 
1200.88 2.10186e-06 
1200.89 2.07874e-06 
1200.9 2.05522e-06 
1200.91 2.0313e-06 
1200.92 2.00702e-06 
1200.93 1.98237e-06 
1200.94 1.9574e-06 
1200.95 1.9321e-06 
1200.96 1.90651e-06 
1200.97 1.88063e-06 
1200.98 1.85417e-06 
1200.99 1.82779e-06 
1201 1.80119e-06 
1201.01 1.77439e-06 
1201.02 1.7474e-06 
1201.03 1.72025e-06 
1201.04 1.69295e-06 
1201.05 1.66553e-06 
1201.06 1.63801e-06 
1201.07 1.61039e-06 
1201.08 1.5827e-06 
1201.09 1.55497e-06 
1201.1 1.52721e-06 
1201.11 1.49943e-06 
1201.12 1.47166e-06 
1201.13 1.44391e-06 
1201.14 1.4162e-06 
1201.15 1.38855e-06 
1201.16 1.36097e-06 
1201.17 1.33349e-06 
1201.18 1.30611e-06 
1201.19 1.27885e-06 
1201.2 1.25174e-06 
1201.21 1.22478e-06 
1201.22 1.19798e-06 
1201.23 1.17104e-06 
1201.24 1.14463e-06 
1201.25 1.11842e-06 
1201.26 1.09244e-06 
1201.27 1.06669e-06 
1201.28 1.04119e-06 
1201.28 1.01595e-06 
1201.29 9.90972e-07 
1201.3 9.66273e-07 
1201.31 9.41863e-07 
1201.32 9.1775e-07 
1201.33 8.93943e-07 
1201.34 8.7045e-07 
1201.35 8.47279e-07 
1201.36 8.24437e-07 
1201.37 8.0193e-07 
1201.38 7.79766e-07 
1201.39 7.57948e-07 
1201.4 7.36484e-07 
1201.41 7.15376e-07 
1201.42 6.94631e-07 
1201.43 6.7425e-07 
1201.44 6.54237e-07 
1201.45 6.34596e-07 
1201.46 6.1533e-07 
1201.47 5.96437e-07 
1201.48 5.77694e-07 
1201.49 5.59561e-07 
1201.5 5.41807e-07 
1201.51 5.24432e-07 
1201.52 5.07435e-07 
1201.53 4.90816e-07 
1201.54 4.74574e-07 
1201.55 4.58708e-07 
1201.56 4.43216e-07 
1201.57 4.28096e-07 
1201.58 4.13346e-07 
1201.59 3.98964e-07 
1201.6 3.84945e-07 
1201.61 3.71516e-07 
1201.62 3.58209e-07 
1201.63 3.45257e-07 
1201.64 3.32655e-07 
1201.65 3.204e-07 
1201.66 3.08487e-07 
1201.67 2.96912e-07 
1201.68 2.8567e-07 
1201.69 2.74757e-07 
1201.7 2.64167e-07 
1201.7 2.53895e-07 
1201.71 2.43936e-07 
1201.72 2.34166e-07 
1201.73 2.24821e-07 
1201.74 2.15772e-07 
1201.75 2.07014e-07 
1201.76 1.98541e-07 
1201.77 1.90347e-07 
1201.78 1.82426e-07 
1201.79 1.74773e-07 
1201.8 1.67382e-07 
1201.81 1.60246e-07 
1201.82 1.53361e-07 
1201.83 1.46719e-07 
1201.84 1.40314e-07 
1201.85 1.34142e-07 
1201.86 1.28196e-07 
1201.87 1.22469e-07 
1201.88 1.16957e-07 
1201.89 1.11653e-07 
1201.9 1.06552e-07 
1201.91 1.01648e-07 
1201.92 9.69353e-08 
1201.93 9.2408e-08 
1201.94 8.80609e-08 
1201.95 8.38884e-08 
1201.96 7.98852e-08 
1201.97 7.6046e-08 
1201.98 7.23205e-08 
1201.99 6.87956e-08 
1202 6.54192e-08 
1202.01 6.21864e-08 
1202.02 5.90923e-08 
1202.03 5.61321e-08 
1202.04 5.33013e-08 
1202.05 5.05952e-08 
1202.06 4.80095e-08 
1202.07 4.55396e-08 
1202.08 4.31814e-08 
1202.09 4.09308e-08 
1202.1 3.87836e-08 
1202.11 3.67361e-08 
1202.12 3.47842e-08 
1202.13 3.29243e-08 
1202.13 3.11528e-08 
1202.14 2.94661e-08 
1202.15 2.78608e-08 
1202.16 2.63335e-08 
1202.17 2.48811e-08 
1202.18 2.35005e-08 
1202.19 2.21886e-08 
1202.2 2.09424e-08 
1202.21 1.97592e-08 
1202.22 1.86229e-08 
1202.23 1.75578e-08 
1202.24 1.6548e-08 
1202.25 1.55908e-08 
1202.26 1.46837e-08 
1202.27 1.38244e-08 
1202.28 1.30108e-08 
1202.29 1.22408e-08 
1202.3 1.15122e-08 
1202.31 1.08231e-08 
1202.32 1.01716e-08 
1202.33 9.55593e-09 
1202.34 8.97433e-09 
1202.35 8.42514e-09 
1202.36 7.90673e-09 
1202.37 7.41758e-09 
1202.38 6.95621e-09 
1202.39 6.52121e-09 
1202.4 6.11124e-09 
1202.41 5.72501e-09 
1202.42 5.36127e-09 
1202.43 5.01886e-09 
1202.44 4.69664e-09 
1202.45 4.39354e-09 
1202.46 4.10854e-09 
1202.47 3.84066e-09 
1202.48 3.58592e-09 
1202.49 3.34971e-09 
1202.5 3.12795e-09 
1202.51 2.91983e-09 
1202.52 2.72459e-09 
1202.53 2.5415e-09 
1202.54 2.36986e-09 
1202.55 2.20903e-09 
1202.56 2.05839e-09 
1202.56 1.91733e-09 
1202.57 1.78531e-09 
1202.58 1.66178e-09 
1202.59 1.54625e-09 
1202.6 1.43824e-09 
1202.61 1.33812e-09 
1202.62 1.24376e-09 
1202.63 1.15565e-09 
1202.64 1.07339e-09 
1202.65 9.9664e-10 
1202.66 9.25045e-10 
1202.67 8.58289e-10 
1202.68 7.96066e-10 
1202.69 7.38092e-10 
1202.7 6.84096e-10 
1202.71 6.33826e-10 
1202.72 5.87041e-10 
1202.73 5.42992e-10 
1202.74 5.02552e-10 
1202.75 4.64958e-10 
1202.76 4.30024e-10 
1202.77 3.97574e-10 
1202.78 3.67442e-10 
1202.79 3.39472e-10 
1202.8 3.13521e-10 
1202.81 2.89451e-10 
1202.82 2.67134e-10 
1202.83 2.4645e-10 
1202.84 2.27286e-10 
1202.85 2.09539e-10 
1202.86 1.93109e-10 
1202.87 1.77904e-10 
1202.88 1.63838e-10 
1202.89 1.50831e-10 
1202.9 1.38807e-10 
1202.91 1.27697e-10 
1202.92 1.17434e-10 
1202.93 1.07958e-10 
1202.94 9.92112e-11 
1202.95 9.11409e-11 
1202.96 8.36974e-11 
1202.97 7.68347e-11 
1202.98 7.05097e-11 
1202.98 6.46127e-11 
1202.99 5.92517e-11 
1203 5.43162e-11 
1203.01 4.97744e-11 
1203.02 4.55961e-11 
1203.03 4.17539e-11 
1203.04 3.82219e-11 
1203.05 3.49764e-11 
1203.06 3.19952e-11 
1203.07 2.92578e-11 
1203.08 2.67451e-11 
1203.09 2.44396e-11 
1203.1 2.2325e-11 
1203.11 2.03862e-11 
1203.12 1.86092e-11 
1203.13 1.69812e-11 
1203.14 1.54901e-11 
1203.15 1.4125e-11 
1203.16 1.28757e-11 
1203.17 1.17327e-11 
1203.18 1.06875e-11 
1203.19 9.73194e-12 
1203.2 8.85873e-12 
1203.21 8.06106e-12 
1203.22 7.33264e-12 
1203.23 6.65978e-12 
1203.24 6.05372e-12 
1203.25 5.50089e-12 
1203.26 4.99681e-12 
1203.27 4.53734e-12 
1203.28 4.11868e-12 
1203.29 3.73734e-12 
1203.3 3.39014e-12 
1203.31 3.07412e-12 
1203.32 2.78659e-12 
1203.33 2.52508e-12 
1203.34 2.28732e-12 
1203.35 2.07122e-12 
1203.36 1.8749e-12 
1203.37 1.69659e-12 
1203.38 1.53472e-12 
1203.39 1.38781e-12 
1203.4 1.25453e-12 
1203.41 1.13366e-12 
1203.41 1.02408e-12 
1203.42 9.24775e-13 
1203.43 8.34815e-13 
1203.44 7.53348e-13 
1203.45 6.79598e-13 
1203.46 6.12859e-13 
1203.47 5.52485e-13 
1203.48 4.97242e-13 
1203.49 4.47951e-13 
1203.5 4.03409e-13 
1203.51 3.63174e-13 
1203.52 3.2684e-13 
1203.53 2.94043e-13 
1203.54 2.64447e-13 
1203.55 2.3775e-13 
1203.56 2.13677e-13 
1203.57 1.91977e-13 
1203.58 1.72423e-13 
1203.59 1.54809e-13 
1203.6 1.38948e-13 
1203.61 1.24747e-13 
1203.62 1.11892e-13 
1203.63 1.00328e-13 
1203.64 8.99302e-14 
1203.65 8.05832e-14 
1203.66 7.21841e-14 
1203.67 6.46393e-14 
1203.68 5.78642e-14 
1203.69 5.17825e-14 
1203.7 4.6325e-14 
1203.71 4.14293e-14 
1203.72 3.70391e-14 
1203.73 3.3057e-14 
1203.74 2.9535e-14 
1203.75 2.63799e-14 
1203.76 2.35543e-14 
1203.77 2.10248e-14 
1203.78 1.87611e-14 
1203.79 1.67358e-14 
1203.8 1.49246e-14 
1203.81 1.33053e-14 
1203.82 1.1858e-14 
1203.83 1.05649e-14 
1203.83 9.40997e-15 
1203.84 8.37876e-15 
1203.85 7.45832e-15 
1203.86 6.63701e-15 
1203.87 5.90439e-15 
1203.88 5.25109e-15 
1203.89 4.66871e-15 
1203.9 4.14973e-15 
1203.91 3.68736e-15 
1203.92 3.27558e-15 
1203.93 2.90896e-15 
1203.94 2.58265e-15 
1203.95 2.29231e-15 
1203.96 2.03404e-15 
1203.97 1.80438e-15 
1203.98 1.59782e-15 
1203.99 1.41664e-15 
1204 1.25568e-15 
1204.01 1.11272e-15 
1204.02 9.85775e-16 
1204.03 8.73093e-16 
1204.04 7.73096e-16 
1204.05 6.84383e-16 
1204.06 6.05701e-16 
1204.07 5.35936e-16 
1204.08 4.74095e-16 
1204.09 4.19291e-16 
1204.1 3.70738e-16 
1204.11 3.27733e-16 
1204.12 2.89652e-16 
1204.13 2.55941e-16 
1204.14 2.26105e-16 
1204.15 1.99706e-16 
1204.16 1.76353e-16 
1204.17 1.55701e-16 
1204.18 1.3744e-16 
1204.19 1.21298e-16 
1204.2 1.07032e-16 
1204.21 9.44274e-17 
1204.22 8.32927e-17 
1204.23 7.33434e-17 
1204.24 6.46735e-17 
1204.25 5.70196e-17 
1204.26 5.0264e-17 
1204.26 4.43025e-17 
1204.27 3.90426e-17 
1204.28 3.44027e-17 
1204.29 3.03104e-17 
1204.3 2.67017e-17 
1204.31 2.352e-17 
1204.32 2.07153e-17 
1204.33 1.82432e-17 
1204.34 1.60646e-17 
1204.35 1.4145e-17 
1204.36 1.24538e-17 
1204.37 1.09641e-17 
1204.38 9.65186e-18 
1204.39 8.49623e-18 
1204.4 7.47858e-18 
1204.41 6.58254e-18 
1204.42 5.79365e-18 
1204.43 5.09916e-18 
1204.44 4.48783e-18 
1204.45 3.94973e-18 
1204.46 3.47612e-18 
1204.47 3.0593e-18 
1204.48 2.68819e-18 
1204.49 2.3659e-18 
1204.5 2.08229e-18 
1204.51 1.83274e-18 
1204.52 1.61314e-18 
1204.53 1.41992e-18 
1204.54 1.2499e-18 
1204.55 1.1003e-18 
1204.56 9.68661e-19 
1204.57 8.52828e-19 
1204.58 7.50901e-19 
1204.59 6.61208e-19 
1204.6 5.82276e-19 
1204.61 5.12812e-19 
1204.62 4.51954e-19 
1204.63 3.98113e-19 
1204.64 3.50722e-19 
1204.65 3.09006e-19 
1204.66 2.72281e-19 
1204.67 2.39949e-19 
1204.68 2.1148e-19 
1204.68 1.86412e-19 
1204.69 1.64335e-19 
1204.7 1.44891e-19 
1204.71 1.27764e-19 
1204.72 1.125e-19 
1204.73 9.92272e-20 
1204.74 8.75323e-20 
1204.75 7.72259e-20 
1204.76 6.8142e-20 
1204.77 6.01346e-20 
1204.78 5.30751e-20 
1204.79 4.68506e-20 
1204.8 4.13614e-20 
1204.81 3.65201e-20 
1204.82 3.22495e-20 
1204.83 2.8482e-20 
1204.84 2.51576e-20 
1204.85 2.2224e-20 
1204.86 1.96347e-20 
1204.87 1.73492e-20 
1204.88 1.53313e-20 
1204.89 1.35497e-20 
1204.9 1.19763e-20 
1204.91 1.05867e-20 
1204.92 9.35922e-21 
1204.93 8.27483e-21 
1204.94 7.31672e-21 
1204.95 6.47008e-21 
1204.96 5.72185e-21 
1204.97 5.06052e-21 
1204.98 4.46907e-21 
1204.99 3.95305e-21 
1205 3.49682e-21 
1205.01 3.0934e-21 
1205.02 2.73665e-21 
1205.03 2.42114e-21 
1205.04 2.14209e-21 
1205.05 1.89525e-21 
1205.06 1.6769e-21 
1205.07 1.48373e-21 
1205.08 1.31283e-21 
1205.09 1.16163e-21 
1205.1 1.02784e-21 
1205.11 9.09456e-22 
1205.11 8.04702e-22 
1205.12 7.12003e-22 
1205.13 6.29971e-22 
1205.14 5.57376e-22 
1205.15 4.93132e-22 
1205.16 4.36278e-22 
1205.17 3.85962e-22 
1205.18 3.41435e-22 
1205.19 3.02029e-22 
1205.2 2.67156e-22 
1205.21 2.36296e-22 
1205.22 2.08685e-22 
1205.23 1.84538e-22 
1205.24 1.63187e-22 
1205.25 1.44296e-22 
1205.26 1.27581e-22 
1205.27 1.12793e-22 
1205.28 9.97093e-23 
1205.29 8.81354e-23 
1205.3 7.78974e-23 
1205.31 6.88416e-23 
1205.32 6.08323e-23 
1205.33 5.37489e-23 
1205.34 4.74851e-23 
1205.35 4.19463e-23 
1205.36 3.70493e-23 
1205.37 3.272e-23 
1205.38 2.8893e-23 
1205.39 2.55103e-23 
1205.4 2.25208e-23 
1205.41 1.9879e-23 
1205.42 1.75446e-23 
1205.43 1.54823e-23 
1205.44 1.36605e-23 
1205.45 1.20513e-23 
1205.46 1.06302e-23 
1205.47 9.37524e-24 
1205.48 8.255e-24 
1205.49 7.27758e-24 
1205.5 6.41551e-24 
1205.51 5.65468e-24 
1205.52 4.9833e-24 
1205.53 4.39093e-24 
1205.54 3.86837e-24 
1205.54 3.40744e-24 
1205.55 3.00094e-24 
1205.56 2.6425e-24 
1205.57 2.32649e-24 
1205.58 2.04793e-24 
1205.59 1.80241e-24 
1205.6 1.58606e-24 
1205.61 1.3963e-24 
1205.62 1.22827e-24 
1205.63 1.08028e-24 
1205.64 9.49953e-25 
1205.65 8.35203e-25 
1205.66 7.34184e-25 
1205.67 6.4527e-25 
1205.68 5.67022e-25 
1205.69 4.98175e-25 
1205.7 4.37607e-25 
1205.71 3.84334e-25 
1205.72 3.37486e-25 
1205.73 2.95812e-25 
1205.74 2.59658e-25 
1205.75 2.27881e-25 
1205.76 1.99957e-25 
1205.77 1.75422e-25 
1205.78 1.53869e-25 
1205.79 1.34939e-25 
1205.8 1.18316e-25 
1205.81 1.03721e-25 
1205.82 9.09096e-26 
1205.83 7.96658e-26 
1205.84 6.97995e-26 
1205.85 6.11436e-26 
1205.86 5.3551e-26 
1205.87 4.68924e-26 
1205.88 4.1054e-26 
1205.89 3.59357e-26 
1205.9 3.14495e-26 
1205.91 2.75181e-26 
1205.92 2.40736e-26 
1205.93 2.10563e-26 
1205.94 1.84136e-26 
1205.95 1.60995e-26 
1205.96 1.40735e-26 
1205.96 1.23001e-26 
1205.97 1.07482e-26 
1205.98 9.37436e-27 
1205.99 8.18838e-27 
1206 7.15107e-27 
1206.01 6.24396e-27 
1206.02 5.45087e-27 
1206.03 4.7576e-27 
1206.04 4.1517e-27 
1206.05 3.62226e-27 
1206.06 3.15973e-27 
1206.07 2.75573e-27 
1206.08 2.40292e-27 
1206.09 2.09487e-27 
1206.1 1.82596e-27 
1206.11 1.59126e-27 
1206.12 1.38646e-27 
1206.13 1.20778e-27 
1206.14 1.05192e-27 
1206.15 9.16005e-28 
1206.16 7.97492e-28 
1206.17 6.94177e-28 
1206.18 6.0413e-28 
1206.19 5.25661e-28 
1206.2 4.57295e-28 
1206.21 3.97744e-28 
1206.22 3.4588e-28 
1206.23 3.00194e-28 
1206.24 2.60948e-28 
1206.25 2.26789e-28 
1206.26 1.97063e-28 
1206.27 1.712e-28 
1206.28 1.48702e-28 
1206.29 1.29135e-28 
1206.3 1.12122e-28 
1206.31 9.73306e-29 
1206.32 8.44742e-29 
1206.33 7.33018e-29 
1206.34 6.35946e-29 
1206.35 5.51621e-29 
1206.36 4.78385e-29 
1206.37 4.1479e-29 
1206.38 3.59579e-29 
1206.39 3.11657e-29 
1206.39 2.70068e-29 
1206.4 2.33984e-29 
1206.41 2.02681e-29 
1206.42 1.75532e-29 
1206.43 1.5199e-29 
1206.44 1.31579e-29 
1206.45 1.13887e-29 
1206.46 9.85549e-30 
1206.47 8.527e-30 
1206.48 7.36279e-30 
1206.49 6.36781e-30 
1206.5 5.50621e-30 
1206.51 4.76026e-30 
1206.52 4.11456e-30 
1206.53 3.55575e-30 
1206.54 3.07224e-30 
1206.55 2.65396e-30 
1206.56 2.29217e-30 
1206.57 1.97932e-30 
1206.58 1.70884e-30 
1206.59 1.47504e-30 
1206.6 0 
