#energy geo_1 
1186.6 0 
1186.61 0 
1186.62 0 
1186.63 0 
1186.64 0 
1186.65 0 
1186.66 0 
1186.67 0 
1186.68 0 
1186.69 0 
1186.7 0 
1186.71 0 
1186.72 0 
1186.73 0 
1186.74 0 
1186.75 0 
1186.76 0 
1186.77 0 
1186.78 0 
1186.79 0 
1186.8 0 
1186.81 0 
1186.81 0 
1186.82 0 
1186.83 0 
1186.84 0 
1186.85 0 
1186.86 0 
1186.87 0 
1186.88 0 
1186.89 0 
1186.9 0 
1186.91 0 
1186.92 0 
1186.93 0 
1186.94 0 
1186.95 0 
1186.96 0 
1186.97 0 
1186.98 0 
1186.99 0 
1187 0 
1187.01 0 
1187.02 0 
1187.03 0 
1187.04 0 
1187.05 0 
1187.06 0 
1187.07 0 
1187.08 0 
1187.09 0 
1187.1 0 
1187.11 0 
1187.12 0 
1187.13 0 
1187.14 0 
1187.15 0 
1187.16 0 
1187.17 0 
1187.18 0 
1187.19 0 
1187.2 0 
1187.21 0 
1187.22 0 
1187.23 0 
1187.24 0 
1187.24 0 
1187.25 0 
1187.26 0 
1187.27 0 
1187.28 0 
1187.29 0 
1187.3 0 
1187.31 0 
1187.32 0 
1187.33 0 
1187.34 0 
1187.35 0 
1187.36 0 
1187.37 0 
1187.38 0 
1187.39 0 
1187.4 0 
1187.41 0 
1187.42 0 
1187.43 0 
1187.44 0 
1187.45 0 
1187.46 0 
1187.47 0 
1187.48 0 
1187.49 0 
1187.5 0 
1187.51 0 
1187.52 0 
1187.53 0 
1187.54 0 
1187.55 0 
1187.56 0 
1187.57 0 
1187.58 0 
1187.59 0 
1187.6 0 
1187.61 0 
1187.62 0 
1187.63 0 
1187.64 0 
1187.65 0 
1187.66 0 
1187.66 0 
1187.67 0 
1187.68 0 
1187.69 0 
1187.7 0 
1187.71 0 
1187.72 0 
1187.73 0 
1187.74 0 
1187.75 0 
1187.76 0 
1187.77 0 
1187.78 0 
1187.79 0 
1187.8 0 
1187.81 0 
1187.82 0 
1187.83 0 
1187.84 0 
1187.85 0 
1187.86 0 
1187.87 0 
1187.88 0 
1187.89 0 
1187.9 0 
1187.91 0 
1187.92 0 
1187.93 0 
1187.94 0 
1187.95 0 
1187.96 0 
1187.97 0 
1187.98 0 
1187.99 0 
1188 0 
1188.01 0 
1188.02 0 
1188.03 0 
1188.04 0 
1188.05 0 
1188.06 0 
1188.07 0 
1188.08 0 
1188.09 0 
1188.09 0 
1188.1 0 
1188.11 0 
1188.12 0 
1188.13 0 
1188.14 0 
1188.15 0 
1188.16 0 
1188.17 0 
1188.18 0 
1188.19 0 
1188.2 0 
1188.21 0 
1188.22 0 
1188.23 0 
1188.24 0 
1188.25 0 
1188.26 0 
1188.27 0 
1188.28 0 
1188.29 0 
1188.3 0 
1188.31 0 
1188.32 0 
1188.33 0 
1188.34 0 
1188.35 0 
1188.36 0 
1188.37 0 
1188.38 0 
1188.39 0 
1188.4 0 
1188.41 0 
1188.42 0 
1188.43 0 
1188.44 0 
1188.45 0 
1188.46 0 
1188.47 0 
1188.48 0 
1188.49 0 
1188.5 0 
1188.51 0 
1188.52 0 
1188.52 0 
1188.53 0 
1188.54 0 
1188.55 0 
1188.56 0 
1188.57 0 
1188.58 0 
1188.59 0 
1188.6 0 
1188.61 0 
1188.62 0 
1188.63 0 
1188.64 0 
1188.65 0 
1188.66 0 
1188.67 0 
1188.68 0 
1188.69 0 
1188.7 0 
1188.71 0 
1188.72 0 
1188.73 0 
1188.74 0 
1188.75 0 
1188.76 0 
1188.77 0 
1188.78 0 
1188.79 0 
1188.8 0 
1188.81 0 
1188.82 0 
1188.83 0 
1188.84 0 
1188.85 0 
1188.86 0 
1188.87 0 
1188.88 0 
1188.89 0 
1188.9 0 
1188.91 0 
1188.92 0 
1188.93 0 
1188.94 0 
1188.94 0 
1188.95 0 
1188.96 0 
1188.97 0 
1188.98 0 
1188.99 0 
1189 0 
1189.01 0 
1189.02 0 
1189.03 0 
1189.04 0 
1189.05 0 
1189.06 0 
1189.07 0 
1189.08 0 
1189.09 0 
1189.1 0 
1189.11 0 
1189.12 0 
1189.13 0 
1189.14 0 
1189.15 0 
1189.16 0 
1189.17 0 
1189.18 0 
1189.19 0 
1189.2 0 
1189.21 0 
1189.22 0 
1189.23 0 
1189.24 0 
1189.25 0 
1189.26 0 
1189.27 0 
1189.28 0 
1189.29 0 
1189.3 0 
1189.31 0 
1189.32 0 
1189.33 0 
1189.34 0 
1189.35 0 
1189.36 0 
1189.36 0 
1189.37 0 
1189.38 0 
1189.39 0 
1189.4 0 
1189.41 0 
1189.42 0 
1189.43 0 
1189.44 0 
1189.45 0 
1189.46 0 
1189.47 0 
1189.48 0 
1189.49 0 
1189.5 0 
1189.51 0 
1189.52 0 
1189.53 0 
1189.54 0 
1189.55 0 
1189.56 0 
1189.57 0 
1189.58 0 
1189.59 0 
1189.6 0 
1189.61 0 
1189.62 0 
1189.63 0 
1189.64 0 
1189.65 0 
1189.66 0 
1189.67 0 
1189.68 0 
1189.69 0 
1189.7 0 
1189.71 0 
1189.72 0 
1189.73 0 
1189.74 0 
1189.75 0 
1189.76 0 
1189.77 0 
1189.78 0 
1189.79 0 
1189.79 0 
1189.8 0 
1189.81 0 
1189.82 0 
1189.83 0 
1189.84 0 
1189.85 0 
1189.86 0 
1189.87 0 
1189.88 0 
1189.89 0 
1189.9 0 
1189.91 0 
1189.92 0 
1189.93 0 
1189.94 0 
1189.95 0 
1189.96 0 
1189.97 0 
1189.98 0 
1189.99 0 
1190 0 
1190.01 0 
1190.02 0 
1190.03 0 
1190.04 0 
1190.05 0 
1190.06 0 
1190.07 0 
1190.08 0 
1190.09 0 
1190.1 0 
1190.11 0 
1190.12 0 
1190.13 0 
1190.14 0 
1190.15 0 
1190.16 0 
1190.17 0 
1190.18 0 
1190.19 0 
1190.2 0 
1190.21 0 
1190.21 0 
1190.22 0 
1190.23 0 
1190.24 0 
1190.25 0 
1190.26 0 
1190.27 0 
1190.28 0 
1190.29 0 
1190.3 0 
1190.31 0 
1190.32 0 
1190.33 0 
1190.34 0 
1190.35 0 
1190.36 0 
1190.37 0 
1190.38 0 
1190.39 0 
1190.4 0 
1190.41 0 
1190.42 0 
1190.43 0 
1190.44 0 
1190.45 0 
1190.46 0 
1190.47 0 
1190.48 0 
1190.49 0 
1190.5 0 
1190.51 0 
1190.52 0 
1190.53 0 
1190.54 0 
1190.55 0 
1190.56 0 
1190.57 0 
1190.58 0 
1190.59 0 
1190.6 0 
1190.61 0 
1190.62 0 
1190.63 0 
1190.64 0 
1190.64 0 
1190.65 0 
1190.66 0 
1190.67 0 
1190.68 0 
1190.69 0 
1190.7 0 
1190.71 0 
1190.72 0 
1190.73 0 
1190.74 0 
1190.75 0 
1190.76 0 
1190.77 0 
1190.78 0 
1190.79 0 
1190.8 0 
1190.81 0 
1190.82 1.4013e-45 
1190.83 1.4013e-45 
1190.84 1.4013e-45 
1190.85 1.4013e-45 
1190.86 2.8026e-45 
1190.87 2.8026e-45 
1190.88 2.8026e-45 
1190.89 4.2039e-45 
1190.9 5.60519e-45 
1190.91 8.40779e-45 
1190.92 9.80909e-45 
1190.93 1.4013e-44 
1190.94 1.82169e-44 
1190.95 2.24208e-44 
1190.96 2.94273e-44 
1190.97 3.92364e-44 
1190.98 5.04467e-44 
1190.99 6.72623e-44 
1191 8.68805e-44 
1191.01 1.13505e-43 
1191.02 1.47136e-43 
1191.03 1.90577e-43 
1191.04 2.4803e-43 
1191.05 3.237e-43 
1191.06 4.21791e-43 
1191.07 5.47908e-43 
1191.07 7.13261e-43 
1191.08 9.26258e-43 
1191.09 1.20231e-42 
1191.1 1.55965e-42 
1191.11 2.02347e-42 
1191.12 2.62463e-42 
1191.13 3.40095e-42 
1191.14 4.40428e-42 
1191.15 5.70188e-42 
1191.16 7.37924e-42 
1191.17 9.54424e-42 
1191.18 1.23384e-41 
1191.19 1.5944e-41 
1191.2 2.05921e-41 
1191.21 2.65854e-41 
1191.22 3.43038e-41 
1191.23 4.43819e-41 
1191.24 5.72122e-41 
1191.25 7.37153e-41 
1191.26 9.49352e-41 
1191.27 1.22203e-40 
1191.28 1.57227e-40 
1191.29 2.02193e-40 
1191.3 2.5989e-40 
1191.31 3.33896e-40 
1191.32 4.28767e-40 
1191.33 5.50328e-40 
1191.34 7.06018e-40 
1191.35 9.05313e-40 
1191.36 1.16031e-39 
1191.37 1.48641e-39 
1191.38 1.90325e-39 
1191.39 2.43582e-39 
1191.4 3.11591e-39 
1191.41 3.98397e-39 
1191.42 5.09141e-39 
1191.43 6.50356e-39 
1191.44 8.30339e-39 
1191.45 1.05962e-38 
1191.46 1.35157e-38 
1191.47 1.72312e-38 
1191.48 2.20328e-38 
1191.49 2.80516e-38 
1191.49 3.57113e-38 
1191.5 4.54408e-38 
1191.51 5.77932e-38 
1191.52 7.34682e-38 
1191.53 9.33497e-38 
1191.54 1.18554e-37 
1191.55 1.50492e-37 
1191.56 1.90942e-37 
1191.57 2.42147e-37 
1191.58 3.06936e-37 
1191.59 3.88874e-37 
1191.6 4.92753e-37 
1191.61 6.23695e-37 
1191.62 7.89054e-37 
1191.63 9.97774e-37 
1191.64 1.2611e-36 
1191.65 1.59315e-36 
1191.66 2.01166e-36 
1191.67 2.5389e-36 
1191.68 3.20278e-36 
1191.69 4.0383e-36 
1191.7 5.08935e-36 
1191.71 6.41087e-36 
1191.72 8.07166e-36 
1191.73 1.0187e-35 
1191.74 1.28136e-35 
1191.75 1.61098e-35 
1191.76 2.02441e-35 
1191.77 2.54271e-35 
1191.78 3.19218e-35 
1191.79 4.00561e-35 
1191.8 5.02391e-35 
1191.81 6.29804e-35 
1191.82 7.89152e-35 
1191.83 9.88342e-35 
1191.84 1.23721e-34 
1191.85 1.54801e-34 
1191.86 1.93595e-34 
1191.87 2.41994e-34 
1191.88 3.02348e-34 
1191.89 3.77572e-34 
1191.9 4.71286e-34 
1191.91 5.87977e-34 
1191.92 7.33208e-34 
1191.92 9.13871e-34 
1191.93 1.1385e-33 
1191.94 1.41767e-33 
1191.95 1.76444e-33 
1191.96 2.19497e-33 
1191.97 2.72925e-33 
1191.98 3.40116e-33 
1191.99 4.22495e-33 
1192 5.24573e-33 
1192.01 6.51002e-33 
1192.02 8.07513e-33 
1192.03 1.00117e-32 
1192.04 1.24067e-32 
1192.05 1.53673e-32 
1192.06 1.90253e-32 
1192.07 2.35426e-32 
1192.08 2.91184e-32 
1192.09 3.59976e-32 
1192.1 4.44806e-32 
1192.11 5.49362e-32 
1192.12 6.78168e-32 
1192.13 8.36773e-32 
1192.14 1.03197e-31 
1192.15 1.2721e-31 
1192.16 1.56735e-31 
1192.17 1.93019e-31 
1192.18 2.37589e-31 
1192.19 2.9231e-31 
1192.2 3.59462e-31 
1192.21 4.41827e-31 
1192.22 5.42804e-31 
1192.23 6.6825e-31 
1192.24 8.20181e-31 
1192.25 1.00617e-30 
1192.26 1.23374e-30 
1192.27 1.51206e-30 
1192.28 1.85227e-30 
1192.29 2.26793e-30 
1192.3 2.77554e-30 
1192.31 3.39513e-30 
1192.32 4.15104e-30 
1192.33 5.07281e-30 
1192.34 6.19628e-30 
1192.34 7.56492e-30 
1192.35 9.23143e-30 
1192.36 1.12597e-29 
1192.37 1.37269e-29 
1192.38 1.67267e-29 
1192.39 2.03723e-29 
1192.4 2.48005e-29 
1192.41 3.01768e-29 
1192.42 3.67008e-29 
1192.43 4.46139e-29 
1192.44 5.4207e-29 
1192.45 6.58312e-29 
1192.46 7.99098e-29 
1192.47 9.69524e-29 
1192.48 1.17857e-28 
1192.49 1.42854e-28 
1192.5 1.7307e-28 
1192.51 2.09577e-28 
1192.52 2.53662e-28 
1192.53 3.06874e-28 
1192.54 3.71069e-28 
1192.55 4.48477e-28 
1192.56 5.41773e-28 
1192.57 6.54162e-28 
1192.58 7.89486e-28 
1192.59 9.52347e-28 
1192.6 1.14825e-27 
1192.61 1.38464e-27 
1192.62 1.66787e-27 
1192.63 2.00806e-27 
1192.64 2.41648e-27 
1192.65 2.90657e-27 
1192.66 3.49438e-27 
1192.67 4.19904e-27 
1192.68 5.04337e-27 
1192.69 6.05457e-27 
1192.7 7.26502e-27 
1192.71 8.71327e-27 
1192.72 1.04452e-26 
1192.73 1.25437e-26 
1192.74 1.50224e-26 
1192.75 1.79824e-26 
1192.76 2.15152e-26 
1192.77 2.57297e-26 
1192.77 3.07549e-26 
1192.78 3.67439e-26 
1192.79 4.38782e-26 
1192.8 5.23724e-26 
1192.81 6.24809e-26 
1192.82 7.45047e-26 
1192.83 8.87996e-26 
1192.84 1.05786e-25 
1192.85 1.25962e-25 
1192.86 1.49913e-25 
1192.87 1.78333e-25 
1192.88 2.12039e-25 
1192.89 2.51994e-25 
1192.9 2.99334e-25 
1192.91 3.55396e-25 
1192.92 4.21755e-25 
1192.93 5.00265e-25 
1192.94 5.93103e-25 
1192.95 7.02832e-25 
1192.96 8.32462e-25 
1192.97 9.85526e-25 
1192.98 1.16863e-24 
1192.99 1.38216e-24 
1193 1.63393e-24 
1193.01 1.93064e-24 
1193.02 2.28012e-24 
1193.03 2.69157e-24 
1193.04 3.17574e-24 
1193.05 3.74521e-24 
1193.06 4.41467e-24 
1193.07 5.20129e-24 
1193.08 6.12513e-24 
1193.09 7.2096e-24 
1193.1 8.48199e-24 
1193.11 9.97415e-24 
1193.12 1.17232e-23 
1193.13 1.37722e-23 
1193.14 1.61717e-23 
1193.15 1.89801e-23 
1193.16 2.22655e-23 
1193.17 2.6107e-23 
1193.18 3.05966e-23 
1193.19 3.58411e-23 
1193.19 4.19643e-23 
1193.2 4.91099e-23 
1193.21 5.74447e-23 
1193.22 6.73035e-23 
1193.23 7.86375e-23 
1193.24 9.18505e-23 
1193.25 1.07232e-22 
1193.26 1.25129e-22 
1193.27 1.45943e-22 
1193.28 1.70138e-22 
1193.29 1.98248e-22 
1193.3 2.30891e-22 
1193.31 2.6878e-22 
1193.32 3.12737e-22 
1193.33 3.63707e-22 
1193.34 4.2278e-22 
1193.35 4.91213e-22 
1193.36 5.70448e-22 
1193.37 6.62145e-22 
1193.38 7.68212e-22 
1193.39 8.90842e-22 
1193.4 1.03255e-21 
1193.41 1.19623e-21 
1193.42 1.38518e-21 
1193.43 1.60321e-21 
1193.44 1.85467e-21 
1193.45 2.14454e-21 
1193.46 2.47851e-21 
1193.47 2.86312e-21 
1193.48 3.31177e-21 
1193.49 3.82198e-21 
1193.5 4.40868e-21 
1193.51 5.083e-21 
1193.52 5.85764e-21 
1193.53 6.74708e-21 
1193.54 7.76785e-21 
1193.55 8.93875e-21 
1193.56 1.02812e-20 
1193.57 1.18196e-20 
1193.58 1.35816e-20 
1193.59 1.55989e-20 
1193.6 1.79071e-20 
1193.61 2.05597e-20 
1193.62 2.35793e-20 
1193.62 2.70294e-20 
1193.63 3.09694e-20 
1193.64 3.54667e-20 
1193.65 4.05976e-20 
1193.66 4.64483e-20 
1193.67 5.31168e-20 
1193.68 6.07134e-20 
1193.69 6.93631e-20 
1193.7 7.9207e-20 
1193.71 9.04045e-20 
1193.72 1.03135e-19 
1193.73 1.17795e-19 
1193.74 1.34253e-19 
1193.75 1.52937e-19 
1193.76 1.74138e-19 
1193.77 1.98182e-19 
1193.78 2.25438e-19 
1193.79 2.56319e-19 
1193.8 2.9129e-19 
1193.81 3.30873e-19 
1193.82 3.75654e-19 
1193.83 4.26292e-19 
1193.84 4.83522e-19 
1193.85 5.48172e-19 
1193.86 6.21168e-19 
1193.87 7.03546e-19 
1193.88 7.96466e-19 
1193.89 9.01224e-19 
1193.9 1.01927e-18 
1193.91 1.15223e-18 
1193.92 1.3019e-18 
1193.93 1.47031e-18 
1193.94 1.6597e-18 
1193.95 1.8726e-18 
1193.96 2.11178e-18 
1193.97 2.38037e-18 
1193.98 2.68582e-18 
1193.99 3.0245e-18 
1194 3.40424e-18 
1194.01 3.82982e-18 
1194.02 4.30653e-18 
1194.03 4.84026e-18 
1194.04 5.43752e-18 
1194.05 6.10554e-18 
1194.05 6.85234e-18 
1194.06 7.68679e-18 
1194.07 8.61871e-18 
1194.08 9.65898e-18 
1194.09 1.08196e-17 
1194.1 1.21139e-17 
1194.11 1.35564e-17 
1194.12 1.51635e-17 
1194.13 1.69529e-17 
1194.14 1.89444e-17 
1194.15 2.11597e-17 
1194.16 2.36227e-17 
1194.17 2.63597e-17 
1194.18 2.93997e-17 
1194.19 3.27745e-17 
1194.2 3.65192e-17 
1194.21 4.06723e-17 
1194.22 4.52758e-17 
1194.23 5.04434e-17 
1194.24 5.60987e-17 
1194.25 6.23581e-17 
1194.26 6.92826e-17 
1194.27 7.69391e-17 
1194.28 8.54008e-17 
1194.29 9.47476e-17 
1194.3 1.05067e-16 
1194.31 1.16454e-16 
1194.32 1.29014e-16 
1194.33 1.42859e-16 
1194.34 1.58115e-16 
1194.35 1.74916e-16 
1194.36 1.93409e-16 
1194.37 2.13755e-16 
1194.38 2.36128e-16 
1194.39 2.60718e-16 
1194.4 2.8773e-16 
1194.41 3.17389e-16 
1194.42 3.49938e-16 
1194.43 3.8564e-16 
1194.44 4.24781e-16 
1194.45 4.6767e-16 
1194.46 5.14643e-16 
1194.47 5.66063e-16 
1194.47 6.23093e-16 
1194.48 6.84652e-16 
1194.49 7.51974e-16 
1194.5 8.25521e-16 
1194.51 9.05829e-16 
1194.52 9.93474e-16 
1194.53 1.08908e-15 
1194.54 1.19331e-15 
1194.55 1.3069e-15 
1194.56 1.43062e-15 
1194.57 1.5653e-15 
1194.58 1.71184e-15 
1194.59 1.87121e-15 
1194.6 2.04445e-15 
1194.61 2.23403e-15 
1194.62 2.43854e-15 
1194.63 2.66049e-15 
1194.64 2.90127e-15 
1194.65 3.16234e-15 
1194.66 3.44526e-15 
1194.67 3.75171e-15 
1194.68 4.08349e-15 
1194.69 4.44251e-15 
1194.7 4.8308e-15 
1194.71 5.25054e-15 
1194.72 5.70407e-15 
1194.73 6.2002e-15 
1194.74 6.72936e-15 
1194.75 7.30024e-15 
1194.76 7.91583e-15 
1194.77 8.57929e-15 
1194.78 9.294e-15 
1194.79 1.00635e-14 
1194.8 1.08917e-14 
1194.81 1.17825e-14 
1194.82 1.27402e-14 
1194.83 1.37694e-14 
1194.84 1.48747e-14 
1194.85 1.60614e-14 
1194.86 1.73347e-14 
1194.87 1.87003e-14 
1194.88 2.01642e-14 
1194.89 2.17326e-14 
1194.9 2.34124e-14 
1194.9 2.52105e-14 
1194.91 2.71343e-14 
1194.92 2.91916e-14 
1194.93 3.13907e-14 
1194.94 3.37402e-14 
1194.95 3.62493e-14 
1194.96 3.89275e-14 
1194.97 4.1785e-14 
1194.98 4.48717e-14 
1194.99 4.81226e-14 
1195 5.15863e-14 
1195.01 5.52752e-14 
1195.02 5.92022e-14 
1195.03 6.33808e-14 
1195.04 6.78251e-14 
1195.05 7.25502e-14 
1195.06 7.75717e-14 
1195.07 8.29058e-14 
1195.08 8.857e-14 
1195.09 9.4582e-14 
1195.1 1.00961e-13 
1195.11 1.07727e-13 
1195.12 1.149e-13 
1195.13 1.22502e-13 
1195.14 1.30556e-13 
1195.15 1.39086e-13 
1195.16 1.48117e-13 
1195.17 1.57676e-13 
1195.18 1.6779e-13 
1195.19 1.78488e-13 
1195.2 1.89801e-13 
1195.21 2.0176e-13 
1195.22 2.14401e-13 
1195.23 2.27929e-13 
1195.24 2.4205e-13 
1195.25 2.56964e-13 
1195.26 2.72714e-13 
1195.27 2.89345e-13 
1195.28 3.06901e-13 
1195.29 3.25434e-13 
1195.3 3.44995e-13 
1195.31 3.65641e-13 
1195.32 3.87429e-13 
1195.32 4.10423e-13 
1195.33 4.3469e-13 
1195.34 4.603e-13 
1195.35 4.87331e-13 
1195.36 5.15863e-13 
1195.37 5.45982e-13 
1195.38 5.77783e-13 
1195.39 6.11366e-13 
1195.4 6.46836e-13 
1195.41 6.8431e-13 
1195.42 7.23912e-13 
1195.43 7.65775e-13 
1195.44 8.10043e-13 
1195.45 8.56873e-13 
1195.46 9.06431e-13 
1195.47 9.58901e-13 
1195.48 1.01519e-12 
1195.49 1.07414e-12 
1195.5 1.13663e-12 
1195.51 1.20294e-12 
1195.52 1.27332e-12 
1195.53 1.34807e-12 
1195.54 1.42753e-12 
1195.55 1.51203e-12 
1195.56 1.60195e-12 
1195.57 1.69771e-12 
1195.58 1.79976e-12 
1195.59 1.90859e-12 
1195.6 2.02473e-12 
1195.61 2.15009e-12 
1195.62 2.28273e-12 
1195.63 2.42458e-12 
1195.64 2.5764e-12 
1195.65 2.739e-12 
1195.66 2.91326e-12 
1195.67 3.10017e-12 
1195.68 3.30076e-12 
1195.69 3.51619e-12 
1195.7 3.7477e-12 
1195.71 3.99665e-12 
1195.72 4.26451e-12 
1195.73 4.55664e-12 
1195.74 4.86758e-12 
1195.75 5.2027e-12 
1195.75 5.56407e-12 
1195.76 5.95394e-12 
1195.77 6.37473e-12 
1195.78 6.8291e-12 
1195.79 7.3199e-12 
1195.8 7.85026e-12 
1195.81 8.42355e-12 
1195.82 9.04343e-12 
1195.83 9.71387e-12 
1195.84 1.04392e-11 
1195.85 1.1224e-11 
1195.86 1.20733e-11 
1195.87 1.29927e-11 
1195.88 1.3988e-11 
1195.89 1.50656e-11 
1195.9 1.62324e-11 
1195.91 1.74958e-11 
1195.92 1.88639e-11 
1195.93 2.03454e-11 
1195.94 2.19497e-11 
1195.95 2.36869e-11 
1195.96 2.55678e-11 
1195.97 2.76043e-11 
1195.98 2.98377e-11 
1195.99 3.22267e-11 
1196 3.48124e-11 
1196.01 3.76106e-11 
1196.02 4.06384e-11 
1196.03 4.39141e-11 
1196.04 4.74573e-11 
1196.05 5.12891e-11 
1196.06 5.54322e-11 
1196.07 5.99109e-11 
1196.08 6.47514e-11 
1196.09 6.99816e-11 
1196.1 7.56316e-11 
1196.11 8.17334e-11 
1196.12 8.83216e-11 
1196.13 9.5433e-11 
1196.14 1.03107e-10 
1196.15 1.11386e-10 
1196.16 1.20315e-10 
1196.17 1.29941e-10 
1196.17 1.40318e-10 
1196.18 1.51499e-10 
1196.19 1.63543e-10 
1196.2 1.76514e-10 
1196.21 1.90477e-10 
1196.22 2.05706e-10 
1196.23 2.2188e-10 
1196.24 2.39283e-10 
1196.25 2.57993e-10 
1196.26 2.78102e-10 
1196.27 2.99708e-10 
1196.28 3.22913e-10 
1196.29 3.47828e-10 
1196.3 3.7457e-10 
1196.31 4.03263e-10 
1196.32 4.34038e-10 
1196.33 4.67035e-10 
1196.34 5.02402e-10 
1196.35 5.40296e-10 
1196.36 5.80882e-10 
1196.37 6.24338e-10 
1196.38 6.7085e-10 
1196.39 7.20613e-10 
1196.4 7.73837e-10 
1196.41 8.30742e-10 
1196.42 8.91561e-10 
1196.43 9.56539e-10 
1196.44 1.02594e-09 
1196.45 1.10003e-09 
1196.46 1.17909e-09 
1196.47 1.26345e-09 
1196.48 1.35457e-09 
1196.49 1.45055e-09 
1196.5 1.55283e-09 
1196.51 1.66179e-09 
1196.52 1.77782e-09 
1196.53 1.90132e-09 
1196.54 2.03275e-09 
1196.55 2.17255e-09 
1196.56 2.3212e-09 
1196.57 2.4792e-09 
1196.58 2.64708e-09 
1196.59 2.8254e-09 
1196.6 3.01472e-09 
1196.6 3.21763e-09 
1196.61 3.43095e-09 
1196.62 3.65718e-09 
1196.63 3.89702e-09 
1196.64 4.15119e-09 
1196.65 4.42045e-09 
1196.66 4.70559e-09 
1196.67 5.00743e-09 
1196.68 5.32683e-09 
1196.69 5.66469e-09 
1196.7 6.02193e-09 
1196.71 6.39954e-09 
1196.72 6.79851e-09 
1196.73 7.22531e-09 
1196.74 7.67051e-09 
1196.75 8.14036e-09 
1196.76 8.63606e-09 
1196.77 9.15881e-09 
1196.78 9.7099e-09 
1196.79 1.02906e-08 
1196.8 1.09024e-08 
1196.81 1.15465e-08 
1196.82 1.22245e-08 
1196.83 1.29379e-08 
1196.84 1.36883e-08 
1196.85 1.44772e-08 
1196.86 1.53064e-08 
1196.87 1.61774e-08 
1196.88 1.70922e-08 
1196.89 1.80526e-08 
1196.9 1.90603e-08 
1196.91 2.01174e-08 
1196.92 2.12258e-08 
1196.93 2.23877e-08 
1196.94 2.3605e-08 
1196.95 2.48799e-08 
1196.96 2.62147e-08 
1196.97 2.76117e-08 
1196.98 2.90917e-08 
1196.99 3.06208e-08 
1197 3.22192e-08 
1197.01 3.38893e-08 
1197.02 3.56338e-08 
1197.03 3.74551e-08 
1197.03 3.93561e-08 
1197.04 4.13393e-08 
1197.05 4.34075e-08 
1197.06 4.55635e-08 
1197.07 4.78101e-08 
1197.08 5.01503e-08 
1197.09 5.25869e-08 
1197.1 5.51229e-08 
1197.11 5.77614e-08 
1197.12 6.05053e-08 
1197.13 6.33578e-08 
1197.14 6.63219e-08 
1197.15 6.94009e-08 
1197.16 7.25978e-08 
1197.17 7.59158e-08 
1197.18 7.93581e-08 
1197.19 8.2928e-08 
1197.2 8.66287e-08 
1197.21 9.04633e-08 
1197.22 9.44353e-08 
1197.23 9.85999e-08 
1197.24 1.02858e-07 
1197.25 1.07263e-07 
1197.26 1.11818e-07 
1197.27 1.16526e-07 
1197.28 1.21391e-07 
1197.29 1.26415e-07 
1197.3 1.31602e-07 
1197.31 1.36955e-07 
1197.32 1.42476e-07 
1197.33 1.48169e-07 
1197.34 1.54037e-07 
1197.35 1.60081e-07 
1197.36 1.66306e-07 
1197.37 1.72713e-07 
1197.38 1.79305e-07 
1197.39 1.86085e-07 
1197.4 1.93055e-07 
1197.41 2.00217e-07 
1197.42 2.07573e-07 
1197.43 2.15126e-07 
1197.44 2.22876e-07 
1197.45 2.30827e-07 
1197.45 2.38979e-07 
1197.46 2.47333e-07 
1197.47 2.55891e-07 
1197.48 2.64766e-07 
1197.49 2.73738e-07 
1197.5 2.82917e-07 
1197.51 2.92303e-07 
1197.52 3.01896e-07 
1197.53 3.11697e-07 
1197.54 3.21706e-07 
1197.55 3.31921e-07 
1197.56 3.42344e-07 
1197.57 3.52972e-07 
1197.58 3.63805e-07 
1197.59 3.74841e-07 
1197.6 3.8608e-07 
1197.61 3.97763e-07 
1197.62 4.09407e-07 
1197.63 4.21247e-07 
1197.64 4.33281e-07 
1197.65 4.45505e-07 
1197.66 4.57916e-07 
1197.67 4.70511e-07 
1197.68 4.83287e-07 
1197.69 4.96239e-07 
1197.7 5.09363e-07 
1197.71 5.22655e-07 
1197.72 5.36109e-07 
1197.73 5.49892e-07 
1197.74 5.63657e-07 
1197.75 5.77569e-07 
1197.76 5.9162e-07 
1197.77 6.05806e-07 
1197.78 6.20119e-07 
1197.79 6.34552e-07 
1197.8 6.49098e-07 
1197.81 6.63749e-07 
1197.82 6.78499e-07 
1197.83 6.93338e-07 
1197.84 7.08259e-07 
1197.85 7.23253e-07 
1197.86 7.38311e-07 
1197.87 7.53425e-07 
1197.88 7.68584e-07 
1197.88 7.8378e-07 
1197.89 7.99003e-07 
1197.9 8.14242e-07 
1197.91 8.29488e-07 
1197.92 8.44731e-07 
1197.93 8.59959e-07 
1197.94 8.75162e-07 
1197.95 8.9033e-07 
1197.96 9.05451e-07 
1197.97 9.20515e-07 
1197.98 9.35697e-07 
1197.99 9.5061e-07 
1198 9.65432e-07 
1198.01 9.8015e-07 
1198.02 9.94754e-07 
1198.03 1.00923e-06 
1198.04 1.02357e-06 
1198.05 1.03776e-06 
1198.06 1.05179e-06 
1198.07 1.06565e-06 
1198.08 1.07932e-06 
1198.09 1.0928e-06 
1198.1 1.10608e-06 
1198.11 1.11913e-06 
1198.12 1.13195e-06 
1198.13 1.14454e-06 
1198.14 1.15687e-06 
1198.15 1.16895e-06 
1198.16 1.18075e-06 
1198.17 1.19227e-06 
1198.18 1.2035e-06 
1198.19 1.21442e-06 
1198.2 1.22504e-06 
1198.21 1.23533e-06 
1198.22 1.24529e-06 
1198.23 1.25504e-06 
1198.24 1.26431e-06 
1198.25 1.27323e-06 
1198.26 1.28179e-06 
1198.27 1.28997e-06 
1198.28 1.29778e-06 
1198.29 1.30521e-06 
1198.3 1.31225e-06 
1198.3 1.3189e-06 
1198.31 1.32514e-06 
1198.32 1.33098e-06 
1198.33 1.33641e-06 
1198.34 1.34143e-06 
1198.35 1.34603e-06 
1198.36 1.35022e-06 
1198.37 1.35398e-06 
1198.38 1.35732e-06 
1198.39 1.36023e-06 
1198.4 1.36272e-06 
1198.41 1.36478e-06 
1198.42 1.36642e-06 
1198.43 1.36763e-06 
1198.44 1.36842e-06 
1198.45 1.36878e-06 
1198.46 1.36873e-06 
1198.47 1.36826e-06 
1198.48 1.36736e-06 
1198.49 1.36606e-06 
1198.5 1.36435e-06 
1198.51 1.36225e-06 
1198.52 1.35975e-06 
1198.53 1.35685e-06 
1198.54 1.35358e-06 
1198.55 1.34993e-06 
1198.56 1.3459e-06 
1198.57 1.34152e-06 
1198.58 1.33678e-06 
1198.59 1.3317e-06 
1198.6 1.32628e-06 
1198.61 1.32135e-06 
1198.62 1.31528e-06 
1198.63 1.30891e-06 
1198.64 1.30224e-06 
1198.65 1.29529e-06 
1198.66 1.28806e-06 
1198.67 1.28056e-06 
1198.68 1.27282e-06 
1198.69 1.26484e-06 
1198.7 1.25663e-06 
1198.71 1.24821e-06 
1198.72 1.23959e-06 
1198.73 1.23066e-06 
1198.73 1.22168e-06 
1198.74 1.21253e-06 
1198.75 1.20323e-06 
1198.76 1.1938e-06 
1198.77 1.18425e-06 
1198.78 1.1746e-06 
1198.79 1.16485e-06 
1198.8 1.15502e-06 
1198.81 1.14513e-06 
1198.82 1.13519e-06 
1198.83 1.12521e-06 
1198.84 1.11521e-06 
1198.85 1.1052e-06 
1198.86 1.09519e-06 
1198.87 1.0852e-06 
1198.88 1.07525e-06 
1198.89 1.06534e-06 
1198.9 1.05549e-06 
1198.91 1.04571e-06 
1198.92 1.03601e-06 
1198.93 1.02641e-06 
1198.94 1.01692e-06 
1198.95 1.00754e-06 
1198.96 9.98305e-07 
1198.97 9.89209e-07 
1198.98 9.80156e-07 
1198.99 9.71382e-07 
1199 9.62784e-07 
1199.01 9.54371e-07 
1199.02 9.46154e-07 
1199.03 9.38141e-07 
1199.04 9.30342e-07 
1199.05 9.22764e-07 
1199.06 9.15417e-07 
1199.07 9.08306e-07 
1199.08 9.0144e-07 
1199.09 8.94825e-07 
1199.1 8.88468e-07 
1199.11 8.82373e-07 
1199.12 8.76546e-07 
1199.13 8.70993e-07 
1199.14 8.65716e-07 
1199.15 8.60721e-07 
1199.15 8.5601e-07 
1199.16 8.51586e-07 
1199.17 8.47451e-07 
1199.18 8.43608e-07 
1199.19 8.40057e-07 
1199.2 8.368e-07 
1199.21 8.33837e-07 
1199.22 8.31138e-07 
1199.23 8.28763e-07 
1199.24 8.26683e-07 
1199.25 8.24893e-07 
1199.26 8.23392e-07 
1199.27 8.22177e-07 
1199.28 8.21246e-07 
1199.29 8.20594e-07 
1199.3 8.2022e-07 
1199.31 8.20118e-07 
1199.32 8.20284e-07 
1199.33 8.20712e-07 
1199.34 8.21399e-07 
1199.35 8.22339e-07 
1199.36 8.23524e-07 
1199.37 8.24951e-07 
1199.38 8.26611e-07 
1199.39 8.28499e-07 
1199.4 8.30606e-07 
1199.41 8.32927e-07 
1199.42 8.35453e-07 
1199.43 8.38177e-07 
1199.44 8.41092e-07 
1199.45 8.44188e-07 
1199.46 8.47459e-07 
1199.47 8.50895e-07 
1199.48 8.54535e-07 
1199.49 8.58281e-07 
1199.5 8.62167e-07 
1199.51 8.66186e-07 
1199.52 8.70329e-07 
1199.53 8.74588e-07 
1199.54 8.78955e-07 
1199.55 8.83422e-07 
1199.56 8.87981e-07 
1199.57 8.92624e-07 
1199.58 8.97343e-07 
1199.58 9.02131e-07 
1199.59 9.06981e-07 
1199.6 9.11886e-07 
1199.61 9.17403e-07 
1199.62 9.22401e-07 
1199.63 9.27436e-07 
1199.64 9.32501e-07 
1199.65 9.37591e-07 
1199.66 9.42702e-07 
1199.67 9.47829e-07 
1199.68 9.52969e-07 
1199.69 9.58117e-07 
1199.7 9.63272e-07 
1199.71 9.68431e-07 
1199.72 9.73592e-07 
1199.73 9.78819e-07 
1199.74 9.83982e-07 
1199.75 9.89146e-07 
1199.76 9.94312e-07 
1199.77 9.9948e-07 
1199.78 1.00465e-06 
1199.79 1.00984e-06 
1199.8 1.01503e-06 
1199.81 1.02024e-06 
1199.82 1.02547e-06 
1199.83 1.03072e-06 
1199.84 1.03601e-06 
1199.85 1.04134e-06 
1199.86 1.04672e-06 
1199.87 1.05215e-06 
1199.88 1.05765e-06 
1199.89 1.06323e-06 
1199.9 1.0689e-06 
1199.91 1.07466e-06 
1199.92 1.08054e-06 
1199.93 1.08654e-06 
1199.94 1.09269e-06 
1199.95 1.09898e-06 
1199.96 1.10545e-06 
1199.97 1.1121e-06 
1199.98 1.11905e-06 
1199.99 1.12613e-06 
1200 1.13344e-06 
1200.01 1.14102e-06 
1200.01 1.14887e-06 
1200.02 1.15702e-06 
1200.03 1.16548e-06 
1200.04 1.17429e-06 
1200.05 1.18345e-06 
1200.06 1.19298e-06 
1200.07 1.20292e-06 
1200.08 1.21329e-06 
1200.09 1.2241e-06 
1200.1 1.23537e-06 
1200.11 1.24714e-06 
1200.12 1.25942e-06 
1200.13 1.27223e-06 
1200.14 1.28561e-06 
1200.15 1.29956e-06 
1200.16 1.31411e-06 
1200.17 1.32929e-06 
1200.18 1.34511e-06 
1200.19 1.3616e-06 
1200.2 1.37878e-06 
1200.21 1.39666e-06 
1200.22 1.41527e-06 
1200.23 1.43487e-06 
1200.24 1.455e-06 
1200.25 1.4759e-06 
1200.26 1.49761e-06 
1200.27 1.52012e-06 
1200.28 1.54346e-06 
1200.29 1.56764e-06 
1200.3 1.59267e-06 
1200.31 1.61856e-06 
1200.32 1.64531e-06 
1200.33 1.67295e-06 
1200.34 1.70146e-06 
1200.35 1.73087e-06 
1200.36 1.76116e-06 
1200.37 1.79234e-06 
1200.38 1.82442e-06 
1200.39 1.85738e-06 
1200.4 1.89122e-06 
1200.41 1.92594e-06 
1200.42 1.96153e-06 
1200.43 1.99798e-06 
1200.43 2.03527e-06 
1200.44 2.07339e-06 
1200.45 2.11233e-06 
1200.46 2.15206e-06 
1200.47 2.19256e-06 
1200.48 2.23434e-06 
1200.49 2.27633e-06 
1200.5 2.31902e-06 
1200.51 2.36238e-06 
1200.52 2.40637e-06 
1200.53 2.45096e-06 
1200.54 2.49612e-06 
1200.55 2.54181e-06 
1200.56 2.58798e-06 
1200.57 2.6346e-06 
1200.58 2.68162e-06 
1200.59 2.72899e-06 
1200.6 2.77666e-06 
1200.61 2.82632e-06 
1200.62 2.87448e-06 
1200.63 2.92279e-06 
1200.64 2.9712e-06 
1200.65 3.01963e-06 
1200.66 3.06805e-06 
1200.67 3.11639e-06 
1200.68 3.16459e-06 
1200.69 3.21258e-06 
1200.7 3.26031e-06 
1200.71 3.30771e-06 
1200.72 3.35471e-06 
1200.73 3.40184e-06 
1200.74 3.44785e-06 
1200.75 3.49328e-06 
1200.76 3.53805e-06 
1200.77 3.5821e-06 
1200.78 3.62536e-06 
1200.79 3.66777e-06 
1200.8 3.70926e-06 
1200.81 3.74977e-06 
1200.82 3.78923e-06 
1200.83 3.82758e-06 
1200.84 3.86476e-06 
1200.85 3.90071e-06 
1200.85 3.93537e-06 
1200.86 3.96867e-06 
1200.87 4.00057e-06 
1200.88 4.03101e-06 
1200.89 4.05993e-06 
1200.9 4.08729e-06 
1200.91 4.11303e-06 
1200.92 4.13711e-06 
1200.93 4.15949e-06 
1200.94 4.18011e-06 
1200.95 4.19895e-06 
1200.96 4.21596e-06 
1200.97 4.23112e-06 
1200.98 4.24453e-06 
1200.99 4.25585e-06 
1201 4.26523e-06 
1201.01 4.27264e-06 
1201.02 4.27806e-06 
1201.03 4.28148e-06 
1201.04 4.28288e-06 
1201.05 4.28226e-06 
1201.06 4.27961e-06 
1201.07 4.27493e-06 
1201.08 4.2682e-06 
1201.09 4.25945e-06 
1201.1 4.24867e-06 
1201.11 4.23588e-06 
1201.12 4.22109e-06 
1201.13 4.20431e-06 
1201.14 4.18556e-06 
1201.15 4.16487e-06 
1201.16 4.14226e-06 
1201.17 4.11776e-06 
1201.18 4.0914e-06 
1201.19 4.06322e-06 
1201.2 4.03324e-06 
1201.21 4.00152e-06 
1201.22 3.96809e-06 
1201.23 3.93255e-06 
1201.24 3.89582e-06 
1201.25 3.85753e-06 
1201.26 3.81772e-06 
1201.27 3.77644e-06 
1201.28 3.73376e-06 
1201.28 3.68972e-06 
1201.29 3.64439e-06 
1201.3 3.59783e-06 
1201.31 3.55009e-06 
1201.32 3.50123e-06 
1201.33 3.45133e-06 
1201.34 3.40043e-06 
1201.35 3.34862e-06 
1201.36 3.29594e-06 
1201.37 3.24247e-06 
1201.38 3.18828e-06 
1201.39 3.13342e-06 
1201.4 3.07796e-06 
1201.41 3.02198e-06 
1201.42 2.96552e-06 
1201.43 2.90866e-06 
1201.44 2.85147e-06 
1201.45 2.794e-06 
1201.46 2.73632e-06 
1201.47 2.67849e-06 
1201.48 2.61985e-06 
1201.49 2.5619e-06 
1201.5 2.50398e-06 
1201.51 2.44615e-06 
1201.52 2.38846e-06 
1201.53 2.33098e-06 
1201.54 2.27374e-06 
1201.55 2.21681e-06 
1201.56 2.16022e-06 
1201.57 2.10404e-06 
1201.58 2.04831e-06 
1201.59 1.99306e-06 
1201.6 1.93835e-06 
1201.61 1.88537e-06 
1201.62 1.83182e-06 
1201.63 1.77891e-06 
1201.64 1.72669e-06 
1201.65 1.67518e-06 
1201.66 1.62443e-06 
1201.67 1.57445e-06 
1201.68 1.52527e-06 
1201.69 1.47692e-06 
1201.7 1.42943e-06 
1201.7 1.3828e-06 
1201.71 1.33707e-06 
1201.72 1.29169e-06 
1201.73 1.2478e-06 
1201.74 1.20485e-06 
1201.75 1.16284e-06 
1201.76 1.12179e-06 
1201.77 1.08171e-06 
1201.78 1.04259e-06 
1201.79 1.00446e-06 
1201.8 9.67298e-07 
1201.81 9.31119e-07 
1201.82 8.95919e-07 
1201.83 8.61697e-07 
1201.84 8.2845e-07 
1201.85 7.96174e-07 
1201.86 7.64863e-07 
1201.87 7.3451e-07 
1201.88 7.05108e-07 
1201.89 6.76647e-07 
1201.9 6.49118e-07 
1201.91 6.22509e-07 
1201.92 5.96809e-07 
1201.93 5.72005e-07 
1201.94 5.48083e-07 
1201.95 5.25029e-07 
1201.96 5.02829e-07 
1201.97 4.81466e-07 
1201.98 4.60674e-07 
1201.99 4.40949e-07 
1202 4.22012e-07 
1202.01 4.03845e-07 
1202.02 3.86432e-07 
1202.03 3.69754e-07 
1202.04 3.53793e-07 
1202.05 3.3853e-07 
1202.06 3.23948e-07 
1202.07 3.10026e-07 
1202.08 2.96747e-07 
1202.09 2.84092e-07 
1202.1 2.72041e-07 
1202.11 2.60576e-07 
1202.12 2.49679e-07 
1202.13 2.39331e-07 
1202.13 2.29513e-07 
1202.14 2.20206e-07 
1202.15 2.11394e-07 
1202.16 2.03057e-07 
1202.17 1.95178e-07 
1202.18 1.8774e-07 
1202.19 1.80725e-07 
1202.2 1.74117e-07 
1202.21 1.67899e-07 
1202.22 1.61985e-07 
1202.23 1.56499e-07 
1202.24 1.51357e-07 
1202.25 1.46541e-07 
1202.26 1.42036e-07 
1202.27 1.37827e-07 
1202.28 1.33901e-07 
1202.29 1.30243e-07 
1202.3 1.26839e-07 
1202.31 1.23677e-07 
1202.32 1.20743e-07 
1202.33 1.18025e-07 
1202.34 1.15511e-07 
1202.35 1.1319e-07 
1202.36 1.1105e-07 
1202.37 1.09079e-07 
1202.38 1.07268e-07 
1202.39 1.05606e-07 
1202.4 1.04084e-07 
1202.41 1.02691e-07 
1202.42 1.01419e-07 
1202.43 1.00258e-07 
1202.44 9.92011e-08 
1202.45 9.82393e-08 
1202.46 9.73648e-08 
1202.47 9.65702e-08 
1202.48 9.58398e-08 
1202.49 9.51847e-08 
1202.5 9.45889e-08 
1202.51 9.40461e-08 
1202.52 9.35505e-08 
1202.53 9.30964e-08 
1202.54 9.26784e-08 
1202.55 9.22915e-08 
1202.56 9.19308e-08 
1202.56 9.15918e-08 
1202.57 9.127e-08 
1202.58 9.09616e-08 
1202.59 9.06627e-08 
1202.6 9.03697e-08 
1202.61 9.01345e-08 
1202.62 8.98432e-08 
1202.63 8.95485e-08 
1202.64 8.92475e-08 
1202.65 8.89378e-08 
1202.66 8.86171e-08 
1202.67 8.82833e-08 
1202.68 8.79343e-08 
1202.69 8.75685e-08 
1202.7 8.71842e-08 
1202.71 8.67801e-08 
1202.72 8.63548e-08 
1202.73 8.59016e-08 
1202.74 8.54306e-08 
1202.75 8.49355e-08 
1202.76 8.44157e-08 
1202.77 8.38707e-08 
1202.78 8.32999e-08 
1202.79 8.27031e-08 
1202.8 8.20802e-08 
1202.81 8.14309e-08 
1202.82 8.07553e-08 
1202.83 8.00536e-08 
1202.84 7.93259e-08 
1202.85 7.85726e-08 
1202.86 7.7794e-08 
1202.87 7.69906e-08 
1202.88 7.61629e-08 
1202.89 7.53116e-08 
1202.9 7.44372e-08 
1202.91 7.35406e-08 
1202.92 7.26224e-08 
1202.93 7.16836e-08 
1202.94 7.07249e-08 
1202.95 6.97474e-08 
1202.96 6.8752e-08 
1202.97 6.77396e-08 
1202.98 6.67113e-08 
1202.98 6.5655e-08 
1202.99 6.45979e-08 
1203 6.3528e-08 
1203.01 6.24466e-08 
1203.02 6.13547e-08 
1203.03 6.02534e-08 
1203.04 5.91438e-08 
1203.05 5.80271e-08 
1203.06 5.69044e-08 
1203.07 5.57768e-08 
1203.08 5.46455e-08 
1203.09 5.35114e-08 
1203.1 5.23758e-08 
1203.11 5.12397e-08 
1203.12 5.01041e-08 
1203.13 4.89701e-08 
1203.14 4.78387e-08 
1203.15 4.67109e-08 
1203.16 4.55876e-08 
1203.17 4.44699e-08 
1203.18 4.33586e-08 
1203.19 4.22546e-08 
1203.2 4.11588e-08 
1203.21 4.00719e-08 
1203.22 3.89948e-08 
1203.23 3.7915e-08 
1203.24 3.68599e-08 
1203.25 3.58167e-08 
1203.26 3.47862e-08 
1203.27 3.37688e-08 
1203.28 3.27653e-08 
1203.29 3.17761e-08 
1203.3 3.08019e-08 
1203.31 2.98429e-08 
1203.32 2.88997e-08 
1203.33 2.79727e-08 
1203.34 2.70623e-08 
1203.35 2.61687e-08 
1203.36 2.52923e-08 
1203.37 2.44334e-08 
1203.38 2.35921e-08 
1203.39 2.27687e-08 
1203.4 2.19633e-08 
1203.41 2.1176e-08 
1203.41 2.04071e-08 
1203.42 1.96564e-08 
1203.43 1.89242e-08 
1203.44 1.82103e-08 
1203.45 1.75148e-08 
1203.46 1.68377e-08 
1203.47 1.61788e-08 
1203.48 1.55303e-08 
1203.49 1.49079e-08 
1203.5 1.43035e-08 
1203.51 1.37169e-08 
1203.52 1.3148e-08 
1203.53 1.25965e-08 
1203.54 1.20622e-08 
1203.55 1.1545e-08 
1203.56 1.10446e-08 
1203.57 1.05607e-08 
1203.58 1.0093e-08 
1203.59 9.64138e-09 
1203.6 9.20546e-09 
1203.61 8.79034e-09 
1203.62 8.38471e-09 
1203.63 7.99389e-09 
1203.64 7.61757e-09 
1203.65 7.25542e-09 
1203.66 6.90711e-09 
1203.67 6.57232e-09 
1203.68 6.2507e-09 
1203.69 5.94191e-09 
1203.7 5.64563e-09 
1203.71 5.3615e-09 
1203.72 5.08918e-09 
1203.73 4.82515e-09 
1203.74 4.57558e-09 
1203.75 4.33679e-09 
1203.76 4.10847e-09 
1203.77 3.89026e-09 
1203.78 3.68184e-09 
1203.79 3.48289e-09 
1203.8 3.29308e-09 
1203.81 3.1121e-09 
1203.82 2.93963e-09 
1203.83 2.77536e-09 
1203.83 2.61899e-09 
1203.84 2.47022e-09 
1203.85 2.32877e-09 
1203.86 2.19434e-09 
1203.87 2.06667e-09 
1203.88 1.94547e-09 
1203.89 1.83049e-09 
1203.9 1.72146e-09 
1203.91 1.61813e-09 
1203.92 1.52027e-09 
1203.93 1.42763e-09 
1203.94 1.33997e-09 
1203.95 1.25709e-09 
1203.96 1.17876e-09 
1203.97 1.10476e-09 
1203.98 1.03406e-09 
1203.99 9.68202e-10 
1204 9.06093e-10 
1204.01 8.47554e-10 
1204.02 7.9241e-10 
1204.03 7.40492e-10 
1204.04 6.91638e-10 
1204.05 6.45692e-10 
1204.06 6.02504e-10 
1204.07 5.6193e-10 
1204.08 5.23833e-10 
1204.09 4.8808e-10 
1204.1 4.54545e-10 
1204.11 4.23108e-10 
1204.12 3.93652e-10 
1204.13 3.66069e-10 
1204.14 3.40252e-10 
1204.15 3.16101e-10 
1204.16 2.93522e-10 
1204.17 2.72422e-10 
1204.18 2.52715e-10 
1204.19 2.3432e-10 
1204.2 2.17157e-10 
1204.21 2.01154e-10 
1204.22 1.86238e-10 
1204.23 1.72177e-10 
1204.24 1.59254e-10 
1204.25 1.47229e-10 
1204.26 1.36045e-10 
1204.26 1.2565e-10 
1204.27 1.15992e-10 
1204.28 1.07024e-10 
1204.29 9.87017e-11 
1204.3 9.09818e-11 
1204.31 8.38248e-11 
1204.32 7.71931e-11 
1204.33 7.10514e-11 
1204.34 6.53664e-11 
1204.35 6.01069e-11 
1204.36 5.52436e-11 
1204.37 5.0749e-11 
1204.38 4.65973e-11 
1204.39 4.27644e-11 
1204.4 3.92276e-11 
1204.41 3.59658e-11 
1204.42 3.2959e-11 
1204.43 3.01889e-11 
1204.44 2.76382e-11 
1204.45 2.52905e-11 
1204.46 2.3131e-11 
1204.47 2.11456e-11 
1204.48 1.92993e-11 
1204.49 1.76254e-11 
1204.5 1.60889e-11 
1204.51 1.46791e-11 
1204.52 1.33864e-11 
1204.53 1.22015e-11 
1204.54 1.1116e-11 
1204.55 1.01222e-11 
1204.56 9.21276e-12 
1204.57 8.38091e-12 
1204.58 7.62046e-12 
1204.59 6.92562e-12 
1204.6 6.29106e-12 
1204.61 5.71186e-12 
1204.62 5.18662e-12 
1204.63 4.70451e-12 
1204.64 4.26512e-12 
1204.65 3.86488e-12 
1204.66 3.50049e-12 
1204.67 3.16891e-12 
1204.68 2.86734e-12 
1204.68 2.5932e-12 
1204.69 2.34413e-12 
1204.7 2.11794e-12 
1204.71 1.91265e-12 
1204.72 1.72419e-12 
1204.73 1.55553e-12 
1204.74 1.40269e-12 
1204.75 1.26424e-12 
1204.76 1.13891e-12 
1204.77 1.0255e-12 
1204.78 9.22928e-13 
1204.79 8.30213e-13 
1204.8 7.46447e-13 
1204.81 6.70805e-13 
1204.82 6.02534e-13 
1204.83 5.40947e-13 
1204.84 4.85418e-13 
1204.85 4.35377e-13 
1204.86 3.90303e-13 
1204.87 3.49725e-13 
1204.88 3.13213e-13 
1204.89 2.80376e-13 
1204.9 2.50859e-13 
1204.91 2.2434e-13 
1204.92 2.00526e-13 
1204.93 1.79153e-13 
1204.94 1.59979e-13 
1204.95 1.42788e-13 
1204.96 1.27382e-13 
1204.97 1.13583e-13 
1204.98 1.01083e-13 
1204.99 9.00444e-14 
1205 8.01719e-14 
1205.01 7.1347e-14 
1205.02 6.34625e-14 
1205.03 5.64217e-14 
1205.04 5.01376e-14 
1205.05 4.45316e-14 
1205.06 3.95332e-14 
1205.07 3.50786e-14 
1205.08 3.11108e-14 
1205.09 2.75784e-14 
1205.1 2.44351e-14 
1205.11 2.16395e-14 
1205.11 1.91543e-14 
1205.12 1.69463e-14 
1205.13 1.49855e-14 
1205.14 1.32451e-14 
1205.15 1.17012e-14 
1205.16 1.03321e-14 
1205.17 9.1188e-15 
1205.18 8.04403e-15 
1205.19 7.09248e-15 
1205.2 6.25043e-15 
1205.21 5.50567e-15 
1205.22 4.84001e-15 
1205.23 4.25872e-15 
1205.24 3.74576e-15 
1205.25 3.29298e-15 
1205.26 2.89352e-15 
1205.27 2.54127e-15 
1205.28 2.23082e-15 
1205.29 1.95733e-15 
1205.3 1.71654e-15 
1205.31 1.50463e-15 
1205.32 1.31824e-15 
1205.33 1.15438e-15 
1205.34 1.01039e-15 
1205.35 8.83927e-16 
1205.36 7.72917e-16 
1205.37 6.75519e-16 
1205.38 5.90105e-16 
1205.39 5.1524e-16 
1205.4 4.49653e-16 
1205.41 3.92224e-16 
1205.42 3.41962e-16 
1205.43 2.97996e-16 
1205.44 2.59555e-16 
1205.45 2.25963e-16 
1205.46 1.96623e-16 
1205.47 1.71008e-16 
1205.48 1.48415e-16 
1205.49 1.28939e-16 
1205.5 1.11977e-16 
1205.51 9.71989e-17 
1205.52 8.433e-17 
1205.53 7.31292e-17 
1205.54 6.33851e-17 
1205.54 5.49126e-17 
1205.55 4.75493e-17 
1205.56 4.11533e-17 
1205.57 3.56002e-17 
1205.58 3.07815e-17 
1205.59 2.66019e-17 
1205.6 2.29787e-17 
1205.61 1.98514e-17 
1205.62 1.71309e-17 
1205.63 1.47759e-17 
1205.64 1.27385e-17 
1205.65 1.09767e-17 
1205.66 9.45389e-18 
1205.67 8.13838e-18 
1205.68 7.00251e-18 
1205.69 6.02223e-18 
1205.7 5.17665e-18 
1205.71 4.44762e-18 
1205.72 3.8194e-18 
1205.73 3.27205e-18 
1205.74 2.80712e-18 
1205.75 2.40707e-18 
1205.76 2.06303e-18 
1205.77 1.7673e-18 
1205.78 1.51322e-18 
1205.79 1.29504e-18 
1205.8 1.10777e-18 
1205.81 9.47123e-19 
1205.82 8.09376e-19 
1205.83 6.91325e-19 
1205.84 5.90204e-19 
1205.85 5.03628e-19 
1205.86 4.29542e-19 
1205.87 3.66176e-19 
1205.88 3.12005e-19 
1205.89 2.65718e-19 
1205.9 2.26187e-19 
1205.91 1.92444e-19 
1205.92 1.63654e-19 
1205.93 1.39103e-19 
1205.94 1.18178e-19 
1205.95 1.00352e-19 
1205.96 8.51725e-20 
1205.96 7.22541e-20 
1205.97 6.12652e-20 
1205.98 5.18147e-20 
1205.99 4.38912e-20 
1206 3.71611e-20 
1206.01 3.14477e-20 
1206.02 2.65997e-20 
1206.03 2.24881e-20 
1206.04 1.90028e-20 
1206.05 1.60498e-20 
1206.06 1.3549e-20 
1206.07 1.14324e-20 
1206.08 9.64166e-21 
1206.09 8.12747e-21 
1206.1 6.84773e-21 
1206.11 5.76668e-21 
1206.12 4.85393e-21 
1206.13 4.08365e-21 
1206.14 3.43393e-21 
1206.15 2.88618e-21 
1206.16 2.42461e-21 
1206.17 2.03586e-21 
1206.18 1.70861e-21 
1206.19 1.43327e-21 
1206.2 1.2017e-21 
1206.21 1.00706e-21 
1206.22 8.43535e-22 
1206.23 7.04647e-22 
1206.24 5.89646e-22 
1206.25 4.93173e-22 
1206.26 4.12283e-22 
1206.27 3.44492e-22 
1206.28 2.87707e-22 
1206.29 2.40165e-22 
1206.3 2.00381e-22 
1206.31 1.67106e-22 
1206.32 1.39289e-22 
1206.33 1.16045e-22 
1206.34 9.66333e-23 
1206.35 8.04292e-23 
1206.36 6.69097e-23 
1206.37 5.56355e-23 
1206.38 4.62384e-23 
1206.39 3.84098e-23 
1206.39 3.1891e-23 
1206.4 2.64657e-23 
1206.41 2.19526e-23 
1206.42 1.82002e-23 
1206.43 1.50819e-23 
1206.44 1.24917e-23 
1206.45 1.03413e-23 
1206.46 8.55694e-24 
1206.47 7.077e-24 
1206.48 5.83623e-24 
1206.49 4.8221e-24 
1206.5 3.98224e-24 
1206.51 3.28705e-24 
1206.52 2.7119e-24 
1206.53 2.2363e-24 
1206.54 1.8432e-24 
1206.55 1.51846e-24 
1206.56 1.25032e-24 
1206.57 1.02903e-24 
1206.58 8.46495e-25 
1206.59 6.95997e-25 
1206.6 0 
