#energy geo_1 
1186.6 0 
1186.61 0 
1186.62 0 
1186.63 0 
1186.64 0 
1186.65 0 
1186.66 0 
1186.67 0 
1186.68 0 
1186.69 0 
1186.7 0 
1186.71 0 
1186.72 0 
1186.73 0 
1186.74 0 
1186.75 0 
1186.76 0 
1186.77 0 
1186.78 0 
1186.79 0 
1186.8 0 
1186.81 0 
1186.81 0 
1186.82 0 
1186.83 0 
1186.84 0 
1186.85 0 
1186.86 0 
1186.87 0 
1186.88 0 
1186.89 0 
1186.9 0 
1186.91 0 
1186.92 0 
1186.93 0 
1186.94 0 
1186.95 0 
1186.96 0 
1186.97 0 
1186.98 0 
1186.99 0 
1187 0 
1187.01 0 
1187.02 0 
1187.03 0 
1187.04 0 
1187.05 0 
1187.06 0 
1187.07 0 
1187.08 0 
1187.09 0 
1187.1 0 
1187.11 0 
1187.12 0 
1187.13 0 
1187.14 0 
1187.15 0 
1187.16 0 
1187.17 0 
1187.18 0 
1187.19 0 
1187.2 0 
1187.21 0 
1187.22 0 
1187.23 0 
1187.24 0 
1187.24 0 
1187.25 0 
1187.26 0 
1187.27 0 
1187.28 0 
1187.29 0 
1187.3 0 
1187.31 0 
1187.32 0 
1187.33 0 
1187.34 0 
1187.35 0 
1187.36 0 
1187.37 0 
1187.38 0 
1187.39 0 
1187.4 0 
1187.41 0 
1187.42 0 
1187.43 0 
1187.44 0 
1187.45 0 
1187.46 0 
1187.47 0 
1187.48 0 
1187.49 0 
1187.5 0 
1187.51 0 
1187.52 0 
1187.53 0 
1187.54 0 
1187.55 0 
1187.56 0 
1187.57 0 
1187.58 0 
1187.59 0 
1187.6 0 
1187.61 0 
1187.62 0 
1187.63 0 
1187.64 0 
1187.65 0 
1187.66 0 
1187.66 0 
1187.67 0 
1187.68 0 
1187.69 0 
1187.7 0 
1187.71 0 
1187.72 0 
1187.73 0 
1187.74 0 
1187.75 0 
1187.76 0 
1187.77 0 
1187.78 0 
1187.79 0 
1187.8 0 
1187.81 0 
1187.82 0 
1187.83 0 
1187.84 0 
1187.85 0 
1187.86 0 
1187.87 0 
1187.88 0 
1187.89 0 
1187.9 0 
1187.91 0 
1187.92 0 
1187.93 0 
1187.94 0 
1187.95 0 
1187.96 0 
1187.97 0 
1187.98 0 
1187.99 0 
1188 0 
1188.01 0 
1188.02 0 
1188.03 0 
1188.04 0 
1188.05 0 
1188.06 0 
1188.07 0 
1188.08 0 
1188.09 0 
1188.09 0 
1188.1 0 
1188.11 0 
1188.12 0 
1188.13 0 
1188.14 0 
1188.15 0 
1188.16 0 
1188.17 0 
1188.18 0 
1188.19 0 
1188.2 0 
1188.21 0 
1188.22 0 
1188.23 0 
1188.24 0 
1188.25 0 
1188.26 0 
1188.27 0 
1188.28 0 
1188.29 0 
1188.3 0 
1188.31 0 
1188.32 0 
1188.33 0 
1188.34 0 
1188.35 0 
1188.36 0 
1188.37 0 
1188.38 0 
1188.39 0 
1188.4 0 
1188.41 0 
1188.42 0 
1188.43 0 
1188.44 0 
1188.45 0 
1188.46 0 
1188.47 0 
1188.48 0 
1188.49 0 
1188.5 0 
1188.51 0 
1188.52 0 
1188.52 0 
1188.53 0 
1188.54 0 
1188.55 0 
1188.56 0 
1188.57 0 
1188.58 0 
1188.59 0 
1188.6 0 
1188.61 0 
1188.62 0 
1188.63 0 
1188.64 0 
1188.65 0 
1188.66 0 
1188.67 0 
1188.68 0 
1188.69 0 
1188.7 0 
1188.71 0 
1188.72 0 
1188.73 0 
1188.74 0 
1188.75 0 
1188.76 0 
1188.77 0 
1188.78 0 
1188.79 0 
1188.8 0 
1188.81 0 
1188.82 0 
1188.83 0 
1188.84 0 
1188.85 0 
1188.86 0 
1188.87 0 
1188.88 0 
1188.89 0 
1188.9 0 
1188.91 0 
1188.92 0 
1188.93 0 
1188.94 0 
1188.94 0 
1188.95 0 
1188.96 0 
1188.97 0 
1188.98 0 
1188.99 0 
1189 0 
1189.01 0 
1189.02 0 
1189.03 0 
1189.04 0 
1189.05 0 
1189.06 0 
1189.07 0 
1189.08 0 
1189.09 0 
1189.1 0 
1189.11 0 
1189.12 0 
1189.13 0 
1189.14 0 
1189.15 0 
1189.16 0 
1189.17 0 
1189.18 0 
1189.19 0 
1189.2 0 
1189.21 0 
1189.22 0 
1189.23 0 
1189.24 0 
1189.25 0 
1189.26 0 
1189.27 0 
1189.28 0 
1189.29 0 
1189.3 0 
1189.31 0 
1189.32 0 
1189.33 0 
1189.34 0 
1189.35 0 
1189.36 0 
1189.36 0 
1189.37 0 
1189.38 0 
1189.39 0 
1189.4 0 
1189.41 0 
1189.42 0 
1189.43 0 
1189.44 0 
1189.45 0 
1189.46 0 
1189.47 0 
1189.48 0 
1189.49 0 
1189.5 0 
1189.51 0 
1189.52 0 
1189.53 0 
1189.54 0 
1189.55 0 
1189.56 0 
1189.57 0 
1189.58 0 
1189.59 0 
1189.6 0 
1189.61 0 
1189.62 0 
1189.63 0 
1189.64 0 
1189.65 0 
1189.66 0 
1189.67 0 
1189.68 0 
1189.69 0 
1189.7 0 
1189.71 0 
1189.72 0 
1189.73 0 
1189.74 0 
1189.75 0 
1189.76 0 
1189.77 0 
1189.78 0 
1189.79 0 
1189.79 0 
1189.8 0 
1189.81 0 
1189.82 0 
1189.83 0 
1189.84 0 
1189.85 0 
1189.86 0 
1189.87 0 
1189.88 0 
1189.89 0 
1189.9 0 
1189.91 0 
1189.92 0 
1189.93 0 
1189.94 0 
1189.95 0 
1189.96 0 
1189.97 0 
1189.98 0 
1189.99 0 
1190 0 
1190.01 0 
1190.02 0 
1190.03 0 
1190.04 0 
1190.05 0 
1190.06 0 
1190.07 0 
1190.08 0 
1190.09 0 
1190.1 0 
1190.11 0 
1190.12 0 
1190.13 0 
1190.14 0 
1190.15 0 
1190.16 0 
1190.17 0 
1190.18 0 
1190.19 0 
1190.2 0 
1190.21 0 
1190.21 0 
1190.22 0 
1190.23 0 
1190.24 0 
1190.25 0 
1190.26 0 
1190.27 0 
1190.28 0 
1190.29 0 
1190.3 0 
1190.31 0 
1190.32 0 
1190.33 0 
1190.34 0 
1190.35 0 
1190.36 0 
1190.37 0 
1190.38 0 
1190.39 0 
1190.4 0 
1190.41 0 
1190.42 0 
1190.43 0 
1190.44 0 
1190.45 0 
1190.46 0 
1190.47 0 
1190.48 0 
1190.49 0 
1190.5 1.4013e-45 
1190.51 1.4013e-45 
1190.52 1.4013e-45 
1190.53 2.8026e-45 
1190.54 2.8026e-45 
1190.55 2.8026e-45 
1190.56 4.2039e-45 
1190.57 7.00649e-45 
1190.58 9.80909e-45 
1190.59 1.26117e-44 
1190.6 1.82169e-44 
1190.61 2.66247e-44 
1190.62 3.64338e-44 
1190.63 5.04467e-44 
1190.64 7.00649e-44 
1190.64 9.80909e-44 
1190.65 1.35926e-43 
1190.66 1.89175e-43 
1190.67 2.62043e-43 
1190.68 3.61535e-43 
1190.69 5.03066e-43 
1190.7 6.96445e-43 
1190.71 9.62692e-43 
1190.72 1.33123e-42 
1190.73 1.84971e-42 
1190.74 2.55597e-42 
1190.75 3.53127e-42 
1190.76 4.87091e-42 
1190.77 6.71782e-42 
1190.78 9.25838e-42 
1190.79 1.27518e-41 
1190.8 1.75527e-41 
1190.81 2.41472e-41 
1190.82 3.31954e-41 
1190.83 4.56067e-41 
1190.84 6.26156e-41 
1190.85 8.59164e-41 
1190.86 1.17814e-40 
1190.87 1.61453e-40 
1190.88 2.21112e-40 
1190.89 3.02627e-40 
1190.9 4.13931e-40 
1190.91 5.65815e-40 
1190.92 7.72938e-40 
1190.93 1.05522e-39 
1190.94 1.43967e-39 
1190.95 1.96295e-39 
1190.96 2.67474e-39 
1190.97 3.64233e-39 
1190.98 4.97592e-39 
1190.99 6.76734e-39 
1191 9.19789e-39 
1191.01 1.24935e-38 
1191.02 1.69592e-38 
1191.03 2.30065e-38 
1191.04 3.11905e-38 
1191.05 4.2259e-38 
1191.06 5.72191e-38 
1191.07 7.74264e-38 
1191.07 1.04704e-37 
1191.08 1.41501e-37 
1191.09 1.9111e-37 
1191.1 2.57948e-37 
1191.11 3.47942e-37 
1191.12 4.69036e-37 
1191.13 6.31875e-37 
1191.14 8.5071e-37 
1191.15 1.14461e-36 
1191.16 1.53907e-36 
1191.17 2.06816e-36 
1191.18 2.77739e-36 
1191.19 3.72746e-36 
1191.2 4.99938e-36 
1191.21 6.70106e-36 
1191.22 8.97628e-36 
1191.23 1.20603e-35 
1191.24 1.61346e-35 
1191.25 2.15716e-35 
1191.26 2.88226e-35 
1191.27 3.84866e-35 
1191.28 5.13584e-35 
1191.29 6.84918e-35 
1191.3 9.12832e-35 
1191.31 1.21582e-34 
1191.32 1.61835e-34 
1191.33 2.15278e-34 
1191.34 2.8619e-34 
1191.35 3.80218e-34 
1191.36 5.04821e-34 
1191.37 6.69834e-34 
1191.38 8.88224e-34 
1191.39 1.17707e-33 
1191.4 1.55887e-33 
1191.41 2.06319e-33 
1191.42 2.72896e-33 
1191.43 3.60727e-33 
1191.44 4.76525e-33 
1191.45 6.29098e-33 
1191.46 8.29996e-33 
1191.47 1.09436e-32 
1191.48 1.44773e-32 
1191.49 1.90543e-32 
1191.49 2.50755e-32 
1191.5 3.29785e-32 
1191.51 4.33448e-32 
1191.52 5.69337e-32 
1191.53 7.47354e-32 
1191.54 9.80413e-32 
1191.55 1.28534e-31 
1191.56 1.68403e-31 
1191.57 2.205e-31 
1191.58 2.88531e-31 
1191.59 3.77313e-31 
1191.6 4.93407e-31 
1191.61 6.44415e-31 
1191.62 8.41106e-31 
1191.63 1.09714e-30 
1191.64 1.4302e-30 
1191.65 1.8632e-30 
1191.66 2.42575e-30 
1191.67 3.15615e-30 
1191.68 4.10388e-30 
1191.69 5.33282e-30 
1191.7 6.92541e-30 
1191.71 8.98791e-30 
1191.72 1.16573e-29 
1191.73 1.51589e-29 
1191.74 1.9636e-29 
1191.75 2.54194e-29 
1191.76 3.28853e-29 
1191.77 4.25171e-29 
1191.78 5.49353e-29 
1191.79 7.09356e-29 
1191.8 9.15381e-29 
1191.81 1.1805e-28 
1191.82 1.52144e-28 
1191.83 1.9596e-28 
1191.84 2.52236e-28 
1191.85 3.24468e-28 
1191.86 4.17121e-28 
1191.87 5.35893e-28 
1191.88 6.88048e-28 
1191.89 8.82846e-28 
1191.9 1.13208e-27 
1191.91 1.45075e-27 
1191.92 1.85796e-27 
1191.92 2.37795e-27 
1191.93 3.04155e-27 
1191.94 3.88789e-27 
1191.95 4.96658e-27 
1191.96 6.34054e-27 
1191.97 8.08948e-27 
1191.98 1.03456e-26 
1191.99 1.31825e-26 
1192 1.67867e-26 
1192.01 2.13628e-26 
1192.02 2.71691e-26 
1192.03 3.45317e-26 
1192.04 4.38618e-26 
1192.05 5.56775e-26 
1192.06 7.06315e-26 
1192.07 8.95453e-26 
1192.08 1.13452e-25 
1192.09 1.43651e-25 
1192.1 1.81772e-25 
1192.11 2.29865e-25 
1192.12 2.90499e-25 
1192.13 3.66894e-25 
1192.14 4.63086e-25 
1192.15 5.84129e-25 
1192.16 7.36345e-25 
1192.17 9.27639e-25 
1192.18 1.16789e-24 
1192.19 1.46943e-24 
1192.2 1.84767e-24 
1192.21 2.32179e-24 
1192.22 2.91573e-24 
1192.23 3.66968e-24 
1192.24 4.60257e-24 
1192.25 5.76895e-24 
1192.26 7.22635e-24 
1192.27 9.04622e-24 
1192.28 1.13172e-23 
1192.29 1.41494e-23 
1192.3 1.76792e-23 
1192.31 2.20755e-23 
1192.32 2.75477e-23 
1192.33 3.43546e-23 
1192.34 4.28164e-23 
1192.34 5.33286e-23 
1192.35 6.63799e-23 
1192.36 8.25729e-23 
1192.37 1.02651e-22 
1192.38 1.27531e-22 
1192.39 1.58341e-22 
1192.4 1.9647e-22 
1192.41 2.43626e-22 
1192.42 3.01909e-22 
1192.43 3.73899e-22 
1192.44 4.62763e-22 
1192.45 5.72384e-22 
1192.46 7.07526e-22 
1192.47 8.74022e-22 
1192.48 1.08186e-21 
1192.49 1.33474e-21 
1192.5 1.64569e-21 
1192.51 2.02781e-21 
1192.52 2.49707e-21 
1192.53 3.07297e-21 
1192.54 3.77931e-21 
1192.55 4.64506e-21 
1192.56 5.70553e-21 
1192.57 7.00367e-21 
1192.58 8.59174e-21 
1192.59 1.05332e-20 
1192.6 1.29053e-20 
1192.61 1.58113e-20 
1192.62 1.93475e-20 
1192.63 2.36595e-20 
1192.64 2.89143e-20 
1192.65 3.53139e-20 
1192.66 4.31027e-20 
1192.67 5.2576e-20 
1192.68 6.40908e-20 
1192.69 7.80782e-20 
1192.7 9.50581e-20 
1192.71 1.15658e-19 
1192.72 1.40632e-19 
1192.73 1.71307e-19 
1192.74 2.08033e-19 
1192.75 2.52473e-19 
1192.76 3.06213e-19 
1192.77 3.71156e-19 
1192.77 4.49589e-19 
1192.78 5.44251e-19 
1192.79 6.58429e-19 
1192.8 7.96056e-19 
1192.81 9.61841e-19 
1192.82 1.16142e-18 
1192.83 1.40152e-18 
1192.84 1.69019e-18 
1192.85 2.03703e-18 
1192.86 2.45349e-18 
1192.87 2.95322e-18 
1192.88 3.55249e-18 
1192.89 4.27067e-18 
1192.9 5.13079e-18 
1192.91 6.16024e-18 
1192.92 7.39157e-18 
1192.93 8.86341e-18 
1192.94 1.06216e-17 
1192.95 1.27205e-17 
1192.96 1.52246e-17 
1192.97 1.821e-17 
1192.98 2.18157e-17 
1192.99 2.60604e-17 
1193 3.11114e-17 
1193.01 3.71179e-17 
1193.02 4.4256e-17 
1193.03 5.27334e-17 
1193.04 6.27951e-17 
1193.05 7.47292e-17 
1193.06 8.88752e-17 
1193.07 1.05632e-16 
1193.08 1.25469e-16 
1193.09 1.48937e-16 
1193.1 1.76683e-16 
1193.11 2.09465e-16 
1193.12 2.48173e-16 
1193.13 2.93847e-16 
1193.14 3.47708e-16 
1193.15 4.11181e-16 
1193.16 4.85933e-16 
1193.17 5.73912e-16 
1193.18 6.77391e-16 
1193.19 7.99023e-16 
1193.19 9.41899e-16 
1193.2 1.10962e-15 
1193.21 1.30638e-15 
1193.22 1.54044e-15 
1193.23 1.81099e-15 
1193.24 2.12806e-15 
1193.25 2.49906e-15 
1193.26 2.93289e-15 
1193.27 3.43986e-15 
1193.28 4.0319e-15 
1193.29 4.72286e-15 
1193.3 5.52873e-15 
1193.31 6.46802e-15 
1193.32 7.5621e-15 
1193.33 8.83565e-15 
1193.34 1.03172e-14 
1193.35 1.20395e-14 
1193.36 1.40404e-14 
1193.37 1.63635e-14 
1193.38 1.9059e-14 
1193.39 2.21845e-14 
1193.4 2.58061e-14 
1193.41 3e-14 
1193.42 3.48535e-14 
1193.43 4.04665e-14 
1193.44 4.69539e-14 
1193.45 5.44467e-14 
1193.46 6.30954e-14 
1193.47 7.30716e-14 
1193.48 8.47261e-14 
1193.49 9.79976e-14 
1193.5 1.13276e-13 
1193.51 1.30854e-13 
1193.52 1.51065e-13 
1193.53 1.74286e-13 
1193.54 2.0095e-13 
1193.55 2.31547e-13 
1193.56 2.66633e-13 
1193.57 3.06842e-13 
1193.58 3.52892e-13 
1193.59 4.05596e-13 
1193.6 4.65877e-13 
1193.61 5.35109e-13 
1193.62 6.13861e-13 
1193.62 7.03758e-13 
1193.63 8.0631e-13 
1193.64 9.23221e-13 
1193.65 1.05642e-12 
1193.66 1.20806e-12 
1193.67 1.38061e-12 
1193.68 1.57679e-12 
1193.69 1.79972e-12 
1193.7 2.05287e-12 
1193.71 2.34015e-12 
1193.72 2.66594e-12 
1193.73 3.04007e-12 
1193.74 3.4589e-12 
1193.75 3.93294e-12 
1193.76 4.46912e-12 
1193.77 5.07519e-12 
1193.78 5.7598e-12 
1193.79 6.53263e-12 
1193.8 7.40447e-12 
1193.81 8.38736e-12 
1193.82 9.49471e-12 
1193.83 1.07415e-11 
1193.84 1.21443e-11 
1193.85 1.37216e-11 
1193.86 1.54939e-11 
1193.87 1.74842e-11 
1193.88 1.97176e-11 
1193.89 2.22223e-11 
1193.9 2.50292e-11 
1193.91 2.8173e-11 
1193.92 3.16915e-11 
1193.93 3.56269e-11 
1193.94 4.00257e-11 
1193.95 4.49392e-11 
1193.96 5.04239e-11 
1193.97 5.65423e-11 
1193.98 6.3453e-11 
1193.99 7.10618e-11 
1194 7.95327e-11 
1194.01 8.89571e-11 
1194.02 9.94353e-11 
1194.03 1.11078e-10 
1194.04 1.24004e-10 
1194.05 1.38348e-10 
1194.05 1.54253e-10 
1194.06 1.71878e-10 
1194.07 1.91396e-10 
1194.08 2.12996e-10 
1194.09 2.36883e-10 
1194.1 2.63283e-10 
1194.11 2.92439e-10 
1194.12 3.2462e-10 
1194.13 3.60113e-10 
1194.14 3.99235e-10 
1194.15 4.42327e-10 
1194.16 4.89761e-10 
1194.17 5.41938e-10 
1194.18 5.99295e-10 
1194.19 6.62303e-10 
1194.2 7.31473e-10 
1194.21 8.07357e-10 
1194.22 8.90549e-10 
1194.23 9.82885e-10 
1194.24 1.08278e-09 
1194.25 1.19208e-09 
1194.26 1.31159e-09 
1194.27 1.44216e-09 
1194.28 1.58473e-09 
1194.29 1.74029e-09 
1194.3 1.90991e-09 
1194.31 2.09473e-09 
1194.32 2.296e-09 
1194.33 2.51501e-09 
1194.34 2.75316e-09 
1194.35 3.01197e-09 
1194.36 3.29302e-09 
1194.37 3.59802e-09 
1194.38 3.92878e-09 
1194.39 4.28724e-09 
1194.4 4.67544e-09 
1194.41 5.09557e-09 
1194.42 5.54995e-09 
1194.43 6.04101e-09 
1194.44 6.57138e-09 
1194.45 7.14378e-09 
1194.46 7.76114e-09 
1194.47 8.42651e-09 
1194.47 9.15279e-09 
1194.48 9.92446e-09 
1194.49 1.07548e-08 
1194.5 1.16472e-08 
1194.51 1.26057e-08 
1194.52 1.36345e-08 
1194.53 1.47379e-08 
1194.54 1.59205e-08 
1194.55 1.71872e-08 
1194.56 1.85429e-08 
1194.57 1.99929e-08 
1194.58 2.15426e-08 
1194.59 2.31978e-08 
1194.6 2.49644e-08 
1194.61 2.68651e-08 
1194.62 2.88744e-08 
1194.63 3.10144e-08 
1194.64 3.32919e-08 
1194.65 3.5714e-08 
1194.66 3.82882e-08 
1194.67 4.10219e-08 
1194.68 4.3923e-08 
1194.69 4.69996e-08 
1194.7 5.02599e-08 
1194.71 5.37124e-08 
1194.72 5.73657e-08 
1194.73 6.12784e-08 
1194.74 6.53632e-08 
1194.75 6.96761e-08 
1194.76 7.42266e-08 
1194.77 7.90243e-08 
1194.78 8.4079e-08 
1194.79 8.94004e-08 
1194.8 9.49985e-08 
1194.81 1.00883e-07 
1194.82 1.07065e-07 
1194.83 1.13554e-07 
1194.84 1.20359e-07 
1194.85 1.27492e-07 
1194.86 1.34962e-07 
1194.87 1.4278e-07 
1194.88 1.50955e-07 
1194.89 1.59497e-07 
1194.9 1.68416e-07 
1194.9 1.77721e-07 
1194.91 1.87422e-07 
1194.92 1.97528e-07 
1194.93 2.08046e-07 
1194.94 2.18987e-07 
1194.95 2.30357e-07 
1194.96 2.42164e-07 
1194.97 2.54415e-07 
1194.98 2.67278e-07 
1194.99 2.80443e-07 
1195 2.9407e-07 
1195.01 3.08164e-07 
1195.02 3.2273e-07 
1195.03 3.3777e-07 
1195.04 3.53288e-07 
1195.05 3.69285e-07 
1195.06 3.85762e-07 
1195.07 4.0272e-07 
1195.08 4.20157e-07 
1195.09 4.38073e-07 
1195.1 4.56463e-07 
1195.11 4.75325e-07 
1195.12 4.94653e-07 
1195.13 5.14442e-07 
1195.14 5.34684e-07 
1195.15 5.55371e-07 
1195.16 5.76494e-07 
1195.17 5.98042e-07 
1195.18 6.20004e-07 
1195.19 6.42365e-07 
1195.2 6.65112e-07 
1195.21 6.88229e-07 
1195.22 7.117e-07 
1195.23 7.35805e-07 
1195.24 7.5993e-07 
1195.25 7.8435e-07 
1195.26 8.09043e-07 
1195.27 8.33985e-07 
1195.28 8.59153e-07 
1195.29 8.84521e-07 
1195.3 9.10062e-07 
1195.31 9.35749e-07 
1195.32 9.61553e-07 
1195.32 9.87443e-07 
1195.33 1.01339e-06 
1195.34 1.03936e-06 
1195.35 1.06532e-06 
1195.36 1.09124e-06 
1195.37 1.11709e-06 
1195.38 1.14282e-06 
1195.39 1.16841e-06 
1195.4 1.19381e-06 
1195.41 1.219e-06 
1195.42 1.24393e-06 
1195.43 1.26857e-06 
1195.44 1.29288e-06 
1195.45 1.31682e-06 
1195.46 1.34035e-06 
1195.47 1.36345e-06 
1195.48 1.38634e-06 
1195.49 1.40844e-06 
1195.5 1.42998e-06 
1195.51 1.45093e-06 
1195.52 1.47126e-06 
1195.53 1.49093e-06 
1195.54 1.5099e-06 
1195.55 1.52816e-06 
1195.56 1.54565e-06 
1195.57 1.56236e-06 
1195.58 1.57825e-06 
1195.59 1.59329e-06 
1195.6 1.60746e-06 
1195.61 1.62173e-06 
1195.62 1.63409e-06 
1195.63 1.64549e-06 
1195.64 1.65593e-06 
1195.65 1.66538e-06 
1195.66 1.67383e-06 
1195.67 1.68126e-06 
1195.68 1.68765e-06 
1195.69 1.69299e-06 
1195.7 1.69728e-06 
1195.71 1.70051e-06 
1195.72 1.70266e-06 
1195.73 1.70374e-06 
1195.74 1.70373e-06 
1195.75 1.70264e-06 
1195.75 1.70047e-06 
1195.76 1.69724e-06 
1195.77 1.69294e-06 
1195.78 1.68758e-06 
1195.79 1.68117e-06 
1195.8 1.67373e-06 
1195.81 1.66527e-06 
1195.82 1.65581e-06 
1195.83 1.64536e-06 
1195.84 1.63394e-06 
1195.85 1.62157e-06 
1195.86 1.60828e-06 
1195.87 1.5941e-06 
1195.88 1.57903e-06 
1195.89 1.56312e-06 
1195.9 1.5464e-06 
1195.91 1.52888e-06 
1195.92 1.51061e-06 
1195.93 1.49161e-06 
1195.94 1.47192e-06 
1195.95 1.45157e-06 
1195.96 1.4306e-06 
1195.97 1.40904e-06 
1195.98 1.38665e-06 
1195.99 1.36402e-06 
1196 1.34091e-06 
1196.01 1.31735e-06 
1196.02 1.29339e-06 
1196.03 1.26907e-06 
1196.04 1.24441e-06 
1196.05 1.21947e-06 
1196.06 1.19426e-06 
1196.07 1.16884e-06 
1196.08 1.14324e-06 
1196.09 1.1175e-06 
1196.1 1.09164e-06 
1196.11 1.06571e-06 
1196.12 1.03973e-06 
1196.13 1.01375e-06 
1196.14 9.87796e-07 
1196.15 9.61897e-07 
1196.16 9.36086e-07 
1196.17 9.10393e-07 
1196.17 8.84848e-07 
1196.18 8.59476e-07 
1196.19 8.34306e-07 
1196.2 8.09363e-07 
1196.21 7.84671e-07 
1196.22 7.59952e-07 
1196.23 7.35833e-07 
1196.24 7.12034e-07 
1196.25 6.88572e-07 
1196.26 6.65465e-07 
1196.27 6.4273e-07 
1196.28 6.20384e-07 
1196.29 5.9844e-07 
1196.3 5.76911e-07 
1196.31 5.55811e-07 
1196.32 5.3515e-07 
1196.33 5.14936e-07 
1196.34 4.9518e-07 
1196.35 4.75888e-07 
1196.36 4.57066e-07 
1196.37 4.38719e-07 
1196.38 4.20852e-07 
1196.39 4.03468e-07 
1196.4 3.86568e-07 
1196.41 3.70153e-07 
1196.42 3.54225e-07 
1196.43 3.38782e-07 
1196.44 3.23823e-07 
1196.45 3.09345e-07 
1196.46 2.95346e-07 
1196.47 2.81822e-07 
1196.48 2.68608e-07 
1196.49 2.56025e-07 
1196.5 2.43903e-07 
1196.51 2.32234e-07 
1196.52 2.21013e-07 
1196.53 2.10232e-07 
1196.54 1.99885e-07 
1196.55 1.89963e-07 
1196.56 1.80459e-07 
1196.57 1.71365e-07 
1196.58 1.62671e-07 
1196.59 1.54369e-07 
1196.6 1.46451e-07 
1196.6 1.38994e-07 
1196.61 1.31811e-07 
1196.62 1.24986e-07 
1196.63 1.18508e-07 
1196.64 1.12368e-07 
1196.65 1.06558e-07 
1196.66 1.01069e-07 
1196.67 9.58914e-08 
1196.68 9.10167e-08 
1196.69 8.64361e-08 
1196.7 8.21412e-08 
1196.71 7.81237e-08 
1196.72 7.43753e-08 
1196.73 7.08461e-08 
1196.74 6.76154e-08 
1196.75 6.46305e-08 
1196.76 6.1884e-08 
1196.77 5.9369e-08 
1196.78 5.70784e-08 
1196.79 5.50058e-08 
1196.8 5.31448e-08 
1196.81 5.14894e-08 
1196.82 5.00337e-08 
1196.83 4.87722e-08 
1196.84 4.76996e-08 
1196.85 4.68108e-08 
1196.86 4.61012e-08 
1196.87 4.55662e-08 
1196.88 4.52015e-08 
1196.89 4.5003e-08 
1196.9 4.49671e-08 
1196.91 4.50901e-08 
1196.92 4.53687e-08 
1196.93 4.57998e-08 
1196.94 4.63805e-08 
1196.95 4.7108e-08 
1196.96 4.79799e-08 
1196.97 4.89937e-08 
1196.98 5.01625e-08 
1196.99 5.14555e-08 
1197 5.28843e-08 
1197.01 5.44471e-08 
1197.02 5.61423e-08 
1197.03 5.79682e-08 
1197.03 5.99236e-08 
1197.04 6.20069e-08 
1197.05 6.42169e-08 
1197.06 6.65522e-08 
1197.07 6.90117e-08 
1197.08 7.15942e-08 
1197.09 7.42985e-08 
1197.1 7.71233e-08 
1197.11 8.00675e-08 
1197.12 8.31298e-08 
1197.13 8.6309e-08 
1197.14 8.96038e-08 
1197.15 9.30127e-08 
1197.16 9.65344e-08 
1197.17 1.00167e-07 
1197.18 1.0391e-07 
1197.19 1.0776e-07 
1197.2 1.11716e-07 
1197.21 1.15776e-07 
1197.22 1.19938e-07 
1197.23 1.24254e-07 
1197.24 1.28614e-07 
1197.25 1.33069e-07 
1197.26 1.37615e-07 
1197.27 1.42251e-07 
1197.28 1.46972e-07 
1197.29 1.51776e-07 
1197.3 1.56659e-07 
1197.31 1.61617e-07 
1197.32 1.66648e-07 
1197.33 1.71746e-07 
1197.34 1.76907e-07 
1197.35 1.82127e-07 
1197.36 1.87402e-07 
1197.37 1.92727e-07 
1197.38 1.98097e-07 
1197.39 2.03505e-07 
1197.4 2.08949e-07 
1197.41 2.14421e-07 
1197.42 2.19916e-07 
1197.43 2.25428e-07 
1197.44 2.30951e-07 
1197.45 2.3648e-07 
1197.45 2.42007e-07 
1197.46 2.47526e-07 
1197.47 2.53032e-07 
1197.48 2.58585e-07 
1197.49 2.64042e-07 
1197.5 2.69464e-07 
1197.51 2.74845e-07 
1197.52 2.80178e-07 
1197.53 2.85456e-07 
1197.54 2.90671e-07 
1197.55 2.95817e-07 
1197.56 3.00887e-07 
1197.57 3.05874e-07 
1197.58 3.1077e-07 
1197.59 3.1557e-07 
1197.6 3.20265e-07 
1197.61 3.2505e-07 
1197.62 3.29521e-07 
1197.63 3.33867e-07 
1197.64 3.38083e-07 
1197.65 3.42163e-07 
1197.66 3.461e-07 
1197.67 3.49888e-07 
1197.68 3.53523e-07 
1197.69 3.56998e-07 
1197.7 3.60308e-07 
1197.71 3.63449e-07 
1197.72 3.66415e-07 
1197.73 3.69236e-07 
1197.74 3.71838e-07 
1197.75 3.74254e-07 
1197.76 3.7648e-07 
1197.77 3.78512e-07 
1197.78 3.80349e-07 
1197.79 3.81986e-07 
1197.8 3.83424e-07 
1197.81 3.84659e-07 
1197.82 3.85691e-07 
1197.83 3.86519e-07 
1197.84 3.87142e-07 
1197.85 3.8756e-07 
1197.86 3.87773e-07 
1197.87 3.87783e-07 
1197.88 3.8759e-07 
1197.88 3.87196e-07 
1197.89 3.86603e-07 
1197.9 3.85813e-07 
1197.91 3.84829e-07 
1197.92 3.83655e-07 
1197.93 3.82294e-07 
1197.94 3.8075e-07 
1197.95 3.79027e-07 
1197.96 3.77131e-07 
1197.97 3.75067e-07 
1197.98 3.72812e-07 
1197.99 3.70427e-07 
1198 3.67891e-07 
1198.01 3.65213e-07 
1198.02 3.62397e-07 
1198.03 3.59454e-07 
1198.04 3.56389e-07 
1198.05 3.53211e-07 
1198.06 3.49928e-07 
1198.07 3.4655e-07 
1198.08 3.43084e-07 
1198.09 3.39541e-07 
1198.1 3.35929e-07 
1198.11 3.32259e-07 
1198.12 3.28539e-07 
1198.13 3.24781e-07 
1198.14 3.20994e-07 
1198.15 3.17189e-07 
1198.16 3.13376e-07 
1198.17 3.09566e-07 
1198.18 3.05771e-07 
1198.19 3.02e-07 
1198.2 2.98264e-07 
1198.21 2.94576e-07 
1198.22 2.90945e-07 
1198.23 2.87339e-07 
1198.24 2.83859e-07 
1198.25 2.8047e-07 
1198.26 2.77183e-07 
1198.27 2.7401e-07 
1198.28 2.70962e-07 
1198.29 2.68048e-07 
1198.3 2.65282e-07 
1198.3 2.62672e-07 
1198.31 2.6023e-07 
1198.32 2.57965e-07 
1198.33 2.5589e-07 
1198.34 2.54012e-07 
1198.35 2.52343e-07 
1198.36 2.50892e-07 
1198.37 2.49669e-07 
1198.38 2.48683e-07 
1198.39 2.47942e-07 
1198.4 2.47456e-07 
1198.41 2.47232e-07 
1198.42 2.4728e-07 
1198.43 2.47606e-07 
1198.44 2.48219e-07 
1198.45 2.49125e-07 
1198.46 2.5033e-07 
1198.47 2.51842e-07 
1198.48 2.53691e-07 
1198.49 2.55836e-07 
1198.5 2.58304e-07 
1198.51 2.611e-07 
1198.52 2.64226e-07 
1198.53 2.67688e-07 
1198.54 2.71487e-07 
1198.55 2.75628e-07 
1198.56 2.80111e-07 
1198.57 2.84938e-07 
1198.58 2.9011e-07 
1198.59 2.95628e-07 
1198.6 3.01491e-07 
1198.61 3.07889e-07 
1198.62 3.14444e-07 
1198.63 3.21341e-07 
1198.64 3.28577e-07 
1198.65 3.36148e-07 
1198.66 3.44052e-07 
1198.67 3.52283e-07 
1198.68 3.60836e-07 
1198.69 3.69705e-07 
1198.7 3.78885e-07 
1198.71 3.88367e-07 
1198.72 3.98144e-07 
1198.73 4.08336e-07 
1198.73 4.18681e-07 
1198.74 4.29293e-07 
1198.75 4.40163e-07 
1198.76 4.51279e-07 
1198.77 4.6263e-07 
1198.78 4.74203e-07 
1198.79 4.85985e-07 
1198.8 4.97963e-07 
1198.81 5.10123e-07 
1198.82 5.2245e-07 
1198.83 5.34928e-07 
1198.84 5.47543e-07 
1198.85 5.60278e-07 
1198.86 5.73115e-07 
1198.87 5.86039e-07 
1198.88 5.9903e-07 
1198.89 6.12073e-07 
1198.9 6.25147e-07 
1198.91 6.38234e-07 
1198.92 6.51315e-07 
1198.93 6.64371e-07 
1198.94 6.77382e-07 
1198.95 6.90329e-07 
1198.96 7.03192e-07 
1198.97 7.1595e-07 
1198.98 7.2874e-07 
1198.99 7.41227e-07 
1199 7.5355e-07 
1199.01 7.65687e-07 
1199.02 7.77619e-07 
1199.03 7.89327e-07 
1199.04 8.00791e-07 
1199.05 8.11991e-07 
1199.06 8.22908e-07 
1199.07 8.33524e-07 
1199.08 8.4382e-07 
1199.09 8.53778e-07 
1199.1 8.63382e-07 
1199.11 8.72613e-07 
1199.12 8.81455e-07 
1199.13 8.89894e-07 
1199.14 8.97913e-07 
1199.15 9.05497e-07 
1199.15 9.12634e-07 
1199.16 9.1931e-07 
1199.17 9.25513e-07 
1199.18 9.31232e-07 
1199.19 9.36455e-07 
1199.2 9.41173e-07 
1199.21 9.45377e-07 
1199.22 9.49099e-07 
1199.23 9.5225e-07 
1199.24 9.54862e-07 
1199.25 9.56935e-07 
1199.26 9.58464e-07 
1199.27 9.59446e-07 
1199.28 9.59879e-07 
1199.29 9.59763e-07 
1199.3 9.59097e-07 
1199.31 9.57882e-07 
1199.32 9.5612e-07 
1199.33 9.53815e-07 
1199.34 9.50971e-07 
1199.35 9.47592e-07 
1199.36 9.43685e-07 
1199.37 9.39257e-07 
1199.38 9.34315e-07 
1199.39 9.2887e-07 
1199.4 9.2293e-07 
1199.41 9.16507e-07 
1199.42 9.09611e-07 
1199.43 9.02256e-07 
1199.44 8.94454e-07 
1199.45 8.8622e-07 
1199.46 8.77568e-07 
1199.47 8.68513e-07 
1199.48 8.58952e-07 
1199.49 8.49137e-07 
1199.5 8.3897e-07 
1199.51 8.28468e-07 
1199.52 8.1765e-07 
1199.53 8.06535e-07 
1199.54 7.95142e-07 
1199.55 7.8349e-07 
1199.56 7.71599e-07 
1199.57 7.5949e-07 
1199.58 7.47183e-07 
1199.58 7.34699e-07 
1199.59 7.22058e-07 
1199.6 7.09282e-07 
1199.61 6.9682e-07 
1199.62 6.83829e-07 
1199.63 6.70765e-07 
1199.64 6.57651e-07 
1199.65 6.44507e-07 
1199.66 6.31355e-07 
1199.67 6.18215e-07 
1199.68 6.05109e-07 
1199.69 5.92058e-07 
1199.7 5.79081e-07 
1199.71 5.66199e-07 
1199.72 5.53433e-07 
1199.73 5.40646e-07 
1199.74 5.28173e-07 
1199.75 5.15874e-07 
1199.76 5.0377e-07 
1199.77 4.91878e-07 
1199.78 4.80217e-07 
1199.79 4.68806e-07 
1199.8 4.57663e-07 
1199.81 4.46804e-07 
1199.82 4.36248e-07 
1199.83 4.2601e-07 
1199.84 4.16108e-07 
1199.85 4.06559e-07 
1199.86 3.97376e-07 
1199.87 3.88577e-07 
1199.88 3.80177e-07 
1199.89 3.7219e-07 
1199.9 3.64631e-07 
1199.91 3.57514e-07 
1199.92 3.50854e-07 
1199.93 3.44664e-07 
1199.94 3.38956e-07 
1199.95 3.33746e-07 
1199.96 3.29044e-07 
1199.97 3.24864e-07 
1199.98 3.21179e-07 
1199.99 3.18083e-07 
1200 3.15548e-07 
1200.01 3.13582e-07 
1200.01 3.12197e-07 
1200.02 3.11403e-07 
1200.03 3.11212e-07 
1200.04 3.11633e-07 
1200.05 3.12678e-07 
1200.06 3.14355e-07 
1200.07 3.16676e-07 
1200.08 3.19649e-07 
1200.09 3.23283e-07 
1200.1 3.27588e-07 
1200.11 3.32573e-07 
1200.12 3.38245e-07 
1200.13 3.44612e-07 
1200.14 3.51684e-07 
1200.15 3.59466e-07 
1200.16 3.67966e-07 
1200.17 3.77191e-07 
1200.18 3.87147e-07 
1200.19 3.9784e-07 
1200.2 4.09275e-07 
1200.21 4.21458e-07 
1200.22 4.34392e-07 
1200.23 4.48258e-07 
1200.24 4.62716e-07 
1200.25 4.77937e-07 
1200.26 4.93921e-07 
1200.27 5.10671e-07 
1200.28 5.28186e-07 
1200.29 5.46469e-07 
1200.3 5.65516e-07 
1200.31 5.85328e-07 
1200.32 6.05901e-07 
1200.33 6.27233e-07 
1200.34 6.49318e-07 
1200.35 6.72153e-07 
1200.36 6.95731e-07 
1200.37 7.20045e-07 
1200.38 7.45086e-07 
1200.39 7.70846e-07 
1200.4 7.97314e-07 
1200.41 8.24479e-07 
1200.42 8.52328e-07 
1200.43 8.80848e-07 
1200.43 9.10022e-07 
1200.44 9.39836e-07 
1200.45 9.70272e-07 
1200.46 1.00131e-06 
1200.47 1.03293e-06 
1200.48 1.06552e-06 
1200.49 1.09825e-06 
1200.5 1.13149e-06 
1200.51 1.16523e-06 
1200.52 1.19942e-06 
1200.53 1.23406e-06 
1200.54 1.2691e-06 
1200.55 1.30452e-06 
1200.56 1.34028e-06 
1200.57 1.37636e-06 
1200.58 1.41272e-06 
1200.59 1.44933e-06 
1200.6 1.48615e-06 
1200.61 1.52408e-06 
1200.62 1.56123e-06 
1200.63 1.59849e-06 
1200.64 1.6358e-06 
1200.65 1.67313e-06 
1200.66 1.71045e-06 
1200.67 1.7477e-06 
1200.68 1.78486e-06 
1200.69 1.82187e-06 
1200.7 1.85869e-06 
1200.71 1.89529e-06 
1200.72 1.93162e-06 
1200.73 1.96809e-06 
1200.74 2.00375e-06 
1200.75 2.03902e-06 
1200.76 2.07384e-06 
1200.77 2.10819e-06 
1200.78 2.14202e-06 
1200.79 2.17529e-06 
1200.8 2.20796e-06 
1200.81 2.24e-06 
1200.82 2.27136e-06 
1200.83 2.30202e-06 
1200.84 2.33193e-06 
1200.85 2.36106e-06 
1200.85 2.38938e-06 
1200.86 2.41686e-06 
1200.87 2.44347e-06 
1200.88 2.46919e-06 
1200.89 2.49399e-06 
1200.9 2.51784e-06 
1200.91 2.54073e-06 
1200.92 2.56264e-06 
1200.93 2.58355e-06 
1200.94 2.60344e-06 
1200.95 2.62232e-06 
1200.96 2.64016e-06 
1200.97 2.65696e-06 
1200.98 2.67291e-06 
1200.99 2.68762e-06 
1201 2.70129e-06 
1201.01 2.71392e-06 
1201.02 2.72553e-06 
1201.03 2.73612e-06 
1201.04 2.74571e-06 
1201.05 2.75432e-06 
1201.06 2.76196e-06 
1201.07 2.76866e-06 
1201.08 2.77444e-06 
1201.09 2.77934e-06 
1201.1 2.78338e-06 
1201.11 2.7866e-06 
1201.12 2.78903e-06 
1201.13 2.79073e-06 
1201.14 2.79172e-06 
1201.15 2.79206e-06 
1201.16 2.79179e-06 
1201.17 2.79097e-06 
1201.18 2.78964e-06 
1201.19 2.78787e-06 
1201.2 2.7857e-06 
1201.21 2.7832e-06 
1201.22 2.78044e-06 
1201.23 2.77743e-06 
1201.24 2.77432e-06 
1201.25 2.77113e-06 
1201.26 2.76794e-06 
1201.27 2.76481e-06 
1201.28 2.76181e-06 
1201.28 2.75901e-06 
1201.29 2.75649e-06 
1201.3 2.75432e-06 
1201.31 2.75257e-06 
1201.32 2.75131e-06 
1201.33 2.75061e-06 
1201.34 2.75054e-06 
1201.35 2.75119e-06 
1201.36 2.75261e-06 
1201.37 2.75488e-06 
1201.38 2.75806e-06 
1201.39 2.76223e-06 
1201.4 2.76745e-06 
1201.41 2.77378e-06 
1201.42 2.7813e-06 
1201.43 2.79004e-06 
1201.44 2.80009e-06 
1201.45 2.81148e-06 
1201.46 2.82428e-06 
1201.47 2.83854e-06 
1201.48 2.8545e-06 
1201.49 2.87182e-06 
1201.5 2.89073e-06 
1201.51 2.91127e-06 
1201.52 2.93346e-06 
1201.53 2.95733e-06 
1201.54 2.98292e-06 
1201.55 3.01025e-06 
1201.56 3.03933e-06 
1201.57 3.07017e-06 
1201.58 3.10278e-06 
1201.59 3.13718e-06 
1201.6 3.17335e-06 
1201.61 3.21326e-06 
1201.62 3.25299e-06 
1201.63 3.29447e-06 
1201.64 3.33768e-06 
1201.65 3.38259e-06 
1201.66 3.42918e-06 
1201.67 3.47741e-06 
1201.68 3.52724e-06 
1201.69 3.57863e-06 
1201.7 3.63154e-06 
1201.7 3.6859e-06 
1201.71 3.74166e-06 
1201.72 3.79949e-06 
1201.73 3.85788e-06 
1201.74 3.91746e-06 
1201.75 3.97818e-06 
1201.76 4.03993e-06 
1201.77 4.10265e-06 
1201.78 4.16625e-06 
1201.79 4.23062e-06 
1201.8 4.29569e-06 
1201.81 4.36134e-06 
1201.82 4.42749e-06 
1201.83 4.49402e-06 
1201.84 4.56083e-06 
1201.85 4.62782e-06 
1201.86 4.69486e-06 
1201.87 4.76186e-06 
1201.88 4.82868e-06 
1201.89 4.89523e-06 
1201.9 4.96137e-06 
1201.91 5.027e-06 
1201.92 5.09198e-06 
1201.93 5.15622e-06 
1201.94 5.21958e-06 
1201.95 5.28195e-06 
1201.96 5.3432e-06 
1201.97 5.40323e-06 
1201.98 5.46264e-06 
1201.99 5.51984e-06 
1202 5.57547e-06 
1202.01 5.62942e-06 
1202.02 5.68157e-06 
1202.03 5.73182e-06 
1202.04 5.78007e-06 
1202.05 5.82621e-06 
1202.06 5.87014e-06 
1202.07 5.91179e-06 
1202.08 5.95104e-06 
1202.09 5.98782e-06 
1202.1 6.02205e-06 
1202.11 6.05364e-06 
1202.12 6.08253e-06 
1202.13 6.10865e-06 
1202.13 6.13193e-06 
1202.14 6.15231e-06 
1202.15 6.16975e-06 
1202.16 6.18419e-06 
1202.17 6.19559e-06 
1202.18 6.20392e-06 
1202.19 6.20915e-06 
1202.2 6.21124e-06 
1202.21 6.21019e-06 
1202.22 6.20587e-06 
1202.23 6.19846e-06 
1202.24 6.18786e-06 
1202.25 6.17409e-06 
1202.26 6.15715e-06 
1202.27 6.13707e-06 
1202.28 6.11387e-06 
1202.29 6.08757e-06 
1202.3 6.0582e-06 
1202.31 6.0258e-06 
1202.32 5.99042e-06 
1202.33 5.95209e-06 
1202.34 5.91088e-06 
1202.35 5.86684e-06 
1202.36 5.82003e-06 
1202.37 5.77052e-06 
1202.38 5.71838e-06 
1202.39 5.66368e-06 
1202.4 5.6065e-06 
1202.41 5.54692e-06 
1202.42 5.48503e-06 
1202.43 5.42092e-06 
1202.44 5.35467e-06 
1202.45 5.28639e-06 
1202.46 5.21617e-06 
1202.47 5.1441e-06 
1202.48 5.06935e-06 
1202.49 4.99388e-06 
1202.5 4.91687e-06 
1202.51 4.83842e-06 
1202.52 4.75865e-06 
1202.53 4.67766e-06 
1202.54 4.59555e-06 
1202.55 4.51244e-06 
1202.56 4.42842e-06 
1202.56 4.34361e-06 
1202.57 4.25811e-06 
1202.58 4.17202e-06 
1202.59 4.08545e-06 
1202.6 3.9985e-06 
1202.61 3.91367e-06 
1202.62 3.82621e-06 
1202.63 3.73867e-06 
1202.64 3.65114e-06 
1202.65 3.56371e-06 
1202.66 3.47649e-06 
1202.67 3.38955e-06 
1202.68 3.30298e-06 
1202.69 3.21687e-06 
1202.7 3.13129e-06 
1202.71 3.04633e-06 
1202.72 2.96206e-06 
1202.73 2.8775e-06 
1202.74 2.79483e-06 
1202.75 2.71305e-06 
1202.76 2.63222e-06 
1202.77 2.55241e-06 
1202.78 2.47367e-06 
1202.79 2.39604e-06 
1202.8 2.31959e-06 
1202.81 2.24435e-06 
1202.82 2.17036e-06 
1202.83 2.09766e-06 
1202.84 2.0263e-06 
1202.85 1.95629e-06 
1202.86 1.88767e-06 
1202.87 1.82045e-06 
1202.88 1.75468e-06 
1202.89 1.69035e-06 
1202.9 1.6275e-06 
1202.91 1.56612e-06 
1202.92 1.50624e-06 
1202.93 1.44785e-06 
1202.94 1.39097e-06 
1202.95 1.33559e-06 
1202.96 1.28171e-06 
1202.97 1.22933e-06 
1202.98 1.17846e-06 
1202.98 1.12846e-06 
1202.99 1.08056e-06 
1203 1.03413e-06 
1203.01 9.89161e-07 
1203.02 9.45626e-07 
1203.03 9.03512e-07 
1203.04 8.62803e-07 
1203.05 8.23476e-07 
1203.06 7.85513e-07 
1203.07 7.4889e-07 
1203.08 7.13584e-07 
1203.09 6.79571e-07 
1203.1 6.46825e-07 
1203.11 6.1532e-07 
1203.12 5.8503e-07 
1203.13 5.55926e-07 
1203.14 5.27982e-07 
1203.15 5.01168e-07 
1203.16 4.75455e-07 
1203.17 4.50815e-07 
1203.18 4.27218e-07 
1203.19 4.04635e-07 
1203.2 3.83036e-07 
1203.21 3.62392e-07 
1203.22 3.42673e-07 
1203.23 3.2362e-07 
1203.24 3.05673e-07 
1203.25 2.88565e-07 
1203.26 2.72264e-07 
1203.27 2.56744e-07 
1203.28 2.41977e-07 
1203.29 2.27934e-07 
1203.3 2.14588e-07 
1203.31 2.01913e-07 
1203.32 1.89884e-07 
1203.33 1.78473e-07 
1203.34 1.67656e-07 
1203.35 1.57409e-07 
1203.36 1.47707e-07 
1203.37 1.38527e-07 
1203.38 1.29847e-07 
1203.39 1.21644e-07 
1203.4 1.13897e-07 
1203.41 1.06585e-07 
1203.41 9.96875e-08 
1203.42 9.31857e-08 
1203.43 8.70603e-08 
1203.44 8.1293e-08 
1203.45 7.58663e-08 
1203.46 7.07631e-08 
1203.47 6.59671e-08 
1203.48 6.1408e-08 
1203.49 5.7183e-08 
1203.5 5.32196e-08 
1203.51 4.95039e-08 
1203.52 4.60223e-08 
1203.53 4.27622e-08 
1203.54 3.97113e-08 
1203.55 3.6858e-08 
1203.56 3.41909e-08 
1203.57 3.16994e-08 
1203.58 2.93735e-08 
1203.59 2.72033e-08 
1203.6 2.51797e-08 
1203.61 2.33082e-08 
1203.62 2.15507e-08 
1203.63 1.99149e-08 
1203.64 1.83931e-08 
1203.65 1.69784e-08 
1203.66 1.56639e-08 
1203.67 1.44432e-08 
1203.68 1.33104e-08 
1203.69 1.22598e-08 
1203.7 1.12859e-08 
1203.71 1.03836e-08 
1203.72 9.54832e-09 
1203.73 8.76611e-09 
1203.74 8.05204e-09 
1203.75 7.39209e-09 
1203.76 6.78252e-09 
1203.77 6.21982e-09 
1203.78 5.70067e-09 
1203.79 5.222e-09 
1203.8 4.78091e-09 
1203.81 4.37468e-09 
1203.82 4.00078e-09 
1203.83 3.65684e-09 
1203.83 3.34063e-09 
1203.84 3.0501e-09 
1203.85 2.78331e-09 
1203.86 2.53847e-09 
1203.87 2.3139e-09 
1203.88 2.10804e-09 
1203.89 1.91945e-09 
1203.9 1.74677e-09 
1203.91 1.58876e-09 
1203.92 1.44425e-09 
1203.93 1.31217e-09 
1203.94 1.19151e-09 
1203.95 1.08136e-09 
1203.96 9.80855e-10 
1203.97 8.89204e-10 
1203.98 8.0468e-10 
1203.99 7.28688e-10 
1204 6.59511e-10 
1204.01 5.96575e-10 
1204.02 5.3935e-10 
1204.03 4.87347e-10 
1204.04 4.40118e-10 
1204.05 3.97248e-10 
1204.06 3.58357e-10 
1204.07 3.23098e-10 
1204.08 2.91148e-10 
1204.09 2.62214e-10 
1204.1 2.36026e-10 
1204.11 2.12338e-10 
1204.12 1.90922e-10 
1204.13 1.71573e-10 
1204.14 1.541e-10 
1204.15 1.38331e-10 
1204.16 1.24107e-10 
1204.17 1.11286e-10 
1204.18 9.97339e-11 
1204.19 8.93324e-11 
1204.2 7.99719e-11 
1204.21 7.1553e-11 
1204.22 6.39855e-11 
1204.23 5.71065e-11 
1204.24 5.10106e-11 
1204.25 4.55405e-11 
1204.26 4.06348e-11 
1204.26 3.62377e-11 
1204.27 3.22987e-11 
1204.28 2.87721e-11 
1204.29 2.56166e-11 
1204.3 2.27947e-11 
1204.31 2.02725e-11 
1204.32 1.80195e-11 
1204.33 1.60082e-11 
1204.34 1.42136e-11 
1204.35 1.26133e-11 
1204.36 1.1187e-11 
1204.37 9.91659e-12 
1204.38 8.78564e-12 
1204.39 7.77941e-12 
1204.4 6.88465e-12 
1204.41 6.08948e-12 
1204.42 5.3832e-12 
1204.43 4.75624e-12 
1204.44 4.19999e-12 
1204.45 3.70678e-12 
1204.46 3.26969e-12 
1204.47 2.88256e-12 
1204.48 2.53586e-12 
1204.49 2.23316e-12 
1204.5 1.96551e-12 
1204.51 1.729e-12 
1204.52 1.52011e-12 
1204.53 1.33573e-12 
1204.54 1.17308e-12 
1204.55 1.02966e-12 
1204.56 9.03287e-13 
1204.57 7.91989e-13 
1204.58 6.94024e-13 
1204.59 6.07845e-13 
1204.6 5.32075e-13 
1204.61 4.65496e-13 
1204.62 4.07275e-13 
1204.63 3.55923e-13 
1204.64 3.10875e-13 
1204.65 2.7138e-13 
1204.66 2.36773e-13 
1204.67 2.06467e-13 
1204.68 1.79941e-13 
1204.68 1.56737e-13 
1204.69 1.36451e-13 
1204.7 1.18725e-13 
1204.71 1.03246e-13 
1204.72 8.95779e-14 
1204.73 7.78129e-14 
1204.74 6.75562e-14 
1204.75 5.86193e-14 
1204.76 5.08369e-14 
1204.77 4.40636e-14 
1204.78 3.81718e-14 
1204.79 3.30497e-14 
1204.8 2.85993e-14 
1204.81 2.47346e-14 
1204.82 2.13805e-14 
1204.83 1.84711e-14 
1204.84 1.59489e-14 
1204.85 1.37635e-14 
1204.86 1.18711e-14 
1204.87 1.02333e-14 
1204.88 8.81664e-15 
1204.89 7.59193e-15 
1204.9 6.53377e-15 
1204.91 5.62002e-15 
1204.92 4.83141e-15 
1204.93 4.15119e-15 
1204.94 3.56479e-15 
1204.95 3.05955e-15 
1204.96 2.62448e-15 
1204.97 2.25005e-15 
1204.98 1.92426e-15 
1204.99 1.64791e-15 
1205 1.41047e-15 
1205.01 1.20659e-15 
1205.02 1.03161e-15 
1205.03 8.8153e-16 
1205.04 7.52869e-16 
1205.05 6.42634e-16 
1205.06 5.4824e-16 
1205.07 4.67455e-16 
1205.08 3.98356e-16 
1205.09 3.39286e-16 
1205.1 2.88817e-16 
1205.11 2.4572e-16 
1205.11 2.0894e-16 
1205.12 1.77568e-16 
1205.13 1.50824e-16 
1205.14 1.28038e-16 
1205.15 1.08635e-16 
1205.16 9.21221e-17 
1205.17 7.80764e-17 
1205.18 6.61359e-17 
1205.19 5.5991e-17 
1205.2 4.73762e-17 
1205.21 4.0065e-17 
1205.22 3.37979e-17 
1205.23 2.8546e-17 
1205.24 2.4101e-17 
1205.25 2.0337e-17 
1205.26 1.71514e-17 
1205.27 1.4457e-17 
1205.28 1.21791e-17 
1205.29 1.02546e-17 
1205.3 8.62941e-18 
1205.31 7.25783e-18 
1205.32 6.10092e-18 
1205.33 5.12562e-18 
1205.34 4.30387e-18 
1205.35 3.61189e-18 
1205.36 3.02951e-18 
1205.37 2.53965e-18 
1205.38 2.12783e-18 
1205.39 1.78181e-18 
1205.4 1.49124e-18 
1205.41 1.24738e-18 
1205.42 1.04282e-18 
1205.43 8.71336e-19 
1205.44 7.2765e-19 
1205.45 6.07327e-19 
1205.46 5.06622e-19 
1205.47 4.22385e-19 
1205.48 3.51227e-19 
1205.49 2.92449e-19 
1205.5 2.43421e-19 
1205.51 2.02502e-19 
1205.52 1.68369e-19 
1205.53 1.39913e-19 
1205.54 1.16203e-19 
1205.54 9.64575e-20 
1205.55 8.00238e-20 
1205.56 6.63535e-20 
1205.57 5.49885e-20 
1205.58 4.55451e-20 
1205.59 3.77028e-20 
1205.6 3.11938e-20 
1205.61 2.58102e-20 
1205.62 2.1331e-20 
1205.63 1.76195e-20 
1205.64 1.45458e-20 
1205.65 1.20018e-20 
1205.66 9.89723e-21 
1205.67 8.15728e-21 
1205.68 6.71953e-21 
1205.69 5.53217e-21 
1205.7 4.55212e-21 
1205.71 3.74365e-21 
1205.72 3.07708e-21 
1205.73 2.52159e-21 
1205.74 2.07033e-21 
1205.75 1.6989e-21 
1205.76 1.39334e-21 
1205.77 1.14212e-21 
1205.78 9.35676e-22 
1205.79 7.6613e-22 
1205.8 6.26963e-22 
1205.81 5.12795e-22 
1205.82 4.19188e-22 
1205.83 3.4248e-22 
1205.84 2.79656e-22 
1205.85 2.28232e-22 
1205.86 1.86161e-22 
1205.87 1.51763e-22 
1205.88 1.23653e-22 
1205.89 1.00695e-22 
1205.9 8.19538e-23 
1205.91 6.66646e-23 
1205.92 5.4198e-23 
1205.93 4.40387e-23 
1205.94 3.57641e-23 
1205.95 2.90284e-23 
1205.96 2.35483e-23 
1205.96 1.90924e-23 
1205.97 1.54712e-23 
1205.98 1.24969e-23 
1205.99 1.01155e-23 
1206 8.18339e-24 
1206.01 6.61671e-24 
1206.02 5.34704e-24 
1206.03 4.31865e-24 
1206.04 3.48613e-24 
1206.05 2.81257e-24 
1206.06 2.2679e-24 
1206.07 1.82771e-24 
1206.08 1.47215e-24 
1206.09 1.18512e-24 
1206.1 9.53525e-25 
1206.11 7.6677e-25 
1206.12 6.16256e-25 
1206.13 4.95015e-25 
1206.14 3.9741e-25 
1206.15 3.18876e-25 
1206.16 2.55721e-25 
1206.17 2.04962e-25 
1206.18 1.64189e-25 
1206.19 1.31455e-25 
1206.2 1.05189e-25 
1206.21 8.41255e-26 
1206.22 6.7243e-26 
1206.23 5.35683e-26 
1206.24 4.2771e-26 
1206.25 3.41313e-26 
1206.26 2.72219e-26 
1206.27 2.16994e-26 
1206.28 1.72877e-26 
1206.29 1.37655e-26 
1206.3 1.09549e-26 
1206.31 8.71334e-27 
1206.32 6.92667e-27 
1206.33 5.50335e-27 
1206.34 4.37011e-27 
1206.35 3.46833e-27 
1206.36 2.75112e-27 
1206.37 2.18103e-27 
1206.38 1.72813e-27 
1206.39 1.36853e-27 
1206.39 1.08316e-27 
1206.4 8.5683e-28 
1206.41 6.77421e-28 
1206.42 5.35286e-28 
1206.43 4.22741e-28 
1206.44 3.33677e-28 
1206.45 2.63233e-28 
1206.46 2.07547e-28 
1206.47 1.63551e-28 
1206.48 1.28427e-28 
1206.49 1.01092e-28 
1206.5 7.95317e-29 
1206.51 6.25353e-29 
1206.52 4.91443e-29 
1206.53 3.85996e-29 
1206.54 3.03009e-29 
1206.55 2.37733e-29 
1206.56 1.86418e-29 
1206.57 1.46099e-29 
1206.58 1.14437e-29 
1206.59 8.95886e-30 
1206.6 0 
