#energy geo_1 
1186.6 1.06836e-06 
1186.61 1.0677e-06 
1186.62 1.06704e-06 
1186.63 1.06638e-06 
1186.64 1.06572e-06 
1186.65 1.06506e-06 
1186.66 1.0644e-06 
1186.67 1.06374e-06 
1186.68 1.06309e-06 
1186.69 1.06243e-06 
1186.7 1.06177e-06 
1186.71 1.06112e-06 
1186.72 1.06046e-06 
1186.73 1.05981e-06 
1186.74 1.05915e-06 
1186.75 1.05849e-06 
1186.76 1.05784e-06 
1186.77 1.05718e-06 
1186.78 1.05653e-06 
1186.79 1.05588e-06 
1186.8 1.05522e-06 
1186.81 1.05457e-06 
1186.81 1.05392e-06 
1186.82 1.05326e-06 
1186.83 1.05261e-06 
1186.84 1.05196e-06 
1186.85 1.05131e-06 
1186.86 1.05066e-06 
1186.87 1.05001e-06 
1186.88 1.04935e-06 
1186.89 1.0487e-06 
1186.9 1.04806e-06 
1186.91 1.04741e-06 
1186.92 1.04676e-06 
1186.93 1.04611e-06 
1186.94 1.04546e-06 
1186.95 1.04481e-06 
1186.96 1.04416e-06 
1186.97 1.04351e-06 
1186.98 1.04287e-06 
1186.99 1.04222e-06 
1187 1.04157e-06 
1187.01 1.04093e-06 
1187.02 1.04028e-06 
1187.03 1.03964e-06 
1187.04 1.03899e-06 
1187.05 1.03835e-06 
1187.06 1.0377e-06 
1187.07 1.03706e-06 
1187.08 1.03641e-06 
1187.09 1.03577e-06 
1187.1 1.03513e-06 
1187.11 1.03449e-06 
1187.12 1.03384e-06 
1187.13 1.0332e-06 
1187.14 1.03256e-06 
1187.15 1.03192e-06 
1187.16 1.03127e-06 
1187.17 1.03063e-06 
1187.18 1.02999e-06 
1187.19 1.02935e-06 
1187.2 1.02871e-06 
1187.21 1.02807e-06 
1187.22 1.02743e-06 
1187.23 1.02679e-06 
1187.24 1.02616e-06 
1187.24 1.02552e-06 
1187.25 1.02488e-06 
1187.26 1.02424e-06 
1187.27 1.02361e-06 
1187.28 1.02297e-06 
1187.29 1.02233e-06 
1187.3 1.0217e-06 
1187.31 1.02106e-06 
1187.32 1.02042e-06 
1187.33 1.01979e-06 
1187.34 1.01915e-06 
1187.35 1.01852e-06 
1187.36 1.01789e-06 
1187.37 1.01725e-06 
1187.38 1.01662e-06 
1187.39 1.01598e-06 
1187.4 1.01535e-06 
1187.41 1.01472e-06 
1187.42 1.01409e-06 
1187.43 1.01345e-06 
1187.44 1.01282e-06 
1187.45 1.01219e-06 
1187.46 1.01156e-06 
1187.47 1.01093e-06 
1187.48 1.0103e-06 
1187.49 1.00967e-06 
1187.5 1.00904e-06 
1187.51 1.00841e-06 
1187.52 1.00778e-06 
1187.53 1.00715e-06 
1187.54 1.00653e-06 
1187.55 1.0059e-06 
1187.56 1.00527e-06 
1187.57 1.00464e-06 
1187.58 1.00402e-06 
1187.59 1.00339e-06 
1187.6 1.00276e-06 
1187.61 1.00276e-06 
1187.62 1.00213e-06 
1187.63 1.00151e-06 
1187.64 1.00088e-06 
1187.65 1.00026e-06 
1187.66 9.99634e-07 
1187.66 9.99009e-07 
1187.67 9.98385e-07 
1187.68 9.97762e-07 
1187.69 9.97138e-07 
1187.7 9.96516e-07 
1187.71 9.95892e-07 
1187.72 9.95271e-07 
1187.73 9.9465e-07 
1187.74 9.94027e-07 
1187.75 9.93406e-07 
1187.76 9.92785e-07 
1187.77 9.92164e-07 
1187.78 9.91544e-07 
1187.79 9.90925e-07 
1187.8 9.90305e-07 
1187.81 9.89685e-07 
1187.82 9.89066e-07 
1187.83 9.88448e-07 
1187.84 9.87829e-07 
1187.85 9.87212e-07 
1187.86 9.86593e-07 
1187.87 9.85977e-07 
1187.88 9.8536e-07 
1187.89 9.84743e-07 
1187.9 9.84127e-07 
1187.91 9.83511e-07 
1187.92 9.82895e-07 
1187.93 9.8228e-07 
1187.94 9.81666e-07 
1187.95 9.8105e-07 
1187.96 9.80436e-07 
1187.97 9.79823e-07 
1187.98 9.79208e-07 
1187.99 9.78595e-07 
1188 9.77982e-07 
1188.01 9.77369e-07 
1188.02 9.76758e-07 
1188.03 9.76146e-07 
1188.04 9.75534e-07 
1188.05 9.74923e-07 
1188.06 9.74311e-07 
1188.07 9.73701e-07 
1188.08 9.7309e-07 
1188.09 9.72481e-07 
1188.09 9.71871e-07 
1188.1 9.71262e-07 
1188.11 9.70653e-07 
1188.12 9.70044e-07 
1188.13 9.69436e-07 
1188.14 9.68828e-07 
1188.15 9.6822e-07 
1188.16 9.67613e-07 
1188.17 9.67005e-07 
1188.18 9.66399e-07 
1188.19 9.65792e-07 
1188.2 9.65186e-07 
1188.21 9.64581e-07 
1188.22 9.63975e-07 
1188.23 9.6337e-07 
1188.24 9.62765e-07 
1188.25 9.62161e-07 
1188.26 9.61557e-07 
1188.27 9.60953e-07 
1188.28 9.60349e-07 
1188.29 9.59747e-07 
1188.3 9.59144e-07 
1188.31 9.58541e-07 
1188.32 9.57939e-07 
1188.33 9.57338e-07 
1188.34 9.56736e-07 
1188.35 9.56135e-07 
1188.36 9.55534e-07 
1188.37 9.54933e-07 
1188.38 9.54332e-07 
1188.39 9.53733e-07 
1188.4 9.53133e-07 
1188.41 9.52534e-07 
1188.42 9.51936e-07 
1188.43 9.51337e-07 
1188.44 9.50738e-07 
1188.45 9.50141e-07 
1188.46 9.49543e-07 
1188.47 9.48946e-07 
1188.48 9.48349e-07 
1188.49 9.47752e-07 
1188.5 9.47156e-07 
1188.51 9.4656e-07 
1188.52 9.45964e-07 
1188.52 9.45368e-07 
1188.53 9.44774e-07 
1188.54 9.44179e-07 
1188.55 9.43584e-07 
1188.56 9.4299e-07 
1188.57 9.42396e-07 
1188.58 9.41803e-07 
1188.59 9.4121e-07 
1188.6 9.412e-07 
1188.61 9.40607e-07 
1188.62 9.40015e-07 
1188.63 9.39422e-07 
1188.64 9.38831e-07 
1188.65 9.38239e-07 
1188.66 9.37647e-07 
1188.67 9.37056e-07 
1188.68 9.36465e-07 
1188.69 9.35875e-07 
1188.7 9.35285e-07 
1188.71 9.34695e-07 
1188.72 9.34106e-07 
1188.73 9.33517e-07 
1188.74 9.32928e-07 
1188.75 9.32339e-07 
1188.76 9.3175e-07 
1188.77 9.31163e-07 
1188.78 9.30575e-07 
1188.79 9.29988e-07 
1188.8 9.294e-07 
1188.81 9.28814e-07 
1188.82 9.28227e-07 
1188.83 9.27641e-07 
1188.84 9.27056e-07 
1188.85 9.26469e-07 
1188.86 9.25885e-07 
1188.87 9.253e-07 
1188.88 9.24715e-07 
1188.89 9.24131e-07 
1188.9 9.23546e-07 
1188.91 9.22963e-07 
1188.92 9.22379e-07 
1188.93 9.21796e-07 
1188.94 9.21213e-07 
1188.94 9.20631e-07 
1188.95 9.20049e-07 
1188.96 9.19466e-07 
1188.97 9.18885e-07 
1188.98 9.18304e-07 
1188.99 9.17722e-07 
1189 9.17142e-07 
1189.01 9.16561e-07 
1189.02 9.15981e-07 
1189.03 9.15402e-07 
1189.04 9.14821e-07 
1189.05 9.14243e-07 
1189.06 9.13664e-07 
1189.07 9.13085e-07 
1189.08 9.12507e-07 
1189.09 9.11928e-07 
1189.1 9.1135e-07 
1189.11 9.10773e-07 
1189.12 9.10195e-07 
1189.13 9.09619e-07 
1189.14 9.09041e-07 
1189.15 9.08465e-07 
1189.16 9.07889e-07 
1189.17 9.07313e-07 
1189.18 9.06737e-07 
1189.19 9.06161e-07 
1189.2 9.05588e-07 
1189.21 9.05012e-07 
1189.22 9.04437e-07 
1189.23 9.03864e-07 
1189.24 9.03289e-07 
1189.25 9.02716e-07 
1189.26 9.02142e-07 
1189.27 9.01569e-07 
1189.28 9.00995e-07 
1189.29 9.00424e-07 
1189.3 8.99851e-07 
1189.31 8.99279e-07 
1189.32 8.98708e-07 
1189.33 8.98136e-07 
1189.34 8.97565e-07 
1189.35 8.96994e-07 
1189.36 8.96423e-07 
1189.36 8.95853e-07 
1189.37 8.95282e-07 
1189.38 8.94714e-07 
1189.39 8.94143e-07 
1189.4 8.93574e-07 
1189.41 8.93005e-07 
1189.42 8.92435e-07 
1189.43 8.91867e-07 
1189.44 8.91299e-07 
1189.45 8.90731e-07 
1189.46 8.90162e-07 
1189.47 8.89595e-07 
1189.48 8.89028e-07 
1189.49 8.88461e-07 
1189.5 8.87894e-07 
1189.51 8.87326e-07 
1189.52 8.86761e-07 
1189.53 8.86194e-07 
1189.54 8.85629e-07 
1189.55 8.85063e-07 
1189.56 8.84498e-07 
1189.57 8.83932e-07 
1189.58 8.83367e-07 
1189.59 8.82803e-07 
1189.6 8.82238e-07 
1189.61 8.82221e-07 
1189.62 8.81656e-07 
1189.63 8.81092e-07 
1189.64 8.80529e-07 
1189.65 8.79966e-07 
1189.66 8.79401e-07 
1189.67 8.78838e-07 
1189.68 8.78276e-07 
1189.69 8.77713e-07 
1189.7 8.77151e-07 
1189.71 8.76588e-07 
1189.72 8.76027e-07 
1189.73 8.75464e-07 
1189.74 8.74903e-07 
1189.75 8.74343e-07 
1189.76 8.73781e-07 
1189.77 8.73219e-07 
1189.78 8.72659e-07 
1189.79 8.72099e-07 
1189.79 8.71538e-07 
1189.8 8.70978e-07 
1189.81 8.70418e-07 
1189.82 8.69859e-07 
1189.83 8.69299e-07 
1189.84 8.6874e-07 
1189.85 8.68182e-07 
1189.86 8.67623e-07 
1189.87 8.67065e-07 
1189.88 8.66506e-07 
1189.89 8.65948e-07 
1189.9 8.6539e-07 
1189.91 8.64832e-07 
1189.92 8.64275e-07 
1189.93 8.63716e-07 
1189.94 8.6316e-07 
1189.95 8.62603e-07 
1189.96 8.62046e-07 
1189.97 8.61489e-07 
1189.98 8.60933e-07 
1189.99 8.60378e-07 
1190 8.59821e-07 
1190.01 8.59265e-07 
1190.02 8.5871e-07 
1190.03 8.58154e-07 
1190.04 8.57599e-07 
1190.05 8.57043e-07 
1190.06 8.56488e-07 
1190.07 8.55934e-07 
1190.08 8.5538e-07 
1190.09 8.54825e-07 
1190.1 8.5427e-07 
1190.11 8.53716e-07 
1190.12 8.53163e-07 
1190.13 8.52609e-07 
1190.14 8.52055e-07 
1190.15 8.51502e-07 
1190.16 8.50948e-07 
1190.17 8.50395e-07 
1190.18 8.49843e-07 
1190.19 8.49289e-07 
1190.2 8.48736e-07 
1190.21 8.48184e-07 
1190.21 8.47633e-07 
1190.22 8.47079e-07 
1190.23 8.46528e-07 
1190.24 8.45976e-07 
1190.25 8.45424e-07 
1190.26 8.44872e-07 
1190.27 8.44321e-07 
1190.28 8.43769e-07 
1190.29 8.43218e-07 
1190.3 8.42667e-07 
1190.31 8.42117e-07 
1190.32 8.41565e-07 
1190.33 8.41014e-07 
1190.34 8.40464e-07 
1190.35 8.39913e-07 
1190.36 8.39363e-07 
1190.37 8.38813e-07 
1190.38 8.38263e-07 
1190.39 8.37712e-07 
1190.4 8.37162e-07 
1190.41 8.36612e-07 
1190.42 8.36063e-07 
1190.43 8.35513e-07 
1190.44 8.34964e-07 
1190.45 8.34415e-07 
1190.46 8.33866e-07 
1190.47 8.33316e-07 
1190.48 8.32767e-07 
1190.49 8.32218e-07 
1190.5 8.31669e-07 
1190.51 8.31121e-07 
1190.52 8.30572e-07 
1190.53 8.30023e-07 
1190.54 8.29474e-07 
1190.55 8.28925e-07 
1190.56 8.28377e-07 
1190.57 8.27829e-07 
1190.58 8.27281e-07 
1190.59 8.26733e-07 
1190.6 8.26185e-07 
1190.61 8.26148e-07 
1190.62 8.25599e-07 
1190.63 8.25051e-07 
1190.64 8.24503e-07 
1190.64 8.23955e-07 
1190.65 8.23407e-07 
1190.66 8.22859e-07 
1190.67 8.22311e-07 
1190.68 8.21763e-07 
1190.69 8.21215e-07 
1190.7 8.20667e-07 
1190.71 8.2012e-07 
1190.72 8.19572e-07 
1190.73 8.19024e-07 
1190.74 8.18477e-07 
1190.75 8.17928e-07 
1190.76 8.17381e-07 
1190.77 8.16834e-07 
1190.78 8.16286e-07 
1190.79 8.15738e-07 
1190.8 8.1519e-07 
1190.81 8.14643e-07 
1190.82 8.14096e-07 
1190.83 8.13548e-07 
1190.84 8.13001e-07 
1190.85 8.12453e-07 
1190.86 8.11905e-07 
1190.87 8.11358e-07 
1190.88 8.10811e-07 
1190.89 8.10263e-07 
1190.9 8.09716e-07 
1190.91 8.09169e-07 
1190.92 8.0862e-07 
1190.93 8.08073e-07 
1190.94 8.07525e-07 
1190.95 8.06977e-07 
1190.96 8.0643e-07 
1190.97 8.05883e-07 
1190.98 8.05335e-07 
1190.99 8.04787e-07 
1191 8.04239e-07 
1191.01 8.03692e-07 
1191.02 8.03143e-07 
1191.03 8.02596e-07 
1191.04 8.02048e-07 
1191.05 8.015e-07 
1191.06 8.00951e-07 
1191.07 8.00403e-07 
1191.07 7.99855e-07 
1191.08 7.99307e-07 
1191.09 7.98759e-07 
1191.1 7.9821e-07 
1191.11 7.97662e-07 
1191.12 7.97114e-07 
1191.13 7.96565e-07 
1191.14 7.96016e-07 
1191.15 7.95468e-07 
1191.16 7.94919e-07 
1191.17 7.9437e-07 
1191.18 7.93821e-07 
1191.19 7.93273e-07 
1191.2 7.92722e-07 
1191.21 7.92173e-07 
1191.22 7.91624e-07 
1191.23 7.91074e-07 
1191.24 7.90525e-07 
1191.25 7.89974e-07 
1191.26 7.89425e-07 
1191.27 7.88874e-07 
1191.28 7.88325e-07 
1191.29 7.87775e-07 
1191.3 7.87223e-07 
1191.31 7.86674e-07 
1191.32 7.86122e-07 
1191.33 7.85572e-07 
1191.34 7.85021e-07 
1191.35 7.8447e-07 
1191.36 7.83918e-07 
1191.37 7.83367e-07 
1191.38 7.82815e-07 
1191.39 7.82263e-07 
1191.4 7.81711e-07 
1191.41 7.81159e-07 
1191.42 7.80607e-07 
1191.43 7.80055e-07 
1191.44 7.79502e-07 
1191.45 7.78949e-07 
1191.46 7.78396e-07 
1191.47 7.77843e-07 
1191.48 7.7729e-07 
1191.49 7.76736e-07 
1191.49 7.76182e-07 
1191.5 7.75628e-07 
1191.51 7.75074e-07 
1191.52 7.74519e-07 
1191.53 7.73965e-07 
1191.54 7.7341e-07 
1191.55 7.72854e-07 
1191.56 7.72299e-07 
1191.57 7.71743e-07 
1191.58 7.71188e-07 
1191.59 7.70632e-07 
1191.6 7.70552e-07 
1191.61 7.69996e-07 
1191.62 7.69438e-07 
1191.63 7.68881e-07 
1191.64 7.68323e-07 
1191.65 7.67766e-07 
1191.66 7.67207e-07 
1191.67 7.66648e-07 
1191.68 7.6609e-07 
1191.69 7.65531e-07 
1191.7 7.64972e-07 
1191.71 7.64412e-07 
1191.72 7.63852e-07 
1191.73 7.63292e-07 
1191.74 7.62731e-07 
1191.75 7.62171e-07 
1191.76 7.6161e-07 
1191.77 7.61049e-07 
1191.78 7.60487e-07 
1191.79 7.59925e-07 
1191.8 7.59364e-07 
1191.81 7.588e-07 
1191.82 7.58238e-07 
1191.83 7.57674e-07 
1191.84 7.57111e-07 
1191.85 7.56547e-07 
1191.86 7.55983e-07 
1191.87 7.55418e-07 
1191.88 7.54854e-07 
1191.89 7.54288e-07 
1191.9 7.53722e-07 
1191.91 7.53156e-07 
1191.92 7.5259e-07 
1191.92 7.52024e-07 
1191.93 7.51456e-07 
1191.94 7.5089e-07 
1191.95 7.50321e-07 
1191.96 7.49753e-07 
1191.97 7.49185e-07 
1191.98 7.48617e-07 
1191.99 7.48047e-07 
1192 7.47477e-07 
1192.01 7.46908e-07 
1192.02 7.46337e-07 
1192.03 7.45766e-07 
1192.04 7.45195e-07 
1192.05 7.44624e-07 
1192.06 7.44052e-07 
1192.07 7.4348e-07 
1192.08 7.42907e-07 
1192.09 7.42334e-07 
1192.1 7.4176e-07 
1192.11 7.41187e-07 
1192.12 7.40613e-07 
1192.13 7.40038e-07 
1192.14 7.39463e-07 
1192.15 7.38888e-07 
1192.16 7.38313e-07 
1192.17 7.37736e-07 
1192.18 7.3716e-07 
1192.19 7.36583e-07 
1192.2 7.36006e-07 
1192.21 7.35428e-07 
1192.22 7.34851e-07 
1192.23 7.34272e-07 
1192.24 7.33693e-07 
1192.25 7.33115e-07 
1192.26 7.32536e-07 
1192.27 7.31956e-07 
1192.28 7.31376e-07 
1192.29 7.30796e-07 
1192.3 7.30216e-07 
1192.31 7.29635e-07 
1192.32 7.29053e-07 
1192.33 7.28472e-07 
1192.34 7.2789e-07 
1192.34 7.27309e-07 
1192.35 7.26726e-07 
1192.36 7.26144e-07 
1192.37 7.25561e-07 
1192.38 7.24979e-07 
1192.39 7.24396e-07 
1192.4 7.23812e-07 
1192.41 7.23229e-07 
1192.42 7.22645e-07 
1192.43 7.22061e-07 
1192.44 7.21478e-07 
1192.45 7.20894e-07 
1192.46 7.2031e-07 
1192.47 7.19726e-07 
1192.48 7.19142e-07 
1192.49 7.18559e-07 
1192.5 7.17975e-07 
1192.51 7.17391e-07 
1192.52 7.16807e-07 
1192.53 7.16224e-07 
1192.54 7.15641e-07 
1192.55 7.15058e-07 
1192.56 7.14475e-07 
1192.57 7.13893e-07 
1192.58 7.13311e-07 
1192.59 7.12729e-07 
1192.6 7.12148e-07 
1192.61 7.12007e-07 
1192.62 7.11426e-07 
1192.63 7.10847e-07 
1192.64 7.10267e-07 
1192.65 7.09688e-07 
1192.66 7.09111e-07 
1192.67 7.08534e-07 
1192.68 7.07957e-07 
1192.69 7.07382e-07 
1192.7 7.06808e-07 
1192.71 7.06235e-07 
1192.72 7.05664e-07 
1192.73 7.05093e-07 
1192.74 7.04524e-07 
1192.75 7.03956e-07 
1192.76 7.0339e-07 
1192.77 7.02825e-07 
1192.77 7.02262e-07 
1192.78 7.01701e-07 
1192.79 7.01141e-07 
1192.8 7.00584e-07 
1192.81 7.0003e-07 
1192.82 6.99476e-07 
1192.83 6.98926e-07 
1192.84 6.98378e-07 
1192.85 6.97832e-07 
1192.86 6.97289e-07 
1192.87 6.96749e-07 
1192.88 6.96213e-07 
1192.89 6.95679e-07 
1192.9 6.95148e-07 
1192.91 6.9462e-07 
1192.92 6.94098e-07 
1192.93 6.93578e-07 
1192.94 6.93062e-07 
1192.95 6.9255e-07 
1192.96 6.92043e-07 
1192.97 6.9154e-07 
1192.98 6.91043e-07 
1192.99 6.9055e-07 
1193 6.90061e-07 
1193.01 6.89578e-07 
1193.02 6.891e-07 
1193.03 6.88628e-07 
1193.04 6.88162e-07 
1193.05 6.87702e-07 
1193.06 6.87248e-07 
1193.07 6.86801e-07 
1193.08 6.8636e-07 
1193.09 6.85926e-07 
1193.1 6.85501e-07 
1193.11 6.85083e-07 
1193.12 6.84671e-07 
1193.13 6.84268e-07 
1193.14 6.83874e-07 
1193.15 6.83489e-07 
1193.16 6.83112e-07 
1193.17 6.82744e-07 
1193.18 6.82386e-07 
1193.19 6.82038e-07 
1193.19 6.817e-07 
1193.2 6.81373e-07 
1193.21 6.81057e-07 
1193.22 6.80756e-07 
1193.23 6.80461e-07 
1193.24 6.80179e-07 
1193.25 6.7991e-07 
1193.26 6.79652e-07 
1193.27 6.79407e-07 
1193.28 6.79175e-07 
1193.29 6.78957e-07 
1193.3 6.78753e-07 
1193.31 6.78564e-07 
1193.32 6.78389e-07 
1193.33 6.78229e-07 
1193.34 6.78084e-07 
1193.35 6.77955e-07 
1193.36 6.77842e-07 
1193.37 6.77747e-07 
1193.38 6.77668e-07 
1193.39 6.77606e-07 
1193.4 6.77563e-07 
1193.41 6.77538e-07 
1193.42 6.77532e-07 
1193.43 6.77544e-07 
1193.44 6.77576e-07 
1193.45 6.77628e-07 
1193.46 6.777e-07 
1193.47 6.77793e-07 
1193.48 6.77917e-07 
1193.49 6.78053e-07 
1193.5 6.78211e-07 
1193.51 6.78391e-07 
1193.52 6.78594e-07 
1193.53 6.78821e-07 
1193.54 6.79071e-07 
1193.55 6.79345e-07 
1193.56 6.79644e-07 
1193.57 6.79968e-07 
1193.58 6.80317e-07 
1193.59 6.80692e-07 
1193.6 6.81093e-07 
1193.61 6.81941e-07 
1193.62 6.82395e-07 
1193.62 6.82877e-07 
1193.63 6.83386e-07 
1193.64 6.83924e-07 
1193.65 6.84489e-07 
1193.66 6.85083e-07 
1193.67 6.85706e-07 
1193.68 6.86359e-07 
1193.69 6.87041e-07 
1193.7 6.87754e-07 
1193.71 6.88496e-07 
1193.72 6.8927e-07 
1193.73 6.90092e-07 
1193.74 6.90928e-07 
1193.75 6.91795e-07 
1193.76 6.92692e-07 
1193.77 6.93623e-07 
1193.78 6.94584e-07 
1193.79 6.95578e-07 
1193.8 6.96605e-07 
1193.81 6.97664e-07 
1193.82 6.98755e-07 
1193.83 6.9988e-07 
1193.84 7.01036e-07 
1193.85 7.02226e-07 
1193.86 7.03448e-07 
1193.87 7.04704e-07 
1193.88 7.05992e-07 
1193.89 7.07314e-07 
1193.9 7.08668e-07 
1193.91 7.10055e-07 
1193.92 7.11475e-07 
1193.93 7.12927e-07 
1193.94 7.14413e-07 
1193.95 7.15929e-07 
1193.96 7.17479e-07 
1193.97 7.19061e-07 
1193.98 7.20704e-07 
1193.99 7.22348e-07 
1194 7.24025e-07 
1194.01 7.25732e-07 
1194.02 7.2747e-07 
1194.03 7.29238e-07 
1194.04 7.31036e-07 
1194.05 7.32862e-07 
1194.05 7.34719e-07 
1194.06 7.36602e-07 
1194.07 7.38515e-07 
1194.08 7.40454e-07 
1194.09 7.4242e-07 
1194.1 7.44413e-07 
1194.11 7.46431e-07 
1194.12 7.48474e-07 
1194.13 7.50541e-07 
1194.14 7.52631e-07 
1194.15 7.54744e-07 
1194.16 7.5688e-07 
1194.17 7.59036e-07 
1194.18 7.61213e-07 
1194.19 7.63409e-07 
1194.2 7.65625e-07 
1194.21 7.67857e-07 
1194.22 7.70106e-07 
1194.23 7.7241e-07 
1194.24 7.74691e-07 
1194.25 7.76984e-07 
1194.26 7.79291e-07 
1194.27 7.8161e-07 
1194.28 7.83939e-07 
1194.29 7.86278e-07 
1194.3 7.88625e-07 
1194.31 7.9098e-07 
1194.32 7.9334e-07 
1194.33 7.95705e-07 
1194.34 7.98074e-07 
1194.35 8.00447e-07 
1194.36 8.0282e-07 
1194.37 8.05193e-07 
1194.38 8.07565e-07 
1194.39 8.09934e-07 
1194.4 8.123e-07 
1194.41 8.14661e-07 
1194.42 8.17016e-07 
1194.43 8.19362e-07 
1194.44 8.217e-07 
1194.45 8.24029e-07 
1194.46 8.26345e-07 
1194.47 8.28649e-07 
1194.47 8.30978e-07 
1194.48 8.33251e-07 
1194.49 8.35509e-07 
1194.5 8.37749e-07 
1194.51 8.39969e-07 
1194.52 8.42169e-07 
1194.53 8.44348e-07 
1194.54 8.46504e-07 
1194.55 8.48635e-07 
1194.56 8.50741e-07 
1194.57 8.52821e-07 
1194.58 8.54873e-07 
1194.59 8.56896e-07 
1194.6 8.58889e-07 
1194.61 8.61384e-07 
1194.62 8.63315e-07 
1194.63 8.65215e-07 
1194.64 8.6708e-07 
1194.65 8.6891e-07 
1194.66 8.70704e-07 
1194.67 8.72462e-07 
1194.68 8.74182e-07 
1194.69 8.75864e-07 
1194.7 8.77507e-07 
1194.71 8.79112e-07 
1194.72 8.80675e-07 
1194.73 8.82228e-07 
1194.74 8.8371e-07 
1194.75 8.85149e-07 
1194.76 8.86547e-07 
1194.77 8.87902e-07 
1194.78 8.89215e-07 
1194.79 8.90484e-07 
1194.8 8.91711e-07 
1194.81 8.92893e-07 
1194.82 8.94034e-07 
1194.83 8.95132e-07 
1194.84 8.96186e-07 
1194.85 8.97198e-07 
1194.86 8.98168e-07 
1194.87 8.99095e-07 
1194.88 8.99981e-07 
1194.89 9.00826e-07 
1194.9 9.0163e-07 
1194.9 9.02395e-07 
1194.91 9.0312e-07 
1194.92 9.03807e-07 
1194.93 9.04456e-07 
1194.94 9.0507e-07 
1194.95 9.05648e-07 
1194.96 9.06192e-07 
1194.97 9.06703e-07 
1194.98 9.072e-07 
1194.99 9.07648e-07 
1195 9.08069e-07 
1195.01 9.08462e-07 
1195.02 9.0883e-07 
1195.03 9.09173e-07 
1195.04 9.09495e-07 
1195.05 9.09797e-07 
1195.06 9.1008e-07 
1195.07 9.10348e-07 
1195.08 9.10601e-07 
1195.09 9.10843e-07 
1195.1 9.11076e-07 
1195.11 9.113e-07 
1195.12 9.1152e-07 
1195.13 9.11738e-07 
1195.14 9.11955e-07 
1195.15 9.12176e-07 
1195.16 9.12401e-07 
1195.17 9.12635e-07 
1195.18 9.12879e-07 
1195.19 9.13136e-07 
1195.2 9.13411e-07 
1195.21 9.13704e-07 
1195.22 9.14019e-07 
1195.23 9.14375e-07 
1195.24 9.14743e-07 
1195.25 9.15143e-07 
1195.26 9.15576e-07 
1195.27 9.16047e-07 
1195.28 9.16558e-07 
1195.29 9.17112e-07 
1195.3 9.17711e-07 
1195.31 9.18361e-07 
1195.32 9.19062e-07 
1195.32 9.19819e-07 
1195.33 9.20635e-07 
1195.34 9.21511e-07 
1195.35 9.22453e-07 
1195.36 9.23462e-07 
1195.37 9.2454e-07 
1195.38 9.25692e-07 
1195.39 9.26921e-07 
1195.4 9.28228e-07 
1195.41 9.29616e-07 
1195.42 9.31088e-07 
1195.43 9.32648e-07 
1195.44 9.34296e-07 
1195.45 9.36036e-07 
1195.46 9.37871e-07 
1195.47 9.39801e-07 
1195.48 9.41868e-07 
1195.49 9.43999e-07 
1195.5 9.46232e-07 
1195.51 9.48569e-07 
1195.52 9.51012e-07 
1195.53 9.53563e-07 
1195.54 9.56222e-07 
1195.55 9.58992e-07 
1195.56 9.61873e-07 
1195.57 9.64866e-07 
1195.58 9.67973e-07 
1195.59 9.71193e-07 
1195.6 9.74529e-07 
1195.61 9.78583e-07 
1195.62 9.8215e-07 
1195.63 9.85833e-07 
1195.64 9.8963e-07 
1195.65 9.93543e-07 
1195.66 9.97569e-07 
1195.67 1.00171e-06 
1195.68 1.00596e-06 
1195.69 1.01033e-06 
1195.7 1.0148e-06 
1195.71 1.01939e-06 
1195.72 1.02408e-06 
1195.73 1.02895e-06 
1195.74 1.03386e-06 
1195.75 1.03886e-06 
1195.75 1.04396e-06 
1195.76 1.04916e-06 
1195.77 1.05446e-06 
1195.78 1.05984e-06 
1195.79 1.06531e-06 
1195.8 1.07087e-06 
1195.81 1.0765e-06 
1195.82 1.08221e-06 
1195.83 1.088e-06 
1195.84 1.09385e-06 
1195.85 1.09977e-06 
1195.86 1.10575e-06 
1195.87 1.11179e-06 
1195.88 1.11787e-06 
1195.89 1.124e-06 
1195.9 1.13017e-06 
1195.91 1.13638e-06 
1195.92 1.14262e-06 
1195.93 1.14888e-06 
1195.94 1.15516e-06 
1195.95 1.16145e-06 
1195.96 1.16775e-06 
1195.97 1.17406e-06 
1195.98 1.18045e-06 
1195.99 1.18674e-06 
1196 1.19301e-06 
1196.01 1.19926e-06 
1196.02 1.20548e-06 
1196.03 1.21166e-06 
1196.04 1.2178e-06 
1196.05 1.2239e-06 
1196.06 1.22994e-06 
1196.07 1.23592e-06 
1196.08 1.24182e-06 
1196.09 1.24766e-06 
1196.1 1.25342e-06 
1196.11 1.25909e-06 
1196.12 1.26467e-06 
1196.13 1.27015e-06 
1196.14 1.27552e-06 
1196.15 1.28079e-06 
1196.16 1.28594e-06 
1196.17 1.29096e-06 
1196.17 1.29586e-06 
1196.18 1.30063e-06 
1196.19 1.30525e-06 
1196.2 1.30974e-06 
1196.21 1.31407e-06 
1196.22 1.31832e-06 
1196.23 1.32234e-06 
1196.24 1.3262e-06 
1196.25 1.3299e-06 
1196.26 1.33342e-06 
1196.27 1.33677e-06 
1196.28 1.33994e-06 
1196.29 1.34293e-06 
1196.3 1.34574e-06 
1196.31 1.34837e-06 
1196.32 1.3508e-06 
1196.33 1.35305e-06 
1196.34 1.35511e-06 
1196.35 1.35697e-06 
1196.36 1.35864e-06 
1196.37 1.36011e-06 
1196.38 1.36139e-06 
1196.39 1.36247e-06 
1196.4 1.36337e-06 
1196.41 1.36406e-06 
1196.42 1.36457e-06 
1196.43 1.36488e-06 
1196.44 1.36501e-06 
1196.45 1.36495e-06 
1196.46 1.3647e-06 
1196.47 1.36428e-06 
1196.48 1.36368e-06 
1196.49 1.3629e-06 
1196.5 1.36195e-06 
1196.51 1.36083e-06 
1196.52 1.35955e-06 
1196.53 1.35812e-06 
1196.54 1.35654e-06 
1196.55 1.35481e-06 
1196.56 1.35295e-06 
1196.57 1.35096e-06 
1196.58 1.34884e-06 
1196.59 1.34661e-06 
1196.6 1.34426e-06 
1196.6 1.34265e-06 
1196.61 1.34011e-06 
1196.62 1.33749e-06 
1196.63 1.3348e-06 
1196.64 1.33204e-06 
1196.65 1.32923e-06 
1196.66 1.32637e-06 
1196.67 1.32347e-06 
1196.68 1.32055e-06 
1196.69 1.31762e-06 
1196.7 1.31468e-06 
1196.71 1.31175e-06 
1196.72 1.30884e-06 
1196.73 1.30594e-06 
1196.74 1.30311e-06 
1196.75 1.30033e-06 
1196.76 1.29761e-06 
1196.77 1.29498e-06 
1196.78 1.29243e-06 
1196.79 1.28999e-06 
1196.8 1.28767e-06 
1196.81 1.28547e-06 
1196.82 1.28342e-06 
1196.83 1.28152e-06 
1196.84 1.27978e-06 
1196.85 1.27822e-06 
1196.86 1.27686e-06 
1196.87 1.2757e-06 
1196.88 1.27475e-06 
1196.89 1.27404e-06 
1196.9 1.27356e-06 
1196.91 1.27334e-06 
1196.92 1.27339e-06 
1196.93 1.27371e-06 
1196.94 1.27432e-06 
1196.95 1.27523e-06 
1196.96 1.27645e-06 
1196.97 1.27799e-06 
1196.98 1.27991e-06 
1196.99 1.28213e-06 
1197 1.28471e-06 
1197.01 1.28765e-06 
1197.02 1.29097e-06 
1197.03 1.29467e-06 
1197.03 1.29876e-06 
1197.04 1.30324e-06 
1197.05 1.30814e-06 
1197.06 1.31345e-06 
1197.07 1.31918e-06 
1197.08 1.32534e-06 
1197.09 1.33194e-06 
1197.1 1.33897e-06 
1197.11 1.34646e-06 
1197.12 1.35439e-06 
1197.13 1.36278e-06 
1197.14 1.37162e-06 
1197.15 1.38093e-06 
1197.16 1.3907e-06 
1197.17 1.40093e-06 
1197.18 1.41164e-06 
1197.19 1.42281e-06 
1197.2 1.43444e-06 
1197.21 1.44655e-06 
1197.22 1.45912e-06 
1197.23 1.47234e-06 
1197.24 1.48584e-06 
1197.25 1.4998e-06 
1197.26 1.51422e-06 
1197.27 1.52908e-06 
1197.28 1.5444e-06 
1197.29 1.56015e-06 
1197.3 1.57634e-06 
1197.31 1.59295e-06 
1197.32 1.60999e-06 
1197.33 1.62743e-06 
1197.34 1.64528e-06 
1197.35 1.66352e-06 
1197.36 1.68214e-06 
1197.37 1.70113e-06 
1197.38 1.72048e-06 
1197.39 1.74019e-06 
1197.4 1.76023e-06 
1197.41 1.78059e-06 
1197.42 1.80126e-06 
1197.43 1.82222e-06 
1197.44 1.84347e-06 
1197.45 1.86497e-06 
1197.45 1.88673e-06 
1197.46 1.90872e-06 
1197.47 1.93093e-06 
1197.48 1.95363e-06 
1197.49 1.97622e-06 
1197.5 1.99896e-06 
1197.51 2.02186e-06 
1197.52 2.04487e-06 
1197.53 2.06799e-06 
1197.54 2.0912e-06 
1197.55 2.11448e-06 
1197.56 2.1378e-06 
1197.57 2.16114e-06 
1197.58 2.18449e-06 
1197.59 2.20783e-06 
1197.6 2.23113e-06 
1197.61 2.25575e-06 
1197.62 2.27893e-06 
1197.63 2.302e-06 
1197.64 2.32496e-06 
1197.65 2.34777e-06 
1197.66 2.37041e-06 
1197.67 2.39288e-06 
1197.68 2.41513e-06 
1197.69 2.43716e-06 
1197.7 2.45894e-06 
1197.71 2.48046e-06 
1197.72 2.50168e-06 
1197.73 2.52288e-06 
1197.74 2.54346e-06 
1197.75 2.56369e-06 
1197.76 2.58356e-06 
1197.77 2.60305e-06 
1197.78 2.62213e-06 
1197.79 2.64078e-06 
1197.8 2.65901e-06 
1197.81 2.67677e-06 
1197.82 2.69407e-06 
1197.83 2.71088e-06 
1197.84 2.72718e-06 
1197.85 2.74298e-06 
1197.86 2.75824e-06 
1197.87 2.77296e-06 
1197.88 2.78712e-06 
1197.88 2.80072e-06 
1197.89 2.81375e-06 
1197.9 2.82619e-06 
1197.91 2.83803e-06 
1197.92 2.84928e-06 
1197.93 2.85991e-06 
1197.94 2.86992e-06 
1197.95 2.87932e-06 
1197.96 2.88809e-06 
1197.97 2.89623e-06 
1197.98 2.90385e-06 
1197.99 2.91072e-06 
1198 2.91696e-06 
1198.01 2.92257e-06 
1198.02 2.92754e-06 
1198.03 2.93189e-06 
1198.04 2.93561e-06 
1198.05 2.93871e-06 
1198.06 2.9412e-06 
1198.07 2.94308e-06 
1198.08 2.94435e-06 
1198.09 2.94504e-06 
1198.1 2.94515e-06 
1198.11 2.94468e-06 
1198.12 2.94366e-06 
1198.13 2.94209e-06 
1198.14 2.93999e-06 
1198.15 2.93736e-06 
1198.16 2.93424e-06 
1198.17 2.93063e-06 
1198.18 2.92655e-06 
1198.19 2.92203e-06 
1198.2 2.91706e-06 
1198.21 2.91169e-06 
1198.22 2.90593e-06 
1198.23 2.89974e-06 
1198.24 2.89327e-06 
1198.25 2.88647e-06 
1198.26 2.87937e-06 
1198.27 2.872e-06 
1198.28 2.86438e-06 
1198.29 2.85654e-06 
1198.3 2.8485e-06 
1198.3 2.8403e-06 
1198.31 2.83195e-06 
1198.32 2.82349e-06 
1198.33 2.81495e-06 
1198.34 2.80635e-06 
1198.35 2.79773e-06 
1198.36 2.7891e-06 
1198.37 2.78052e-06 
1198.38 2.77199e-06 
1198.39 2.76355e-06 
1198.4 2.75524e-06 
1198.41 2.74708e-06 
1198.42 2.7391e-06 
1198.43 2.73134e-06 
1198.44 2.72382e-06 
1198.45 2.71658e-06 
1198.46 2.70964e-06 
1198.47 2.70303e-06 
1198.48 2.69673e-06 
1198.49 2.69088e-06 
1198.5 2.68545e-06 
1198.51 2.68048e-06 
1198.52 2.67598e-06 
1198.53 2.67199e-06 
1198.54 2.66853e-06 
1198.55 2.66562e-06 
1198.56 2.6633e-06 
1198.57 2.66159e-06 
1198.58 2.66051e-06 
1198.59 2.66009e-06 
1198.6 2.66034e-06 
1198.61 2.66294e-06 
1198.62 2.66461e-06 
1198.63 2.66703e-06 
1198.64 2.67021e-06 
1198.65 2.67417e-06 
1198.66 2.67892e-06 
1198.67 2.68448e-06 
1198.68 2.69087e-06 
1198.69 2.69809e-06 
1198.7 2.70616e-06 
1198.71 2.7151e-06 
1198.72 2.72491e-06 
1198.73 2.73575e-06 
1198.73 2.74733e-06 
1198.74 2.75981e-06 
1198.75 2.77318e-06 
1198.76 2.78745e-06 
1198.77 2.80263e-06 
1198.78 2.81871e-06 
1198.79 2.83569e-06 
1198.8 2.85356e-06 
1198.81 2.87233e-06 
1198.82 2.89199e-06 
1198.83 2.91253e-06 
1198.84 2.93394e-06 
1198.85 2.95622e-06 
1198.86 2.97935e-06 
1198.87 3.00332e-06 
1198.88 3.02811e-06 
1198.89 3.05372e-06 
1198.9 3.08011e-06 
1198.91 3.10729e-06 
1198.92 3.13522e-06 
1198.93 3.16388e-06 
1198.94 3.19325e-06 
1198.95 3.22331e-06 
1198.96 3.25404e-06 
1198.97 3.2854e-06 
1198.98 3.31778e-06 
1198.99 3.35034e-06 
1199 3.38345e-06 
1199.01 3.41707e-06 
1199.02 3.45118e-06 
1199.03 3.48575e-06 
1199.04 3.52074e-06 
1199.05 3.55611e-06 
1199.06 3.59182e-06 
1199.07 3.62784e-06 
1199.08 3.66414e-06 
1199.09 3.70067e-06 
1199.1 3.7374e-06 
1199.11 3.77427e-06 
1199.12 3.81127e-06 
1199.13 3.84832e-06 
1199.14 3.88541e-06 
1199.15 3.92249e-06 
1199.15 3.95951e-06 
1199.16 3.99643e-06 
1199.17 4.03322e-06 
1199.18 4.0698e-06 
1199.19 4.10617e-06 
1199.2 4.14225e-06 
1199.21 4.17802e-06 
1199.22 4.21388e-06 
1199.23 4.24887e-06 
1199.24 4.28342e-06 
1199.25 4.31747e-06 
1199.26 4.35098e-06 
1199.27 4.38391e-06 
1199.28 4.41621e-06 
1199.29 4.44786e-06 
1199.3 4.47879e-06 
1199.31 4.50898e-06 
1199.32 4.53838e-06 
1199.33 4.56695e-06 
1199.34 4.59466e-06 
1199.35 4.62146e-06 
1199.36 4.64732e-06 
1199.37 4.6722e-06 
1199.38 4.69607e-06 
1199.39 4.71888e-06 
1199.4 4.74063e-06 
1199.41 4.76125e-06 
1199.42 4.78074e-06 
1199.43 4.79905e-06 
1199.44 4.81617e-06 
1199.45 4.83205e-06 
1199.46 4.84668e-06 
1199.47 4.86003e-06 
1199.48 4.87223e-06 
1199.49 4.88294e-06 
1199.5 4.89232e-06 
1199.51 4.90033e-06 
1199.52 4.90696e-06 
1199.53 4.9122e-06 
1199.54 4.91604e-06 
1199.55 4.91846e-06 
1199.56 4.91944e-06 
1199.57 4.919e-06 
1199.58 4.9171e-06 
1199.58 4.91376e-06 
1199.59 4.90896e-06 
1199.6 4.9027e-06 
1199.61 4.89801e-06 
1199.62 4.88883e-06 
1199.63 4.87821e-06 
1199.64 4.86613e-06 
1199.65 4.8526e-06 
1199.66 4.83763e-06 
1199.67 4.82124e-06 
1199.68 4.80344e-06 
1199.69 4.78423e-06 
1199.7 4.76361e-06 
1199.71 4.74163e-06 
1199.72 4.71828e-06 
1199.73 4.69327e-06 
1199.74 4.66724e-06 
1199.75 4.6399e-06 
1199.76 4.61128e-06 
1199.77 4.5814e-06 
1199.78 4.55029e-06 
1199.79 4.51796e-06 
1199.8 4.48445e-06 
1199.81 4.44979e-06 
1199.82 4.414e-06 
1199.83 4.37711e-06 
1199.84 4.33915e-06 
1199.85 4.30016e-06 
1199.86 4.26017e-06 
1199.87 4.21921e-06 
1199.88 4.17731e-06 
1199.89 4.1345e-06 
1199.9 4.09083e-06 
1199.91 4.04633e-06 
1199.92 4.00103e-06 
1199.93 3.95498e-06 
1199.94 3.90821e-06 
1199.95 3.86075e-06 
1199.96 3.81264e-06 
1199.97 3.76392e-06 
1199.98 3.71402e-06 
1199.99 3.66419e-06 
1200 3.61387e-06 
1200.01 3.5631e-06 
1200.01 3.51191e-06 
1200.02 3.46033e-06 
1200.03 3.40842e-06 
1200.04 3.3562e-06 
1200.05 3.30372e-06 
1200.06 3.25101e-06 
1200.07 3.19811e-06 
1200.08 3.14505e-06 
1200.09 3.09187e-06 
1200.1 3.03861e-06 
1200.11 2.9853e-06 
1200.12 2.93198e-06 
1200.13 2.87868e-06 
1200.14 2.82543e-06 
1200.15 2.77227e-06 
1200.16 2.71923e-06 
1200.17 2.66634e-06 
1200.18 2.61364e-06 
1200.19 2.56114e-06 
1200.2 2.50889e-06 
1200.21 2.4569e-06 
1200.22 2.40521e-06 
1200.23 2.35321e-06 
1200.24 2.3022e-06 
1200.25 2.25156e-06 
1200.26 2.20132e-06 
1200.27 2.15151e-06 
1200.28 2.10214e-06 
1200.29 2.05324e-06 
1200.3 2.00482e-06 
1200.31 1.95691e-06 
1200.32 1.90952e-06 
1200.33 1.86268e-06 
1200.34 1.81639e-06 
1200.35 1.77068e-06 
1200.36 1.72556e-06 
1200.37 1.68104e-06 
1200.38 1.63714e-06 
1200.39 1.59387e-06 
1200.4 1.55123e-06 
1200.41 1.50925e-06 
1200.42 1.46792e-06 
1200.43 1.42727e-06 
1200.43 1.38728e-06 
1200.44 1.34798e-06 
1200.45 1.30937e-06 
1200.46 1.27144e-06 
1200.47 1.23422e-06 
1200.48 1.19724e-06 
1200.49 1.16143e-06 
1200.5 1.12632e-06 
1200.51 1.09192e-06 
1200.52 1.05822e-06 
1200.53 1.02523e-06 
1200.54 9.92944e-07 
1200.55 9.61363e-07 
1200.56 9.30484e-07 
1200.57 9.00303e-07 
1200.58 8.70817e-07 
1200.59 8.42023e-07 
1200.6 8.13916e-07 
1200.61 7.86975e-07 
1200.62 7.60211e-07 
1200.63 7.34117e-07 
1200.64 7.08689e-07 
1200.65 6.83918e-07 
1200.66 6.59799e-07 
1200.67 6.36323e-07 
1200.68 6.13482e-07 
1200.69 5.91269e-07 
1200.7 5.69674e-07 
1200.71 5.4869e-07 
1200.72 5.28306e-07 
1200.73 5.08271e-07 
1200.74 4.89068e-07 
1200.75 4.70437e-07 
1200.76 4.52369e-07 
1200.77 4.34854e-07 
1200.78 4.1788e-07 
1200.79 4.01438e-07 
1200.8 3.85517e-07 
1200.81 3.70107e-07 
1200.82 3.55198e-07 
1200.83 3.40778e-07 
1200.84 3.26837e-07 
1200.85 3.13364e-07 
1200.85 3.00349e-07 
1200.86 2.87781e-07 
1200.87 2.75648e-07 
1200.88 2.63942e-07 
1200.89 2.5265e-07 
1200.9 2.41762e-07 
1200.91 2.31268e-07 
1200.92 2.21158e-07 
1200.93 2.11421e-07 
1200.94 2.02046e-07 
1200.95 1.93025e-07 
1200.96 1.84346e-07 
1200.97 1.76e-07 
1200.98 1.67879e-07 
1200.99 1.60173e-07 
1201 1.52772e-07 
1201.01 1.45665e-07 
1201.02 1.38843e-07 
1201.03 1.32298e-07 
1201.04 1.2602e-07 
1201.05 1.20001e-07 
1201.06 1.14232e-07 
1201.07 1.08706e-07 
1201.08 1.03412e-07 
1201.09 9.8345e-08 
1201.1 9.34954e-08 
1201.11 8.88559e-08 
1201.12 8.44193e-08 
1201.13 8.0178e-08 
1201.14 7.61248e-08 
1201.15 7.22533e-08 
1201.16 6.85561e-08 
1201.17 6.5027e-08 
1201.18 6.16595e-08 
1201.19 5.84473e-08 
1201.2 5.53844e-08 
1201.21 5.24649e-08 
1201.22 4.96831e-08 
1201.23 4.70012e-08 
1201.24 4.44799e-08 
1201.25 4.20802e-08 
1201.26 3.9797e-08 
1201.27 3.76254e-08 
1201.28 3.55607e-08 
1201.28 3.35983e-08 
1201.29 3.17339e-08 
1201.3 2.99632e-08 
1201.31 2.82821e-08 
1201.32 2.66866e-08 
1201.33 2.51729e-08 
1201.34 2.37374e-08 
1201.35 2.23764e-08 
1201.36 2.10865e-08 
1201.37 1.98646e-08 
1201.38 1.87073e-08 
1201.39 1.76118e-08 
1201.4 1.6575e-08 
1201.41 1.55941e-08 
1201.42 1.46665e-08 
1201.43 1.37896e-08 
1201.44 1.29609e-08 
1201.45 1.21781e-08 
1201.46 1.14387e-08 
1201.47 1.07408e-08 
1201.48 1.00742e-08 
1201.49 9.45333e-09 
1201.5 8.86783e-09 
1201.51 8.31589e-09 
1201.52 7.79576e-09 
1201.53 7.30578e-09 
1201.54 6.84437e-09 
1201.55 6.41e-09 
1201.56 6.00125e-09 
1201.57 5.61674e-09 
1201.58 5.25515e-09 
1201.59 4.91523e-09 
1201.6 4.5958e-09 
1201.61 4.29837e-09 
1201.62 4.01642e-09 
1201.63 3.75173e-09 
1201.64 3.50335e-09 
1201.65 3.27034e-09 
1201.66 3.05184e-09 
1201.67 2.84701e-09 
1201.68 2.65506e-09 
1201.69 2.47524e-09 
1201.7 2.30686e-09 
1201.7 2.14922e-09 
1201.71 2.00171e-09 
1201.72 1.86205e-09 
1201.73 1.7331e-09 
1201.74 1.61257e-09 
1201.75 1.49992e-09 
1201.76 1.39469e-09 
1201.77 1.29643e-09 
1201.78 1.20469e-09 
1201.79 1.11908e-09 
1201.8 1.03921e-09 
1201.81 9.64732e-10 
1201.82 8.95298e-10 
1201.83 8.3059e-10 
1201.84 7.70308e-10 
1201.85 7.14169e-10 
1201.86 6.61905e-10 
1201.87 6.13266e-10 
1201.88 5.68016e-10 
1201.89 5.25934e-10 
1201.9 4.8681e-10 
1201.91 4.5045e-10 
1201.92 4.1667e-10 
1201.93 3.85298e-10 
1201.94 3.56172e-10 
1201.95 3.2914e-10 
1201.96 3.04061e-10 
1201.97 2.80801e-10 
1201.98 2.58976e-10 
1201.99 2.39009e-10 
1202 2.20509e-10 
1202.01 2.03374e-10 
1202.02 1.8751e-10 
1202.03 1.72827e-10 
1202.04 1.59242e-10 
1202.05 1.46677e-10 
1202.06 1.35059e-10 
1202.07 1.24321e-10 
1202.08 1.144e-10 
1202.09 1.05236e-10 
1202.1 9.67742e-11 
1202.11 8.8964e-11 
1202.12 8.17575e-11 
1202.13 7.51104e-11 
1202.13 6.89811e-11 
1202.14 6.33314e-11 
1202.15 5.81255e-11 
1202.16 5.33301e-11 
1202.17 4.89144e-11 
1202.18 4.48497e-11 
1202.19 4.11094e-11 
1202.2 3.76687e-11 
1202.21 3.45048e-11 
1202.22 3.15629e-11 
1202.23 2.88915e-11 
1202.24 2.64388e-11 
1202.25 2.41865e-11 
1202.26 2.21188e-11 
1202.27 2.02213e-11 
1202.28 1.84805e-11 
1202.29 1.68841e-11 
1202.3 1.54206e-11 
1202.31 1.40794e-11 
1202.32 1.28506e-11 
1202.33 1.17252e-11 
1202.34 1.06949e-11 
1202.35 9.75198e-12 
1202.36 8.88928e-12 
1202.37 8.10026e-12 
1202.38 7.37886e-12 
1202.39 6.71952e-12 
1202.4 6.11711e-12 
1202.41 5.56688e-12 
1202.42 5.0645e-12 
1202.43 4.60595e-12 
1202.44 4.18756e-12 
1202.45 3.80593e-12 
1202.46 3.45796e-12 
1202.47 3.14077e-12 
1202.48 2.84831e-12 
1202.49 2.58535e-12 
1202.5 2.3459e-12 
1202.51 2.12793e-12 
1202.52 1.92959e-12 
1202.53 1.74917e-12 
1202.54 1.5851e-12 
1202.55 1.43595e-12 
1202.56 1.30041e-12 
1202.56 1.17728e-12 
1202.57 1.06546e-12 
1202.58 9.63952e-13 
1202.59 8.71828e-13 
1202.6 7.88251e-13 
1202.61 7.12891e-13 
1202.62 6.44131e-13 
1202.63 5.81812e-13 
1202.64 5.25352e-13 
1202.65 4.74217e-13 
1202.66 4.27919e-13 
1202.67 3.86015e-13 
1202.68 3.48102e-13 
1202.69 3.1381e-13 
1202.7 2.82803e-13 
1202.71 2.54778e-13 
1202.72 2.29455e-13 
1202.73 2.0631e-13 
1202.74 1.85683e-13 
1202.75 1.67063e-13 
1202.76 1.50261e-13 
1202.77 1.35106e-13 
1202.78 1.21439e-13 
1202.79 1.09119e-13 
1202.8 9.80173e-14 
1202.81 8.80162e-14 
1202.82 7.90098e-14 
1202.83 7.09019e-14 
1202.84 6.36053e-14 
1202.85 5.7041e-14 
1202.86 5.11375e-14 
1202.87 4.58301e-14 
1202.88 4.10601e-14 
1202.89 3.67745e-14 
1202.9 3.29256e-14 
1202.91 2.94699e-14 
1202.92 2.63683e-14 
1202.93 2.35854e-14 
1202.94 2.10894e-14 
1202.95 1.88513e-14 
1202.96 1.68453e-14 
1202.97 1.50479e-14 
1202.98 1.34378e-14 
1202.98 1.19791e-14 
1202.99 1.06904e-14 
1203 9.53721e-15 
1203.01 8.50564e-15 
1203.02 7.58319e-15 
1203.03 6.75857e-15 
1203.04 6.02166e-15 
1203.05 5.36335e-15 
1203.06 4.77546e-15 
1203.07 4.25062e-15 
1203.08 3.78223e-15 
1203.09 3.36435e-15 
1203.1 2.99167e-15 
1203.11 2.65941e-15 
1203.12 2.36327e-15 
1203.13 2.09943e-15 
1203.14 1.86444e-15 
1203.15 1.65521e-15 
1203.16 1.46898e-15 
1203.17 1.30328e-15 
1203.18 1.15589e-15 
1203.19 1.02484e-15 
1203.2 9.08351e-16 
1203.21 8.0484e-16 
1203.22 7.12891e-16 
1203.23 6.30282e-16 
1203.24 5.5791e-16 
1203.25 4.93687e-16 
1203.26 4.36715e-16 
1203.27 3.86192e-16 
1203.28 3.41402e-16 
1203.29 3.01708e-16 
1203.3 2.66543e-16 
1203.31 2.354e-16 
1203.32 2.07828e-16 
1203.33 1.83425e-16 
1203.34 1.61835e-16 
1203.35 1.4274e-16 
1203.36 1.25857e-16 
1203.37 1.10934e-16 
1203.38 9.77493e-17 
1203.39 8.61033e-17 
1203.4 7.58201e-17 
1203.41 6.67434e-17 
1203.41 5.8734e-17 
1203.42 5.1669e-17 
1203.43 4.5439e-17 
1203.44 3.99472e-17 
1203.45 3.51076e-17 
1203.46 3.08444e-17 
1203.47 2.709e-17 
1203.48 2.37461e-17 
1203.49 2.0842e-17 
1203.5 1.82872e-17 
1203.51 1.60403e-17 
1203.52 1.40648e-17 
1203.53 1.23287e-17 
1203.54 1.08033e-17 
1203.55 9.46356e-18 
1203.56 8.28728e-18 
1203.57 7.25483e-18 
1203.58 6.34895e-18 
1203.59 5.55436e-18 
1203.6 4.85764e-18 
1203.61 4.24953e-18 
1203.62 3.71406e-18 
1203.63 3.24501e-18 
1203.64 2.83426e-18 
1203.65 2.47471e-18 
1203.66 2.16006e-18 
1203.67 1.8848e-18 
1203.68 1.64409e-18 
1203.69 1.43365e-18 
1203.7 1.24973e-18 
1203.71 1.08906e-18 
1203.72 9.48734e-19 
1203.73 8.24791e-19 
1203.74 7.18046e-19 
1203.75 6.24911e-19 
1203.76 5.4368e-19 
1203.77 4.72853e-19 
1203.78 4.1112e-19 
1203.79 3.57329e-19 
1203.8 3.10475e-19 
1203.81 2.69677e-19 
1203.82 2.34164e-19 
1203.83 2.03261e-19 
1203.83 1.76379e-19 
1203.84 1.53002e-19 
1203.85 1.3268e-19 
1203.86 1.1502e-19 
1203.87 9.96785e-20 
1203.88 8.63548e-20 
1203.89 7.47876e-20 
1203.9 6.47488e-20 
1203.91 5.60392e-20 
1203.92 4.84854e-20 
1203.93 4.19361e-20 
1203.94 3.62597e-20 
1203.95 3.13414e-20 
1203.96 2.70814e-20 
1203.97 2.33928e-20 
1203.98 2.0163e-20 
1203.99 1.74053e-20 
1204 1.50198e-20 
1204.01 1.29571e-20 
1204.02 1.11741e-20 
1204.03 9.6332e-21 
1204.04 8.30213e-21 
1204.05 7.15265e-21 
1204.06 6.16031e-21 
1204.07 5.30392e-21 
1204.08 4.56509e-21 
1204.09 3.9279e-21 
1204.1 3.37855e-21 
1204.11 2.90508e-21 
1204.12 2.49715e-21 
1204.13 2.1458e-21 
1204.14 1.84329e-21 
1204.15 1.5829e-21 
1204.16 1.35886e-21 
1204.17 1.16615e-21 
1204.18 1.00044e-21 
1204.19 8.58e-22 
1204.2 7.356e-22 
1204.21 6.30455e-22 
1204.22 5.40164e-22 
1204.23 4.61757e-22 
1204.24 3.95367e-22 
1204.25 3.38411e-22 
1204.26 2.89566e-22 
1204.26 2.47691e-22 
1204.27 2.11802e-22 
1204.28 1.81054e-22 
1204.29 1.5472e-22 
1204.3 1.32173e-22 
1204.31 1.12875e-22 
1204.32 9.63627e-23 
1204.33 8.22394e-23 
1204.34 7.01632e-23 
1204.35 5.98408e-23 
1204.36 5.10204e-23 
1204.37 4.3486e-23 
1204.38 3.70521e-23 
1204.39 3.15598e-23 
1204.4 2.68729e-23 
1204.41 2.28746e-23 
1204.42 1.94649e-23 
1204.43 1.6558e-23 
1204.44 1.40806e-23 
1204.45 1.197e-23 
1204.46 1.01725e-23 
1204.47 8.64202e-24 
1204.48 7.32446e-24 
1204.49 6.21843e-24 
1204.5 5.27769e-24 
1204.51 4.47781e-24 
1204.52 3.79792e-24 
1204.53 3.22022e-24 
1204.54 2.7295e-24 
1204.55 2.3128e-24 
1204.56 1.95908e-24 
1204.57 1.65892e-24 
1204.58 1.40429e-24 
1204.59 1.18835e-24 
1204.6 1.0053e-24 
1204.61 8.5016e-25 
1204.62 7.19171e-25 
1204.63 6.07792e-25 
1204.64 5.13496e-25 
1204.65 4.33688e-25 
1204.66 3.66165e-25 
1204.67 3.09054e-25 
1204.68 2.60766e-25 
1204.68 2.1995e-25 
1204.69 1.85463e-25 
1204.7 1.56332e-25 
1204.71 1.31734e-25 
1204.72 1.10732e-25 
1204.73 9.3248e-26 
1204.74 7.84988e-26 
1204.75 6.60609e-26 
1204.76 5.55757e-26 
1204.77 4.67395e-26 
1204.78 3.92954e-26 
1204.79 3.30261e-26 
1204.8 2.7748e-26 
1204.81 2.33058e-26 
1204.82 1.95684e-26 
1204.83 1.6425e-26 
1204.84 1.3782e-26 
1204.85 1.15606e-26 
1204.86 9.69404e-27 
1204.87 8.12622e-27 
1204.88 6.80974e-27 
1204.89 5.70468e-27 
1204.9 4.77738e-27 
1204.91 3.99952e-27 
1204.92 3.34721e-27 
1204.93 2.80039e-27 
1204.94 2.34213e-27 
1204.95 1.95822e-27 
1204.96 1.63671e-27 
1204.97 1.36754e-27 
1204.98 1.1397e-27 
1204.99 9.51639e-28 
1205 7.94355e-28 
1205.01 6.62849e-28 
1205.02 5.52934e-28 
1205.03 4.61096e-28 
1205.04 3.84385e-28 
1205.05 3.20332e-28 
1205.06 2.66866e-28 
1205.07 2.22252e-28 
1205.08 1.85035e-28 
1205.09 1.54001e-28 
1205.1 1.2813e-28 
1205.11 1.0657e-28 
1205.11 8.86091e-29 
1205.12 7.36513e-29 
1205.13 6.11985e-29 
1205.14 5.08347e-29 
1205.15 4.22121e-29 
1205.16 3.50407e-29 
1205.17 2.90782e-29 
1205.18 2.41224e-29 
1205.19 2.00047e-29 
1205.2 1.65845e-29 
1205.21 1.37445e-29 
1205.22 1.13628e-29 
1205.23 9.40888e-30 
1205.24 7.79005e-30 
1205.25 6.44764e-30 
1205.26 5.33482e-30 
1205.27 4.41262e-30 
1205.28 3.64866e-30 
1205.29 3.01597e-30 
1205.3 2.49218e-30 
1205.31 2.05869e-30 
1205.32 1.70005e-30 
1205.33 1.40342e-30 
1205.34 1.15818e-30 
1205.35 9.55478e-31 
1205.36 7.87996e-31 
1205.37 6.49661e-31 
1205.38 5.35435e-31 
1205.39 4.4115e-31 
1205.4 3.63349e-31 
1205.41 2.99171e-31 
1205.42 2.46249e-31 
1205.43 2.02622e-31 
1205.44 1.6667e-31 
1205.45 1.37053e-31 
1205.46 1.12662e-31 
1205.47 9.25813e-32 
1205.48 7.58854e-32 
1205.49 6.23049e-32 
1205.5 5.11497e-32 
1205.51 4.1978e-32 
1205.52 3.44397e-32 
1205.53 2.82459e-32 
1205.54 2.31585e-32 
1205.54 1.89811e-32 
1205.55 1.55523e-32 
1205.56 1.27386e-32 
1205.57 1.04307e-32 
1205.58 8.53804e-33 
1205.59 6.98656e-33 
1205.6 5.71514e-33 
1205.61 4.67644e-33 
1205.62 3.82293e-33 
1205.63 3.12417e-33 
1205.64 2.5523e-33 
1205.65 2.08444e-33 
1205.66 1.70178e-33 
1205.67 1.38892e-33 
1205.68 1.1332e-33 
1205.69 9.24267e-34 
1205.7 7.53609e-34 
1205.71 6.1426e-34 
1205.72 5.00516e-34 
1205.73 4.06656e-34 
1205.74 3.31137e-34 
1205.75 2.69555e-34 
1205.76 2.19353e-34 
1205.77 1.78443e-34 
1205.78 1.45116e-34 
1205.79 1.17974e-34 
1205.8 9.58779e-35 
1205.81 7.78948e-35 
1205.82 6.3264e-35 
1205.83 5.13645e-35 
1205.84 4.16897e-35 
1205.85 3.38261e-35 
1205.86 2.74369e-35 
1205.87 2.22472e-35 
1205.88 1.80333e-35 
1205.89 1.46127e-35 
1205.9 1.18372e-35 
1205.91 9.58567e-36 
1205.92 7.75988e-36 
1205.93 6.27981e-36 
1205.94 5.08039e-36 
1205.95 4.10871e-36 
1205.96 3.32179e-36 
1205.96 2.68471e-36 
1205.97 2.16911e-36 
1205.98 1.74728e-36 
1205.99 1.41079e-36 
1206 1.13873e-36 
1206.01 9.18831e-37 
1206.02 7.41157e-37 
1206.03 5.97644e-37 
1206.04 4.81764e-37 
1206.05 3.88226e-37 
1206.06 3.12746e-37 
1206.07 2.5186e-37 
1206.08 2.02761e-37 
1206.09 1.6318e-37 
1206.1 1.31284e-37 
1206.11 1.05587e-37 
1206.12 8.48926e-38 
1206.13 6.82319e-38 
1206.14 5.48231e-38 
1206.15 4.4035e-38 
1206.16 3.53583e-38 
1206.17 2.8382e-38 
1206.18 2.27747e-38 
1206.19 1.82693e-38 
1206.2 1.46503e-38 
1206.21 1.17445e-38 
1206.22 9.4119e-39 
1206.23 7.51926e-39 
1206.24 6.02191e-39 
1206.25 4.82116e-39 
1206.26 3.85858e-39 
1206.27 3.08718e-39 
1206.28 2.46919e-39 
1206.29 1.97427e-39 
1206.3 1.57803e-39 
1206.31 1.26091e-39 
1206.32 1.00719e-39 
1206.33 8.04261e-40 
1206.34 6.42008e-40 
1206.35 5.12322e-40 
1206.36 4.08699e-40 
1206.37 3.25928e-40 
1206.38 2.59837e-40 
1206.39 2.0708e-40 
1206.39 1.6498e-40 
1206.4 1.31397e-40 
1206.41 1.04615e-40 
1206.42 8.32652e-41 
1206.43 6.6252e-41 
1206.44 5.26958e-41 
1206.45 4.19016e-41 
1206.46 3.33061e-41 
1206.47 2.64663e-41 
1206.48 2.09634e-41 
1206.49 1.6646e-41 
1206.5 1.32156e-41 
1206.51 1.04873e-41 
1206.52 8.31951e-42 
1206.53 6.59731e-42 
1206.54 5.23105e-42 
1206.55 4.14504e-42 
1206.56 3.28464e-42 
1206.57 2.60221e-42 
1206.58 2.06131e-42 
1206.59 1.63111e-42 
1206.6 0 
