#energy geo_1 
1186.6 0 
1186.61 0 
1186.62 0 
1186.63 0 
1186.64 0 
1186.65 0 
1186.66 0 
1186.67 0 
1186.68 0 
1186.69 0 
1186.7 0 
1186.71 0 
1186.72 0 
1186.73 0 
1186.74 0 
1186.75 0 
1186.76 0 
1186.77 0 
1186.78 0 
1186.79 0 
1186.8 0 
1186.81 0 
1186.81 0 
1186.82 0 
1186.83 0 
1186.84 0 
1186.85 0 
1186.86 0 
1186.87 0 
1186.88 0 
1186.89 0 
1186.9 0 
1186.91 0 
1186.92 0 
1186.93 0 
1186.94 0 
1186.95 1.4013e-45 
1186.96 1.4013e-45 
1186.97 1.4013e-45 
1186.98 1.4013e-45 
1186.99 1.4013e-45 
1187 2.8026e-45 
1187.01 2.8026e-45 
1187.02 2.8026e-45 
1187.03 2.8026e-45 
1187.04 4.2039e-45 
1187.05 4.2039e-45 
1187.06 5.60519e-45 
1187.07 7.00649e-45 
1187.08 8.40779e-45 
1187.09 1.12104e-44 
1187.1 1.26117e-44 
1187.11 1.68156e-44 
1187.12 1.96182e-44 
1187.13 2.38221e-44 
1187.14 2.94273e-44 
1187.15 3.64338e-44 
1187.16 4.34403e-44 
1187.17 5.32493e-44 
1187.18 6.5861e-44 
1187.19 8.12753e-44 
1187.2 9.94922e-44 
1187.21 1.20512e-43 
1187.22 1.45735e-43 
1187.23 1.79366e-43 
1187.24 2.18603e-43 
1187.24 2.66247e-43 
1187.25 3.26503e-43 
1187.26 3.96567e-43 
1187.27 4.83448e-43 
1187.28 5.89947e-43 
1187.29 7.17465e-43 
1187.3 8.7441e-43 
1187.31 1.06499e-42 
1187.32 1.2962e-42 
1187.33 1.57786e-42 
1187.34 1.91978e-42 
1187.35 2.33596e-42 
1187.36 2.84183e-42 
1187.37 3.4542e-42 
1187.38 4.19969e-42 
1187.39 5.10493e-42 
1187.4 6.20215e-42 
1187.41 7.53478e-42 
1187.42 9.14908e-42 
1187.43 1.11095e-41 
1187.44 1.34861e-41 
1187.45 1.63658e-41 
1187.46 1.9855e-41 
1187.47 2.40813e-41 
1187.48 2.92717e-41 
1187.49 3.54851e-41 
1187.5 4.30087e-41 
1187.51 5.21129e-41 
1187.52 6.31285e-41 
1187.53 7.64534e-41 
1187.54 9.25656e-41 
1187.55 1.12048e-40 
1187.56 1.35595e-40 
1187.57 1.64047e-40 
1187.58 1.98422e-40 
1187.59 2.39939e-40 
1187.6 2.9007e-40 
1187.61 3.50802e-40 
1187.62 4.23879e-40 
1187.63 5.12051e-40 
1187.64 6.18406e-40 
1187.65 7.46664e-40 
1187.66 9.01293e-40 
1187.66 1.08767e-39 
1187.67 1.31226e-39 
1187.68 1.58282e-39 
1187.69 1.90868e-39 
1187.7 2.30104e-39 
1187.71 2.77336e-39 
1187.72 3.34179e-39 
1187.73 4.03507e-39 
1187.74 4.85962e-39 
1187.75 5.85118e-39 
1187.76 7.04329e-39 
1187.77 8.47612e-39 
1187.78 1.01979e-38 
1187.79 1.22662e-38 
1187.8 1.47504e-38 
1187.81 1.77331e-38 
1187.82 2.13137e-38 
1187.83 2.56106e-38 
1187.84 3.07662e-38 
1187.85 3.69501e-38 
1187.86 4.43659e-38 
1187.87 5.32565e-38 
1187.88 6.39125e-38 
1187.89 7.66813e-38 
1187.9 9.19778e-38 
1187.91 1.10298e-37 
1187.92 1.32233e-37 
1187.93 1.58491e-37 
1187.94 1.89915e-37 
1187.95 2.27512e-37 
1187.96 2.72482e-37 
1187.97 3.2626e-37 
1187.98 3.9143e-37 
1187.99 4.68444e-37 
1188 5.60469e-37 
1188.01 6.70402e-37 
1188.02 8.01696e-37 
1188.03 9.5846e-37 
1188.04 1.14559e-36 
1188.05 1.3689e-36 
1188.06 1.63534e-36 
1188.07 1.95314e-36 
1188.08 2.33211e-36 
1188.09 2.7839e-36 
1188.09 3.32238e-36 
1188.1 3.96401e-36 
1188.11 4.72835e-36 
1188.12 5.63866e-36 
1188.13 6.72252e-36 
1188.14 8.01269e-36 
1188.15 9.54805e-36 
1188.16 1.13747e-35 
1188.17 1.35475e-35 
1188.18 1.61311e-35 
1188.19 1.92027e-35 
1188.2 2.28533e-35 
1188.21 2.7191e-35 
1188.22 3.2344e-35 
1188.23 3.8547e-35 
1188.24 4.58287e-35 
1188.25 5.44721e-35 
1188.26 6.47292e-35 
1188.27 7.68984e-35 
1188.28 9.13323e-35 
1188.29 1.08448e-34 
1188.3 1.28739e-34 
1188.31 1.52787e-34 
1188.32 1.81282e-34 
1188.33 2.15036e-34 
1188.34 2.55011e-34 
1188.35 3.02341e-34 
1188.36 3.58365e-34 
1188.37 4.24663e-34 
1188.38 5.03098e-34 
1188.39 5.9587e-34 
1188.4 7.0557e-34 
1188.41 8.35256e-34 
1188.42 9.88527e-34 
1188.43 1.16963e-33 
1188.44 1.38356e-33 
1188.45 1.6362e-33 
1188.46 1.93449e-33 
1188.47 2.28658e-33 
1188.48 2.70771e-33 
1188.49 3.1989e-33 
1188.5 3.77825e-33 
1188.51 4.46138e-33 
1188.52 5.2667e-33 
1188.52 6.21582e-33 
1188.53 7.33412e-33 
1188.54 8.65143e-33 
1188.55 1.02028e-32 
1188.56 1.20292e-32 
1188.57 1.41791e-32 
1188.58 1.67089e-32 
1188.59 1.96852e-32 
1188.6 2.32001e-32 
1188.61 2.73187e-32 
1188.62 3.21604e-32 
1188.63 3.78506e-32 
1188.64 4.45363e-32 
1188.65 5.23897e-32 
1188.66 6.16123e-32 
1188.67 7.24401e-32 
1188.68 8.51493e-32 
1188.69 1.00063e-31 
1188.7 1.17559e-31 
1188.71 1.38079e-31 
1188.72 1.6214e-31 
1188.73 1.90728e-31 
1188.74 2.23849e-31 
1188.75 2.62656e-31 
1188.76 3.08112e-31 
1188.77 3.61344e-31 
1188.78 4.23665e-31 
1188.79 4.96609e-31 
1188.8 5.81966e-31 
1188.81 6.8182e-31 
1188.82 7.98606e-31 
1188.83 9.35159e-31 
1188.84 1.09478e-30 
1188.85 1.28133e-30 
1188.86 1.49929e-30 
1188.87 1.75388e-30 
1188.88 2.05117e-30 
1188.89 2.39826e-30 
1188.9 2.80337e-30 
1188.91 3.27608e-30 
1188.92 3.82753e-30 
1188.93 4.47068e-30 
1188.94 5.22057e-30 
1188.94 6.09471e-30 
1188.95 7.11341e-30 
1188.96 8.30028e-30 
1188.97 9.68274e-30 
1188.98 1.13143e-29 
1188.99 1.3192e-29 
1189 1.53775e-29 
1189.01 1.79205e-29 
1189.02 2.08788e-29 
1189.03 2.43192e-29 
1189.04 2.83195e-29 
1189.05 3.29693e-29 
1189.06 3.8373e-29 
1189.07 4.4651e-29 
1189.08 5.19429e-29 
1189.09 6.04105e-29 
1189.1 7.02406e-29 
1189.11 8.16496e-29 
1189.12 9.48878e-29 
1189.13 1.10244e-28 
1189.14 1.28054e-28 
1189.15 1.48703e-28 
1189.16 1.72638e-28 
1189.17 2.00375e-28 
1189.18 2.3251e-28 
1189.19 2.69729e-28 
1189.2 3.12828e-28 
1189.21 3.62721e-28 
1189.22 4.20466e-28 
1189.23 4.88179e-28 
1189.24 5.65608e-28 
1189.25 6.55152e-28 
1189.26 7.58681e-28 
1189.27 8.78347e-28 
1189.28 1.01663e-27 
1189.29 1.17639e-27 
1189.3 1.36091e-27 
1189.31 1.57397e-27 
1189.32 1.81993e-27 
1189.33 2.10379e-27 
1189.34 2.43131e-27 
1189.35 2.80911e-27 
1189.36 3.2448e-27 
1189.36 3.74711e-27 
1189.37 4.32609e-27 
1189.38 4.99326e-27 
1189.39 5.76187e-27 
1189.4 6.64711e-27 
1189.41 7.66641e-27 
1189.42 8.83979e-27 
1189.43 1.01902e-26 
1189.44 1.17439e-26 
1189.45 1.35311e-26 
1189.46 1.55863e-26 
1189.47 1.79491e-26 
1189.48 2.07013e-26 
1189.49 2.38274e-26 
1189.5 2.74186e-26 
1189.51 3.15432e-26 
1189.52 3.6279e-26 
1189.53 4.17153e-26 
1189.54 4.79541e-26 
1189.55 5.51119e-26 
1189.56 6.33222e-26 
1189.57 7.27372e-26 
1189.58 8.35309e-26 
1189.59 9.59021e-26 
1189.6 1.10078e-25 
1189.61 1.26395e-25 
1189.62 1.45005e-25 
1189.63 1.66312e-25 
1189.64 1.90702e-25 
1189.65 2.18613e-25 
1189.66 2.50547e-25 
1189.67 2.87072e-25 
1189.68 3.28839e-25 
1189.69 3.76587e-25 
1189.7 4.3116e-25 
1189.71 4.93515e-25 
1189.72 5.64747e-25 
1189.73 6.47182e-25 
1189.74 7.40216e-25 
1189.75 8.46409e-25 
1189.76 9.67593e-25 
1189.77 1.10585e-24 
1189.78 1.26354e-24 
1189.79 1.44334e-24 
1189.79 1.64832e-24 
1189.8 1.88194e-24 
1189.81 2.14812e-24 
1189.82 2.45133e-24 
1189.83 2.79663e-24 
1189.84 3.18977e-24 
1189.85 3.63725e-24 
1189.86 4.14645e-24 
1189.87 4.72575e-24 
1189.88 5.38461e-24 
1189.89 6.13379e-24 
1189.9 6.98544e-24 
1189.91 7.95331e-24 
1189.92 9.05301e-24 
1189.93 1.03021e-23 
1189.94 1.17207e-23 
1189.95 1.33312e-23 
1189.96 1.51591e-23 
1189.97 1.72333e-23 
1189.98 1.96177e-23 
1189.99 2.22907e-23 
1190 2.53214e-23 
1190.01 2.8757e-23 
1190.02 3.26503e-23 
1190.03 3.70615e-23 
1190.04 4.2058e-23 
1190.05 4.7716e-23 
1190.06 5.41214e-23 
1190.07 6.13713e-23 
1190.08 6.95746e-23 
1190.09 7.88546e-23 
1190.1 8.93497e-23 
1190.11 1.01216e-22 
1190.12 1.14629e-22 
1190.13 1.29787e-22 
1190.14 1.46913e-22 
1190.15 1.66256e-22 
1190.16 1.88098e-22 
1190.17 2.12756e-22 
1190.18 2.40585e-22 
1190.19 2.71986e-22 
1190.2 3.07407e-22 
1190.21 3.47353e-22 
1190.21 3.92392e-22 
1190.22 4.43831e-22 
1190.23 5.01123e-22 
1190.24 5.65668e-22 
1190.25 6.38365e-22 
1190.26 7.20222e-22 
1190.27 8.12371e-22 
1190.28 9.16077e-22 
1190.29 1.03276e-21 
1190.3 1.16401e-21 
1190.31 1.31161e-21 
1190.32 1.47756e-21 
1190.33 1.66408e-21 
1190.34 1.87366e-21 
1190.35 2.10912e-21 
1190.36 2.37356e-21 
1190.37 2.67048e-21 
1190.38 3.00378e-21 
1190.39 3.37783e-21 
1190.4 3.7975e-21 
1190.41 4.26822e-21 
1190.42 4.79609e-21 
1190.43 5.38787e-21 
1190.44 6.05114e-21 
1190.45 6.79435e-21 
1190.46 7.62691e-21 
1190.47 8.55932e-21 
1190.48 9.6171e-21 
1190.49 1.07873e-20 
1190.5 1.20969e-20 
1190.51 1.3562e-20 
1190.52 1.52007e-20 
1190.53 1.70331e-20 
1190.54 1.90816e-20 
1190.55 2.1371e-20 
1190.56 2.39291e-20 
1190.57 2.67865e-20 
1190.58 2.99776e-20 
1190.59 3.35404e-20 
1190.6 3.75172e-20 
1190.61 4.19808e-20 
1190.62 4.69346e-20 
1190.63 5.24595e-20 
1190.64 5.86201e-20 
1190.64 6.54875e-20 
1190.65 7.3141e-20 
1190.66 8.16683e-20 
1190.67 9.11666e-20 
1190.68 1.01744e-19 
1190.69 1.1352e-19 
1190.7 1.26626e-19 
1190.71 1.41211e-19 
1190.72 1.57435e-19 
1190.73 1.75717e-19 
1190.74 1.95806e-19 
1190.75 2.18136e-19 
1190.76 2.42952e-19 
1190.77 2.70522e-19 
1190.78 3.01145e-19 
1190.79 3.3515e-19 
1190.8 3.729e-19 
1190.81 4.14797e-19 
1190.82 4.61285e-19 
1190.83 5.12853e-19 
1190.84 5.70042e-19 
1190.85 6.33448e-19 
1190.86 7.03729e-19 
1190.87 7.81609e-19 
1190.88 8.67889e-19 
1190.89 9.63449e-19 
1190.9 1.06926e-18 
1190.91 1.18639e-18 
1190.92 1.31602e-18 
1190.93 1.45945e-18 
1190.94 1.6181e-18 
1190.95 1.79353e-18 
1190.96 1.98749e-18 
1190.97 2.20187e-18 
1190.98 2.44186e-18 
1190.99 2.70387e-18 
1191 2.99324e-18 
1191.01 3.31273e-18 
1191.02 3.6654e-18 
1191.03 4.05459e-18 
1191.04 4.48397e-18 
1191.05 4.95756e-18 
1191.06 5.47979e-18 
1191.07 6.0555e-18 
1191.07 6.69e-18 
1191.08 7.38912e-18 
1191.09 8.15923e-18 
1191.1 9.00733e-18 
1191.11 9.94106e-18 
1191.12 1.09688e-17 
1191.13 1.20998e-17 
1191.14 1.33439e-17 
1191.15 1.47123e-17 
1191.16 1.6217e-17 
1191.17 1.78709e-17 
1191.18 1.96886e-17 
1191.19 2.16857e-17 
1191.2 2.38793e-17 
1191.21 2.62881e-17 
1191.22 2.89326e-17 
1191.23 3.18732e-17 
1191.24 3.50617e-17 
1191.25 3.85594e-17 
1191.26 4.23953e-17 
1191.27 4.66011e-17 
1191.28 5.12111e-17 
1191.29 5.62629e-17 
1191.3 6.17975e-17 
1191.31 6.78593e-17 
1191.32 7.44968e-17 
1191.33 8.1763e-17 
1191.34 8.97151e-17 
1191.35 9.84158e-17 
1191.36 1.07933e-16 
1191.37 1.18341e-16 
1191.38 1.29719e-16 
1191.39 1.42155e-16 
1191.4 1.55745e-16 
1191.41 1.7059e-16 
1191.42 1.86803e-16 
1191.43 2.04505e-16 
1191.44 2.23828e-16 
1191.45 2.44915e-16 
1191.46 2.6792e-16 
1191.47 2.93013e-16 
1191.48 3.20748e-16 
1191.49 3.50592e-16 
1191.49 3.83135e-16 
1191.5 4.18593e-16 
1191.51 4.57218e-16 
1191.52 4.99279e-16 
1191.53 5.45072e-16 
1191.54 5.94915e-16 
1191.55 6.49152e-16 
1191.56 7.08153e-16 
1191.57 7.72323e-16 
1191.58 8.42093e-16 
1191.59 9.17935e-16 
1191.6 1.00097e-15 
1191.61 1.09057e-15 
1191.62 1.18789e-15 
1191.63 1.29357e-15 
1191.64 1.40829e-15 
1191.65 1.5328e-15 
1191.66 1.66789e-15 
1191.67 1.81443e-15 
1191.68 1.97335e-15 
1191.69 2.14564e-15 
1191.7 2.33238e-15 
1191.71 2.53474e-15 
1191.72 2.75396e-15 
1191.73 2.99446e-15 
1191.74 3.25178e-15 
1191.75 3.53032e-15 
1191.76 3.83175e-15 
1191.77 4.15787e-15 
1191.78 4.51059e-15 
1191.79 4.89201e-15 
1191.8 5.30433e-15 
1191.81 5.74995e-15 
1191.82 6.23144e-15 
1191.83 6.75153e-15 
1191.84 7.31319e-15 
1191.85 7.91956e-15 
1191.86 8.57404e-15 
1191.87 9.28026e-15 
1191.88 1.00421e-14 
1191.89 1.08637e-14 
1191.9 1.17496e-14 
1191.91 1.27046e-14 
1191.92 1.37336e-14 
1191.92 1.48423e-14 
1191.93 1.60364e-14 
1191.94 1.73222e-14 
1191.95 1.87063e-14 
1191.96 2.0196e-14 
1191.97 2.17987e-14 
1191.98 2.35451e-14 
1191.99 2.54007e-14 
1192 2.73956e-14 
1192.01 2.95397e-14 
1192.02 3.18436e-14 
1192.03 3.43185e-14 
1192.04 3.69764e-14 
1192.05 3.983e-14 
1192.06 4.2893e-14 
1192.07 4.61799e-14 
1192.08 4.97061e-14 
1192.09 5.3488e-14 
1192.1 5.75432e-14 
1192.11 6.18901e-14 
1192.12 6.65485e-14 
1192.13 7.15394e-14 
1192.14 7.68853e-14 
1192.15 8.26097e-14 
1192.16 8.87378e-14 
1192.17 9.52965e-14 
1192.18 1.02314e-13 
1192.19 1.09821e-13 
1192.2 1.17848e-13 
1192.21 1.2643e-13 
1192.22 1.35603e-13 
1192.23 1.45531e-13 
1192.24 1.56011e-13 
1192.25 1.67202e-13 
1192.26 1.79152e-13 
1192.27 1.91906e-13 
1192.28 2.05517e-13 
1192.29 2.20037e-13 
1192.3 2.35524e-13 
1192.31 2.52036e-13 
1192.32 2.69639e-13 
1192.33 2.88398e-13 
1192.34 3.08383e-13 
1192.34 3.29671e-13 
1192.35 3.52338e-13 
1192.36 3.76469e-13 
1192.37 4.02152e-13 
1192.38 4.29477e-13 
1192.39 4.58543e-13 
1192.4 4.89452e-13 
1192.41 5.22313e-13 
1192.42 5.57239e-13 
1192.43 5.9435e-13 
1192.44 6.33773e-13 
1192.45 6.75639e-13 
1192.46 7.20089e-13 
1192.47 7.67269e-13 
1192.48 8.17978e-13 
1192.49 8.71128e-13 
1192.5 9.27498e-13 
1192.51 9.87264e-13 
1192.52 1.05062e-12 
1192.53 1.11775e-12 
1192.54 1.18888e-12 
1192.55 1.26421e-12 
1192.56 1.34397e-12 
1192.57 1.4284e-12 
1192.58 1.51776e-12 
1192.59 1.6123e-12 
1192.6 1.71229e-12 
1192.61 1.81915e-12 
1192.62 1.93099e-12 
1192.63 2.0492e-12 
1192.64 2.17408e-12 
1192.65 2.306e-12 
1192.66 2.4453e-12 
1192.67 2.59236e-12 
1192.68 2.74757e-12 
1192.69 2.91134e-12 
1192.7 3.08408e-12 
1192.71 3.26625e-12 
1192.72 3.45831e-12 
1192.73 3.66333e-12 
1192.74 3.87676e-12 
1192.75 4.10159e-12 
1192.76 4.33836e-12 
1192.77 4.58763e-12 
1192.77 4.85001e-12 
1192.78 5.12609e-12 
1192.79 5.41652e-12 
1192.8 5.72195e-12 
1192.81 6.04308e-12 
1192.82 6.38061e-12 
1192.83 6.7353e-12 
1192.84 7.10791e-12 
1192.85 7.49923e-12 
1192.86 7.91009e-12 
1192.87 8.34135e-12 
1192.88 8.7939e-12 
1192.89 9.26866e-12 
1192.9 9.76658e-12 
1192.91 1.02887e-11 
1192.92 1.08359e-11 
1192.93 1.14093e-11 
1192.94 1.20101e-11 
1192.95 1.26393e-11 
1192.96 1.32981e-11 
1192.97 1.39877e-11 
1192.98 1.47186e-11 
1192.99 1.54739e-11 
1193 1.6264e-11 
1193.01 1.709e-11 
1193.02 1.79535e-11 
1193.03 1.88558e-11 
1193.04 1.97984e-11 
1193.05 2.0783e-11 
1193.06 2.18109e-11 
1193.07 2.2884e-11 
1193.08 2.40037e-11 
1193.09 2.51719e-11 
1193.1 2.63902e-11 
1193.11 2.76605e-11 
1193.12 2.89846e-11 
1193.13 3.03644e-11 
1193.14 3.18019e-11 
1193.15 3.3299e-11 
1193.16 3.48578e-11 
1193.17 3.64803e-11 
1193.18 3.81686e-11 
1193.19 3.9925e-11 
1193.19 4.17517e-11 
1193.2 4.36509e-11 
1193.21 4.56249e-11 
1193.22 4.77028e-11 
1193.23 4.98342e-11 
1193.24 5.20482e-11 
1193.25 5.43468e-11 
1193.26 5.67326e-11 
1193.27 5.92082e-11 
1193.28 6.17761e-11 
1193.29 6.44391e-11 
1193.3 6.71999e-11 
1193.31 7.00613e-11 
1193.32 7.3026e-11 
1193.33 7.60969e-11 
1193.34 7.92769e-11 
1193.35 8.2569e-11 
1193.36 8.59759e-11 
1193.37 8.95009e-11 
1193.38 9.31467e-11 
1193.39 9.69166e-11 
1193.4 1.00814e-10 
1193.41 1.04841e-10 
1193.42 1.09001e-10 
1193.43 1.13298e-10 
1193.44 1.17734e-10 
1193.45 1.22314e-10 
1193.46 1.27039e-10 
1193.47 1.31913e-10 
1193.48 1.37004e-10 
1193.49 1.42188e-10 
1193.5 1.47531e-10 
1193.51 1.53037e-10 
1193.52 1.58707e-10 
1193.53 1.64546e-10 
1193.54 1.70557e-10 
1193.55 1.76743e-10 
1193.56 1.83106e-10 
1193.57 1.89651e-10 
1193.58 1.9638e-10 
1193.59 2.03296e-10 
1193.6 2.10403e-10 
1193.61 2.17838e-10 
1193.62 2.25339e-10 
1193.62 2.33039e-10 
1193.63 2.40942e-10 
1193.64 2.4905e-10 
1193.65 2.57365e-10 
1193.66 2.6589e-10 
1193.67 2.74629e-10 
1193.68 2.83583e-10 
1193.69 2.92755e-10 
1193.7 3.02147e-10 
1193.71 3.11762e-10 
1193.72 3.21601e-10 
1193.73 3.31794e-10 
1193.74 3.42091e-10 
1193.75 3.52619e-10 
1193.76 3.63379e-10 
1193.77 3.74372e-10 
1193.78 3.856e-10 
1193.79 3.97065e-10 
1193.8 4.08767e-10 
1193.81 4.20708e-10 
1193.82 4.32888e-10 
1193.83 4.45308e-10 
1193.84 4.57968e-10 
1193.85 4.70869e-10 
1193.86 4.84011e-10 
1193.87 4.97395e-10 
1193.88 5.11019e-10 
1193.89 5.24883e-10 
1193.9 5.38987e-10 
1193.91 5.53331e-10 
1193.92 5.67912e-10 
1193.93 5.8273e-10 
1193.94 5.97784e-10 
1193.95 6.13071e-10 
1193.96 6.28591e-10 
1193.97 6.4434e-10 
1193.98 6.60518e-10 
1193.99 6.76723e-10 
1194 6.9315e-10 
1194.01 7.09796e-10 
1194.02 7.26658e-10 
1194.03 7.43732e-10 
1194.04 7.61016e-10 
1194.05 7.78504e-10 
1194.05 7.96193e-10 
1194.06 8.14077e-10 
1194.07 8.32153e-10 
1194.08 8.50415e-10 
1194.09 8.68858e-10 
1194.1 8.87477e-10 
1194.11 9.06265e-10 
1194.12 9.25218e-10 
1194.13 9.44327e-10 
1194.14 9.63588e-10 
1194.15 9.82993e-10 
1194.16 1.00254e-09 
1194.17 1.02221e-09 
1194.18 1.042e-09 
1194.19 1.06191e-09 
1194.2 1.08193e-09 
1194.21 1.10204e-09 
1194.22 1.12225e-09 
1194.23 1.14279e-09 
1194.24 1.16315e-09 
1194.25 1.18357e-09 
1194.26 1.20405e-09 
1194.27 1.22457e-09 
1194.28 1.24513e-09 
1194.29 1.26572e-09 
1194.3 1.28631e-09 
1194.31 1.30692e-09 
1194.32 1.32751e-09 
1194.33 1.3481e-09 
1194.34 1.36865e-09 
1194.35 1.38917e-09 
1194.36 1.40964e-09 
1194.37 1.43004e-09 
1194.38 1.45038e-09 
1194.39 1.47064e-09 
1194.4 1.4908e-09 
1194.41 1.51086e-09 
1194.42 1.53079e-09 
1194.43 1.55061e-09 
1194.44 1.57028e-09 
1194.45 1.5898e-09 
1194.46 1.60915e-09 
1194.47 1.62833e-09 
1194.47 1.64756e-09 
1194.48 1.66635e-09 
1194.49 1.68493e-09 
1194.5 1.70329e-09 
1194.51 1.72142e-09 
1194.52 1.7393e-09 
1194.53 1.75692e-09 
1194.54 1.77427e-09 
1194.55 1.79135e-09 
1194.56 1.80813e-09 
1194.57 1.82461e-09 
1194.58 1.84077e-09 
1194.59 1.85662e-09 
1194.6 1.87213e-09 
1194.61 1.88846e-09 
1194.62 1.90327e-09 
1194.63 1.91773e-09 
1194.64 1.9318e-09 
1194.65 1.9455e-09 
1194.66 1.95879e-09 
1194.67 1.97169e-09 
1194.68 1.98417e-09 
1194.69 1.99623e-09 
1194.7 2.00786e-09 
1194.71 2.01906e-09 
1194.72 2.02981e-09 
1194.73 2.04024e-09 
1194.74 2.05007e-09 
1194.75 2.05944e-09 
1194.76 2.06834e-09 
1194.77 2.07676e-09 
1194.78 2.0847e-09 
1194.79 2.09215e-09 
1194.8 2.09911e-09 
1194.81 2.10557e-09 
1194.82 2.11153e-09 
1194.83 2.11698e-09 
1194.84 2.12193e-09 
1194.85 2.12637e-09 
1194.86 2.1303e-09 
1194.87 2.13372e-09 
1194.88 2.13662e-09 
1194.89 2.139e-09 
1194.9 2.14088e-09 
1194.9 2.14223e-09 
1194.91 2.14308e-09 
1194.92 2.14341e-09 
1194.93 2.14323e-09 
1194.94 2.14255e-09 
1194.95 2.14136e-09 
1194.96 2.13966e-09 
1194.97 2.13747e-09 
1194.98 2.13475e-09 
1194.99 2.13158e-09 
1195 2.12792e-09 
1195.01 2.12379e-09 
1195.02 2.11918e-09 
1195.03 2.11412e-09 
1195.04 2.1086e-09 
1195.05 2.10264e-09 
1195.06 2.09624e-09 
1195.07 2.08941e-09 
1195.08 2.08217e-09 
1195.09 2.07452e-09 
1195.1 2.06648e-09 
1195.11 2.05805e-09 
1195.12 2.04926e-09 
1195.13 2.04011e-09 
1195.14 2.03062e-09 
1195.15 2.02079e-09 
1195.16 2.01066e-09 
1195.17 2.00023e-09 
1195.18 1.98952e-09 
1195.19 1.97855e-09 
1195.2 1.96732e-09 
1195.21 1.95588e-09 
1195.22 1.94422e-09 
1195.23 1.93223e-09 
1195.24 1.92021e-09 
1195.25 1.90805e-09 
1195.26 1.89576e-09 
1195.27 1.88337e-09 
1195.28 1.87091e-09 
1195.29 1.85839e-09 
1195.3 1.84583e-09 
1195.31 1.83328e-09 
1195.32 1.82075e-09 
1195.32 1.80827e-09 
1195.33 1.79587e-09 
1195.34 1.78357e-09 
1195.35 1.77142e-09 
1195.36 1.75943e-09 
1195.37 1.74765e-09 
1195.38 1.7361e-09 
1195.39 1.72482e-09 
1195.4 1.71385e-09 
1195.41 1.70322e-09 
1195.42 1.69296e-09 
1195.43 1.68312e-09 
1195.44 1.67374e-09 
1195.45 1.66486e-09 
1195.46 1.65652e-09 
1195.47 1.64877e-09 
1195.48 1.64155e-09 
1195.49 1.63511e-09 
1195.5 1.6294e-09 
1195.51 1.62446e-09 
1195.52 1.62035e-09 
1195.53 1.61712e-09 
1195.54 1.61482e-09 
1195.55 1.61352e-09 
1195.56 1.61327e-09 
1195.57 1.61413e-09 
1195.58 1.61616e-09 
1195.59 1.61943e-09 
1195.6 1.62401e-09 
1195.61 1.63097e-09 
1195.62 1.63838e-09 
1195.63 1.6473e-09 
1195.64 1.65783e-09 
1195.65 1.67003e-09 
1195.66 1.68399e-09 
1195.67 1.6998e-09 
1195.68 1.71753e-09 
1195.69 1.73729e-09 
1195.7 1.75917e-09 
1195.71 1.78326e-09 
1195.72 1.80967e-09 
1195.73 1.83886e-09 
1195.74 1.87024e-09 
1195.75 1.90426e-09 
1195.75 1.94103e-09 
1195.76 1.98068e-09 
1195.77 2.02332e-09 
1195.78 2.06908e-09 
1195.79 2.1181e-09 
1195.8 2.1705e-09 
1195.81 2.22644e-09 
1195.82 2.28606e-09 
1195.83 2.3495e-09 
1195.84 2.41693e-09 
1195.85 2.4885e-09 
1195.86 2.56439e-09 
1195.87 2.64475e-09 
1195.88 2.72977e-09 
1195.89 2.81964e-09 
1195.9 2.91454e-09 
1195.91 3.01467e-09 
1195.92 3.12022e-09 
1195.93 3.23142e-09 
1195.94 3.34847e-09 
1195.95 3.47159e-09 
1195.96 3.60101e-09 
1195.97 3.73697e-09 
1195.98 3.88154e-09 
1195.99 4.03141e-09 
1196 4.18856e-09 
1196.01 4.35328e-09 
1196.02 4.52583e-09 
1196.03 4.7065e-09 
1196.04 4.89557e-09 
1196.05 5.09335e-09 
1196.06 5.30014e-09 
1196.07 5.51627e-09 
1196.08 5.74204e-09 
1196.09 5.97781e-09 
1196.1 6.22391e-09 
1196.11 6.48069e-09 
1196.12 6.74853e-09 
1196.13 7.02778e-09 
1196.14 7.31884e-09 
1196.15 7.6221e-09 
1196.16 7.93795e-09 
1196.17 8.26682e-09 
1196.17 8.60912e-09 
1196.18 8.96529e-09 
1196.19 9.33577e-09 
1196.2 9.72102e-09 
1196.21 1.01215e-08 
1196.22 1.05431e-08 
1196.23 1.09756e-08 
1196.24 1.14249e-08 
1196.25 1.18914e-08 
1196.26 1.23756e-08 
1196.27 1.28781e-08 
1196.28 1.33994e-08 
1196.29 1.39401e-08 
1196.3 1.45007e-08 
1196.31 1.50817e-08 
1196.32 1.56839e-08 
1196.33 1.63078e-08 
1196.34 1.6954e-08 
1196.35 1.76231e-08 
1196.36 1.83158e-08 
1196.37 1.90327e-08 
1196.38 1.97744e-08 
1196.39 2.05417e-08 
1196.4 2.13351e-08 
1196.41 2.21555e-08 
1196.42 2.30034e-08 
1196.43 2.38796e-08 
1196.44 2.47849e-08 
1196.45 2.57198e-08 
1196.46 2.66853e-08 
1196.47 2.7682e-08 
1196.48 2.87237e-08 
1196.49 2.97856e-08 
1196.5 3.08809e-08 
1196.51 3.20106e-08 
1196.52 3.31754e-08 
1196.53 3.43761e-08 
1196.54 3.56134e-08 
1196.55 3.68884e-08 
1196.56 3.82016e-08 
1196.57 3.9554e-08 
1196.58 4.09464e-08 
1196.59 4.23796e-08 
1196.6 4.38545e-08 
1196.6 4.54e-08 
1196.61 4.69617e-08 
1196.62 4.85676e-08 
1196.63 5.02187e-08 
1196.64 5.19156e-08 
1196.65 5.36594e-08 
1196.66 5.54508e-08 
1196.67 5.72907e-08 
1196.68 5.91799e-08 
1196.69 6.11194e-08 
1196.7 6.31099e-08 
1196.71 6.51523e-08 
1196.72 6.72474e-08 
1196.73 6.94234e-08 
1196.74 7.16272e-08 
1196.75 7.38862e-08 
1196.76 7.62013e-08 
1196.77 7.85732e-08 
1196.78 8.10028e-08 
1196.79 8.34909e-08 
1196.8 8.60381e-08 
1196.81 8.86453e-08 
1196.82 9.13133e-08 
1196.83 9.40427e-08 
1196.84 9.68343e-08 
1196.85 9.96887e-08 
1196.86 1.02607e-07 
1196.87 1.05589e-07 
1196.88 1.08636e-07 
1196.89 1.11749e-07 
1196.9 1.14928e-07 
1196.91 1.18173e-07 
1196.92 1.21486e-07 
1196.93 1.24866e-07 
1196.94 1.28315e-07 
1196.95 1.31832e-07 
1196.96 1.35419e-07 
1196.97 1.39075e-07 
1196.98 1.42848e-07 
1196.99 1.46646e-07 
1197 1.50514e-07 
1197.01 1.54453e-07 
1197.02 1.58463e-07 
1197.03 1.62545e-07 
1197.03 1.66698e-07 
1197.04 1.70923e-07 
1197.05 1.75219e-07 
1197.06 1.79588e-07 
1197.07 1.84028e-07 
1197.08 1.8854e-07 
1197.09 1.93124e-07 
1197.1 1.9778e-07 
1197.11 2.02507e-07 
1197.12 2.07305e-07 
1197.13 2.12174e-07 
1197.14 2.17114e-07 
1197.15 2.22124e-07 
1197.16 2.27204e-07 
1197.17 2.32353e-07 
1197.18 2.37571e-07 
1197.19 2.42857e-07 
1197.2 2.48211e-07 
1197.21 2.53632e-07 
1197.22 2.59119e-07 
1197.23 2.64741e-07 
1197.24 2.70359e-07 
1197.25 2.7604e-07 
1197.26 2.81784e-07 
1197.27 2.87589e-07 
1197.28 2.93455e-07 
1197.29 2.9938e-07 
1197.3 3.05363e-07 
1197.31 3.11403e-07 
1197.32 3.17498e-07 
1197.33 3.23648e-07 
1197.34 3.2985e-07 
1197.35 3.36103e-07 
1197.36 3.42406e-07 
1197.37 3.48756e-07 
1197.38 3.55153e-07 
1197.39 3.61594e-07 
1197.4 3.68078e-07 
1197.41 3.74603e-07 
1197.42 3.81166e-07 
1197.43 3.87767e-07 
1197.44 3.94402e-07 
1197.45 4.01069e-07 
1197.45 4.07768e-07 
1197.46 4.14494e-07 
1197.47 4.21247e-07 
1197.48 4.28108e-07 
1197.49 4.34906e-07 
1197.5 4.41723e-07 
1197.51 4.48556e-07 
1197.52 4.55403e-07 
1197.53 4.62262e-07 
1197.54 4.69129e-07 
1197.55 4.76002e-07 
1197.56 4.82879e-07 
1197.57 4.89756e-07 
1197.58 4.96631e-07 
1197.59 5.03501e-07 
1197.6 5.10363e-07 
1197.61 5.17533e-07 
1197.62 5.24376e-07 
1197.63 5.31201e-07 
1197.64 5.38007e-07 
1197.65 5.4479e-07 
1197.66 5.51547e-07 
1197.67 5.58276e-07 
1197.68 5.64972e-07 
1197.69 5.71634e-07 
1197.7 5.78258e-07 
1197.71 5.84841e-07 
1197.72 5.91379e-07 
1197.73 5.97951e-07 
1197.74 6.04391e-07 
1197.75 6.10777e-07 
1197.76 6.17106e-07 
1197.77 6.23375e-07 
1197.78 6.29581e-07 
1197.79 6.3572e-07 
1197.8 6.4179e-07 
1197.81 6.47787e-07 
1197.82 6.53708e-07 
1197.83 6.59551e-07 
1197.84 6.65311e-07 
1197.85 6.70987e-07 
1197.86 6.76575e-07 
1197.87 6.82071e-07 
1197.88 6.87474e-07 
1197.88 6.9278e-07 
1197.89 6.97986e-07 
1197.9 7.03089e-07 
1197.91 7.08087e-07 
1197.92 7.12977e-07 
1197.93 7.17756e-07 
1197.94 7.22421e-07 
1197.95 7.2697e-07 
1197.96 7.314e-07 
1197.97 7.35709e-07 
1197.98 7.39946e-07 
1197.99 7.44003e-07 
1198 7.47932e-07 
1198.01 7.5173e-07 
1198.02 7.55395e-07 
1198.03 7.58925e-07 
1198.04 7.62317e-07 
1198.05 7.65571e-07 
1198.06 7.68683e-07 
1198.07 7.71653e-07 
1198.08 7.74478e-07 
1198.09 7.77156e-07 
1198.1 7.79686e-07 
1198.11 7.82068e-07 
1198.12 7.84298e-07 
1198.13 7.86376e-07 
1198.14 7.88301e-07 
1198.15 7.90071e-07 
1198.16 7.91685e-07 
1198.17 7.93143e-07 
1198.18 7.94444e-07 
1198.19 7.95586e-07 
1198.2 7.96569e-07 
1198.21 7.97393e-07 
1198.22 7.98057e-07 
1198.23 7.98565e-07 
1198.24 7.98906e-07 
1198.25 7.99086e-07 
1198.26 7.99104e-07 
1198.27 7.98962e-07 
1198.28 7.98659e-07 
1198.29 7.98195e-07 
1198.3 7.9757e-07 
1198.3 7.96786e-07 
1198.31 7.95842e-07 
1198.32 7.94738e-07 
1198.33 7.93477e-07 
1198.34 7.92058e-07 
1198.35 7.90482e-07 
1198.36 7.8875e-07 
1198.37 7.86864e-07 
1198.38 7.84824e-07 
1198.39 7.82631e-07 
1198.4 7.80288e-07 
1198.41 7.77795e-07 
1198.42 7.75154e-07 
1198.43 7.72366e-07 
1198.44 7.69434e-07 
1198.45 7.66358e-07 
1198.46 7.63141e-07 
1198.47 7.59785e-07 
1198.48 7.56247e-07 
1198.49 7.52616e-07 
1198.5 7.48852e-07 
1198.51 7.44957e-07 
1198.52 7.40934e-07 
1198.53 7.36784e-07 
1198.54 7.3251e-07 
1198.55 7.28115e-07 
1198.56 7.236e-07 
1198.57 7.1897e-07 
1198.58 7.14226e-07 
1198.59 7.0937e-07 
1198.6 7.04407e-07 
1198.61 6.9977e-07 
1198.62 6.94595e-07 
1198.63 6.89321e-07 
1198.64 6.8395e-07 
1198.65 6.78485e-07 
1198.66 6.72929e-07 
1198.67 6.67286e-07 
1198.68 6.61558e-07 
1198.69 6.55749e-07 
1198.7 6.49861e-07 
1198.71 6.43898e-07 
1198.72 6.37863e-07 
1198.73 6.31683e-07 
1198.73 6.25514e-07 
1198.74 6.19282e-07 
1198.75 6.12991e-07 
1198.76 6.06644e-07 
1198.77 6.00246e-07 
1198.78 5.93798e-07 
1198.79 5.87304e-07 
1198.8 5.80769e-07 
1198.81 5.74194e-07 
1198.82 5.67583e-07 
1198.83 5.6094e-07 
1198.84 5.54268e-07 
1198.85 5.4757e-07 
1198.86 5.4085e-07 
1198.87 5.3411e-07 
1198.88 5.27355e-07 
1198.89 5.20587e-07 
1198.9 5.13809e-07 
1198.91 5.07026e-07 
1198.92 5.0024e-07 
1198.93 4.93454e-07 
1198.94 4.86671e-07 
1198.95 4.79896e-07 
1198.96 4.7313e-07 
1198.97 4.66378e-07 
1198.98 4.59557e-07 
1198.99 4.52841e-07 
1199 4.46147e-07 
1199.01 4.39479e-07 
1199.02 4.32839e-07 
1199.03 4.26231e-07 
1199.04 4.19658e-07 
1199.05 4.13122e-07 
1199.06 4.06628e-07 
1199.07 4.00177e-07 
1199.08 3.93773e-07 
1199.09 3.87418e-07 
1199.1 3.81116e-07 
1199.11 3.7487e-07 
1199.12 3.68682e-07 
1199.13 3.62556e-07 
1199.14 3.56494e-07 
1199.15 3.50499e-07 
1199.15 3.44574e-07 
1199.16 3.38722e-07 
1199.17 3.32945e-07 
1199.18 3.27248e-07 
1199.19 3.21632e-07 
1199.2 3.161e-07 
1199.21 3.10657e-07 
1199.22 3.05237e-07 
1199.23 2.99977e-07 
1199.24 2.94814e-07 
1199.25 2.89751e-07 
1199.26 2.84789e-07 
1199.27 2.79933e-07 
1199.28 2.75185e-07 
1199.29 2.70549e-07 
1199.3 2.66027e-07 
1199.31 2.61623e-07 
1199.32 2.5734e-07 
1199.33 2.53181e-07 
1199.34 2.4915e-07 
1199.35 2.4525e-07 
1199.36 2.41484e-07 
1199.37 2.37857e-07 
1199.38 2.34371e-07 
1199.39 2.3103e-07 
1199.4 2.27839e-07 
1199.41 2.24801e-07 
1199.42 2.21919e-07 
1199.43 2.19199e-07 
1199.44 2.16643e-07 
1199.45 2.14257e-07 
1199.46 2.12045e-07 
1199.47 2.10011e-07 
1199.48 2.08139e-07 
1199.49 2.06478e-07 
1199.5 2.05009e-07 
1199.51 2.03739e-07 
1199.52 2.02671e-07 
1199.53 2.01812e-07 
1199.54 2.01166e-07 
1199.55 2.0074e-07 
1199.56 2.00538e-07 
1199.57 2.00568e-07 
1199.58 2.00835e-07 
1199.58 2.01346e-07 
1199.59 2.02107e-07 
1199.6 2.03125e-07 
1199.61 2.04533e-07 
1199.62 2.06086e-07 
1199.63 2.07918e-07 
1199.64 2.10036e-07 
1199.65 2.12448e-07 
1199.66 2.15161e-07 
1199.67 2.18185e-07 
1199.68 2.21526e-07 
1199.69 2.25195e-07 
1199.7 2.29199e-07 
1199.71 2.33549e-07 
1199.72 2.38253e-07 
1199.73 2.43386e-07 
1199.74 2.48832e-07 
1199.75 2.54662e-07 
1199.76 2.60887e-07 
1199.77 2.67516e-07 
1199.78 2.74561e-07 
1199.79 2.82032e-07 
1199.8 2.89942e-07 
1199.81 2.98301e-07 
1199.82 3.07122e-07 
1199.83 3.16416e-07 
1199.84 3.26195e-07 
1199.85 3.36473e-07 
1199.86 3.47262e-07 
1199.87 3.58575e-07 
1199.88 3.70425e-07 
1199.89 3.82826e-07 
1199.9 3.95791e-07 
1199.91 4.09334e-07 
1199.92 4.2347e-07 
1199.93 4.38212e-07 
1199.94 4.53576e-07 
1199.95 4.69575e-07 
1199.96 4.86225e-07 
1199.97 5.03541e-07 
1199.98 5.21771e-07 
1199.99 5.40469e-07 
1200 5.59883e-07 
1200.01 5.80024e-07 
1200.01 6.00909e-07 
1200.02 6.22553e-07 
1200.03 6.44972e-07 
1200.04 6.68183e-07 
1200.05 6.92201e-07 
1200.06 7.17042e-07 
1200.07 7.42722e-07 
1200.08 7.69259e-07 
1200.09 7.96667e-07 
1200.1 8.24963e-07 
1200.11 8.54163e-07 
1200.12 8.84284e-07 
1200.13 9.1534e-07 
1200.14 9.47348e-07 
1200.15 9.80324e-07 
1200.16 1.01428e-06 
1200.17 1.04924e-06 
1200.18 1.08521e-06 
1200.19 1.12221e-06 
1200.2 1.16026e-06 
1200.21 1.19936e-06 
1200.22 1.23953e-06 
1200.23 1.28131e-06 
1200.24 1.32369e-06 
1200.25 1.36717e-06 
1200.26 1.41178e-06 
1200.27 1.45753e-06 
1200.28 1.50443e-06 
1200.29 1.55249e-06 
1200.3 1.60172e-06 
1200.31 1.65213e-06 
1200.32 1.70373e-06 
1200.33 1.75654e-06 
1200.34 1.81055e-06 
1200.35 1.86578e-06 
1200.36 1.92224e-06 
1200.37 1.97992e-06 
1200.38 2.03884e-06 
1200.39 2.09901e-06 
1200.4 2.16041e-06 
1200.41 2.22307e-06 
1200.42 2.28697e-06 
1200.43 2.35213e-06 
1200.43 2.41853e-06 
1200.44 2.48619e-06 
1200.45 2.5551e-06 
1200.46 2.62526e-06 
1200.47 2.69666e-06 
1200.48 2.77022e-06 
1200.49 2.8441e-06 
1200.5 2.91922e-06 
1200.51 2.99555e-06 
1200.52 3.0731e-06 
1200.53 3.15184e-06 
1200.54 3.23177e-06 
1200.55 3.31287e-06 
1200.56 3.39514e-06 
1200.57 3.47855e-06 
1200.58 3.56309e-06 
1200.59 3.64874e-06 
1200.6 3.73549e-06 
1200.61 3.82566e-06 
1200.62 3.91458e-06 
1200.63 4.00453e-06 
1200.64 4.09548e-06 
1200.65 4.18741e-06 
1200.66 4.28029e-06 
1200.67 4.37409e-06 
1200.68 4.46878e-06 
1200.69 4.56434e-06 
1200.7 4.66072e-06 
1200.71 4.75789e-06 
1200.72 4.85583e-06 
1200.73 4.95573e-06 
1200.74 5.05508e-06 
1200.75 5.15508e-06 
1200.76 5.25568e-06 
1200.77 5.35685e-06 
1200.78 5.45854e-06 
1200.79 5.5607e-06 
1200.8 5.6633e-06 
1200.81 5.76628e-06 
1200.82 5.86959e-06 
1200.83 5.9732e-06 
1200.84 6.07704e-06 
1200.85 6.18107e-06 
1200.85 6.28523e-06 
1200.86 6.38948e-06 
1200.87 6.49376e-06 
1200.88 6.59801e-06 
1200.89 6.70217e-06 
1200.9 6.8062e-06 
1200.91 6.91004e-06 
1200.92 7.01362e-06 
1200.93 7.11688e-06 
1200.94 7.21978e-06 
1200.95 7.32224e-06 
1200.96 7.42422e-06 
1200.97 7.52564e-06 
1200.98 7.6277e-06 
1200.99 7.72782e-06 
1201 7.82721e-06 
1201.01 7.92579e-06 
1201.02 8.02351e-06 
1201.03 8.12031e-06 
1201.04 8.21613e-06 
1201.05 8.31089e-06 
1201.06 8.40454e-06 
1201.07 8.49702e-06 
1201.08 8.58826e-06 
1201.09 8.67821e-06 
1201.1 8.76681e-06 
1201.11 8.85398e-06 
1201.12 8.93968e-06 
1201.13 9.02384e-06 
1201.14 9.1064e-06 
1201.15 9.18731e-06 
1201.16 9.26651e-06 
1201.17 9.34393e-06 
1201.18 9.41954e-06 
1201.19 9.49327e-06 
1201.2 9.56506e-06 
1201.21 9.63487e-06 
1201.22 9.70265e-06 
1201.23 9.76915e-06 
1201.24 9.83267e-06 
1201.25 9.89402e-06 
1201.26 9.95314e-06 
1201.27 1.001e-05 
1201.28 1.00645e-05 
1201.28 1.01167e-05 
1201.29 1.01665e-05 
1201.3 1.02138e-05 
1201.31 1.02587e-05 
1201.32 1.0301e-05 
1201.33 1.03409e-05 
1201.34 1.03781e-05 
1201.35 1.04128e-05 
1201.36 1.04448e-05 
1201.37 1.04742e-05 
1201.38 1.05009e-05 
1201.39 1.0525e-05 
1201.4 1.05463e-05 
1201.41 1.05649e-05 
1201.42 1.05807e-05 
1201.43 1.05938e-05 
1201.44 1.06041e-05 
1201.45 1.06117e-05 
1201.46 1.06164e-05 
1201.47 1.06184e-05 
1201.48 1.06176e-05 
1201.49 1.0614e-05 
1201.5 1.06076e-05 
1201.51 1.05984e-05 
1201.52 1.05864e-05 
1201.53 1.05717e-05 
1201.54 1.05543e-05 
1201.55 1.05341e-05 
1201.56 1.05112e-05 
1201.57 1.04855e-05 
1201.58 1.04573e-05 
1201.59 1.04263e-05 
1201.6 1.03927e-05 
1201.61 1.03629e-05 
1201.62 1.03241e-05 
1201.63 1.02828e-05 
1201.64 1.02389e-05 
1201.65 1.01925e-05 
1201.66 1.01437e-05 
1201.67 1.00925e-05 
1201.68 1.00389e-05 
1201.69 9.98295e-06 
1201.7 9.92473e-06 
1201.7 9.86425e-06 
1201.71 9.80158e-06 
1201.72 9.73592e-06 
1201.73 9.66895e-06 
1201.74 9.59993e-06 
1201.75 9.5289e-06 
1201.76 9.45591e-06 
1201.77 9.38102e-06 
1201.78 9.30428e-06 
1201.79 9.22575e-06 
1201.8 9.14549e-06 
1201.81 9.06354e-06 
1201.82 8.97997e-06 
1201.83 8.89485e-06 
1201.84 8.80821e-06 
1201.85 8.72013e-06 
1201.86 8.63067e-06 
1201.87 8.53989e-06 
1201.88 8.44784e-06 
1201.89 8.3546e-06 
1201.9 8.26022e-06 
1201.91 8.16476e-06 
1201.92 8.06829e-06 
1201.93 7.97086e-06 
1201.94 7.87255e-06 
1201.95 7.77341e-06 
1201.96 7.67351e-06 
1201.97 7.5729e-06 
1201.98 7.47038e-06 
1201.99 7.36855e-06 
1202 7.2662e-06 
1202.01 7.16339e-06 
1202.02 7.06018e-06 
1202.03 6.95664e-06 
1202.04 6.85281e-06 
1202.05 6.74877e-06 
1202.06 6.64456e-06 
1202.07 6.54024e-06 
1202.08 6.43587e-06 
1202.09 6.33151e-06 
1202.1 6.22721e-06 
1202.11 6.12302e-06 
1202.12 6.01899e-06 
1202.13 5.91518e-06 
1202.13 5.81163e-06 
1202.14 5.7084e-06 
1202.15 5.60553e-06 
1202.16 5.50308e-06 
1202.17 5.40107e-06 
1202.18 5.29957e-06 
1202.19 5.19861e-06 
1202.2 5.09824e-06 
1202.21 4.9985e-06 
1202.22 4.89819e-06 
1202.23 4.79982e-06 
1202.24 4.70219e-06 
1202.25 4.60535e-06 
1202.26 4.50931e-06 
1202.27 4.41412e-06 
1202.28 4.31981e-06 
1202.29 4.2264e-06 
1202.3 4.13392e-06 
1202.31 4.04241e-06 
1202.32 3.95189e-06 
1202.33 3.86239e-06 
1202.34 3.77392e-06 
1202.35 3.6865e-06 
1202.36 3.60017e-06 
1202.37 3.51494e-06 
1202.38 3.43083e-06 
1202.39 3.34785e-06 
1202.4 3.26602e-06 
1202.41 3.18536e-06 
1202.42 3.10587e-06 
1202.43 3.02757e-06 
1202.44 2.95048e-06 
1202.45 2.87459e-06 
1202.46 2.79991e-06 
1202.47 2.72647e-06 
1202.48 2.65336e-06 
1202.49 2.58239e-06 
1202.5 2.51266e-06 
1202.51 2.44418e-06 
1202.52 2.37694e-06 
1202.53 2.31094e-06 
1202.54 2.24618e-06 
1202.55 2.18267e-06 
1202.56 2.12039e-06 
1202.56 2.05935e-06 
1202.57 1.99955e-06 
1202.58 1.94097e-06 
1202.59 1.88362e-06 
1202.6 1.82748e-06 
1202.61 1.77363e-06 
1202.62 1.71987e-06 
1202.63 1.6673e-06 
1202.64 1.61591e-06 
1202.65 1.56569e-06 
1202.66 1.51664e-06 
1202.67 1.46874e-06 
1202.68 1.42197e-06 
1202.69 1.37634e-06 
1202.7 1.33182e-06 
1202.71 1.2884e-06 
1202.72 1.24607e-06 
1202.73 1.20431e-06 
1202.74 1.16413e-06 
1202.75 1.125e-06 
1202.76 1.08689e-06 
1202.77 1.0498e-06 
1202.78 1.01371e-06 
1202.79 9.78606e-07 
1202.8 9.44468e-07 
1202.81 9.11282e-07 
1202.82 8.79031e-07 
1202.83 8.477e-07 
1202.84 8.1727e-07 
1202.85 7.87727e-07 
1202.86 7.59052e-07 
1202.87 7.31229e-07 
1202.88 7.04241e-07 
1202.89 6.78072e-07 
1202.9 6.52703e-07 
1202.91 6.28119e-07 
1202.92 6.04303e-07 
1202.93 5.81237e-07 
1202.94 5.58904e-07 
1202.95 5.37289e-07 
1202.96 5.16374e-07 
1202.97 4.96144e-07 
1202.98 4.76581e-07 
1202.98 4.57436e-07 
1202.99 4.39168e-07 
1203 4.21518e-07 
1203.01 4.04471e-07 
1203.02 3.88012e-07 
1203.03 3.72126e-07 
1203.04 3.56796e-07 
1203.05 3.42007e-07 
1203.06 3.27746e-07 
1203.07 3.13997e-07 
1203.08 3.00746e-07 
1203.09 2.87979e-07 
1203.1 2.75681e-07 
1203.11 2.63839e-07 
1203.12 2.5244e-07 
1203.13 2.4147e-07 
1203.14 2.30916e-07 
1203.15 2.20765e-07 
1203.16 2.11005e-07 
1203.17 2.01624e-07 
1203.18 1.92609e-07 
1203.19 1.8395e-07 
1203.2 1.75633e-07 
1203.21 1.67648e-07 
1203.22 1.59985e-07 
1203.23 1.52542e-07 
1203.24 1.45492e-07 
1203.25 1.38731e-07 
1203.26 1.3225e-07 
1203.27 1.26039e-07 
1203.28 1.20088e-07 
1203.29 1.14388e-07 
1203.3 1.0893e-07 
1203.31 1.03705e-07 
1203.32 9.87048e-08 
1203.33 9.39211e-08 
1203.34 8.93458e-08 
1203.35 8.49711e-08 
1203.36 8.07894e-08 
1203.37 7.67933e-08 
1203.38 7.29758e-08 
1203.39 6.93298e-08 
1203.4 6.58487e-08 
1203.41 6.2526e-08 
1203.41 5.93554e-08 
1203.42 5.63308e-08 
1203.43 5.34463e-08 
1203.44 5.06962e-08 
1203.45 4.8075e-08 
1203.46 4.55774e-08 
1203.47 4.31982e-08 
1203.48 4.09048e-08 
1203.49 3.87491e-08 
1203.5 3.66973e-08 
1203.51 3.47451e-08 
1203.52 3.28881e-08 
1203.53 3.11221e-08 
1203.54 2.94433e-08 
1203.55 2.78477e-08 
1203.56 2.63317e-08 
1203.57 2.48917e-08 
1203.58 2.35243e-08 
1203.59 2.22261e-08 
1203.6 2.09941e-08 
1203.61 1.98374e-08 
1203.62 1.87279e-08 
1203.63 1.76759e-08 
1203.64 1.66786e-08 
1203.65 1.57334e-08 
1203.66 1.4838e-08 
1203.67 1.39898e-08 
1203.68 1.31866e-08 
1203.69 1.24263e-08 
1203.7 1.17067e-08 
1203.71 1.10259e-08 
1203.72 1.0382e-08 
1203.73 9.76577e-09 
1203.74 9.1906e-09 
1203.75 8.64703e-09 
1203.76 8.13348e-09 
1203.77 7.64843e-09 
1203.78 7.19041e-09 
1203.79 6.75805e-09 
1203.8 6.35002e-09 
1203.81 5.96507e-09 
1203.82 5.60198e-09 
1203.83 5.25961e-09 
1203.83 4.93687e-09 
1203.84 4.63272e-09 
1203.85 4.34616e-09 
1203.86 4.07627e-09 
1203.87 3.82213e-09 
1203.88 3.58289e-09 
1203.89 3.35775e-09 
1203.9 3.14593e-09 
1203.91 2.9467e-09 
1203.92 2.75936e-09 
1203.93 2.58326e-09 
1203.94 2.41776e-09 
1203.95 2.26227e-09 
1203.96 2.11622e-09 
1203.97 1.97908e-09 
1203.98 1.84879e-09 
1203.99 1.72807e-09 
1204 1.61481e-09 
1204.01 1.50858e-09 
1204.02 1.40896e-09 
1204.03 1.31558e-09 
1204.04 1.22807e-09 
1204.05 1.14607e-09 
1204.06 1.06928e-09 
1204.07 9.9736e-10 
1204.08 9.30038e-10 
1204.09 8.67033e-10 
1204.1 8.08084e-10 
1204.11 7.52945e-10 
1204.12 7.01385e-10 
1204.13 6.53184e-10 
1204.14 6.08136e-10 
1204.15 5.66046e-10 
1204.16 5.26732e-10 
1204.17 4.90019e-10 
1204.18 4.55745e-10 
1204.19 4.23758e-10 
1204.2 3.93912e-10 
1204.21 3.66073e-10 
1204.22 3.40111e-10 
1204.23 3.15616e-10 
1204.24 2.93079e-10 
1204.25 2.72079e-10 
1204.26 2.52517e-10 
1204.26 2.34301e-10 
1204.27 2.17342e-10 
1204.28 2.01557e-10 
1204.29 1.8687e-10 
1204.3 1.73207e-10 
1204.31 1.60502e-10 
1204.32 1.48689e-10 
1204.33 1.37709e-10 
1204.34 1.27507e-10 
1204.35 1.1803e-10 
1204.36 1.09229e-10 
1204.37 1.01057e-10 
1204.38 9.34721e-11 
1204.39 8.64338e-11 
1204.4 7.99045e-11 
1204.41 7.38491e-11 
1204.42 6.82347e-11 
1204.43 6.30306e-11 
1204.44 5.82082e-11 
1204.45 5.37406e-11 
1204.46 4.96028e-11 
1204.47 4.57717e-11 
1204.48 4.21828e-11 
1204.49 3.89042e-11 
1204.5 3.5871e-11 
1204.51 3.30656e-11 
1204.52 3.04717e-11 
1204.53 2.80738e-11 
1204.54 2.58579e-11 
1204.55 2.38106e-11 
1204.56 2.19197e-11 
1204.57 2.01737e-11 
1204.58 1.85618e-11 
1204.59 1.70743e-11 
1204.6 1.57018e-11 
1204.61 1.44359e-11 
1204.62 1.32767e-11 
1204.63 1.21999e-11 
1204.64 1.12075e-11 
1204.65 1.02932e-11 
1204.66 9.4509e-12 
1204.67 8.67529e-12 
1204.68 7.96124e-12 
1204.68 7.30404e-12 
1204.69 6.69934e-12 
1204.7 6.14309e-12 
1204.71 5.63155e-12 
1204.72 5.15562e-12 
1204.73 4.72382e-12 
1204.74 4.32704e-12 
1204.75 3.96255e-12 
1204.76 3.62781e-12 
1204.77 3.32048e-12 
1204.78 3.03839e-12 
1204.79 2.77953e-12 
1204.8 2.54206e-12 
1204.81 2.32427e-12 
1204.82 2.12458e-12 
1204.83 1.94153e-12 
1204.84 1.7738e-12 
1204.85 1.62012e-12 
1204.86 1.47938e-12 
1204.87 1.3505e-12 
1204.88 1.23253e-12 
1204.89 1.12457e-12 
1204.9 1.0258e-12 
1204.91 9.35457e-13 
1204.92 8.52847e-13 
1204.93 7.77329e-13 
1204.94 7.08311e-13 
1204.95 6.45252e-13 
1204.96 5.87653e-13 
1204.97 5.35056e-13 
1204.98 4.86465e-13 
1204.99 4.4269e-13 
1205 4.02749e-13 
1205.01 3.66315e-13 
1205.02 3.3309e-13 
1205.03 3.02799e-13 
1205.04 2.7519e-13 
1205.05 2.50033e-13 
1205.06 2.27117e-13 
1205.07 2.06246e-13 
1205.08 1.87244e-13 
1205.09 1.69949e-13 
1205.1 1.5421e-13 
1205.11 1.39893e-13 
1205.11 1.26871e-13 
1205.12 1.15031e-13 
1205.13 1.04269e-13 
1205.14 9.44889e-14 
1205.15 8.56037e-14 
1205.16 7.75337e-14 
1205.17 7.0206e-14 
1205.18 6.35542e-14 
1205.19 5.75175e-14 
1205.2 5.20406e-14 
1205.21 4.70729e-14 
1205.22 4.25172e-14 
1205.23 3.84359e-14 
1205.24 3.47394e-14 
1205.25 3.13901e-14 
1205.26 2.83564e-14 
1205.27 2.56091e-14 
1205.28 2.31219e-14 
1205.29 2.08708e-14 
1205.3 1.88339e-14 
1205.31 1.69913e-14 
1205.32 1.5325e-14 
1205.33 1.38185e-14 
1205.34 1.24568e-14 
1205.35 1.12264e-14 
1205.36 1.01148e-14 
1205.37 9.11089e-15 
1205.38 8.20448e-15 
1205.39 7.3863e-15 
1205.4 6.64798e-15 
1205.41 5.98188e-15 
1205.42 5.38112e-15 
1205.43 4.83941e-15 
1205.44 4.3511e-15 
1205.45 3.91104e-15 
1205.46 3.51456e-15 
1205.47 3.15745e-15 
1205.48 2.83226e-15 
1205.49 2.54295e-15 
1205.5 2.28276e-15 
1205.51 2.04865e-15 
1205.52 1.83807e-15 
1205.53 1.6487e-15 
1205.54 1.47845e-15 
1205.54 1.32544e-15 
1205.55 1.18795e-15 
1205.56 1.06444e-15 
1205.57 9.53526e-16 
1205.58 8.53943e-16 
1205.59 7.6456e-16 
1205.6 6.84353e-16 
1205.61 6.12775e-16 
1205.62 5.48203e-16 
1205.63 4.90307e-16 
1205.64 4.38411e-16 
1205.65 3.91905e-16 
1205.66 3.5024e-16 
1205.67 3.12922e-16 
1205.68 2.79508e-16 
1205.69 2.49596e-16 
1205.7 2.22826e-16 
1205.71 1.98876e-16 
1205.72 1.77453e-16 
1205.73 1.5807e-16 
1205.74 1.40968e-16 
1205.75 1.25684e-16 
1205.76 1.12028e-16 
1205.77 9.98287e-17 
1205.78 8.89348e-17 
1205.79 7.9209e-17 
1205.8 7.05282e-17 
1205.81 6.27824e-17 
1205.82 5.58726e-17 
1205.83 4.97102e-17 
1205.84 4.42159e-17 
1205.85 3.93186e-17 
1205.86 3.49545e-17 
1205.87 3.10666e-17 
1205.88 2.7604e-17 
1205.89 2.45208e-17 
1205.9 2.17763e-17 
1205.91 1.93339e-17 
1205.92 1.7161e-17 
1205.93 1.52282e-17 
1205.94 1.35096e-17 
1205.95 1.19818e-17 
1205.96 1.0624e-17 
1205.96 9.41762e-18 
1205.97 8.34602e-18 
1205.98 7.38322e-18 
1205.99 6.53965e-18 
1206 5.79095e-18 
1206.01 5.12661e-18 
1206.02 4.5373e-18 
1206.03 4.01468e-18 
1206.04 3.55132e-18 
1206.05 3.14062e-18 
1206.06 2.77669e-18 
1206.07 2.45428e-18 
1206.08 2.16874e-18 
1206.09 1.91592e-18 
1206.1 1.69213e-18 
1206.11 1.49409e-18 
1206.12 1.31887e-18 
1206.13 1.1639e-18 
1206.14 1.02687e-18 
1206.15 9.0574e-19 
1206.16 7.98685e-19 
1206.17 7.04099e-19 
1206.18 6.20552e-19 
1206.19 5.46775e-19 
1206.2 4.81643e-19 
1206.21 4.24158e-19 
1206.22 3.73436e-19 
1206.23 3.28169e-19 
1206.24 2.88774e-19 
1206.25 2.5404e-19 
1206.26 2.23426e-19 
1206.27 1.9645e-19 
1206.28 1.72686e-19 
1206.29 1.51756e-19 
1206.3 1.33328e-19 
1206.31 1.17107e-19 
1206.32 1.02833e-19 
1206.33 9.02747e-20 
1206.34 7.92293e-20 
1206.35 6.95172e-20 
1206.36 6.09796e-20 
1206.37 5.34765e-20 
1206.38 4.68843e-20 
1206.39 4.1094e-20 
1206.39 3.60093e-20 
1206.4 3.15455e-20 
1206.41 2.76278e-20 
1206.42 2.41903e-20 
1206.43 2.1175e-20 
1206.44 1.85306e-20 
1206.45 1.62122e-20 
1206.46 1.41802e-20 
1206.47 1.23996e-20 
1206.48 1.08215e-20 
1206.49 9.45768e-21 
1206.5 8.26355e-21 
1206.51 7.2183e-21 
1206.52 6.30361e-21 
1206.53 5.50338e-21 
1206.54 4.80348e-21 
1206.55 4.19149e-21 
1206.56 3.65651e-21 
1206.57 3.18898e-21 
1206.58 2.7805e-21 
1206.59 2.4237e-21 
1206.6 0 
