#energy geo_1 
1186.6 0 
1186.61 0 
1186.62 0 
1186.63 0 
1186.64 0 
1186.65 0 
1186.66 0 
1186.67 0 
1186.68 0 
1186.69 0 
1186.7 0 
1186.71 0 
1186.72 0 
1186.73 0 
1186.74 0 
1186.75 0 
1186.76 0 
1186.77 0 
1186.78 0 
1186.79 0 
1186.8 0 
1186.81 0 
1186.81 0 
1186.82 0 
1186.83 0 
1186.84 0 
1186.85 0 
1186.86 0 
1186.87 0 
1186.88 0 
1186.89 0 
1186.9 0 
1186.91 0 
1186.92 0 
1186.93 0 
1186.94 0 
1186.95 0 
1186.96 0 
1186.97 0 
1186.98 0 
1186.99 0 
1187 0 
1187.01 0 
1187.02 0 
1187.03 0 
1187.04 0 
1187.05 0 
1187.06 0 
1187.07 0 
1187.08 0 
1187.09 0 
1187.1 0 
1187.11 0 
1187.12 0 
1187.13 0 
1187.14 0 
1187.15 0 
1187.16 0 
1187.17 0 
1187.18 0 
1187.19 0 
1187.2 0 
1187.21 0 
1187.22 0 
1187.23 0 
1187.24 0 
1187.24 0 
1187.25 0 
1187.26 0 
1187.27 0 
1187.28 0 
1187.29 0 
1187.3 0 
1187.31 0 
1187.32 1.4013e-45 
1187.33 1.4013e-45 
1187.34 1.4013e-45 
1187.35 1.4013e-45 
1187.36 2.8026e-45 
1187.37 2.8026e-45 
1187.38 2.8026e-45 
1187.39 4.2039e-45 
1187.4 5.60519e-45 
1187.41 8.40779e-45 
1187.42 9.80909e-45 
1187.43 1.26117e-44 
1187.44 1.82169e-44 
1187.45 2.38221e-44 
1187.46 2.94273e-44 
1187.47 3.92364e-44 
1187.48 5.1848e-44 
1187.49 6.72623e-44 
1187.5 8.82818e-44 
1187.51 1.16308e-43 
1187.52 1.49939e-43 
1187.53 1.96182e-43 
1187.54 2.57839e-43 
1187.55 3.36312e-43 
1187.56 4.38606e-43 
1187.57 5.73131e-43 
1187.58 7.46892e-43 
1187.59 9.76705e-43 
1187.6 1.27238e-42 
1187.61 1.66054e-42 
1187.62 2.1622e-42 
1187.63 2.81661e-42 
1187.64 3.6672e-42 
1187.65 4.77142e-42 
1187.66 6.20495e-42 
1187.66 8.06868e-42 
1187.67 1.04845e-41 
1187.68 1.36178e-41 
1187.69 1.7683e-41 
1187.7 2.29491e-41 
1187.71 2.9772e-41 
1187.72 3.86058e-41 
1187.73 5.02029e-41 
1187.74 6.50427e-41 
1187.75 8.42349e-41 
1187.76 1.09041e-40 
1187.77 1.41093e-40 
1187.78 1.82487e-40 
1187.79 2.35923e-40 
1187.8 3.04875e-40 
1187.81 3.93811e-40 
1187.82 5.08472e-40 
1187.83 6.56234e-40 
1187.84 8.46572e-40 
1187.85 1.09165e-39 
1187.86 1.40706e-39 
1187.87 1.81283e-39 
1187.88 2.33461e-39 
1187.89 3.00528e-39 
1187.9 3.86695e-39 
1187.91 4.97353e-39 
1187.92 6.39402e-39 
1187.93 8.21668e-39 
1187.94 1.05544e-38 
1187.95 1.35513e-38 
1187.96 1.73917e-38 
1187.97 2.23108e-38 
1187.98 2.8698e-38 
1187.99 3.67833e-38 
1188 4.71261e-38 
1188.01 6.03512e-38 
1188.02 7.72544e-38 
1188.03 9.88492e-38 
1188.04 1.26426e-37 
1188.05 1.61627e-37 
1188.06 2.06539e-37 
1188.07 2.63818e-37 
1188.08 3.36837e-37 
1188.09 4.29881e-37 
1188.09 5.48391e-37 
1188.1 6.9927e-37 
1188.11 8.91276e-37 
1188.12 1.13551e-36 
1188.13 1.44606e-36 
1188.14 1.84074e-36 
1188.15 2.34214e-36 
1188.16 2.97883e-36 
1188.17 3.78696e-36 
1188.18 4.81227e-36 
1188.19 6.11254e-36 
1188.2 7.7608e-36 
1188.21 9.84928e-36 
1188.22 1.24944e-35 
1188.23 1.58901e-35 
1188.24 2.01401e-35 
1188.25 2.55158e-35 
1188.26 3.23124e-35 
1188.27 4.09019e-35 
1188.28 5.17524e-35 
1188.29 6.5453e-35 
1188.3 8.27452e-35 
1188.31 1.04561e-34 
1188.32 1.32071e-34 
1188.33 1.66747e-34 
1188.34 2.10438e-34 
1188.35 2.65462e-34 
1188.36 3.34729e-34 
1188.37 4.21888e-34 
1188.38 5.31513e-34 
1188.39 6.69335e-34 
1188.4 8.42533e-34 
1188.41 1.06009e-33 
1188.42 1.33325e-33 
1188.43 1.67608e-33 
1188.44 2.10615e-33 
1188.45 2.64544e-33 
1188.46 3.32138e-33 
1188.47 4.16824e-33 
1188.48 5.2436e-33 
1188.49 6.57488e-33 
1188.5 8.2406e-33 
1188.51 1.03239e-32 
1188.52 1.29283e-32 
1188.52 1.61827e-32 
1188.53 2.02476e-32 
1188.54 2.53226e-32 
1188.55 3.16562e-32 
1188.56 3.95567e-32 
1188.57 4.94078e-32 
1188.58 6.16856e-32 
1188.59 7.69813e-32 
1188.6 9.60885e-32 
1188.61 1.19812e-31 
1188.62 1.49327e-31 
1188.63 1.86034e-31 
1188.64 2.31664e-31 
1188.65 2.88362e-31 
1188.66 3.58782e-31 
1188.67 4.46207e-31 
1188.68 5.54696e-31 
1188.69 6.89265e-31 
1188.7 8.56113e-31 
1188.71 1.06289e-30 
1188.72 1.31904e-30 
1188.73 1.64063e-30 
1188.74 2.03426e-30 
1188.75 2.52124e-30 
1188.76 3.12345e-30 
1188.77 3.86783e-30 
1188.78 4.78756e-30 
1188.79 5.92343e-30 
1188.8 7.32565e-30 
1188.81 9.0559e-30 
1188.82 1.119e-29 
1188.83 1.38211e-29 
1188.84 1.70634e-29 
1188.85 2.10574e-29 
1188.86 2.5975e-29 
1188.87 3.20272e-29 
1188.88 3.94726e-29 
1188.89 4.86279e-29 
1188.9 5.98809e-29 
1188.91 7.37062e-29 
1188.92 9.06845e-29 
1188.93 1.11526e-28 
1188.94 1.37098e-28 
1188.94 1.6846e-28 
1188.95 2.06909e-28 
1188.96 2.54023e-28 
1188.97 3.11731e-28 
1188.98 3.83361e-28 
1188.99 4.70044e-28 
1189 5.7608e-28 
1189.01 7.05731e-28 
1189.02 8.6419e-28 
1189.03 1.05777e-27 
1189.04 1.29416e-27 
1189.05 1.58269e-27 
1189.06 1.93472e-27 
1189.07 2.36404e-27 
1189.08 2.88737e-27 
1189.09 3.52504e-27 
1189.1 4.30167e-27 
1189.11 5.24716e-27 
1189.12 6.39772e-27 
1189.13 7.79719e-27 
1189.14 9.4987e-27 
1189.15 1.15665e-26 
1189.16 1.40785e-26 
1189.17 1.71286e-26 
1189.18 2.08305e-26 
1189.19 2.53216e-26 
1189.2 3.07677e-26 
1189.21 3.73691e-26 
1189.22 4.53673e-26 
1189.23 5.51869e-26 
1189.24 6.69407e-26 
1189.25 8.11629e-26 
1189.26 9.83644e-26 
1189.27 1.1916e-25 
1189.28 1.4429e-25 
1189.29 1.74645e-25 
1189.3 2.11295e-25 
1189.31 2.55526e-25 
1189.32 3.08882e-25 
1189.33 3.73219e-25 
1189.34 4.50764e-25 
1189.35 5.44185e-25 
1189.36 6.56685e-25 
1189.36 7.92101e-25 
1189.37 9.5503e-25 
1189.38 1.15098e-24 
1189.39 1.38653e-24 
1189.4 1.66957e-24 
1189.41 2.00953e-24 
1189.42 2.41766e-24 
1189.43 2.90744e-24 
1189.44 3.49493e-24 
1189.45 4.19932e-24 
1189.46 5.04351e-24 
1189.47 6.0548e-24 
1189.48 7.28229e-24 
1189.49 8.73491e-24 
1189.5 1.04728e-23 
1189.51 1.2551e-23 
1189.52 1.50352e-23 
1189.53 1.80033e-23 
1189.54 2.1548e-23 
1189.55 2.57796e-23 
1189.56 3.08289e-23 
1189.57 3.68513e-23 
1189.58 4.40312e-23 
1189.59 5.25873e-23 
1189.6 6.27791e-23 
1189.61 7.49607e-23 
1189.62 8.94116e-23 
1189.63 1.06602e-22 
1189.64 1.27044e-22 
1189.65 1.51339e-22 
1189.66 1.80204e-22 
1189.67 2.14481e-22 
1189.68 2.55169e-22 
1189.69 3.03444e-22 
1189.7 3.60697e-22 
1189.71 4.28568e-22 
1189.72 5.08991e-22 
1189.73 6.05541e-22 
1189.74 7.18551e-22 
1189.75 8.52284e-22 
1189.76 1.01047e-21 
1189.77 1.19751e-21 
1189.78 1.41855e-21 
1189.79 1.67967e-21 
1189.79 1.98799e-21 
1189.8 2.35191e-21 
1189.81 2.78124e-21 
1189.82 3.28753e-21 
1189.83 3.88431e-21 
1189.84 4.58745e-21 
1189.85 5.41554e-21 
1189.86 6.39035e-21 
1189.87 7.5374e-21 
1189.88 8.8865e-21 
1189.89 1.04726e-20 
1189.9 1.23364e-20 
1189.91 1.45257e-20 
1189.92 1.70962e-20 
1189.93 2.01128e-20 
1189.94 2.36516e-20 
1189.95 2.78011e-20 
1189.96 3.26644e-20 
1189.97 3.83621e-20 
1189.98 4.51243e-20 
1189.99 5.29494e-20 
1190 6.21047e-20 
1190.01 7.28117e-20 
1190.02 8.53278e-20 
1190.03 9.99524e-20 
1190.04 1.17033e-19 
1190.05 1.36974e-19 
1190.06 1.60243e-19 
1190.07 1.87384e-19 
1190.08 2.19029e-19 
1190.09 2.55907e-19 
1190.1 2.98865e-19 
1190.11 3.48885e-19 
1190.12 4.07101e-19 
1190.13 4.74827e-19 
1190.14 5.53581e-19 
1190.15 6.45119e-19 
1190.16 7.5147e-19 
1190.17 8.74977e-19 
1190.18 1.01834e-18 
1190.19 1.18469e-18 
1190.2 1.37762e-18 
1190.21 1.60128e-18 
1190.21 1.86044e-18 
1190.22 2.16466e-18 
1190.23 2.51284e-18 
1190.24 2.91576e-18 
1190.25 3.38182e-18 
1190.26 3.9207e-18 
1190.27 4.54349e-18 
1190.28 5.26294e-18 
1190.29 6.0937e-18 
1190.3 7.05254e-18 
1190.31 8.15875e-18 
1190.32 9.43441e-18 
1190.33 1.09048e-17 
1190.34 1.2599e-17 
1190.35 1.45501e-17 
1190.36 1.67961e-17 
1190.37 1.93805e-17 
1190.38 2.23529e-17 
1190.39 2.57702e-17 
1190.4 2.9697e-17 
1190.41 3.42074e-17 
1190.42 3.9386e-17 
1190.43 4.5329e-17 
1190.44 5.21463e-17 
1190.45 5.99631e-17 
1190.46 6.8922e-17 
1190.47 7.91852e-17 
1190.48 9.10948e-17 
1190.49 1.04569e-16 
1190.5 1.19985e-16 
1190.51 1.37614e-16 
1190.52 1.57766e-16 
1190.53 1.8079e-16 
1190.54 2.07086e-16 
1190.55 2.37104e-16 
1190.56 2.71356e-16 
1190.57 3.10423e-16 
1190.58 3.54962e-16 
1190.59 4.05716e-16 
1190.6 4.63528e-16 
1190.61 5.2968e-16 
1190.62 6.04635e-16 
1190.63 6.899e-16 
1190.64 7.8685e-16 
1190.64 8.97037e-16 
1190.65 1.02221e-15 
1190.66 1.16436e-15 
1190.67 1.3257e-15 
1190.68 1.50874e-15 
1190.69 1.71632e-15 
1190.7 1.95162e-15 
1190.71 2.21823e-15 
1190.72 2.52016e-15 
1190.73 2.86651e-15 
1190.74 3.25387e-15 
1190.75 3.69199e-15 
1190.76 4.18729e-15 
1190.77 4.74699e-15 
1190.78 5.37919e-15 
1190.79 6.09297e-15 
1190.8 6.89849e-15 
1190.81 7.80714e-15 
1190.82 8.83166e-15 
1190.83 9.98634e-15 
1190.84 1.12871e-14 
1190.85 1.27519e-14 
1190.86 1.44005e-14 
1190.87 1.62552e-14 
1190.88 1.83409e-14 
1190.89 2.06854e-14 
1190.9 2.33195e-14 
1190.91 2.62777e-14 
1190.92 2.95984e-14 
1190.93 3.33244e-14 
1190.94 3.75033e-14 
1190.95 4.2188e-14 
1190.96 4.74376e-14 
1190.97 5.33174e-14 
1190.98 5.99873e-14 
1190.99 6.73642e-14 
1191 7.56157e-14 
1191.01 8.48414e-14 
1191.02 9.51518e-14 
1191.03 1.06669e-13 
1191.04 1.19529e-13 
1191.05 1.33882e-13 
1191.06 1.49894e-13 
1191.07 1.67748e-13 
1191.07 1.87649e-13 
1191.08 2.09819e-13 
1191.09 2.34509e-13 
1191.1 2.6199e-13 
1191.11 2.92567e-13 
1191.12 3.26571e-13 
1191.13 3.6437e-13 
1191.14 4.06369e-13 
1191.15 4.53015e-13 
1191.16 5.04797e-13 
1191.17 5.62257e-13 
1191.18 6.25987e-13 
1191.19 6.96641e-13 
1191.2 7.74935e-13 
1191.21 8.61658e-13 
1191.22 9.57674e-13 
1191.23 1.06533e-12 
1191.24 1.18301e-12 
1191.25 1.31314e-12 
1191.26 1.45694e-12 
1191.27 1.6158e-12 
1191.28 1.79121e-12 
1191.29 1.9848e-12 
1191.3 2.19838e-12 
1191.31 2.43388e-12 
1191.32 2.69346e-12 
1191.33 2.97944e-12 
1191.34 3.29436e-12 
1191.35 3.641e-12 
1191.36 4.02238e-12 
1191.37 4.4418e-12 
1191.38 4.90284e-12 
1191.39 5.40941e-12 
1191.4 5.96574e-12 
1191.41 6.57647e-12 
1191.42 7.24659e-12 
1191.43 7.98155e-12 
1191.44 8.78728e-12 
1191.45 9.67018e-12 
1191.46 1.06372e-11 
1191.47 1.16959e-11 
1191.48 1.28703e-11 
1191.49 1.41382e-11 
1191.49 1.55252e-11 
1191.5 1.70409e-11 
1191.51 1.86966e-11 
1191.52 2.05042e-11 
1191.53 2.2477e-11 
1191.54 2.4629e-11 
1191.55 2.69754e-11 
1191.56 2.95326e-11 
1191.57 3.23183e-11 
1191.58 3.53516e-11 
1191.59 3.86529e-11 
1191.6 4.22707e-11 
1191.61 4.61784e-11 
1191.62 5.04256e-11 
1191.63 5.50397e-11 
1191.64 6.00502e-11 
1191.65 6.54886e-11 
1191.66 7.13888e-11 
1191.67 7.7787e-11 
1191.68 8.47223e-11 
1191.69 9.22361e-11 
1191.7 1.00373e-10 
1191.71 1.09181e-10 
1191.72 1.18711e-10 
1191.73 1.2915e-10 
1191.74 1.40301e-10 
1191.75 1.5235e-10 
1191.76 1.65361e-10 
1191.77 1.79407e-10 
1191.78 1.94562e-10 
1191.79 2.10906e-10 
1191.8 2.28525e-10 
1191.81 2.47509e-10 
1191.82 2.67954e-10 
1191.83 2.89964e-10 
1191.84 3.13647e-10 
1191.85 3.39118e-10 
1191.86 3.66499e-10 
1191.87 3.95921e-10 
1191.88 4.27521e-10 
1191.89 4.61444e-10 
1191.9 4.97844e-10 
1191.91 5.36885e-10 
1191.92 5.78738e-10 
1191.92 6.23585e-10 
1191.93 6.71618e-10 
1191.94 7.2304e-10 
1191.95 7.78064e-10 
1191.96 8.36914e-10 
1191.97 8.99829e-10 
1191.98 9.67925e-10 
1191.99 1.03979e-09 
1192 1.1165e-09 
1192.01 1.19836e-09 
1192.02 1.28567e-09 
1192.03 1.37875e-09 
1192.04 1.47793e-09 
1192.05 1.58356e-09 
1192.06 1.69601e-09 
1192.07 1.81566e-09 
1192.08 1.94292e-09 
1192.09 2.0782e-09 
1192.1 2.22195e-09 
1192.11 2.37461e-09 
1192.12 2.53667e-09 
1192.13 2.70863e-09 
1192.14 2.891e-09 
1192.15 3.08431e-09 
1192.16 3.28914e-09 
1192.17 3.50606e-09 
1192.18 3.73568e-09 
1192.19 3.97863e-09 
1192.2 4.23555e-09 
1192.21 4.50712e-09 
1192.22 4.79403e-09 
1192.23 5.10091e-09 
1192.24 5.42093e-09 
1192.25 5.75855e-09 
1192.26 6.11456e-09 
1192.27 6.48978e-09 
1192.28 6.88507e-09 
1192.29 7.30129e-09 
1192.3 7.73934e-09 
1192.31 8.20014e-09 
1192.32 8.68463e-09 
1192.33 9.19379e-09 
1192.34 9.72861e-09 
1192.34 1.02901e-08 
1192.35 1.08793e-08 
1192.36 1.14974e-08 
1192.37 1.21453e-08 
1192.38 1.28241e-08 
1192.39 1.35351e-08 
1192.4 1.42794e-08 
1192.41 1.50581e-08 
1192.42 1.58725e-08 
1192.43 1.67236e-08 
1192.44 1.76129e-08 
1192.45 1.85414e-08 
1192.46 1.95105e-08 
1192.47 2.05214e-08 
1192.48 2.15889e-08 
1192.49 2.26878e-08 
1192.5 2.38324e-08 
1192.51 2.5024e-08 
1192.52 2.62638e-08 
1192.53 2.75532e-08 
1192.54 2.88935e-08 
1192.55 3.02859e-08 
1192.56 3.17318e-08 
1192.57 3.32323e-08 
1192.58 3.47889e-08 
1192.59 3.64027e-08 
1192.6 3.80749e-08 
1192.61 3.98317e-08 
1192.62 4.16256e-08 
1192.63 4.34816e-08 
1192.64 4.54008e-08 
1192.65 4.73842e-08 
1192.66 4.94331e-08 
1192.67 5.15484e-08 
1192.68 5.3731e-08 
1192.69 5.59819e-08 
1192.7 5.83021e-08 
1192.71 6.06922e-08 
1192.72 6.31532e-08 
1192.73 6.57177e-08 
1192.74 6.83232e-08 
1192.75 7.10014e-08 
1192.76 7.37529e-08 
1192.77 7.6578e-08 
1192.77 7.94771e-08 
1192.78 8.24504e-08 
1192.79 8.54982e-08 
1192.8 8.86205e-08 
1192.81 9.18172e-08 
1192.82 9.50883e-08 
1192.83 9.84335e-08 
1192.84 1.01853e-07 
1192.85 1.05345e-07 
1192.86 1.0891e-07 
1192.87 1.12548e-07 
1192.88 1.16257e-07 
1192.89 1.20037e-07 
1192.9 1.23886e-07 
1192.91 1.27803e-07 
1192.92 1.31788e-07 
1192.93 1.35838e-07 
1192.94 1.39952e-07 
1192.95 1.4413e-07 
1192.96 1.48367e-07 
1192.97 1.52664e-07 
1192.98 1.57072e-07 
1192.99 1.61481e-07 
1193 1.65942e-07 
1193.01 1.70453e-07 
1193.02 1.75012e-07 
1193.03 1.79615e-07 
1193.04 1.84259e-07 
1193.05 1.88942e-07 
1193.06 1.93661e-07 
1193.07 1.98413e-07 
1193.08 2.03193e-07 
1193.09 2.07999e-07 
1193.1 2.12827e-07 
1193.11 2.17673e-07 
1193.12 2.22534e-07 
1193.13 2.27406e-07 
1193.14 2.32284e-07 
1193.15 2.37165e-07 
1193.16 2.42044e-07 
1193.17 2.46917e-07 
1193.18 2.5178e-07 
1193.19 2.56628e-07 
1193.19 2.61456e-07 
1193.2 2.66261e-07 
1193.21 2.71038e-07 
1193.22 2.7584e-07 
1193.23 2.80546e-07 
1193.24 2.85209e-07 
1193.25 2.89824e-07 
1193.26 2.94387e-07 
1193.27 2.98894e-07 
1193.28 3.03339e-07 
1193.29 3.07717e-07 
1193.3 3.12025e-07 
1193.31 3.16256e-07 
1193.32 3.20407e-07 
1193.33 3.24473e-07 
1193.34 3.28448e-07 
1193.35 3.3233e-07 
1193.36 3.36112e-07 
1193.37 3.39792e-07 
1193.38 3.43363e-07 
1193.39 3.46823e-07 
1193.4 3.50168e-07 
1193.41 3.53392e-07 
1193.42 3.56492e-07 
1193.43 3.59465e-07 
1193.44 3.62306e-07 
1193.45 3.65013e-07 
1193.46 3.67582e-07 
1193.47 3.7001e-07 
1193.48 3.72321e-07 
1193.49 3.74456e-07 
1193.5 3.7644e-07 
1193.51 3.78273e-07 
1193.52 3.7995e-07 
1193.53 3.81471e-07 
1193.54 3.82834e-07 
1193.55 3.84036e-07 
1193.56 3.85075e-07 
1193.57 3.85952e-07 
1193.58 3.86664e-07 
1193.59 3.87211e-07 
1193.6 3.87592e-07 
1193.61 3.88048e-07 
1193.62 3.88096e-07 
1193.62 3.87977e-07 
1193.63 3.87691e-07 
1193.64 3.87239e-07 
1193.65 3.86621e-07 
1193.66 3.85838e-07 
1193.67 3.84891e-07 
1193.68 3.83781e-07 
1193.69 3.82511e-07 
1193.7 3.8108e-07 
1193.71 3.79492e-07 
1193.72 3.77749e-07 
1193.73 3.75827e-07 
1193.74 3.73777e-07 
1193.75 3.71579e-07 
1193.76 3.69235e-07 
1193.77 3.66749e-07 
1193.78 3.64123e-07 
1193.79 3.61361e-07 
1193.8 3.58466e-07 
1193.81 3.55442e-07 
1193.82 3.52293e-07 
1193.83 3.49023e-07 
1193.84 3.45635e-07 
1193.85 3.42134e-07 
1193.86 3.38523e-07 
1193.87 3.34808e-07 
1193.88 3.30992e-07 
1193.89 3.27081e-07 
1193.9 3.23078e-07 
1193.91 3.18989e-07 
1193.92 3.14817e-07 
1193.93 3.10569e-07 
1193.94 3.06248e-07 
1193.95 3.0186e-07 
1193.96 2.97409e-07 
1193.97 2.929e-07 
1193.98 2.88281e-07 
1193.99 2.83671e-07 
1194 2.79018e-07 
1194.01 2.74326e-07 
1194.02 2.69602e-07 
1194.03 2.64849e-07 
1194.04 2.60073e-07 
1194.05 2.55277e-07 
1194.05 2.50468e-07 
1194.06 2.45649e-07 
1194.07 2.40825e-07 
1194.08 2.36001e-07 
1194.09 2.31181e-07 
1194.1 2.26369e-07 
1194.11 2.2157e-07 
1194.12 2.16788e-07 
1194.13 2.12028e-07 
1194.14 2.07292e-07 
1194.15 2.02586e-07 
1194.16 1.97912e-07 
1194.17 1.93276e-07 
1194.18 1.88679e-07 
1194.19 1.84127e-07 
1194.2 1.79622e-07 
1194.21 1.75167e-07 
1194.22 1.70766e-07 
1194.23 1.66368e-07 
1194.24 1.62084e-07 
1194.25 1.57864e-07 
1194.26 1.53708e-07 
1194.27 1.49621e-07 
1194.28 1.45604e-07 
1194.29 1.4166e-07 
1194.3 1.37792e-07 
1194.31 1.34001e-07 
1194.32 1.30289e-07 
1194.33 1.26659e-07 
1194.34 1.23112e-07 
1194.35 1.19651e-07 
1194.36 1.16276e-07 
1194.37 1.12989e-07 
1194.38 1.09793e-07 
1194.39 1.06687e-07 
1194.4 1.03675e-07 
1194.41 1.00756e-07 
1194.42 9.79322e-08 
1194.43 9.52044e-08 
1194.44 9.25737e-08 
1194.45 9.0041e-08 
1194.46 8.76072e-08 
1194.47 8.52732e-08 
1194.47 8.3013e-08 
1194.48 8.08813e-08 
1194.49 7.88521e-08 
1194.5 7.69255e-08 
1194.51 7.51019e-08 
1194.52 7.33821e-08 
1194.53 7.17664e-08 
1194.54 7.02554e-08 
1194.55 6.88496e-08 
1194.56 6.75494e-08 
1194.57 6.63551e-08 
1194.58 6.52674e-08 
1194.59 6.42865e-08 
1194.6 6.34129e-08 
1194.61 6.26859e-08 
1194.62 6.20276e-08 
1194.63 6.14778e-08 
1194.64 6.10369e-08 
1194.65 6.07054e-08 
1194.66 6.04836e-08 
1194.67 6.0372e-08 
1194.68 6.0371e-08 
1194.69 6.04811e-08 
1194.7 6.07027e-08 
1194.71 6.10363e-08 
1194.72 6.14825e-08 
1194.73 6.20495e-08 
1194.74 6.27237e-08 
1194.75 6.35122e-08 
1194.76 6.44154e-08 
1194.77 6.5434e-08 
1194.78 6.65686e-08 
1194.79 6.78198e-08 
1194.8 6.91883e-08 
1194.81 7.06748e-08 
1194.82 7.228e-08 
1194.83 7.40046e-08 
1194.84 7.58494e-08 
1194.85 7.78151e-08 
1194.86 7.99024e-08 
1194.87 8.21122e-08 
1194.88 8.44452e-08 
1194.89 8.69022e-08 
1194.9 8.94841e-08 
1194.9 9.21915e-08 
1194.91 9.50254e-08 
1194.92 9.79864e-08 
1194.93 1.01075e-07 
1194.94 1.04293e-07 
1194.95 1.07641e-07 
1194.96 1.11118e-07 
1194.97 1.14727e-07 
1194.98 1.18515e-07 
1194.99 1.22389e-07 
1195 1.26397e-07 
1195.01 1.30538e-07 
1195.02 1.34814e-07 
1195.03 1.39224e-07 
1195.04 1.4377e-07 
1195.05 1.48452e-07 
1195.06 1.53269e-07 
1195.07 1.58224e-07 
1195.08 1.63316e-07 
1195.09 1.68544e-07 
1195.1 1.7391e-07 
1195.11 1.79414e-07 
1195.12 1.85055e-07 
1195.13 1.90834e-07 
1195.14 1.9675e-07 
1195.15 2.02803e-07 
1195.16 2.08993e-07 
1195.17 2.1532e-07 
1195.18 2.21783e-07 
1195.19 2.28382e-07 
1195.2 2.35116e-07 
1195.21 2.41984e-07 
1195.22 2.48986e-07 
1195.23 2.56211e-07 
1195.24 2.63479e-07 
1195.25 2.70877e-07 
1195.26 2.78405e-07 
1195.27 2.86061e-07 
1195.28 2.93843e-07 
1195.29 3.01751e-07 
1195.3 3.09782e-07 
1195.31 3.17935e-07 
1195.32 3.26208e-07 
1195.32 3.34599e-07 
1195.33 3.43106e-07 
1195.34 3.51727e-07 
1195.35 3.6046e-07 
1195.36 3.69302e-07 
1195.37 3.7825e-07 
1195.38 3.87304e-07 
1195.39 3.96459e-07 
1195.4 4.05713e-07 
1195.41 4.15064e-07 
1195.42 4.24508e-07 
1195.43 4.34042e-07 
1195.44 4.43664e-07 
1195.45 4.5337e-07 
1195.46 4.63157e-07 
1195.47 4.73022e-07 
1195.48 4.83087e-07 
1195.49 4.93099e-07 
1195.5 5.03178e-07 
1195.51 5.13322e-07 
1195.52 5.23527e-07 
1195.53 5.33789e-07 
1195.54 5.44104e-07 
1195.55 5.5447e-07 
1195.56 5.64882e-07 
1195.57 5.75337e-07 
1195.58 5.85831e-07 
1195.59 5.9636e-07 
1195.6 6.06921e-07 
1195.61 6.17895e-07 
1195.62 6.28516e-07 
1195.63 6.39157e-07 
1195.64 6.49815e-07 
1195.65 6.60487e-07 
1195.66 6.7117e-07 
1195.67 6.81859e-07 
1195.68 6.92551e-07 
1195.69 7.03243e-07 
1195.7 7.13932e-07 
1195.71 7.24613e-07 
1195.72 7.35285e-07 
1195.73 7.46076e-07 
1195.74 7.56718e-07 
1195.75 7.67341e-07 
1195.75 7.77941e-07 
1195.76 7.88517e-07 
1195.77 7.99065e-07 
1195.78 8.09582e-07 
1195.79 8.20067e-07 
1195.8 8.30516e-07 
1195.81 8.40928e-07 
1195.82 8.513e-07 
1195.83 8.6163e-07 
1195.84 8.71916e-07 
1195.85 8.82156e-07 
1195.86 8.92349e-07 
1195.87 9.02493e-07 
1195.88 9.12586e-07 
1195.89 9.22626e-07 
1195.9 9.32614e-07 
1195.91 9.42546e-07 
1195.92 9.52423e-07 
1195.93 9.62243e-07 
1195.94 9.72006e-07 
1195.95 9.8171e-07 
1195.96 9.91355e-07 
1195.97 1.00094e-06 
1195.98 1.01058e-06 
1195.99 1.02005e-06 
1196 1.02945e-06 
1196.01 1.03879e-06 
1196.02 1.04808e-06 
1196.03 1.0573e-06 
1196.04 1.06645e-06 
1196.05 1.07555e-06 
1196.06 1.08459e-06 
1196.07 1.09357e-06 
1196.08 1.10248e-06 
1196.09 1.11134e-06 
1196.1 1.12013e-06 
1196.11 1.12887e-06 
1196.12 1.13755e-06 
1196.13 1.14617e-06 
1196.14 1.15472e-06 
1196.15 1.16323e-06 
1196.16 1.17167e-06 
1196.17 1.18006e-06 
1196.17 1.18839e-06 
1196.18 1.19666e-06 
1196.19 1.20488e-06 
1196.2 1.21304e-06 
1196.21 1.22114e-06 
1196.22 1.22929e-06 
1196.23 1.23729e-06 
1196.24 1.24522e-06 
1196.25 1.2531e-06 
1196.26 1.26093e-06 
1196.27 1.2687e-06 
1196.28 1.27641e-06 
1196.29 1.28407e-06 
1196.3 1.29166e-06 
1196.31 1.2992e-06 
1196.32 1.30668e-06 
1196.33 1.3141e-06 
1196.34 1.32146e-06 
1196.35 1.32876e-06 
1196.36 1.33599e-06 
1196.37 1.34316e-06 
1196.38 1.35026e-06 
1196.39 1.3573e-06 
1196.4 1.36426e-06 
1196.41 1.37116e-06 
1196.42 1.37797e-06 
1196.43 1.38472e-06 
1196.44 1.39138e-06 
1196.45 1.39797e-06 
1196.46 1.40446e-06 
1196.47 1.41088e-06 
1196.48 1.41728e-06 
1196.49 1.42351e-06 
1196.5 1.42965e-06 
1196.51 1.43568e-06 
1196.52 1.44161e-06 
1196.53 1.44744e-06 
1196.54 1.45316e-06 
1196.55 1.45876e-06 
1196.56 1.46425e-06 
1196.57 1.46962e-06 
1196.58 1.47486e-06 
1196.59 1.47997e-06 
1196.6 1.48495e-06 
1196.6 1.49071e-06 
1196.61 1.49542e-06 
1196.62 1.49997e-06 
1196.63 1.50437e-06 
1196.64 1.50862e-06 
1196.65 1.5127e-06 
1196.66 1.51662e-06 
1196.67 1.52038e-06 
1196.68 1.52395e-06 
1196.69 1.52735e-06 
1196.7 1.53057e-06 
1196.71 1.53359e-06 
1196.72 1.53643e-06 
1196.73 1.5391e-06 
1196.74 1.54153e-06 
1196.75 1.54376e-06 
1196.76 1.54578e-06 
1196.77 1.54759e-06 
1196.78 1.54917e-06 
1196.79 1.55054e-06 
1196.8 1.55168e-06 
1196.81 1.55259e-06 
1196.82 1.55326e-06 
1196.83 1.5537e-06 
1196.84 1.5539e-06 
1196.85 1.55385e-06 
1196.86 1.55356e-06 
1196.87 1.55302e-06 
1196.88 1.55222e-06 
1196.89 1.55117e-06 
1196.9 1.54987e-06 
1196.91 1.5483e-06 
1196.92 1.54648e-06 
1196.93 1.54439e-06 
1196.94 1.54203e-06 
1196.95 1.53941e-06 
1196.96 1.53653e-06 
1196.97 1.53337e-06 
1196.98 1.52991e-06 
1196.99 1.52622e-06 
1197 1.52225e-06 
1197.01 1.51803e-06 
1197.02 1.51353e-06 
1197.03 1.50876e-06 
1197.03 1.50373e-06 
1197.04 1.49844e-06 
1197.05 1.49288e-06 
1197.06 1.48705e-06 
1197.07 1.48097e-06 
1197.08 1.47463e-06 
1197.09 1.46804e-06 
1197.1 1.46119e-06 
1197.11 1.45409e-06 
1197.12 1.44675e-06 
1197.13 1.43916e-06 
1197.14 1.43133e-06 
1197.15 1.42327e-06 
1197.16 1.41497e-06 
1197.17 1.40645e-06 
1197.18 1.39771e-06 
1197.19 1.38874e-06 
1197.2 1.37957e-06 
1197.21 1.37018e-06 
1197.22 1.3606e-06 
1197.23 1.35069e-06 
1197.24 1.34071e-06 
1197.25 1.33055e-06 
1197.26 1.32021e-06 
1197.27 1.30969e-06 
1197.28 1.29901e-06 
1197.29 1.28817e-06 
1197.3 1.27718e-06 
1197.31 1.26604e-06 
1197.32 1.25476e-06 
1197.33 1.24334e-06 
1197.34 1.2318e-06 
1197.35 1.22014e-06 
1197.36 1.20838e-06 
1197.37 1.1965e-06 
1197.38 1.18453e-06 
1197.39 1.17248e-06 
1197.4 1.16034e-06 
1197.41 1.14812e-06 
1197.42 1.13584e-06 
1197.43 1.1235e-06 
1197.44 1.11111e-06 
1197.45 1.09868e-06 
1197.45 1.0862e-06 
1197.46 1.0737e-06 
1197.47 1.06118e-06 
1197.48 1.04849e-06 
1197.49 1.03594e-06 
1197.5 1.0234e-06 
1197.51 1.01087e-06 
1197.52 9.98344e-07 
1197.53 9.85844e-07 
1197.54 9.73373e-07 
1197.55 9.60938e-07 
1197.56 9.48544e-07 
1197.57 9.36199e-07 
1197.58 9.23909e-07 
1197.59 9.1168e-07 
1197.6 8.99519e-07 
1197.61 8.87982e-07 
1197.62 8.75966e-07 
1197.63 8.64035e-07 
1197.64 8.52194e-07 
1197.65 8.40449e-07 
1197.66 8.28806e-07 
1197.67 8.17268e-07 
1197.68 8.05841e-07 
1197.69 7.94529e-07 
1197.7 7.83337e-07 
1197.71 7.7227e-07 
1197.72 7.6133e-07 
1197.73 7.50388e-07 
1197.74 7.39717e-07 
1197.75 7.29186e-07 
1197.76 7.18796e-07 
1197.77 7.08552e-07 
1197.78 6.98456e-07 
1197.79 6.88511e-07 
1197.8 6.78718e-07 
1197.81 6.69081e-07 
1197.82 6.596e-07 
1197.83 6.50278e-07 
1197.84 6.41117e-07 
1197.85 6.32118e-07 
1197.86 6.23281e-07 
1197.87 6.14608e-07 
1197.88 6.06099e-07 
1197.88 5.97756e-07 
1197.89 5.89578e-07 
1197.9 5.81565e-07 
1197.91 5.73718e-07 
1197.92 5.66036e-07 
1197.93 5.58519e-07 
1197.94 5.51167e-07 
1197.95 5.43978e-07 
1197.96 5.36952e-07 
1197.97 5.30087e-07 
1197.98 5.233e-07 
1197.99 5.16757e-07 
1198 5.10371e-07 
1198.01 5.04141e-07 
1198.02 4.98066e-07 
1198.03 4.92142e-07 
1198.04 4.86369e-07 
1198.05 4.80743e-07 
1198.06 4.75263e-07 
1198.07 4.69927e-07 
1198.08 4.64732e-07 
1198.09 4.59675e-07 
1198.1 4.54753e-07 
1198.11 4.49965e-07 
1198.12 4.45308e-07 
1198.13 4.40777e-07 
1198.14 4.36372e-07 
1198.15 4.32088e-07 
1198.16 4.27924e-07 
1198.17 4.23875e-07 
1198.18 4.1994e-07 
1198.19 4.16114e-07 
1198.2 4.12395e-07 
1198.21 4.08781e-07 
1198.22 4.05268e-07 
1198.23 4.01811e-07 
1198.24 3.98493e-07 
1198.25 3.95268e-07 
1198.26 3.92132e-07 
1198.27 3.89084e-07 
1198.28 3.8612e-07 
1198.29 3.83238e-07 
1198.3 3.80436e-07 
1198.3 3.77712e-07 
1198.31 3.75062e-07 
1198.32 3.72485e-07 
1198.33 3.6998e-07 
1198.34 3.67544e-07 
1198.35 3.65176e-07 
1198.36 3.62874e-07 
1198.37 3.60637e-07 
1198.38 3.58464e-07 
1198.39 3.56354e-07 
1198.4 3.54307e-07 
1198.41 3.52322e-07 
1198.42 3.50398e-07 
1198.43 3.48537e-07 
1198.44 3.46738e-07 
1198.45 3.45002e-07 
1198.46 3.4333e-07 
1198.47 3.41723e-07 
1198.48 3.40164e-07 
1198.49 3.38694e-07 
1198.5 3.37294e-07 
1198.51 3.35968e-07 
1198.52 3.34719e-07 
1198.53 3.33549e-07 
1198.54 3.32463e-07 
1198.55 3.31465e-07 
1198.56 3.3056e-07 
1198.57 3.29752e-07 
1198.58 3.29048e-07 
1198.59 3.28453e-07 
1198.6 3.27973e-07 
1198.61 3.2782e-07 
1198.62 3.27593e-07 
1198.63 3.27504e-07 
1198.64 3.27563e-07 
1198.65 3.27777e-07 
1198.66 3.28157e-07 
1198.67 3.28713e-07 
1198.68 3.29456e-07 
1198.69 3.30398e-07 
1198.7 3.31549e-07 
1198.71 3.32924e-07 
1198.72 3.34535e-07 
1198.73 3.36422e-07 
1198.73 3.38551e-07 
1198.74 3.40961e-07 
1198.75 3.43666e-07 
1198.76 3.46684e-07 
1198.77 3.50032e-07 
1198.78 3.53726e-07 
1198.79 3.57787e-07 
1198.8 3.62232e-07 
1198.81 3.67081e-07 
1198.82 3.72355e-07 
1198.83 3.78075e-07 
1198.84 3.84261e-07 
1198.85 3.90935e-07 
1198.86 3.98122e-07 
1198.87 4.05843e-07 
1198.88 4.14122e-07 
1198.89 4.22983e-07 
1198.9 4.32451e-07 
1198.91 4.42551e-07 
1198.92 4.53308e-07 
1198.93 4.64748e-07 
1198.94 4.76897e-07 
1198.95 4.89781e-07 
1198.96 5.03428e-07 
1198.97 5.17863e-07 
1198.98 5.3331e-07 
1198.99 5.49414e-07 
1199 5.66388e-07 
1199.01 5.84259e-07 
1199.02 6.03053e-07 
1199.03 6.22797e-07 
1199.04 6.43518e-07 
1199.05 6.65242e-07 
1199.06 6.87993e-07 
1199.07 7.11798e-07 
1199.08 7.3668e-07 
1199.09 7.62665e-07 
1199.1 7.89773e-07 
1199.11 8.18029e-07 
1199.12 8.47453e-07 
1199.13 8.78066e-07 
1199.14 9.09887e-07 
1199.15 9.42934e-07 
1199.15 9.77223e-07 
1199.16 1.01277e-06 
1199.17 1.04959e-06 
1199.18 1.08769e-06 
1199.19 1.12709e-06 
1199.2 1.16779e-06 
1199.21 1.2098e-06 
1199.22 1.25368e-06 
1199.23 1.29832e-06 
1199.24 1.3443e-06 
1199.25 1.39159e-06 
1199.26 1.44019e-06 
1199.27 1.49009e-06 
1199.28 1.54129e-06 
1199.29 1.59377e-06 
1199.3 1.64752e-06 
1199.31 1.70252e-06 
1199.32 1.75875e-06 
1199.33 1.8162e-06 
1199.34 1.87482e-06 
1199.35 1.93459e-06 
1199.36 1.99549e-06 
1199.37 2.05748e-06 
1199.38 2.12051e-06 
1199.39 2.18455e-06 
1199.4 2.24955e-06 
1199.41 2.31547e-06 
1199.42 2.38226e-06 
1199.43 2.44986e-06 
1199.44 2.51822e-06 
1199.45 2.58727e-06 
1199.46 2.65696e-06 
1199.47 2.72722e-06 
1199.48 2.79887e-06 
1199.49 2.87007e-06 
1199.5 2.94163e-06 
1199.51 3.01347e-06 
1199.52 3.08551e-06 
1199.53 3.15769e-06 
1199.54 3.2299e-06 
1199.55 3.30207e-06 
1199.56 3.37411e-06 
1199.57 3.44593e-06 
1199.58 3.51745e-06 
1199.58 3.58857e-06 
1199.59 3.6592e-06 
1199.6 3.72925e-06 
1199.61 3.80098e-06 
1199.62 3.86963e-06 
1199.63 3.9374e-06 
1199.64 4.00422e-06 
1199.65 4.06997e-06 
1199.66 4.13458e-06 
1199.67 4.19793e-06 
1199.68 4.25995e-06 
1199.69 4.32053e-06 
1199.7 4.37958e-06 
1199.71 4.43701e-06 
1199.72 4.49274e-06 
1199.73 4.54733e-06 
1199.74 4.59936e-06 
1199.75 4.64943e-06 
1199.76 4.69745e-06 
1199.77 4.74335e-06 
1199.78 4.78705e-06 
1199.79 4.82848e-06 
1199.8 4.86758e-06 
1199.81 4.90427e-06 
1199.82 4.93849e-06 
1199.83 4.97019e-06 
1199.84 4.99931e-06 
1199.85 5.0258e-06 
1199.86 5.04962e-06 
1199.87 5.07072e-06 
1199.88 5.08908e-06 
1199.89 5.10464e-06 
1199.9 5.1174e-06 
1199.91 5.12732e-06 
1199.92 5.13438e-06 
1199.93 5.13858e-06 
1199.94 5.1399e-06 
1199.95 5.13835e-06 
1199.96 5.13391e-06 
1199.97 5.1266e-06 
1199.98 5.11627e-06 
1199.99 5.10324e-06 
1200 5.08737e-06 
1200.01 5.06871e-06 
1200.01 5.04727e-06 
1200.02 5.0231e-06 
1200.03 4.99624e-06 
1200.04 4.96672e-06 
1200.05 4.93461e-06 
1200.06 4.89995e-06 
1200.07 4.86279e-06 
1200.08 4.8232e-06 
1200.09 4.78124e-06 
1200.1 4.73698e-06 
1200.11 4.69048e-06 
1200.12 4.64183e-06 
1200.13 4.59109e-06 
1200.14 4.53835e-06 
1200.15 4.48369e-06 
1200.16 4.42719e-06 
1200.17 4.36895e-06 
1200.18 4.30903e-06 
1200.19 4.24755e-06 
1200.2 4.18458e-06 
1200.21 4.12022e-06 
1200.22 4.05456e-06 
1200.23 3.98686e-06 
1200.24 3.91888e-06 
1200.25 3.84988e-06 
1200.26 3.77997e-06 
1200.27 3.70923e-06 
1200.28 3.63776e-06 
1200.29 3.56566e-06 
1200.3 3.49301e-06 
1200.31 3.41992e-06 
1200.32 3.34646e-06 
1200.33 3.27273e-06 
1200.34 3.19883e-06 
1200.35 3.12482e-06 
1200.36 3.05081e-06 
1200.37 2.97687e-06 
1200.38 2.90308e-06 
1200.39 2.82952e-06 
1200.4 2.75627e-06 
1200.41 2.6834e-06 
1200.42 2.61098e-06 
1200.43 2.53908e-06 
1200.43 2.46777e-06 
1200.44 2.39711e-06 
1200.45 2.32715e-06 
1200.46 2.25796e-06 
1200.47 2.18959e-06 
1200.48 2.12126e-06 
1200.49 2.05469e-06 
1200.5 1.98909e-06 
1200.51 1.9245e-06 
1200.52 1.86095e-06 
1200.53 1.79848e-06 
1200.54 1.73713e-06 
1200.55 1.67693e-06 
1200.56 1.61789e-06 
1200.57 1.56006e-06 
1200.58 1.50344e-06 
1200.59 1.44806e-06 
1200.6 1.39393e-06 
1200.61 1.3419e-06 
1200.62 1.29028e-06 
1200.63 1.23994e-06 
1200.64 1.1909e-06 
1200.65 1.14315e-06 
1200.66 1.09669e-06 
1200.67 1.05153e-06 
1200.68 1.00766e-06 
1200.69 9.65073e-07 
1200.7 9.23764e-07 
1200.71 8.83724e-07 
1200.72 8.44942e-07 
1200.73 8.06944e-07 
1200.74 7.70655e-07 
1200.75 7.35581e-07 
1200.76 7.01708e-07 
1200.77 6.69016e-07 
1200.78 6.37487e-07 
1200.79 6.07101e-07 
1200.8 5.77836e-07 
1200.81 5.49672e-07 
1200.82 5.22584e-07 
1200.83 4.96552e-07 
1200.84 4.71549e-07 
1200.85 4.47552e-07 
1200.85 4.24537e-07 
1200.86 4.02477e-07 
1200.87 3.81349e-07 
1200.88 3.61125e-07 
1200.89 3.41781e-07 
1200.9 3.2329e-07 
1200.91 3.05627e-07 
1200.92 2.88765e-07 
1200.93 2.7268e-07 
1200.94 2.57345e-07 
1200.95 2.42736e-07 
1200.96 2.28826e-07 
1200.97 2.15592e-07 
1200.98 2.02855e-07 
1200.99 1.90906e-07 
1201 1.79559e-07 
1201.01 1.68791e-07 
1201.02 1.58579e-07 
1201.03 1.489e-07 
1201.04 1.39734e-07 
1201.05 1.31057e-07 
1201.06 1.2285e-07 
1201.07 1.15092e-07 
1201.08 1.07763e-07 
1201.09 1.00844e-07 
1201.1 9.43152e-08 
1201.11 8.81595e-08 
1201.12 8.23591e-08 
1201.13 7.68968e-08 
1201.14 7.17563e-08 
1201.15 6.69215e-08 
1201.16 6.23773e-08 
1201.17 5.81088e-08 
1201.18 5.41018e-08 
1201.19 5.03426e-08 
1201.2 4.68182e-08 
1201.21 4.35159e-08 
1201.22 4.04237e-08 
1201.23 3.74951e-08 
1201.24 3.47911e-08 
1201.25 3.22639e-08 
1201.26 2.99034e-08 
1201.27 2.76999e-08 
1201.28 2.56443e-08 
1201.28 2.37278e-08 
1201.29 2.19421e-08 
1201.3 2.02794e-08 
1201.31 1.87321e-08 
1201.32 1.7293e-08 
1201.33 1.59555e-08 
1201.34 1.47131e-08 
1201.35 1.35598e-08 
1201.36 1.24899e-08 
1201.37 1.14978e-08 
1201.38 1.05786e-08 
1201.39 9.72738e-09 
1201.4 8.93959e-09 
1201.41 8.21096e-09 
1201.42 7.53746e-09 
1201.43 6.91529e-09 
1201.44 6.3409e-09 
1201.45 5.81093e-09 
1201.46 5.32224e-09 
1201.47 4.8719e-09 
1201.48 4.45218e-09 
1201.49 4.07082e-09 
1201.5 3.72003e-09 
1201.51 3.39755e-09 
1201.52 3.10127e-09 
1201.53 2.82923e-09 
1201.54 2.57959e-09 
1201.55 2.35065e-09 
1201.56 2.14082e-09 
1201.57 1.94862e-09 
1201.58 1.77267e-09 
1201.59 1.61169e-09 
1201.6 1.46451e-09 
1201.61 1.33084e-09 
1201.62 1.20794e-09 
1201.63 1.09577e-09 
1201.64 9.93456e-10 
1201.65 9.00185e-10 
1201.66 8.1521e-10 
1201.67 7.37839e-10 
1201.68 6.67434e-10 
1201.69 6.03406e-10 
1201.7 5.45212e-10 
1201.7 4.92352e-10 
1201.71 4.44366e-10 
1201.72 4.00313e-10 
1201.73 3.60887e-10 
1201.74 3.2516e-10 
1201.75 2.92804e-10 
1201.76 2.63519e-10 
1201.77 2.37029e-10 
1201.78 2.13081e-10 
1201.79 1.91445e-10 
1201.8 1.71908e-10 
1201.81 1.54278e-10 
1201.82 1.38378e-10 
1201.83 1.24046e-10 
1201.84 1.11136e-10 
1201.85 9.95135e-11 
1201.86 8.90559e-11 
1201.87 7.96523e-11 
1201.88 7.12013e-11 
1201.89 6.3611e-11 
1201.9 5.67978e-11 
1201.91 5.06857e-11 
1201.92 4.52057e-11 
1201.93 4.02955e-11 
1201.94 3.58983e-11 
1201.95 3.19629e-11 
1201.96 2.84428e-11 
1201.97 2.52961e-11 
1201.98 2.24517e-11 
1201.99 1.99451e-11 
1202 1.77083e-11 
1202.01 1.57135e-11 
1202.02 1.39356e-11 
1202.03 1.23518e-11 
1202.04 1.09419e-11 
1202.05 9.68738e-12 
1202.06 8.57188e-12 
1202.07 7.58054e-12 
1202.08 6.70006e-12 
1202.09 5.91851e-12 
1202.1 5.22517e-12 
1202.11 4.61045e-12 
1202.12 4.06575e-12 
1202.13 3.58337e-12 
1202.13 3.15645e-12 
1202.14 2.77882e-12 
1202.15 2.44498e-12 
1202.16 2.15004e-12 
1202.17 1.88961e-12 
1202.18 1.65978e-12 
1202.19 1.45709e-12 
1202.2 1.27842e-12 
1202.21 1.12103e-12 
1202.22 9.80939e-13 
1202.23 8.59108e-13 
1202.24 7.5206e-13 
1202.25 6.57978e-13 
1202.26 5.75341e-13 
1202.27 5.02798e-13 
1202.28 4.39154e-13 
1202.29 3.8335e-13 
1202.3 3.34447e-13 
1202.31 2.91618e-13 
1202.32 2.54131e-13 
1202.33 2.21337e-13 
1202.34 1.92666e-13 
1202.35 1.67614e-13 
1202.36 1.45738e-13 
1202.37 1.26645e-13 
1202.38 1.09991e-13 
1202.39 9.54735e-14 
1202.4 8.28252e-14 
1202.41 7.1812e-14 
1202.42 6.22281e-14 
1202.43 5.38928e-14 
1202.44 4.66476e-14 
1202.45 4.03537e-14 
1202.46 3.48892e-14 
1202.47 3.01477e-14 
1202.48 2.59882e-14 
1202.49 2.24308e-14 
1202.5 1.93495e-14 
1202.51 1.66821e-14 
1202.52 1.43742e-14 
1202.53 1.23787e-14 
1202.54 1.06541e-14 
1202.55 9.16469e-15 
1202.56 7.87902e-15 
1202.56 6.76989e-15 
1202.57 5.81361e-15 
1202.58 4.98959e-15 
1202.59 4.27996e-15 
1202.6 3.66918e-15 
1202.61 3.14574e-15 
1202.62 2.69378e-15 
1202.63 2.30545e-15 
1202.64 1.972e-15 
1202.65 1.68582e-15 
1202.66 1.44036e-15 
1202.67 1.22995e-15 
1202.68 1.04968e-15 
1202.69 8.95334e-16 
1202.7 7.6325e-16 
1202.71 6.50285e-16 
1202.72 5.53728e-16 
1202.73 4.70292e-16 
1202.74 4.00007e-16 
1202.75 3.40035e-16 
1202.76 2.88892e-16 
1202.77 2.45303e-16 
1202.78 2.08174e-16 
1202.79 1.76566e-16 
1202.8 1.49672e-16 
1202.81 1.26804e-16 
1202.82 1.07369e-16 
1202.83 9.08621e-17 
1202.84 7.68497e-17 
1202.85 6.49618e-17 
1202.86 5.48821e-17 
1202.87 4.63404e-17 
1202.88 3.91061e-17 
1202.89 3.29828e-17 
1202.9 2.78027e-17 
1202.91 2.3423e-17 
1202.92 1.97222e-17 
1202.93 1.65969e-17 
1202.94 1.3959e-17 
1202.95 1.17338e-17 
1202.96 9.85787e-18 
1202.97 8.27721e-18 
1202.98 6.94614e-18 
1202.98 5.81306e-18 
1202.99 4.87279e-18 
1203 4.08235e-18 
1203.01 3.41823e-18 
1203.02 2.86056e-18 
1203.03 2.39255e-18 
1203.04 2e-18 
1203.05 1.67094e-18 
1203.06 1.39525e-18 
1203.07 1.1644e-18 
1203.08 9.71213e-19 
1203.09 8.09634e-19 
1203.1 6.74567e-19 
1203.11 5.61725e-19 
1203.12 4.67504e-19 
1203.13 3.88875e-19 
1203.14 3.23295e-19 
1203.15 2.68629e-19 
1203.16 2.23085e-19 
1203.17 1.85164e-19 
1203.18 1.53606e-19 
1203.19 1.27358e-19 
1203.2 1.05539e-19 
1203.21 8.74113e-20 
1203.22 7.2359e-20 
1203.23 5.97253e-20 
1203.24 4.93882e-20 
1203.25 4.08189e-20 
1203.26 3.37188e-20 
1203.27 2.78394e-20 
1203.28 2.29733e-20 
1203.29 1.89481e-20 
1203.3 1.56202e-20 
1203.31 1.28703e-20 
1203.32 1.05992e-20 
1203.33 8.7245e-21 
1203.34 7.17788e-21 
1203.35 5.90255e-21 
1203.36 4.85148e-21 
1203.37 3.98567e-21 
1203.38 3.27283e-21 
1203.39 2.68624e-21 
1203.4 2.20377e-21 
1203.41 1.80714e-21 
1203.41 1.48123e-21 
1203.42 1.21357e-21 
1203.43 9.93853e-22 
1203.44 8.13573e-22 
1203.45 6.65722e-22 
1203.46 5.44521e-22 
1203.47 4.45213e-22 
1203.48 3.62961e-22 
1203.49 2.96543e-22 
1203.5 2.42193e-22 
1203.51 1.97737e-22 
1203.52 1.61389e-22 
1203.53 1.31681e-22 
1203.54 1.0741e-22 
1203.55 8.75887e-23 
1203.56 7.14064e-23 
1203.57 5.81999e-23 
1203.58 4.74254e-23 
1203.59 3.86379e-23 
1203.6 3.1473e-23 
1203.61 2.56487e-23 
1203.62 2.08866e-23 
1203.63 1.70069e-23 
1203.64 1.38468e-23 
1203.65 1.12733e-23 
1203.66 9.17797e-24 
1203.67 7.47215e-24 
1203.68 6.08364e-24 
1203.69 4.95353e-24 
1203.7 4.03379e-24 
1203.71 3.2853e-24 
1203.72 2.67617e-24 
1203.73 2.17489e-24 
1203.74 1.77249e-24 
1203.75 1.44497e-24 
1203.76 1.17836e-24 
1203.77 9.61298e-25 
1203.78 7.84544e-25 
1203.79 6.40579e-25 
1203.8 5.23288e-25 
1203.81 4.277e-25 
1203.82 3.49771e-25 
1203.83 2.86214e-25 
1203.83 2.34356e-25 
1203.84 1.92024e-25 
1203.85 1.5745e-25 
1203.86 1.29196e-25 
1203.87 1.06094e-25 
1203.88 8.71923e-26 
1203.89 7.17168e-26 
1203.9 5.90375e-26 
1203.91 4.86416e-26 
1203.92 4.01112e-26 
1203.93 3.31061e-26 
1203.94 2.73488e-26 
1203.95 2.26129e-26 
1203.96 1.87139e-26 
1203.97 1.55011e-26 
1203.98 1.28212e-26 
1203.99 1.06389e-26 
1204 8.83575e-27 
1204.01 7.34444e-27 
1204.02 6.10991e-27 
1204.03 5.08702e-27 
1204.04 4.23871e-27 
1204.05 3.53456e-27 
1204.06 2.94955e-27 
1204.07 2.4631e-27 
1204.08 2.05826e-27 
1204.09 1.72106e-27 
1204.1 1.43999e-27 
1204.11 1.2055e-27 
1204.12 1.00975e-27 
1204.13 8.46209e-28 
1204.14 7.0949e-28 
1204.15 5.95121e-28 
1204.16 4.99388e-28 
1204.17 4.1921e-28 
1204.18 3.52023e-28 
1204.19 2.95694e-28 
1204.2 2.48446e-28 
1204.21 2.08798e-28 
1204.22 1.75514e-28 
1204.23 1.47244e-28 
1204.24 1.23814e-28 
1204.25 1.04127e-28 
1204.26 8.75787e-29 
1204.26 7.36663e-29 
1204.27 6.19676e-29 
1204.28 5.21285e-29 
1204.29 4.38524e-29 
1204.3 3.68899e-29 
1204.31 3.10322e-29 
1204.32 2.61035e-29 
1204.33 2.19564e-29 
1204.34 1.84668e-29 
1204.35 1.55304e-29 
1204.36 1.30596e-29 
1204.37 1.09806e-29 
1204.38 9.23145e-30 
1204.39 7.75983e-30 
1204.4 6.52183e-30 
1204.41 5.48048e-30 
1204.42 4.60462e-30 
1204.43 3.86806e-30 
1204.44 3.24871e-30 
1204.45 2.72801e-30 
1204.46 2.29031e-30 
1204.47 1.92245e-30 
1204.48 1.60979e-30 
1204.49 1.35064e-30 
1204.5 1.13296e-30 
1204.51 9.50148e-31 
1204.52 7.96648e-31 
1204.53 6.67789e-31 
1204.54 5.59638e-31 
1204.55 4.68889e-31 
1204.56 3.92758e-31 
1204.57 3.28906e-31 
1204.58 2.75365e-31 
1204.59 2.30481e-31 
1204.6 1.92863e-31 
1204.61 1.61343e-31 
1204.62 1.35023e-31 
1204.63 1.12897e-31 
1204.64 9.4371e-32 
1204.65 7.88643e-32 
1204.66 6.58879e-32 
1204.67 5.50318e-32 
1204.68 4.59519e-32 
1204.68 3.83597e-32 
1204.69 3.20132e-32 
1204.7 2.67093e-32 
1204.71 2.2278e-32 
1204.72 1.85346e-32 
1204.73 1.5451e-32 
1204.74 1.28768e-32 
1204.75 1.07285e-32 
1204.76 8.93615e-33 
1204.77 7.44114e-33 
1204.78 6.19451e-33 
1204.79 5.15528e-33 
1204.8 4.2892e-33 
1204.81 3.56762e-33 
1204.82 2.96659e-33 
1204.83 2.46612e-33 
1204.84 2.04951e-33 
1204.85 1.70279e-33 
1204.86 1.41433e-33 
1204.87 1.17441e-33 
1204.88 9.74904e-34 
1204.89 8.09063e-34 
1204.9 6.71244e-34 
1204.91 5.56744e-34 
1204.92 4.61644e-34 
1204.93 3.82679e-34 
1204.94 3.17132e-34 
1204.95 2.62738e-34 
1204.96 2.17611e-34 
1204.97 1.80184e-34 
1204.98 1.48799e-34 
1204.99 1.23137e-34 
1205 1.01871e-34 
1205.01 8.42539e-35 
1205.02 6.96637e-35 
1205.03 5.75836e-35 
1205.04 4.75848e-35 
1205.05 3.93109e-35 
1205.06 3.24665e-35 
1205.07 2.68061e-35 
1205.08 2.21263e-35 
1205.09 1.82582e-35 
1205.1 1.50621e-35 
1205.11 1.2422e-35 
1205.11 1.02417e-35 
1205.12 8.44163e-36 
1205.13 6.95599e-36 
1205.14 5.73017e-36 
1205.15 4.71903e-36 
1205.16 3.88521e-36 
1205.17 3.19781e-36 
1205.18 2.63127e-36 
1205.19 2.16449e-36 
1205.2 1.78001e-36 
1205.21 1.46341e-36 
1205.22 1.2001e-36 
1205.23 9.85855e-37 
1205.24 8.0981e-37 
1205.25 6.65012e-37 
1205.26 5.45949e-37 
1205.27 4.48075e-37 
1205.28 3.67643e-37 
1205.29 3.01562e-37 
1205.3 2.47289e-37 
1205.31 2.02726e-37 
1205.32 1.66146e-37 
1205.33 1.36127e-37 
1205.34 1.11501e-37 
1205.35 9.13033e-38 
1205.36 7.47432e-38 
1205.37 6.11692e-38 
1205.38 5.00461e-38 
1205.39 4.0934e-38 
1205.4 3.34714e-38 
1205.41 2.73615e-38 
1205.42 2.23606e-38 
1205.43 1.82684e-38 
1205.44 1.49209e-38 
1205.45 1.21834e-38 
1205.46 9.94523e-39 
1205.47 8.11594e-39 
1205.48 6.60599e-39 
1205.49 5.38651e-39 
1205.5 4.39196e-39 
1205.51 3.58002e-39 
1205.52 2.91735e-39 
1205.53 2.37667e-39 
1205.54 1.93564e-39 
1205.54 1.576e-39 
1205.55 1.28282e-39 
1205.56 1.04388e-39 
1205.57 8.49199e-40 
1205.58 6.90631e-40 
1205.59 5.61513e-40 
1205.6 4.56404e-40 
1205.61 3.71093e-40 
1205.62 3.01456e-40 
1205.63 2.44818e-40 
1205.64 1.98763e-40 
1205.65 1.61327e-40 
1205.66 1.30905e-40 
1205.67 1.06189e-40 
1205.68 8.61154e-41 
1205.69 6.98169e-41 
1205.7 5.65858e-41 
1205.71 4.58491e-41 
1205.72 3.71386e-41 
1205.73 2.99962e-41 
1205.74 2.42831e-41 
1205.75 1.96546e-41 
1205.76 1.59019e-41 
1205.77 1.28625e-41 
1205.78 1.04018e-41 
1205.79 8.40919e-42 
1205.8 6.7963e-42 
1205.81 5.49169e-42 
1205.82 4.43651e-42 
1205.83 3.58032e-42 
1205.84 2.89088e-42 
1205.85 2.33316e-42 
1205.86 1.88194e-42 
1205.87 1.51761e-42 
1205.88 1.22333e-42 
1205.89 9.86514e-43 
1205.9 7.95938e-43 
1205.91 6.40393e-43 
1205.92 5.15678e-43 
1205.93 4.14784e-43 
1205.94 3.33509e-43 
1205.95 2.70451e-43 
1205.96 2.17201e-43 
1205.96 1.73761e-43 
1205.97 1.38729e-43 
1205.98 1.12104e-43 
1205.99 8.96831e-44 
1206 7.14662e-44 
1206.01 5.74532e-44 
1206.02 4.62428e-44 
1206.03 3.78351e-44 
1206.04 2.94273e-44 
1206.05 2.38221e-44 
1206.06 1.82169e-44 
1206.07 1.54143e-44 
1206.08 1.26117e-44 
1206.09 9.80909e-45 
1206.1 8.40779e-45 
1206.11 7.00649e-45 
1206.12 5.60519e-45 
1206.13 4.2039e-45 
1206.14 2.8026e-45 
1206.15 2.8026e-45 
1206.16 2.8026e-45 
1206.17 2.8026e-45 
1206.18 1.4013e-45 
1206.19 1.4013e-45 
1206.2 1.4013e-45 
1206.21 1.4013e-45 
1206.22 0 
1206.23 0 
1206.24 0 
1206.25 0 
1206.26 0 
1206.27 0 
1206.28 0 
1206.29 0 
1206.3 0 
1206.31 0 
1206.32 0 
1206.33 0 
1206.34 0 
1206.35 0 
1206.36 0 
1206.37 0 
1206.38 0 
1206.39 0 
1206.39 0 
1206.4 0 
1206.41 0 
1206.42 0 
1206.43 0 
1206.44 0 
1206.45 0 
1206.46 0 
1206.47 0 
1206.48 0 
1206.49 0 
1206.5 0 
1206.51 0 
1206.52 0 
1206.53 0 
1206.54 0 
1206.55 0 
1206.56 0 
1206.57 0 
1206.58 0 
1206.59 0 
1206.6 0 
