#energy geo_1 
1186.6 7.67509e-07 
1186.61 7.67033e-07 
1186.62 7.66557e-07 
1186.63 7.66082e-07 
1186.64 7.65606e-07 
1186.65 7.65131e-07 
1186.66 7.64656e-07 
1186.67 7.64181e-07 
1186.68 7.63706e-07 
1186.69 7.63232e-07 
1186.7 7.62758e-07 
1186.71 7.62285e-07 
1186.72 7.6181e-07 
1186.73 7.61337e-07 
1186.74 7.60864e-07 
1186.75 7.60391e-07 
1186.76 7.59918e-07 
1186.77 7.59446e-07 
1186.78 7.58973e-07 
1186.79 7.58502e-07 
1186.8 7.5803e-07 
1186.81 7.57559e-07 
1186.81 7.57087e-07 
1186.82 7.56616e-07 
1186.83 7.56146e-07 
1186.84 7.55675e-07 
1186.85 7.55204e-07 
1186.86 7.54734e-07 
1186.87 7.54264e-07 
1186.88 7.53795e-07 
1186.89 7.53326e-07 
1186.9 7.52857e-07 
1186.91 7.52388e-07 
1186.92 7.5192e-07 
1186.93 7.51451e-07 
1186.94 7.50984e-07 
1186.95 7.50515e-07 
1186.96 7.50047e-07 
1186.97 7.4958e-07 
1186.98 7.49113e-07 
1186.99 7.48646e-07 
1187 7.48179e-07 
1187.01 7.47712e-07 
1187.02 7.47246e-07 
1187.03 7.46781e-07 
1187.04 7.46315e-07 
1187.05 7.45849e-07 
1187.06 7.45384e-07 
1187.07 7.4492e-07 
1187.08 7.44455e-07 
1187.09 7.4399e-07 
1187.1 7.43527e-07 
1187.11 7.43062e-07 
1187.12 7.42599e-07 
1187.13 7.42134e-07 
1187.14 7.41671e-07 
1187.15 7.41209e-07 
1187.16 7.40745e-07 
1187.17 7.40282e-07 
1187.18 7.3982e-07 
1187.19 7.39358e-07 
1187.2 7.38896e-07 
1187.21 7.38434e-07 
1187.22 7.37974e-07 
1187.23 7.37512e-07 
1187.24 7.37051e-07 
1187.24 7.36591e-07 
1187.25 7.3613e-07 
1187.26 7.3567e-07 
1187.27 7.3521e-07 
1187.28 7.34751e-07 
1187.29 7.34291e-07 
1187.3 7.33832e-07 
1187.31 7.33373e-07 
1187.32 7.32914e-07 
1187.33 7.32456e-07 
1187.34 7.31998e-07 
1187.35 7.31539e-07 
1187.36 7.31082e-07 
1187.37 7.30625e-07 
1187.38 7.30167e-07 
1187.39 7.29709e-07 
1187.4 7.29253e-07 
1187.41 7.28796e-07 
1187.42 7.2834e-07 
1187.43 7.27884e-07 
1187.44 7.27428e-07 
1187.45 7.26973e-07 
1187.46 7.26517e-07 
1187.47 7.26063e-07 
1187.48 7.25608e-07 
1187.49 7.25152e-07 
1187.5 7.24698e-07 
1187.51 7.24244e-07 
1187.52 7.23791e-07 
1187.53 7.23336e-07 
1187.54 7.22883e-07 
1187.55 7.22431e-07 
1187.56 7.21977e-07 
1187.57 7.21524e-07 
1187.58 7.21071e-07 
1187.59 7.20619e-07 
1187.6 7.20167e-07 
1187.61 7.20162e-07 
1187.62 7.1971e-07 
1187.63 7.19259e-07 
1187.64 7.18807e-07 
1187.65 7.18357e-07 
1187.66 7.17905e-07 
1187.66 7.17455e-07 
1187.67 7.17004e-07 
1187.68 7.16554e-07 
1187.69 7.16105e-07 
1187.7 7.15655e-07 
1187.71 7.15205e-07 
1187.72 7.14756e-07 
1187.73 7.14307e-07 
1187.74 7.13859e-07 
1187.75 7.1341e-07 
1187.76 7.12962e-07 
1187.77 7.12514e-07 
1187.78 7.12066e-07 
1187.79 7.11619e-07 
1187.8 7.11171e-07 
1187.81 7.10724e-07 
1187.82 7.10278e-07 
1187.83 7.09831e-07 
1187.84 7.09385e-07 
1187.85 7.08939e-07 
1187.86 7.08493e-07 
1187.87 7.08048e-07 
1187.88 7.07603e-07 
1187.89 7.07157e-07 
1187.9 7.06714e-07 
1187.91 7.06268e-07 
1187.92 7.05823e-07 
1187.93 7.0538e-07 
1187.94 7.04936e-07 
1187.95 7.04493e-07 
1187.96 7.04049e-07 
1187.97 7.03606e-07 
1187.98 7.03163e-07 
1187.99 7.02721e-07 
1188 7.02278e-07 
1188.01 7.01835e-07 
1188.02 7.01394e-07 
1188.03 7.00952e-07 
1188.04 7.00511e-07 
1188.05 7.00069e-07 
1188.06 6.99628e-07 
1188.07 6.99187e-07 
1188.08 6.98747e-07 
1188.09 6.98306e-07 
1188.09 6.97866e-07 
1188.1 6.97427e-07 
1188.11 6.96987e-07 
1188.12 6.96548e-07 
1188.13 6.96109e-07 
1188.14 6.9567e-07 
1188.15 6.95231e-07 
1188.16 6.94792e-07 
1188.17 6.94354e-07 
1188.18 6.93917e-07 
1188.19 6.93479e-07 
1188.2 6.93041e-07 
1188.21 6.92604e-07 
1188.22 6.92167e-07 
1188.23 6.9173e-07 
1188.24 6.91294e-07 
1188.25 6.90857e-07 
1188.26 6.90422e-07 
1188.27 6.89985e-07 
1188.28 6.8955e-07 
1188.29 6.89114e-07 
1188.3 6.88679e-07 
1188.31 6.88245e-07 
1188.32 6.8781e-07 
1188.33 6.87375e-07 
1188.34 6.86941e-07 
1188.35 6.86507e-07 
1188.36 6.86073e-07 
1188.37 6.8564e-07 
1188.38 6.85207e-07 
1188.39 6.84774e-07 
1188.4 6.8434e-07 
1188.41 6.83907e-07 
1188.42 6.83475e-07 
1188.43 6.83043e-07 
1188.44 6.82611e-07 
1188.45 6.8218e-07 
1188.46 6.81748e-07 
1188.47 6.81317e-07 
1188.48 6.80886e-07 
1188.49 6.80455e-07 
1188.5 6.80025e-07 
1188.51 6.79594e-07 
1188.52 6.79164e-07 
1188.52 6.78734e-07 
1188.53 6.78305e-07 
1188.54 6.77875e-07 
1188.55 6.77446e-07 
1188.56 6.77017e-07 
1188.57 6.76588e-07 
1188.58 6.7616e-07 
1188.59 6.75731e-07 
1188.6 6.75721e-07 
1188.61 6.75293e-07 
1188.62 6.74866e-07 
1188.63 6.74438e-07 
1188.64 6.7401e-07 
1188.65 6.73583e-07 
1188.66 6.73156e-07 
1188.67 6.72729e-07 
1188.68 6.72302e-07 
1188.69 6.71877e-07 
1188.7 6.7145e-07 
1188.71 6.71024e-07 
1188.72 6.70598e-07 
1188.73 6.70173e-07 
1188.74 6.69748e-07 
1188.75 6.69323e-07 
1188.76 6.68897e-07 
1188.77 6.68473e-07 
1188.78 6.68048e-07 
1188.79 6.67624e-07 
1188.8 6.67201e-07 
1188.81 6.66776e-07 
1188.82 6.66353e-07 
1188.83 6.6593e-07 
1188.84 6.65507e-07 
1188.85 6.65084e-07 
1188.86 6.64661e-07 
1188.87 6.64238e-07 
1188.88 6.63816e-07 
1188.89 6.63395e-07 
1188.9 6.62972e-07 
1188.91 6.62551e-07 
1188.92 6.62129e-07 
1188.93 6.61708e-07 
1188.94 6.61287e-07 
1188.94 6.60867e-07 
1188.95 6.60446e-07 
1188.96 6.60025e-07 
1188.97 6.59605e-07 
1188.98 6.59185e-07 
1188.99 6.58766e-07 
1189 6.58346e-07 
1189.01 6.57926e-07 
1189.02 6.57508e-07 
1189.03 6.57089e-07 
1189.04 6.5667e-07 
1189.05 6.56251e-07 
1189.06 6.55833e-07 
1189.07 6.55415e-07 
1189.08 6.54997e-07 
1189.09 6.54579e-07 
1189.1 6.54162e-07 
1189.11 6.53744e-07 
1189.12 6.53327e-07 
1189.13 6.52911e-07 
1189.14 6.52494e-07 
1189.15 6.52077e-07 
1189.16 6.51661e-07 
1189.17 6.51244e-07 
1189.18 6.50828e-07 
1189.19 6.50412e-07 
1189.2 6.49997e-07 
1189.21 6.49581e-07 
1189.22 6.49166e-07 
1189.23 6.48751e-07 
1189.24 6.48336e-07 
1189.25 6.47922e-07 
1189.26 6.47507e-07 
1189.27 6.47093e-07 
1189.28 6.46679e-07 
1189.29 6.46266e-07 
1189.3 6.45852e-07 
1189.31 6.45438e-07 
1189.32 6.45025e-07 
1189.33 6.44611e-07 
1189.34 6.44199e-07 
1189.35 6.43785e-07 
1189.36 6.43373e-07 
1189.36 6.42961e-07 
1189.37 6.42549e-07 
1189.38 6.42136e-07 
1189.39 6.41725e-07 
1189.4 6.41313e-07 
1189.41 6.40901e-07 
1189.42 6.40489e-07 
1189.43 6.40078e-07 
1189.44 6.39667e-07 
1189.45 6.39256e-07 
1189.46 6.38846e-07 
1189.47 6.38435e-07 
1189.48 6.38025e-07 
1189.49 6.37615e-07 
1189.5 6.37204e-07 
1189.51 6.36795e-07 
1189.52 6.36385e-07 
1189.53 6.35976e-07 
1189.54 6.35566e-07 
1189.55 6.35157e-07 
1189.56 6.34748e-07 
1189.57 6.3434e-07 
1189.58 6.3393e-07 
1189.59 6.33522e-07 
1189.6 6.33113e-07 
1189.61 6.33097e-07 
1189.62 6.32689e-07 
1189.63 6.3228e-07 
1189.64 6.31873e-07 
1189.65 6.31464e-07 
1189.66 6.31056e-07 
1189.67 6.30649e-07 
1189.68 6.30242e-07 
1189.69 6.29834e-07 
1189.7 6.29427e-07 
1189.71 6.2902e-07 
1189.72 6.28614e-07 
1189.73 6.28207e-07 
1189.74 6.27801e-07 
1189.75 6.27394e-07 
1189.76 6.26987e-07 
1189.77 6.26581e-07 
1189.78 6.26175e-07 
1189.79 6.2577e-07 
1189.79 6.25365e-07 
1189.8 6.24958e-07 
1189.81 6.24553e-07 
1189.82 6.24148e-07 
1189.83 6.23743e-07 
1189.84 6.23338e-07 
1189.85 6.22933e-07 
1189.86 6.22527e-07 
1189.87 6.22123e-07 
1189.88 6.21719e-07 
1189.89 6.21315e-07 
1189.9 6.2091e-07 
1189.91 6.20506e-07 
1189.92 6.20102e-07 
1189.93 6.19698e-07 
1189.94 6.19294e-07 
1189.95 6.18891e-07 
1189.96 6.18488e-07 
1189.97 6.18084e-07 
1189.98 6.17681e-07 
1189.99 6.17277e-07 
1190 6.16874e-07 
1190.01 6.16471e-07 
1190.02 6.16068e-07 
1190.03 6.15666e-07 
1190.04 6.15263e-07 
1190.05 6.14861e-07 
1190.06 6.14458e-07 
1190.07 6.14056e-07 
1190.08 6.13653e-07 
1190.09 6.13251e-07 
1190.1 6.12849e-07 
1190.11 6.12447e-07 
1190.12 6.12045e-07 
1190.13 6.11644e-07 
1190.14 6.11242e-07 
1190.15 6.1084e-07 
1190.16 6.10439e-07 
1190.17 6.10037e-07 
1190.18 6.09636e-07 
1190.19 6.09235e-07 
1190.2 6.08833e-07 
1190.21 6.08432e-07 
1190.21 6.08032e-07 
1190.22 6.07631e-07 
1190.23 6.0723e-07 
1190.24 6.06829e-07 
1190.25 6.06428e-07 
1190.26 6.06028e-07 
1190.27 6.05627e-07 
1190.28 6.05226e-07 
1190.29 6.04826e-07 
1190.3 6.04426e-07 
1190.31 6.04026e-07 
1190.32 6.03625e-07 
1190.33 6.03225e-07 
1190.34 6.02825e-07 
1190.35 6.02424e-07 
1190.36 6.02024e-07 
1190.37 6.01625e-07 
1190.38 6.01225e-07 
1190.39 6.00824e-07 
1190.4 6.00425e-07 
1190.41 6.00025e-07 
1190.42 5.99625e-07 
1190.43 5.99226e-07 
1190.44 5.98826e-07 
1190.45 5.98426e-07 
1190.46 5.98028e-07 
1190.47 5.97628e-07 
1190.48 5.97228e-07 
1190.49 5.96829e-07 
1190.5 5.96429e-07 
1190.51 5.9603e-07 
1190.52 5.95631e-07 
1190.53 5.95231e-07 
1190.54 5.94831e-07 
1190.55 5.94432e-07 
1190.56 5.94033e-07 
1190.57 5.93633e-07 
1190.58 5.93234e-07 
1190.59 5.92835e-07 
1190.6 5.92436e-07 
1190.61 5.92402e-07 
1190.62 5.92003e-07 
1190.63 5.91603e-07 
1190.64 5.91204e-07 
1190.64 5.90805e-07 
1190.65 5.90405e-07 
1190.66 5.90005e-07 
1190.67 5.89605e-07 
1190.68 5.89206e-07 
1190.69 5.88807e-07 
1190.7 5.88407e-07 
1190.71 5.88007e-07 
1190.72 5.87608e-07 
1190.73 5.87208e-07 
1190.74 5.86809e-07 
1190.75 5.86409e-07 
1190.76 5.86009e-07 
1190.77 5.85609e-07 
1190.78 5.8521e-07 
1190.79 5.8481e-07 
1190.8 5.8441e-07 
1190.81 5.84011e-07 
1190.82 5.8361e-07 
1190.83 5.8321e-07 
1190.84 5.8281e-07 
1190.85 5.8241e-07 
1190.86 5.8201e-07 
1190.87 5.8161e-07 
1190.88 5.81209e-07 
1190.89 5.80809e-07 
1190.9 5.80409e-07 
1190.91 5.80009e-07 
1190.92 5.79608e-07 
1190.93 5.79208e-07 
1190.94 5.78807e-07 
1190.95 5.78407e-07 
1190.96 5.78006e-07 
1190.97 5.77605e-07 
1190.98 5.77204e-07 
1190.99 5.76803e-07 
1191 5.76402e-07 
1191.01 5.76001e-07 
1191.02 5.756e-07 
1191.03 5.75198e-07 
1191.04 5.74797e-07 
1191.05 5.74395e-07 
1191.06 5.73993e-07 
1191.07 5.73592e-07 
1191.07 5.7319e-07 
1191.08 5.72787e-07 
1191.09 5.72386e-07 
1191.1 5.71984e-07 
1191.11 5.71582e-07 
1191.12 5.71179e-07 
1191.13 5.70777e-07 
1191.14 5.70374e-07 
1191.15 5.69971e-07 
1191.16 5.69568e-07 
1191.17 5.69165e-07 
1191.18 5.68762e-07 
1191.19 5.68358e-07 
1191.2 5.67955e-07 
1191.21 5.67551e-07 
1191.22 5.67147e-07 
1191.23 5.66744e-07 
1191.24 5.66339e-07 
1191.25 5.65934e-07 
1191.26 5.6553e-07 
1191.27 5.65126e-07 
1191.28 5.64721e-07 
1191.29 5.64316e-07 
1191.3 5.63912e-07 
1191.31 5.63506e-07 
1191.32 5.63101e-07 
1191.33 5.62695e-07 
1191.34 5.62289e-07 
1191.35 5.61883e-07 
1191.36 5.61477e-07 
1191.37 5.6107e-07 
1191.38 5.60664e-07 
1191.39 5.60257e-07 
1191.4 5.5985e-07 
1191.41 5.59443e-07 
1191.42 5.59035e-07 
1191.43 5.58628e-07 
1191.44 5.5822e-07 
1191.45 5.57812e-07 
1191.46 5.57404e-07 
1191.47 5.56995e-07 
1191.48 5.56587e-07 
1191.49 5.56178e-07 
1191.49 5.55768e-07 
1191.5 5.55359e-07 
1191.51 5.54949e-07 
1191.52 5.54539e-07 
1191.53 5.5413e-07 
1191.54 5.5372e-07 
1191.55 5.53308e-07 
1191.56 5.52897e-07 
1191.57 5.52486e-07 
1191.58 5.52074e-07 
1191.59 5.51663e-07 
1191.6 5.51592e-07 
1191.61 5.51179e-07 
1191.62 5.50766e-07 
1191.63 5.50353e-07 
1191.64 5.4994e-07 
1191.65 5.49526e-07 
1191.66 5.49112e-07 
1191.67 5.48698e-07 
1191.68 5.48283e-07 
1191.69 5.47868e-07 
1191.7 5.47453e-07 
1191.71 5.47038e-07 
1191.72 5.46622e-07 
1191.73 5.46206e-07 
1191.74 5.45789e-07 
1191.75 5.45372e-07 
1191.76 5.44955e-07 
1191.77 5.44538e-07 
1191.78 5.4412e-07 
1191.79 5.43702e-07 
1191.8 5.43284e-07 
1191.81 5.42865e-07 
1191.82 5.42446e-07 
1191.83 5.42026e-07 
1191.84 5.41606e-07 
1191.85 5.41185e-07 
1191.86 5.40765e-07 
1191.87 5.40344e-07 
1191.88 5.39922e-07 
1191.89 5.39501e-07 
1191.9 5.39079e-07 
1191.91 5.38656e-07 
1191.92 5.38233e-07 
1191.92 5.3781e-07 
1191.93 5.37386e-07 
1191.94 5.36962e-07 
1191.95 5.36538e-07 
1191.96 5.36113e-07 
1191.97 5.35688e-07 
1191.98 5.35262e-07 
1191.99 5.34836e-07 
1192 5.34409e-07 
1192.01 5.33982e-07 
1192.02 5.33554e-07 
1192.03 5.33126e-07 
1192.04 5.32698e-07 
1192.05 5.32269e-07 
1192.06 5.3184e-07 
1192.07 5.3141e-07 
1192.08 5.3098e-07 
1192.09 5.30549e-07 
1192.1 5.30118e-07 
1192.11 5.29687e-07 
1192.12 5.29255e-07 
1192.13 5.28822e-07 
1192.14 5.28389e-07 
1192.15 5.27955e-07 
1192.16 5.27521e-07 
1192.17 5.27087e-07 
1192.18 5.26652e-07 
1192.19 5.26216e-07 
1192.2 5.2578e-07 
1192.21 5.25343e-07 
1192.22 5.24906e-07 
1192.23 5.24468e-07 
1192.24 5.24031e-07 
1192.25 5.23592e-07 
1192.26 5.23153e-07 
1192.27 5.22713e-07 
1192.28 5.22273e-07 
1192.29 5.21832e-07 
1192.3 5.21391e-07 
1192.31 5.20949e-07 
1192.32 5.20506e-07 
1192.33 5.20063e-07 
1192.34 5.19619e-07 
1192.34 5.19175e-07 
1192.35 5.1873e-07 
1192.36 5.18285e-07 
1192.37 5.17839e-07 
1192.38 5.17392e-07 
1192.39 5.16945e-07 
1192.4 5.16497e-07 
1192.41 5.16049e-07 
1192.42 5.156e-07 
1192.43 5.1515e-07 
1192.44 5.147e-07 
1192.45 5.14249e-07 
1192.46 5.13797e-07 
1192.47 5.13346e-07 
1192.48 5.12892e-07 
1192.49 5.12439e-07 
1192.5 5.11985e-07 
1192.51 5.1153e-07 
1192.52 5.11075e-07 
1192.53 5.10619e-07 
1192.54 5.10162e-07 
1192.55 5.09705e-07 
1192.56 5.09247e-07 
1192.57 5.08787e-07 
1192.58 5.08328e-07 
1192.59 5.07868e-07 
1192.6 5.07407e-07 
1192.61 5.07258e-07 
1192.62 5.06795e-07 
1192.63 5.06332e-07 
1192.64 5.05868e-07 
1192.65 5.05403e-07 
1192.66 5.04938e-07 
1192.67 5.04471e-07 
1192.68 5.04004e-07 
1192.69 5.03537e-07 
1192.7 5.03068e-07 
1192.71 5.02599e-07 
1192.72 5.02129e-07 
1192.73 5.01659e-07 
1192.74 5.01187e-07 
1192.75 5.00716e-07 
1192.76 5.00242e-07 
1192.77 4.99768e-07 
1192.77 4.99293e-07 
1192.78 4.98818e-07 
1192.79 4.98342e-07 
1192.8 4.97865e-07 
1192.81 4.97387e-07 
1192.82 4.96908e-07 
1192.83 4.96429e-07 
1192.84 4.95949e-07 
1192.85 4.95468e-07 
1192.86 4.94986e-07 
1192.87 4.94503e-07 
1192.88 4.9402e-07 
1192.89 4.93535e-07 
1192.9 4.9305e-07 
1192.91 4.92564e-07 
1192.92 4.92077e-07 
1192.93 4.91589e-07 
1192.94 4.91101e-07 
1192.95 4.9061e-07 
1192.96 4.9012e-07 
1192.97 4.89629e-07 
1192.98 4.89137e-07 
1192.99 4.88644e-07 
1193 4.8815e-07 
1193.01 4.87655e-07 
1193.02 4.87159e-07 
1193.03 4.86662e-07 
1193.04 4.86164e-07 
1193.05 4.85666e-07 
1193.06 4.85166e-07 
1193.07 4.84666e-07 
1193.08 4.84164e-07 
1193.09 4.83662e-07 
1193.1 4.83159e-07 
1193.11 4.82654e-07 
1193.12 4.82149e-07 
1193.13 4.81643e-07 
1193.14 4.81136e-07 
1193.15 4.80627e-07 
1193.16 4.80119e-07 
1193.17 4.79608e-07 
1193.18 4.79097e-07 
1193.19 4.78585e-07 
1193.19 4.78072e-07 
1193.2 4.77557e-07 
1193.21 4.77043e-07 
1193.22 4.76526e-07 
1193.23 4.7601e-07 
1193.24 4.75491e-07 
1193.25 4.74972e-07 
1193.26 4.74451e-07 
1193.27 4.7393e-07 
1193.28 4.73408e-07 
1193.29 4.72885e-07 
1193.3 4.7236e-07 
1193.31 4.71835e-07 
1193.32 4.71308e-07 
1193.33 4.7078e-07 
1193.34 4.70251e-07 
1193.35 4.69721e-07 
1193.36 4.69191e-07 
1193.37 4.68659e-07 
1193.38 4.68125e-07 
1193.39 4.67591e-07 
1193.4 4.67056e-07 
1193.41 4.66519e-07 
1193.42 4.65982e-07 
1193.43 4.65443e-07 
1193.44 4.64903e-07 
1193.45 4.64362e-07 
1193.46 4.6382e-07 
1193.47 4.63277e-07 
1193.48 4.62733e-07 
1193.49 4.62187e-07 
1193.5 4.6164e-07 
1193.51 4.61093e-07 
1193.52 4.60544e-07 
1193.53 4.59993e-07 
1193.54 4.59442e-07 
1193.55 4.5889e-07 
1193.56 4.58336e-07 
1193.57 4.57781e-07 
1193.58 4.57225e-07 
1193.59 4.56667e-07 
1193.6 4.56109e-07 
1193.61 4.5583e-07 
1193.62 4.55269e-07 
1193.62 4.54706e-07 
1193.63 4.54143e-07 
1193.64 4.53578e-07 
1193.65 4.53011e-07 
1193.66 4.52444e-07 
1193.67 4.51875e-07 
1193.68 4.51305e-07 
1193.69 4.50734e-07 
1193.7 4.50162e-07 
1193.71 4.49588e-07 
1193.72 4.49013e-07 
1193.73 4.48437e-07 
1193.74 4.47859e-07 
1193.75 4.47281e-07 
1193.76 4.46701e-07 
1193.77 4.46119e-07 
1193.78 4.45536e-07 
1193.79 4.44952e-07 
1193.8 4.44367e-07 
1193.81 4.4378e-07 
1193.82 4.43193e-07 
1193.83 4.42603e-07 
1193.84 4.42013e-07 
1193.85 4.41421e-07 
1193.86 4.40827e-07 
1193.87 4.40233e-07 
1193.88 4.39637e-07 
1193.89 4.3904e-07 
1193.9 4.38441e-07 
1193.91 4.37841e-07 
1193.92 4.3724e-07 
1193.93 4.36638e-07 
1193.94 4.36033e-07 
1193.95 4.35428e-07 
1193.96 4.34821e-07 
1193.97 4.34213e-07 
1193.98 4.33604e-07 
1193.99 4.32993e-07 
1194 4.32381e-07 
1194.01 4.31767e-07 
1194.02 4.31152e-07 
1194.03 4.30536e-07 
1194.04 4.29918e-07 
1194.05 4.29299e-07 
1194.05 4.28678e-07 
1194.06 4.28056e-07 
1194.07 4.27433e-07 
1194.08 4.26808e-07 
1194.09 4.26181e-07 
1194.1 4.25554e-07 
1194.11 4.24925e-07 
1194.12 4.24294e-07 
1194.13 4.23662e-07 
1194.14 4.23029e-07 
1194.15 4.22394e-07 
1194.16 4.21758e-07 
1194.17 4.2112e-07 
1194.18 4.20481e-07 
1194.19 4.19841e-07 
1194.2 4.19199e-07 
1194.21 4.18556e-07 
1194.22 4.17911e-07 
1194.23 4.17265e-07 
1194.24 4.16618e-07 
1194.25 4.15969e-07 
1194.26 4.15318e-07 
1194.27 4.14667e-07 
1194.28 4.14014e-07 
1194.29 4.13359e-07 
1194.3 4.12703e-07 
1194.31 4.12046e-07 
1194.32 4.11387e-07 
1194.33 4.10727e-07 
1194.34 4.10066e-07 
1194.35 4.09403e-07 
1194.36 4.08739e-07 
1194.37 4.08074e-07 
1194.38 4.07407e-07 
1194.39 4.0674e-07 
1194.4 4.0607e-07 
1194.41 4.054e-07 
1194.42 4.04728e-07 
1194.43 4.04056e-07 
1194.44 4.03382e-07 
1194.45 4.02706e-07 
1194.46 4.0203e-07 
1194.47 4.01353e-07 
1194.47 4.00675e-07 
1194.48 3.99995e-07 
1194.49 3.99315e-07 
1194.5 3.98633e-07 
1194.51 3.97951e-07 
1194.52 3.97268e-07 
1194.53 3.96584e-07 
1194.54 3.95899e-07 
1194.55 3.95214e-07 
1194.56 3.94528e-07 
1194.57 3.93842e-07 
1194.58 3.93155e-07 
1194.59 3.92467e-07 
1194.6 3.91779e-07 
1194.61 3.91332e-07 
1194.62 3.90644e-07 
1194.63 3.89955e-07 
1194.64 3.89267e-07 
1194.65 3.88578e-07 
1194.66 3.8789e-07 
1194.67 3.87202e-07 
1194.68 3.86515e-07 
1194.69 3.85829e-07 
1194.7 3.85143e-07 
1194.71 3.84458e-07 
1194.72 3.83775e-07 
1194.73 3.83094e-07 
1194.74 3.82413e-07 
1194.75 3.81734e-07 
1194.76 3.81057e-07 
1194.77 3.80383e-07 
1194.78 3.79711e-07 
1194.79 3.79041e-07 
1194.8 3.78375e-07 
1194.81 3.77712e-07 
1194.82 3.77052e-07 
1194.83 3.76397e-07 
1194.84 3.75746e-07 
1194.85 3.75099e-07 
1194.86 3.74457e-07 
1194.87 3.73821e-07 
1194.88 3.7319e-07 
1194.89 3.72566e-07 
1194.9 3.71949e-07 
1194.9 3.71338e-07 
1194.91 3.70735e-07 
1194.92 3.70141e-07 
1194.93 3.69556e-07 
1194.94 3.6898e-07 
1194.95 3.68414e-07 
1194.96 3.67859e-07 
1194.97 3.67316e-07 
1194.98 3.66788e-07 
1194.99 3.66269e-07 
1195 3.65765e-07 
1195.01 3.65276e-07 
1195.02 3.64802e-07 
1195.03 3.64345e-07 
1195.04 3.63905e-07 
1195.05 3.63483e-07 
1195.06 3.63081e-07 
1195.07 3.627e-07 
1195.08 3.62341e-07 
1195.09 3.62005e-07 
1195.1 3.61693e-07 
1195.11 3.61407e-07 
1195.12 3.61147e-07 
1195.13 3.60917e-07 
1195.14 3.60716e-07 
1195.15 3.60548e-07 
1195.16 3.60412e-07 
1195.17 3.60311e-07 
1195.18 3.60247e-07 
1195.19 3.60222e-07 
1195.2 3.60238e-07 
1195.21 3.60295e-07 
1195.22 3.60398e-07 
1195.23 3.60559e-07 
1195.24 3.60758e-07 
1195.25 3.61008e-07 
1195.26 3.61312e-07 
1195.27 3.61672e-07 
1195.28 3.6209e-07 
1195.29 3.6257e-07 
1195.3 3.63115e-07 
1195.31 3.63726e-07 
1195.32 3.64407e-07 
1195.32 3.65162e-07 
1195.33 3.65992e-07 
1195.34 3.66902e-07 
1195.35 3.67895e-07 
1195.36 3.68974e-07 
1195.37 3.70143e-07 
1195.38 3.71405e-07 
1195.39 3.72765e-07 
1195.4 3.74225e-07 
1195.41 3.75791e-07 
1195.42 3.77465e-07 
1195.43 3.79254e-07 
1195.44 3.8116e-07 
1195.45 3.83188e-07 
1195.46 3.85342e-07 
1195.47 3.87628e-07 
1195.48 3.90092e-07 
1195.49 3.92656e-07 
1195.5 3.95367e-07 
1195.51 3.98229e-07 
1195.52 4.01247e-07 
1195.53 4.04426e-07 
1195.54 4.07773e-07 
1195.55 4.11293e-07 
1195.56 4.1499e-07 
1195.57 4.18871e-07 
1195.58 4.22942e-07 
1195.59 4.2721e-07 
1195.6 4.31678e-07 
1195.61 4.36623e-07 
1195.62 4.41516e-07 
1195.63 4.4663e-07 
1195.64 4.5197e-07 
1195.65 4.57544e-07 
1195.66 4.63358e-07 
1195.67 4.69418e-07 
1195.68 4.7573e-07 
1195.69 4.82303e-07 
1195.7 4.89142e-07 
1195.71 4.96254e-07 
1195.72 5.03646e-07 
1195.73 5.11434e-07 
1195.74 5.19411e-07 
1195.75 5.27688e-07 
1195.75 5.36273e-07 
1195.76 5.45172e-07 
1195.77 5.54394e-07 
1195.78 5.63942e-07 
1195.79 5.73827e-07 
1195.8 5.84054e-07 
1195.81 5.94629e-07 
1195.82 6.05559e-07 
1195.83 6.16853e-07 
1195.84 6.28513e-07 
1195.85 6.4055e-07 
1195.86 6.52968e-07 
1195.87 6.65774e-07 
1195.88 6.78973e-07 
1195.89 6.92573e-07 
1195.9 7.06578e-07 
1195.91 7.20995e-07 
1195.92 7.35827e-07 
1195.93 7.51083e-07 
1195.94 7.66766e-07 
1195.95 7.82881e-07 
1195.96 7.99433e-07 
1195.97 8.16427e-07 
1195.98 8.34098e-07 
1195.99 8.51992e-07 
1196 8.70339e-07 
1196.01 8.89141e-07 
1196.02 9.08404e-07 
1196.03 9.28128e-07 
1196.04 9.48317e-07 
1196.05 9.68972e-07 
1196.06 9.90097e-07 
1196.07 1.01169e-06 
1196.08 1.03375e-06 
1196.09 1.05628e-06 
1196.1 1.07929e-06 
1196.11 1.10276e-06 
1196.12 1.1267e-06 
1196.13 1.15111e-06 
1196.14 1.17599e-06 
1196.15 1.20133e-06 
1196.16 1.22713e-06 
1196.17 1.25339e-06 
1196.17 1.2801e-06 
1196.18 1.30727e-06 
1196.19 1.33487e-06 
1196.2 1.36292e-06 
1196.21 1.3914e-06 
1196.22 1.42068e-06 
1196.23 1.45001e-06 
1196.24 1.47975e-06 
1196.25 1.5099e-06 
1196.26 1.54044e-06 
1196.27 1.57136e-06 
1196.28 1.60266e-06 
1196.29 1.63433e-06 
1196.3 1.66635e-06 
1196.31 1.69871e-06 
1196.32 1.73141e-06 
1196.33 1.76441e-06 
1196.34 1.79773e-06 
1196.35 1.83132e-06 
1196.36 1.8652e-06 
1196.37 1.89933e-06 
1196.38 1.93371e-06 
1196.39 1.96831e-06 
1196.4 2.00312e-06 
1196.41 2.03812e-06 
1196.42 2.0733e-06 
1196.43 2.10864e-06 
1196.44 2.14411e-06 
1196.45 2.17969e-06 
1196.46 2.21538e-06 
1196.47 2.25114e-06 
1196.48 2.28741e-06 
1196.49 2.32326e-06 
1196.5 2.35911e-06 
1196.51 2.39496e-06 
1196.52 2.43078e-06 
1196.53 2.46654e-06 
1196.54 2.50222e-06 
1196.55 2.5378e-06 
1196.56 2.57325e-06 
1196.57 2.60855e-06 
1196.58 2.64367e-06 
1196.59 2.67859e-06 
1196.6 2.71329e-06 
1196.6 2.74943e-06 
1196.61 2.78362e-06 
1196.62 2.81752e-06 
1196.63 2.85108e-06 
1196.64 2.8843e-06 
1196.65 2.91714e-06 
1196.66 2.94958e-06 
1196.67 2.98159e-06 
1196.68 3.01315e-06 
1196.69 3.04424e-06 
1196.7 3.07482e-06 
1196.71 3.10487e-06 
1196.72 3.13438e-06 
1196.73 3.16367e-06 
1196.74 3.192e-06 
1196.75 3.21969e-06 
1196.76 3.24675e-06 
1196.77 3.27313e-06 
1196.78 3.29882e-06 
1196.79 3.3238e-06 
1196.8 3.34804e-06 
1196.81 3.37153e-06 
1196.82 3.39423e-06 
1196.83 3.41614e-06 
1196.84 3.43723e-06 
1196.85 3.45748e-06 
1196.86 3.47689e-06 
1196.87 3.49543e-06 
1196.88 3.51307e-06 
1196.89 3.5298e-06 
1196.9 3.54562e-06 
1196.91 3.56051e-06 
1196.92 3.57444e-06 
1196.93 3.58742e-06 
1196.94 3.59942e-06 
1196.95 3.61044e-06 
1196.96 3.62046e-06 
1196.97 3.62947e-06 
1196.98 3.63758e-06 
1196.99 3.64455e-06 
1197 3.65049e-06 
1197.01 3.65539e-06 
1197.02 3.65925e-06 
1197.03 3.66207e-06 
1197.03 3.66385e-06 
1197.04 3.66457e-06 
1197.05 3.66424e-06 
1197.06 3.66287e-06 
1197.07 3.66044e-06 
1197.08 3.65696e-06 
1197.09 3.65244e-06 
1197.1 3.64687e-06 
1197.11 3.64027e-06 
1197.12 3.63264e-06 
1197.13 3.62397e-06 
1197.14 3.61429e-06 
1197.15 3.6036e-06 
1197.16 3.5919e-06 
1197.17 3.57922e-06 
1197.18 3.56555e-06 
1197.19 3.55091e-06 
1197.2 3.53532e-06 
1197.21 3.51878e-06 
1197.22 3.50131e-06 
1197.23 3.4827e-06 
1197.24 3.46341e-06 
1197.25 3.44324e-06 
1197.26 3.4222e-06 
1197.27 3.40031e-06 
1197.28 3.3776e-06 
1197.29 3.35407e-06 
1197.3 3.32975e-06 
1197.31 3.30467e-06 
1197.32 3.27884e-06 
1197.33 3.25228e-06 
1197.34 3.22501e-06 
1197.35 3.19705e-06 
1197.36 3.16844e-06 
1197.37 3.1392e-06 
1197.38 3.10933e-06 
1197.39 3.07888e-06 
1197.4 3.04786e-06 
1197.41 3.0163e-06 
1197.42 2.98421e-06 
1197.43 2.95165e-06 
1197.44 2.9186e-06 
1197.45 2.88512e-06 
1197.45 2.85122e-06 
1197.46 2.81693e-06 
1197.47 2.78228e-06 
1197.48 2.74685e-06 
1197.49 2.71153e-06 
1197.5 2.67593e-06 
1197.51 2.64005e-06 
1197.52 2.60394e-06 
1197.53 2.56762e-06 
1197.54 2.53111e-06 
1197.55 2.49443e-06 
1197.56 2.45761e-06 
1197.57 2.42068e-06 
1197.58 2.38365e-06 
1197.59 2.34656e-06 
1197.6 2.30942e-06 
1197.61 2.27365e-06 
1197.62 2.23647e-06 
1197.63 2.19931e-06 
1197.64 2.1622e-06 
1197.65 2.12515e-06 
1197.66 2.08819e-06 
1197.67 2.05134e-06 
1197.68 2.01462e-06 
1197.69 1.97804e-06 
1197.7 1.94164e-06 
1197.71 1.90542e-06 
1197.72 1.8694e-06 
1197.73 1.83316e-06 
1197.74 1.79761e-06 
1197.75 1.76232e-06 
1197.76 1.72729e-06 
1197.77 1.69256e-06 
1197.78 1.65813e-06 
1197.79 1.62401e-06 
1197.8 1.59022e-06 
1197.81 1.55678e-06 
1197.82 1.52369e-06 
1197.83 1.49098e-06 
1197.84 1.45864e-06 
1197.85 1.42669e-06 
1197.86 1.39514e-06 
1197.87 1.364e-06 
1197.88 1.33329e-06 
1197.88 1.303e-06 
1197.89 1.27314e-06 
1197.9 1.24373e-06 
1197.91 1.21477e-06 
1197.92 1.18627e-06 
1197.93 1.15823e-06 
1197.94 1.13066e-06 
1197.95 1.10356e-06 
1197.96 1.07693e-06 
1197.97 1.05079e-06 
1197.98 1.02482e-06 
1197.99 9.99657e-07 
1198 9.74981e-07 
1198.01 9.50797e-07 
1198.02 9.27104e-07 
1198.03 9.03906e-07 
1198.04 8.81203e-07 
1198.05 8.58994e-07 
1198.06 8.3728e-07 
1198.07 8.16059e-07 
1198.08 7.95332e-07 
1198.09 7.75097e-07 
1198.1 7.55352e-07 
1198.11 7.36096e-07 
1198.12 7.17326e-07 
1198.13 6.9904e-07 
1198.14 6.81236e-07 
1198.15 6.6391e-07 
1198.16 6.47059e-07 
1198.17 6.3068e-07 
1198.18 6.14769e-07 
1198.19 5.99322e-07 
1198.2 5.84335e-07 
1198.21 5.69805e-07 
1198.22 5.55725e-07 
1198.23 5.41931e-07 
1198.24 5.28747e-07 
1198.25 5.16001e-07 
1198.26 5.03687e-07 
1198.27 4.91801e-07 
1198.28 4.80338e-07 
1198.29 4.69292e-07 
1198.3 4.58659e-07 
1198.3 4.48433e-07 
1198.31 4.38608e-07 
1198.32 4.2918e-07 
1198.33 4.20143e-07 
1198.34 4.11491e-07 
1198.35 4.0322e-07 
1198.36 3.95324e-07 
1198.37 3.87797e-07 
1198.38 3.80634e-07 
1198.39 3.7383e-07 
1198.4 3.6738e-07 
1198.41 3.61278e-07 
1198.42 3.55519e-07 
1198.43 3.50098e-07 
1198.44 3.4501e-07 
1198.45 3.40249e-07 
1198.46 3.35812e-07 
1198.47 3.31692e-07 
1198.48 3.27846e-07 
1198.49 3.24352e-07 
1198.5 3.21161e-07 
1198.51 3.1827e-07 
1198.52 3.15673e-07 
1198.53 3.13367e-07 
1198.54 3.11347e-07 
1198.55 3.09608e-07 
1198.56 3.08147e-07 
1198.57 3.0696e-07 
1198.58 3.06043e-07 
1198.59 3.05391e-07 
1198.6 3.05002e-07 
1198.61 3.05059e-07 
1198.62 3.05184e-07 
1198.63 3.0556e-07 
1198.64 3.06186e-07 
1198.65 3.07056e-07 
1198.66 3.08168e-07 
1198.67 3.0952e-07 
1198.68 3.11107e-07 
1198.69 3.12928e-07 
1198.7 3.14979e-07 
1198.71 3.17258e-07 
1198.72 3.19762e-07 
1198.73 3.22529e-07 
1198.73 3.25478e-07 
1198.74 3.28644e-07 
1198.75 3.32025e-07 
1198.76 3.3562e-07 
1198.77 3.39424e-07 
1198.78 3.43437e-07 
1198.79 3.47656e-07 
1198.8 3.52079e-07 
1198.81 3.56704e-07 
1198.82 3.61529e-07 
1198.83 3.66552e-07 
1198.84 3.71771e-07 
1198.85 3.77184e-07 
1198.86 3.82789e-07 
1198.87 3.88585e-07 
1198.88 3.94568e-07 
1198.89 4.00738e-07 
1198.9 4.07093e-07 
1198.91 4.1363e-07 
1198.92 4.20348e-07 
1198.93 4.27245e-07 
1198.94 4.34319e-07 
1198.95 4.41568e-07 
1198.96 4.4899e-07 
1198.97 4.56583e-07 
1198.98 4.64449e-07 
1198.99 4.72381e-07 
1199 4.80476e-07 
1199.01 4.88735e-07 
1199.02 4.97155e-07 
1199.03 5.05733e-07 
1199.04 5.14467e-07 
1199.05 5.23355e-07 
1199.06 5.32394e-07 
1199.07 5.41583e-07 
1199.08 5.50918e-07 
1199.09 5.60396e-07 
1199.1 5.70016e-07 
1199.11 5.79775e-07 
1199.12 5.89669e-07 
1199.13 5.99696e-07 
1199.14 6.09852e-07 
1199.15 6.20135e-07 
1199.15 6.30543e-07 
1199.16 6.4107e-07 
1199.17 6.51714e-07 
1199.18 6.62472e-07 
1199.19 6.73341e-07 
1199.2 6.84316e-07 
1199.21 6.95393e-07 
1199.22 7.06717e-07 
1199.23 7.17991e-07 
1199.24 7.29356e-07 
1199.25 7.40808e-07 
1199.26 7.52343e-07 
1199.27 7.63958e-07 
1199.28 7.75647e-07 
1199.29 7.87407e-07 
1199.3 7.99232e-07 
1199.31 8.11118e-07 
1199.32 8.23061e-07 
1199.33 8.35056e-07 
1199.34 8.47096e-07 
1199.35 8.5918e-07 
1199.36 8.713e-07 
1199.37 8.83452e-07 
1199.38 8.9563e-07 
1199.39 9.07831e-07 
1199.4 9.20047e-07 
1199.41 9.32274e-07 
1199.42 9.44507e-07 
1199.43 9.56739e-07 
1199.44 9.68965e-07 
1199.45 9.81181e-07 
1199.46 9.93379e-07 
1199.47 1.00555e-06 
1199.48 1.01786e-06 
1199.49 1.02997e-06 
1199.5 1.04204e-06 
1199.51 1.05407e-06 
1199.52 1.06604e-06 
1199.53 1.07796e-06 
1199.54 1.08981e-06 
1199.55 1.1016e-06 
1199.56 1.11331e-06 
1199.57 1.12493e-06 
1199.58 1.13647e-06 
1199.58 1.14792e-06 
1199.59 1.15927e-06 
1199.6 1.17051e-06 
1199.61 1.18237e-06 
1199.62 1.19339e-06 
1199.63 1.20429e-06 
1199.64 1.21506e-06 
1199.65 1.2257e-06 
1199.66 1.2362e-06 
1199.67 1.24656e-06 
1199.68 1.25676e-06 
1199.69 1.26681e-06 
1199.7 1.2767e-06 
1199.71 1.28643e-06 
1199.72 1.29598e-06 
1199.73 1.30548e-06 
1199.74 1.31467e-06 
1199.75 1.32368e-06 
1199.76 1.3325e-06 
1199.77 1.34112e-06 
1199.78 1.34954e-06 
1199.79 1.35776e-06 
1199.8 1.36578e-06 
1199.81 1.37358e-06 
1199.82 1.38116e-06 
1199.83 1.38853e-06 
1199.84 1.39567e-06 
1199.85 1.40259e-06 
1199.86 1.40928e-06 
1199.87 1.41574e-06 
1199.88 1.42196e-06 
1199.89 1.42794e-06 
1199.9 1.43369e-06 
1199.91 1.43919e-06 
1199.92 1.44445e-06 
1199.93 1.44946e-06 
1199.94 1.45422e-06 
1199.95 1.45873e-06 
1199.96 1.46299e-06 
1199.97 1.46701e-06 
1199.98 1.47081e-06 
1199.99 1.47432e-06 
1200 1.47756e-06 
1200.01 1.48056e-06 
1200.01 1.4833e-06 
1200.02 1.48578e-06 
1200.03 1.48801e-06 
1200.04 1.48999e-06 
1200.05 1.49172e-06 
1200.06 1.4932e-06 
1200.07 1.49443e-06 
1200.08 1.49541e-06 
1200.09 1.49614e-06 
1200.1 1.49663e-06 
1200.11 1.49687e-06 
1200.12 1.49688e-06 
1200.13 1.49665e-06 
1200.14 1.49618e-06 
1200.15 1.49548e-06 
1200.16 1.49456e-06 
1200.17 1.49341e-06 
1200.18 1.49203e-06 
1200.19 1.49044e-06 
1200.2 1.48864e-06 
1200.21 1.48662e-06 
1200.22 1.4844e-06 
1200.23 1.48195e-06 
1200.24 1.47933e-06 
1200.25 1.47652e-06 
1200.26 1.47352e-06 
1200.27 1.47034e-06 
1200.28 1.46698e-06 
1200.29 1.46345e-06 
1200.3 1.45975e-06 
1200.31 1.4559e-06 
1200.32 1.45189e-06 
1200.33 1.44773e-06 
1200.34 1.44342e-06 
1200.35 1.43899e-06 
1200.36 1.43441e-06 
1200.37 1.42972e-06 
1200.38 1.42491e-06 
1200.39 1.41998e-06 
1200.4 1.41495e-06 
1200.41 1.40982e-06 
1200.42 1.40459e-06 
1200.43 1.39928e-06 
1200.43 1.39389e-06 
1200.44 1.38843e-06 
1200.45 1.3829e-06 
1200.46 1.37731e-06 
1200.47 1.37166e-06 
1200.48 1.3659e-06 
1200.49 1.36017e-06 
1200.5 1.3544e-06 
1200.51 1.3486e-06 
1200.52 1.34278e-06 
1200.53 1.33694e-06 
1200.54 1.3311e-06 
1200.55 1.32525e-06 
1200.56 1.31941e-06 
1200.57 1.31357e-06 
1200.58 1.30774e-06 
1200.59 1.30194e-06 
1200.6 1.29616e-06 
1200.61 1.29121e-06 
1200.62 1.28549e-06 
1200.63 1.27982e-06 
1200.64 1.27419e-06 
1200.65 1.26862e-06 
1200.66 1.2631e-06 
1200.67 1.25764e-06 
1200.68 1.25225e-06 
1200.69 1.24692e-06 
1200.7 1.24167e-06 
1200.71 1.2365e-06 
1200.72 1.23141e-06 
1200.73 1.22634e-06 
1200.74 1.22142e-06 
1200.75 1.21659e-06 
1200.76 1.21185e-06 
1200.77 1.20721e-06 
1200.78 1.20267e-06 
1200.79 1.19823e-06 
1200.8 1.19389e-06 
1200.81 1.18966e-06 
1200.82 1.18553e-06 
1200.83 1.18151e-06 
1200.84 1.17759e-06 
1200.85 1.17379e-06 
1200.85 1.17009e-06 
1200.86 1.16651e-06 
1200.87 1.16303e-06 
1200.88 1.15967e-06 
1200.89 1.15641e-06 
1200.9 1.15327e-06 
1200.91 1.15023e-06 
1200.92 1.1473e-06 
1200.93 1.14448e-06 
1200.94 1.14176e-06 
1200.95 1.13914e-06 
1200.96 1.13663e-06 
1200.97 1.13422e-06 
1200.98 1.13187e-06 
1200.99 1.12965e-06 
1201 1.12752e-06 
1201.01 1.12548e-06 
1201.02 1.12353e-06 
1201.03 1.12166e-06 
1201.04 1.11987e-06 
1201.05 1.11816e-06 
1201.06 1.11651e-06 
1201.07 1.11494e-06 
1201.08 1.11343e-06 
1201.09 1.11199e-06 
1201.1 1.1106e-06 
1201.11 1.10926e-06 
1201.12 1.10797e-06 
1201.13 1.10672e-06 
1201.14 1.10551e-06 
1201.15 1.10434e-06 
1201.16 1.10319e-06 
1201.17 1.10207e-06 
1201.18 1.10096e-06 
1201.19 1.09987e-06 
1201.2 1.09879e-06 
1201.21 1.09771e-06 
1201.22 1.09663e-06 
1201.23 1.09553e-06 
1201.24 1.09443e-06 
1201.25 1.09332e-06 
1201.26 1.09218e-06 
1201.27 1.09101e-06 
1201.28 1.08981e-06 
1201.28 1.08857e-06 
1201.29 1.08728e-06 
1201.3 1.08595e-06 
1201.31 1.08457e-06 
1201.32 1.08312e-06 
1201.33 1.08161e-06 
1201.34 1.08004e-06 
1201.35 1.07838e-06 
1201.36 1.07666e-06 
1201.37 1.07484e-06 
1201.38 1.07294e-06 
1201.39 1.07095e-06 
1201.4 1.06887e-06 
1201.41 1.06668e-06 
1201.42 1.06439e-06 
1201.43 1.06199e-06 
1201.44 1.05948e-06 
1201.45 1.05686e-06 
1201.46 1.05411e-06 
1201.47 1.05124e-06 
1201.48 1.04822e-06 
1201.49 1.04509e-06 
1201.5 1.04184e-06 
1201.51 1.03846e-06 
1201.52 1.03493e-06 
1201.53 1.03127e-06 
1201.54 1.02747e-06 
1201.55 1.02353e-06 
1201.56 1.01944e-06 
1201.57 1.01521e-06 
1201.58 1.01083e-06 
1201.59 1.00631e-06 
1201.6 1.00163e-06 
1201.61 9.9742e-07 
1201.62 9.92442e-07 
1201.63 9.87315e-07 
1201.64 9.82036e-07 
1201.65 9.76607e-07 
1201.66 9.71028e-07 
1201.67 9.65299e-07 
1201.68 9.59422e-07 
1201.69 9.53396e-07 
1201.7 9.47222e-07 
1201.7 9.40903e-07 
1201.71 9.34439e-07 
1201.72 9.27749e-07 
1201.73 9.20998e-07 
1201.74 9.14106e-07 
1201.75 9.07079e-07 
1201.76 8.99915e-07 
1201.77 8.92619e-07 
1201.78 8.85192e-07 
1201.79 8.77637e-07 
1201.8 8.69958e-07 
1201.81 8.62157e-07 
1201.82 8.54236e-07 
1201.83 8.462e-07 
1201.84 8.38051e-07 
1201.85 8.29794e-07 
1201.86 8.21432e-07 
1201.87 8.12968e-07 
1201.88 8.04407e-07 
1201.89 7.95751e-07 
1201.9 7.87006e-07 
1201.91 7.78176e-07 
1201.92 7.69262e-07 
1201.93 7.60272e-07 
1201.94 7.51209e-07 
1201.95 7.42077e-07 
1201.96 7.3288e-07 
1201.97 7.23623e-07 
1201.98 7.14195e-07 
1201.99 7.0483e-07 
1202 6.9542e-07 
1202.01 6.85968e-07 
1202.02 6.76477e-07 
1202.03 6.66955e-07 
1202.04 6.57404e-07 
1202.05 6.47829e-07 
1202.06 6.38235e-07 
1202.07 6.28626e-07 
1202.08 6.19009e-07 
1202.09 6.09384e-07 
1202.1 5.99759e-07 
1202.11 5.90137e-07 
1202.12 5.80523e-07 
1202.13 5.70921e-07 
1202.13 5.61335e-07 
1202.14 5.5177e-07 
1202.15 5.4223e-07 
1202.16 5.32718e-07 
1202.17 5.23239e-07 
1202.18 5.13797e-07 
1202.19 5.04396e-07 
1202.2 4.95039e-07 
1202.21 4.8573e-07 
1202.22 4.7636e-07 
1202.23 4.67159e-07 
1202.24 4.58017e-07 
1202.25 4.48938e-07 
1202.26 4.39924e-07 
1202.27 4.30979e-07 
1202.28 4.22106e-07 
1202.29 4.13307e-07 
1202.3 4.04586e-07 
1202.31 3.95945e-07 
1202.32 3.87388e-07 
1202.33 3.78915e-07 
1202.34 3.70531e-07 
1202.35 3.62237e-07 
1202.36 3.54035e-07 
1202.37 3.45927e-07 
1202.38 3.37917e-07 
1202.39 3.30004e-07 
1202.4 3.22191e-07 
1202.41 3.14481e-07 
1202.42 3.06873e-07 
1202.43 2.9937e-07 
1202.44 2.91973e-07 
1202.45 2.84683e-07 
1202.46 2.77502e-07 
1202.47 2.70429e-07 
1202.48 2.63381e-07 
1202.49 2.5653e-07 
1202.5 2.49792e-07 
1202.51 2.43166e-07 
1202.52 2.36652e-07 
1202.53 2.30251e-07 
1202.54 2.23964e-07 
1202.55 2.1779e-07 
1202.56 2.11729e-07 
1202.56 2.05782e-07 
1202.57 1.99949e-07 
1202.58 1.94228e-07 
1202.59 1.88621e-07 
1202.6 1.83127e-07 
1202.61 1.77854e-07 
1202.62 1.7258e-07 
1202.63 1.67418e-07 
1202.64 1.62367e-07 
1202.65 1.57426e-07 
1202.66 1.52594e-07 
1202.67 1.47871e-07 
1202.68 1.43255e-07 
1202.69 1.38746e-07 
1202.7 1.34343e-07 
1202.71 1.30044e-07 
1202.72 1.25849e-07 
1202.73 1.21706e-07 
1202.74 1.17716e-07 
1202.75 1.13827e-07 
1202.76 1.10036e-07 
1202.77 1.06342e-07 
1202.78 1.02745e-07 
1202.79 9.92428e-08 
1202.8 9.58341e-08 
1202.81 9.25174e-08 
1202.82 8.92913e-08 
1202.83 8.61544e-08 
1202.84 8.31053e-08 
1202.85 8.01425e-08 
1202.86 7.72642e-08 
1202.87 7.44693e-08 
1202.88 7.17561e-08 
1202.89 6.91229e-08 
1202.9 6.65684e-08 
1202.91 6.40909e-08 
1202.92 6.1689e-08 
1202.93 5.9361e-08 
1202.94 5.71053e-08 
1202.95 5.49205e-08 
1202.96 5.2805e-08 
1202.97 5.07572e-08 
1202.98 4.87756e-08 
1202.98 4.6835e-08 
1202.99 4.4982e-08 
1203 4.31906e-08 
1203.01 4.14592e-08 
1203.02 3.97865e-08 
1203.03 3.81709e-08 
1203.04 3.6611e-08 
1203.05 3.51053e-08 
1203.06 3.36524e-08 
1203.07 3.22508e-08 
1203.08 3.08993e-08 
1203.09 2.95963e-08 
1203.1 2.83407e-08 
1203.11 2.71309e-08 
1203.12 2.59657e-08 
1203.13 2.48438e-08 
1203.14 2.37639e-08 
1203.15 2.27248e-08 
1203.16 2.17252e-08 
1203.17 2.07639e-08 
1203.18 1.98398e-08 
1203.19 1.89517e-08 
1203.2 1.80984e-08 
1203.21 1.72788e-08 
1203.22 1.64919e-08 
1203.23 1.57273e-08 
1203.24 1.50028e-08 
1203.25 1.43078e-08 
1203.26 1.36413e-08 
1203.27 1.30023e-08 
1203.28 1.23898e-08 
1203.29 1.1803e-08 
1203.3 1.1241e-08 
1203.31 1.07028e-08 
1203.32 1.01875e-08 
1203.33 9.6945e-09 
1203.34 9.22282e-09 
1203.35 8.7717e-09 
1203.36 8.34036e-09 
1203.37 7.92809e-09 
1203.38 7.53414e-09 
1203.39 7.15782e-09 
1203.4 6.79845e-09 
1203.41 6.45537e-09 
1203.41 6.12793e-09 
1203.42 5.81552e-09 
1203.43 5.51754e-09 
1203.44 5.23339e-09 
1203.45 4.96253e-09 
1203.46 4.70442e-09 
1203.47 4.45851e-09 
1203.48 4.22145e-09 
1203.49 3.9986e-09 
1203.5 3.78648e-09 
1203.51 3.58464e-09 
1203.52 3.39264e-09 
1203.53 3.21004e-09 
1203.54 3.03645e-09 
1203.55 2.87146e-09 
1203.56 2.7147e-09 
1203.57 2.5658e-09 
1203.58 2.4244e-09 
1203.59 2.29018e-09 
1203.6 2.16279e-09 
1203.61 2.04319e-09 
1203.62 1.92849e-09 
1203.63 1.81974e-09 
1203.64 1.71665e-09 
1203.65 1.61896e-09 
1203.66 1.52642e-09 
1203.67 1.43877e-09 
1203.68 1.35579e-09 
1203.69 1.27725e-09 
1203.7 1.20292e-09 
1203.71 1.13262e-09 
1203.72 1.06613e-09 
1203.73 1.00251e-09 
1203.74 9.43145e-10 
1203.75 8.87054e-10 
1203.76 8.3407e-10 
1203.77 7.84038e-10 
1203.78 7.36807e-10 
1203.79 6.92232e-10 
1203.8 6.50177e-10 
1203.81 6.1051e-10 
1203.82 5.73108e-10 
1203.83 5.3785e-10 
1203.83 5.04624e-10 
1203.84 4.73322e-10 
1203.85 4.43841e-10 
1203.86 4.16082e-10 
1203.87 3.89954e-10 
1203.88 3.65366e-10 
1203.89 3.42236e-10 
1203.9 3.20483e-10 
1203.91 3.0003e-10 
1203.92 2.80807e-10 
1203.93 2.62744e-10 
1203.94 2.45775e-10 
1203.95 2.2984e-10 
1203.96 2.14879e-10 
1203.97 2.00838e-10 
1203.98 1.87504e-10 
1203.99 1.75155e-10 
1204 1.63575e-10 
1204.01 1.52719e-10 
1204.02 1.42545e-10 
1204.03 1.33012e-10 
1204.04 1.24083e-10 
1204.05 1.15722e-10 
1204.06 1.07895e-10 
1204.07 1.0057e-10 
1204.08 9.37168e-11 
1204.09 8.73067e-11 
1204.1 8.13129e-11 
1204.11 7.571e-11 
1204.12 7.0474e-11 
1204.13 6.55822e-11 
1204.14 6.10133e-11 
1204.15 5.67473e-11 
1204.16 5.27652e-11 
1204.17 4.90491e-11 
1204.18 4.55824e-11 
1204.19 4.23491e-11 
1204.2 3.93344e-11 
1204.21 3.65245e-11 
1204.22 3.3906e-11 
1204.23 3.14373e-11 
1204.24 2.91675e-11 
1204.25 2.70542e-11 
1204.26 2.50873e-11 
1204.26 2.32569e-11 
1204.27 2.15543e-11 
1204.28 1.99709e-11 
1204.29 1.84987e-11 
1204.3 1.71304e-11 
1204.31 1.5859e-11 
1204.32 1.46779e-11 
1204.33 1.35812e-11 
1204.34 1.25629e-11 
1204.35 1.16178e-11 
1204.36 1.07409e-11 
1204.37 9.92749e-12 
1204.38 9.17317e-12 
1204.39 8.47386e-12 
1204.4 7.82571e-12 
1204.41 7.22519e-12 
1204.42 6.66893e-12 
1204.43 6.15381e-12 
1204.44 5.67694e-12 
1204.45 5.2356e-12 
1204.46 4.82725e-12 
1204.47 4.44954e-12 
1204.48 4.09607e-12 
1204.49 3.7735e-12 
1204.5 3.47539e-12 
1204.51 3.19996e-12 
1204.52 2.94555e-12 
1204.53 2.71063e-12 
1204.54 2.49377e-12 
1204.55 2.29363e-12 
1204.56 2.10898e-12 
1204.57 1.93866e-12 
1204.58 1.78162e-12 
1204.59 1.63685e-12 
1204.6 1.50344e-12 
1204.61 1.38052e-12 
1204.62 1.26808e-12 
1204.63 1.16377e-12 
1204.64 1.06775e-12 
1204.65 9.79387e-13 
1204.66 8.98091e-13 
1204.67 8.23318e-13 
1204.68 7.54566e-13 
1204.68 6.91366e-13 
1204.69 6.33287e-13 
1204.7 5.79929e-13 
1204.71 5.30923e-13 
1204.72 4.85386e-13 
1204.73 4.44125e-13 
1204.74 4.06261e-13 
1204.75 3.71524e-13 
1204.76 3.39664e-13 
1204.77 3.10452e-13 
1204.78 2.83675e-13 
1204.79 2.59137e-13 
1204.8 2.36656e-13 
1204.81 2.16068e-13 
1204.82 1.97216e-13 
1204.83 1.79961e-13 
1204.84 1.6417e-13 
1204.85 1.49724e-13 
1204.86 1.36512e-13 
1204.87 1.24433e-13 
1204.88 1.13391e-13 
1204.89 1.033e-13 
1204.9 9.40825e-14 
1204.91 8.56637e-14 
1204.92 7.79771e-14 
1204.93 7.09608e-14 
1204.94 6.45583e-14 
1204.95 5.87174e-14 
1204.96 5.33905e-14 
1204.97 4.85336e-14 
1204.98 4.40537e-14 
1204.99 4.00242e-14 
1205 3.63534e-14 
1205.01 3.30102e-14 
1205.02 2.99664e-14 
1205.03 2.71958e-14 
1205.04 2.46746e-14 
1205.05 2.23811e-14 
1205.06 2.02952e-14 
1205.07 1.83987e-14 
1205.08 1.66748e-14 
1205.09 1.51084e-14 
1205.1 1.36854e-14 
1205.11 1.23931e-14 
1205.11 1.12197e-14 
1205.12 1.01546e-14 
1205.13 9.1882e-15 
1205.14 8.31147e-15 
1205.15 7.51634e-15 
1205.16 6.79544e-15 
1205.17 6.142e-15 
1205.18 5.54988e-15 
1205.19 5.01348e-15 
1205.2 4.52769e-15 
1205.21 4.08786e-15 
1205.22 3.68525e-15 
1205.23 3.32522e-15 
1205.24 2.99974e-15 
1205.25 2.70538e-15 
1205.26 2.43924e-15 
1205.27 2.19868e-15 
1205.28 1.9813e-15 
1205.29 1.78493e-15 
1205.3 1.60759e-15 
1205.31 1.44747e-15 
1205.32 1.30294e-15 
1205.33 1.17253e-15 
1205.34 1.05488e-15 
1205.35 9.48777e-16 
1205.36 8.53114e-16 
1205.37 7.66887e-16 
1205.38 6.89188e-16 
1205.39 6.19192e-16 
1205.4 5.56154e-16 
1205.41 4.99398e-16 
1205.42 4.48311e-16 
1205.43 4.02341e-16 
1205.44 3.60986e-16 
1205.45 3.23794e-16 
1205.46 2.90354e-16 
1205.47 2.60297e-16 
1205.48 2.32985e-16 
1205.49 2.08738e-16 
1205.5 1.86976e-16 
1205.51 1.67437e-16 
1205.52 1.499e-16 
1205.53 1.34162e-16 
1205.54 1.20044e-16 
1205.54 1.07383e-16 
1205.55 9.60308e-17 
1205.56 8.58553e-17 
1205.57 7.67372e-17 
1205.58 6.85687e-17 
1205.59 6.12531e-17 
1205.6 5.4703e-17 
1205.61 4.88699e-17 
1205.62 4.36203e-17 
1205.63 3.8924e-17 
1205.64 3.47238e-17 
1205.65 3.09684e-17 
1205.66 2.76117e-17 
1205.67 2.46121e-17 
1205.68 2.19323e-17 
1205.69 1.95391e-17 
1205.7 1.74022e-17 
1205.71 1.54948e-17 
1205.72 1.37927e-17 
1205.73 1.22563e-17 
1205.74 1.0904e-17 
1205.75 9.69825e-18 
1205.76 8.62348e-18 
1205.77 7.66573e-18 
1205.78 6.81248e-18 
1205.79 6.05256e-18 
1205.8 5.37595e-18 
1205.81 4.77367e-18 
1205.82 4.23771e-18 
1205.83 3.7609e-18 
1205.84 3.33683e-18 
1205.85 2.95977e-18 
1205.86 2.62461e-18 
1205.87 2.32676e-18 
1205.88 2.06215e-18 
1205.89 1.82714e-18 
1205.9 1.61847e-18 
1205.91 1.43324e-18 
1205.92 1.26886e-18 
1205.93 1.12303e-18 
1205.94 9.93689e-19 
1205.95 8.79005e-19 
1205.96 7.77345e-19 
1205.96 6.87255e-19 
1205.97 6.07441e-19 
1205.98 5.35919e-19 
1205.99 4.7342e-19 
1206 4.18096e-19 
1206.01 3.69137e-19 
1206.02 3.25822e-19 
1206.03 2.87511e-19 
1206.04 2.53636e-19 
1206.05 2.23691e-19 
1206.06 1.97228e-19 
1206.07 1.73848e-19 
1206.08 1.53198e-19 
1206.09 1.34964e-19 
1206.1 1.18868e-19 
1206.11 1.04663e-19 
1206.12 9.213e-20 
1206.13 8.1076e-20 
1206.14 7.13289e-20 
1206.15 6.27364e-20 
1206.16 5.5164e-20 
1206.17 4.84924e-20 
1206.18 4.26161e-20 
1206.19 3.74417e-20 
1206.2 3.28865e-20 
1206.21 2.88777e-20 
1206.22 2.53507e-20 
1206.23 2.2212e-20 
1206.24 1.94884e-20 
1206.25 1.70941e-20 
1206.26 1.49898e-20 
1206.27 1.31411e-20 
1206.28 1.15172e-20 
1206.29 1.00912e-20 
1206.3 8.83934e-21 
1206.31 7.74069e-21 
1206.32 6.77675e-21 
1206.33 5.93122e-21 
1206.34 5.18978e-21 
1206.35 4.53979e-21 
1206.36 3.97012e-21 
1206.37 3.47099e-21 
1206.38 3.03378e-21 
1206.39 2.65092e-21 
1206.39 2.31575e-21 
1206.4 2.0224e-21 
1206.41 1.76574e-21 
1206.42 1.54122e-21 
1206.43 1.34489e-21 
1206.44 1.17324e-21 
1206.45 1.02323e-21 
1206.46 8.92151e-22 
1206.47 7.77652e-22 
1206.48 6.76498e-22 
1206.49 5.89353e-22 
1206.5 5.13294e-22 
1206.51 4.46929e-22 
1206.52 3.89039e-22 
1206.53 3.38554e-22 
1206.54 2.94541e-22 
1206.55 2.5618e-22 
1206.56 2.22754e-22 
1206.57 1.93637e-22 
1206.58 1.6828e-22 
1206.59 1.46204e-22 
1206.6 0 
