#energy geo_1 
1186.6 0 
1186.61 0 
1186.62 0 
1186.63 0 
1186.64 0 
1186.65 0 
1186.66 0 
1186.67 0 
1186.68 0 
1186.69 0 
1186.7 0 
1186.71 0 
1186.72 0 
1186.73 0 
1186.74 0 
1186.75 0 
1186.76 0 
1186.77 0 
1186.78 0 
1186.79 0 
1186.8 0 
1186.81 0 
1186.81 0 
1186.82 0 
1186.83 0 
1186.84 0 
1186.85 0 
1186.86 0 
1186.87 0 
1186.88 0 
1186.89 0 
1186.9 0 
1186.91 0 
1186.92 0 
1186.93 0 
1186.94 0 
1186.95 0 
1186.96 0 
1186.97 0 
1186.98 0 
1186.99 0 
1187 0 
1187.01 0 
1187.02 0 
1187.03 0 
1187.04 0 
1187.05 0 
1187.06 0 
1187.07 0 
1187.08 0 
1187.09 0 
1187.1 0 
1187.11 0 
1187.12 0 
1187.13 0 
1187.14 0 
1187.15 0 
1187.16 0 
1187.17 0 
1187.18 0 
1187.19 0 
1187.2 0 
1187.21 0 
1187.22 0 
1187.23 0 
1187.24 0 
1187.24 0 
1187.25 0 
1187.26 0 
1187.27 0 
1187.28 0 
1187.29 0 
1187.3 0 
1187.31 0 
1187.32 0 
1187.33 0 
1187.34 0 
1187.35 0 
1187.36 0 
1187.37 0 
1187.38 0 
1187.39 0 
1187.4 0 
1187.41 0 
1187.42 0 
1187.43 0 
1187.44 0 
1187.45 0 
1187.46 0 
1187.47 0 
1187.48 0 
1187.49 0 
1187.5 0 
1187.51 0 
1187.52 0 
1187.53 0 
1187.54 0 
1187.55 0 
1187.56 0 
1187.57 0 
1187.58 0 
1187.59 0 
1187.6 0 
1187.61 0 
1187.62 0 
1187.63 0 
1187.64 0 
1187.65 0 
1187.66 0 
1187.66 0 
1187.67 0 
1187.68 0 
1187.69 0 
1187.7 0 
1187.71 0 
1187.72 0 
1187.73 0 
1187.74 0 
1187.75 0 
1187.76 0 
1187.77 0 
1187.78 0 
1187.79 0 
1187.8 0 
1187.81 0 
1187.82 0 
1187.83 0 
1187.84 0 
1187.85 0 
1187.86 0 
1187.87 0 
1187.88 0 
1187.89 0 
1187.9 0 
1187.91 0 
1187.92 0 
1187.93 0 
1187.94 0 
1187.95 0 
1187.96 0 
1187.97 0 
1187.98 0 
1187.99 0 
1188 0 
1188.01 0 
1188.02 0 
1188.03 0 
1188.04 0 
1188.05 0 
1188.06 0 
1188.07 0 
1188.08 0 
1188.09 0 
1188.09 0 
1188.1 0 
1188.11 0 
1188.12 0 
1188.13 0 
1188.14 0 
1188.15 0 
1188.16 0 
1188.17 0 
1188.18 0 
1188.19 0 
1188.2 0 
1188.21 0 
1188.22 0 
1188.23 0 
1188.24 0 
1188.25 0 
1188.26 0 
1188.27 0 
1188.28 0 
1188.29 0 
1188.3 0 
1188.31 0 
1188.32 0 
1188.33 0 
1188.34 0 
1188.35 0 
1188.36 0 
1188.37 0 
1188.38 0 
1188.39 0 
1188.4 0 
1188.41 0 
1188.42 0 
1188.43 0 
1188.44 0 
1188.45 0 
1188.46 0 
1188.47 0 
1188.48 0 
1188.49 0 
1188.5 0 
1188.51 0 
1188.52 0 
1188.52 0 
1188.53 0 
1188.54 0 
1188.55 0 
1188.56 0 
1188.57 0 
1188.58 0 
1188.59 0 
1188.6 0 
1188.61 0 
1188.62 0 
1188.63 0 
1188.64 0 
1188.65 0 
1188.66 0 
1188.67 0 
1188.68 0 
1188.69 0 
1188.7 0 
1188.71 0 
1188.72 0 
1188.73 0 
1188.74 0 
1188.75 0 
1188.76 0 
1188.77 0 
1188.78 0 
1188.79 0 
1188.8 0 
1188.81 0 
1188.82 0 
1188.83 0 
1188.84 0 
1188.85 0 
1188.86 0 
1188.87 0 
1188.88 0 
1188.89 0 
1188.9 0 
1188.91 0 
1188.92 0 
1188.93 0 
1188.94 0 
1188.94 0 
1188.95 0 
1188.96 0 
1188.97 0 
1188.98 0 
1188.99 0 
1189 0 
1189.01 0 
1189.02 0 
1189.03 0 
1189.04 0 
1189.05 0 
1189.06 0 
1189.07 0 
1189.08 0 
1189.09 0 
1189.1 0 
1189.11 0 
1189.12 0 
1189.13 0 
1189.14 0 
1189.15 0 
1189.16 0 
1189.17 0 
1189.18 0 
1189.19 0 
1189.2 0 
1189.21 1.4013e-45 
1189.22 1.4013e-45 
1189.23 1.4013e-45 
1189.24 1.4013e-45 
1189.25 1.4013e-45 
1189.26 2.8026e-45 
1189.27 2.8026e-45 
1189.28 2.8026e-45 
1189.29 2.8026e-45 
1189.3 4.2039e-45 
1189.31 5.60519e-45 
1189.32 8.40779e-45 
1189.33 8.40779e-45 
1189.34 1.12104e-44 
1189.35 1.4013e-44 
1189.36 1.82169e-44 
1189.36 2.24208e-44 
1189.37 2.8026e-44 
1189.38 3.36312e-44 
1189.39 4.34403e-44 
1189.4 5.46506e-44 
1189.41 6.72623e-44 
1189.42 8.26766e-44 
1189.43 1.03696e-43 
1189.44 1.27518e-43 
1189.45 1.59748e-43 
1189.46 1.98984e-43 
1189.47 2.4803e-43 
1189.48 3.09687e-43 
1189.49 3.83956e-43 
1189.5 4.77843e-43 
1189.51 5.95552e-43 
1189.52 7.37083e-43 
1189.53 9.16449e-43 
1189.54 1.13785e-42 
1189.55 1.41111e-42 
1189.56 1.75302e-42 
1189.57 2.17341e-42 
1189.58 2.6961e-42 
1189.59 3.3435e-42 
1189.6 4.14224e-42 
1189.61 5.13716e-42 
1189.62 6.3633e-42 
1189.63 7.8809e-42 
1189.64 9.75444e-42 
1189.65 1.20736e-41 
1189.66 1.49406e-41 
1189.67 1.84789e-41 
1189.68 2.2851e-41 
1189.69 2.82488e-41 
1189.7 3.49105e-41 
1189.71 4.31334e-41 
1189.72 5.32746e-41 
1189.73 6.59563e-41 
1189.74 8.14182e-41 
1189.75 1.00476e-40 
1189.76 1.23956e-40 
1189.77 1.52883e-40 
1189.78 1.88504e-40 
1189.79 2.32358e-40 
1189.79 2.8633e-40 
1189.8 3.5274e-40 
1189.81 4.34425e-40 
1189.82 5.34871e-40 
1189.83 6.58352e-40 
1189.84 8.10106e-40 
1189.85 9.96553e-40 
1189.86 1.22555e-39 
1189.87 1.50674e-39 
1189.88 1.85191e-39 
1189.89 2.2755e-39 
1189.9 2.79516e-39 
1189.91 3.43251e-39 
1189.92 4.21397e-39 
1189.93 5.17184e-39 
1189.94 6.34561e-39 
1189.95 7.78353e-39 
1189.96 9.54452e-39 
1189.97 1.17005e-38 
1189.98 1.43759e-38 
1189.99 1.76131e-38 
1190 2.15729e-38 
1190.01 2.64154e-38 
1190.02 3.23355e-38 
1190.03 3.9571e-38 
1190.04 4.84116e-38 
1190.05 5.921e-38 
1190.06 7.23963e-38 
1190.07 8.84935e-38 
1190.08 1.08139e-37 
1190.09 1.32107e-37 
1190.1 1.61341e-37 
1190.11 1.96987e-37 
1190.12 2.40439e-37 
1190.13 2.93392e-37 
1190.14 3.57902e-37 
1190.15 4.36471e-37 
1190.16 5.32135e-37 
1190.17 6.48577e-37 
1190.18 7.90272e-37 
1190.19 9.62645e-37 
1190.2 1.17228e-36 
1190.21 1.42714e-36 
1190.21 1.73692e-36 
1190.22 2.11852e-36 
1190.23 2.57687e-36 
1190.24 3.13348e-36 
1190.25 3.80922e-36 
1190.26 4.62935e-36 
1190.27 5.62442e-36 
1190.28 6.83141e-36 
1190.29 8.29502e-36 
1190.3 1.00693e-35 
1190.31 1.22196e-35 
1190.32 1.48247e-35 
1190.33 1.79801e-35 
1190.34 2.18007e-35 
1190.35 2.64256e-35 
1190.36 3.20224e-35 
1190.37 3.87933e-35 
1190.38 4.69823e-35 
1190.39 5.68835e-35 
1190.4 6.88514e-35 
1190.41 8.33133e-35 
1190.42 1.00784e-34 
1190.43 1.21882e-34 
1190.44 1.47355e-34 
1190.45 1.781e-34 
1190.46 2.15197e-34 
1190.47 2.59947e-34 
1190.48 3.14652e-34 
1190.49 3.79863e-34 
1190.5 4.58455e-34 
1190.51 5.53148e-34 
1190.52 6.67206e-34 
1190.53 8.04551e-34 
1190.54 9.69888e-34 
1190.55 1.16886e-33 
1190.56 1.40825e-33 
1190.57 1.69618e-33 
1190.58 2.04239e-33 
1190.59 2.45855e-33 
1190.6 2.95865e-33 
1190.61 3.56167e-33 
1190.62 4.28368e-33 
1190.63 5.15057e-33 
1190.64 6.19111e-33 
1190.64 7.43971e-33 
1190.65 8.93754e-33 
1190.66 1.07338e-32 
1190.67 1.28874e-32 
1190.68 1.54686e-32 
1190.69 1.85614e-32 
1190.7 2.22662e-32 
1190.71 2.67026e-32 
1190.72 3.20138e-32 
1190.73 3.84572e-32 
1190.74 4.60796e-32 
1190.75 5.51968e-32 
1190.76 6.60988e-32 
1190.77 7.91313e-32 
1190.78 9.47059e-32 
1190.79 1.13313e-31 
1190.8 1.35537e-31 
1190.81 1.62073e-31 
1190.82 1.93748e-31 
1190.83 2.31547e-31 
1190.84 2.7664e-31 
1190.85 3.30419e-31 
1190.86 3.94539e-31 
1190.87 4.70965e-31 
1190.88 5.62034e-31 
1190.89 6.70519e-31 
1190.9 7.99712e-31 
1190.91 9.53522e-31 
1190.92 1.13659e-30 
1190.93 1.35441e-30 
1190.94 1.6135e-30 
1190.95 1.92161e-30 
1190.96 2.28789e-30 
1190.97 2.7232e-30 
1190.98 3.24744e-30 
1190.99 3.86307e-30 
1191 4.59408e-30 
1191.01 5.46185e-30 
1191.02 6.49164e-30 
1191.03 7.71337e-30 
1191.04 9.16239e-30 
1191.05 1.08805e-29 
1191.06 1.2917e-29 
1191.07 1.53302e-29 
1191.07 1.81891e-29 
1191.08 2.15748e-29 
1191.09 2.55834e-29 
1191.1 3.0328e-29 
1191.11 3.59421e-29 
1191.12 4.25832e-29 
1191.13 5.04368e-29 
1191.14 5.97215e-29 
1191.15 7.06951e-29 
1191.16 8.36607e-29 
1191.17 9.89758e-29 
1191.18 1.17061e-28 
1191.19 1.3841e-28 
1191.2 1.63605e-28 
1191.21 1.93331e-28 
1191.22 2.28392e-28 
1191.23 2.70295e-28 
1191.24 3.19128e-28 
1191.25 3.76675e-28 
1191.26 4.4447e-28 
1191.27 5.24316e-28 
1191.28 6.18327e-28 
1191.29 7.28984e-28 
1191.3 8.59195e-28 
1191.31 1.01237e-27 
1191.32 1.19251e-27 
1191.33 1.4043e-27 
1191.34 1.65323e-27 
1191.35 1.94572e-27 
1191.36 2.28929e-27 
1191.37 2.69275e-27 
1191.38 3.1664e-27 
1191.39 3.72229e-27 
1191.4 4.37451e-27 
1191.41 5.13952e-27 
1191.42 6.03657e-27 
1191.43 7.08815e-27 
1191.44 8.32051e-27 
1191.45 9.7643e-27 
1191.46 1.14553e-26 
1191.47 1.34353e-26 
1191.48 1.57869e-26 
1191.49 1.85018e-26 
1191.49 2.16808e-26 
1191.5 2.53988e-26 
1191.51 2.97457e-26 
1191.52 3.48265e-26 
1191.53 4.07634e-26 
1191.54 4.76985e-26 
1191.55 5.57975e-26 
1191.56 6.52527e-26 
1191.57 7.62881e-26 
1191.58 8.9164e-26 
1191.59 1.04183e-25 
1191.6 1.21772e-25 
1191.61 1.42202e-25 
1191.62 1.6601e-25 
1191.63 1.93749e-25 
1191.64 2.26058e-25 
1191.65 2.63678e-25 
1191.66 3.0747e-25 
1191.67 3.58432e-25 
1191.68 4.17719e-25 
1191.69 4.86672e-25 
1191.7 5.66844e-25 
1191.71 6.60032e-25 
1191.72 7.68317e-25 
1191.73 8.95804e-25 
1191.74 1.04216e-24 
1191.75 1.21209e-24 
1191.76 1.40931e-24 
1191.77 1.63815e-24 
1191.78 1.90359e-24 
1191.79 2.21141e-24 
1191.8 2.56827e-24 
1191.81 2.98184e-24 
1191.82 3.46102e-24 
1191.83 4.01603e-24 
1191.84 4.65871e-24 
1191.85 5.40267e-24 
1191.86 6.26362e-24 
1191.87 7.25967e-24 
1191.88 8.41168e-24 
1191.89 9.74369e-24 
1191.9 1.12834e-23 
1191.91 1.30626e-23 
1191.92 1.51179e-23 
1191.92 1.74917e-23 
1191.93 2.02323e-23 
1191.94 2.33955e-23 
1191.95 2.70454e-23 
1191.96 3.12558e-23 
1191.97 3.61112e-23 
1191.98 4.17839e-23 
1191.99 4.82467e-23 
1192 5.5693e-23 
1192.01 6.42699e-23 
1192.02 7.41463e-23 
1192.03 8.55158e-23 
1192.04 9.86001e-23 
1192.05 1.13653e-22 
1192.06 1.30967e-22 
1192.07 1.50875e-22 
1192.08 1.73759e-22 
1192.09 2.00055e-22 
1192.1 2.30265e-22 
1192.11 2.6496e-22 
1192.12 3.04794e-22 
1192.13 3.50517e-22 
1192.14 4.02981e-22 
1192.15 4.63164e-22 
1192.16 5.32182e-22 
1192.17 6.11307e-22 
1192.18 7.01994e-22 
1192.19 8.05901e-22 
1192.2 9.24921e-22 
1192.21 1.06121e-21 
1192.22 1.21723e-21 
1192.23 1.39818e-21 
1192.24 1.60281e-21 
1192.25 1.83686e-21 
1192.26 2.10448e-21 
1192.27 2.41039e-21 
1192.28 2.75997e-21 
1192.29 3.15934e-21 
1192.3 3.61545e-21 
1192.31 4.13622e-21 
1192.32 4.73063e-21 
1192.33 5.4089e-21 
1192.34 6.18263e-21 
1192.34 7.06499e-21 
1192.35 8.07096e-21 
1192.36 9.21749e-21 
1192.37 1.05239e-20 
1192.38 1.20119e-20 
1192.39 1.37064e-20 
1192.4 1.56354e-20 
1192.41 1.78307e-20 
1192.42 2.03284e-20 
1192.43 2.31693e-20 
1192.44 2.63996e-20 
1192.45 3.00715e-20 
1192.46 3.42443e-20 
1192.47 3.89848e-20 
1192.48 4.44405e-20 
1192.49 5.05631e-20 
1192.5 5.75126e-20 
1192.51 6.53983e-20 
1192.52 7.43438e-20 
1192.53 8.44884e-20 
1192.54 9.59896e-20 
1192.55 1.09025e-19 
1192.56 1.23795e-19 
1192.57 1.40525e-19 
1192.58 1.5947e-19 
1192.59 1.80916e-19 
1192.6 2.05188e-19 
1192.61 2.32793e-19 
1192.62 2.63872e-19 
1192.63 2.99013e-19 
1192.64 3.38737e-19 
1192.65 3.83627e-19 
1192.66 4.34341e-19 
1192.67 4.91616e-19 
1192.68 5.56284e-19 
1192.69 6.29275e-19 
1192.7 7.11639e-19 
1192.71 8.04551e-19 
1192.72 9.0933e-19 
1192.73 1.02903e-18 
1192.74 1.16236e-18 
1192.75 1.3126e-18 
1192.76 1.48182e-18 
1192.77 1.67238e-18 
1192.77 1.8869e-18 
1192.78 2.12832e-18 
1192.79 2.39994e-18 
1192.8 2.70543e-18 
1192.81 3.04893e-18 
1192.82 3.43506e-18 
1192.83 3.86896e-18 
1192.84 4.35642e-18 
1192.85 4.90387e-18 
1192.86 5.51852e-18 
1192.87 6.20842e-18 
1192.88 6.98256e-18 
1192.89 7.85094e-18 
1192.9 8.82478e-18 
1192.91 9.91654e-18 
1192.92 1.11402e-17 
1192.93 1.25111e-17 
1192.94 1.40468e-17 
1192.95 1.57663e-17 
1192.96 1.76913e-17 
1192.97 1.98456e-17 
1192.98 2.22876e-17 
1192.99 2.4987e-17 
1193 2.80052e-17 
1193.01 3.1379e-17 
1193.02 3.5149e-17 
1193.03 3.93606e-17 
1193.04 4.40641e-17 
1193.05 4.93155e-17 
1193.06 5.51767e-17 
1193.07 6.17167e-17 
1193.08 6.90119e-17 
1193.09 7.71471e-17 
1193.1 8.62164e-17 
1193.11 9.6324e-17 
1193.12 1.07586e-16 
1193.13 1.20129e-16 
1193.14 1.34096e-16 
1193.15 1.49644e-16 
1193.16 1.66946e-16 
1193.17 1.86195e-16 
1193.18 2.07603e-16 
1193.19 2.31406e-16 
1193.19 2.57864e-16 
1193.2 2.87263e-16 
1193.21 3.19922e-16 
1193.22 3.56695e-16 
1193.23 3.96988e-16 
1193.24 4.41736e-16 
1193.25 4.91387e-16 
1193.26 5.46461e-16 
1193.27 6.07531e-16 
1193.28 6.75232e-16 
1193.29 7.5026e-16 
1193.3 8.33383e-16 
1193.31 9.25449e-16 
1193.32 1.02739e-15 
1193.33 1.14023e-15 
1193.34 1.26509e-15 
1193.35 1.40323e-15 
1193.36 1.55599e-15 
1193.37 1.7249e-15 
1193.38 1.91158e-15 
1193.39 2.11785e-15 
1193.4 2.34571e-15 
1193.41 2.59733e-15 
1193.42 2.8751e-15 
1193.43 3.18167e-15 
1193.44 3.51991e-15 
1193.45 3.89298e-15 
1193.46 4.30434e-15 
1193.47 4.7578e-15 
1193.48 5.26407e-15 
1193.49 5.81526e-15 
1193.5 6.4223e-15 
1193.51 7.09066e-15 
1193.52 7.82631e-15 
1193.53 8.63579e-15 
1193.54 9.52624e-15 
1193.55 1.05055e-14 
1193.56 1.1582e-14 
1193.57 1.27652e-14 
1193.58 1.40652e-14 
1193.59 1.5493e-14 
1193.6 1.70609e-14 
1193.61 1.87937e-14 
1193.62 2.06837e-14 
1193.62 2.27572e-14 
1193.63 2.50313e-14 
1193.64 2.75247e-14 
1193.65 3.02577e-14 
1193.66 3.32525e-14 
1193.67 3.65331e-14 
1193.68 4.01257e-14 
1193.69 4.4059e-14 
1193.7 4.83638e-14 
1193.71 5.30739e-14 
1193.72 5.82258e-14 
1193.73 6.39331e-14 
1193.74 7.00984e-14 
1193.75 7.68361e-14 
1193.76 8.4197e-14 
1193.77 9.22364e-14 
1193.78 1.01014e-13 
1193.79 1.10595e-13 
1193.8 1.21051e-13 
1193.81 1.32456e-13 
1193.82 1.44894e-13 
1193.83 1.58453e-13 
1193.84 1.73232e-13 
1193.85 1.89335e-13 
1193.86 2.06875e-13 
1193.87 2.25974e-13 
1193.88 2.46765e-13 
1193.89 2.69391e-13 
1193.9 2.94007e-13 
1193.91 3.20779e-13 
1193.92 3.49888e-13 
1193.93 3.81529e-13 
1193.94 4.1591e-13 
1193.95 4.53259e-13 
1193.96 4.93819e-13 
1193.97 5.37853e-13 
1193.98 5.86266e-13 
1193.99 6.38173e-13 
1194 6.94474e-13 
1194.01 7.55524e-13 
1194.02 8.21703e-13 
1194.03 8.93421e-13 
1194.04 9.71117e-13 
1194.05 1.05527e-12 
1194.05 1.14637e-12 
1194.06 1.24499e-12 
1194.07 1.3517e-12 
1194.08 1.46713e-12 
1194.09 1.59195e-12 
1194.1 1.7269e-12 
1194.11 1.87275e-12 
1194.12 2.03032e-12 
1194.13 2.20052e-12 
1194.14 2.3843e-12 
1194.15 2.58268e-12 
1194.16 2.79676e-12 
1194.17 3.0277e-12 
1194.18 3.27677e-12 
1194.19 3.54531e-12 
1194.2 3.83474e-12 
1194.21 4.14661e-12 
1194.22 4.48254e-12 
1194.23 4.84898e-12 
1194.24 5.23876e-12 
1194.25 5.65824e-12 
1194.26 6.10955e-12 
1194.27 6.59494e-12 
1194.28 7.11685e-12 
1194.29 7.67783e-12 
1194.3 8.28065e-12 
1194.31 8.92821e-12 
1194.32 9.62363e-12 
1194.33 1.03702e-11 
1194.34 1.11715e-11 
1194.35 1.20312e-11 
1194.36 1.29533e-11 
1194.37 1.39421e-11 
1194.38 1.5002e-11 
1194.39 1.61379e-11 
1194.4 1.73547e-11 
1194.41 1.86578e-11 
1194.42 2.00531e-11 
1194.43 2.15464e-11 
1194.44 2.31443e-11 
1194.45 2.48534e-11 
1194.46 2.66811e-11 
1194.47 2.86349e-11 
1194.47 3.07508e-11 
1194.48 3.29825e-11 
1194.49 3.53669e-11 
1194.5 3.79127e-11 
1194.51 4.06301e-11 
1194.52 4.35297e-11 
1194.53 4.66227e-11 
1194.54 4.9921e-11 
1194.55 5.34373e-11 
1194.56 5.71847e-11 
1194.57 6.11772e-11 
1194.58 6.54295e-11 
1194.59 6.99572e-11 
1194.6 7.47767e-11 
1194.61 7.99545e-11 
1194.62 8.54133e-11 
1194.63 9.12183e-11 
1194.64 9.73898e-11 
1194.65 1.03949e-10 
1194.66 1.10917e-10 
1194.67 1.18319e-10 
1194.68 1.26178e-10 
1194.69 1.3452e-10 
1194.7 1.43372e-10 
1194.71 1.52763e-10 
1194.72 1.62722e-10 
1194.73 1.73416e-10 
1194.74 1.84613e-10 
1194.75 1.96477e-10 
1194.76 2.09043e-10 
1194.77 2.22348e-10 
1194.78 2.36432e-10 
1194.79 2.51335e-10 
1194.8 2.67101e-10 
1194.81 2.83773e-10 
1194.82 3.01399e-10 
1194.83 3.20028e-10 
1194.84 3.39709e-10 
1194.85 3.60497e-10 
1194.86 3.82446e-10 
1194.87 4.05614e-10 
1194.88 4.30062e-10 
1194.89 4.55851e-10 
1194.9 4.83047e-10 
1194.9 5.11718e-10 
1194.91 5.41934e-10 
1194.92 5.73768e-10 
1194.93 6.07297e-10 
1194.94 6.42599e-10 
1194.95 6.79757e-10 
1194.96 7.18856e-10 
1194.97 7.59984e-10 
1194.98 8.03787e-10 
1194.99 8.49281e-10 
1195 8.97089e-10 
1195.01 9.47316e-10 
1195.02 1.00007e-09 
1195.03 1.05545e-09 
1195.04 1.11357e-09 
1195.05 1.17456e-09 
1195.06 1.23853e-09 
1195.07 1.30561e-09 
1195.08 1.37592e-09 
1195.09 1.4496e-09 
1195.1 1.52679e-09 
1195.11 1.60762e-09 
1195.12 1.69224e-09 
1195.13 1.78079e-09 
1195.14 1.87345e-09 
1195.15 1.97035e-09 
1195.16 2.07167e-09 
1195.17 2.17756e-09 
1195.18 2.28821e-09 
1195.19 2.40379e-09 
1195.2 2.52447e-09 
1195.21 2.65045e-09 
1195.22 2.78191e-09 
1195.23 2.9208e-09 
1195.24 3.06388e-09 
1195.25 3.21305e-09 
1195.26 3.36851e-09 
1195.27 3.53046e-09 
1195.28 3.69914e-09 
1195.29 3.87475e-09 
1195.3 4.05753e-09 
1195.31 4.2477e-09 
1195.32 4.44551e-09 
1195.32 4.65117e-09 
1195.33 4.86495e-09 
1195.34 5.08708e-09 
1195.35 5.31782e-09 
1195.36 5.55741e-09 
1195.37 5.80613e-09 
1195.38 6.06422e-09 
1195.39 6.33195e-09 
1195.4 6.6096e-09 
1195.41 6.89742e-09 
1195.42 7.1957e-09 
1195.43 7.50471e-09 
1195.44 7.82473e-09 
1195.45 8.15603e-09 
1195.46 8.49891e-09 
1195.47 8.85365e-09 
1195.48 9.22519e-09 
1195.49 9.60464e-09 
1195.5 9.99682e-09 
1195.51 1.0402e-08 
1195.52 1.08205e-08 
1195.53 1.12526e-08 
1195.54 1.16985e-08 
1195.55 1.21586e-08 
1195.56 1.26331e-08 
1195.57 1.31224e-08 
1195.58 1.36267e-08 
1195.59 1.41462e-08 
1195.6 1.46814e-08 
1195.61 1.52418e-08 
1195.62 1.58092e-08 
1195.63 1.6393e-08 
1195.64 1.69935e-08 
1195.65 1.76109e-08 
1195.66 1.82454e-08 
1195.67 1.88974e-08 
1195.68 1.95669e-08 
1195.69 2.02544e-08 
1195.7 2.09599e-08 
1195.71 2.16838e-08 
1195.72 2.24261e-08 
1195.73 2.31968e-08 
1195.74 2.39771e-08 
1195.75 2.47764e-08 
1195.75 2.55949e-08 
1195.76 2.64329e-08 
1195.77 2.72904e-08 
1195.78 2.81675e-08 
1195.79 2.90645e-08 
1195.8 2.99814e-08 
1195.81 3.09182e-08 
1195.82 3.18752e-08 
1195.83 3.28522e-08 
1195.84 3.38494e-08 
1195.85 3.48668e-08 
1195.86 3.59044e-08 
1195.87 3.69622e-08 
1195.88 3.80402e-08 
1195.89 3.91383e-08 
1195.9 4.02564e-08 
1195.91 4.13946e-08 
1195.92 4.25526e-08 
1195.93 4.37304e-08 
1195.94 4.49278e-08 
1195.95 4.61446e-08 
1195.96 4.73807e-08 
1195.97 4.86359e-08 
1195.98 4.9926e-08 
1195.99 5.12188e-08 
1196 5.25299e-08 
1196.01 5.3859e-08 
1196.02 5.52057e-08 
1196.03 5.65698e-08 
1196.04 5.79509e-08 
1196.05 5.93485e-08 
1196.06 6.07623e-08 
1196.07 6.21918e-08 
1196.08 6.36365e-08 
1196.09 6.5096e-08 
1196.1 6.65697e-08 
1196.11 6.80572e-08 
1196.12 6.95577e-08 
1196.13 7.10709e-08 
1196.14 7.25959e-08 
1196.15 7.41323e-08 
1196.16 7.56793e-08 
1196.17 7.72363e-08 
1196.17 7.88025e-08 
1196.18 8.03773e-08 
1196.19 8.196e-08 
1196.2 8.35496e-08 
1196.21 8.51455e-08 
1196.22 8.67668e-08 
1196.23 8.83728e-08 
1196.24 8.99824e-08 
1196.25 9.1595e-08 
1196.26 9.32096e-08 
1196.27 9.48252e-08 
1196.28 9.6441e-08 
1196.29 9.8056e-08 
1196.3 9.96693e-08 
1196.31 1.0128e-07 
1196.32 1.02887e-07 
1196.33 1.04489e-07 
1196.34 1.06086e-07 
1196.35 1.07676e-07 
1196.36 1.09258e-07 
1196.37 1.10832e-07 
1196.38 1.12395e-07 
1196.39 1.13948e-07 
1196.4 1.15489e-07 
1196.41 1.17018e-07 
1196.42 1.18532e-07 
1196.43 1.20032e-07 
1196.44 1.21515e-07 
1196.45 1.22981e-07 
1196.46 1.24429e-07 
1196.47 1.25858e-07 
1196.48 1.27284e-07 
1196.49 1.28671e-07 
1196.5 1.30036e-07 
1196.51 1.31378e-07 
1196.52 1.32695e-07 
1196.53 1.33987e-07 
1196.54 1.35253e-07 
1196.55 1.36491e-07 
1196.56 1.37701e-07 
1196.57 1.38883e-07 
1196.58 1.40034e-07 
1196.59 1.41154e-07 
1196.6 1.42243e-07 
1196.6 1.43387e-07 
1196.61 1.4441e-07 
1196.62 1.45399e-07 
1196.63 1.46353e-07 
1196.64 1.47271e-07 
1196.65 1.48152e-07 
1196.66 1.48996e-07 
1196.67 1.49803e-07 
1196.68 1.50571e-07 
1196.69 1.513e-07 
1196.7 1.51989e-07 
1196.71 1.52639e-07 
1196.72 1.53247e-07 
1196.73 1.53822e-07 
1196.74 1.54347e-07 
1196.75 1.54831e-07 
1196.76 1.55273e-07 
1196.77 1.55672e-07 
1196.78 1.56029e-07 
1196.79 1.56342e-07 
1196.8 1.56613e-07 
1196.81 1.5684e-07 
1196.82 1.57024e-07 
1196.83 1.57165e-07 
1196.84 1.57263e-07 
1196.85 1.57317e-07 
1196.86 1.57328e-07 
1196.87 1.57296e-07 
1196.88 1.57221e-07 
1196.89 1.57104e-07 
1196.9 1.56944e-07 
1196.91 1.56743e-07 
1196.92 1.56499e-07 
1196.93 1.56214e-07 
1196.94 1.55889e-07 
1196.95 1.55523e-07 
1196.96 1.55118e-07 
1196.97 1.54673e-07 
1196.98 1.54184e-07 
1196.99 1.53662e-07 
1197 1.53103e-07 
1197.01 1.52508e-07 
1197.02 1.51877e-07 
1197.03 1.51212e-07 
1197.03 1.50512e-07 
1197.04 1.4978e-07 
1197.05 1.49015e-07 
1197.06 1.4822e-07 
1197.07 1.47394e-07 
1197.08 1.46539e-07 
1197.09 1.45657e-07 
1197.1 1.44748e-07 
1197.11 1.43813e-07 
1197.12 1.42854e-07 
1197.13 1.41872e-07 
1197.14 1.40868e-07 
1197.15 1.39843e-07 
1197.16 1.38799e-07 
1197.17 1.37737e-07 
1197.18 1.36658e-07 
1197.19 1.35565e-07 
1197.2 1.34457e-07 
1197.21 1.33338e-07 
1197.22 1.32207e-07 
1197.23 1.31053e-07 
1197.24 1.29905e-07 
1197.25 1.2875e-07 
1197.26 1.27591e-07 
1197.27 1.26428e-07 
1197.28 1.25264e-07 
1197.29 1.241e-07 
1197.3 1.22937e-07 
1197.31 1.21776e-07 
1197.32 1.20621e-07 
1197.33 1.19471e-07 
1197.34 1.1833e-07 
1197.35 1.17197e-07 
1197.36 1.16076e-07 
1197.37 1.14967e-07 
1197.38 1.13872e-07 
1197.39 1.12793e-07 
1197.4 1.11732e-07 
1197.41 1.10689e-07 
1197.42 1.09667e-07 
1197.43 1.08667e-07 
1197.44 1.0769e-07 
1197.45 1.06739e-07 
1197.45 1.05815e-07 
1197.46 1.04918e-07 
1197.47 1.04052e-07 
1197.48 1.03207e-07 
1197.49 1.02404e-07 
1197.5 1.01637e-07 
1197.51 1.00904e-07 
1197.52 1.00209e-07 
1197.53 9.95522e-08 
1197.54 9.89352e-08 
1197.55 9.83593e-08 
1197.56 9.78257e-08 
1197.57 9.73359e-08 
1197.58 9.68909e-08 
1197.59 9.64921e-08 
1197.6 9.61405e-08 
1197.61 9.58966e-08 
1197.62 9.56429e-08 
1197.63 9.54398e-08 
1197.64 9.52883e-08 
1197.65 9.51894e-08 
1197.66 9.51442e-08 
1197.67 9.51534e-08 
1197.68 9.52179e-08 
1197.69 9.53385e-08 
1197.7 9.55161e-08 
1197.71 9.57512e-08 
1197.72 9.60446e-08 
1197.73 9.64017e-08 
1197.74 9.68141e-08 
1197.75 9.72865e-08 
1197.76 9.78193e-08 
1197.77 9.84129e-08 
1197.78 9.90676e-08 
1197.79 9.97838e-08 
1197.8 1.00562e-07 
1197.81 1.01401e-07 
1197.82 1.02303e-07 
1197.83 1.03266e-07 
1197.84 1.04291e-07 
1197.85 1.05379e-07 
1197.86 1.06528e-07 
1197.87 1.07738e-07 
1197.88 1.0901e-07 
1197.88 1.10342e-07 
1197.89 1.11735e-07 
1197.9 1.13189e-07 
1197.91 1.14701e-07 
1197.92 1.16273e-07 
1197.93 1.17902e-07 
1197.94 1.19589e-07 
1197.95 1.21333e-07 
1197.96 1.23133e-07 
1197.97 1.24987e-07 
1197.98 1.2692e-07 
1197.99 1.28881e-07 
1198 1.30895e-07 
1198.01 1.32958e-07 
1198.02 1.35071e-07 
1198.03 1.37232e-07 
1198.04 1.39439e-07 
1198.05 1.41691e-07 
1198.06 1.43986e-07 
1198.07 1.46324e-07 
1198.08 1.48701e-07 
1198.09 1.51117e-07 
1198.1 1.53569e-07 
1198.11 1.56056e-07 
1198.12 1.58577e-07 
1198.13 1.61128e-07 
1198.14 1.63708e-07 
1198.15 1.66315e-07 
1198.16 1.68947e-07 
1198.17 1.71602e-07 
1198.18 1.74278e-07 
1198.19 1.76972e-07 
1198.2 1.79681e-07 
1198.21 1.82405e-07 
1198.22 1.8514e-07 
1198.23 1.87919e-07 
1198.24 1.9067e-07 
1198.25 1.93425e-07 
1198.26 1.96182e-07 
1198.27 1.98938e-07 
1198.28 2.01691e-07 
1198.29 2.04439e-07 
1198.3 2.07178e-07 
1198.3 2.09906e-07 
1198.31 2.12622e-07 
1198.32 2.15321e-07 
1198.33 2.18002e-07 
1198.34 2.20663e-07 
1198.35 2.233e-07 
1198.36 2.25911e-07 
1198.37 2.28494e-07 
1198.38 2.31046e-07 
1198.39 2.33565e-07 
1198.4 2.36048e-07 
1198.41 2.38493e-07 
1198.42 2.40898e-07 
1198.43 2.4326e-07 
1198.44 2.45577e-07 
1198.45 2.47847e-07 
1198.46 2.50067e-07 
1198.47 2.52237e-07 
1198.48 2.54378e-07 
1198.49 2.56438e-07 
1198.5 2.5844e-07 
1198.51 2.60382e-07 
1198.52 2.62264e-07 
1198.53 2.64082e-07 
1198.54 2.65837e-07 
1198.55 2.67525e-07 
1198.56 2.69145e-07 
1198.57 2.70697e-07 
1198.58 2.72179e-07 
1198.59 2.73589e-07 
1198.6 2.74927e-07 
1198.61 2.76361e-07 
1198.62 2.77552e-07 
1198.63 2.78667e-07 
1198.64 2.79707e-07 
1198.65 2.8067e-07 
1198.66 2.81556e-07 
1198.67 2.82365e-07 
1198.68 2.83097e-07 
1198.69 2.83751e-07 
1198.7 2.84327e-07 
1198.71 2.84826e-07 
1198.72 2.85247e-07 
1198.73 2.85596e-07 
1198.73 2.85863e-07 
1198.74 2.86055e-07 
1198.75 2.86171e-07 
1198.76 2.86214e-07 
1198.77 2.86183e-07 
1198.78 2.86081e-07 
1198.79 2.85908e-07 
1198.8 2.85665e-07 
1198.81 2.85355e-07 
1198.82 2.84978e-07 
1198.83 2.84537e-07 
1198.84 2.84033e-07 
1198.85 2.83469e-07 
1198.86 2.82846e-07 
1198.87 2.82167e-07 
1198.88 2.81434e-07 
1198.89 2.80649e-07 
1198.9 2.79816e-07 
1198.91 2.78936e-07 
1198.92 2.78013e-07 
1198.93 2.77049e-07 
1198.94 2.76048e-07 
1198.95 2.75013e-07 
1198.96 2.73946e-07 
1198.97 2.72851e-07 
1198.98 2.71717e-07 
1198.99 2.70576e-07 
1199 2.69418e-07 
1199.01 2.68246e-07 
1199.02 2.67063e-07 
1199.03 2.65874e-07 
1199.04 2.64682e-07 
1199.05 2.63492e-07 
1199.06 2.62307e-07 
1199.07 2.61131e-07 
1199.08 2.59968e-07 
1199.09 2.58823e-07 
1199.1 2.57699e-07 
1199.11 2.566e-07 
1199.12 2.55532e-07 
1199.13 2.54498e-07 
1199.14 2.53501e-07 
1199.15 2.52548e-07 
1199.15 2.51641e-07 
1199.16 2.50785e-07 
1199.17 2.49984e-07 
1199.18 2.49243e-07 
1199.19 2.48565e-07 
1199.2 2.47956e-07 
1199.21 2.47418e-07 
1199.22 2.46951e-07 
1199.23 2.4657e-07 
1199.24 2.46274e-07 
1199.25 2.46066e-07 
1199.26 2.4595e-07 
1199.27 2.45931e-07 
1199.28 2.46011e-07 
1199.29 2.46194e-07 
1199.3 2.46485e-07 
1199.31 2.46886e-07 
1199.32 2.47402e-07 
1199.33 2.48035e-07 
1199.34 2.48788e-07 
1199.35 2.49666e-07 
1199.36 2.5067e-07 
1199.37 2.51804e-07 
1199.38 2.5307e-07 
1199.39 2.54471e-07 
1199.4 2.5601e-07 
1199.41 2.57689e-07 
1199.42 2.59509e-07 
1199.43 2.61474e-07 
1199.44 2.63585e-07 
1199.45 2.65843e-07 
1199.46 2.6825e-07 
1199.47 2.70808e-07 
1199.48 2.73552e-07 
1199.49 2.76416e-07 
1199.5 2.79434e-07 
1199.51 2.82606e-07 
1199.52 2.85932e-07 
1199.53 2.89414e-07 
1199.54 2.9305e-07 
1199.55 2.96841e-07 
1199.56 3.00786e-07 
1199.57 3.04885e-07 
1199.58 3.09138e-07 
1199.58 3.13542e-07 
1199.59 3.18097e-07 
1199.6 3.22802e-07 
1199.61 3.27858e-07 
1199.62 3.3286e-07 
1199.63 3.38007e-07 
1199.64 3.43296e-07 
1199.65 3.48725e-07 
1199.66 3.54291e-07 
1199.67 3.59991e-07 
1199.68 3.65823e-07 
1199.69 3.71783e-07 
1199.7 3.77868e-07 
1199.71 3.84074e-07 
1199.72 3.90397e-07 
1199.73 3.96915e-07 
1199.74 4.03463e-07 
1199.75 4.10116e-07 
1199.76 4.1687e-07 
1199.77 4.2372e-07 
1199.78 4.30661e-07 
1199.79 4.37689e-07 
1199.8 4.44798e-07 
1199.81 4.51983e-07 
1199.82 4.59239e-07 
1199.83 4.66561e-07 
1199.84 4.73943e-07 
1199.85 4.8138e-07 
1199.86 4.88865e-07 
1199.87 4.96393e-07 
1199.88 5.03959e-07 
1199.89 5.11556e-07 
1199.9 5.19179e-07 
1199.91 5.26821e-07 
1199.92 5.34477e-07 
1199.93 5.42141e-07 
1199.94 5.49806e-07 
1199.95 5.57467e-07 
1199.96 5.65118e-07 
1199.97 5.72753e-07 
1199.98 5.80462e-07 
1199.99 5.88047e-07 
1200 5.95599e-07 
1200.01 6.03113e-07 
1200.01 6.10582e-07 
1200.02 6.18001e-07 
1200.03 6.25366e-07 
1200.04 6.32671e-07 
1200.05 6.39911e-07 
1200.06 6.47081e-07 
1200.07 6.54178e-07 
1200.08 6.61197e-07 
1200.09 6.68133e-07 
1200.1 6.74983e-07 
1200.11 6.81743e-07 
1200.12 6.8841e-07 
1200.13 6.9498e-07 
1200.14 7.01452e-07 
1200.15 7.07822e-07 
1200.16 7.14087e-07 
1200.17 7.20247e-07 
1200.18 7.263e-07 
1200.19 7.32243e-07 
1200.2 7.38077e-07 
1200.21 7.438e-07 
1200.22 7.49413e-07 
1200.23 7.54984e-07 
1200.24 7.60375e-07 
1200.25 7.65657e-07 
1200.26 7.70831e-07 
1200.27 7.75899e-07 
1200.28 7.80862e-07 
1200.29 7.85724e-07 
1200.3 7.90487e-07 
1200.31 7.95154e-07 
1200.32 7.9973e-07 
1200.33 8.04217e-07 
1200.34 8.0862e-07 
1200.35 8.12945e-07 
1200.36 8.17196e-07 
1200.37 8.21379e-07 
1200.38 8.255e-07 
1200.39 8.29566e-07 
1200.4 8.33583e-07 
1200.41 8.37558e-07 
1200.42 8.415e-07 
1200.43 8.45415e-07 
1200.43 8.49312e-07 
1200.44 8.532e-07 
1200.45 8.57088e-07 
1200.46 8.60985e-07 
1200.47 8.649e-07 
1200.48 8.68893e-07 
1200.49 8.72875e-07 
1200.5 8.76906e-07 
1200.51 8.80997e-07 
1200.52 8.85158e-07 
1200.53 8.89401e-07 
1200.54 8.93737e-07 
1200.55 8.98177e-07 
1200.56 9.02733e-07 
1200.57 9.07417e-07 
1200.58 9.1224e-07 
1200.59 9.17215e-07 
1200.6 9.22354e-07 
1200.61 9.28241e-07 
1200.62 9.33748e-07 
1200.63 9.39454e-07 
1200.64 9.45373e-07 
1200.65 9.51517e-07 
1200.66 9.57898e-07 
1200.67 9.64527e-07 
1200.68 9.71417e-07 
1200.69 9.78579e-07 
1200.7 9.86025e-07 
1200.71 9.93766e-07 
1200.72 1.00181e-06 
1200.73 1.01029e-06 
1200.74 1.01898e-06 
1200.75 1.02802e-06 
1200.76 1.0374e-06 
1200.77 1.04715e-06 
1200.78 1.05726e-06 
1200.79 1.06774e-06 
1200.8 1.07862e-06 
1200.81 1.08988e-06 
1200.82 1.10155e-06 
1200.83 1.11362e-06 
1200.84 1.12611e-06 
1200.85 1.13902e-06 
1200.85 1.15236e-06 
1200.86 1.16613e-06 
1200.87 1.18033e-06 
1200.88 1.19498e-06 
1200.89 1.21006e-06 
1200.9 1.2256e-06 
1200.91 1.24157e-06 
1200.92 1.258e-06 
1200.93 1.27488e-06 
1200.94 1.2922e-06 
1200.95 1.30998e-06 
1200.96 1.32819e-06 
1200.97 1.34686e-06 
1200.98 1.3662e-06 
1200.99 1.38574e-06 
1201 1.40572e-06 
1201.01 1.42612e-06 
1201.02 1.44695e-06 
1201.03 1.46818e-06 
1201.04 1.48982e-06 
1201.05 1.51186e-06 
1201.06 1.53429e-06 
1201.07 1.55709e-06 
1201.08 1.58026e-06 
1201.09 1.60378e-06 
1201.1 1.62765e-06 
1201.11 1.65184e-06 
1201.12 1.67635e-06 
1201.13 1.70117e-06 
1201.14 1.72627e-06 
1201.15 1.75163e-06 
1201.16 1.77725e-06 
1201.17 1.80311e-06 
1201.18 1.82919e-06 
1201.19 1.85546e-06 
1201.2 1.88191e-06 
1201.21 1.90853e-06 
1201.22 1.93528e-06 
1201.23 1.96249e-06 
1201.24 1.98947e-06 
1201.25 2.01652e-06 
1201.26 2.04362e-06 
1201.27 2.07076e-06 
1201.28 2.0979e-06 
1201.28 2.12503e-06 
1201.29 2.15212e-06 
1201.3 2.17915e-06 
1201.31 2.20609e-06 
1201.32 2.23292e-06 
1201.33 2.25961e-06 
1201.34 2.28615e-06 
1201.35 2.3125e-06 
1201.36 2.33864e-06 
1201.37 2.36455e-06 
1201.38 2.3902e-06 
1201.39 2.41557e-06 
1201.4 2.44062e-06 
1201.41 2.46535e-06 
1201.42 2.48972e-06 
1201.43 2.51371e-06 
1201.44 2.53729e-06 
1201.45 2.56045e-06 
1201.46 2.58316e-06 
1201.47 2.60539e-06 
1201.48 2.6274e-06 
1201.49 2.64861e-06 
1201.5 2.66929e-06 
1201.51 2.68941e-06 
1201.52 2.70895e-06 
1201.53 2.72789e-06 
1201.54 2.74621e-06 
1201.55 2.7639e-06 
1201.56 2.78094e-06 
1201.57 2.79731e-06 
1201.58 2.81299e-06 
1201.59 2.82797e-06 
1201.6 2.84224e-06 
1201.61 2.85755e-06 
1201.62 2.87036e-06 
1201.63 2.88242e-06 
1201.64 2.89372e-06 
1201.65 2.90425e-06 
1201.66 2.914e-06 
1201.67 2.92296e-06 
1201.68 2.93113e-06 
1201.69 2.9385e-06 
1201.7 2.94507e-06 
1201.7 2.95083e-06 
1201.71 2.95579e-06 
1201.72 2.95998e-06 
1201.73 2.96331e-06 
1201.74 2.96584e-06 
1201.75 2.96755e-06 
1201.76 2.96847e-06 
1201.77 2.96859e-06 
1201.78 2.96791e-06 
1201.79 2.96646e-06 
1201.8 2.96422e-06 
1201.81 2.96122e-06 
1201.82 2.95747e-06 
1201.83 2.95296e-06 
1201.84 2.94772e-06 
1201.85 2.94176e-06 
1201.86 2.93509e-06 
1201.87 2.92773e-06 
1201.88 2.9197e-06 
1201.89 2.911e-06 
1201.9 2.90166e-06 
1201.91 2.89171e-06 
1201.92 2.88114e-06 
1201.93 2.87e-06 
1201.94 2.8583e-06 
1201.95 2.84605e-06 
1201.96 2.83329e-06 
1201.97 2.82004e-06 
1201.98 2.80615e-06 
1201.99 2.79198e-06 
1202 2.77739e-06 
1202.01 2.76241e-06 
1202.02 2.74707e-06 
1202.03 2.73138e-06 
1202.04 2.71539e-06 
1202.05 2.69911e-06 
1202.06 2.68257e-06 
1202.07 2.66581e-06 
1202.08 2.64884e-06 
1202.09 2.63171e-06 
1202.1 2.61444e-06 
1202.11 2.59705e-06 
1202.12 2.57958e-06 
1202.13 2.56205e-06 
1202.13 2.5445e-06 
1202.14 2.52695e-06 
1202.15 2.50943e-06 
1202.16 2.49198e-06 
1202.17 2.47461e-06 
1202.18 2.45736e-06 
1202.19 2.44026e-06 
1202.2 2.42333e-06 
1202.21 2.4066e-06 
1202.22 2.38989e-06 
1202.23 2.37364e-06 
1202.24 2.35768e-06 
1202.25 2.34201e-06 
1202.26 2.32668e-06 
1202.27 2.3117e-06 
1202.28 2.2971e-06 
1202.29 2.2829e-06 
1202.3 2.26912e-06 
1202.31 2.25578e-06 
1202.32 2.24291e-06 
1202.33 2.23052e-06 
1202.34 2.21864e-06 
1202.35 2.20727e-06 
1202.36 2.19644e-06 
1202.37 2.18617e-06 
1202.38 2.17647e-06 
1202.39 2.16735e-06 
1202.4 2.15883e-06 
1202.41 2.15092e-06 
1202.42 2.14363e-06 
1202.43 2.13697e-06 
1202.44 2.13095e-06 
1202.45 2.12559e-06 
1202.46 2.12088e-06 
1202.47 2.11683e-06 
1202.48 2.11341e-06 
1202.49 2.11071e-06 
1202.5 2.10869e-06 
1202.51 2.10734e-06 
1202.52 2.10668e-06 
1202.53 2.10669e-06 
1202.54 2.10738e-06 
1202.55 2.10874e-06 
1202.56 2.11077e-06 
1202.56 2.11347e-06 
1202.57 2.11683e-06 
1202.58 2.12085e-06 
1202.59 2.12551e-06 
1202.6 2.13081e-06 
1202.61 2.13806e-06 
1202.62 2.14461e-06 
1202.63 2.15177e-06 
1202.64 2.15953e-06 
1202.65 2.16786e-06 
1202.66 2.17677e-06 
1202.67 2.18622e-06 
1202.68 2.19622e-06 
1202.69 2.20673e-06 
1202.7 2.21774e-06 
1202.71 2.22924e-06 
1202.72 2.2412e-06 
1202.73 2.25376e-06 
1202.74 2.2666e-06 
1202.75 2.27984e-06 
1202.76 2.29346e-06 
1202.77 2.30744e-06 
1202.78 2.32175e-06 
1202.79 2.33638e-06 
1202.8 2.3513e-06 
1202.81 2.36648e-06 
1202.82 2.3819e-06 
1202.83 2.39753e-06 
1202.84 2.41336e-06 
1202.85 2.42934e-06 
1202.86 2.44547e-06 
1202.87 2.4617e-06 
1202.88 2.47802e-06 
1202.89 2.4944e-06 
1202.9 2.51081e-06 
1202.91 2.52723e-06 
1202.92 2.54362e-06 
1202.93 2.55996e-06 
1202.94 2.57623e-06 
1202.95 2.59239e-06 
1202.96 2.60843e-06 
1202.97 2.62431e-06 
1202.98 2.64e-06 
1202.98 2.65568e-06 
1202.99 2.67094e-06 
1203 2.68593e-06 
1203.01 2.70064e-06 
1203.02 2.71504e-06 
1203.03 2.7291e-06 
1203.04 2.7428e-06 
1203.05 2.75613e-06 
1203.06 2.76905e-06 
1203.07 2.78154e-06 
1203.08 2.79358e-06 
1203.09 2.80515e-06 
1203.1 2.81623e-06 
1203.11 2.82679e-06 
1203.12 2.83683e-06 
1203.13 2.84631e-06 
1203.14 2.85522e-06 
1203.15 2.86355e-06 
1203.16 2.87127e-06 
1203.17 2.87837e-06 
1203.18 2.88484e-06 
1203.19 2.89066e-06 
1203.2 2.89582e-06 
1203.21 2.9003e-06 
1203.22 2.90409e-06 
1203.23 2.90722e-06 
1203.24 2.90959e-06 
1203.25 2.91124e-06 
1203.26 2.91217e-06 
1203.27 2.91236e-06 
1203.28 2.91181e-06 
1203.29 2.91051e-06 
1203.3 2.90845e-06 
1203.31 2.90564e-06 
1203.32 2.90207e-06 
1203.33 2.89773e-06 
1203.34 2.89263e-06 
1203.35 2.88676e-06 
1203.36 2.88013e-06 
1203.37 2.87273e-06 
1203.38 2.86457e-06 
1203.39 2.85564e-06 
1203.4 2.84597e-06 
1203.41 2.83554e-06 
1203.41 2.82436e-06 
1203.42 2.81244e-06 
1203.43 2.79979e-06 
1203.44 2.78642e-06 
1203.45 2.77232e-06 
1203.46 2.75752e-06 
1203.47 2.74201e-06 
1203.48 2.72561e-06 
1203.49 2.70874e-06 
1203.5 2.69119e-06 
1203.51 2.673e-06 
1203.52 2.65416e-06 
1203.53 2.6347e-06 
1203.54 2.61462e-06 
1203.55 2.59395e-06 
1203.56 2.5727e-06 
1203.57 2.55088e-06 
1203.58 2.52851e-06 
1203.59 2.5056e-06 
1203.6 2.48218e-06 
1203.61 2.45977e-06 
1203.62 2.43535e-06 
1203.63 2.41047e-06 
1203.64 2.38515e-06 
1203.65 2.35939e-06 
1203.66 2.33323e-06 
1203.67 2.30668e-06 
1203.68 2.27977e-06 
1203.69 2.2525e-06 
1203.7 2.2249e-06 
1203.71 2.19699e-06 
1203.72 2.16879e-06 
1203.73 2.13996e-06 
1203.74 2.11123e-06 
1203.75 2.08228e-06 
1203.76 2.05311e-06 
1203.77 2.02375e-06 
1203.78 1.99422e-06 
1203.79 1.96453e-06 
1203.8 1.93472e-06 
1203.81 1.90479e-06 
1203.82 1.87476e-06 
1203.83 1.84466e-06 
1203.83 1.81451e-06 
1203.84 1.78431e-06 
1203.85 1.7541e-06 
1203.86 1.72388e-06 
1203.87 1.69368e-06 
1203.88 1.66351e-06 
1203.89 1.6334e-06 
1203.9 1.60335e-06 
1203.91 1.57338e-06 
1203.92 1.54351e-06 
1203.93 1.51376e-06 
1203.94 1.48414e-06 
1203.95 1.45466e-06 
1203.96 1.42534e-06 
1203.97 1.3962e-06 
1203.98 1.36689e-06 
1203.99 1.33813e-06 
1204 1.30959e-06 
1204.01 1.28128e-06 
1204.02 1.2532e-06 
1204.03 1.22538e-06 
1204.04 1.19781e-06 
1204.05 1.17051e-06 
1204.06 1.14349e-06 
1204.07 1.11677e-06 
1204.08 1.09034e-06 
1204.09 1.06421e-06 
1204.1 1.03841e-06 
1204.11 1.01292e-06 
1204.12 9.87766e-07 
1204.13 9.62948e-07 
1204.14 9.38472e-07 
1204.15 9.14344e-07 
1204.16 8.9057e-07 
1204.17 8.67155e-07 
1204.18 8.44102e-07 
1204.19 8.21417e-07 
1204.2 7.99101e-07 
1204.21 7.77159e-07 
1204.22 7.55594e-07 
1204.23 7.34144e-07 
1204.24 7.13342e-07 
1204.25 6.92922e-07 
1204.26 6.72885e-07 
1204.26 6.53231e-07 
1204.27 6.33962e-07 
1204.28 6.15076e-07 
1204.29 5.96575e-07 
1204.3 5.78457e-07 
1204.31 5.60721e-07 
1204.32 5.43366e-07 
1204.33 5.2639e-07 
1204.34 5.09792e-07 
1204.35 4.93569e-07 
1204.36 4.7772e-07 
1204.37 4.62241e-07 
1204.38 4.4713e-07 
1204.39 4.32383e-07 
1204.4 4.17997e-07 
1204.41 4.03968e-07 
1204.42 3.90294e-07 
1204.43 3.76969e-07 
1204.44 3.6399e-07 
1204.45 3.51353e-07 
1204.46 3.39053e-07 
1204.47 3.27086e-07 
1204.48 3.15302e-07 
1204.49 3.0399e-07 
1204.5 2.92995e-07 
1204.51 2.82314e-07 
1204.52 2.7194e-07 
1204.53 2.61869e-07 
1204.54 2.52096e-07 
1204.55 2.42614e-07 
1204.56 2.33419e-07 
1204.57 2.24506e-07 
1204.58 2.15868e-07 
1204.59 2.075e-07 
1204.6 1.99397e-07 
1204.61 1.91552e-07 
1204.62 1.84075e-07 
1204.63 1.76727e-07 
1204.64 1.69622e-07 
1204.65 1.62754e-07 
1204.66 1.56117e-07 
1204.67 1.49706e-07 
1204.68 1.43516e-07 
1204.68 1.3754e-07 
1204.69 1.31773e-07 
1204.7 1.2621e-07 
1204.71 1.20846e-07 
1204.72 1.15612e-07 
1204.73 1.10631e-07 
1204.74 1.05834e-07 
1204.75 1.01214e-07 
1204.76 9.67666e-08 
1204.77 9.24871e-08 
1204.78 8.83703e-08 
1204.79 8.44114e-08 
1204.8 8.06058e-08 
1204.81 7.69487e-08 
1204.82 7.34354e-08 
1204.83 7.00616e-08 
1204.84 6.68228e-08 
1204.85 6.37145e-08 
1204.86 6.07327e-08 
1204.87 5.7873e-08 
1204.88 5.51315e-08 
1204.89 5.25041e-08 
1204.9 4.99869e-08 
1204.91 4.75762e-08 
1204.92 4.52681e-08 
1204.93 4.30591e-08 
1204.94 4.09456e-08 
1204.95 3.89242e-08 
1204.96 3.69915e-08 
1204.97 3.51443e-08 
1204.98 3.33577e-08 
1204.99 3.16728e-08 
1205 3.00639e-08 
1205.01 2.85283e-08 
1205.02 2.70629e-08 
1205.03 2.56652e-08 
1205.04 2.43323e-08 
1205.05 2.30618e-08 
1205.06 2.1851e-08 
1205.07 2.06976e-08 
1205.08 1.95992e-08 
1205.09 1.85536e-08 
1205.1 1.75584e-08 
1205.11 1.66117e-08 
1205.11 1.57113e-08 
1205.12 1.48552e-08 
1205.13 1.40416e-08 
1205.14 1.32686e-08 
1205.15 1.25343e-08 
1205.16 1.18372e-08 
1205.17 1.11755e-08 
1205.18 1.05476e-08 
1205.19 9.95196e-09 
1205.2 9.38717e-09 
1205.21 8.85179e-09 
1205.22 8.33843e-09 
1205.23 7.85796e-09 
1205.24 7.40311e-09 
1205.25 6.97249e-09 
1205.26 6.56495e-09 
1205.27 6.17938e-09 
1205.28 5.81471e-09 
1205.29 5.46993e-09 
1205.3 5.14404e-09 
1205.31 4.83612e-09 
1205.32 4.54527e-09 
1205.33 4.27064e-09 
1205.34 4.01139e-09 
1205.35 3.76675e-09 
1205.36 3.53597e-09 
1205.37 3.31834e-09 
1205.38 3.11317e-09 
1205.39 2.91981e-09 
1205.4 2.73763e-09 
1205.41 2.56606e-09 
1205.42 2.40451e-09 
1205.43 2.25246e-09 
1205.44 2.1094e-09 
1205.45 1.97483e-09 
1205.46 1.84829e-09 
1205.47 1.72934e-09 
1205.48 1.61624e-09 
1205.49 1.51128e-09 
1205.5 1.41274e-09 
1205.51 1.32023e-09 
1205.52 1.23341e-09 
1205.53 1.15195e-09 
1205.54 1.07555e-09 
1205.54 1.00392e-09 
1205.55 9.36776e-10 
1205.56 8.73862e-10 
1205.57 8.14928e-10 
1205.58 7.59741e-10 
1205.59 7.08079e-10 
1205.6 6.59733e-10 
1205.61 6.1488e-10 
1205.62 5.72554e-10 
1205.63 5.32981e-10 
1205.64 4.95995e-10 
1205.65 4.61437e-10 
1205.66 4.29158e-10 
1205.67 3.99018e-10 
1205.68 3.70883e-10 
1205.69 3.44629e-10 
1205.7 3.20137e-10 
1205.71 2.97297e-10 
1205.72 2.76003e-10 
1205.73 2.55919e-10 
1205.74 2.37446e-10 
1205.75 2.2024e-10 
1205.76 2.0422e-10 
1205.77 1.89308e-10 
1205.78 1.75433e-10 
1205.79 1.62526e-10 
1205.8 1.50523e-10 
1205.81 1.39365e-10 
1205.82 1.28995e-10 
1205.83 1.19362e-10 
1205.84 1.10414e-10 
1205.85 1.02107e-10 
1205.86 9.43964e-11 
1205.87 8.72419e-11 
1205.88 8.06055e-11 
1205.89 7.44516e-11 
1205.9 6.8747e-11 
1205.91 6.34604e-11 
1205.92 5.85628e-11 
1205.93 5.40269e-11 
1205.94 4.98275e-11 
1205.95 4.59407e-11 
1205.96 4.23444e-11 
1205.96 3.90179e-11 
1205.97 3.5942e-11 
1205.98 3.30644e-11 
1205.99 3.04395e-11 
1206 2.80145e-11 
1206.01 2.5775e-11 
1206.02 2.37074e-11 
1206.03 2.17991e-11 
1206.04 2.00385e-11 
1206.05 1.84145e-11 
1206.06 1.6917e-11 
1206.07 1.55367e-11 
1206.08 1.42647e-11 
1206.09 1.30929e-11 
1206.1 1.20138e-11 
1206.11 1.10203e-11 
1206.12 1.0106e-11 
1206.13 9.26473e-12 
1206.14 8.49094e-12 
1206.15 7.77946e-12 
1206.16 7.12545e-12 
1206.17 6.52447e-12 
1206.18 5.97238e-12 
1206.19 5.46538e-12 
1206.2 4.99992e-12 
1206.21 4.57272e-12 
1206.22 4.18078e-12 
1206.23 3.81698e-12 
1206.24 3.48771e-12 
1206.25 3.18588e-12 
1206.26 2.90931e-12 
1206.27 2.65594e-12 
1206.28 2.42392e-12 
1206.29 2.2115e-12 
1206.3 2.0171e-12 
1206.31 1.83923e-12 
1206.32 1.67654e-12 
1206.33 1.52779e-12 
1206.34 1.39181e-12 
1206.35 1.26756e-12 
1206.36 1.15406e-12 
1206.37 1.0504e-12 
1206.38 9.55768e-13 
1206.39 8.69401e-13 
1206.39 7.90601e-13 
1206.4 7.18728e-13 
1206.41 6.53193e-13 
1206.42 5.93456e-13 
1206.43 5.3902e-13 
1206.44 4.89431e-13 
1206.45 4.44271e-13 
1206.46 4.03156e-13 
1206.47 3.65738e-13 
1206.48 3.31287e-13 
1206.49 3.00357e-13 
1206.5 2.72234e-13 
1206.51 2.46669e-13 
1206.52 2.23439e-13 
1206.53 2.02336e-13 
1206.54 1.8317e-13 
1206.55 1.65771e-13 
1206.56 1.49979e-13 
1206.57 1.35651e-13 
1206.58 1.22655e-13 
1206.59 1.10871e-13 
1206.6 0 
