#energy geo_1 
1186.6 0 
1186.61 0 
1186.62 0 
1186.63 0 
1186.64 0 
1186.65 0 
1186.66 0 
1186.67 0 
1186.68 0 
1186.69 0 
1186.7 0 
1186.71 0 
1186.72 0 
1186.73 0 
1186.74 0 
1186.75 0 
1186.76 0 
1186.77 0 
1186.78 0 
1186.79 0 
1186.8 0 
1186.81 0 
1186.81 0 
1186.82 0 
1186.83 0 
1186.84 0 
1186.85 0 
1186.86 0 
1186.87 0 
1186.88 0 
1186.89 0 
1186.9 0 
1186.91 0 
1186.92 0 
1186.93 0 
1186.94 0 
1186.95 0 
1186.96 0 
1186.97 0 
1186.98 0 
1186.99 0 
1187 0 
1187.01 0 
1187.02 0 
1187.03 0 
1187.04 0 
1187.05 0 
1187.06 0 
1187.07 0 
1187.08 0 
1187.09 0 
1187.1 0 
1187.11 0 
1187.12 0 
1187.13 0 
1187.14 0 
1187.15 0 
1187.16 0 
1187.17 0 
1187.18 0 
1187.19 0 
1187.2 0 
1187.21 0 
1187.22 0 
1187.23 0 
1187.24 0 
1187.24 0 
1187.25 0 
1187.26 0 
1187.27 0 
1187.28 0 
1187.29 0 
1187.3 0 
1187.31 0 
1187.32 0 
1187.33 0 
1187.34 0 
1187.35 0 
1187.36 0 
1187.37 0 
1187.38 0 
1187.39 0 
1187.4 0 
1187.41 0 
1187.42 0 
1187.43 0 
1187.44 0 
1187.45 0 
1187.46 0 
1187.47 0 
1187.48 0 
1187.49 0 
1187.5 0 
1187.51 0 
1187.52 0 
1187.53 0 
1187.54 0 
1187.55 0 
1187.56 0 
1187.57 0 
1187.58 0 
1187.59 0 
1187.6 0 
1187.61 0 
1187.62 0 
1187.63 0 
1187.64 0 
1187.65 0 
1187.66 0 
1187.66 0 
1187.67 0 
1187.68 0 
1187.69 0 
1187.7 0 
1187.71 0 
1187.72 0 
1187.73 0 
1187.74 0 
1187.75 0 
1187.76 0 
1187.77 0 
1187.78 0 
1187.79 0 
1187.8 0 
1187.81 0 
1187.82 0 
1187.83 0 
1187.84 0 
1187.85 0 
1187.86 0 
1187.87 0 
1187.88 0 
1187.89 0 
1187.9 0 
1187.91 0 
1187.92 0 
1187.93 0 
1187.94 0 
1187.95 0 
1187.96 0 
1187.97 0 
1187.98 0 
1187.99 0 
1188 0 
1188.01 0 
1188.02 0 
1188.03 0 
1188.04 0 
1188.05 0 
1188.06 0 
1188.07 0 
1188.08 0 
1188.09 0 
1188.09 0 
1188.1 0 
1188.11 0 
1188.12 0 
1188.13 0 
1188.14 0 
1188.15 0 
1188.16 0 
1188.17 0 
1188.18 0 
1188.19 0 
1188.2 0 
1188.21 0 
1188.22 0 
1188.23 0 
1188.24 0 
1188.25 0 
1188.26 0 
1188.27 0 
1188.28 0 
1188.29 0 
1188.3 0 
1188.31 0 
1188.32 0 
1188.33 0 
1188.34 0 
1188.35 0 
1188.36 0 
1188.37 0 
1188.38 0 
1188.39 0 
1188.4 0 
1188.41 0 
1188.42 0 
1188.43 0 
1188.44 0 
1188.45 0 
1188.46 0 
1188.47 0 
1188.48 0 
1188.49 0 
1188.5 0 
1188.51 0 
1188.52 0 
1188.52 0 
1188.53 0 
1188.54 0 
1188.55 0 
1188.56 0 
1188.57 0 
1188.58 0 
1188.59 0 
1188.6 0 
1188.61 0 
1188.62 0 
1188.63 0 
1188.64 0 
1188.65 0 
1188.66 0 
1188.67 0 
1188.68 0 
1188.69 0 
1188.7 0 
1188.71 0 
1188.72 0 
1188.73 0 
1188.74 0 
1188.75 0 
1188.76 0 
1188.77 0 
1188.78 0 
1188.79 0 
1188.8 0 
1188.81 0 
1188.82 0 
1188.83 0 
1188.84 0 
1188.85 0 
1188.86 0 
1188.87 0 
1188.88 0 
1188.89 0 
1188.9 0 
1188.91 0 
1188.92 0 
1188.93 0 
1188.94 0 
1188.94 0 
1188.95 0 
1188.96 0 
1188.97 0 
1188.98 0 
1188.99 0 
1189 0 
1189.01 0 
1189.02 0 
1189.03 0 
1189.04 0 
1189.05 0 
1189.06 0 
1189.07 0 
1189.08 0 
1189.09 0 
1189.1 0 
1189.11 0 
1189.12 0 
1189.13 0 
1189.14 0 
1189.15 0 
1189.16 0 
1189.17 0 
1189.18 0 
1189.19 0 
1189.2 0 
1189.21 0 
1189.22 0 
1189.23 0 
1189.24 0 
1189.25 0 
1189.26 0 
1189.27 0 
1189.28 0 
1189.29 0 
1189.3 0 
1189.31 0 
1189.32 0 
1189.33 0 
1189.34 0 
1189.35 0 
1189.36 0 
1189.36 0 
1189.37 0 
1189.38 0 
1189.39 0 
1189.4 0 
1189.41 0 
1189.42 0 
1189.43 0 
1189.44 0 
1189.45 0 
1189.46 0 
1189.47 0 
1189.48 0 
1189.49 0 
1189.5 0 
1189.51 0 
1189.52 0 
1189.53 0 
1189.54 0 
1189.55 0 
1189.56 0 
1189.57 0 
1189.58 0 
1189.59 0 
1189.6 0 
1189.61 0 
1189.62 0 
1189.63 0 
1189.64 0 
1189.65 0 
1189.66 0 
1189.67 0 
1189.68 0 
1189.69 0 
1189.7 0 
1189.71 0 
1189.72 0 
1189.73 0 
1189.74 0 
1189.75 0 
1189.76 0 
1189.77 0 
1189.78 0 
1189.79 0 
1189.79 0 
1189.8 0 
1189.81 0 
1189.82 0 
1189.83 0 
1189.84 0 
1189.85 0 
1189.86 0 
1189.87 0 
1189.88 0 
1189.89 0 
1189.9 0 
1189.91 0 
1189.92 0 
1189.93 0 
1189.94 0 
1189.95 0 
1189.96 0 
1189.97 0 
1189.98 0 
1189.99 0 
1190 0 
1190.01 0 
1190.02 0 
1190.03 0 
1190.04 0 
1190.05 0 
1190.06 0 
1190.07 0 
1190.08 0 
1190.09 0 
1190.1 0 
1190.11 0 
1190.12 0 
1190.13 0 
1190.14 0 
1190.15 0 
1190.16 0 
1190.17 0 
1190.18 0 
1190.19 0 
1190.2 0 
1190.21 1.4013e-45 
1190.21 1.4013e-45 
1190.22 1.4013e-45 
1190.23 1.4013e-45 
1190.24 2.8026e-45 
1190.25 2.8026e-45 
1190.26 2.8026e-45 
1190.27 4.2039e-45 
1190.28 5.60519e-45 
1190.29 7.00649e-45 
1190.3 8.40779e-45 
1190.31 1.12104e-44 
1190.32 1.4013e-44 
1190.33 1.82169e-44 
1190.34 2.38221e-44 
1190.35 3.08286e-44 
1190.36 3.92364e-44 
1190.37 5.04467e-44 
1190.38 6.5861e-44 
1190.39 8.54792e-44 
1190.4 1.09301e-43 
1190.41 1.4013e-43 
1190.42 1.79366e-43 
1190.43 2.32616e-43 
1190.44 2.98477e-43 
1190.45 3.83956e-43 
1190.46 4.93257e-43 
1190.47 6.34788e-43 
1190.48 8.15556e-43 
1190.49 1.04677e-42 
1190.5 1.34385e-42 
1190.51 1.7236e-42 
1190.52 2.20845e-42 
1190.53 2.82922e-42 
1190.54 3.62376e-42 
1190.55 4.6397e-42 
1190.56 5.9359e-42 
1190.57 7.59224e-42 
1190.58 9.70679e-42 
1190.59 1.24029e-41 
1190.6 1.58431e-41 
1190.61 2.02404e-41 
1190.62 2.58301e-41 
1190.63 3.29515e-41 
1190.64 4.20165e-41 
1190.64 5.3552e-41 
1190.65 6.82264e-41 
1190.66 8.68819e-41 
1190.67 1.10592e-40 
1190.68 1.40707e-40 
1190.69 1.78949e-40 
1190.7 2.27484e-40 
1190.71 2.89056e-40 
1190.72 3.67133e-40 
1190.73 4.6749e-40 
1190.74 5.93243e-40 
1190.75 7.52496e-40 
1190.76 9.54084e-40 
1190.77 1.20915e-39 
1190.78 1.53173e-39 
1190.79 1.93953e-39 
1190.8 2.45483e-39 
1190.81 3.10568e-39 
1190.82 3.92738e-39 
1190.83 4.96432e-39 
1190.84 6.2723e-39 
1190.85 7.92145e-39 
1190.86 9.99984e-39 
1190.87 1.2618e-38 
1190.88 1.59148e-38 
1190.89 2.00642e-38 
1190.9 2.52844e-38 
1190.91 3.18488e-38 
1190.92 4.01001e-38 
1190.93 5.04671e-38 
1190.94 6.34865e-38 
1190.95 7.98298e-38 
1190.96 1.00337e-37 
1190.97 1.26056e-37 
1190.98 1.5875e-37 
1190.99 1.99268e-37 
1191 2.50019e-37 
1191.01 3.13558e-37 
1191.02 3.93073e-37 
1191.03 4.92538e-37 
1191.04 6.16902e-37 
1191.05 7.72331e-37 
1191.06 9.66499e-37 
1191.07 1.20896e-36 
1191.07 1.51157e-36 
1191.08 1.88912e-36 
1191.09 2.35993e-36 
1191.1 2.9468e-36 
1191.11 3.678e-36 
1191.12 4.58864e-36 
1191.13 5.72224e-36 
1191.14 7.13279e-36 
1191.15 8.88717e-36 
1191.16 1.10682e-35 
1191.17 1.37785e-35 
1191.18 1.71451e-35 
1191.19 2.13248e-35 
1191.2 2.6512e-35 
1191.21 3.29465e-35 
1191.22 4.09249e-35 
1191.23 5.09507e-35 
1191.24 6.32334e-35 
1191.25 7.8443e-35 
1191.26 9.72686e-35 
1191.27 1.20559e-34 
1191.28 1.49362e-34 
1191.29 1.84965e-34 
1191.3 2.28955e-34 
1191.31 2.83284e-34 
1191.32 3.50351e-34 
1191.33 4.33108e-34 
1191.34 5.35179e-34 
1191.35 6.61016e-34 
1191.36 8.16087e-34 
1191.37 1.0071e-33 
1191.38 1.24227e-33 
1191.39 1.53169e-33 
1191.4 1.88772e-33 
1191.41 2.3255e-33 
1191.42 2.86354e-33 
1191.43 3.52453e-33 
1191.44 4.33621e-33 
1191.45 5.33249e-33 
1191.46 6.55481e-33 
1191.47 8.05379e-33 
1191.48 9.91944e-33 
1191.49 1.21738e-32 
1191.49 1.49381e-32 
1191.5 1.83221e-32 
1191.51 2.2463e-32 
1191.52 2.75277e-32 
1191.53 3.37196e-32 
1191.54 4.12862e-32 
1191.55 5.05288e-32 
1191.56 6.18134e-32 
1191.57 7.55854e-32 
1191.58 9.23854e-32 
1191.59 1.1287e-31 
1191.6 1.37923e-31 
1191.61 1.68357e-31 
1191.62 2.05419e-31 
1191.63 2.50529e-31 
1191.64 3.05413e-31 
1191.65 3.72158e-31 
1191.66 4.53291e-31 
1191.67 5.51872e-31 
1191.68 6.71599e-31 
1191.69 8.16943e-31 
1191.7 9.93309e-31 
1191.71 1.20722e-30 
1191.72 1.46657e-30 
1191.73 1.78517e-30 
1191.74 2.16676e-30 
1191.75 2.62878e-30 
1191.76 3.18793e-30 
1191.77 3.86432e-30 
1191.78 4.68218e-30 
1191.79 5.67066e-30 
1191.8 6.86483e-30 
1191.81 8.30685e-30 
1191.82 1.00474e-29 
1191.83 1.21474e-29 
1191.84 1.46798e-29 
1191.85 1.77325e-29 
1191.86 2.14106e-29 
1191.87 2.58404e-29 
1191.88 3.11732e-29 
1191.89 3.759e-29 
1191.9 4.5308e-29 
1191.91 5.45868e-29 
1191.92 6.57372e-29 
1191.92 7.91307e-29 
1191.93 9.52115e-29 
1191.94 1.1451e-28 
1191.95 1.37661e-28 
1191.96 1.6542e-28 
1191.97 1.98689e-28 
1191.98 2.39091e-28 
1191.99 2.86925e-28 
1192 3.44179e-28 
1192.01 4.12679e-28 
1192.02 4.94595e-28 
1192.03 5.92513e-28 
1192.04 7.09507e-28 
1192.05 8.49231e-28 
1192.06 1.01603e-27 
1192.07 1.21506e-27 
1192.08 1.45244e-27 
1192.09 1.73544e-27 
1192.1 2.07268e-27 
1192.11 2.47437e-27 
1192.12 2.95262e-27 
1192.13 3.52178e-27 
1192.14 4.19882e-27 
1192.15 5.00383e-27 
1192.16 5.96058e-27 
1192.17 7.09717e-27 
1192.18 8.4468e-27 
1192.19 1.00487e-26 
1192.2 1.19492e-26 
1192.21 1.42029e-26 
1192.22 1.68743e-26 
1192.23 2.00826e-26 
1192.24 2.3839e-26 
1192.25 2.82857e-26 
1192.26 3.35472e-26 
1192.27 3.977e-26 
1192.28 4.71267e-26 
1192.29 5.58198e-26 
1192.3 6.60876e-26 
1192.31 7.82101e-26 
1192.32 9.25158e-26 
1192.33 1.0939e-25 
1192.34 1.29287e-25 
1192.34 1.52735e-25 
1192.35 1.80358e-25 
1192.36 2.12883e-25 
1192.37 2.51164e-25 
1192.38 2.962e-25 
1192.39 3.49158e-25 
1192.4 4.11406e-25 
1192.41 4.8454e-25 
1192.42 5.70427e-25 
1192.43 6.71243e-25 
1192.44 7.89534e-25 
1192.45 9.28266e-25 
1192.46 1.0909e-24 
1192.47 1.28147e-24 
1192.48 1.50769e-24 
1192.49 1.76951e-24 
1192.5 2.07589e-24 
1192.51 2.43426e-24 
1192.52 2.85326e-24 
1192.53 3.34291e-24 
1192.54 3.91489e-24 
1192.55 4.58273e-24 
1192.56 5.36216e-24 
1192.57 6.27143e-24 
1192.58 7.33168e-24 
1192.59 8.56743e-24 
1192.6 1.00071e-23 
1192.61 1.16909e-23 
1192.62 1.36435e-23 
1192.63 1.59153e-23 
1192.64 1.85574e-23 
1192.65 2.16285e-23 
1192.66 2.5197e-23 
1192.67 2.93414e-23 
1192.68 3.41526e-23 
1192.69 3.97354e-23 
1192.7 4.62106e-23 
1192.71 5.37176e-23 
1192.72 6.24168e-23 
1192.73 7.26288e-23 
1192.74 8.43166e-23 
1192.75 9.78425e-23 
1192.76 1.13489e-22 
1192.77 1.3158e-22 
1192.77 1.52488e-22 
1192.78 1.76641e-22 
1192.79 2.04531e-22 
1192.8 2.36722e-22 
1192.81 2.73859e-22 
1192.82 3.16684e-22 
1192.83 3.66047e-22 
1192.84 4.22919e-22 
1192.85 4.88415e-22 
1192.86 5.63807e-22 
1192.87 6.50554e-22 
1192.88 7.50319e-22 
1192.89 8.65007e-22 
1192.9 9.96791e-22 
1192.91 1.14815e-21 
1192.92 1.32192e-21 
1192.93 1.52132e-21 
1192.94 1.75004e-21 
1192.95 2.01226e-21 
1192.96 2.31277e-21 
1192.97 2.65699e-21 
1192.98 3.05639e-21 
1192.99 3.50822e-21 
1193 4.02508e-21 
1193.01 4.61607e-21 
1193.02 5.29154e-21 
1193.03 6.06319e-21 
1193.04 6.94435e-21 
1193.05 7.9501e-21 
1193.06 9.09754e-21 
1193.07 1.04061e-20 
1193.08 1.18976e-20 
1193.09 1.3597e-20 
1193.1 1.55323e-20 
1193.11 1.77354e-20 
1193.12 2.02421e-20 
1193.13 2.3093e-20 
1193.14 2.6334e-20 
1193.15 3.00168e-20 
1193.16 3.41996e-20 
1193.17 3.89484e-20 
1193.18 4.43372e-20 
1193.19 5.04495e-20 
1193.19 5.73795e-20 
1193.2 6.5233e-20 
1193.21 7.41291e-20 
1193.22 8.43442e-20 
1193.23 9.57526e-20 
1193.24 1.08668e-19 
1193.25 1.23271e-19 
1193.26 1.39776e-19 
1193.27 1.58422e-19 
1193.28 1.79477e-19 
1193.29 2.03241e-19 
1193.3 2.30052e-19 
1193.31 2.60286e-19 
1193.32 2.94365e-19 
1193.33 3.3276e-19 
1193.34 3.76e-19 
1193.35 4.24673e-19 
1193.36 4.79438e-19 
1193.37 5.41029e-19 
1193.38 6.10266e-19 
1193.39 6.88064e-19 
1193.4 7.75441e-19 
1193.41 8.73533e-19 
1193.42 9.83605e-19 
1193.43 1.10706e-18 
1193.44 1.24547e-18 
1193.45 1.40058e-18 
1193.46 1.57431e-18 
1193.47 1.76883e-18 
1193.48 1.98939e-18 
1193.49 2.23322e-18 
1193.5 2.50585e-18 
1193.51 2.81054e-18 
1193.52 3.1509e-18 
1193.53 3.53094e-18 
1193.54 3.95509e-18 
1193.55 4.42826e-18 
1193.56 4.95587e-18 
1193.57 5.54393e-18 
1193.58 6.19906e-18 
1193.59 6.92859e-18 
1193.6 7.7406e-18 
1193.61 8.64935e-18 
1193.62 9.6546e-18 
1193.62 1.0772e-17 
1193.63 1.20134e-17 
1193.64 1.33921e-17 
1193.65 1.49226e-17 
1193.66 1.66206e-17 
1193.67 1.85038e-17 
1193.68 2.05914e-17 
1193.69 2.29046e-17 
1193.7 2.54664e-17 
1193.71 2.83025e-17 
1193.72 3.14407e-17 
1193.73 3.49573e-17 
1193.74 3.87993e-17 
1193.75 4.30448e-17 
1193.76 4.7734e-17 
1193.77 5.29109e-17 
1193.78 5.86238e-17 
1193.79 6.49252e-17 
1193.8 7.18725e-17 
1193.81 7.95286e-17 
1193.82 8.79618e-17 
1193.83 9.72469e-17 
1193.84 1.07465e-16 
1193.85 1.18705e-16 
1193.86 1.31064e-16 
1193.87 1.44646e-16 
1193.88 1.59567e-16 
1193.89 1.75949e-16 
1193.9 1.93929e-16 
1193.91 2.13653e-16 
1193.92 2.35281e-16 
1193.93 2.58985e-16 
1193.94 2.84952e-16 
1193.95 3.13387e-16 
1193.96 3.44509e-16 
1193.97 3.78556e-16 
1193.98 4.16273e-16 
1193.99 4.57012e-16 
1194 5.01518e-16 
1194.01 5.50119e-16 
1194.02 6.03166e-16 
1194.03 6.61041e-16 
1194.04 7.24152e-16 
1194.05 7.92944e-16 
1194.05 8.67891e-16 
1194.06 9.49508e-16 
1194.07 1.03835e-15 
1194.08 1.135e-15 
1194.09 1.24012e-15 
1194.1 1.35437e-15 
1194.11 1.47851e-15 
1194.12 1.61333e-15 
1194.13 1.75966e-15 
1194.14 1.91844e-15 
1194.15 2.09063e-15 
1194.16 2.27728e-15 
1194.17 2.47951e-15 
1194.18 2.69853e-15 
1194.19 2.93561e-15 
1194.2 3.19213e-15 
1194.21 3.46955e-15 
1194.22 3.76943e-15 
1194.23 4.09766e-15 
1194.24 4.44793e-15 
1194.25 4.82604e-15 
1194.26 5.234e-15 
1194.27 5.67397e-15 
1194.28 6.14825e-15 
1194.29 6.65927e-15 
1194.3 7.20961e-15 
1194.31 7.80204e-15 
1194.32 8.43946e-15 
1194.33 9.12498e-15 
1194.34 9.86188e-15 
1194.35 1.06536e-14 
1194.36 1.1504e-14 
1194.37 1.24167e-14 
1194.38 1.33961e-14 
1194.39 1.44464e-14 
1194.4 1.55722e-14 
1194.41 1.67784e-14 
1194.42 1.80703e-14 
1194.43 1.9453e-14 
1194.44 2.09325e-14 
1194.45 2.25147e-14 
1194.46 2.42059e-14 
1194.47 2.60128e-14 
1194.47 2.79681e-14 
1194.48 3.00286e-14 
1194.49 3.22277e-14 
1194.5 3.45729e-14 
1194.51 3.70725e-14 
1194.52 3.97355e-14 
1194.53 4.25712e-14 
1194.54 4.55894e-14 
1194.55 4.88003e-14 
1194.56 5.22146e-14 
1194.57 5.58434e-14 
1194.58 5.96983e-14 
1194.59 6.37915e-14 
1194.6 6.81357e-14 
1194.61 7.2789e-14 
1194.62 7.7678e-14 
1194.63 8.28594e-14 
1194.64 8.83478e-14 
1194.65 9.41587e-14 
1194.66 1.00308e-13 
1194.67 1.06812e-13 
1194.68 1.13689e-13 
1194.69 1.20955e-13 
1194.7 1.2863e-13 
1194.71 1.36732e-13 
1194.72 1.45281e-13 
1194.73 1.54413e-13 
1194.74 1.63924e-13 
1194.75 1.73944e-13 
1194.76 1.84497e-13 
1194.77 1.95604e-13 
1194.78 2.0729e-13 
1194.79 2.19578e-13 
1194.8 2.32493e-13 
1194.81 2.46061e-13 
1194.82 2.60306e-13 
1194.83 2.75257e-13 
1194.84 2.90939e-13 
1194.85 3.0738e-13 
1194.86 3.24609e-13 
1194.87 3.42654e-13 
1194.88 3.61544e-13 
1194.89 3.8131e-13 
1194.9 4.01981e-13 
1194.9 4.23588e-13 
1194.91 4.46161e-13 
1194.92 4.69732e-13 
1194.93 4.94334e-13 
1194.94 5.19996e-13 
1194.95 5.46753e-13 
1194.96 5.74635e-13 
1194.97 6.03677e-13 
1194.98 6.34295e-13 
1194.99 6.65766e-13 
1195 6.98495e-13 
1195.01 7.32513e-13 
1195.02 7.67852e-13 
1195.03 8.04546e-13 
1195.04 8.42626e-13 
1195.05 8.82123e-13 
1195.06 9.23069e-13 
1195.07 9.65494e-13 
1195.08 1.00943e-12 
1195.09 1.0549e-12 
1195.1 1.10195e-12 
1195.11 1.15058e-12 
1195.12 1.20084e-12 
1195.13 1.25275e-12 
1195.14 1.30634e-12 
1195.15 1.36162e-12 
1195.16 1.41862e-12 
1195.17 1.47737e-12 
1195.18 1.53787e-12 
1195.19 1.60016e-12 
1195.2 1.66424e-12 
1195.21 1.73014e-12 
1195.22 1.79786e-12 
1195.23 1.86829e-12 
1195.24 1.93972e-12 
1195.25 2.01299e-12 
1195.26 2.08813e-12 
1195.27 2.16512e-12 
1195.28 2.24397e-12 
1195.29 2.32468e-12 
1195.3 2.40725e-12 
1195.31 2.49166e-12 
1195.32 2.5779e-12 
1195.32 2.66597e-12 
1195.33 2.75584e-12 
1195.34 2.84751e-12 
1195.35 2.94093e-12 
1195.36 3.0361e-12 
1195.37 3.13298e-12 
1195.38 3.23155e-12 
1195.39 3.33176e-12 
1195.4 3.43358e-12 
1195.41 3.53697e-12 
1195.42 3.64188e-12 
1195.43 3.74827e-12 
1195.44 3.85609e-12 
1195.45 3.96528e-12 
1195.46 4.07578e-12 
1195.47 4.18753e-12 
1195.48 4.30189e-12 
1195.49 4.41597e-12 
1195.5 4.5311e-12 
1195.51 4.6472e-12 
1195.52 4.76419e-12 
1195.53 4.88201e-12 
1195.54 5.00055e-12 
1195.55 5.11974e-12 
1195.56 5.23949e-12 
1195.57 5.3597e-12 
1195.58 5.48027e-12 
1195.59 5.60112e-12 
1195.6 5.72213e-12 
1195.61 5.84682e-12 
1195.62 5.96794e-12 
1195.63 6.08891e-12 
1195.64 6.20962e-12 
1195.65 6.32996e-12 
1195.66 6.44982e-12 
1195.67 6.56909e-12 
1195.68 6.68765e-12 
1195.69 6.80537e-12 
1195.7 6.92215e-12 
1195.71 7.03787e-12 
1195.72 7.1524e-12 
1195.73 7.26703e-12 
1195.74 7.37881e-12 
1195.75 7.48904e-12 
1195.75 7.59761e-12 
1195.76 7.70439e-12 
1195.77 7.80927e-12 
1195.78 7.91213e-12 
1195.79 8.01284e-12 
1195.8 8.11131e-12 
1195.81 8.2074e-12 
1195.82 8.30101e-12 
1195.83 8.39203e-12 
1195.84 8.48036e-12 
1195.85 8.56588e-12 
1195.86 8.64849e-12 
1195.87 8.7281e-12 
1195.88 8.80461e-12 
1195.89 8.87792e-12 
1195.9 8.94794e-12 
1195.91 9.0146e-12 
1195.92 9.07779e-12 
1195.93 9.13745e-12 
1195.94 9.19351e-12 
1195.95 9.24589e-12 
1195.96 9.29453e-12 
1195.97 9.33936e-12 
1195.98 9.38083e-12 
1195.99 9.41785e-12 
1196 9.45091e-12 
1196.01 9.47999e-12 
1196.02 9.50503e-12 
1196.03 9.52602e-12 
1196.04 9.54293e-12 
1196.05 9.55575e-12 
1196.06 9.56446e-12 
1196.07 9.56905e-12 
1196.08 9.56953e-12 
1196.09 9.56591e-12 
1196.1 9.55819e-12 
1196.11 9.5464e-12 
1196.12 9.53057e-12 
1196.13 9.51071e-12 
1196.14 9.48688e-12 
1196.15 9.45911e-12 
1196.16 9.42747e-12 
1196.17 9.392e-12 
1196.17 9.35276e-12 
1196.18 9.30984e-12 
1196.19 9.26331e-12 
1196.2 9.21324e-12 
1196.21 9.15974e-12 
1196.22 9.10215e-12 
1196.23 9.04205e-12 
1196.24 8.97881e-12 
1196.25 8.91256e-12 
1196.26 8.84343e-12 
1196.27 8.77155e-12 
1196.28 8.69706e-12 
1196.29 8.62011e-12 
1196.3 8.54085e-12 
1196.31 8.45944e-12 
1196.32 8.37605e-12 
1196.33 8.29086e-12 
1196.34 8.20405e-12 
1196.35 8.11582e-12 
1196.36 8.02636e-12 
1196.37 7.93589e-12 
1196.38 7.84463e-12 
1196.39 7.75281e-12 
1196.4 7.66067e-12 
1196.41 7.56845e-12 
1196.42 7.47642e-12 
1196.43 7.38486e-12 
1196.44 7.29403e-12 
1196.45 7.20424e-12 
1196.46 7.1158e-12 
1196.47 7.02902e-12 
1196.48 6.9432e-12 
1196.49 6.86082e-12 
1196.5 6.78116e-12 
1196.51 6.70461e-12 
1196.52 6.63157e-12 
1196.53 6.56246e-12 
1196.54 6.49771e-12 
1196.55 6.43779e-12 
1196.56 6.38316e-12 
1196.57 6.33435e-12 
1196.58 6.29185e-12 
1196.59 6.25623e-12 
1196.6 6.22806e-12 
1196.6 6.21178e-12 
1196.61 6.20033e-12 
1196.62 6.19822e-12 
1196.63 6.20615e-12 
1196.64 6.22482e-12 
1196.65 6.255e-12 
1196.66 6.29748e-12 
1196.67 6.35308e-12 
1196.68 6.42267e-12 
1196.69 6.50714e-12 
1196.7 6.60744e-12 
1196.71 6.72457e-12 
1196.72 6.85954e-12 
1196.73 7.01548e-12 
1196.74 7.18969e-12 
1196.75 7.38513e-12 
1196.76 7.60303e-12 
1196.77 7.84468e-12 
1196.78 8.1114e-12 
1196.79 8.40459e-12 
1196.8 8.7257e-12 
1196.81 9.07624e-12 
1196.82 9.45779e-12 
1196.83 9.872e-12 
1196.84 1.03206e-11 
1196.85 1.08053e-11 
1196.86 1.13281e-11 
1196.87 1.18909e-11 
1196.88 1.24958e-11 
1196.89 1.31448e-11 
1196.9 1.38402e-11 
1196.91 1.45845e-11 
1196.92 1.53799e-11 
1196.93 1.62292e-11 
1196.94 1.71351e-11 
1196.95 1.81004e-11 
1196.96 1.91283e-11 
1196.97 2.0222e-11 
1196.98 2.13998e-11 
1196.99 2.26366e-11 
1197 2.39502e-11 
1197.01 2.53451e-11 
1197.02 2.68256e-11 
1197.03 2.83968e-11 
1197.03 3.00641e-11 
1197.04 3.18332e-11 
1197.05 3.37106e-11 
1197.06 3.57032e-11 
1197.07 3.78187e-11 
1197.08 4.00655e-11 
1197.09 4.24531e-11 
1197.1 4.49916e-11 
1197.11 4.76928e-11 
1197.12 5.05692e-11 
1197.13 5.36353e-11 
1197.14 5.69069e-11 
1197.15 6.0402e-11 
1197.16 6.41404e-11 
1197.17 6.81447e-11 
1197.18 7.244e-11 
1197.19 7.70546e-11 
1197.2 8.20202e-11 
1197.21 8.73726e-11 
1197.22 9.31518e-11 
1197.23 9.94845e-11 
1197.24 1.06266e-10 
1197.25 1.13627e-10 
1197.26 1.21634e-10 
1197.27 1.30358e-10 
1197.28 1.39881e-10 
1197.29 1.50293e-10 
1197.3 1.61696e-10 
1197.31 1.74206e-10 
1197.32 1.8795e-10 
1197.33 2.03072e-10 
1197.34 2.19734e-10 
1197.35 2.38115e-10 
1197.36 2.58417e-10 
1197.37 2.80863e-10 
1197.38 3.05704e-10 
1197.39 3.3322e-10 
1197.4 3.6372e-10 
1197.41 3.97552e-10 
1197.42 4.35098e-10 
1197.43 4.76786e-10 
1197.44 5.23089e-10 
1197.45 5.74533e-10 
1197.45 6.31699e-10 
1197.46 6.95229e-10 
1197.47 7.65836e-10 
1197.48 8.45338e-10 
1197.49 9.32649e-10 
1197.5 1.02965e-09 
1197.51 1.13741e-09 
1197.52 1.25707e-09 
1197.53 1.38991e-09 
1197.54 1.53732e-09 
1197.55 1.70084e-09 
1197.56 1.88215e-09 
1197.57 2.08309e-09 
1197.58 2.30566e-09 
1197.59 2.55206e-09 
1197.6 2.82469e-09 
1197.61 3.1281e-09 
1197.62 3.46146e-09 
1197.63 3.82963e-09 
1197.64 4.23597e-09 
1197.65 4.68413e-09 
1197.66 5.17809e-09 
1197.67 5.72214e-09 
1197.68 6.32093e-09 
1197.69 6.97949e-09 
1197.7 7.70325e-09 
1197.71 8.49807e-09 
1197.72 9.37028e-09 
1197.73 1.03392e-08 
1197.74 1.13883e-08 
1197.75 1.25368e-08 
1197.76 1.37932e-08 
1197.77 1.51666e-08 
1197.78 1.66667e-08 
1197.79 1.83037e-08 
1197.8 2.00888e-08 
1197.81 2.20338e-08 
1197.82 2.41514e-08 
1197.83 2.64548e-08 
1197.84 2.89584e-08 
1197.85 3.16773e-08 
1197.86 3.46276e-08 
1197.87 3.78263e-08 
1197.88 4.12915e-08 
1197.88 4.50422e-08 
1197.89 4.90985e-08 
1197.9 5.34817e-08 
1197.91 5.82141e-08 
1197.92 6.33191e-08 
1197.93 6.88215e-08 
1197.94 7.47471e-08 
1197.95 8.1123e-08 
1197.96 8.79776e-08 
1197.97 9.53406e-08 
1197.98 1.03345e-07 
1197.99 1.11826e-07 
1198 1.20912e-07 
1198.01 1.30639e-07 
1198.02 1.41041e-07 
1198.03 1.52157e-07 
1198.04 1.64024e-07 
1198.05 1.76684e-07 
1198.06 1.90176e-07 
1198.07 2.04543e-07 
1198.08 2.19828e-07 
1198.09 2.36076e-07 
1198.1 2.5333e-07 
1198.11 2.71639e-07 
1198.12 2.91049e-07 
1198.13 3.11606e-07 
1198.14 3.33361e-07 
1198.15 3.56362e-07 
1198.16 3.80657e-07 
1198.17 4.06298e-07 
1198.18 4.33333e-07 
1198.19 4.61812e-07 
1198.2 4.91785e-07 
1198.21 5.23301e-07 
1198.22 5.56409e-07 
1198.23 5.91602e-07 
1198.24 6.28059e-07 
1198.25 6.66249e-07 
1198.26 7.06218e-07 
1198.27 7.48009e-07 
1198.28 7.91663e-07 
1198.29 8.3722e-07 
1198.3 8.84717e-07 
1198.3 9.34189e-07 
1198.31 9.85667e-07 
1198.32 1.03918e-06 
1198.33 1.09476e-06 
1198.34 1.15241e-06 
1198.35 1.21217e-06 
1198.36 1.27405e-06 
1198.37 1.33805e-06 
1198.38 1.40419e-06 
1198.39 1.47246e-06 
1198.4 1.54286e-06 
1198.41 1.61537e-06 
1198.42 1.68999e-06 
1198.43 1.7667e-06 
1198.44 1.84546e-06 
1198.45 1.92625e-06 
1198.46 2.00902e-06 
1198.47 2.09373e-06 
1198.48 2.18143e-06 
1198.49 2.26989e-06 
1198.5 2.36011e-06 
1198.51 2.45202e-06 
1198.52 2.54555e-06 
1198.53 2.64061e-06 
1198.54 2.73711e-06 
1198.55 2.83494e-06 
1198.56 2.934e-06 
1198.57 3.03419e-06 
1198.58 3.13537e-06 
1198.59 3.23743e-06 
1198.6 3.34024e-06 
1198.61 3.44577e-06 
1198.62 3.5497e-06 
1198.63 3.65395e-06 
1198.64 3.75836e-06 
1198.65 3.86277e-06 
1198.66 3.96702e-06 
1198.67 4.07094e-06 
1198.68 4.17436e-06 
1198.69 4.2771e-06 
1198.7 4.379e-06 
1198.71 4.47985e-06 
1198.72 4.5795e-06 
1198.73 4.67897e-06 
1198.73 4.77563e-06 
1198.74 4.87052e-06 
1198.75 4.96346e-06 
1198.76 5.05428e-06 
1198.77 5.14278e-06 
1198.78 5.2288e-06 
1198.79 5.31216e-06 
1198.8 5.39268e-06 
1198.81 5.4702e-06 
1198.82 5.54456e-06 
1198.83 5.61559e-06 
1198.84 5.68314e-06 
1198.85 5.74707e-06 
1198.86 5.80724e-06 
1198.87 5.86351e-06 
1198.88 5.91576e-06 
1198.89 5.96388e-06 
1198.9 6.00775e-06 
1198.91 6.04727e-06 
1198.92 6.08236e-06 
1198.93 6.11294e-06 
1198.94 6.13893e-06 
1198.95 6.16028e-06 
1198.96 6.17694e-06 
1198.97 6.18887e-06 
1198.98 6.19611e-06 
1198.99 6.19845e-06 
1199 6.19601e-06 
1199.01 6.18881e-06 
1199.02 6.17685e-06 
1199.03 6.16016e-06 
1199.04 6.13879e-06 
1199.05 6.11277e-06 
1199.06 6.08219e-06 
1199.07 6.0471e-06 
1199.08 6.00758e-06 
1199.09 5.96372e-06 
1199.1 5.91564e-06 
1199.11 5.86342e-06 
1199.12 5.8072e-06 
1199.13 5.7471e-06 
1199.14 5.68325e-06 
1199.15 5.61579e-06 
1199.15 5.54487e-06 
1199.16 5.47064e-06 
1199.17 5.39327e-06 
1199.18 5.31292e-06 
1199.19 5.22975e-06 
1199.2 5.14394e-06 
1199.21 5.05567e-06 
1199.22 4.96396e-06 
1199.23 4.87129e-06 
1199.24 4.77669e-06 
1199.25 4.68035e-06 
1199.26 4.58246e-06 
1199.27 4.48321e-06 
1199.28 4.38278e-06 
1199.29 4.28134e-06 
1199.3 4.17909e-06 
1199.31 4.07619e-06 
1199.32 3.97282e-06 
1199.33 3.86917e-06 
1199.34 3.76538e-06 
1199.35 3.66163e-06 
1199.36 3.55808e-06 
1199.37 3.45489e-06 
1199.38 3.35219e-06 
1199.39 3.25014e-06 
1199.4 3.14888e-06 
1199.41 3.04853e-06 
1199.42 2.94923e-06 
1199.43 2.85109e-06 
1199.44 2.75423e-06 
1199.45 2.65875e-06 
1199.46 2.56476e-06 
1199.47 2.47234e-06 
1199.48 2.38047e-06 
1199.49 2.29148e-06 
1199.5 2.20431e-06 
1199.51 2.11902e-06 
1199.52 2.03566e-06 
1199.53 1.95431e-06 
1199.54 1.87499e-06 
1199.55 1.79775e-06 
1199.56 1.72261e-06 
1199.57 1.64962e-06 
1199.58 1.57878e-06 
1199.58 1.51012e-06 
1199.59 1.44364e-06 
1199.6 1.37935e-06 
1199.61 1.31806e-06 
1199.62 1.25809e-06 
1199.63 1.2003e-06 
1199.64 1.14467e-06 
1199.65 1.09117e-06 
1199.66 1.0398e-06 
1199.67 9.90505e-07 
1199.68 9.43275e-07 
1199.69 8.98072e-07 
1199.7 8.5486e-07 
1199.71 8.13602e-07 
1199.72 7.74256e-07 
1199.73 7.36323e-07 
1199.74 7.00695e-07 
1199.75 6.66846e-07 
1199.76 6.34728e-07 
1199.77 6.04292e-07 
1199.78 5.75489e-07 
1199.79 5.48267e-07 
1199.8 5.22575e-07 
1199.81 4.98361e-07 
1199.82 4.75574e-07 
1199.83 4.54161e-07 
1199.84 4.34071e-07 
1199.85 4.1525e-07 
1199.86 3.97648e-07 
1199.87 3.81212e-07 
1199.88 3.65894e-07 
1199.89 3.51641e-07 
1199.9 3.38405e-07 
1199.91 3.26138e-07 
1199.92 3.14792e-07 
1199.93 3.04319e-07 
1199.94 2.94675e-07 
1199.95 2.85815e-07 
1199.96 2.77695e-07 
1199.97 2.70274e-07 
1199.98 2.63432e-07 
1199.99 2.57288e-07 
1200 2.51725e-07 
1200.01 2.46704e-07 
1200.01 2.42186e-07 
1200.02 2.38138e-07 
1200.03 2.34526e-07 
1200.04 2.31318e-07 
1200.05 2.28482e-07 
1200.06 2.2599e-07 
1200.07 2.23811e-07 
1200.08 2.2192e-07 
1200.09 2.20289e-07 
1200.1 2.18895e-07 
1200.11 2.17712e-07 
1200.12 2.16719e-07 
1200.13 2.15895e-07 
1200.14 2.15217e-07 
1200.15 2.14668e-07 
1200.16 2.1423e-07 
1200.17 2.13884e-07 
1200.18 2.13614e-07 
1200.19 2.13405e-07 
1200.2 2.13244e-07 
1200.21 2.13115e-07 
1200.22 2.13008e-07 
1200.23 2.12908e-07 
1200.24 2.12807e-07 
1200.25 2.12694e-07 
1200.26 2.12559e-07 
1200.27 2.12395e-07 
1200.28 2.12192e-07 
1200.29 2.11944e-07 
1200.3 2.11644e-07 
1200.31 2.11287e-07 
1200.32 2.10867e-07 
1200.33 2.1038e-07 
1200.34 2.09821e-07 
1200.35 2.09188e-07 
1200.36 2.08477e-07 
1200.37 2.07685e-07 
1200.38 2.06812e-07 
1200.39 2.05855e-07 
1200.4 2.04815e-07 
1200.41 2.03689e-07 
1200.42 2.02479e-07 
1200.43 2.01185e-07 
1200.43 1.99808e-07 
1200.44 1.98349e-07 
1200.45 1.96809e-07 
1200.46 1.95192e-07 
1200.47 1.93498e-07 
1200.48 1.9171e-07 
1200.49 1.89873e-07 
1200.5 1.8797e-07 
1200.51 1.86005e-07 
1200.52 1.83982e-07 
1200.53 1.81906e-07 
1200.54 1.79782e-07 
1200.55 1.77614e-07 
1200.56 1.75409e-07 
1200.57 1.73173e-07 
1200.58 1.70911e-07 
1200.59 1.68631e-07 
1200.6 1.6634e-07 
1200.61 1.64145e-07 
1200.62 1.61852e-07 
1200.63 1.59571e-07 
1200.64 1.5731e-07 
1200.65 1.55079e-07 
1200.66 1.52887e-07 
1200.67 1.50743e-07 
1200.68 1.48658e-07 
1200.69 1.46643e-07 
1200.7 1.4471e-07 
1200.71 1.42869e-07 
1200.72 1.41133e-07 
1200.73 1.39497e-07 
1200.74 1.38013e-07 
1200.75 1.36676e-07 
1200.76 1.355e-07 
1200.77 1.34501e-07 
1200.78 1.33694e-07 
1200.79 1.33098e-07 
1200.8 1.3273e-07 
1200.81 1.32609e-07 
1200.82 1.32754e-07 
1200.83 1.33185e-07 
1200.84 1.33926e-07 
1200.85 1.34996e-07 
1200.85 1.36421e-07 
1200.86 1.38225e-07 
1200.87 1.40432e-07 
1200.88 1.43071e-07 
1200.89 1.46168e-07 
1200.9 1.49753e-07 
1200.91 1.53856e-07 
1200.92 1.58508e-07 
1200.93 1.63742e-07 
1200.94 1.69592e-07 
1200.95 1.76093e-07 
1200.96 1.83281e-07 
1200.97 1.91194e-07 
1200.98 1.99984e-07 
1200.99 2.09476e-07 
1201 2.19815e-07 
1201.01 2.31042e-07 
1201.02 2.43202e-07 
1201.03 2.5634e-07 
1201.04 2.70503e-07 
1201.05 2.85737e-07 
1201.06 3.0209e-07 
1201.07 3.19613e-07 
1201.08 3.38354e-07 
1201.09 3.58365e-07 
1201.1 3.79697e-07 
1201.11 4.02401e-07 
1201.12 4.26531e-07 
1201.13 4.52138e-07 
1201.14 4.79276e-07 
1201.15 5.07997e-07 
1201.16 5.38354e-07 
1201.17 5.70398e-07 
1201.18 6.04181e-07 
1201.19 6.39754e-07 
1201.2 6.77167e-07 
1201.21 7.16468e-07 
1201.22 7.57705e-07 
1201.23 8.01475e-07 
1201.24 8.46742e-07 
1201.25 8.94076e-07 
1201.26 9.43515e-07 
1201.27 9.95096e-07 
1201.28 1.04885e-06 
1201.28 1.10481e-06 
1201.29 1.163e-06 
1201.3 1.22345e-06 
1201.31 1.28616e-06 
1201.32 1.35117e-06 
1201.33 1.41847e-06 
1201.34 1.48807e-06 
1201.35 1.55998e-06 
1201.36 1.63417e-06 
1201.37 1.71066e-06 
1201.38 1.7894e-06 
1201.39 1.87039e-06 
1201.4 1.95359e-06 
1201.41 2.03897e-06 
1201.42 2.12648e-06 
1201.43 2.21607e-06 
1201.44 2.30769e-06 
1201.45 2.40127e-06 
1201.46 2.49674e-06 
1201.47 2.59402e-06 
1201.48 2.69427e-06 
1201.49 2.79492e-06 
1201.5 2.8971e-06 
1201.51 3.0007e-06 
1201.52 3.1056e-06 
1201.53 3.21168e-06 
1201.54 3.31882e-06 
1201.55 3.42687e-06 
1201.56 3.53569e-06 
1201.57 3.64514e-06 
1201.58 3.75505e-06 
1201.59 3.86526e-06 
1201.6 3.97561e-06 
1201.61 4.08844e-06 
1201.62 4.19862e-06 
1201.63 4.3084e-06 
1201.64 4.4176e-06 
1201.65 4.52603e-06 
1201.66 4.6335e-06 
1201.67 4.73982e-06 
1201.68 4.8448e-06 
1201.69 4.94823e-06 
1201.7 5.04992e-06 
1201.7 5.14967e-06 
1201.71 5.24729e-06 
1201.72 5.34375e-06 
1201.73 5.43648e-06 
1201.74 5.52649e-06 
1201.75 5.6136e-06 
1201.76 5.69762e-06 
1201.77 5.77837e-06 
1201.78 5.85569e-06 
1201.79 5.92939e-06 
1201.8 5.99933e-06 
1201.81 6.06534e-06 
1201.82 6.12727e-06 
1201.83 6.185e-06 
1201.84 6.23838e-06 
1201.85 6.2873e-06 
1201.86 6.33164e-06 
1201.87 6.3713e-06 
1201.88 6.40619e-06 
1201.89 6.43623e-06 
1201.9 6.46135e-06 
1201.91 6.48149e-06 
1201.92 6.49661e-06 
1201.93 6.50666e-06 
1201.94 6.51162e-06 
1201.95 6.51149e-06 
1201.96 6.50626e-06 
1201.97 6.49594e-06 
1201.98 6.48033e-06 
1201.99 6.45987e-06 
1202 6.43442e-06 
1202.01 6.40406e-06 
1202.02 6.36885e-06 
1202.03 6.32888e-06 
1202.04 6.28423e-06 
1202.05 6.23501e-06 
1202.06 6.18134e-06 
1202.07 6.12332e-06 
1202.08 6.06111e-06 
1202.09 5.99482e-06 
1202.1 5.92462e-06 
1202.11 5.85066e-06 
1202.12 5.7731e-06 
1202.13 5.6921e-06 
1202.13 5.60785e-06 
1202.14 5.52052e-06 
1202.15 5.43029e-06 
1202.16 5.33736e-06 
1202.17 5.2419e-06 
1202.18 5.14413e-06 
1202.19 5.04422e-06 
1202.2 4.94238e-06 
1202.21 4.83881e-06 
1202.22 4.73237e-06 
1202.23 4.62591e-06 
1202.24 4.51829e-06 
1202.25 4.40972e-06 
1202.26 4.3004e-06 
1202.27 4.19049e-06 
1202.28 4.0802e-06 
1202.29 3.9697e-06 
1202.3 3.85917e-06 
1202.31 3.74878e-06 
1202.32 3.6387e-06 
1202.33 3.52908e-06 
1202.34 3.42009e-06 
1202.35 3.31187e-06 
1202.36 3.20456e-06 
1202.37 3.0983e-06 
1202.38 2.99321e-06 
1202.39 2.88943e-06 
1202.4 2.78706e-06 
1202.41 2.68621e-06 
1202.42 2.58699e-06 
1202.43 2.48948e-06 
1202.44 2.39377e-06 
1202.45 2.29994e-06 
1202.46 2.20805e-06 
1202.47 2.11818e-06 
1202.48 2.02928e-06 
1202.49 1.94362e-06 
1202.5 1.86011e-06 
1202.51 1.7788e-06 
1202.52 1.69971e-06 
1202.53 1.62287e-06 
1202.54 1.54828e-06 
1202.55 1.47597e-06 
1202.56 1.40593e-06 
1202.56 1.33817e-06 
1202.57 1.27268e-06 
1202.58 1.20944e-06 
1202.59 1.14845e-06 
1202.6 1.08968e-06 
1202.61 1.03374e-06 
1202.62 9.79302e-07 
1202.63 9.27005e-07 
1202.64 8.76814e-07 
1202.65 8.28692e-07 
1202.66 7.82597e-07 
1202.67 7.38487e-07 
1202.68 6.96318e-07 
1202.69 6.56043e-07 
1202.7 6.17613e-07 
1202.71 5.80979e-07 
1202.72 5.4609e-07 
1202.73 5.1249e-07 
1202.74 4.80956e-07 
1202.75 4.51008e-07 
1202.76 4.22594e-07 
1202.77 3.9566e-07 
1202.78 3.70152e-07 
1202.79 3.46018e-07 
1202.8 3.23204e-07 
1202.81 3.01658e-07 
1202.82 2.81328e-07 
1202.83 2.62162e-07 
1202.84 2.44111e-07 
1202.85 2.27125e-07 
1202.86 2.11155e-07 
1202.87 1.96155e-07 
1202.88 1.82077e-07 
1202.89 1.68878e-07 
1202.9 1.56512e-07 
1202.91 1.44939e-07 
1202.92 1.34116e-07 
1202.93 1.24004e-07 
1202.94 1.14565e-07 
1202.95 1.05761e-07 
1202.96 9.75579e-08 
1202.97 8.99203e-08 
1202.98 8.28157e-08 
1202.98 7.61332e-08 
1202.99 7.00074e-08 
1203 6.43242e-08 
1203.01 5.9056e-08 
1203.02 5.41768e-08 
1203.03 4.96619e-08 
1203.04 4.54875e-08 
1203.05 4.16314e-08 
1203.06 3.80724e-08 
1203.07 3.47904e-08 
1203.08 3.17664e-08 
1203.09 2.89825e-08 
1203.1 2.64219e-08 
1203.11 2.40687e-08 
1203.12 2.19078e-08 
1203.13 1.99254e-08 
1203.14 1.81082e-08 
1203.15 1.64438e-08 
1203.16 1.49207e-08 
1203.17 1.35281e-08 
1203.18 1.22558e-08 
1203.19 1.10945e-08 
1203.2 1.00354e-08 
1203.21 9.07029e-09 
1203.22 8.19157e-09 
1203.23 7.38266e-09 
1203.24 6.65694e-09 
1203.25 5.99785e-09 
1203.26 5.39978e-09 
1203.27 4.85755e-09 
1203.28 4.36634e-09 
1203.29 3.92173e-09 
1203.3 3.51964e-09 
1203.31 3.1563e-09 
1203.32 2.82825e-09 
1203.33 2.53231e-09 
1203.34 2.26557e-09 
1203.35 2.02533e-09 
1203.36 1.80915e-09 
1203.37 1.61478e-09 
1203.38 1.44017e-09 
1203.39 1.28343e-09 
1203.4 1.14285e-09 
1203.41 1.01687e-09 
1203.41 9.04077e-10 
1203.42 8.03162e-10 
1203.43 7.12952e-10 
1203.44 6.32379e-10 
1203.45 5.60473e-10 
1203.46 4.96354e-10 
1203.47 4.39227e-10 
1203.48 3.87771e-10 
1203.49 3.426e-10 
1203.5 3.02454e-10 
1203.51 2.66803e-10 
1203.52 2.3517e-10 
1203.53 2.07126e-10 
1203.54 1.82283e-10 
1203.55 1.60294e-10 
1203.56 1.40847e-10 
1203.57 1.23662e-10 
1203.58 1.0849e-10 
1203.59 9.51039e-11 
1203.6 8.33045e-11 
1203.61 7.29567e-11 
1203.62 6.3805e-11 
1203.63 5.57577e-11 
1203.64 4.86871e-11 
1203.65 4.24798e-11 
1203.66 3.7035e-11 
1203.67 3.22627e-11 
1203.68 2.80834e-11 
1203.69 2.44263e-11 
1203.7 2.12288e-11 
1203.71 1.84355e-11 
1203.72 1.59971e-11 
1203.73 1.38456e-11 
1203.74 1.19954e-11 
1203.75 1.03843e-11 
1203.76 8.9826e-12 
1203.77 7.76398e-12 
1203.78 6.70544e-12 
1203.79 5.78668e-12 
1203.8 4.98989e-12 
1203.81 4.29945e-12 
1203.82 3.70165e-12 
1203.83 3.18447e-12 
1203.83 2.7374e-12 
1203.84 2.35125e-12 
1203.85 2.01799e-12 
1203.86 1.73062e-12 
1203.87 1.483e-12 
1203.88 1.26982e-12 
1203.89 1.08643e-12 
1203.9 9.288e-13 
1203.91 7.93418e-13 
1203.92 6.77238e-13 
1203.93 5.77618e-13 
1203.94 4.92266e-13 
1203.95 4.19198e-13 
1203.96 3.56696e-13 
1203.97 3.03275e-13 
1203.98 2.57127e-13 
1203.99 2.18274e-13 
1204 1.85147e-13 
1204.01 1.56924e-13 
1204.02 1.329e-13 
1204.03 1.12465e-13 
1204.04 9.50977e-14 
1204.05 8.03495e-14 
1204.06 6.78353e-14 
1204.07 5.72253e-14 
1204.08 4.82371e-14 
1204.09 4.06287e-14 
1204.1 3.41936e-14 
1204.11 2.87552e-14 
1204.12 2.41629e-14 
1204.13 2.0288e-14 
1204.14 1.70212e-14 
1204.15 1.42693e-14 
1204.16 1.19529e-14 
1204.17 1.00047e-14 
1204.18 8.36748e-15 
1204.19 6.9927e-15 
1204.2 5.83922e-15 
1204.21 4.8722e-15 
1204.22 4.06214e-15 
1204.23 3.37638e-15 
1204.24 2.81058e-15 
1204.25 2.33777e-15 
1204.26 1.94297e-15 
1204.26 1.61358e-15 
1204.27 1.33898e-15 
1204.28 1.11025e-15 
1204.29 9.19863e-16 
1204.3 7.6153e-16 
1204.31 6.29956e-16 
1204.32 5.20708e-16 
1204.33 4.30068e-16 
1204.34 3.54928e-16 
1204.35 2.92687e-16 
1204.36 2.41172e-16 
1204.37 1.98568e-16 
1204.38 1.63362e-16 
1204.39 1.34293e-16 
1204.4 1.1031e-16 
1204.41 9.05393e-17 
1204.42 7.42538e-17 
1204.43 6.08499e-17 
1204.44 4.98266e-17 
1204.45 4.07683e-17 
1204.46 3.33306e-17 
1204.47 2.72285e-17 
1204.48 2.21697e-17 
1204.49 1.80824e-17 
1204.5 1.47371e-17 
1204.51 1.20013e-17 
1204.52 9.76569e-18 
1204.53 7.94033e-18 
1204.54 6.4511e-18 
1204.55 5.23707e-18 
1204.56 4.24818e-18 
1204.57 3.44332e-18 
1204.58 2.78877e-18 
1204.59 2.25687e-18 
1204.6 1.82499e-18 
1204.61 1.4746e-18 
1204.62 1.19128e-18 
1204.63 9.61053e-19 
1204.64 7.74713e-19 
1204.65 6.24013e-19 
1204.66 5.02235e-19 
1204.67 4.03905e-19 
1204.68 3.24573e-19 
1204.68 2.60618e-19 
1204.69 2.09101e-19 
1204.7 1.67636e-19 
1204.71 1.34289e-19 
1204.72 1.07192e-19 
1204.73 8.5733e-20 
1204.74 6.85165e-20 
1204.75 5.47144e-20 
1204.76 4.36584e-20 
1204.77 3.48092e-20 
1204.78 2.7732e-20 
1204.79 2.20763e-20 
1204.8 1.75603e-20 
1204.81 1.39572e-20 
1204.82 1.10847e-20 
1204.83 8.79648e-21 
1204.84 6.97515e-21 
1204.85 5.52661e-21 
1204.86 4.37546e-21 
1204.87 3.46137e-21 
1204.88 2.7361e-21 
1204.89 2.16111e-21 
1204.9 1.70561e-21 
1204.91 1.34507e-21 
1204.92 1.05991e-21 
1204.93 8.34547e-22 
1204.94 6.5659e-22 
1204.95 5.16175e-22 
1204.96 4.05471e-22 
1204.97 3.1826e-22 
1204.98 2.48853e-22 
1204.99 1.95021e-22 
1205 1.52714e-22 
1205.01 1.19491e-22 
1205.02 9.34231e-23 
1205.03 7.29847e-23 
1205.04 5.69729e-23 
1205.05 4.44391e-23 
1205.06 3.46356e-23 
1205.07 2.69736e-23 
1205.08 2.09901e-23 
1205.09 1.63212e-23 
1205.1 1.26808e-23 
1205.11 9.84471e-24 
1205.11 7.63692e-24 
1205.12 5.91962e-24 
1205.13 4.58489e-24 
1205.14 3.54833e-24 
1205.15 2.74397e-24 
1205.16 2.12028e-24 
1205.17 1.63707e-24 
1205.18 1.263e-24 
1205.19 9.73635e-25 
1205.2 7.4998e-25 
1205.21 5.7725e-25 
1205.22 4.4267e-25 
1205.23 3.40047e-25 
1205.24 2.61112e-25 
1205.25 2.00344e-25 
1205.26 1.53598e-25 
1205.27 1.17667e-25 
1205.28 9.00702e-26 
1205.29 6.8892e-26 
1205.3 5.26522e-26 
1205.31 4.02091e-26 
1205.32 3.06826e-26 
1205.33 2.33948e-26 
1205.34 1.7824e-26 
1205.35 1.35692e-26 
1205.36 1.03219e-26 
1205.37 7.84559e-27 
1205.38 5.9587e-27 
1205.39 4.52208e-27 
1205.4 3.42913e-27 
1205.41 2.5983e-27 
1205.42 1.96723e-27 
1205.43 1.48827e-27 
1205.44 1.12503e-27 
1205.45 8.49788e-28 
1205.46 6.4138e-28 
1205.47 4.83704e-28 
1205.48 3.63382e-28 
1205.49 2.73493e-28 
1205.5 2.05772e-28 
1205.51 1.54698e-28 
1205.52 1.1621e-28 
1205.53 8.72296e-29 
1205.54 6.54249e-29 
1205.54 4.90322e-29 
1205.55 3.67181e-29 
1205.56 2.74751e-29 
1205.57 2.05427e-29 
1205.58 1.53474e-29 
1205.59 1.1457e-29 
1205.6 8.54615e-30 
1205.61 6.37374e-30 
1205.62 4.74692e-30 
1205.63 3.53255e-30 
1205.64 2.62679e-30 
1205.65 1.95174e-30 
1205.66 1.44904e-30 
1205.67 1.07497e-30 
1205.68 7.96841e-31 
1205.69 5.90211e-31 
1205.7 4.36821e-31 
1205.71 3.23042e-31 
1205.72 2.38712e-31 
1205.73 1.7559e-31 
1205.74 1.29548e-31 
1205.75 9.55042e-32 
1205.76 7.03514e-32 
1205.77 5.17825e-32 
1205.78 3.80849e-32 
1205.79 2.79887e-32 
1205.8 2.05529e-32 
1205.81 1.50807e-32 
1205.82 1.10569e-32 
1205.83 8.10029e-33 
1205.84 5.92966e-33 
1205.85 4.33729e-33 
1205.86 3.17006e-33 
1205.87 2.31513e-33 
1205.88 1.68944e-33 
1205.89 1.23189e-33 
1205.9 8.97551e-34 
1205.91 6.53442e-34 
1205.92 4.75351e-34 
1205.93 3.45527e-34 
1205.94 2.50962e-34 
1205.95 1.82136e-34 
1205.96 1.32082e-34 
1205.96 9.57081e-35 
1205.97 6.92971e-35 
1205.98 4.99323e-35 
1205.99 3.60964e-35 
1206 2.60738e-35 
1206.01 1.88194e-35 
1206.02 1.35727e-35 
1206.03 9.78112e-36 
1206.04 7.04319e-36 
1206.05 5.06769e-36 
1206.06 3.64343e-36 
1206.07 2.6174e-36 
1206.08 1.87884e-36 
1206.09 1.34763e-36 
1206.1 9.6585e-37 
1206.11 6.91686e-37 
1206.12 4.94958e-37 
1206.13 3.53906e-37 
1206.14 2.52852e-37 
1206.15 1.80512e-37 
1206.16 1.28767e-37 
1206.17 9.17829e-38 
1206.18 6.53702e-38 
1206.19 4.6522e-38 
1206.2 3.30823e-38 
1206.21 2.35068e-38 
1206.22 1.66898e-38 
1206.23 1.17897e-38 
1206.24 8.35747e-39 
1206.25 5.91981e-39 
1206.26 4.18986e-39 
1206.27 2.96314e-39 
1206.28 2.09394e-39 
1206.29 1.47855e-39 
1206.3 1.0432e-39 
1206.31 7.3546e-40 
1206.32 5.18095e-40 
1206.33 3.64688e-40 
1206.34 2.56503e-40 
1206.35 1.8027e-40 
1206.36 1.26595e-40 
1206.37 8.88311e-41 
1206.38 6.22849e-41 
1206.39 4.3635e-41 
1206.39 3.05469e-41 
1206.4 2.13684e-41 
1206.41 1.4935e-41 
1206.42 1.04313e-41 
1206.43 7.27834e-42 
1206.44 5.0755e-42 
1206.45 3.53688e-42 
1206.46 2.46208e-42 
1206.47 1.71239e-42 
1206.48 1.1855e-42 
1206.49 8.23963e-43 
1206.5 5.70328e-43 
1206.51 3.96567e-43 
1206.52 2.74654e-43 
1206.53 1.90577e-43 
1206.54 1.31722e-43 
1206.55 9.10844e-44 
1206.56 6.30584e-44 
1206.57 4.34403e-44 
1206.58 2.94273e-44 
1206.59 2.10195e-44 
1206.6 0 
