#energy geo_1 
1186.6 1.17667e-35 
1186.61 1.39077e-35 
1186.62 1.6434e-35 
1186.63 1.94144e-35 
1186.64 2.29293e-35 
1186.65 2.70737e-35 
1186.66 3.1959e-35 
1186.67 3.77161e-35 
1186.68 4.4499e-35 
1186.69 5.24882e-35 
1186.7 6.18959e-35 
1186.71 7.29712e-35 
1186.72 8.60062e-35 
1186.73 1.01552e-34 
1186.74 1.1963e-34 
1186.75 1.40892e-34 
1186.76 1.65889e-34 
1186.77 1.95271e-34 
1186.78 2.29799e-34 
1186.79 2.70363e-34 
1186.8 3.18005e-34 
1186.81 3.73947e-34 
1186.81 4.39618e-34 
1186.82 5.16689e-34 
1186.83 6.07117e-34 
1186.84 7.13188e-34 
1186.85 8.37576e-34 
1186.86 9.83407e-34 
1186.87 1.15433e-33 
1186.88 1.35462e-33 
1186.89 1.58926e-33 
1186.9 1.86405e-33 
1186.91 2.18581e-33 
1186.92 2.56244e-33 
1186.93 3.00321e-33 
1186.94 3.51888e-33 
1186.95 4.12205e-33 
1186.96 4.82738e-33 
1186.97 5.65194e-33 
1186.98 6.62867e-33 
1186.99 7.75692e-33 
1187 9.07488e-33 
1187.01 1.0614e-32 
1187.02 1.24111e-32 
1187.03 1.45087e-32 
1187.04 1.69564e-32 
1187.05 1.98121e-32 
1187.06 2.31427e-32 
1187.07 2.70264e-32 
1187.08 3.15537e-32 
1187.09 3.68299e-32 
1187.1 4.29774e-32 
1187.11 5.01382e-32 
1187.12 5.84771e-32 
1187.13 6.81855e-32 
1187.14 7.94854e-32 
1187.15 9.26341e-32 
1187.16 1.0793e-31 
1187.17 1.2572e-31 
1187.18 1.46405e-31 
1187.19 1.70449e-31 
1187.2 1.98391e-31 
1187.21 2.30855e-31 
1187.22 2.68562e-31 
1187.23 3.12938e-31 
1187.24 3.63865e-31 
1187.24 4.22971e-31 
1187.25 4.91553e-31 
1187.26 5.71108e-31 
1187.27 6.6337e-31 
1187.28 7.70338e-31 
1187.29 8.94327e-31 
1187.3 1.03801e-30 
1187.31 1.20446e-30 
1187.32 1.39725e-30 
1187.33 1.62048e-30 
1187.34 1.8789e-30 
1187.35 2.17796e-30 
1187.36 2.52399e-30 
1187.37 2.92424e-30 
1187.38 3.38709e-30 
1187.39 3.9222e-30 
1187.4 4.54069e-30 
1187.41 5.25536e-30 
1187.42 6.08095e-30 
1187.43 7.03445e-30 
1187.44 8.13537e-30 
1187.45 9.40618e-30 
1187.46 1.08727e-29 
1187.47 1.25647e-29 
1187.48 1.45424e-29 
1187.49 1.67968e-29 
1187.5 1.93957e-29 
1187.51 2.2391e-29 
1187.52 2.58422e-29 
1187.53 2.98178e-29 
1187.54 3.43961e-29 
1187.55 3.96672e-29 
1187.56 4.57345e-29 
1187.57 5.27162e-29 
1187.58 6.07482e-29 
1187.59 6.9986e-29 
1187.6 8.06081e-29 
1187.61 9.28762e-29 
1187.62 1.06918e-28 
1187.63 1.2305e-28 
1187.64 1.41581e-28 
1187.65 1.6286e-28 
1187.66 1.8729e-28 
1187.66 2.1533e-28 
1187.67 2.47504e-28 
1187.68 2.84412e-28 
1187.69 3.26741e-28 
1187.7 3.75273e-28 
1187.71 4.30904e-28 
1187.72 4.94655e-28 
1187.73 5.68669e-28 
1187.74 6.52466e-28 
1187.75 7.48419e-28 
1187.76 8.58263e-28 
1187.77 9.83976e-28 
1187.78 1.12782e-27 
1187.79 1.29235e-27 
1187.8 1.48051e-27 
1187.81 1.69563e-27 
1187.82 1.94151e-27 
1187.83 2.22247e-27 
1187.84 2.54345e-27 
1187.85 2.91003e-27 
1187.86 3.3286e-27 
1187.87 3.8064e-27 
1187.88 4.35167e-27 
1187.89 4.97378e-27 
1187.9 5.68337e-27 
1187.91 6.49252e-27 
1187.92 7.41499e-27 
1187.93 8.46635e-27 
1187.94 9.6643e-27 
1187.95 1.10289e-26 
1187.96 1.25831e-26 
1187.97 1.43525e-26 
1187.98 1.63934e-26 
1187.99 1.8689e-26 
1188 2.13006e-26 
1188.01 2.4271e-26 
1188.02 2.76484e-26 
1188.03 3.14879e-26 
1188.04 3.58513e-26 
1188.05 4.08089e-26 
1188.06 4.64402e-26 
1188.07 5.2835e-26 
1188.08 6.0095e-26 
1188.09 6.83351e-26 
1188.09 7.76851e-26 
1188.1 8.8292e-26 
1188.11 1.00321e-25 
1188.12 1.1396e-25 
1188.13 1.29421e-25 
1188.14 1.46941e-25 
1188.15 1.6679e-25 
1188.16 1.89271e-25 
1188.17 2.14729e-25 
1188.18 2.43548e-25 
1188.19 2.76164e-25 
1188.2 3.13067e-25 
1188.21 3.54812e-25 
1188.22 4.02019e-25 
1188.23 4.56101e-25 
1188.24 5.16519e-25 
1188.25 5.8479e-25 
1188.26 6.61916e-25 
1188.27 7.49023e-25 
1188.28 8.47375e-25 
1188.29 9.58396e-25 
1188.3 1.08369e-24 
1188.31 1.22504e-24 
1188.32 1.38448e-24 
1188.33 1.56427e-24 
1188.34 1.76695e-24 
1188.35 1.99539e-24 
1188.36 2.25278e-24 
1188.37 2.54272e-24 
1188.38 2.86924e-24 
1188.39 3.23687e-24 
1188.4 3.65066e-24 
1188.41 4.11629e-24 
1188.42 4.64013e-24 
1188.43 5.2293e-24 
1188.44 5.89176e-24 
1188.45 6.63645e-24 
1188.46 7.47335e-24 
1188.47 8.41364e-24 
1188.48 9.48379e-24 
1188.49 1.06715e-23 
1188.5 1.20049e-23 
1188.51 1.35015e-23 
1188.52 1.51807e-23 
1188.52 1.70645e-23 
1188.53 1.9177e-23 
1188.54 2.15456e-23 
1188.55 2.42006e-23 
1188.56 2.71757e-23 
1188.57 3.05088e-23 
1188.58 3.42419e-23 
1188.59 3.84219e-23 
1188.6 4.3128e-23 
1188.61 4.83681e-23 
1188.62 5.42309e-23 
1188.63 6.07888e-23 
1188.64 6.81223e-23 
1188.65 7.6321e-23 
1188.66 8.54845e-23 
1188.67 9.57237e-23 
1188.68 1.07162e-22 
1188.69 1.19936e-22 
1188.7 1.34199e-22 
1188.71 1.50119e-22 
1188.72 1.67885e-22 
1188.73 1.87968e-22 
1188.74 2.10105e-22 
1188.75 2.34789e-22 
1188.76 2.62306e-22 
1188.77 2.92972e-22 
1188.78 3.27141e-22 
1188.79 3.652e-22 
1188.8 4.07584e-22 
1188.81 4.5477e-22 
1188.82 5.07288e-22 
1188.83 5.65727e-22 
1188.84 6.30736e-22 
1188.85 7.03035e-22 
1188.86 7.83422e-22 
1188.87 8.72776e-22 
1188.88 9.72074e-22 
1188.89 1.08239e-21 
1188.9 1.20492e-21 
1188.91 1.34097e-21 
1188.92 1.49201e-21 
1188.93 1.65963e-21 
1188.94 1.84562e-21 
1188.94 2.05192e-21 
1188.95 2.28069e-21 
1188.96 2.53432e-21 
1188.97 2.81544e-21 
1188.98 3.13104e-21 
1188.99 3.47656e-21 
1189 3.85921e-21 
1189.01 4.28289e-21 
1189.02 4.75187e-21 
1189.03 5.27085e-21 
1189.04 5.84501e-21 
1189.05 6.48006e-21 
1189.06 7.18226e-21 
1189.07 7.95852e-21 
1189.08 8.81643e-21 
1189.09 9.76431e-21 
1189.1 1.08113e-20 
1189.11 1.19676e-20 
1189.12 1.32441e-20 
1189.13 1.4653e-20 
1189.14 1.62076e-20 
1189.15 1.79226e-20 
1189.16 1.9814e-20 
1189.17 2.18993e-20 
1189.18 2.4198e-20 
1189.19 2.67311e-20 
1189.2 2.95218e-20 
1189.21 3.25955e-20 
1189.22 3.598e-20 
1189.23 3.97547e-20 
1189.24 4.38599e-20 
1189.25 4.83768e-20 
1189.26 5.33451e-20 
1189.27 5.88086e-20 
1189.28 6.48151e-20 
1189.29 7.14168e-20 
1189.3 7.86708e-20 
1189.31 8.66393e-20 
1189.32 9.53906e-20 
1189.33 1.04999e-19 
1189.34 1.15546e-19 
1189.35 1.27119e-19 
1189.36 1.39816e-19 
1189.36 1.53741e-19 
1189.37 1.69011e-19 
1189.38 1.85749e-19 
1189.39 2.04093e-19 
1189.4 2.24191e-19 
1189.41 2.46205e-19 
1189.42 2.70312e-19 
1189.43 2.96703e-19 
1189.44 3.25587e-19 
1189.45 3.57192e-19 
1189.46 3.91764e-19 
1189.47 4.29572e-19 
1189.48 4.71449e-19 
1189.49 5.16682e-19 
1189.5 5.66109e-19 
1189.51 6.20106e-19 
1189.52 6.79079e-19 
1189.53 7.43471e-19 
1189.54 8.1376e-19 
1189.55 8.90466e-19 
1189.56 9.74154e-19 
1189.57 1.06543e-18 
1189.58 1.16497e-18 
1189.59 1.27348e-18 
1189.6 1.39173e-18 
1189.61 1.52153e-18 
1189.62 1.66197e-18 
1189.63 1.81491e-18 
1189.64 1.98141e-18 
1189.65 2.16264e-18 
1189.66 2.35984e-18 
1189.67 2.57437e-18 
1189.68 2.80767e-18 
1189.69 3.06134e-18 
1189.7 3.33707e-18 
1189.71 3.6367e-18 
1189.72 3.96223e-18 
1189.73 4.32039e-18 
1189.74 4.70469e-18 
1189.75 5.12186e-18 
1189.76 5.57459e-18 
1189.77 6.06579e-18 
1189.78 6.59858e-18 
1189.79 7.17633e-18 
1189.79 7.80267e-18 
1189.8 8.48151e-18 
1189.81 9.21704e-18 
1189.82 1.00138e-17 
1189.83 1.08767e-17 
1189.84 1.18108e-17 
1189.85 1.2822e-17 
1189.86 1.39161e-17 
1189.87 1.50997e-17 
1189.88 1.63799e-17 
1189.89 1.7764e-17 
1189.9 1.92601e-17 
1189.91 2.08769e-17 
1189.92 2.26236e-17 
1189.93 2.45102e-17 
1189.94 2.65473e-17 
1189.95 2.87464e-17 
1189.96 3.11197e-17 
1189.97 3.36803e-17 
1189.98 3.64781e-17 
1189.99 3.94593e-17 
1190 4.26732e-17 
1190.01 4.61371e-17 
1190.02 4.98694e-17 
1190.03 5.38899e-17 
1190.04 5.82195e-17 
1190.05 6.2881e-17 
1190.06 6.78983e-17 
1190.07 7.32972e-17 
1190.08 7.91051e-17 
1190.09 8.53515e-17 
1190.1 9.20675e-17 
1190.11 9.92866e-17 
1190.12 1.07044e-16 
1190.13 1.15379e-16 
1190.14 1.2433e-16 
1190.15 1.33942e-16 
1190.16 1.4426e-16 
1190.17 1.55333e-16 
1190.18 1.67214e-16 
1190.19 1.79957e-16 
1190.2 1.93622e-16 
1190.21 2.08271e-16 
1190.21 2.23971e-16 
1190.22 2.41011e-16 
1190.23 2.59046e-16 
1190.24 2.7836e-16 
1190.25 2.99037e-16 
1190.26 3.21168e-16 
1190.27 3.44849e-16 
1190.28 3.70181e-16 
1190.29 3.97274e-16 
1190.3 4.2624e-16 
1190.31 4.57201e-16 
1190.32 4.90286e-16 
1190.33 5.25632e-16 
1190.34 5.63382e-16 
1190.35 6.03689e-16 
1190.36 6.46715e-16 
1190.37 6.92631e-16 
1190.38 7.41618e-16 
1190.39 7.93868e-16 
1190.4 8.49582e-16 
1190.41 9.08975e-16 
1190.42 9.72273e-16 
1190.43 1.03971e-15 
1190.44 1.11155e-15 
1190.45 1.18805e-15 
1190.46 1.26949e-15 
1190.47 1.35616e-15 
1190.48 1.44958e-15 
1190.49 1.54776e-15 
1190.5 1.65217e-15 
1190.51 1.76318e-15 
1190.52 1.88117e-15 
1190.53 2.00655e-15 
1190.54 2.13974e-15 
1190.55 2.2812e-15 
1190.56 2.43139e-15 
1190.57 2.59081e-15 
1190.58 2.75999e-15 
1190.59 2.93947e-15 
1190.6 3.12984e-15 
1190.61 3.33376e-15 
1190.62 3.54787e-15 
1190.63 3.77478e-15 
1190.64 4.01519e-15 
1190.64 4.26984e-15 
1190.65 4.5395e-15 
1190.66 4.82498e-15 
1190.67 5.12712e-15 
1190.68 5.44682e-15 
1190.69 5.78501e-15 
1190.7 6.14265e-15 
1190.71 6.52078e-15 
1190.72 6.92046e-15 
1190.73 7.34824e-15 
1190.74 7.79473e-15 
1190.75 8.2663e-15 
1190.76 8.76423e-15 
1190.77 9.28984e-15 
1190.78 9.84455e-15 
1190.79 1.04298e-14 
1190.8 1.10471e-14 
1190.81 1.16981e-14 
1190.82 1.23844e-14 
1190.83 1.31078e-14 
1190.84 1.387e-14 
1190.85 1.4673e-14 
1190.86 1.55187e-14 
1190.87 1.64092e-14 
1190.88 1.73465e-14 
1190.89 1.8333e-14 
1190.9 1.9371e-14 
1190.91 2.04628e-14 
1190.92 2.16109e-14 
1190.93 2.28181e-14 
1190.94 2.4087e-14 
1190.95 2.54205e-14 
1190.96 2.68215e-14 
1190.97 2.82931e-14 
1190.98 2.98582e-14 
1190.99 3.14817e-14 
1191 3.31858e-14 
1191.01 3.49741e-14 
1191.02 3.68504e-14 
1191.03 3.88186e-14 
1191.04 4.08827e-14 
1191.05 4.30469e-14 
1191.06 4.53156e-14 
1191.07 4.76934e-14 
1191.07 5.0185e-14 
1191.08 5.27953e-14 
1191.09 5.55294e-14 
1191.1 5.83927e-14 
1191.11 6.13908e-14 
1191.12 6.45293e-14 
1191.13 6.78142e-14 
1191.14 7.12519e-14 
1191.15 7.48488e-14 
1191.16 7.86117e-14 
1191.17 8.25476e-14 
1191.18 8.66638e-14 
1191.19 9.0968e-14 
1191.2 9.54682e-14 
1191.21 1.00173e-13 
1191.22 1.0509e-13 
1191.23 1.10295e-13 
1191.24 1.15669e-13 
1191.25 1.21284e-13 
1191.26 1.2715e-13 
1191.27 1.3328e-13 
1191.28 1.39683e-13 
1191.29 1.46371e-13 
1191.3 1.53357e-13 
1191.31 1.60654e-13 
1191.32 1.68276e-13 
1191.33 1.76236e-13 
1191.34 1.8455e-13 
1191.35 1.93233e-13 
1191.36 2.02302e-13 
1191.37 2.11774e-13 
1191.38 2.21668e-13 
1191.39 2.32003e-13 
1191.4 2.42799e-13 
1191.41 2.54077e-13 
1191.42 2.65861e-13 
1191.43 2.78174e-13 
1191.44 2.91042e-13 
1191.45 3.04491e-13 
1191.46 3.1855e-13 
1191.47 3.33249e-13 
1191.48 3.48821e-13 
1191.49 3.64902e-13 
1191.49 3.8173e-13 
1191.5 3.99339e-13 
1191.51 4.17769e-13 
1191.52 4.37064e-13 
1191.53 4.5727e-13 
1191.54 4.78435e-13 
1191.55 5.00614e-13 
1191.56 5.2386e-13 
1191.57 5.48235e-13 
1191.58 5.73802e-13 
1191.59 6.00628e-13 
1191.6 6.29177e-13 
1191.61 6.58765e-13 
1191.62 6.89847e-13 
1191.63 7.22512e-13 
1191.64 7.56855e-13 
1191.65 7.92978e-13 
1191.66 8.30991e-13 
1191.67 8.71009e-13 
1191.68 9.13158e-13 
1191.69 9.57573e-13 
1191.7 1.0044e-12 
1191.71 1.05378e-12 
1191.72 1.10589e-12 
1191.73 1.16161e-12 
1191.74 1.21976e-12 
1191.75 1.28121e-12 
1191.76 1.34617e-12 
1191.77 1.41489e-12 
1191.78 1.4876e-12 
1191.79 1.56458e-12 
1191.8 1.64612e-12 
1191.81 1.73252e-12 
1191.82 1.82411e-12 
1191.83 1.92126e-12 
1191.84 2.02433e-12 
1191.85 2.13373e-12 
1191.86 2.24991e-12 
1191.87 2.37332e-12 
1191.88 2.50447e-12 
1191.89 2.6439e-12 
1191.9 2.79216e-12 
1191.91 2.94989e-12 
1191.92 3.11774e-12 
1191.92 3.29641e-12 
1191.93 3.48665e-12 
1191.94 3.68928e-12 
1191.95 3.90514e-12 
1191.96 4.13517e-12 
1191.97 4.38035e-12 
1191.98 4.64511e-12 
1191.99 4.92405e-12 
1192 5.22154e-12 
1192.01 5.53887e-12 
1192.02 5.87742e-12 
1192.03 6.23865e-12 
1192.04 6.62412e-12 
1192.05 7.03553e-12 
1192.06 7.47464e-12 
1192.07 7.94337e-12 
1192.08 8.44376e-12 
1192.09 8.97796e-12 
1192.1 9.54828e-12 
1192.11 1.01572e-11 
1192.12 1.08073e-11 
1192.13 1.15015e-11 
1192.14 1.22427e-11 
1192.15 1.3034e-11 
1192.16 1.38788e-11 
1192.17 1.47808e-11 
1192.18 1.57437e-11 
1192.19 1.67717e-11 
1192.2 1.7869e-11 
1192.21 1.90402e-11 
1192.22 2.02902e-11 
1192.23 2.16415e-11 
1192.24 2.30662e-11 
1192.25 2.45863e-11 
1192.26 2.62081e-11 
1192.27 2.79381e-11 
1192.28 2.97834e-11 
1192.29 3.17513e-11 
1192.3 3.38498e-11 
1192.31 3.60872e-11 
1192.32 3.84723e-11 
1192.33 4.10145e-11 
1192.34 4.37237e-11 
1192.34 4.66104e-11 
1192.35 4.96857e-11 
1192.36 5.29615e-11 
1192.37 5.64501e-11 
1192.38 6.01648e-11 
1192.39 6.41195e-11 
1192.4 6.83288e-11 
1192.41 7.28083e-11 
1192.42 7.75746e-11 
1192.43 8.26449e-11 
1192.44 8.80375e-11 
1192.45 9.37719e-11 
1192.46 9.98683e-11 
1192.47 1.06348e-10 
1192.48 1.13324e-10 
1192.49 1.20646e-10 
1192.5 1.28424e-10 
1192.51 1.36685e-10 
1192.52 1.45456e-10 
1192.53 1.54767e-10 
1192.54 1.6465e-10 
1192.55 1.75136e-10 
1192.56 1.8626e-10 
1192.57 1.98059e-10 
1192.58 2.1057e-10 
1192.59 2.23834e-10 
1192.6 2.37892e-10 
1192.61 2.52946e-10 
1192.62 2.68738e-10 
1192.63 2.85464e-10 
1192.64 3.03175e-10 
1192.65 3.21926e-10 
1192.66 3.41772e-10 
1192.67 3.62773e-10 
1192.68 3.8499e-10 
1192.69 4.08488e-10 
1192.7 4.33336e-10 
1192.71 4.59604e-10 
1192.72 4.87367e-10 
1192.73 5.1708e-10 
1192.74 5.48091e-10 
1192.75 5.80844e-10 
1192.76 6.15427e-10 
1192.77 6.51934e-10 
1192.77 6.90463e-10 
1192.78 7.31115e-10 
1192.79 7.73997e-10 
1192.8 8.1922e-10 
1192.81 8.66901e-10 
1192.82 9.1716e-10 
1192.83 9.70124e-10 
1192.84 1.02592e-09 
1192.85 1.0847e-09 
1192.86 1.14659e-09 
1192.87 1.21175e-09 
1192.88 1.28033e-09 
1192.89 1.35249e-09 
1192.9 1.42841e-09 
1192.91 1.50825e-09 
1192.92 1.5922e-09 
1192.93 1.68045e-09 
1192.94 1.77319e-09 
1192.95 1.87064e-09 
1192.96 1.973e-09 
1192.97 2.08049e-09 
1192.98 2.19478e-09 
1192.99 2.3133e-09 
1193 2.43768e-09 
1193.01 2.56815e-09 
1193.02 2.705e-09 
1193.03 2.84849e-09 
1193.04 2.99891e-09 
1193.05 3.15655e-09 
1193.06 3.32172e-09 
1193.07 3.49474e-09 
1193.08 3.67592e-09 
1193.09 3.86561e-09 
1193.1 4.06417e-09 
1193.11 4.27193e-09 
1193.12 4.48929e-09 
1193.13 4.71662e-09 
1193.14 4.95433e-09 
1193.15 5.20281e-09 
1193.16 5.4625e-09 
1193.17 5.73382e-09 
1193.18 6.01723e-09 
1193.19 6.3132e-09 
1193.19 6.62219e-09 
1193.2 6.94469e-09 
1193.21 7.28122e-09 
1193.22 7.63686e-09 
1193.23 8.00309e-09 
1193.24 8.38505e-09 
1193.25 8.7832e-09 
1193.26 9.19812e-09 
1193.27 9.63041e-09 
1193.28 1.00807e-08 
1193.29 1.05495e-08 
1193.3 1.10376e-08 
1193.31 1.15456e-08 
1193.32 1.20742e-08 
1193.33 1.2624e-08 
1193.34 1.31958e-08 
1193.35 1.37903e-08 
1193.36 1.44083e-08 
1193.37 1.50504e-08 
1193.38 1.57174e-08 
1193.39 1.64102e-08 
1193.4 1.71296e-08 
1193.41 1.78763e-08 
1193.42 1.86512e-08 
1193.43 1.94552e-08 
1193.44 2.02891e-08 
1193.45 2.11538e-08 
1193.46 2.20502e-08 
1193.47 2.29792e-08 
1193.48 2.3954e-08 
1193.49 2.49516e-08 
1193.5 2.59846e-08 
1193.51 2.7054e-08 
1193.52 2.81609e-08 
1193.53 2.93063e-08 
1193.54 3.04911e-08 
1193.55 3.17164e-08 
1193.56 3.29832e-08 
1193.57 3.42926e-08 
1193.58 3.56457e-08 
1193.59 3.70435e-08 
1193.6 3.84872e-08 
1193.61 4.00025e-08 
1193.62 4.15421e-08 
1193.62 4.31308e-08 
1193.63 4.47698e-08 
1193.64 4.64603e-08 
1193.65 4.82033e-08 
1193.66 5e-08 
1193.67 5.18516e-08 
1193.68 5.37592e-08 
1193.69 5.5724e-08 
1193.7 5.7747e-08 
1193.71 5.98295e-08 
1193.72 6.19727e-08 
1193.73 6.42056e-08 
1193.74 6.64742e-08 
1193.75 6.88069e-08 
1193.76 7.12048e-08 
1193.77 7.36691e-08 
1193.78 7.62009e-08 
1193.79 7.88012e-08 
1193.8 8.14713e-08 
1193.81 8.42121e-08 
1193.82 8.70248e-08 
1193.83 8.99105e-08 
1193.84 9.28701e-08 
1193.85 9.59048e-08 
1193.86 9.90155e-08 
1193.87 1.02203e-07 
1193.88 1.05469e-07 
1193.89 1.08813e-07 
1193.9 1.12238e-07 
1193.91 1.15743e-07 
1193.92 1.1933e-07 
1193.93 1.22999e-07 
1193.94 1.26752e-07 
1193.95 1.30588e-07 
1193.96 1.34509e-07 
1193.97 1.38516e-07 
1193.98 1.4266e-07 
1193.99 1.4684e-07 
1194 1.51108e-07 
1194.01 1.55463e-07 
1194.02 1.59907e-07 
1194.03 1.64439e-07 
1194.04 1.6906e-07 
1194.05 1.7377e-07 
1194.05 1.7857e-07 
1194.06 1.8346e-07 
1194.07 1.8844e-07 
1194.08 1.9351e-07 
1194.09 1.9867e-07 
1194.1 2.0392e-07 
1194.11 2.0926e-07 
1194.12 2.14689e-07 
1194.13 2.20209e-07 
1194.14 2.25817e-07 
1194.15 2.31515e-07 
1194.16 2.37301e-07 
1194.17 2.43175e-07 
1194.18 2.49137e-07 
1194.19 2.55185e-07 
1194.2 2.61319e-07 
1194.21 2.67539e-07 
1194.22 2.73843e-07 
1194.23 2.80311e-07 
1194.24 2.86781e-07 
1194.25 2.93333e-07 
1194.26 2.99965e-07 
1194.27 3.06676e-07 
1194.28 3.13464e-07 
1194.29 3.20329e-07 
1194.3 3.27267e-07 
1194.31 3.34279e-07 
1194.32 3.41361e-07 
1194.33 3.48514e-07 
1194.34 3.55733e-07 
1194.35 3.63018e-07 
1194.36 3.70367e-07 
1194.37 3.77777e-07 
1194.38 3.85247e-07 
1194.39 3.92773e-07 
1194.4 4.00355e-07 
1194.41 4.07988e-07 
1194.42 4.15672e-07 
1194.43 4.23402e-07 
1194.44 4.31178e-07 
1194.45 4.38995e-07 
1194.46 4.46851e-07 
1194.47 4.54744e-07 
1194.47 4.6277e-07 
1194.48 4.70726e-07 
1194.49 4.7871e-07 
1194.5 4.86719e-07 
1194.51 4.94748e-07 
1194.52 5.02796e-07 
1194.53 5.10857e-07 
1194.54 5.18931e-07 
1194.55 5.27011e-07 
1194.56 5.35097e-07 
1194.57 5.43183e-07 
1194.58 5.51267e-07 
1194.59 5.59345e-07 
1194.6 5.67414e-07 
1194.61 5.75825e-07 
1194.62 5.83869e-07 
1194.63 5.91892e-07 
1194.64 5.99891e-07 
1194.65 6.07862e-07 
1194.66 6.15803e-07 
1194.67 6.23708e-07 
1194.68 6.31574e-07 
1194.69 6.39398e-07 
1194.7 6.47176e-07 
1194.71 6.54905e-07 
1194.72 6.6258e-07 
1194.73 6.70293e-07 
1194.74 6.77851e-07 
1194.75 6.85344e-07 
1194.76 6.9277e-07 
1194.77 7.00125e-07 
1194.78 7.07405e-07 
1194.79 7.14608e-07 
1194.8 7.21731e-07 
1194.81 7.28768e-07 
1194.82 7.35719e-07 
1194.83 7.42579e-07 
1194.84 7.49346e-07 
1194.85 7.56016e-07 
1194.86 7.62588e-07 
1194.87 7.69057e-07 
1194.88 7.75422e-07 
1194.89 7.81679e-07 
1194.9 7.87827e-07 
1194.9 7.93864e-07 
1194.91 7.99785e-07 
1194.92 8.05591e-07 
1194.93 8.11279e-07 
1194.94 8.16847e-07 
1194.95 8.22293e-07 
1194.96 8.27615e-07 
1194.97 8.32813e-07 
1194.98 8.37948e-07 
1194.99 8.42891e-07 
1195 8.47706e-07 
1195.01 8.52392e-07 
1195.02 8.56949e-07 
1195.03 8.61375e-07 
1195.04 8.65671e-07 
1195.05 8.69836e-07 
1195.06 8.73871e-07 
1195.07 8.77776e-07 
1195.08 8.8155e-07 
1195.09 8.85196e-07 
1195.1 8.88712e-07 
1195.11 8.921e-07 
1195.12 8.95362e-07 
1195.13 8.98498e-07 
1195.14 9.0151e-07 
1195.15 9.044e-07 
1195.16 9.07169e-07 
1195.17 9.09819e-07 
1195.18 9.12353e-07 
1195.19 9.14773e-07 
1195.2 9.17082e-07 
1195.21 9.19282e-07 
1195.22 9.21376e-07 
1195.23 9.23392e-07 
1195.24 9.25283e-07 
1195.25 9.27079e-07 
1195.26 9.28782e-07 
1195.27 9.30397e-07 
1195.28 9.31928e-07 
1195.29 9.33379e-07 
1195.3 9.34755e-07 
1195.31 9.36059e-07 
1195.32 9.37296e-07 
1195.32 9.38472e-07 
1195.33 9.39592e-07 
1195.34 9.4066e-07 
1195.35 9.41681e-07 
1195.36 9.42662e-07 
1195.37 9.43608e-07 
1195.38 9.44524e-07 
1195.39 9.45416e-07 
1195.4 9.4629e-07 
1195.41 9.47152e-07 
1195.42 9.48009e-07 
1195.43 9.48866e-07 
1195.44 9.49729e-07 
1195.45 9.50606e-07 
1195.46 9.51502e-07 
1195.47 9.52425e-07 
1195.48 9.53392e-07 
1195.49 9.54387e-07 
1195.5 9.55427e-07 
1195.51 9.56521e-07 
1195.52 9.57674e-07 
1195.53 9.58894e-07 
1195.54 9.60186e-07 
1195.55 9.61558e-07 
1195.56 9.63016e-07 
1195.57 9.64568e-07 
1195.58 9.66219e-07 
1195.59 9.67977e-07 
1195.6 9.69848e-07 
1195.61 9.7244e-07 
1195.62 9.74559e-07 
1195.63 9.76809e-07 
1195.64 9.79199e-07 
1195.65 9.81734e-07 
1195.66 9.8442e-07 
1195.67 9.87264e-07 
1195.68 9.90271e-07 
1195.69 9.93446e-07 
1195.7 9.96796e-07 
1195.71 1.00033e-06 
1195.72 1.00404e-06 
1195.73 1.008e-06 
1195.74 1.0121e-06 
1195.75 1.0164e-06 
1195.75 1.02091e-06 
1195.76 1.02563e-06 
1195.77 1.03056e-06 
1195.78 1.0357e-06 
1195.79 1.04107e-06 
1195.8 1.04666e-06 
1195.81 1.05248e-06 
1195.82 1.05853e-06 
1195.83 1.06481e-06 
1195.84 1.07132e-06 
1195.85 1.07807e-06 
1195.86 1.08506e-06 
1195.87 1.09229e-06 
1195.88 1.09976e-06 
1195.89 1.10748e-06 
1195.9 1.11543e-06 
1195.91 1.12363e-06 
1195.92 1.13208e-06 
1195.93 1.14076e-06 
1195.94 1.14969e-06 
1195.95 1.15885e-06 
1195.96 1.16826e-06 
1195.97 1.1779e-06 
1195.98 1.18791e-06 
1195.99 1.19803e-06 
1196 1.20837e-06 
1196.01 1.21894e-06 
1196.02 1.22974e-06 
1196.03 1.24076e-06 
1196.04 1.25199e-06 
1196.05 1.26343e-06 
1196.06 1.27508e-06 
1196.07 1.28694e-06 
1196.08 1.29898e-06 
1196.09 1.31122e-06 
1196.1 1.32364e-06 
1196.11 1.33624e-06 
1196.12 1.34901e-06 
1196.13 1.36194e-06 
1196.14 1.37503e-06 
1196.15 1.38827e-06 
1196.16 1.40164e-06 
1196.17 1.41515e-06 
1196.17 1.42878e-06 
1196.18 1.44253e-06 
1196.19 1.45638e-06 
1196.2 1.47032e-06 
1196.21 1.48436e-06 
1196.22 1.49864e-06 
1196.23 1.51282e-06 
1196.24 1.52705e-06 
1196.25 1.54132e-06 
1196.26 1.55563e-06 
1196.27 1.56996e-06 
1196.28 1.5843e-06 
1196.29 1.59864e-06 
1196.3 1.61298e-06 
1196.31 1.62728e-06 
1196.32 1.64156e-06 
1196.33 1.65578e-06 
1196.34 1.66995e-06 
1196.35 1.68405e-06 
1196.36 1.69806e-06 
1196.37 1.71198e-06 
1196.38 1.72579e-06 
1196.39 1.73948e-06 
1196.4 1.75304e-06 
1196.41 1.76645e-06 
1196.42 1.77971e-06 
1196.43 1.7928e-06 
1196.44 1.8057e-06 
1196.45 1.81841e-06 
1196.46 1.83092e-06 
1196.47 1.84321e-06 
1196.48 1.85541e-06 
1196.49 1.86722e-06 
1196.5 1.87878e-06 
1196.51 1.89008e-06 
1196.52 1.90109e-06 
1196.53 1.91182e-06 
1196.54 1.92225e-06 
1196.55 1.93237e-06 
1196.56 1.94216e-06 
1196.57 1.95163e-06 
1196.58 1.96076e-06 
1196.59 1.96953e-06 
1196.6 1.97794e-06 
1196.6 1.98721e-06 
1196.61 1.99488e-06 
1196.62 2.00216e-06 
1196.63 2.00904e-06 
1196.64 2.01552e-06 
1196.65 2.02158e-06 
1196.66 2.02723e-06 
1196.67 2.03244e-06 
1196.68 2.03722e-06 
1196.69 2.04156e-06 
1196.7 2.04546e-06 
1196.71 2.0489e-06 
1196.72 2.05188e-06 
1196.73 2.05443e-06 
1196.74 2.05648e-06 
1196.75 2.05805e-06 
1196.76 2.05915e-06 
1196.77 2.05978e-06 
1196.78 2.05992e-06 
1196.79 2.05957e-06 
1196.8 2.05875e-06 
1196.81 2.05743e-06 
1196.82 2.05563e-06 
1196.83 2.05334e-06 
1196.84 2.05056e-06 
1196.85 2.04729e-06 
1196.86 2.04354e-06 
1196.87 2.0393e-06 
1196.88 2.03457e-06 
1196.89 2.02936e-06 
1196.9 2.02366e-06 
1196.91 2.01749e-06 
1196.92 2.01085e-06 
1196.93 2.00373e-06 
1196.94 1.99615e-06 
1196.95 1.9881e-06 
1196.96 1.97959e-06 
1196.97 1.97063e-06 
1196.98 1.9611e-06 
1196.99 1.95125e-06 
1197 1.94095e-06 
1197.01 1.93023e-06 
1197.02 1.91909e-06 
1197.03 1.90753e-06 
1197.03 1.89557e-06 
1197.04 1.8832e-06 
1197.05 1.87045e-06 
1197.06 1.85731e-06 
1197.07 1.8438e-06 
1197.08 1.82992e-06 
1197.09 1.81569e-06 
1197.1 1.80111e-06 
1197.11 1.7862e-06 
1197.12 1.77096e-06 
1197.13 1.7554e-06 
1197.14 1.73954e-06 
1197.15 1.72338e-06 
1197.16 1.70694e-06 
1197.17 1.69022e-06 
1197.18 1.67324e-06 
1197.19 1.65601e-06 
1197.2 1.63854e-06 
1197.21 1.62085e-06 
1197.22 1.60293e-06 
1197.23 1.58459e-06 
1197.24 1.56627e-06 
1197.25 1.54777e-06 
1197.26 1.52911e-06 
1197.27 1.51028e-06 
1197.28 1.49131e-06 
1197.29 1.4722e-06 
1197.3 1.45297e-06 
1197.31 1.43363e-06 
1197.32 1.4142e-06 
1197.33 1.39467e-06 
1197.34 1.37507e-06 
1197.35 1.35541e-06 
1197.36 1.33569e-06 
1197.37 1.31593e-06 
1197.38 1.29615e-06 
1197.39 1.27634e-06 
1197.4 1.25653e-06 
1197.41 1.23673e-06 
1197.42 1.21694e-06 
1197.43 1.19718e-06 
1197.44 1.17745e-06 
1197.45 1.15778e-06 
1197.45 1.13816e-06 
1197.46 1.11861e-06 
1197.47 1.09914e-06 
1197.48 1.07953e-06 
1197.49 1.06025e-06 
1197.5 1.04108e-06 
1197.51 1.02203e-06 
1197.52 1.00312e-06 
1197.53 9.84336e-07 
1197.54 9.65704e-07 
1197.55 9.47227e-07 
1197.56 9.28916e-07 
1197.57 9.10778e-07 
1197.58 8.92823e-07 
1197.59 8.75059e-07 
1197.6 8.57493e-07 
1197.61 8.40652e-07 
1197.62 8.23497e-07 
1197.63 8.06563e-07 
1197.64 7.8986e-07 
1197.65 7.73393e-07 
1197.66 7.57171e-07 
1197.67 7.41199e-07 
1197.68 7.25486e-07 
1197.69 7.10037e-07 
1197.7 6.94859e-07 
1197.71 6.79959e-07 
1197.72 6.65343e-07 
1197.73 6.5084e-07 
1197.74 6.36814e-07 
1197.75 6.2309e-07 
1197.76 6.09674e-07 
1197.77 5.96572e-07 
1197.78 5.83789e-07 
1197.79 5.7133e-07 
1197.8 5.59202e-07 
1197.81 5.4741e-07 
1197.82 5.35959e-07 
1197.83 5.24854e-07 
1197.84 5.141e-07 
1197.85 5.03703e-07 
1197.86 4.93667e-07 
1197.87 4.83998e-07 
1197.88 4.74701e-07 
1197.88 4.65781e-07 
1197.89 4.57242e-07 
1197.9 4.49089e-07 
1197.91 4.41329e-07 
1197.92 4.33965e-07 
1197.93 4.27002e-07 
1197.94 4.20447e-07 
1197.95 4.14302e-07 
1197.96 4.08575e-07 
1197.97 4.03269e-07 
1197.98 3.98331e-07 
1197.99 3.9389e-07 
1198 3.89885e-07 
1198.01 3.86323e-07 
1198.02 3.83208e-07 
1198.03 3.80547e-07 
1198.04 3.78344e-07 
1198.05 3.76605e-07 
1198.06 3.75335e-07 
1198.07 3.7454e-07 
1198.08 3.74225e-07 
1198.09 3.74397e-07 
1198.1 3.7506e-07 
1198.11 3.76221e-07 
1198.12 3.77885e-07 
1198.13 3.80059e-07 
1198.14 3.82748e-07 
1198.15 3.85958e-07 
1198.16 3.89695e-07 
1198.17 3.93966e-07 
1198.18 3.98775e-07 
1198.19 4.0413e-07 
1198.2 4.10037e-07 
1198.21 4.165e-07 
1198.22 4.23528e-07 
1198.23 4.31224e-07 
1198.24 4.39404e-07 
1198.25 4.48166e-07 
1198.26 4.57515e-07 
1198.27 4.67459e-07 
1198.28 4.78002e-07 
1198.29 4.8915e-07 
1198.3 5.0091e-07 
1198.3 5.13287e-07 
1198.31 5.26285e-07 
1198.32 5.39911e-07 
1198.33 5.5417e-07 
1198.34 5.69067e-07 
1198.35 5.84606e-07 
1198.36 6.00793e-07 
1198.37 6.17631e-07 
1198.38 6.35125e-07 
1198.39 6.53278e-07 
1198.4 6.72095e-07 
1198.41 6.91579e-07 
1198.42 7.11733e-07 
1198.43 7.3256e-07 
1198.44 7.54061e-07 
1198.45 7.76239e-07 
1198.46 7.99096e-07 
1198.47 8.22633e-07 
1198.48 8.47157e-07 
1198.49 8.72064e-07 
1198.5 8.97651e-07 
1198.51 9.23919e-07 
1198.52 9.50866e-07 
1198.53 9.78489e-07 
1198.54 1.00679e-06 
1198.55 1.03576e-06 
1198.56 1.0654e-06 
1198.57 1.0957e-06 
1198.58 1.12667e-06 
1198.59 1.15829e-06 
1198.6 1.19056e-06 
1198.61 1.22423e-06 
1198.62 1.2578e-06 
1198.63 1.29199e-06 
1198.64 1.32681e-06 
1198.65 1.36223e-06 
1198.66 1.39825e-06 
1198.67 1.43487e-06 
1198.68 1.47206e-06 
1198.69 1.50981e-06 
1198.7 1.54812e-06 
1198.71 1.58696e-06 
1198.72 1.62632e-06 
1198.73 1.6667e-06 
1198.73 1.70707e-06 
1198.74 1.74791e-06 
1198.75 1.7892e-06 
1198.76 1.83094e-06 
1198.77 1.87309e-06 
1198.78 1.91563e-06 
1198.79 1.95855e-06 
1198.8 2.00183e-06 
1198.81 2.04543e-06 
1198.82 2.08935e-06 
1198.83 2.13354e-06 
1198.84 2.17799e-06 
1198.85 2.22268e-06 
1198.86 2.26757e-06 
1198.87 2.31264e-06 
1198.88 2.35786e-06 
1198.89 2.4032e-06 
1198.9 2.44864e-06 
1198.91 2.49414e-06 
1198.92 2.53968e-06 
1198.93 2.58522e-06 
1198.94 2.63073e-06 
1198.95 2.67618e-06 
1198.96 2.72154e-06 
1198.97 2.76677e-06 
1198.98 2.81241e-06 
1198.99 2.8573e-06 
1199 2.90196e-06 
1199.01 2.94636e-06 
1199.02 2.99047e-06 
1199.03 3.03425e-06 
1199.04 3.07767e-06 
1199.05 3.12069e-06 
1199.06 3.16328e-06 
1199.07 3.20541e-06 
1199.08 3.24703e-06 
1199.09 3.28813e-06 
1199.1 3.32865e-06 
1199.11 3.36857e-06 
1199.12 3.40785e-06 
1199.13 3.44646e-06 
1199.14 3.48436e-06 
1199.15 3.52153e-06 
1199.15 3.55792e-06 
1199.16 3.59351e-06 
1199.17 3.62826e-06 
1199.18 3.66215e-06 
1199.19 3.69514e-06 
1199.2 3.7272e-06 
1199.21 3.75831e-06 
1199.22 3.78879e-06 
1199.23 3.81788e-06 
1199.24 3.84593e-06 
1199.25 3.87291e-06 
1199.26 3.8988e-06 
1199.27 3.92356e-06 
1199.28 3.94719e-06 
1199.29 3.96964e-06 
1199.3 3.99092e-06 
1199.31 4.01098e-06 
1199.32 4.02982e-06 
1199.33 4.04741e-06 
1199.34 4.06375e-06 
1199.35 4.0788e-06 
1199.36 4.09256e-06 
1199.37 4.10501e-06 
1199.38 4.11615e-06 
1199.39 4.12595e-06 
1199.4 4.13442e-06 
1199.41 4.14154e-06 
1199.42 4.1473e-06 
1199.43 4.1517e-06 
1199.44 4.15474e-06 
1199.45 4.15641e-06 
1199.46 4.15671e-06 
1199.47 4.15564e-06 
1199.48 4.15316e-06 
1199.49 4.14933e-06 
1199.5 4.14415e-06 
1199.51 4.1376e-06 
1199.52 4.1297e-06 
1199.53 4.12047e-06 
1199.54 4.10989e-06 
1199.55 4.09799e-06 
1199.56 4.08478e-06 
1199.57 4.07026e-06 
1199.58 4.05447e-06 
1199.58 4.0374e-06 
1199.59 4.01907e-06 
1199.6 3.99952e-06 
1199.61 3.98119e-06 
1199.62 3.95921e-06 
1199.63 3.93604e-06 
1199.64 3.91173e-06 
1199.65 3.88628e-06 
1199.66 3.85972e-06 
1199.67 3.83208e-06 
1199.68 3.80338e-06 
1199.69 3.77366e-06 
1199.7 3.74293e-06 
1199.71 3.71123e-06 
1199.72 3.67858e-06 
1199.73 3.64459e-06 
1199.74 3.61013e-06 
1199.75 3.57482e-06 
1199.76 3.53869e-06 
1199.77 3.50176e-06 
1199.78 3.46408e-06 
1199.79 3.42568e-06 
1199.8 3.38658e-06 
1199.81 3.34682e-06 
1199.82 3.30645e-06 
1199.83 3.26548e-06 
1199.84 3.22395e-06 
1199.85 3.1819e-06 
1199.86 3.13937e-06 
1199.87 3.09638e-06 
1199.88 3.05298e-06 
1199.89 3.00919e-06 
1199.9 2.96505e-06 
1199.91 2.92059e-06 
1199.92 2.87586e-06 
1199.93 2.83087e-06 
1199.94 2.78567e-06 
1199.95 2.74029e-06 
1199.96 2.69475e-06 
1199.97 2.6491e-06 
1199.98 2.60279e-06 
1199.99 2.557e-06 
1200 2.51119e-06 
1200.01 2.46538e-06 
1200.01 2.41961e-06 
1200.02 2.37391e-06 
1200.03 2.32831e-06 
1200.04 2.28282e-06 
1200.05 2.23749e-06 
1200.06 2.19233e-06 
1200.07 2.14738e-06 
1200.08 2.10265e-06 
1200.09 2.05818e-06 
1200.1 2.01398e-06 
1200.11 1.97009e-06 
1200.12 1.92651e-06 
1200.13 1.88328e-06 
1200.14 1.8404e-06 
1200.15 1.79792e-06 
1200.16 1.75583e-06 
1200.17 1.71416e-06 
1200.18 1.67294e-06 
1200.19 1.63216e-06 
1200.2 1.59185e-06 
1200.21 1.55203e-06 
1200.22 1.5127e-06 
1200.23 1.4734e-06 
1200.24 1.43511e-06 
1200.25 1.39736e-06 
1200.26 1.36015e-06 
1200.27 1.3235e-06 
1200.28 1.2874e-06 
1200.29 1.25188e-06 
1200.3 1.21694e-06 
1200.31 1.18259e-06 
1200.32 1.14882e-06 
1200.33 1.11565e-06 
1200.34 1.08308e-06 
1200.35 1.05112e-06 
1200.36 1.01976e-06 
1200.37 9.89008e-07 
1200.38 9.58869e-07 
1200.39 9.29343e-07 
1200.4 9.00429e-07 
1200.41 8.72126e-07 
1200.42 8.44435e-07 
1200.43 8.17353e-07 
1200.43 7.90879e-07 
1200.44 7.6501e-07 
1200.45 7.39744e-07 
1200.46 7.15075e-07 
1200.47 6.91002e-07 
1200.48 6.67229e-07 
1200.49 6.44338e-07 
1200.5 6.22027e-07 
1200.51 6.00291e-07 
1200.52 5.79124e-07 
1200.53 5.58518e-07 
1200.54 5.38468e-07 
1200.55 5.18967e-07 
1200.56 5.00007e-07 
1200.57 4.81581e-07 
1200.58 4.63681e-07 
1200.59 4.46299e-07 
1200.6 4.29427e-07 
1200.61 4.13311e-07 
1200.62 3.97424e-07 
1200.63 3.82021e-07 
1200.64 3.67094e-07 
1200.65 3.52634e-07 
1200.66 3.38632e-07 
1200.67 3.25079e-07 
1200.68 3.11965e-07 
1200.69 2.99282e-07 
1200.7 2.8702e-07 
1200.71 2.75169e-07 
1200.72 2.6372e-07 
1200.73 2.52529e-07 
1200.74 2.41862e-07 
1200.75 2.31569e-07 
1200.76 2.21641e-07 
1200.77 2.12069e-07 
1200.78 2.02843e-07 
1200.79 1.93954e-07 
1200.8 1.85394e-07 
1200.81 1.77153e-07 
1200.82 1.69223e-07 
1200.83 1.61594e-07 
1200.84 1.54259e-07 
1200.85 1.47208e-07 
1200.85 1.40432e-07 
1200.86 1.33925e-07 
1200.87 1.27677e-07 
1200.88 1.2168e-07 
1200.89 1.15927e-07 
1200.9 1.10409e-07 
1200.91 1.05119e-07 
1200.92 1.0005e-07 
1200.93 9.51935e-08 
1200.94 9.05431e-08 
1200.95 8.60914e-08 
1200.96 8.18317e-08 
1200.97 7.7757e-08 
1200.98 7.38133e-08 
1200.99 7.00913e-08 
1201 6.65351e-08 
1201.01 6.31385e-08 
1201.02 5.98955e-08 
1201.03 5.68004e-08 
1201.04 5.38474e-08 
1201.05 5.10312e-08 
1201.06 4.83462e-08 
1201.07 4.57875e-08 
1201.08 4.33498e-08 
1201.09 4.10284e-08 
1201.1 3.88185e-08 
1201.11 3.67155e-08 
1201.12 3.4715e-08 
1201.13 3.28127e-08 
1201.14 3.10044e-08 
1201.15 2.9286e-08 
1201.16 2.76538e-08 
1201.17 2.6104e-08 
1201.18 2.46329e-08 
1201.19 2.3237e-08 
1201.2 2.1913e-08 
1201.21 2.06576e-08 
1201.22 1.94677e-08 
1201.23 1.83266e-08 
1201.24 1.72595e-08 
1201.25 1.62492e-08 
1201.26 1.5293e-08 
1201.27 1.43883e-08 
1201.28 1.35327e-08 
1201.28 1.27238e-08 
1201.29 1.19592e-08 
1201.3 1.12369e-08 
1201.31 1.05547e-08 
1201.32 9.91072e-09 
1201.33 9.30293e-09 
1201.34 8.72953e-09 
1201.35 8.18877e-09 
1201.36 7.67898e-09 
1201.37 7.19855e-09 
1201.38 6.74595e-09 
1201.39 6.31973e-09 
1201.4 5.91848e-09 
1201.41 5.54087e-09 
1201.42 5.18565e-09 
1201.43 4.85161e-09 
1201.44 4.53758e-09 
1201.45 4.24248e-09 
1201.46 3.96526e-09 
1201.47 3.70494e-09 
1201.48 3.4576e-09 
1201.49 3.22846e-09 
1201.5 3.01352e-09 
1201.51 2.81195e-09 
1201.52 2.623e-09 
1201.53 2.44594e-09 
1201.54 2.28008e-09 
1201.55 2.12477e-09 
1201.56 1.97938e-09 
1201.57 1.84334e-09 
1201.58 1.71607e-09 
1201.59 1.59707e-09 
1201.6 1.48583e-09 
1201.61 1.38273e-09 
1201.62 1.28557e-09 
1201.63 1.19485e-09 
1201.64 1.11016e-09 
1201.65 1.03113e-09 
1201.66 9.57411e-10 
1201.67 8.8867e-10 
1201.68 8.24593e-10 
1201.69 7.64883e-10 
1201.7 7.09264e-10 
1201.7 6.57472e-10 
1201.71 6.0926e-10 
1201.72 5.63858e-10 
1201.73 5.22164e-10 
1201.74 4.83394e-10 
1201.75 4.47356e-10 
1201.76 4.13867e-10 
1201.77 3.82759e-10 
1201.78 3.53873e-10 
1201.79 3.27058e-10 
1201.8 3.02176e-10 
1201.81 2.79095e-10 
1201.82 2.57692e-10 
1201.83 2.37851e-10 
1201.84 2.19466e-10 
1201.85 2.02435e-10 
1201.86 1.86665e-10 
1201.87 1.72066e-10 
1201.88 1.58556e-10 
1201.89 1.46059e-10 
1201.9 1.34503e-10 
1201.91 1.2382e-10 
1201.92 1.13948e-10 
1201.93 1.04829e-10 
1201.94 9.64071e-11 
1201.95 8.8633e-11 
1201.96 8.14589e-11 
1201.97 7.48408e-11 
1201.98 6.86645e-11 
1201.99 6.3044e-11 
1202 5.78644e-11 
1202.01 5.30929e-11 
1202.02 4.86988e-11 
1202.03 4.46537e-11 
1202.04 4.0931e-11 
1202.05 3.75063e-11 
1202.06 3.43568e-11 
1202.07 3.14614e-11 
1202.08 2.88006e-11 
1202.09 2.6356e-11 
1202.1 2.4111e-11 
1202.11 2.205e-11 
1202.12 2.01585e-11 
1202.13 1.84231e-11 
1202.13 1.68316e-11 
1202.14 1.53725e-11 
1202.15 1.40353e-11 
1202.16 1.28102e-11 
1202.17 1.16881e-11 
1202.18 1.06608e-11 
1202.19 9.72064e-12 
1202.2 8.86043e-12 
1202.21 8.07368e-12 
1202.22 7.34615e-12 
1202.23 6.68908e-12 
1202.24 6.08908e-12 
1202.25 5.54107e-12 
1202.26 5.04072e-12 
1202.27 4.58403e-12 
1202.28 4.16735e-12 
1202.29 3.7873e-12 
1202.3 3.44076e-12 
1202.31 3.12491e-12 
1202.32 2.83711e-12 
1202.33 2.57497e-12 
1202.34 2.33628e-12 
1202.35 2.11902e-12 
1202.36 1.92133e-12 
1202.37 1.7415e-12 
1202.38 1.57799e-12 
1202.39 1.42936e-12 
1202.4 1.2943e-12 
1202.41 1.17161e-12 
1202.42 1.06021e-12 
1202.43 9.5908e-13 
1202.44 8.67312e-13 
1202.45 7.84065e-13 
1202.46 7.08575e-13 
1202.47 6.40143e-13 
1202.48 5.77391e-13 
1202.49 5.21281e-13 
1202.5 4.70469e-13 
1202.51 4.2447e-13 
1202.52 3.82842e-13 
1202.53 3.45183e-13 
1202.54 3.11125e-13 
1202.55 2.80335e-13 
1202.56 2.52509e-13 
1202.56 2.2737e-13 
1202.57 2.04667e-13 
1202.58 1.84169e-13 
1202.59 1.6567e-13 
1202.6 1.4898e-13 
1202.61 1.34009e-13 
1202.62 1.20429e-13 
1202.63 1.08189e-13 
1202.64 9.71616e-14 
1202.65 8.72291e-14 
1202.66 7.82862e-14 
1202.67 7.0237e-14 
1202.68 6.29946e-14 
1202.69 5.64804e-14 
1202.7 5.06231e-14 
1202.71 4.53582e-14 
1202.72 4.06275e-14 
1202.73 3.6328e-14 
1202.74 3.25175e-14 
1202.75 2.90971e-14 
1202.76 2.60279e-14 
1202.77 2.32748e-14 
1202.78 2.0806e-14 
1202.79 1.8593e-14 
1202.8 1.66098e-14 
1202.81 1.48333e-14 
1202.82 1.32425e-14 
1202.83 1.18183e-14 
1202.84 1.05438e-14 
1202.85 9.40372e-15 
1202.86 8.3841e-15 
1202.87 7.47258e-15 
1202.88 6.65796e-15 
1202.89 5.93019e-15 
1202.9 5.28023e-15 
1202.91 4.69995e-15 
1202.92 4.18207e-15 
1202.93 3.72002e-15 
1202.94 3.30793e-15 
1202.95 2.94052e-15 
1202.96 2.61306e-15 
1202.97 2.3213e-15 
1202.98 2.06143e-15 
1202.98 1.82733e-15 
1202.99 1.62168e-15 
1203 1.43871e-15 
1203.01 1.27596e-15 
1203.02 1.13124e-15 
1203.03 1.00261e-15 
1203.04 8.88315e-16 
1203.05 7.86787e-16 
1203.06 6.96634e-16 
1203.07 6.16607e-16 
1203.08 5.45593e-16 
1203.09 4.82599e-16 
1203.1 4.26737e-16 
1203.11 3.77217e-16 
1203.12 3.33334e-16 
1203.13 2.94458e-16 
1203.14 2.60031e-16 
1203.15 2.29553e-16 
1203.16 2.0258e-16 
1203.17 1.78718e-16 
1203.18 1.57615e-16 
1203.19 1.38957e-16 
1203.2 1.22468e-16 
1203.21 1.079e-16 
1203.22 9.50335e-17 
1203.23 8.35405e-17 
1203.24 7.35299e-17 
1203.25 6.46975e-17 
1203.26 5.69073e-17 
1203.27 5.00386e-17 
1203.28 4.39844e-17 
1203.29 3.865e-17 
1203.3 3.39513e-17 
1203.31 2.98141e-17 
1203.32 2.61723e-17 
1203.33 2.29678e-17 
1203.34 2.0149e-17 
1203.35 1.76704e-17 
1203.36 1.54915e-17 
1203.37 1.35768e-17 
1203.38 1.18949e-17 
1203.39 1.04178e-17 
1203.4 9.12121e-18 
1203.41 7.98333e-18 
1203.41 6.9851e-18 
1203.42 6.10967e-18 
1203.43 5.3422e-18 
1203.44 4.66959e-18 
1203.45 4.08032e-18 
1203.46 3.56423e-18 
1203.47 3.1124e-18 
1203.48 2.71233e-18 
1203.49 2.36692e-18 
1203.5 2.06481e-18 
1203.51 1.80067e-18 
1203.52 1.5698e-18 
1203.53 1.36808e-18 
1203.54 1.19189e-18 
1203.55 1.03805e-18 
1203.56 9.03767e-19 
1203.57 7.86595e-19 
1203.58 6.84389e-19 
1203.59 5.95266e-19 
1203.6 5.17578e-19 
1203.61 4.50158e-19 
1203.62 3.9115e-19 
1203.63 3.39765e-19 
1203.64 2.95033e-19 
1203.65 2.56106e-19 
1203.66 2.22241e-19 
1203.67 1.92791e-19 
1203.68 1.67188e-19 
1203.69 1.44938e-19 
1203.7 1.25607e-19 
1203.71 1.08819e-19 
1203.72 9.4243e-20 
1203.73 8.14458e-20 
1203.74 7.04898e-20 
1203.75 6.09875e-20 
1203.76 5.27487e-20 
1203.77 4.56079e-20 
1203.78 3.94207e-20 
1203.79 3.40617e-20 
1203.8 2.94215e-20 
1203.81 2.5405e-20 
1203.82 2.19296e-20 
1203.83 1.89234e-20 
1203.83 1.63239e-20 
1203.84 1.40769e-20 
1203.85 1.21352e-20 
1203.86 1.04578e-20 
1203.87 9.00934e-21 
1203.88 7.75894e-21 
1203.89 6.67987e-21 
1203.9 5.74897e-21 
1203.91 4.94618e-21 
1203.92 4.25408e-21 
1203.93 3.65762e-21 
1203.94 3.14375e-21 
1203.95 2.70118e-21 
1203.96 2.32016e-21 
1203.97 1.99222e-21 
1203.98 1.7068e-21 
1203.99 1.46459e-21 
1204 1.25633e-21 
1204.01 1.07733e-21 
1204.02 9.23528e-22 
1204.03 7.91422e-22 
1204.04 6.77991e-22 
1204.05 5.80625e-22 
1204.06 4.97078e-22 
1204.07 4.25412e-22 
1204.08 3.63959e-22 
1204.09 3.1128e-22 
1204.1 2.66138e-22 
1204.11 2.27468e-22 
1204.12 1.94352e-22 
1204.13 1.66003e-22 
1204.14 1.41742e-22 
1204.15 1.20987e-22 
1204.16 1.03236e-22 
1204.17 8.80615e-23 
1204.18 7.50924e-23 
1204.19 6.40122e-23 
1204.2 5.45489e-23 
1204.21 4.64693e-23 
1204.22 3.95733e-23 
1204.23 3.36219e-23 
1204.24 2.86134e-23 
1204.25 2.43431e-23 
1204.26 2.07032e-23 
1204.26 1.76018e-23 
1204.27 1.496e-23 
1204.28 1.27105e-23 
1204.29 1.07958e-23 
1204.3 9.1664e-24 
1204.31 7.78039e-24 
1204.32 6.60177e-24 
1204.33 5.59985e-24 
1204.34 4.74842e-24 
1204.35 4.02512e-24 
1204.36 3.41087e-24 
1204.37 2.8894e-24 
1204.38 2.44685e-24 
1204.39 2.0714e-24 
1204.4 1.75298e-24 
1204.41 1.48302e-24 
1204.42 1.25422e-24 
1204.43 1.06037e-24 
1204.44 8.96187e-25 
1204.45 7.57174e-25 
1204.46 6.39513e-25 
1204.47 5.39958e-25 
1204.48 4.54785e-25 
1204.49 3.83732e-25 
1204.5 3.23674e-25 
1204.51 2.72925e-25 
1204.52 2.30057e-25 
1204.53 1.93859e-25 
1204.54 1.63302e-25 
1204.55 1.37516e-25 
1204.56 1.15764e-25 
1204.57 9.74204e-26 
1204.58 8.19564e-26 
1204.59 6.89244e-26 
1204.6 5.79455e-26 
1204.61 4.86993e-26 
1204.62 4.09402e-26 
1204.63 3.43848e-26 
1204.64 2.88695e-26 
1204.65 2.42309e-26 
1204.66 2.03309e-26 
1204.67 1.7053e-26 
1204.68 1.42989e-26 
1204.68 1.19856e-26 
1204.69 1.00432e-26 
1204.7 8.41287e-27 
1204.71 7.04485e-27 
1204.72 5.88423e-27 
1204.73 4.92413e-27 
1204.74 4.11932e-27 
1204.75 3.44491e-27 
1204.76 2.87997e-27 
1204.77 2.40688e-27 
1204.78 2.01084e-27 
1204.79 1.67941e-27 
1204.8 1.40215e-27 
1204.81 1.17027e-27 
1204.82 9.76421e-28 
1204.83 8.14411e-28 
1204.84 6.79059e-28 
1204.85 5.66015e-28 
1204.86 4.71634e-28 
1204.87 3.92861e-28 
1204.88 3.27137e-28 
1204.89 2.72318e-28 
1204.9 2.26611e-28 
1204.91 1.88513e-28 
1204.92 1.56769e-28 
1204.93 1.30327e-28 
1204.94 1.08309e-28 
1204.95 8.99814e-29 
1204.96 7.47304e-29 
1204.97 6.20438e-29 
1204.98 5.13741e-29 
1204.99 4.26243e-29 
1205 3.53531e-29 
1205.01 2.93126e-29 
1205.02 2.42961e-29 
1205.03 2.01315e-29 
1205.04 1.66753e-29 
1205.05 1.38079e-29 
1205.06 1.14298e-29 
1205.07 9.45813e-30 
1205.08 7.824e-30 
1205.09 6.47008e-30 
1205.1 5.34868e-30 
1205.11 4.42019e-30 
1205.11 3.65167e-30 
1205.12 3.01578e-30 
1205.13 2.4898e-30 
1205.14 2.05487e-30 
1205.15 1.69536e-30 
1205.16 1.39829e-30 
1205.17 1.15289e-30 
1205.18 9.50249e-31 
1205.19 7.82965e-31 
1205.2 6.44917e-31 
1205.21 5.31034e-31 
1205.22 4.3615e-31 
1205.23 3.58815e-31 
1205.24 2.9516e-31 
1205.25 2.42717e-31 
1205.26 1.99527e-31 
1205.27 1.63968e-31 
1205.28 1.34701e-31 
1205.29 1.10622e-31 
1205.3 9.08176e-32 
1205.31 7.4534e-32 
1205.32 6.11498e-32 
1205.33 5.01525e-32 
1205.34 4.11194e-32 
1205.35 3.37022e-32 
1205.36 2.76138e-32 
1205.37 2.26178e-32 
1205.38 1.85196e-32 
1205.39 1.5159e-32 
1205.4 1.24041e-32 
1205.41 1.01465e-32 
1205.42 8.29708e-33 
1205.43 6.78251e-33 
1205.44 5.54259e-33 
1205.45 4.52784e-33 
1205.46 3.69766e-33 
1205.47 3.01869e-33 
1205.48 2.45792e-33 
1205.49 2.00478e-33 
1205.5 1.63504e-33 
1205.51 1.33305e-33 
1205.52 1.08648e-33 
1205.53 8.85219e-34 
1205.54 7.21005e-34 
1205.54 5.87061e-34 
1205.55 4.77842e-34 
1205.56 3.88814e-34 
1205.57 3.16269e-34 
1205.58 2.57175e-34 
1205.59 2.09053e-34 
1205.6 1.6988e-34 
1205.61 1.38086e-34 
1205.62 1.12137e-34 
1205.63 9.10339e-35 
1205.64 7.3878e-35 
1205.65 5.99355e-35 
1205.66 4.86082e-35 
1205.67 3.94087e-35 
1205.68 3.19397e-35 
1205.69 2.58777e-35 
1205.7 2.09594e-35 
1205.71 1.69702e-35 
1205.72 1.37358e-35 
1205.73 1.10848e-35 
1205.74 8.9661e-36 
1205.75 7.25e-36 
1205.76 5.86043e-36 
1205.77 4.73562e-36 
1205.78 3.82545e-36 
1205.79 3.08918e-36 
1205.8 2.4938e-36 
1205.81 2.0125e-36 
1205.82 1.62356e-36 
1205.83 1.30935e-36 
1205.84 1.05561e-36 
1205.85 8.50754e-37 
1205.86 6.85429e-37 
1205.87 5.5205e-37 
1205.88 4.44478e-37 
1205.89 3.5775e-37 
1205.9 2.87849e-37 
1205.91 2.3153e-37 
1205.92 1.86169e-37 
1205.93 1.49645e-37 
1205.94 1.20247e-37 
1205.95 9.65929e-38 
1205.96 7.7566e-38 
1205.96 6.22665e-38 
1205.97 4.99682e-38 
1205.98 3.99755e-38 
1205.99 3.20586e-38 
1206 2.57012e-38 
1206.01 2.05977e-38 
1206.02 1.65021e-38 
1206.03 1.32166e-38 
1206.04 1.05817e-38 
1206.05 8.46926e-39 
1206.06 6.77632e-39 
1206.07 5.42001e-39 
1206.08 4.33373e-39 
1206.09 3.46402e-39 
1206.1 2.76794e-39 
1206.11 2.211e-39 
1206.12 1.76554e-39 
1206.13 1.40937e-39 
1206.14 1.12468e-39 
1206.15 8.97195e-40 
1206.16 7.1549e-40 
1206.17 5.70396e-40 
1206.18 4.54574e-40 
1206.19 3.62153e-40 
1206.2 2.88428e-40 
1206.21 2.29635e-40 
1206.22 1.82764e-40 
1206.23 1.44999e-40 
1206.24 1.15328e-40 
1206.25 9.16982e-41 
1206.26 7.28857e-41 
1206.27 5.79143e-41 
1206.28 4.60018e-41 
1206.29 3.65276e-41 
1206.3 2.89971e-41 
1206.31 2.30079e-41 
1206.32 1.82519e-41 
1206.33 1.4474e-41 
1206.34 1.14738e-41 
1206.35 9.09303e-42 
1206.36 7.20408e-42 
1206.37 5.70469e-42 
1206.38 4.51638e-42 
1206.39 3.57471e-42 
1206.39 2.82782e-42 
1206.4 2.23647e-42 
1206.41 1.76984e-42 
1206.42 1.3985e-42 
1206.43 1.10422e-42 
1206.44 8.73009e-43 
1206.45 6.89439e-43 
1206.46 5.43704e-43 
1206.47 4.28797e-43 
1206.48 3.37713e-43 
1206.49 2.67648e-43 
1206.5 2.08793e-43 
1206.51 1.65353e-43 
1206.52 1.28919e-43 
1206.53 1.02295e-43 
1206.54 8.12753e-44 
1206.55 6.30584e-44 
1206.56 5.04467e-44 
1206.57 3.92364e-44 
1206.58 3.08286e-44 
1206.59 2.38221e-44 
1206.6 0 
