#energy geo_1 
1186.6 6.77922e-07 
1186.61 6.77507e-07 
1186.62 6.77093e-07 
1186.63 6.76678e-07 
1186.64 6.76264e-07 
1186.65 6.75849e-07 
1186.66 6.75435e-07 
1186.67 6.75022e-07 
1186.68 6.74607e-07 
1186.69 6.74194e-07 
1186.7 6.73781e-07 
1186.71 6.73367e-07 
1186.72 6.72954e-07 
1186.73 6.72541e-07 
1186.74 6.72129e-07 
1186.75 6.71717e-07 
1186.76 6.71304e-07 
1186.77 6.70891e-07 
1186.78 6.7048e-07 
1186.79 6.70068e-07 
1186.8 6.69656e-07 
1186.81 6.69246e-07 
1186.81 6.68834e-07 
1186.82 6.68423e-07 
1186.83 6.68011e-07 
1186.84 6.67602e-07 
1186.85 6.67191e-07 
1186.86 6.66781e-07 
1186.87 6.66371e-07 
1186.88 6.65961e-07 
1186.89 6.65551e-07 
1186.9 6.65141e-07 
1186.91 6.64732e-07 
1186.92 6.64323e-07 
1186.93 6.63914e-07 
1186.94 6.63504e-07 
1186.95 6.63097e-07 
1186.96 6.62688e-07 
1186.97 6.6228e-07 
1186.98 6.61872e-07 
1186.99 6.61464e-07 
1187 6.61056e-07 
1187.01 6.60648e-07 
1187.02 6.60241e-07 
1187.03 6.59834e-07 
1187.04 6.59428e-07 
1187.05 6.5902e-07 
1187.06 6.58613e-07 
1187.07 6.58207e-07 
1187.08 6.57801e-07 
1187.09 6.57395e-07 
1187.1 6.5699e-07 
1187.11 6.56583e-07 
1187.12 6.56177e-07 
1187.13 6.55773e-07 
1187.14 6.55367e-07 
1187.15 6.54962e-07 
1187.16 6.54557e-07 
1187.17 6.54152e-07 
1187.18 6.53748e-07 
1187.19 6.53344e-07 
1187.2 6.5294e-07 
1187.21 6.52535e-07 
1187.22 6.52132e-07 
1187.23 6.51728e-07 
1187.24 6.51325e-07 
1187.24 6.50922e-07 
1187.25 6.50519e-07 
1187.26 6.50116e-07 
1187.27 6.49713e-07 
1187.28 6.49312e-07 
1187.29 6.48909e-07 
1187.3 6.48506e-07 
1187.31 6.48105e-07 
1187.32 6.47703e-07 
1187.33 6.47302e-07 
1187.34 6.46901e-07 
1187.35 6.46499e-07 
1187.36 6.46098e-07 
1187.37 6.45698e-07 
1187.38 6.45297e-07 
1187.39 6.44897e-07 
1187.4 6.44495e-07 
1187.41 6.44096e-07 
1187.42 6.43697e-07 
1187.43 6.43297e-07 
1187.44 6.42896e-07 
1187.45 6.42498e-07 
1187.46 6.421e-07 
1187.47 6.41701e-07 
1187.48 6.41301e-07 
1187.49 6.40903e-07 
1187.5 6.40505e-07 
1187.51 6.40106e-07 
1187.52 6.39708e-07 
1187.53 6.39311e-07 
1187.54 6.38914e-07 
1187.55 6.38515e-07 
1187.56 6.38118e-07 
1187.57 6.3772e-07 
1187.58 6.37325e-07 
1187.59 6.36927e-07 
1187.6 6.36532e-07 
1187.61 6.36531e-07 
1187.62 6.36135e-07 
1187.63 6.3574e-07 
1187.64 6.35344e-07 
1187.65 6.34947e-07 
1187.66 6.34552e-07 
1187.66 6.34157e-07 
1187.67 6.33762e-07 
1187.68 6.33365e-07 
1187.69 6.32971e-07 
1187.7 6.32577e-07 
1187.71 6.32183e-07 
1187.72 6.31788e-07 
1187.73 6.31394e-07 
1187.74 6.31001e-07 
1187.75 6.30606e-07 
1187.76 6.30213e-07 
1187.77 6.29819e-07 
1187.78 6.29426e-07 
1187.79 6.29033e-07 
1187.8 6.2864e-07 
1187.81 6.28248e-07 
1187.82 6.27856e-07 
1187.83 6.27464e-07 
1187.84 6.27071e-07 
1187.85 6.26679e-07 
1187.86 6.26288e-07 
1187.87 6.25897e-07 
1187.88 6.25505e-07 
1187.89 6.25114e-07 
1187.9 6.24722e-07 
1187.91 6.24333e-07 
1187.92 6.23942e-07 
1187.93 6.23551e-07 
1187.94 6.23161e-07 
1187.95 6.22772e-07 
1187.96 6.22383e-07 
1187.97 6.21993e-07 
1187.98 6.21603e-07 
1187.99 6.21213e-07 
1188 6.20825e-07 
1188.01 6.20436e-07 
1188.02 6.20047e-07 
1188.03 6.19658e-07 
1188.04 6.19271e-07 
1188.05 6.18882e-07 
1188.06 6.18495e-07 
1188.07 6.18107e-07 
1188.08 6.17719e-07 
1188.09 6.17333e-07 
1188.09 6.16945e-07 
1188.1 6.16558e-07 
1188.11 6.16171e-07 
1188.12 6.15785e-07 
1188.13 6.15398e-07 
1188.14 6.15013e-07 
1188.15 6.14626e-07 
1188.16 6.14241e-07 
1188.17 6.13855e-07 
1188.18 6.13471e-07 
1188.19 6.13085e-07 
1188.2 6.12701e-07 
1188.21 6.12315e-07 
1188.22 6.11931e-07 
1188.23 6.11545e-07 
1188.24 6.11161e-07 
1188.25 6.10779e-07 
1188.26 6.10394e-07 
1188.27 6.10009e-07 
1188.28 6.09626e-07 
1188.29 6.09244e-07 
1188.3 6.0886e-07 
1188.31 6.08478e-07 
1188.32 6.08094e-07 
1188.33 6.07713e-07 
1188.34 6.0733e-07 
1188.35 6.06948e-07 
1188.36 6.06566e-07 
1188.37 6.06184e-07 
1188.38 6.05803e-07 
1188.39 6.05422e-07 
1188.4 6.0504e-07 
1188.41 6.04659e-07 
1188.42 6.0428e-07 
1188.43 6.03899e-07 
1188.44 6.03517e-07 
1188.45 6.03136e-07 
1188.46 6.02757e-07 
1188.47 6.02378e-07 
1188.48 6.01998e-07 
1188.49 6.01618e-07 
1188.5 6.01238e-07 
1188.51 6.0086e-07 
1188.52 6.00482e-07 
1188.52 6.00103e-07 
1188.53 5.99724e-07 
1188.54 5.99346e-07 
1188.55 5.98968e-07 
1188.56 5.9859e-07 
1188.57 5.98212e-07 
1188.58 5.97834e-07 
1188.59 5.97459e-07 
1188.6 5.97453e-07 
1188.61 5.97075e-07 
1188.62 5.96698e-07 
1188.63 5.96322e-07 
1188.64 5.95946e-07 
1188.65 5.95569e-07 
1188.66 5.95192e-07 
1188.67 5.94816e-07 
1188.68 5.94442e-07 
1188.69 5.94067e-07 
1188.7 5.9369e-07 
1188.71 5.93314e-07 
1188.72 5.9294e-07 
1188.73 5.92565e-07 
1188.74 5.9219e-07 
1188.75 5.91815e-07 
1188.76 5.91442e-07 
1188.77 5.91068e-07 
1188.78 5.90694e-07 
1188.79 5.9032e-07 
1188.8 5.89947e-07 
1188.81 5.89574e-07 
1188.82 5.89201e-07 
1188.83 5.88827e-07 
1188.84 5.88454e-07 
1188.85 5.88082e-07 
1188.86 5.87711e-07 
1188.87 5.87338e-07 
1188.88 5.86966e-07 
1188.89 5.86594e-07 
1188.9 5.86223e-07 
1188.91 5.85852e-07 
1188.92 5.8548e-07 
1188.93 5.85109e-07 
1188.94 5.84738e-07 
1188.94 5.84369e-07 
1188.95 5.83998e-07 
1188.96 5.83628e-07 
1188.97 5.83257e-07 
1188.98 5.82887e-07 
1188.99 5.82518e-07 
1189 5.82148e-07 
1189.01 5.81779e-07 
1189.02 5.8141e-07 
1189.03 5.81042e-07 
1189.04 5.80673e-07 
1189.05 5.80304e-07 
1189.06 5.79935e-07 
1189.07 5.79568e-07 
1189.08 5.79201e-07 
1189.09 5.78832e-07 
1189.1 5.78465e-07 
1189.11 5.78098e-07 
1189.12 5.77731e-07 
1189.13 5.77364e-07 
1189.14 5.76997e-07 
1189.15 5.7663e-07 
1189.16 5.76264e-07 
1189.17 5.75899e-07 
1189.18 5.75531e-07 
1189.19 5.75166e-07 
1189.2 5.74801e-07 
1189.21 5.74435e-07 
1189.22 5.7407e-07 
1189.23 5.73705e-07 
1189.24 5.7334e-07 
1189.25 5.72975e-07 
1189.26 5.72611e-07 
1189.27 5.72248e-07 
1189.28 5.71883e-07 
1189.29 5.71519e-07 
1189.3 5.71155e-07 
1189.31 5.70793e-07 
1189.32 5.70429e-07 
1189.33 5.70066e-07 
1189.34 5.69703e-07 
1189.35 5.6934e-07 
1189.36 5.68978e-07 
1189.36 5.68615e-07 
1189.37 5.68253e-07 
1189.38 5.67891e-07 
1189.39 5.67529e-07 
1189.4 5.67168e-07 
1189.41 5.66807e-07 
1189.42 5.66445e-07 
1189.43 5.66084e-07 
1189.44 5.65723e-07 
1189.45 5.65363e-07 
1189.46 5.65002e-07 
1189.47 5.64642e-07 
1189.48 5.64282e-07 
1189.49 5.63923e-07 
1189.5 5.63563e-07 
1189.51 5.63203e-07 
1189.52 5.62844e-07 
1189.53 5.62486e-07 
1189.54 5.62126e-07 
1189.55 5.61767e-07 
1189.56 5.61408e-07 
1189.57 5.61051e-07 
1189.58 5.60693e-07 
1189.59 5.60335e-07 
1189.6 5.59977e-07 
1189.61 5.59968e-07 
1189.62 5.59611e-07 
1189.63 5.59254e-07 
1189.64 5.58897e-07 
1189.65 5.58539e-07 
1189.66 5.58182e-07 
1189.67 5.57826e-07 
1189.68 5.57469e-07 
1189.69 5.57113e-07 
1189.7 5.56757e-07 
1189.71 5.564e-07 
1189.72 5.56046e-07 
1189.73 5.55689e-07 
1189.74 5.55333e-07 
1189.75 5.54978e-07 
1189.76 5.54624e-07 
1189.77 5.54269e-07 
1189.78 5.53914e-07 
1189.79 5.53559e-07 
1189.79 5.53207e-07 
1189.8 5.52851e-07 
1189.81 5.52498e-07 
1189.82 5.52144e-07 
1189.83 5.5179e-07 
1189.84 5.51437e-07 
1189.85 5.51084e-07 
1189.86 5.50731e-07 
1189.87 5.50378e-07 
1189.88 5.50026e-07 
1189.89 5.49673e-07 
1189.9 5.49321e-07 
1189.91 5.48969e-07 
1189.92 5.48618e-07 
1189.93 5.48265e-07 
1189.94 5.47914e-07 
1189.95 5.47563e-07 
1189.96 5.47211e-07 
1189.97 5.46861e-07 
1189.98 5.46509e-07 
1189.99 5.46159e-07 
1190 5.45809e-07 
1190.01 5.45459e-07 
1190.02 5.45109e-07 
1190.03 5.44758e-07 
1190.04 5.4441e-07 
1190.05 5.44059e-07 
1190.06 5.4371e-07 
1190.07 5.43361e-07 
1190.08 5.43011e-07 
1190.09 5.42663e-07 
1190.1 5.42314e-07 
1190.11 5.41966e-07 
1190.12 5.41618e-07 
1190.13 5.4127e-07 
1190.14 5.40922e-07 
1190.15 5.40573e-07 
1190.16 5.40226e-07 
1190.17 5.39878e-07 
1190.18 5.39531e-07 
1190.19 5.39185e-07 
1190.2 5.38838e-07 
1190.21 5.38491e-07 
1190.21 5.38144e-07 
1190.22 5.37798e-07 
1190.23 5.37453e-07 
1190.24 5.37106e-07 
1190.25 5.36761e-07 
1190.26 5.36414e-07 
1190.27 5.3607e-07 
1190.28 5.35724e-07 
1190.29 5.35379e-07 
1190.3 5.35034e-07 
1190.31 5.34689e-07 
1190.32 5.34345e-07 
1190.33 5.34e-07 
1190.34 5.33656e-07 
1190.35 5.33312e-07 
1190.36 5.32968e-07 
1190.37 5.32623e-07 
1190.38 5.3228e-07 
1190.39 5.31937e-07 
1190.4 5.31594e-07 
1190.41 5.31251e-07 
1190.42 5.30907e-07 
1190.43 5.30565e-07 
1190.44 5.30222e-07 
1190.45 5.29879e-07 
1190.46 5.29537e-07 
1190.47 5.29195e-07 
1190.48 5.28853e-07 
1190.49 5.28511e-07 
1190.5 5.28169e-07 
1190.51 5.27828e-07 
1190.52 5.27487e-07 
1190.53 5.27146e-07 
1190.54 5.26805e-07 
1190.55 5.26463e-07 
1190.56 5.26123e-07 
1190.57 5.25783e-07 
1190.58 5.25442e-07 
1190.59 5.25102e-07 
1190.6 5.24762e-07 
1190.61 5.24749e-07 
1190.62 5.24409e-07 
1190.63 5.24069e-07 
1190.64 5.2373e-07 
1190.64 5.2339e-07 
1190.65 5.23051e-07 
1190.66 5.22711e-07 
1190.67 5.22372e-07 
1190.68 5.22033e-07 
1190.69 5.21695e-07 
1190.7 5.21357e-07 
1190.71 5.21018e-07 
1190.72 5.2068e-07 
1190.73 5.20342e-07 
1190.74 5.20004e-07 
1190.75 5.19666e-07 
1190.76 5.19329e-07 
1190.77 5.1899e-07 
1190.78 5.18653e-07 
1190.79 5.18316e-07 
1190.8 5.17979e-07 
1190.81 5.17643e-07 
1190.82 5.17306e-07 
1190.83 5.16969e-07 
1190.84 5.16633e-07 
1190.85 5.16296e-07 
1190.86 5.1596e-07 
1190.87 5.15623e-07 
1190.88 5.15288e-07 
1190.89 5.14952e-07 
1190.9 5.14617e-07 
1190.91 5.14281e-07 
1190.92 5.13946e-07 
1190.93 5.1361e-07 
1190.94 5.13276e-07 
1190.95 5.12941e-07 
1190.96 5.12607e-07 
1190.97 5.12271e-07 
1190.98 5.11937e-07 
1190.99 5.11602e-07 
1191 5.11268e-07 
1191.01 5.10934e-07 
1191.02 5.106e-07 
1191.03 5.10266e-07 
1191.04 5.09933e-07 
1191.05 5.09599e-07 
1191.06 5.09265e-07 
1191.07 5.08932e-07 
1191.07 5.08599e-07 
1191.08 5.08266e-07 
1191.09 5.07933e-07 
1191.1 5.076e-07 
1191.11 5.07268e-07 
1191.12 5.06935e-07 
1191.13 5.06602e-07 
1191.14 5.0627e-07 
1191.15 5.05938e-07 
1191.16 5.05606e-07 
1191.17 5.05274e-07 
1191.18 5.04942e-07 
1191.19 5.0461e-07 
1191.2 5.04278e-07 
1191.21 5.03947e-07 
1191.22 5.03616e-07 
1191.23 5.03284e-07 
1191.24 5.02954e-07 
1191.25 5.02623e-07 
1191.26 5.02291e-07 
1191.27 5.01961e-07 
1191.28 5.0163e-07 
1191.29 5.01299e-07 
1191.3 5.00969e-07 
1191.31 5.00638e-07 
1191.32 5.00308e-07 
1191.33 4.99978e-07 
1191.34 4.99649e-07 
1191.35 4.99318e-07 
1191.36 4.98989e-07 
1191.37 4.98659e-07 
1191.38 4.98329e-07 
1191.39 4.98e-07 
1191.4 4.9767e-07 
1191.41 4.97341e-07 
1191.42 4.97012e-07 
1191.43 4.96682e-07 
1191.44 4.96353e-07 
1191.45 4.96024e-07 
1191.46 4.95696e-07 
1191.47 4.95367e-07 
1191.48 4.95038e-07 
1191.49 4.94709e-07 
1191.49 4.94381e-07 
1191.5 4.94053e-07 
1191.51 4.93725e-07 
1191.52 4.93397e-07 
1191.53 4.93068e-07 
1191.54 4.92741e-07 
1191.55 4.92412e-07 
1191.56 4.92084e-07 
1191.57 4.91757e-07 
1191.58 4.91429e-07 
1191.59 4.91101e-07 
1191.6 4.91079e-07 
1191.61 4.90751e-07 
1191.62 4.90424e-07 
1191.63 4.90097e-07 
1191.64 4.89769e-07 
1191.65 4.89441e-07 
1191.66 4.89114e-07 
1191.67 4.88787e-07 
1191.68 4.8846e-07 
1191.69 4.88133e-07 
1191.7 4.87806e-07 
1191.71 4.87479e-07 
1191.72 4.87152e-07 
1191.73 4.86825e-07 
1191.74 4.86499e-07 
1191.75 4.86172e-07 
1191.76 4.85846e-07 
1191.77 4.85519e-07 
1191.78 4.85192e-07 
1191.79 4.84866e-07 
1191.8 4.8454e-07 
1191.81 4.84213e-07 
1191.82 4.83886e-07 
1191.83 4.8356e-07 
1191.84 4.83234e-07 
1191.85 4.82908e-07 
1191.86 4.82582e-07 
1191.87 4.82256e-07 
1191.88 4.81929e-07 
1191.89 4.81605e-07 
1191.9 4.81277e-07 
1191.91 4.80952e-07 
1191.92 4.80626e-07 
1191.92 4.803e-07 
1191.93 4.79975e-07 
1191.94 4.79648e-07 
1191.95 4.79323e-07 
1191.96 4.78997e-07 
1191.97 4.78672e-07 
1191.98 4.78346e-07 
1191.99 4.7802e-07 
1192 4.77695e-07 
1192.01 4.77369e-07 
1192.02 4.77044e-07 
1192.03 4.76719e-07 
1192.04 4.76394e-07 
1192.05 4.76068e-07 
1192.06 4.75742e-07 
1192.07 4.75417e-07 
1192.08 4.75092e-07 
1192.09 4.74766e-07 
1192.1 4.74441e-07 
1192.11 4.74116e-07 
1192.12 4.7379e-07 
1192.13 4.73464e-07 
1192.14 4.7314e-07 
1192.15 4.72814e-07 
1192.16 4.72489e-07 
1192.17 4.72164e-07 
1192.18 4.71838e-07 
1192.19 4.71513e-07 
1192.2 4.71188e-07 
1192.21 4.70863e-07 
1192.22 4.70537e-07 
1192.23 4.70212e-07 
1192.24 4.69887e-07 
1192.25 4.69561e-07 
1192.26 4.69236e-07 
1192.27 4.6891e-07 
1192.28 4.68585e-07 
1192.29 4.6826e-07 
1192.3 4.67934e-07 
1192.31 4.67609e-07 
1192.32 4.67283e-07 
1192.33 4.66957e-07 
1192.34 4.66632e-07 
1192.34 4.66306e-07 
1192.35 4.65981e-07 
1192.36 4.65656e-07 
1192.37 4.6533e-07 
1192.38 4.65005e-07 
1192.39 4.64679e-07 
1192.4 4.64353e-07 
1192.41 4.64027e-07 
1192.42 4.63701e-07 
1192.43 4.63376e-07 
1192.44 4.63049e-07 
1192.45 4.62724e-07 
1192.46 4.62397e-07 
1192.47 4.62071e-07 
1192.48 4.61745e-07 
1192.49 4.61419e-07 
1192.5 4.61093e-07 
1192.51 4.60767e-07 
1192.52 4.6044e-07 
1192.53 4.60114e-07 
1192.54 4.59788e-07 
1192.55 4.59461e-07 
1192.56 4.59134e-07 
1192.57 4.58807e-07 
1192.58 4.58481e-07 
1192.59 4.58154e-07 
1192.6 4.57828e-07 
1192.61 4.57785e-07 
1192.62 4.57457e-07 
1192.63 4.5713e-07 
1192.64 4.56802e-07 
1192.65 4.56475e-07 
1192.66 4.56147e-07 
1192.67 4.5582e-07 
1192.68 4.55492e-07 
1192.69 4.55164e-07 
1192.7 4.54836e-07 
1192.71 4.54509e-07 
1192.72 4.5418e-07 
1192.73 4.53852e-07 
1192.74 4.53524e-07 
1192.75 4.53195e-07 
1192.76 4.52867e-07 
1192.77 4.52538e-07 
1192.77 4.52209e-07 
1192.78 4.5188e-07 
1192.79 4.51551e-07 
1192.8 4.51222e-07 
1192.81 4.50893e-07 
1192.82 4.50563e-07 
1192.83 4.50234e-07 
1192.84 4.49905e-07 
1192.85 4.49574e-07 
1192.86 4.49245e-07 
1192.87 4.48914e-07 
1192.88 4.48584e-07 
1192.89 4.48254e-07 
1192.9 4.47923e-07 
1192.91 4.47593e-07 
1192.92 4.47262e-07 
1192.93 4.46931e-07 
1192.94 4.466e-07 
1192.95 4.46268e-07 
1192.96 4.45938e-07 
1192.97 4.45606e-07 
1192.98 4.45275e-07 
1192.99 4.44943e-07 
1193 4.4461e-07 
1193.01 4.44279e-07 
1193.02 4.43946e-07 
1193.03 4.43613e-07 
1193.04 4.43281e-07 
1193.05 4.42948e-07 
1193.06 4.42616e-07 
1193.07 4.42282e-07 
1193.08 4.41948e-07 
1193.09 4.41614e-07 
1193.1 4.41281e-07 
1193.11 4.40947e-07 
1193.12 4.40613e-07 
1193.13 4.40279e-07 
1193.14 4.39944e-07 
1193.15 4.3961e-07 
1193.16 4.39274e-07 
1193.17 4.38939e-07 
1193.18 4.38604e-07 
1193.19 4.38268e-07 
1193.19 4.37932e-07 
1193.2 4.37597e-07 
1193.21 4.3726e-07 
1193.22 4.36924e-07 
1193.23 4.36587e-07 
1193.24 4.3625e-07 
1193.25 4.35913e-07 
1193.26 4.35576e-07 
1193.27 4.35238e-07 
1193.28 4.349e-07 
1193.29 4.34562e-07 
1193.3 4.34224e-07 
1193.31 4.33886e-07 
1193.32 4.33547e-07 
1193.33 4.33208e-07 
1193.34 4.32868e-07 
1193.35 4.32529e-07 
1193.36 4.32189e-07 
1193.37 4.31849e-07 
1193.38 4.31509e-07 
1193.39 4.31168e-07 
1193.4 4.30827e-07 
1193.41 4.30486e-07 
1193.42 4.30145e-07 
1193.43 4.29803e-07 
1193.44 4.29461e-07 
1193.45 4.29118e-07 
1193.46 4.28776e-07 
1193.47 4.28433e-07 
1193.48 4.2809e-07 
1193.49 4.27747e-07 
1193.5 4.27403e-07 
1193.51 4.27059e-07 
1193.52 4.26715e-07 
1193.53 4.2637e-07 
1193.54 4.26025e-07 
1193.55 4.25681e-07 
1193.56 4.25334e-07 
1193.57 4.24989e-07 
1193.58 4.24643e-07 
1193.59 4.24296e-07 
1193.6 4.23949e-07 
1193.61 4.23865e-07 
1193.62 4.23518e-07 
1193.62 4.23169e-07 
1193.63 4.22821e-07 
1193.64 4.22473e-07 
1193.65 4.22123e-07 
1193.66 4.21774e-07 
1193.67 4.21424e-07 
1193.68 4.21074e-07 
1193.69 4.20724e-07 
1193.7 4.20373e-07 
1193.71 4.20022e-07 
1193.72 4.1967e-07 
1193.73 4.19318e-07 
1193.74 4.18966e-07 
1193.75 4.18613e-07 
1193.76 4.1826e-07 
1193.77 4.17907e-07 
1193.78 4.17553e-07 
1193.79 4.17199e-07 
1193.8 4.16845e-07 
1193.81 4.16489e-07 
1193.82 4.16134e-07 
1193.83 4.15778e-07 
1193.84 4.15422e-07 
1193.85 4.15065e-07 
1193.86 4.14709e-07 
1193.87 4.14351e-07 
1193.88 4.13994e-07 
1193.89 4.13636e-07 
1193.9 4.13277e-07 
1193.91 4.12918e-07 
1193.92 4.12558e-07 
1193.93 4.12199e-07 
1193.94 4.11838e-07 
1193.95 4.11478e-07 
1193.96 4.11117e-07 
1193.97 4.10755e-07 
1193.98 4.10393e-07 
1193.99 4.1003e-07 
1194 4.09667e-07 
1194.01 4.09304e-07 
1194.02 4.0894e-07 
1194.03 4.08576e-07 
1194.04 4.08211e-07 
1194.05 4.07846e-07 
1194.05 4.0748e-07 
1194.06 4.07114e-07 
1194.07 4.06748e-07 
1194.08 4.0638e-07 
1194.09 4.06013e-07 
1194.1 4.05645e-07 
1194.11 4.05276e-07 
1194.12 4.04907e-07 
1194.13 4.04538e-07 
1194.14 4.04168e-07 
1194.15 4.03798e-07 
1194.16 4.03427e-07 
1194.17 4.03055e-07 
1194.18 4.02683e-07 
1194.19 4.02311e-07 
1194.2 4.01938e-07 
1194.21 4.01564e-07 
1194.22 4.01191e-07 
1194.23 4.00816e-07 
1194.24 4.00441e-07 
1194.25 4.00066e-07 
1194.26 3.9969e-07 
1194.27 3.99313e-07 
1194.28 3.98937e-07 
1194.29 3.98559e-07 
1194.3 3.98181e-07 
1194.31 3.97802e-07 
1194.32 3.97423e-07 
1194.33 3.97044e-07 
1194.34 3.96664e-07 
1194.35 3.96283e-07 
1194.36 3.95902e-07 
1194.37 3.9552e-07 
1194.38 3.95138e-07 
1194.39 3.94755e-07 
1194.4 3.94372e-07 
1194.41 3.93989e-07 
1194.42 3.93604e-07 
1194.43 3.9322e-07 
1194.44 3.92834e-07 
1194.45 3.92448e-07 
1194.46 3.92062e-07 
1194.47 3.91675e-07 
1194.47 3.91288e-07 
1194.48 3.909e-07 
1194.49 3.90511e-07 
1194.5 3.90123e-07 
1194.51 3.89733e-07 
1194.52 3.89343e-07 
1194.53 3.88953e-07 
1194.54 3.88562e-07 
1194.55 3.88171e-07 
1194.56 3.87779e-07 
1194.57 3.87387e-07 
1194.58 3.86994e-07 
1194.59 3.86601e-07 
1194.6 3.86208e-07 
1194.61 3.86053e-07 
1194.62 3.85658e-07 
1194.63 3.85263e-07 
1194.64 3.84868e-07 
1194.65 3.84471e-07 
1194.66 3.84075e-07 
1194.67 3.83679e-07 
1194.68 3.83282e-07 
1194.69 3.82885e-07 
1194.7 3.82487e-07 
1194.71 3.82088e-07 
1194.72 3.8169e-07 
1194.73 3.81291e-07 
1194.74 3.80892e-07 
1194.75 3.80493e-07 
1194.76 3.80093e-07 
1194.77 3.79694e-07 
1194.78 3.79295e-07 
1194.79 3.78894e-07 
1194.8 3.78494e-07 
1194.81 3.78094e-07 
1194.82 3.77693e-07 
1194.83 3.77293e-07 
1194.84 3.76893e-07 
1194.85 3.76492e-07 
1194.86 3.76092e-07 
1194.87 3.75691e-07 
1194.88 3.75291e-07 
1194.89 3.74891e-07 
1194.9 3.74491e-07 
1194.9 3.74091e-07 
1194.91 3.73692e-07 
1194.92 3.73292e-07 
1194.93 3.72893e-07 
1194.94 3.72495e-07 
1194.95 3.72097e-07 
1194.96 3.717e-07 
1194.97 3.71304e-07 
1194.98 3.70908e-07 
1194.99 3.70512e-07 
1195 3.70117e-07 
1195.01 3.69723e-07 
1195.02 3.6933e-07 
1195.03 3.68938e-07 
1195.04 3.68547e-07 
1195.05 3.68157e-07 
1195.06 3.67768e-07 
1195.07 3.67381e-07 
1195.08 3.66994e-07 
1195.09 3.66609e-07 
1195.1 3.66226e-07 
1195.11 3.65845e-07 
1195.12 3.65465e-07 
1195.13 3.65088e-07 
1195.14 3.64712e-07 
1195.15 3.64337e-07 
1195.16 3.63966e-07 
1195.17 3.63597e-07 
1195.18 3.6323e-07 
1195.19 3.62866e-07 
1195.2 3.62504e-07 
1195.21 3.62145e-07 
1195.22 3.61789e-07 
1195.23 3.61438e-07 
1195.24 3.61089e-07 
1195.25 3.60743e-07 
1195.26 3.60401e-07 
1195.27 3.60063e-07 
1195.28 3.59729e-07 
1195.29 3.59399e-07 
1195.3 3.59073e-07 
1195.31 3.58752e-07 
1195.32 3.58436e-07 
1195.32 3.58124e-07 
1195.33 3.57818e-07 
1195.34 3.57518e-07 
1195.35 3.57223e-07 
1195.36 3.56934e-07 
1195.37 3.56651e-07 
1195.38 3.56374e-07 
1195.39 3.56105e-07 
1195.4 3.55842e-07 
1195.41 3.55586e-07 
1195.42 3.55338e-07 
1195.43 3.55098e-07 
1195.44 3.54866e-07 
1195.45 3.54642e-07 
1195.46 3.54427e-07 
1195.47 3.54221e-07 
1195.48 3.54028e-07 
1195.49 3.53842e-07 
1195.5 3.53665e-07 
1195.51 3.53499e-07 
1195.52 3.53343e-07 
1195.53 3.532e-07 
1195.54 3.53068e-07 
1195.55 3.52947e-07 
1195.56 3.52839e-07 
1195.57 3.52745e-07 
1195.58 3.52663e-07 
1195.59 3.52595e-07 
1195.6 3.52542e-07 
1195.61 3.52721e-07 
1195.62 3.52698e-07 
1195.63 3.52689e-07 
1195.64 3.52698e-07 
1195.65 3.52722e-07 
1195.66 3.52764e-07 
1195.67 3.52824e-07 
1195.68 3.52902e-07 
1195.69 3.52999e-07 
1195.7 3.53115e-07 
1195.71 3.53252e-07 
1195.72 3.53409e-07 
1195.73 3.53595e-07 
1195.74 3.53796e-07 
1195.75 3.54019e-07 
1195.75 3.54264e-07 
1195.76 3.54534e-07 
1195.77 3.54827e-07 
1195.78 3.55146e-07 
1195.79 3.55491e-07 
1195.8 3.55862e-07 
1195.81 3.5626e-07 
1195.82 3.56685e-07 
1195.83 3.5714e-07 
1195.84 3.57624e-07 
1195.85 3.58138e-07 
1195.86 3.58683e-07 
1195.87 3.59259e-07 
1195.88 3.59867e-07 
1195.89 3.60509e-07 
1195.9 3.61185e-07 
1195.91 3.61895e-07 
1195.92 3.62641e-07 
1195.93 3.63423e-07 
1195.94 3.64243e-07 
1195.95 3.65101e-07 
1195.96 3.65997e-07 
1195.97 3.66933e-07 
1195.98 3.67929e-07 
1195.99 3.68948e-07 
1196 3.70009e-07 
1196.01 3.71113e-07 
1196.02 3.72262e-07 
1196.03 3.73456e-07 
1196.04 3.74695e-07 
1196.05 3.75982e-07 
1196.06 3.77316e-07 
1196.07 3.78698e-07 
1196.08 3.8013e-07 
1196.09 3.81613e-07 
1196.1 3.83147e-07 
1196.11 3.84734e-07 
1196.12 3.86373e-07 
1196.13 3.88067e-07 
1196.14 3.89816e-07 
1196.15 3.9162e-07 
1196.16 3.93482e-07 
1196.17 3.95401e-07 
1196.17 3.97379e-07 
1196.18 3.99416e-07 
1196.19 4.01513e-07 
1196.2 4.03672e-07 
1196.21 4.05893e-07 
1196.22 4.08214e-07 
1196.23 4.10562e-07 
1196.24 4.12975e-07 
1196.25 4.15454e-07 
1196.26 4.18e-07 
1196.27 4.20612e-07 
1196.28 4.23293e-07 
1196.29 4.26042e-07 
1196.3 4.28861e-07 
1196.31 4.3175e-07 
1196.32 4.3471e-07 
1196.33 4.37741e-07 
1196.34 4.40846e-07 
1196.35 4.44023e-07 
1196.36 4.47274e-07 
1196.37 4.50599e-07 
1196.38 4.53999e-07 
1196.39 4.57474e-07 
1196.4 4.61026e-07 
1196.41 4.64654e-07 
1196.42 4.68359e-07 
1196.43 4.72141e-07 
1196.44 4.76001e-07 
1196.45 4.7994e-07 
1196.46 4.83957e-07 
1196.47 4.88053e-07 
1196.48 4.92289e-07 
1196.49 4.96545e-07 
1196.5 5.00881e-07 
1196.51 5.05296e-07 
1196.52 5.09792e-07 
1196.53 5.14367e-07 
1196.54 5.19024e-07 
1196.55 5.2376e-07 
1196.56 5.28576e-07 
1196.57 5.33473e-07 
1196.58 5.3845e-07 
1196.59 5.43506e-07 
1196.6 5.48643e-07 
1196.6 5.54201e-07 
1196.61 5.59499e-07 
1196.62 5.64876e-07 
1196.63 5.7033e-07 
1196.64 5.75864e-07 
1196.65 5.81474e-07 
1196.66 5.87161e-07 
1196.67 5.92924e-07 
1196.68 5.98762e-07 
1196.69 6.04675e-07 
1196.7 6.10662e-07 
1196.71 6.16722e-07 
1196.72 6.22855e-07 
1196.73 6.29145e-07 
1196.74 6.35419e-07 
1196.75 6.41763e-07 
1196.76 6.48175e-07 
1196.77 6.54654e-07 
1196.78 6.61198e-07 
1196.79 6.67807e-07 
1196.8 6.74477e-07 
1196.81 6.8121e-07 
1196.82 6.88002e-07 
1196.83 6.94853e-07 
1196.84 7.0176e-07 
1196.85 7.08722e-07 
1196.86 7.15738e-07 
1196.87 7.22805e-07 
1196.88 7.29922e-07 
1196.89 7.37086e-07 
1196.9 7.44296e-07 
1196.91 7.51549e-07 
1196.92 7.58845e-07 
1196.93 7.66179e-07 
1196.94 7.73552e-07 
1196.95 7.80959e-07 
1196.96 7.88399e-07 
1196.97 7.95868e-07 
1196.98 8.03467e-07 
1196.99 8.10991e-07 
1197 8.18537e-07 
1197.01 8.26103e-07 
1197.02 8.33686e-07 
1197.03 8.41286e-07 
1197.03 8.48897e-07 
1197.04 8.56518e-07 
1197.05 8.64144e-07 
1197.06 8.71775e-07 
1197.07 8.79407e-07 
1197.08 8.87036e-07 
1197.09 8.9466e-07 
1197.1 9.02277e-07 
1197.11 9.09882e-07 
1197.12 9.17473e-07 
1197.13 9.25047e-07 
1197.14 9.326e-07 
1197.15 9.4013e-07 
1197.16 9.47632e-07 
1197.17 9.55103e-07 
1197.18 9.62543e-07 
1197.19 9.69946e-07 
1197.2 9.77308e-07 
1197.21 9.84627e-07 
1197.22 9.91901e-07 
1197.23 9.99221e-07 
1197.24 1.00639e-06 
1197.25 1.0135e-06 
1197.26 1.02056e-06 
1197.27 1.02755e-06 
1197.28 1.03447e-06 
1197.29 1.04132e-06 
1197.3 1.0481e-06 
1197.31 1.05481e-06 
1197.32 1.06143e-06 
1197.33 1.06797e-06 
1197.34 1.07443e-06 
1197.35 1.08079e-06 
1197.36 1.08706e-06 
1197.37 1.09324e-06 
1197.38 1.09931e-06 
1197.39 1.10529e-06 
1197.4 1.11116e-06 
1197.41 1.11692e-06 
1197.42 1.12256e-06 
1197.43 1.1281e-06 
1197.44 1.13351e-06 
1197.45 1.13881e-06 
1197.45 1.14398e-06 
1197.46 1.14903e-06 
1197.47 1.15394e-06 
1197.48 1.15879e-06 
1197.49 1.16344e-06 
1197.5 1.16795e-06 
1197.51 1.17232e-06 
1197.52 1.17655e-06 
1197.53 1.18063e-06 
1197.54 1.18457e-06 
1197.55 1.18836e-06 
1197.56 1.19199e-06 
1197.57 1.19547e-06 
1197.58 1.1988e-06 
1197.59 1.20197e-06 
1197.6 1.20498e-06 
1197.61 1.20858e-06 
1197.62 1.21126e-06 
1197.63 1.21378e-06 
1197.64 1.21614e-06 
1197.65 1.21832e-06 
1197.66 1.22034e-06 
1197.67 1.22218e-06 
1197.68 1.22386e-06 
1197.69 1.22536e-06 
1197.7 1.22668e-06 
1197.71 1.22783e-06 
1197.72 1.22881e-06 
1197.73 1.22962e-06 
1197.74 1.23024e-06 
1197.75 1.23068e-06 
1197.76 1.23094e-06 
1197.77 1.23103e-06 
1197.78 1.23093e-06 
1197.79 1.23066e-06 
1197.8 1.2302e-06 
1197.81 1.22957e-06 
1197.82 1.22876e-06 
1197.83 1.22777e-06 
1197.84 1.2266e-06 
1197.85 1.22525e-06 
1197.86 1.22373e-06 
1197.87 1.22203e-06 
1197.88 1.22015e-06 
1197.88 1.2181e-06 
1197.89 1.21588e-06 
1197.9 1.21348e-06 
1197.91 1.21091e-06 
1197.92 1.20818e-06 
1197.93 1.20527e-06 
1197.94 1.20219e-06 
1197.95 1.19895e-06 
1197.96 1.19555e-06 
1197.97 1.19198e-06 
1197.98 1.18821e-06 
1197.99 1.18432e-06 
1198 1.18028e-06 
1198.01 1.17608e-06 
1198.02 1.17173e-06 
1198.03 1.16723e-06 
1198.04 1.16259e-06 
1198.05 1.15779e-06 
1198.06 1.15286e-06 
1198.07 1.14779e-06 
1198.08 1.14258e-06 
1198.09 1.13724e-06 
1198.1 1.13176e-06 
1198.11 1.12616e-06 
1198.12 1.12043e-06 
1198.13 1.11459e-06 
1198.14 1.10862e-06 
1198.15 1.10254e-06 
1198.16 1.09635e-06 
1198.17 1.09004e-06 
1198.18 1.08364e-06 
1198.19 1.07713e-06 
1198.2 1.07052e-06 
1198.21 1.06383e-06 
1198.22 1.05704e-06 
1198.23 1.05008e-06 
1198.24 1.04312e-06 
1198.25 1.03608e-06 
1198.26 1.02897e-06 
1198.27 1.02179e-06 
1198.28 1.01453e-06 
1198.29 1.00722e-06 
1198.3 9.99847e-07 
1198.3 9.92419e-07 
1198.31 9.8494e-07 
1198.32 9.77416e-07 
1198.33 9.69849e-07 
1198.34 9.62244e-07 
1198.35 9.54606e-07 
1198.36 9.46938e-07 
1198.37 9.39245e-07 
1198.38 9.31531e-07 
1198.39 9.23802e-07 
1198.4 9.1606e-07 
1198.41 9.0831e-07 
1198.42 9.00557e-07 
1198.43 8.92805e-07 
1198.44 8.85059e-07 
1198.45 8.77323e-07 
1198.46 8.69601e-07 
1198.47 8.61899e-07 
1198.48 8.54132e-07 
1198.49 8.4648e-07 
1198.5 8.3886e-07 
1198.51 8.31278e-07 
1198.52 8.23737e-07 
1198.53 8.1624e-07 
1198.54 8.08794e-07 
1198.55 8.01402e-07 
1198.56 7.9407e-07 
1198.57 7.86799e-07 
1198.58 7.79597e-07 
1198.59 7.72466e-07 
1198.6 7.65411e-07 
1198.61 7.58906e-07 
1198.62 7.52012e-07 
1198.63 7.45207e-07 
1198.64 7.38495e-07 
1198.65 7.31881e-07 
1198.66 7.25369e-07 
1198.67 7.18963e-07 
1198.68 7.12666e-07 
1198.69 7.06484e-07 
1198.7 7.0042e-07 
1198.71 6.94479e-07 
1198.72 6.88665e-07 
1198.73 6.82918e-07 
1198.73 6.7737e-07 
1198.74 6.71961e-07 
1198.75 6.66694e-07 
1198.76 6.61573e-07 
1198.77 6.56603e-07 
1198.78 6.51787e-07 
1198.79 6.47128e-07 
1198.8 6.42631e-07 
1198.81 6.383e-07 
1198.82 6.34137e-07 
1198.83 6.30147e-07 
1198.84 6.26333e-07 
1198.85 6.22699e-07 
1198.86 6.19248e-07 
1198.87 6.15984e-07 
1198.88 6.1291e-07 
1198.89 6.10029e-07 
1198.9 6.07345e-07 
1198.91 6.04862e-07 
1198.92 6.02581e-07 
1198.93 6.00507e-07 
1198.94 5.98643e-07 
1198.95 5.96992e-07 
1198.96 5.95556e-07 
1198.97 5.94339e-07 
1198.98 5.93341e-07 
1198.99 5.92573e-07 
1199 5.92032e-07 
1199.01 5.91721e-07 
1199.02 5.91643e-07 
1199.03 5.91801e-07 
1199.04 5.92196e-07 
1199.05 5.92832e-07 
1199.06 5.93711e-07 
1199.07 5.94835e-07 
1199.08 5.96206e-07 
1199.09 5.97827e-07 
1199.1 5.99701e-07 
1199.11 6.01828e-07 
1199.12 6.04211e-07 
1199.13 6.06853e-07 
1199.14 6.09755e-07 
1199.15 6.12918e-07 
1199.15 6.16345e-07 
1199.16 6.20036e-07 
1199.17 6.23994e-07 
1199.18 6.2822e-07 
1199.19 6.32715e-07 
1199.2 6.37482e-07 
1199.21 6.42519e-07 
1199.22 6.47909e-07 
1199.23 6.53495e-07 
1199.24 6.59359e-07 
1199.25 6.65498e-07 
1199.26 6.71913e-07 
1199.27 6.78606e-07 
1199.28 6.85576e-07 
1199.29 6.92824e-07 
1199.3 7.0035e-07 
1199.31 7.08155e-07 
1199.32 7.1624e-07 
1199.33 7.24601e-07 
1199.34 7.33241e-07 
1199.35 7.4216e-07 
1199.36 7.51355e-07 
1199.37 7.60829e-07 
1199.38 7.70578e-07 
1199.39 7.80604e-07 
1199.4 7.90904e-07 
1199.41 8.01477e-07 
1199.42 8.12324e-07 
1199.43 8.23441e-07 
1199.44 8.34828e-07 
1199.45 8.46485e-07 
1199.46 8.58408e-07 
1199.47 8.70595e-07 
1199.48 8.83212e-07 
1199.49 8.95926e-07 
1199.5 9.08899e-07 
1199.51 9.22127e-07 
1199.52 9.3561e-07 
1199.53 9.49342e-07 
1199.54 9.63324e-07 
1199.55 9.77549e-07 
1199.56 9.92016e-07 
1199.57 1.00672e-06 
1199.58 1.02166e-06 
1199.58 1.03683e-06 
1199.59 1.05223e-06 
1199.6 1.06785e-06 
1199.61 1.08437e-06 
1199.62 1.10043e-06 
1199.63 1.11671e-06 
1199.64 1.13319e-06 
1199.65 1.14988e-06 
1199.66 1.16676e-06 
1199.67 1.18383e-06 
1199.68 1.20109e-06 
1199.69 1.21853e-06 
1199.7 1.23615e-06 
1199.71 1.25393e-06 
1199.72 1.27188e-06 
1199.73 1.29023e-06 
1199.74 1.30849e-06 
1199.75 1.3269e-06 
1199.76 1.34544e-06 
1199.77 1.36412e-06 
1199.78 1.38293e-06 
1199.79 1.40185e-06 
1199.8 1.42089e-06 
1199.81 1.44003e-06 
1199.82 1.45927e-06 
1199.83 1.47859e-06 
1199.84 1.49801e-06 
1199.85 1.51749e-06 
1199.86 1.53705e-06 
1199.87 1.55666e-06 
1199.88 1.57633e-06 
1199.89 1.59604e-06 
1199.9 1.61578e-06 
1199.91 1.63555e-06 
1199.92 1.65534e-06 
1199.93 1.67514e-06 
1199.94 1.69494e-06 
1199.95 1.71474e-06 
1199.96 1.73452e-06 
1199.97 1.75427e-06 
1199.98 1.77425e-06 
1199.99 1.79393e-06 
1200 1.81355e-06 
1200.01 1.83312e-06 
1200.01 1.85261e-06 
1200.02 1.87203e-06 
1200.03 1.89136e-06 
1200.04 1.91059e-06 
1200.05 1.92972e-06 
1200.06 1.94872e-06 
1200.07 1.96761e-06 
1200.08 1.98636e-06 
1200.09 2.00496e-06 
1200.1 2.02342e-06 
1200.11 2.04171e-06 
1200.12 2.05983e-06 
1200.13 2.07777e-06 
1200.14 2.09552e-06 
1200.15 2.11307e-06 
1200.16 2.13041e-06 
1200.17 2.14754e-06 
1200.18 2.16444e-06 
1200.19 2.18111e-06 
1200.2 2.19753e-06 
1200.21 2.2137e-06 
1200.22 2.22961e-06 
1200.23 2.24546e-06 
1200.24 2.26082e-06 
1200.25 2.27589e-06 
1200.26 2.29068e-06 
1200.27 2.30515e-06 
1200.28 2.31932e-06 
1200.29 2.33317e-06 
1200.3 2.3467e-06 
1200.31 2.35989e-06 
1200.32 2.37274e-06 
1200.33 2.38525e-06 
1200.34 2.3974e-06 
1200.35 2.4092e-06 
1200.36 2.42062e-06 
1200.37 2.43166e-06 
1200.38 2.44233e-06 
1200.39 2.45262e-06 
1200.4 2.4625e-06 
1200.41 2.472e-06 
1200.42 2.48108e-06 
1200.43 2.48977e-06 
1200.43 2.49804e-06 
1200.44 2.50588e-06 
1200.45 2.51331e-06 
1200.46 2.52031e-06 
1200.47 2.52689e-06 
1200.48 2.5331e-06 
1200.49 2.5388e-06 
1200.5 2.54405e-06 
1200.51 2.54886e-06 
1200.52 2.55322e-06 
1200.53 2.55713e-06 
1200.54 2.5606e-06 
1200.55 2.56361e-06 
1200.56 2.56616e-06 
1200.57 2.56826e-06 
1200.58 2.5699e-06 
1200.59 2.57108e-06 
1200.6 2.5718e-06 
1200.61 2.57366e-06 
1200.62 2.57347e-06 
1200.63 2.57282e-06 
1200.64 2.57171e-06 
1200.65 2.57014e-06 
1200.66 2.56812e-06 
1200.67 2.56564e-06 
1200.68 2.56271e-06 
1200.69 2.55933e-06 
1200.7 2.5555e-06 
1200.71 2.55123e-06 
1200.72 2.54651e-06 
1200.73 2.54129e-06 
1200.74 2.53569e-06 
1200.75 2.52966e-06 
1200.76 2.52319e-06 
1200.77 2.5163e-06 
1200.78 2.509e-06 
1200.79 2.50127e-06 
1200.8 2.49313e-06 
1200.81 2.48459e-06 
1200.82 2.47565e-06 
1200.83 2.46631e-06 
1200.84 2.45658e-06 
1200.85 2.44647e-06 
1200.85 2.43598e-06 
1200.86 2.42512e-06 
1200.87 2.4139e-06 
1200.88 2.40232e-06 
1200.89 2.39039e-06 
1200.9 2.37811e-06 
1200.91 2.3655e-06 
1200.92 2.35256e-06 
1200.93 2.33931e-06 
1200.94 2.32574e-06 
1200.95 2.31186e-06 
1200.96 2.29769e-06 
1200.97 2.28323e-06 
1200.98 2.26831e-06 
1200.99 2.2533e-06 
1201 2.23803e-06 
1201.01 2.2225e-06 
1201.02 2.20673e-06 
1201.03 2.19073e-06 
1201.04 2.1745e-06 
1201.05 2.15805e-06 
1201.06 2.1414e-06 
1201.07 2.12454e-06 
1201.08 2.1075e-06 
1201.09 2.09028e-06 
1201.1 2.0729e-06 
1201.11 2.05535e-06 
1201.12 2.03765e-06 
1201.13 2.0198e-06 
1201.14 2.00183e-06 
1201.15 1.98373e-06 
1201.16 1.96552e-06 
1201.17 1.94721e-06 
1201.18 1.92881e-06 
1201.19 1.91032e-06 
1201.2 1.89176e-06 
1201.21 1.87312e-06 
1201.22 1.85444e-06 
1201.23 1.83547e-06 
1201.24 1.8167e-06 
1201.25 1.7979e-06 
1201.26 1.77907e-06 
1201.27 1.76024e-06 
1201.28 1.74141e-06 
1201.28 1.72258e-06 
1201.29 1.70376e-06 
1201.3 1.68497e-06 
1201.31 1.66621e-06 
1201.32 1.64749e-06 
1201.33 1.62881e-06 
1201.34 1.61019e-06 
1201.35 1.59164e-06 
1201.36 1.57315e-06 
1201.37 1.55474e-06 
1201.38 1.53642e-06 
1201.39 1.51819e-06 
1201.4 1.50006e-06 
1201.41 1.48203e-06 
1201.42 1.46411e-06 
1201.43 1.44631e-06 
1201.44 1.42863e-06 
1201.45 1.41109e-06 
1201.46 1.39367e-06 
1201.47 1.37641e-06 
1201.48 1.35907e-06 
1201.49 1.3421e-06 
1201.5 1.32528e-06 
1201.51 1.30862e-06 
1201.52 1.29213e-06 
1201.53 1.27581e-06 
1201.54 1.25965e-06 
1201.55 1.24368e-06 
1201.56 1.22788e-06 
1201.57 1.21227e-06 
1201.58 1.19684e-06 
1201.59 1.1816e-06 
1201.6 1.16655e-06 
1201.61 1.1524e-06 
1201.62 1.13773e-06 
1201.63 1.12326e-06 
1201.64 1.10898e-06 
1201.65 1.09491e-06 
1201.66 1.08104e-06 
1201.67 1.06737e-06 
1201.68 1.0539e-06 
1201.69 1.04063e-06 
1201.7 1.02757e-06 
1201.7 1.01472e-06 
1201.71 1.00207e-06 
1201.72 9.89464e-07 
1201.73 9.77221e-07 
1201.74 9.65181e-07 
1201.75 9.53343e-07 
1201.76 9.41705e-07 
1201.77 9.30265e-07 
1201.78 9.19024e-07 
1201.79 9.07981e-07 
1201.8 8.9713e-07 
1201.81 8.86473e-07 
1201.82 8.76008e-07 
1201.83 8.6573e-07 
1201.84 8.5564e-07 
1201.85 8.45731e-07 
1201.86 8.36005e-07 
1201.87 8.26457e-07 
1201.88 8.17085e-07 
1201.89 8.07885e-07 
1201.9 7.98855e-07 
1201.91 7.89991e-07 
1201.92 7.8129e-07 
1201.93 7.72748e-07 
1201.94 7.64364e-07 
1201.95 7.56131e-07 
1201.96 7.48048e-07 
1201.97 7.40109e-07 
1201.98 7.32218e-07 
1201.99 7.24562e-07 
1202 7.1704e-07 
1202.01 7.09647e-07 
1202.02 7.02382e-07 
1202.03 6.95238e-07 
1202.04 6.88213e-07 
1202.05 6.81302e-07 
1202.06 6.74503e-07 
1202.07 6.6781e-07 
1202.08 6.6122e-07 
1202.09 6.54728e-07 
1202.1 6.48332e-07 
1202.11 6.42026e-07 
1202.12 6.35808e-07 
1202.13 6.29672e-07 
1202.13 6.23617e-07 
1202.14 6.17637e-07 
1202.15 6.11728e-07 
1202.16 6.05889e-07 
1202.17 6.00114e-07 
1202.18 5.94401e-07 
1202.19 5.88746e-07 
1202.2 5.83145e-07 
1202.21 5.77594e-07 
1202.22 5.72025e-07 
1202.23 5.66567e-07 
1202.24 5.61153e-07 
1202.25 5.55776e-07 
1202.26 5.50435e-07 
1202.27 5.45127e-07 
1202.28 5.3985e-07 
1202.29 5.346e-07 
1202.3 5.29375e-07 
1202.31 5.24174e-07 
1202.32 5.18992e-07 
1202.33 5.13829e-07 
1202.34 5.08683e-07 
1202.35 5.03549e-07 
1202.36 4.98429e-07 
1202.37 4.9332e-07 
1202.38 4.8822e-07 
1202.39 4.83127e-07 
1202.4 4.78041e-07 
1202.41 4.72959e-07 
1202.42 4.67881e-07 
1202.43 4.62805e-07 
1202.44 4.57731e-07 
1202.45 4.52658e-07 
1202.46 4.47585e-07 
1202.47 4.4251e-07 
1202.48 4.37371e-07 
1202.49 4.32294e-07 
1202.5 4.27215e-07 
1202.51 4.22133e-07 
1202.52 4.17049e-07 
1202.53 4.11962e-07 
1202.54 4.06872e-07 
1202.55 4.01781e-07 
1202.56 3.96687e-07 
1202.56 3.91591e-07 
1202.57 3.86494e-07 
1202.58 3.81395e-07 
1202.59 3.76296e-07 
1202.6 3.71198e-07 
1202.61 3.66325e-07 
1202.62 3.61225e-07 
1202.63 3.56128e-07 
1202.64 3.51033e-07 
1202.65 3.45943e-07 
1202.66 3.40857e-07 
1202.67 3.35778e-07 
1202.68 3.30706e-07 
1202.69 3.25642e-07 
1202.7 3.20587e-07 
1202.71 3.15543e-07 
1202.72 3.10511e-07 
1202.73 3.05429e-07 
1202.74 3.00425e-07 
1202.75 2.95435e-07 
1202.76 2.90463e-07 
1202.77 2.85509e-07 
1202.78 2.80575e-07 
1202.79 2.75662e-07 
1202.8 2.70771e-07 
1202.81 2.65904e-07 
1202.82 2.61062e-07 
1202.83 2.56246e-07 
1202.84 2.51459e-07 
1202.85 2.467e-07 
1202.86 2.41972e-07 
1202.87 2.37276e-07 
1202.88 2.32613e-07 
1202.89 2.27984e-07 
1202.9 2.23392e-07 
1202.91 2.18836e-07 
1202.92 2.14319e-07 
1202.93 2.09841e-07 
1202.94 2.05403e-07 
1202.95 2.01008e-07 
1202.96 1.96655e-07 
1202.97 1.92346e-07 
1202.98 1.88082e-07 
1202.98 1.83812e-07 
1202.99 1.79642e-07 
1203 1.7552e-07 
1203.01 1.71447e-07 
1203.02 1.67423e-07 
1203.03 1.6345e-07 
1203.04 1.59527e-07 
1203.05 1.55657e-07 
1203.06 1.5184e-07 
1203.07 1.48076e-07 
1203.08 1.44365e-07 
1203.09 1.40709e-07 
1203.1 1.37108e-07 
1203.11 1.33562e-07 
1203.12 1.30072e-07 
1203.13 1.26638e-07 
1203.14 1.2326e-07 
1203.15 1.19939e-07 
1203.16 1.16675e-07 
1203.17 1.13468e-07 
1203.18 1.10318e-07 
1203.19 1.07226e-07 
1203.2 1.0419e-07 
1203.21 1.01212e-07 
1203.22 9.82916e-08 
1203.23 9.53928e-08 
1203.24 9.25872e-08 
1203.25 8.98386e-08 
1203.26 8.71466e-08 
1203.27 8.45113e-08 
1203.28 8.19322e-08 
1203.29 7.9409e-08 
1203.3 7.69415e-08 
1203.31 7.45293e-08 
1203.32 7.21719e-08 
1203.33 6.98689e-08 
1203.34 6.762e-08 
1203.35 6.54245e-08 
1203.36 6.3282e-08 
1203.37 6.11919e-08 
1203.38 5.91538e-08 
1203.39 5.71669e-08 
1203.4 5.52307e-08 
1203.41 5.33445e-08 
1203.41 5.15078e-08 
1203.42 4.97199e-08 
1203.43 4.79799e-08 
1203.44 4.62874e-08 
1203.45 4.46416e-08 
1203.46 4.30416e-08 
1203.47 4.14868e-08 
1203.48 3.99579e-08 
1203.49 3.84918e-08 
1203.5 3.70687e-08 
1203.51 3.56877e-08 
1203.52 3.4348e-08 
1203.53 3.30488e-08 
1203.54 3.17895e-08 
1203.55 3.05692e-08 
1203.56 2.9387e-08 
1203.57 2.82422e-08 
1203.58 2.7134e-08 
1203.59 2.60616e-08 
1203.6 2.50242e-08 
1203.61 2.40358e-08 
1203.62 2.30654e-08 
1203.63 2.21275e-08 
1203.64 2.12216e-08 
1203.65 2.03467e-08 
1203.66 1.95021e-08 
1203.67 1.8687e-08 
1203.68 1.79007e-08 
1203.69 1.71423e-08 
1203.7 1.64113e-08 
1203.71 1.57067e-08 
1203.72 1.50279e-08 
1203.73 1.43662e-08 
1203.74 1.37371e-08 
1203.75 1.31316e-08 
1203.76 1.25491e-08 
1203.77 1.19889e-08 
1203.78 1.14503e-08 
1203.79 1.09326e-08 
1203.8 1.04352e-08 
1203.81 9.95747e-09 
1203.82 9.49878e-09 
1203.83 9.05851e-09 
1203.83 8.63607e-09 
1203.84 8.23087e-09 
1203.85 7.84235e-09 
1203.86 7.46993e-09 
1203.87 7.11307e-09 
1203.88 6.77123e-09 
1203.89 6.44389e-09 
1203.9 6.13055e-09 
1203.91 5.8307e-09 
1203.92 5.54385e-09 
1203.93 5.26954e-09 
1203.94 5.0073e-09 
1203.95 4.7567e-09 
1203.96 4.51728e-09 
1203.97 4.28862e-09 
1203.98 4.06766e-09 
1203.99 3.85944e-09 
1204 3.66078e-09 
1204.01 3.4713e-09 
1204.02 3.29065e-09 
1204.03 3.11846e-09 
1204.04 2.95439e-09 
1204.05 2.79812e-09 
1204.06 2.64932e-09 
1204.07 2.50768e-09 
1204.08 2.3729e-09 
1204.09 2.24469e-09 
1204.1 2.12277e-09 
1204.11 2.00687e-09 
1204.12 1.89673e-09 
1204.13 1.79209e-09 
1204.14 1.69272e-09 
1204.15 1.59838e-09 
1204.16 1.50885e-09 
1204.17 1.4239e-09 
1204.18 1.34333e-09 
1204.19 1.26694e-09 
1204.2 1.19453e-09 
1204.21 1.12592e-09 
1204.22 1.06094e-09 
1204.23 9.98654e-10 
1204.24 9.40446e-10 
1204.25 8.85364e-10 
1204.26 8.33257e-10 
1204.26 7.83981e-10 
1204.27 7.37398e-10 
1204.28 6.93373e-10 
1204.29 6.51782e-10 
1204.3 6.12501e-10 
1204.31 5.75414e-10 
1204.32 5.4041e-10 
1204.33 5.07382e-10 
1204.34 4.7623e-10 
1204.35 4.46856e-10 
1204.36 4.19168e-10 
1204.37 3.93077e-10 
1204.38 3.68499e-10 
1204.39 3.45354e-10 
1204.4 3.23565e-10 
1204.41 3.0306e-10 
1204.42 2.83768e-10 
1204.43 2.65625e-10 
1204.44 2.48567e-10 
1204.45 2.32534e-10 
1204.46 2.1747e-10 
1204.47 2.03321e-10 
1204.48 1.89874e-10 
1204.49 1.77412e-10 
1204.5 1.65719e-10 
1204.51 1.54749e-10 
1204.52 1.44463e-10 
1204.53 1.34819e-10 
1204.54 1.25781e-10 
1204.55 1.17314e-10 
1204.56 1.09384e-10 
1204.57 1.01959e-10 
1204.58 9.50093e-11 
1204.59 8.85067e-11 
1204.6 8.24244e-11 
1204.61 7.6737e-11 
1204.62 7.14645e-11 
1204.63 6.64932e-11 
1204.64 6.18491e-11 
1204.65 5.7512e-11 
1204.66 5.3463e-11 
1204.67 4.9684e-11 
1204.68 4.61582e-11 
1204.68 4.28697e-11 
1204.69 3.98035e-11 
1204.7 3.69455e-11 
1204.71 3.42824e-11 
1204.72 3.17717e-11 
1204.73 2.94636e-11 
1204.74 2.7315e-11 
1204.75 2.53154e-11 
1204.76 2.34551e-11 
1204.77 2.1725e-11 
1204.78 2.01164e-11 
1204.79 1.86213e-11 
1204.8 1.72321e-11 
1204.81 1.59418e-11 
1204.82 1.47436e-11 
1204.83 1.36314e-11 
1204.84 1.25993e-11 
1204.85 1.16418e-11 
1204.86 1.07539e-11 
1204.87 9.93064e-12 
1204.88 9.16767e-12 
1204.89 8.46077e-12 
1204.9 7.80602e-12 
1204.91 7.19977e-12 
1204.92 6.6386e-12 
1204.93 6.11932e-12 
1204.94 5.63897e-12 
1204.95 5.19475e-12 
1204.96 4.78408e-12 
1204.97 4.40455e-12 
1204.98 4.0497e-12 
1204.99 3.72617e-12 
1205 3.42745e-12 
1205.01 3.15173e-12 
1205.02 2.89732e-12 
1205.03 2.66263e-12 
1205.04 2.44623e-12 
1205.05 2.24673e-12 
1205.06 2.06288e-12 
1205.07 1.8935e-12 
1205.08 1.73751e-12 
1205.09 1.59389e-12 
1205.1 1.46169e-12 
1205.11 1.34006e-12 
1205.11 1.22818e-12 
1205.12 1.1253e-12 
1205.13 1.03073e-12 
1205.14 9.43818e-13 
1205.15 8.63976e-13 
1205.16 7.9065e-13 
1205.17 7.23329e-13 
1205.18 6.61541e-13 
1205.19 6.04848e-13 
1205.2 5.52848e-13 
1205.21 5.05165e-13 
1205.22 4.60956e-13 
1205.23 4.20923e-13 
1205.24 3.8427e-13 
1205.25 3.50702e-13 
1205.26 3.19971e-13 
1205.27 2.91844e-13 
1205.28 2.6611e-13 
1205.29 2.42572e-13 
1205.3 2.21048e-13 
1205.31 2.01375e-13 
1205.32 1.83396e-13 
1205.33 1.66973e-13 
1205.34 1.51974e-13 
1205.35 1.38281e-13 
1205.36 1.25784e-13 
1205.37 1.14382e-13 
1205.38 1.03982e-13 
1205.39 9.44993e-14 
1205.4 8.58553e-14 
1205.41 7.79786e-14 
1205.42 7.08031e-14 
1205.43 6.42686e-14 
1205.44 5.83195e-14 
1205.45 5.29053e-14 
1205.46 4.79792e-14 
1205.47 4.34986e-14 
1205.48 3.93784e-14 
1205.49 3.56773e-14 
1205.5 3.23162e-14 
1205.51 2.9263e-14 
1205.52 2.64902e-14 
1205.53 2.3973e-14 
1205.54 2.16884e-14 
1205.54 1.96156e-14 
1205.55 1.77356e-14 
1205.56 1.60309e-14 
1205.57 1.44857e-14 
1205.58 1.30856e-14 
1205.59 1.18171e-14 
1205.6 1.06685e-14 
1205.61 9.63448e-15 
1205.62 8.69275e-15 
1205.63 7.84069e-15 
1205.64 7.07003e-15 
1205.65 6.3732e-15 
1205.66 5.74331e-15 
1205.67 5.17412e-15 
1205.68 4.65994e-15 
1205.69 4.19559e-15 
1205.7 3.77638e-15 
1205.71 3.39804e-15 
1205.72 3.05667e-15 
1205.73 2.74513e-15 
1205.74 2.46786e-15 
1205.75 2.21793e-15 
1205.76 1.99271e-15 
1205.77 1.78983e-15 
1205.78 1.60711e-15 
1205.79 1.44262e-15 
1205.8 1.29457e-15 
1205.81 1.16137e-15 
1205.82 1.04156e-15 
1205.83 9.33824e-16 
1205.84 8.36984e-16 
1205.85 7.49961e-16 
1205.86 6.71784e-16 
1205.87 6.01575e-16 
1205.88 5.38542e-16 
1205.89 4.81969e-16 
1205.9 4.3121e-16 
1205.91 3.8568e-16 
1205.92 3.44854e-16 
1205.93 3.08257e-16 
1205.94 2.75461e-16 
1205.95 2.46081e-16 
1205.96 2.19768e-16 
1205.96 1.9621e-16 
1205.97 1.75124e-16 
1205.98 1.56035e-16 
1205.99 1.39183e-16 
1206 1.24114e-16 
1206.01 1.10643e-16 
1206.02 9.86044e-17 
1206.03 8.78494e-17 
1206.04 7.82441e-17 
1206.05 6.96681e-17 
1206.06 6.20136e-17 
1206.07 5.51834e-17 
1206.08 4.90909e-17 
1206.09 4.36579e-17 
1206.1 3.88146e-17 
1206.11 3.44982e-17 
1206.12 3.06527e-17 
1206.13 2.72277e-17 
1206.14 2.41782e-17 
1206.15 2.14638e-17 
1206.16 1.90484e-17 
1206.17 1.68998e-17 
1206.18 1.4989e-17 
1206.19 1.32903e-17 
1206.2 1.17807e-17 
1206.21 1.04393e-17 
1206.22 9.24798e-18 
1206.23 8.1777e-18 
1206.24 7.24009e-18 
1206.25 6.40808e-18 
1206.26 5.66998e-18 
1206.27 5.01541e-18 
1206.28 4.43508e-18 
1206.29 3.92073e-18 
1206.3 3.465e-18 
1206.31 3.06133e-18 
1206.32 2.70389e-18 
1206.33 2.38747e-18 
1206.34 2.10745e-18 
1206.35 1.85972e-18 
1206.36 1.64062e-18 
1206.37 1.44691e-18 
1206.38 1.27569e-18 
1206.39 1.12439e-18 
1206.39 9.9075e-19 
1206.4 8.72732e-19 
1206.41 7.68544e-19 
1206.42 6.76595e-19 
1206.43 5.95469e-19 
1206.44 5.23916e-19 
1206.45 4.60824e-19 
1206.46 4.05211e-19 
1206.47 3.56203e-19 
1206.48 3.12525e-19 
1206.49 2.74564e-19 
1206.5 2.41143e-19 
1206.51 2.11728e-19 
1206.52 1.85846e-19 
1206.53 1.6308e-19 
1206.54 1.43061e-19 
1206.55 1.25463e-19 
1206.56 1.09997e-19 
1206.57 9.64093e-20 
1206.58 8.44755e-20 
1206.59 7.39973e-20 
1206.6 0 
