#energy geo_1 
1186.6 0 
1186.61 0 
1186.62 0 
1186.63 0 
1186.64 0 
1186.65 0 
1186.66 0 
1186.67 0 
1186.68 0 
1186.69 0 
1186.7 0 
1186.71 0 
1186.72 0 
1186.73 0 
1186.74 0 
1186.75 0 
1186.76 0 
1186.77 0 
1186.78 0 
1186.79 0 
1186.8 0 
1186.81 0 
1186.81 0 
1186.82 0 
1186.83 0 
1186.84 0 
1186.85 0 
1186.86 0 
1186.87 0 
1186.88 0 
1186.89 0 
1186.9 0 
1186.91 0 
1186.92 0 
1186.93 0 
1186.94 0 
1186.95 0 
1186.96 0 
1186.97 0 
1186.98 0 
1186.99 0 
1187 0 
1187.01 0 
1187.02 0 
1187.03 0 
1187.04 0 
1187.05 0 
1187.06 0 
1187.07 0 
1187.08 0 
1187.09 0 
1187.1 0 
1187.11 0 
1187.12 0 
1187.13 0 
1187.14 0 
1187.15 0 
1187.16 0 
1187.17 0 
1187.18 0 
1187.19 0 
1187.2 0 
1187.21 0 
1187.22 0 
1187.23 0 
1187.24 0 
1187.24 0 
1187.25 0 
1187.26 0 
1187.27 0 
1187.28 0 
1187.29 0 
1187.3 0 
1187.31 0 
1187.32 0 
1187.33 0 
1187.34 0 
1187.35 0 
1187.36 0 
1187.37 0 
1187.38 0 
1187.39 0 
1187.4 0 
1187.41 0 
1187.42 0 
1187.43 0 
1187.44 0 
1187.45 0 
1187.46 0 
1187.47 0 
1187.48 0 
1187.49 0 
1187.5 0 
1187.51 0 
1187.52 0 
1187.53 0 
1187.54 0 
1187.55 0 
1187.56 0 
1187.57 0 
1187.58 0 
1187.59 0 
1187.6 0 
1187.61 0 
1187.62 0 
1187.63 0 
1187.64 0 
1187.65 0 
1187.66 0 
1187.66 0 
1187.67 0 
1187.68 0 
1187.69 0 
1187.7 0 
1187.71 0 
1187.72 0 
1187.73 0 
1187.74 0 
1187.75 0 
1187.76 0 
1187.77 0 
1187.78 0 
1187.79 0 
1187.8 0 
1187.81 0 
1187.82 0 
1187.83 0 
1187.84 0 
1187.85 0 
1187.86 0 
1187.87 0 
1187.88 0 
1187.89 0 
1187.9 0 
1187.91 0 
1187.92 0 
1187.93 0 
1187.94 0 
1187.95 0 
1187.96 0 
1187.97 0 
1187.98 0 
1187.99 0 
1188 0 
1188.01 0 
1188.02 0 
1188.03 0 
1188.04 0 
1188.05 0 
1188.06 0 
1188.07 0 
1188.08 0 
1188.09 0 
1188.09 0 
1188.1 0 
1188.11 0 
1188.12 0 
1188.13 0 
1188.14 0 
1188.15 0 
1188.16 0 
1188.17 0 
1188.18 0 
1188.19 0 
1188.2 0 
1188.21 0 
1188.22 0 
1188.23 0 
1188.24 0 
1188.25 0 
1188.26 0 
1188.27 0 
1188.28 0 
1188.29 0 
1188.3 0 
1188.31 0 
1188.32 0 
1188.33 0 
1188.34 0 
1188.35 0 
1188.36 0 
1188.37 0 
1188.38 0 
1188.39 0 
1188.4 0 
1188.41 0 
1188.42 0 
1188.43 0 
1188.44 0 
1188.45 0 
1188.46 0 
1188.47 0 
1188.48 0 
1188.49 0 
1188.5 0 
1188.51 0 
1188.52 0 
1188.52 0 
1188.53 0 
1188.54 0 
1188.55 0 
1188.56 0 
1188.57 0 
1188.58 0 
1188.59 0 
1188.6 0 
1188.61 0 
1188.62 0 
1188.63 0 
1188.64 0 
1188.65 0 
1188.66 0 
1188.67 0 
1188.68 0 
1188.69 0 
1188.7 0 
1188.71 0 
1188.72 0 
1188.73 0 
1188.74 0 
1188.75 0 
1188.76 0 
1188.77 0 
1188.78 0 
1188.79 0 
1188.8 0 
1188.81 0 
1188.82 0 
1188.83 0 
1188.84 0 
1188.85 0 
1188.86 0 
1188.87 0 
1188.88 0 
1188.89 0 
1188.9 0 
1188.91 0 
1188.92 0 
1188.93 0 
1188.94 0 
1188.94 0 
1188.95 0 
1188.96 0 
1188.97 0 
1188.98 0 
1188.99 0 
1189 0 
1189.01 0 
1189.02 0 
1189.03 0 
1189.04 0 
1189.05 0 
1189.06 0 
1189.07 0 
1189.08 0 
1189.09 0 
1189.1 0 
1189.11 0 
1189.12 0 
1189.13 0 
1189.14 0 
1189.15 0 
1189.16 0 
1189.17 0 
1189.18 0 
1189.19 0 
1189.2 0 
1189.21 0 
1189.22 0 
1189.23 0 
1189.24 0 
1189.25 0 
1189.26 0 
1189.27 0 
1189.28 0 
1189.29 0 
1189.3 0 
1189.31 0 
1189.32 0 
1189.33 0 
1189.34 0 
1189.35 0 
1189.36 0 
1189.36 0 
1189.37 0 
1189.38 0 
1189.39 0 
1189.4 0 
1189.41 0 
1189.42 0 
1189.43 0 
1189.44 0 
1189.45 0 
1189.46 0 
1189.47 0 
1189.48 0 
1189.49 0 
1189.5 0 
1189.51 0 
1189.52 0 
1189.53 0 
1189.54 0 
1189.55 0 
1189.56 0 
1189.57 0 
1189.58 0 
1189.59 0 
1189.6 0 
1189.61 0 
1189.62 0 
1189.63 0 
1189.64 0 
1189.65 0 
1189.66 0 
1189.67 0 
1189.68 0 
1189.69 0 
1189.7 0 
1189.71 0 
1189.72 0 
1189.73 0 
1189.74 0 
1189.75 0 
1189.76 0 
1189.77 0 
1189.78 0 
1189.79 0 
1189.79 0 
1189.8 0 
1189.81 0 
1189.82 0 
1189.83 0 
1189.84 0 
1189.85 0 
1189.86 0 
1189.87 0 
1189.88 0 
1189.89 0 
1189.9 0 
1189.91 0 
1189.92 0 
1189.93 0 
1189.94 0 
1189.95 0 
1189.96 0 
1189.97 0 
1189.98 0 
1189.99 0 
1190 0 
1190.01 0 
1190.02 0 
1190.03 0 
1190.04 0 
1190.05 0 
1190.06 0 
1190.07 0 
1190.08 0 
1190.09 0 
1190.1 0 
1190.11 0 
1190.12 0 
1190.13 0 
1190.14 0 
1190.15 0 
1190.16 0 
1190.17 0 
1190.18 0 
1190.19 0 
1190.2 0 
1190.21 0 
1190.21 0 
1190.22 0 
1190.23 0 
1190.24 0 
1190.25 0 
1190.26 0 
1190.27 0 
1190.28 0 
1190.29 0 
1190.3 0 
1190.31 0 
1190.32 0 
1190.33 0 
1190.34 0 
1190.35 0 
1190.36 0 
1190.37 0 
1190.38 0 
1190.39 0 
1190.4 0 
1190.41 0 
1190.42 0 
1190.43 0 
1190.44 1.4013e-45 
1190.45 1.4013e-45 
1190.46 1.4013e-45 
1190.47 1.4013e-45 
1190.48 2.8026e-45 
1190.49 2.8026e-45 
1190.5 2.8026e-45 
1190.51 4.2039e-45 
1190.52 5.60519e-45 
1190.53 7.00649e-45 
1190.54 8.40779e-45 
1190.55 1.12104e-44 
1190.56 1.4013e-44 
1190.57 1.82169e-44 
1190.58 2.38221e-44 
1190.59 2.94273e-44 
1190.6 3.78351e-44 
1190.61 4.76441e-44 
1190.62 6.16571e-44 
1190.63 7.84727e-44 
1190.64 1.00893e-43 
1190.64 1.28919e-43 
1190.65 1.63952e-43 
1190.66 2.08793e-43 
1190.67 2.66247e-43 
1190.68 3.40516e-43 
1190.69 4.35804e-43 
1190.7 5.54914e-43 
1190.71 7.09057e-43 
1190.72 9.01035e-43 
1190.73 1.15187e-42 
1190.74 1.46576e-42 
1190.75 1.86653e-42 
1190.76 2.3752e-42 
1190.77 3.0198e-42 
1190.78 3.83676e-42 
1190.79 4.87372e-42 
1190.8 6.18954e-42 
1190.81 7.85708e-42 
1190.82 9.97024e-42 
1190.83 1.26439e-41 
1190.84 1.60309e-41 
1190.85 2.0316e-41 
1190.86 2.57362e-41 
1190.87 3.25886e-41 
1190.88 4.12472e-41 
1190.89 5.21872e-41 
1190.9 6.60026e-41 
1190.91 8.34375e-41 
1190.92 1.05436e-40 
1190.93 1.33182e-40 
1190.94 1.68157e-40 
1190.95 2.12232e-40 
1190.96 2.67746e-40 
1190.97 3.37643e-40 
1190.98 4.26845e-40 
1190.99 5.3783e-40 
1191 6.77392e-40 
1191.01 8.52819e-40 
1191.02 1.07324e-39 
1191.03 1.35007e-39 
1191.04 1.6976e-39 
1191.05 2.13372e-39 
1191.06 2.68077e-39 
1191.07 3.3667e-39 
1191.07 4.22639e-39 
1191.08 5.30342e-39 
1191.09 6.65217e-39 
1191.1 8.34049e-39 
1191.11 1.0453e-38 
1191.12 1.30952e-38 
1191.13 1.63985e-38 
1191.14 2.05266e-38 
1191.15 2.56834e-38 
1191.16 3.21223e-38 
1191.17 4.01591e-38 
1191.18 5.01859e-38 
1191.19 6.26903e-38 
1191.2 7.82782e-38 
1191.21 9.77016e-38 
1191.22 1.21894e-37 
1191.23 1.52435e-37 
1191.24 1.90024e-37 
1191.25 2.36783e-37 
1191.26 2.94928e-37 
1191.27 3.67199e-37 
1191.28 4.56992e-37 
1191.29 5.68508e-37 
1191.3 7.06945e-37 
1191.31 8.78731e-37 
1191.32 1.09181e-36 
1191.33 1.356e-36 
1191.34 1.68343e-36 
1191.35 2.08905e-36 
1191.36 2.59134e-36 
1191.37 3.21308e-36 
1191.38 3.98236e-36 
1191.39 4.93378e-36 
1191.4 6.10999e-36 
1191.41 7.56349e-36 
1191.42 9.35891e-36 
1191.43 1.15758e-35 
1191.44 1.43118e-35 
1191.45 1.76873e-35 
1191.46 2.18498e-35 
1191.47 2.69809e-35 
1191.48 3.34007e-35 
1191.49 4.11981e-35 
1191.49 5.08098e-35 
1191.5 6.2638e-35 
1191.51 7.71881e-35 
1191.52 9.50787e-35 
1191.53 1.17068e-34 
1191.54 1.44083e-34 
1191.55 1.7726e-34 
1191.56 2.17986e-34 
1191.57 2.67958e-34 
1191.58 3.29251e-34 
1191.59 4.04397e-34 
1191.6 4.968e-34 
1191.61 6.09684e-34 
1191.62 7.47911e-34 
1191.63 9.17098e-34 
1191.64 1.12409e-33 
1191.65 1.37724e-33 
1191.66 1.68671e-33 
1191.67 2.06486e-33 
1191.68 2.52675e-33 
1191.69 3.09068e-33 
1191.7 3.77893e-33 
1191.71 4.61853e-33 
1191.72 5.64234e-33 
1191.73 6.90749e-33 
1191.74 8.43172e-33 
1191.75 1.02881e-32 
1191.76 1.25479e-32 
1191.77 1.52979e-32 
1191.78 1.86429e-32 
1191.79 2.27098e-32 
1191.8 2.76527e-32 
1191.81 3.36575e-32 
1191.82 4.09493e-32 
1191.83 4.98004e-32 
1191.84 6.05398e-32 
1191.85 7.35647e-32 
1191.86 8.93551e-32 
1191.87 1.0849e-31 
1191.88 1.31669e-31 
1191.89 1.59733e-31 
1191.9 1.937e-31 
1191.91 2.34793e-31 
1191.92 2.84487e-31 
1191.92 3.44556e-31 
1191.93 4.17138e-31 
1191.94 5.048e-31 
1191.95 6.10634e-31 
1191.96 7.38351e-31 
1191.97 8.92415e-31 
1191.98 1.08073e-30 
1191.99 1.30515e-30 
1192 1.57552e-30 
1192.01 1.90113e-30 
1192.02 2.29307e-30 
1192.03 2.76469e-30 
1192.04 3.33193e-30 
1192.05 4.0139e-30 
1192.06 4.83345e-30 
1192.07 5.81796e-30 
1192.08 7.0001e-30 
1192.09 8.41898e-30 
1192.1 1.01213e-29 
1192.11 1.21628e-29 
1192.12 1.461e-29 
1192.13 1.75425e-29 
1192.14 2.10548e-29 
1192.15 2.526e-29 
1192.16 3.02926e-29 
1192.17 3.63129e-29 
1192.18 4.35117e-29 
1192.19 5.21162e-29 
1192.2 6.23965e-29 
1192.21 7.46739e-29 
1192.22 8.93303e-29 
1192.23 1.07058e-28 
1192.24 1.27964e-28 
1192.25 1.5289e-28 
1192.26 1.82597e-28 
1192.27 2.17985e-28 
1192.28 2.60124e-28 
1192.29 3.10282e-28 
1192.3 3.69958e-28 
1192.31 4.40931e-28 
1192.32 5.25303e-28 
1192.33 6.25562e-28 
1192.34 7.44649e-28 
1192.34 8.86041e-28 
1192.35 1.05385e-27 
1192.36 1.25292e-27 
1192.37 1.48898e-27 
1192.38 1.76879e-27 
1192.39 2.10031e-27 
1192.4 2.49295e-27 
1192.41 2.95776e-27 
1192.42 3.5078e-27 
1192.43 4.15842e-27 
1192.44 4.92767e-27 
1192.45 5.83683e-27 
1192.46 6.91088e-27 
1192.47 8.1792e-27 
1192.48 9.69662e-27 
1192.49 1.14667e-26 
1192.5 1.35543e-26 
1192.51 1.60153e-26 
1192.52 1.89155e-26 
1192.53 2.23316e-26 
1192.54 2.63537e-26 
1192.55 3.10875e-26 
1192.56 3.66566e-26 
1192.57 4.32054e-26 
1192.58 5.09033e-26 
1192.59 5.9948e-26 
1192.6 7.05707e-26 
1192.61 8.30934e-26 
1192.62 9.77369e-26 
1192.63 1.14914e-25 
1192.64 1.35054e-25 
1192.65 1.58658e-25 
1192.66 1.86311e-25 
1192.67 2.18694e-25 
1192.68 2.566e-25 
1192.69 3.00951e-25 
1192.7 3.52824e-25 
1192.71 4.13467e-25 
1192.72 4.84333e-25 
1192.73 5.6823e-25 
1192.74 6.65071e-25 
1192.75 7.78096e-25 
1192.76 9.09953e-25 
1192.77 1.06372e-24 
1192.77 1.24295e-24 
1192.78 1.45179e-24 
1192.79 1.69502e-24 
1192.8 1.97818e-24 
1192.81 2.3077e-24 
1192.82 2.691e-24 
1192.83 3.13667e-24 
1192.84 3.65464e-24 
1192.85 4.2564e-24 
1192.86 4.95519e-24 
1192.87 5.76634e-24 
1192.88 6.70751e-24 
1192.89 7.79908e-24 
1192.9 9.06455e-24 
1192.91 1.0531e-23 
1192.92 1.22297e-23 
1192.93 1.41965e-23 
1192.94 1.64729e-23 
1192.95 1.91064e-23 
1192.96 2.21518e-23 
1192.97 2.5672e-23 
1192.98 2.97941e-23 
1192.99 3.45002e-23 
1193 3.99331e-23 
1193.01 4.62026e-23 
1193.02 5.34345e-23 
1193.03 6.17728e-23 
1193.04 7.13829e-23 
1193.05 8.24541e-23 
1193.06 9.52032e-23 
1193.07 1.09878e-22 
1193.08 1.26763e-22 
1193.09 1.46183e-22 
1193.1 1.68508e-22 
1193.11 1.94162e-22 
1193.12 2.2363e-22 
1193.13 2.57465e-22 
1193.14 2.96296e-22 
1193.15 3.40844e-22 
1193.16 3.91928e-22 
1193.17 4.50483e-22 
1193.18 5.17572e-22 
1193.19 5.94408e-22 
1193.19 6.8237e-22 
1193.2 7.83026e-22 
1193.21 8.9816e-22 
1193.22 1.03168e-21 
1193.23 1.18226e-21 
1193.24 1.35441e-21 
1193.25 1.55099e-21 
1193.26 1.77538e-21 
1193.27 2.03139e-21 
1193.28 2.32336e-21 
1193.29 2.6562e-21 
1193.3 3.03547e-21 
1193.31 3.46747e-21 
1193.32 3.95932e-21 
1193.33 4.51907e-21 
1193.34 5.15584e-21 
1193.35 5.87991e-21 
1193.36 6.70291e-21 
1193.37 7.63795e-21 
1193.38 8.69984e-21 
1193.39 9.90529e-21 
1193.4 1.12731e-20 
1193.41 1.28245e-20 
1193.42 1.45835e-20 
1193.43 1.65768e-20 
1193.44 1.88349e-20 
1193.45 2.13917e-20 
1193.46 2.42856e-20 
1193.47 2.75597e-20 
1193.48 3.13115e-20 
1193.49 3.55033e-20 
1193.5 4.02397e-20 
1193.51 4.55892e-20 
1193.52 5.16286e-20 
1193.53 5.8444e-20 
1193.54 6.61319e-20 
1193.55 7.48002e-20 
1193.56 8.45699e-20 
1193.57 9.55762e-20 
1193.58 1.07971e-19 
1193.59 1.21922e-19 
1193.6 1.37619e-19 
1193.61 1.5537e-19 
1193.62 1.7523e-19 
1193.62 1.97546e-19 
1193.63 2.22613e-19 
1193.64 2.50758e-19 
1193.65 2.82344e-19 
1193.66 3.17778e-19 
1193.67 3.57512e-19 
1193.68 4.02049e-19 
1193.69 4.51947e-19 
1193.7 5.0783e-19 
1193.71 5.70387e-19 
1193.72 6.40386e-19 
1193.73 7.19715e-19 
1193.74 8.0737e-19 
1193.75 9.05329e-19 
1193.76 1.01475e-18 
1193.77 1.13694e-18 
1193.78 1.27331e-18 
1193.79 1.42545e-18 
1193.8 1.59511e-18 
1193.81 1.78423e-18 
1193.82 1.99496e-18 
1193.83 2.22965e-18 
1193.84 2.49092e-18 
1193.85 2.78167e-18 
1193.86 3.10507e-18 
1193.87 3.46464e-18 
1193.88 3.86427e-18 
1193.89 4.30821e-18 
1193.9 4.80117e-18 
1193.91 5.34834e-18 
1193.92 5.95542e-18 
1193.93 6.62867e-18 
1193.94 7.375e-18 
1193.95 8.20197e-18 
1193.96 9.11792e-18 
1193.97 1.0132e-17 
1193.98 1.1269e-17 
1193.99 1.25119e-17 
1194 1.38862e-17 
1194.01 1.54051e-17 
1194.02 1.7083e-17 
1194.03 1.8936e-17 
1194.04 2.09813e-17 
1194.05 2.3238e-17 
1194.05 2.57268e-17 
1194.06 2.84704e-17 
1194.07 3.14936e-17 
1194.08 3.48235e-17 
1194.09 3.84897e-17 
1194.1 4.25243e-17 
1194.11 4.69624e-17 
1194.12 5.18424e-17 
1194.13 5.72059e-17 
1194.14 6.30983e-17 
1194.15 6.95691e-17 
1194.16 7.66718e-17 
1194.17 8.44649e-17 
1194.18 9.30117e-17 
1194.19 1.02381e-16 
1194.2 1.12648e-16 
1194.21 1.23894e-16 
1194.22 1.36206e-16 
1194.23 1.49856e-16 
1194.24 1.64611e-16 
1194.25 1.80746e-16 
1194.26 1.98379e-16 
1194.27 2.17644e-16 
1194.28 2.3868e-16 
1194.29 2.61643e-16 
1194.3 2.86696e-16 
1194.31 3.14019e-16 
1194.32 3.43804e-16 
1194.33 3.7626e-16 
1194.34 4.1161e-16 
1194.35 4.50095e-16 
1194.36 4.91976e-16 
1194.37 5.37533e-16 
1194.38 5.87067e-16 
1194.39 6.40901e-16 
1194.4 6.99383e-16 
1194.41 7.62889e-16 
1194.42 8.31817e-16 
1194.43 9.066e-16 
1194.44 9.87699e-16 
1194.45 1.07561e-15 
1194.46 1.17086e-15 
1194.47 1.27403e-15 
1194.47 1.38722e-15 
1194.48 1.50814e-15 
1194.49 1.63898e-15 
1194.5 1.78045e-15 
1194.51 1.93332e-15 
1194.52 2.09847e-15 
1194.53 2.27678e-15 
1194.54 2.46922e-15 
1194.55 2.67683e-15 
1194.56 2.90069e-15 
1194.57 3.14199e-15 
1194.58 3.40196e-15 
1194.59 3.68192e-15 
1194.6 3.98327e-15 
1194.61 4.31021e-15 
1194.62 4.65915e-15 
1194.63 5.03427e-15 
1194.64 5.43735e-15 
1194.65 5.87028e-15 
1194.66 6.33508e-15 
1194.67 6.83387e-15 
1194.68 7.36889e-15 
1194.69 7.94252e-15 
1194.7 8.55729e-15 
1194.71 9.21584e-15 
1194.72 9.92099e-15 
1194.73 1.06855e-14 
1194.74 1.14935e-14 
1194.75 1.23576e-14 
1194.76 1.32812e-14 
1194.77 1.42679e-14 
1194.78 1.53216e-14 
1194.79 1.64464e-14 
1194.8 1.76464e-14 
1194.81 1.89263e-14 
1194.82 2.02906e-14 
1194.83 2.17443e-14 
1194.84 2.32925e-14 
1194.85 2.49407e-14 
1194.86 2.66945e-14 
1194.87 2.85599e-14 
1194.88 3.05431e-14 
1194.89 3.26506e-14 
1194.9 3.4889e-14 
1194.9 3.72656e-14 
1194.91 3.97877e-14 
1194.92 4.2463e-14 
1194.93 4.52995e-14 
1194.94 4.83056e-14 
1194.95 5.149e-14 
1194.96 5.48617e-14 
1194.97 5.84301e-14 
1194.98 6.22535e-14 
1194.99 6.62478e-14 
1195 7.04693e-14 
1195.01 7.4929e-14 
1195.02 7.96381e-14 
1195.03 8.46083e-14 
1195.04 8.98517e-14 
1195.05 9.53807e-14 
1195.06 1.01208e-13 
1195.07 1.07348e-13 
1195.08 1.13813e-13 
1195.09 1.20617e-13 
1195.1 1.27776e-13 
1195.11 1.35304e-13 
1195.12 1.43216e-13 
1195.13 1.51529e-13 
1195.14 1.60258e-13 
1195.15 1.69421e-13 
1195.16 1.79033e-13 
1195.17 1.89113e-13 
1195.18 1.99678e-13 
1195.19 2.10747e-13 
1195.2 2.22338e-13 
1195.21 2.34469e-13 
1195.22 2.47161e-13 
1195.23 2.60602e-13 
1195.24 2.7448e-13 
1195.25 2.88979e-13 
1195.26 3.04118e-13 
1195.27 3.19918e-13 
1195.28 3.36401e-13 
1195.29 3.53588e-13 
1195.3 3.71499e-13 
1195.31 3.90157e-13 
1195.32 4.09584e-13 
1195.32 4.29801e-13 
1195.33 4.50829e-13 
1195.34 4.72692e-13 
1195.35 4.95412e-13 
1195.36 5.19009e-13 
1195.37 5.43507e-13 
1195.38 5.68926e-13 
1195.39 5.95289e-13 
1195.4 6.22617e-13 
1195.41 6.50932e-13 
1195.42 6.80254e-13 
1195.43 7.10605e-13 
1195.44 7.42004e-13 
1195.45 7.74471e-13 
1195.46 8.08026e-13 
1195.47 8.42688e-13 
1195.48 8.78929e-13 
1195.49 9.15873e-13 
1195.5 9.53977e-13 
1195.51 9.93257e-13 
1195.52 1.03373e-12 
1195.53 1.07541e-12 
1195.54 1.1183e-12 
1195.55 1.16243e-12 
1195.56 1.20781e-12 
1195.57 1.25444e-12 
1195.58 1.30233e-12 
1195.59 1.35149e-12 
1195.6 1.40194e-12 
1195.61 1.45457e-12 
1195.62 1.50761e-12 
1195.63 1.56195e-12 
1195.64 1.61759e-12 
1195.65 1.67451e-12 
1195.66 1.73272e-12 
1195.67 1.79222e-12 
1195.68 1.853e-12 
1195.69 1.91505e-12 
1195.7 1.97837e-12 
1195.71 2.04294e-12 
1195.72 2.10874e-12 
1195.73 2.17662e-12 
1195.74 2.24487e-12 
1195.75 2.31432e-12 
1195.75 2.38492e-12 
1195.76 2.45667e-12 
1195.77 2.52954e-12 
1195.78 2.6035e-12 
1195.79 2.67852e-12 
1195.8 2.75457e-12 
1195.81 2.83162e-12 
1195.82 2.90962e-12 
1195.83 2.98854e-12 
1195.84 3.06834e-12 
1195.85 3.14898e-12 
1195.86 3.23041e-12 
1195.87 3.31259e-12 
1195.88 3.39547e-12 
1195.89 3.47898e-12 
1195.9 3.5631e-12 
1195.91 3.64775e-12 
1195.92 3.73288e-12 
1195.93 3.81843e-12 
1195.94 3.90434e-12 
1195.95 3.99056e-12 
1195.96 4.07701e-12 
1195.97 4.16363e-12 
1195.98 4.25144e-12 
1195.99 4.3382e-12 
1196 4.42493e-12 
1196.01 4.51156e-12 
1196.02 4.59801e-12 
1196.03 4.68422e-12 
1196.04 4.77011e-12 
1196.05 4.85561e-12 
1196.06 4.94064e-12 
1196.07 5.02513e-12 
1196.08 5.10901e-12 
1196.09 5.1922e-12 
1196.1 5.27464e-12 
1196.11 5.35624e-12 
1196.12 5.43694e-12 
1196.13 5.51666e-12 
1196.14 5.59534e-12 
1196.15 5.67291e-12 
1196.16 5.7493e-12 
1196.17 5.82444e-12 
1196.17 5.89828e-12 
1196.18 5.97075e-12 
1196.19 6.0418e-12 
1196.2 6.11137e-12 
1196.21 6.17941e-12 
1196.22 6.24669e-12 
1196.23 6.31153e-12 
1196.24 6.37471e-12 
1196.25 6.4362e-12 
1196.26 6.49597e-12 
1196.27 6.55401e-12 
1196.28 6.61029e-12 
1196.29 6.66481e-12 
1196.3 6.71758e-12 
1196.31 6.76859e-12 
1196.32 6.81786e-12 
1196.33 6.86541e-12 
1196.34 6.91129e-12 
1196.35 6.95553e-12 
1196.36 6.99819e-12 
1196.37 7.03935e-12 
1196.38 7.07908e-12 
1196.39 7.11747e-12 
1196.4 7.15464e-12 
1196.41 7.19072e-12 
1196.42 7.22585e-12 
1196.43 7.26018e-12 
1196.44 7.29391e-12 
1196.45 7.32724e-12 
1196.46 7.36038e-12 
1196.47 7.39359e-12 
1196.48 7.42757e-12 
1196.49 7.46178e-12 
1196.5 7.49698e-12 
1196.51 7.53353e-12 
1196.52 7.57182e-12 
1196.53 7.6123e-12 
1196.54 7.65543e-12 
1196.55 7.70174e-12 
1196.56 7.75178e-12 
1196.57 7.80617e-12 
1196.58 7.86556e-12 
1196.59 7.93066e-12 
1196.6 8.00227e-12 
1196.6 8.08623e-12 
1196.61 8.17346e-12 
1196.62 8.26992e-12 
1196.63 8.37665e-12 
1196.64 8.49481e-12 
1196.65 8.62562e-12 
1196.66 8.77041e-12 
1196.67 8.93059e-12 
1196.68 9.10773e-12 
1196.69 9.30345e-12 
1196.7 9.51955e-12 
1196.71 9.75794e-12 
1196.72 1.00207e-11 
1196.73 1.03137e-11 
1196.74 1.06323e-11 
1196.75 1.09824e-11 
1196.76 1.13667e-11 
1196.77 1.17882e-11 
1196.78 1.22499e-11 
1196.79 1.27554e-11 
1196.8 1.33081e-11 
1196.81 1.3912e-11 
1196.82 1.45711e-11 
1196.83 1.529e-11 
1196.84 1.60733e-11 
1196.85 1.69261e-11 
1196.86 1.78538e-11 
1196.87 1.88622e-11 
1196.88 1.99575e-11 
1196.89 2.11462e-11 
1196.9 2.24355e-11 
1196.91 2.38327e-11 
1196.92 2.5346e-11 
1196.93 2.69838e-11 
1196.94 2.87553e-11 
1196.95 3.067e-11 
1196.96 3.27384e-11 
1196.97 3.49713e-11 
1196.98 3.74118e-11 
1196.99 4.00121e-11 
1197 4.28144e-11 
1197.01 4.58328e-11 
1197.02 4.9082e-11 
1197.03 5.25779e-11 
1197.03 5.63373e-11 
1197.04 6.03779e-11 
1197.05 6.47185e-11 
1197.06 6.93792e-11 
1197.07 7.43811e-11 
1197.08 7.97465e-11 
1197.09 8.54991e-11 
1197.1 9.16639e-11 
1197.11 9.82675e-11 
1197.12 1.05338e-10 
1197.13 1.12904e-10 
1197.14 1.20998e-10 
1197.15 1.29652e-10 
1197.16 1.38901e-10 
1197.17 1.48782e-10 
1197.18 1.59333e-10 
1197.19 1.70595e-10 
1197.2 1.82609e-10 
1197.21 1.95423e-10 
1197.22 2.09081e-10 
1197.23 2.23823e-10 
1197.24 2.39337e-10 
1197.25 2.55853e-10 
1197.26 2.7343e-10 
1197.27 2.92127e-10 
1197.28 3.12009e-10 
1197.29 3.33141e-10 
1197.3 3.55592e-10 
1197.31 3.79435e-10 
1197.32 4.04747e-10 
1197.33 4.31607e-10 
1197.34 4.60097e-10 
1197.35 4.90305e-10 
1197.36 5.22321e-10 
1197.37 5.56239e-10 
1197.38 5.92159e-10 
1197.39 6.30182e-10 
1197.4 6.70416e-10 
1197.41 7.12972e-10 
1197.42 7.57967e-10 
1197.43 8.05519e-10 
1197.44 8.55756e-10 
1197.45 9.08806e-10 
1197.45 9.64806e-10 
1197.46 1.02389e-09 
1197.47 1.08622e-09 
1197.48 1.15277e-09 
1197.49 1.22206e-09 
1197.5 1.29506e-09 
1197.51 1.37193e-09 
1197.52 1.45284e-09 
1197.53 1.53798e-09 
1197.54 1.62752e-09 
1197.55 1.72166e-09 
1197.56 1.8206e-09 
1197.57 1.92452e-09 
1197.58 2.03366e-09 
1197.59 2.1482e-09 
1197.6 2.26839e-09 
1197.61 2.39592e-09 
1197.62 2.52814e-09 
1197.63 2.66671e-09 
1197.64 2.81185e-09 
1197.65 2.96383e-09 
1197.66 3.1229e-09 
1197.67 3.28932e-09 
1197.68 3.46336e-09 
1197.69 3.6453e-09 
1197.7 3.83541e-09 
1197.71 4.03399e-09 
1197.72 4.24132e-09 
1197.73 4.46047e-09 
1197.74 4.68632e-09 
1197.75 4.92184e-09 
1197.76 5.16733e-09 
1197.77 5.42312e-09 
1197.78 5.68952e-09 
1197.79 5.96685e-09 
1197.8 6.25546e-09 
1197.81 6.55567e-09 
1197.82 6.86781e-09 
1197.83 7.19223e-09 
1197.84 7.52927e-09 
1197.85 7.87927e-09 
1197.86 8.24257e-09 
1197.87 8.61954e-09 
1197.88 9.0105e-09 
1197.88 9.41582e-09 
1197.89 9.83584e-09 
1197.9 1.02709e-08 
1197.91 1.07214e-08 
1197.92 1.11876e-08 
1197.93 1.16699e-08 
1197.94 1.21687e-08 
1197.95 1.26842e-08 
1197.96 1.32168e-08 
1197.97 1.37669e-08 
1197.98 1.43419e-08 
1197.99 1.49281e-08 
1198 1.55326e-08 
1198.01 1.61559e-08 
1198.02 1.67982e-08 
1198.03 1.74598e-08 
1198.04 1.8141e-08 
1198.05 1.8842e-08 
1198.06 1.95632e-08 
1198.07 2.03048e-08 
1198.08 2.1067e-08 
1198.09 2.185e-08 
1198.1 2.26541e-08 
1198.11 2.34795e-08 
1198.12 2.43263e-08 
1198.13 2.51947e-08 
1198.14 2.60849e-08 
1198.15 2.6997e-08 
1198.16 2.79312e-08 
1198.17 2.88875e-08 
1198.18 2.9866e-08 
1198.19 3.08667e-08 
1198.2 3.18898e-08 
1198.21 3.29353e-08 
1198.22 3.4003e-08 
1198.23 3.51069e-08 
1198.24 3.62195e-08 
1198.25 3.73543e-08 
1198.26 3.85113e-08 
1198.27 3.96902e-08 
1198.28 4.0891e-08 
1198.29 4.21135e-08 
1198.3 4.33575e-08 
1198.3 4.46227e-08 
1198.31 4.5909e-08 
1198.32 4.72161e-08 
1198.33 4.85436e-08 
1198.34 4.98913e-08 
1198.35 5.12588e-08 
1198.36 5.26457e-08 
1198.37 5.40516e-08 
1198.38 5.54762e-08 
1198.39 5.69189e-08 
1198.4 5.83792e-08 
1198.41 5.98568e-08 
1198.42 6.13509e-08 
1198.43 6.28612e-08 
1198.44 6.4387e-08 
1198.45 6.59276e-08 
1198.46 6.74825e-08 
1198.47 6.90511e-08 
1198.48 7.06525e-08 
1198.49 7.22464e-08 
1198.5 7.38518e-08 
1198.51 7.54681e-08 
1198.52 7.70944e-08 
1198.53 7.873e-08 
1198.54 8.03742e-08 
1198.55 8.2026e-08 
1198.56 8.36847e-08 
1198.57 8.53494e-08 
1198.58 8.70194e-08 
1198.59 8.86937e-08 
1198.6 9.03716e-08 
1198.61 9.21092e-08 
1198.62 9.37925e-08 
1198.63 9.54767e-08 
1198.64 9.71609e-08 
1198.65 9.88442e-08 
1198.66 1.00526e-07 
1198.67 1.02205e-07 
1198.68 1.0388e-07 
1198.69 1.05551e-07 
1198.7 1.07217e-07 
1198.71 1.08876e-07 
1198.72 1.10529e-07 
1198.73 1.12194e-07 
1198.73 1.1383e-07 
1198.74 1.15456e-07 
1198.75 1.17073e-07 
1198.76 1.18678e-07 
1198.77 1.20271e-07 
1198.78 1.21852e-07 
1198.79 1.2342e-07 
1198.8 1.24973e-07 
1198.81 1.26512e-07 
1198.82 1.28036e-07 
1198.83 1.29544e-07 
1198.84 1.31036e-07 
1198.85 1.3251e-07 
1198.86 1.33967e-07 
1198.87 1.35406e-07 
1198.88 1.36827e-07 
1198.89 1.38229e-07 
1198.9 1.39612e-07 
1198.91 1.40975e-07 
1198.92 1.42318e-07 
1198.93 1.43641e-07 
1198.94 1.44944e-07 
1198.95 1.46226e-07 
1198.96 1.47488e-07 
1198.97 1.48728e-07 
1198.98 1.49964e-07 
1198.99 1.51163e-07 
1199 1.52341e-07 
1199.01 1.53498e-07 
1199.02 1.54635e-07 
1199.03 1.55751e-07 
1199.04 1.56847e-07 
1199.05 1.57923e-07 
1199.06 1.58979e-07 
1199.07 1.60015e-07 
1199.08 1.61032e-07 
1199.09 1.6203e-07 
1199.1 1.6301e-07 
1199.11 1.63972e-07 
1199.12 1.64916e-07 
1199.13 1.65843e-07 
1199.14 1.66754e-07 
1199.15 1.67648e-07 
1199.15 1.68528e-07 
1199.16 1.69392e-07 
1199.17 1.70242e-07 
1199.18 1.71079e-07 
1199.19 1.71903e-07 
1199.2 1.72715e-07 
1199.21 1.73515e-07 
1199.22 1.74314e-07 
1199.23 1.75094e-07 
1199.24 1.75864e-07 
1199.25 1.76625e-07 
1199.26 1.77379e-07 
1199.27 1.78125e-07 
1199.28 1.78865e-07 
1199.29 1.796e-07 
1199.3 1.80329e-07 
1199.31 1.81055e-07 
1199.32 1.81776e-07 
1199.33 1.82496e-07 
1199.34 1.83212e-07 
1199.35 1.83928e-07 
1199.36 1.84643e-07 
1199.37 1.85357e-07 
1199.38 1.86072e-07 
1199.39 1.86788e-07 
1199.4 1.87506e-07 
1199.41 1.88225e-07 
1199.42 1.88947e-07 
1199.43 1.89672e-07 
1199.44 1.904e-07 
1199.45 1.91132e-07 
1199.46 1.91868e-07 
1199.47 1.92608e-07 
1199.48 1.93362e-07 
1199.49 1.94112e-07 
1199.5 1.94867e-07 
1199.51 1.95626e-07 
1199.52 1.96391e-07 
1199.53 1.97161e-07 
1199.54 1.97936e-07 
1199.55 1.98716e-07 
1199.56 1.995e-07 
1199.57 2.0029e-07 
1199.58 2.01084e-07 
1199.58 2.01882e-07 
1199.59 2.02683e-07 
1199.6 2.03488e-07 
1199.61 2.04423e-07 
1199.62 2.05234e-07 
1199.63 2.06048e-07 
1199.64 2.06862e-07 
1199.65 2.07678e-07 
1199.66 2.08493e-07 
1199.67 2.09308e-07 
1199.68 2.10121e-07 
1199.69 2.10933e-07 
1199.7 2.11741e-07 
1199.71 2.12545e-07 
1199.72 2.13345e-07 
1199.73 2.14149e-07 
1199.74 2.14936e-07 
1199.75 2.15715e-07 
1199.76 2.16486e-07 
1199.77 2.17247e-07 
1199.78 2.17997e-07 
1199.79 2.18735e-07 
1199.8 2.1946e-07 
1199.81 2.20171e-07 
1199.82 2.20867e-07 
1199.83 2.21546e-07 
1199.84 2.22207e-07 
1199.85 2.2285e-07 
1199.86 2.23473e-07 
1199.87 2.24075e-07 
1199.88 2.24655e-07 
1199.89 2.25212e-07 
1199.9 2.25745e-07 
1199.91 2.26252e-07 
1199.92 2.26733e-07 
1199.93 2.27187e-07 
1199.94 2.27612e-07 
1199.95 2.28009e-07 
1199.96 2.28375e-07 
1199.97 2.2871e-07 
1199.98 2.29018e-07 
1199.99 2.29289e-07 
1200 2.29527e-07 
1200.01 2.29731e-07 
1200.01 2.29902e-07 
1200.02 2.30038e-07 
1200.03 2.30139e-07 
1200.04 2.30204e-07 
1200.05 2.30235e-07 
1200.06 2.3023e-07 
1200.07 2.3019e-07 
1200.08 2.30114e-07 
1200.09 2.30004e-07 
1200.1 2.29858e-07 
1200.11 2.29679e-07 
1200.12 2.29466e-07 
1200.13 2.2922e-07 
1200.14 2.28942e-07 
1200.15 2.28633e-07 
1200.16 2.28294e-07 
1200.17 2.27926e-07 
1200.18 2.27531e-07 
1200.19 2.27111e-07 
1200.2 2.26667e-07 
1200.21 2.26202e-07 
1200.22 2.25716e-07 
1200.23 2.25207e-07 
1200.24 2.2469e-07 
1200.25 2.2416e-07 
1200.26 2.23622e-07 
1200.27 2.23077e-07 
1200.28 2.2253e-07 
1200.29 2.21984e-07 
1200.3 2.21443e-07 
1200.31 2.2091e-07 
1200.32 2.20391e-07 
1200.33 2.1989e-07 
1200.34 2.19411e-07 
1200.35 2.1896e-07 
1200.36 2.18541e-07 
1200.37 2.18161e-07 
1200.38 2.17826e-07 
1200.39 2.17541e-07 
1200.4 2.17313e-07 
1200.41 2.17149e-07 
1200.42 2.17056e-07 
1200.43 2.17041e-07 
1200.43 2.17113e-07 
1200.44 2.17278e-07 
1200.45 2.17546e-07 
1200.46 2.17925e-07 
1200.47 2.18424e-07 
1200.48 2.19062e-07 
1200.49 2.19832e-07 
1200.5 2.20752e-07 
1200.51 2.21832e-07 
1200.52 2.23083e-07 
1200.53 2.24517e-07 
1200.54 2.26144e-07 
1200.55 2.27977e-07 
1200.56 2.30028e-07 
1200.57 2.3231e-07 
1200.58 2.34836e-07 
1200.59 2.3762e-07 
1200.6 2.40675e-07 
1200.61 2.44167e-07 
1200.62 2.47811e-07 
1200.63 2.51769e-07 
1200.64 2.56059e-07 
1200.65 2.60695e-07 
1200.66 2.65694e-07 
1200.67 2.71072e-07 
1200.68 2.76846e-07 
1200.69 2.83034e-07 
1200.7 2.89651e-07 
1200.71 2.96717e-07 
1200.72 3.04249e-07 
1200.73 3.12369e-07 
1200.74 3.20896e-07 
1200.75 3.29945e-07 
1200.76 3.39535e-07 
1200.77 3.49686e-07 
1200.78 3.60417e-07 
1200.79 3.71748e-07 
1200.8 3.83698e-07 
1200.81 3.96288e-07 
1200.82 4.09537e-07 
1200.83 4.23466e-07 
1200.84 4.38093e-07 
1200.85 4.5344e-07 
1200.85 4.69527e-07 
1200.86 4.86372e-07 
1200.87 5.03997e-07 
1200.88 5.2242e-07 
1200.89 5.4166e-07 
1200.9 5.61737e-07 
1200.91 5.8267e-07 
1200.92 6.04477e-07 
1200.93 6.27176e-07 
1200.94 6.50785e-07 
1200.95 6.7532e-07 
1200.96 7.00798e-07 
1200.97 7.27235e-07 
1200.98 7.54996e-07 
1200.99 7.83409e-07 
1201 8.12825e-07 
1201.01 8.43256e-07 
1201.02 8.74715e-07 
1201.03 9.07213e-07 
1201.04 9.4076e-07 
1201.05 9.75365e-07 
1201.06 1.01104e-06 
1201.07 1.04778e-06 
1201.08 1.0856e-06 
1201.09 1.1245e-06 
1201.1 1.16449e-06 
1201.11 1.20557e-06 
1201.12 1.24773e-06 
1201.13 1.29097e-06 
1201.14 1.3353e-06 
1201.15 1.38071e-06 
1201.16 1.42718e-06 
1201.17 1.47472e-06 
1201.18 1.52331e-06 
1201.19 1.57294e-06 
1201.2 1.62359e-06 
1201.21 1.67526e-06 
1201.22 1.72793e-06 
1201.23 1.78224e-06 
1201.24 1.83685e-06 
1201.25 1.89238e-06 
1201.26 1.94882e-06 
1201.27 2.00613e-06 
1201.28 2.0643e-06 
1201.28 2.12328e-06 
1201.29 2.18305e-06 
1201.3 2.24356e-06 
1201.31 2.30478e-06 
1201.32 2.36668e-06 
1201.33 2.4292e-06 
1201.34 2.49232e-06 
1201.35 2.55597e-06 
1201.36 2.62011e-06 
1201.37 2.6847e-06 
1201.38 2.74968e-06 
1201.39 2.81501e-06 
1201.4 2.88061e-06 
1201.41 2.94645e-06 
1201.42 3.01246e-06 
1201.43 3.07858e-06 
1201.44 3.14476e-06 
1201.45 3.21092e-06 
1201.46 3.27701e-06 
1201.47 3.34296e-06 
1201.48 3.40953e-06 
1201.49 3.475e-06 
1201.5 3.54014e-06 
1201.51 3.60486e-06 
1201.52 3.66911e-06 
1201.53 3.73281e-06 
1201.54 3.7959e-06 
1201.55 3.8583e-06 
1201.56 3.91994e-06 
1201.57 3.98076e-06 
1201.58 4.04067e-06 
1201.59 4.09962e-06 
1201.6 4.15753e-06 
1201.61 4.21694e-06 
1201.62 4.2726e-06 
1201.63 4.32701e-06 
1201.64 4.38012e-06 
1201.65 4.43184e-06 
1201.66 4.48212e-06 
1201.67 4.53089e-06 
1201.68 4.57809e-06 
1201.69 4.62366e-06 
1201.7 4.66754e-06 
1201.7 4.70968e-06 
1201.71 4.75001e-06 
1201.72 4.78896e-06 
1201.73 4.82551e-06 
1201.74 4.8601e-06 
1201.75 4.8927e-06 
1201.76 4.92325e-06 
1201.77 4.95172e-06 
1201.78 4.97806e-06 
1201.79 5.00224e-06 
1201.8 5.02424e-06 
1201.81 5.04401e-06 
1201.82 5.06154e-06 
1201.83 5.0768e-06 
1201.84 5.08977e-06 
1201.85 5.10044e-06 
1201.86 5.10878e-06 
1201.87 5.1148e-06 
1201.88 5.11848e-06 
1201.89 5.11983e-06 
1201.9 5.11884e-06 
1201.91 5.11551e-06 
1201.92 5.10986e-06 
1201.93 5.10189e-06 
1201.94 5.09162e-06 
1201.95 5.07907e-06 
1201.96 5.06425e-06 
1201.97 5.0472e-06 
1201.98 5.02768e-06 
1201.99 5.00621e-06 
1202 4.9826e-06 
1202.01 4.95688e-06 
1202.02 4.92909e-06 
1202.03 4.89929e-06 
1202.04 4.86751e-06 
1202.05 4.8338e-06 
1202.06 4.79823e-06 
1202.07 4.76084e-06 
1202.08 4.72169e-06 
1202.09 4.68084e-06 
1202.1 4.63837e-06 
1202.11 4.59432e-06 
1202.12 4.54877e-06 
1202.13 4.5018e-06 
1202.13 4.45347e-06 
1202.14 4.40385e-06 
1202.15 4.35303e-06 
1202.16 4.30108e-06 
1202.17 4.24807e-06 
1202.18 4.1941e-06 
1202.19 4.13924e-06 
1202.2 4.08357e-06 
1202.21 4.02718e-06 
1202.22 3.96943e-06 
1202.23 3.91185e-06 
1202.24 3.85381e-06 
1202.25 3.79538e-06 
1202.26 3.73666e-06 
1202.27 3.67774e-06 
1202.28 3.61871e-06 
1202.29 3.55964e-06 
1202.3 3.50064e-06 
1202.31 3.44178e-06 
1202.32 3.38315e-06 
1202.33 3.32483e-06 
1202.34 3.26692e-06 
1202.35 3.20949e-06 
1202.36 3.15263e-06 
1202.37 3.09643e-06 
1202.38 3.04095e-06 
1202.39 2.98628e-06 
1202.4 2.93249e-06 
1202.41 2.87967e-06 
1202.42 2.82789e-06 
1202.43 2.77722e-06 
1202.44 2.72772e-06 
1202.45 2.67947e-06 
1202.46 2.63254e-06 
1202.47 2.58698e-06 
1202.48 2.54231e-06 
1202.49 2.4997e-06 
1202.5 2.45865e-06 
1202.51 2.41919e-06 
1202.52 2.38139e-06 
1202.53 2.34528e-06 
1202.54 2.31092e-06 
1202.55 2.27834e-06 
1202.56 2.24758e-06 
1202.56 2.21867e-06 
1202.57 2.19165e-06 
1202.58 2.16652e-06 
1202.59 2.14333e-06 
1202.6 2.12209e-06 
1202.61 2.1041e-06 
1202.62 2.08678e-06 
1202.63 2.07144e-06 
1202.64 2.05808e-06 
1202.65 2.04669e-06 
1202.66 2.03729e-06 
1202.67 2.02984e-06 
1202.68 2.02435e-06 
1202.69 2.02079e-06 
1202.7 2.01913e-06 
1202.71 2.01936e-06 
1202.72 2.02144e-06 
1202.73 2.02539e-06 
1202.74 2.03108e-06 
1202.75 2.03851e-06 
1202.76 2.04761e-06 
1202.77 2.05835e-06 
1202.78 2.07067e-06 
1202.79 2.0845e-06 
1202.8 2.09978e-06 
1202.81 2.11646e-06 
1202.82 2.13445e-06 
1202.83 2.15369e-06 
1202.84 2.17409e-06 
1202.85 2.19558e-06 
1202.86 2.21808e-06 
1202.87 2.2415e-06 
1202.88 2.26575e-06 
1202.89 2.29075e-06 
1202.9 2.31639e-06 
1202.91 2.3426e-06 
1202.92 2.36927e-06 
1202.93 2.3963e-06 
1202.94 2.4236e-06 
1202.95 2.45107e-06 
1202.96 2.47861e-06 
1202.97 2.50613e-06 
1202.98 2.53351e-06 
1202.98 2.56101e-06 
1202.99 2.58784e-06 
1203 2.61424e-06 
1203.01 2.64012e-06 
1203.02 2.66538e-06 
1203.03 2.68994e-06 
1203.04 2.71369e-06 
1203.05 2.73655e-06 
1203.06 2.75843e-06 
1203.07 2.77925e-06 
1203.08 2.79892e-06 
1203.09 2.81736e-06 
1203.1 2.83451e-06 
1203.11 2.85029e-06 
1203.12 2.86463e-06 
1203.13 2.87747e-06 
1203.14 2.88874e-06 
1203.15 2.89841e-06 
1203.16 2.9064e-06 
1203.17 2.91269e-06 
1203.18 2.91722e-06 
1203.19 2.91997e-06 
1203.2 2.92089e-06 
1203.21 2.91998e-06 
1203.22 2.91719e-06 
1203.23 2.91246e-06 
1203.24 2.90588e-06 
1203.25 2.8974e-06 
1203.26 2.88702e-06 
1203.27 2.87476e-06 
1203.28 2.86061e-06 
1203.29 2.84459e-06 
1203.3 2.82672e-06 
1203.31 2.80704e-06 
1203.32 2.78555e-06 
1203.33 2.76231e-06 
1203.34 2.73734e-06 
1203.35 2.7107e-06 
1203.36 2.68241e-06 
1203.37 2.65254e-06 
1203.38 2.62114e-06 
1203.39 2.58827e-06 
1203.4 2.55397e-06 
1203.41 2.51832e-06 
1203.41 2.48139e-06 
1203.42 2.44323e-06 
1203.43 2.40392e-06 
1203.44 2.36352e-06 
1203.45 2.32212e-06 
1203.46 2.27979e-06 
1203.47 2.23659e-06 
1203.48 2.19206e-06 
1203.49 2.14737e-06 
1203.5 2.10205e-06 
1203.51 2.05617e-06 
1203.52 2.00982e-06 
1203.53 1.96308e-06 
1203.54 1.91601e-06 
1203.55 1.86869e-06 
1203.56 1.8212e-06 
1203.57 1.7736e-06 
1203.58 1.72598e-06 
1203.59 1.67839e-06 
1203.6 1.63091e-06 
1203.61 1.58458e-06 
1203.62 1.53747e-06 
1203.63 1.49066e-06 
1203.64 1.4442e-06 
1203.65 1.39816e-06 
1203.66 1.35257e-06 
1203.67 1.30751e-06 
1203.68 1.263e-06 
1203.69 1.21911e-06 
1203.7 1.17586e-06 
1203.71 1.13331e-06 
1203.72 1.09148e-06 
1203.73 1.04991e-06 
1203.74 1.00965e-06 
1203.75 9.70209e-07 
1203.76 9.31616e-07 
1203.77 8.93892e-07 
1203.78 8.57056e-07 
1203.79 8.21127e-07 
1203.8 7.86118e-07 
1203.81 7.5204e-07 
1203.82 7.18903e-07 
1203.83 6.86715e-07 
1203.83 6.55478e-07 
1203.84 6.25196e-07 
1203.85 5.95868e-07 
1203.86 5.67492e-07 
1203.87 5.40064e-07 
1203.88 5.13578e-07 
1203.89 4.88027e-07 
1203.9 4.63401e-07 
1203.91 4.3969e-07 
1203.92 4.1688e-07 
1203.93 3.94958e-07 
1203.94 3.7391e-07 
1203.95 3.53719e-07 
1203.96 3.34369e-07 
1203.97 3.15842e-07 
1203.98 2.97901e-07 
1203.99 2.80972e-07 
1204 2.64806e-07 
1204.01 2.49384e-07 
1204.02 2.34685e-07 
1204.03 2.20688e-07 
1204.04 2.0737e-07 
1204.05 1.9471e-07 
1204.06 1.82687e-07 
1204.07 1.71278e-07 
1204.08 1.60462e-07 
1204.09 1.50216e-07 
1204.1 1.40519e-07 
1204.11 1.31351e-07 
1204.12 1.22688e-07 
1204.13 1.14512e-07 
1204.14 1.068e-07 
1204.15 9.95335e-08 
1204.16 9.26919e-08 
1204.17 8.62561e-08 
1204.18 8.02072e-08 
1204.19 7.45267e-08 
1204.2 6.91968e-08 
1204.21 6.42001e-08 
1204.22 5.95196e-08 
1204.23 5.50862e-08 
1204.24 5.09935e-08 
1204.25 4.71695e-08 
1204.26 4.35997e-08 
1204.26 4.02699e-08 
1204.27 3.71666e-08 
1204.28 3.42768e-08 
1204.29 3.15881e-08 
1204.3 2.90885e-08 
1204.31 2.67667e-08 
1204.32 2.46119e-08 
1204.33 2.26136e-08 
1204.34 2.0762e-08 
1204.35 1.90477e-08 
1204.36 1.7462e-08 
1204.37 1.59963e-08 
1204.38 1.46426e-08 
1204.39 1.33935e-08 
1204.4 1.22418e-08 
1204.41 1.11808e-08 
1204.42 1.02041e-08 
1204.43 9.30573e-09 
1204.44 8.48013e-09 
1204.45 7.722e-09 
1204.46 7.02639e-09 
1204.47 6.38867e-09 
1204.48 5.7975e-09 
1204.49 5.26338e-09 
1204.5 4.7749e-09 
1204.51 4.32852e-09 
1204.52 3.92093e-09 
1204.53 3.54907e-09 
1204.54 3.21007e-09 
1204.55 2.90129e-09 
1204.56 2.62024e-09 
1204.57 2.36465e-09 
1204.58 2.1324e-09 
1204.59 1.92152e-09 
1204.6 1.7302e-09 
1204.61 1.55677e-09 
1204.62 1.40054e-09 
1204.63 1.25827e-09 
1204.64 1.1296e-09 
1204.65 1.01334e-09 
1204.66 9.08357e-10 
1204.67 8.13645e-10 
1204.68 7.28264e-10 
1204.68 6.51355e-10 
1204.69 5.82133e-10 
1204.7 5.19878e-10 
1204.71 4.63934e-10 
1204.72 4.13106e-10 
1204.73 3.68097e-10 
1204.74 3.27747e-10 
1204.75 2.91602e-10 
1204.76 2.59249e-10 
1204.77 2.30313e-10 
1204.78 2.04454e-10 
1204.79 1.81363e-10 
1204.8 1.60759e-10 
1204.81 1.4239e-10 
1204.82 1.26025e-10 
1204.83 1.11458e-10 
1204.84 9.85004e-11 
1204.85 8.69845e-11 
1204.86 7.67574e-11 
1204.87 6.76822e-11 
1204.88 5.96354e-11 
1204.89 5.25059e-11 
1204.9 4.61943e-11 
1204.91 4.06109e-11 
1204.92 3.56758e-11 
1204.93 3.13169e-11 
1204.94 2.747e-11 
1204.95 2.40777e-11 
1204.96 2.10885e-11 
1204.97 1.84566e-11 
1204.98 1.6114e-11 
1204.99 1.40817e-11 
1205 1.22966e-11 
1205.01 1.07297e-11 
1205.02 9.35547e-12 
1205.03 8.15116e-12 
1205.04 7.09656e-12 
1205.05 6.17379e-12 
1205.06 5.36699e-12 
1205.07 4.66214e-12 
1205.08 4.04683e-12 
1205.09 3.5101e-12 
1205.1 3.04228e-12 
1205.11 2.63484e-12 
1205.11 2.28026e-12 
1205.12 1.97193e-12 
1205.13 1.70401e-12 
1205.14 1.47139e-12 
1205.15 1.26958e-12 
1205.16 1.09463e-12 
1205.17 9.43078e-13 
1205.18 8.11903e-13 
1205.19 6.98452e-13 
1205.2 6.00404e-13 
1205.21 5.15735e-13 
1205.22 4.41887e-13 
1205.23 3.7895e-13 
1205.24 3.24778e-13 
1205.25 2.78141e-13 
1205.26 2.38024e-13 
1205.27 2.0354e-13 
1205.28 1.73922e-13 
1205.29 1.48503e-13 
1205.3 1.26704e-13 
1205.31 1.08024e-13 
1205.32 9.20295e-14 
1205.33 7.83444e-14 
1205.34 6.66445e-14 
1205.35 5.66495e-14 
1205.36 4.81174e-14 
1205.37 4.08399e-14 
1205.38 3.46371e-14 
1205.39 2.93544e-14 
1205.4 2.48589e-14 
1205.41 2.10361e-14 
1205.42 1.77878e-14 
1205.43 1.50299e-14 
1205.44 1.26901e-14 
1205.45 1.07065e-14 
1205.46 9.02623e-15 
1205.47 7.60397e-15 
1205.48 6.38833e-15 
1205.49 5.37271e-15 
1205.5 4.51595e-15 
1205.51 3.79297e-15 
1205.52 3.18336e-15 
1205.53 2.66973e-15 
1205.54 2.2373e-15 
1205.54 1.87351e-15 
1205.55 1.5677e-15 
1205.56 1.31082e-15 
1205.57 1.09522e-15 
1205.58 9.14397e-16 
1205.59 7.62856e-16 
1205.6 6.35954e-16 
1205.61 5.30093e-16 
1205.62 4.41251e-16 
1205.63 3.67024e-16 
1205.64 3.05055e-16 
1205.65 2.53359e-16 
1205.66 2.10267e-16 
1205.67 1.74374e-16 
1205.68 1.44499e-16 
1205.69 1.19654e-16 
1205.7 9.90058e-17 
1205.71 8.18599e-17 
1205.72 6.76327e-17 
1205.73 5.57025e-17 
1205.74 4.59523e-17 
1205.75 3.78804e-17 
1205.76 3.1203e-17 
1205.77 2.56835e-17 
1205.78 2.11245e-17 
1205.79 1.73618e-17 
1205.8 1.42586e-17 
1205.81 1.17014e-17 
1205.82 9.59556e-18 
1205.83 7.86284e-18 
1205.84 6.43818e-18 
1205.85 5.26772e-18 
1205.86 4.30683e-18 
1205.87 3.51858e-18 
1205.88 2.87245e-18 
1205.89 2.34322e-18 
1205.9 1.91006e-18 
1205.91 1.55582e-18 
1205.92 1.26632e-18 
1205.93 1.02992e-18 
1205.94 8.37031e-19 
1205.95 6.79756e-19 
1205.96 5.5162e-19 
1205.96 4.47303e-19 
1205.97 3.62443e-19 
1205.98 2.92687e-19 
1205.99 2.36803e-19 
1206 1.91446e-19 
1206.01 1.54661e-19 
1206.02 1.2485e-19 
1206.03 1.0071e-19 
1206.04 8.11771e-20 
1206.05 6.53835e-20 
1206.06 5.26233e-20 
1206.07 4.23218e-20 
1206.08 3.40114e-20 
1206.09 2.73124e-20 
1206.1 2.19165e-20 
1206.11 1.75735e-20 
1206.12 1.40805e-20 
1206.13 1.12734e-20 
1206.14 9.01919e-21 
1206.15 7.21032e-21 
1206.16 5.75993e-21 
1206.17 4.59785e-21 
1206.18 3.66748e-21 
1206.19 2.92318e-21 
1206.2 2.32819e-21 
1206.21 1.85292e-21 
1206.22 1.47357e-21 
1206.23 1.16764e-21 
1206.24 9.27195e-22 
1206.25 7.3571e-22 
1206.26 5.83334e-22 
1206.27 4.62171e-22 
1206.28 3.65902e-22 
1206.29 2.89468e-22 
1206.3 2.2883e-22 
1206.31 1.80759e-22 
1206.32 1.42679e-22 
1206.33 1.12538e-22 
1206.34 8.86975e-23 
1206.35 6.98553e-23 
1206.36 5.49746e-23 
1206.37 4.32315e-23 
1206.38 3.39715e-23 
1206.39 2.66749e-23 
1206.39 2.09299e-23 
1206.4 1.64099e-23 
1206.41 1.28565e-23 
1206.42 1.00649e-23 
1206.43 7.87366e-24 
1206.44 6.15485e-24 
1206.45 4.80765e-24 
1206.46 3.75253e-24 
1206.47 2.92678e-24 
1206.48 2.27393e-24 
1206.49 1.77088e-24 
1206.5 1.37809e-24 
1206.51 1.07162e-24 
1206.52 8.32684e-25 
1206.53 6.46538e-25 
1206.54 5.0163e-25 
1206.55 3.88909e-25 
1206.56 3.01292e-25 
1206.57 2.3324e-25 
1206.58 1.80424e-25 
1206.59 1.39463e-25 
1206.6 0 
