#energy geo_1 
1186.6 0 
1186.61 0 
1186.62 0 
1186.63 0 
1186.64 0 
1186.65 0 
1186.66 0 
1186.67 0 
1186.68 0 
1186.69 0 
1186.7 0 
1186.71 0 
1186.72 0 
1186.73 0 
1186.74 0 
1186.75 0 
1186.76 0 
1186.77 0 
1186.78 0 
1186.79 0 
1186.8 0 
1186.81 0 
1186.81 0 
1186.82 0 
1186.83 0 
1186.84 0 
1186.85 0 
1186.86 0 
1186.87 0 
1186.88 0 
1186.89 0 
1186.9 0 
1186.91 0 
1186.92 0 
1186.93 0 
1186.94 0 
1186.95 0 
1186.96 0 
1186.97 0 
1186.98 0 
1186.99 0 
1187 0 
1187.01 0 
1187.02 0 
1187.03 0 
1187.04 0 
1187.05 0 
1187.06 0 
1187.07 0 
1187.08 0 
1187.09 0 
1187.1 0 
1187.11 0 
1187.12 0 
1187.13 0 
1187.14 0 
1187.15 0 
1187.16 0 
1187.17 0 
1187.18 0 
1187.19 0 
1187.2 0 
1187.21 0 
1187.22 0 
1187.23 0 
1187.24 0 
1187.24 0 
1187.25 0 
1187.26 0 
1187.27 0 
1187.28 0 
1187.29 0 
1187.3 0 
1187.31 0 
1187.32 0 
1187.33 0 
1187.34 0 
1187.35 0 
1187.36 0 
1187.37 0 
1187.38 0 
1187.39 0 
1187.4 0 
1187.41 0 
1187.42 0 
1187.43 0 
1187.44 0 
1187.45 0 
1187.46 0 
1187.47 0 
1187.48 0 
1187.49 0 
1187.5 0 
1187.51 0 
1187.52 0 
1187.53 0 
1187.54 0 
1187.55 0 
1187.56 0 
1187.57 0 
1187.58 0 
1187.59 0 
1187.6 0 
1187.61 0 
1187.62 0 
1187.63 0 
1187.64 0 
1187.65 0 
1187.66 0 
1187.66 0 
1187.67 0 
1187.68 0 
1187.69 0 
1187.7 0 
1187.71 0 
1187.72 0 
1187.73 0 
1187.74 0 
1187.75 0 
1187.76 0 
1187.77 0 
1187.78 0 
1187.79 0 
1187.8 0 
1187.81 0 
1187.82 0 
1187.83 0 
1187.84 0 
1187.85 0 
1187.86 0 
1187.87 0 
1187.88 0 
1187.89 0 
1187.9 0 
1187.91 0 
1187.92 0 
1187.93 1.4013e-45 
1187.94 1.4013e-45 
1187.95 1.4013e-45 
1187.96 2.8026e-45 
1187.97 2.8026e-45 
1187.98 2.8026e-45 
1187.99 4.2039e-45 
1188 5.60519e-45 
1188.01 8.40779e-45 
1188.02 9.80909e-45 
1188.03 1.26117e-44 
1188.04 1.82169e-44 
1188.05 2.52234e-44 
1188.06 3.36312e-44 
1188.07 4.48416e-44 
1188.08 6.02558e-44 
1188.09 8.12753e-44 
1188.09 1.079e-43 
1188.1 1.45735e-43 
1188.11 1.9478e-43 
1188.12 2.60642e-43 
1188.13 3.48923e-43 
1188.14 4.68034e-43 
1188.15 6.23578e-43 
1188.16 8.33773e-43 
1188.17 1.11543e-42 
1188.18 1.48818e-42 
1188.19 1.98564e-42 
1188.2 2.64986e-42 
1188.21 3.53267e-42 
1188.22 4.70836e-42 
1188.23 6.29323e-42 
1188.24 8.37976e-42 
1188.25 1.11501e-41 
1188.26 1.48299e-41 
1188.27 1.97149e-41 
1188.28 2.61959e-41 
1188.29 3.47858e-41 
1188.3 4.61728e-41 
1188.31 6.12564e-41 
1188.32 8.12249e-41 
1188.33 1.07652e-40 
1188.34 1.42602e-40 
1188.35 1.88805e-40 
1188.36 2.49857e-40 
1188.37 3.30479e-40 
1188.38 4.369e-40 
1188.39 5.77299e-40 
1188.4 7.62432e-40 
1188.41 1.00643e-39 
1188.42 1.32785e-39 
1188.43 1.75104e-39 
1188.44 2.30795e-39 
1188.45 3.04044e-39 
1188.46 4.00341e-39 
1188.47 5.26873e-39 
1188.48 6.95424e-39 
1188.49 9.14295e-39 
1188.5 1.20145e-38 
1188.51 1.57799e-38 
1188.52 2.07152e-38 
1188.52 2.71802e-38 
1188.53 3.56451e-38 
1188.54 4.67227e-38 
1188.55 6.12124e-38 
1188.56 8.01552e-38 
1188.57 1.04908e-37 
1188.58 1.37235e-37 
1188.59 1.79433e-37 
1188.6 2.34635e-37 
1188.61 3.06476e-37 
1188.62 4.00112e-37 
1188.63 5.22094e-37 
1188.64 6.80923e-37 
1188.65 8.87624e-37 
1188.66 1.15649e-36 
1188.67 1.50604e-36 
1188.68 1.96026e-36 
1188.69 2.5502e-36 
1188.7 3.316e-36 
1188.71 4.30961e-36 
1188.72 5.59814e-36 
1188.73 7.292e-36 
1188.74 9.46266e-36 
1188.75 1.22733e-35 
1188.76 1.59108e-35 
1188.77 2.06161e-35 
1188.78 2.66993e-35 
1188.79 3.45603e-35 
1188.8 4.47132e-35 
1188.81 5.78198e-35 
1188.82 7.47308e-35 
1188.83 9.65394e-35 
1188.84 1.2465e-34 
1188.85 1.60865e-34 
1188.86 2.07497e-34 
1188.87 2.67513e-34 
1188.88 3.44715e-34 
1188.89 4.43973e-34 
1188.9 5.71526e-34 
1188.91 7.35356e-34 
1188.92 9.45672e-34 
1188.93 1.21553e-33 
1188.94 1.56161e-33 
1188.94 2.00522e-33 
1188.95 2.57356e-33 
1188.96 3.30132e-33 
1188.97 4.23275e-33 
1188.98 5.44108e-33 
1188.99 6.96918e-33 
1189 8.92197e-33 
1189.01 1.14162e-32 
1189.02 1.46004e-32 
1189.03 1.86633e-32 
1189.04 2.38449e-32 
1189.05 3.04498e-32 
1189.06 3.88647e-32 
1189.07 4.95803e-32 
1189.08 6.32185e-32 
1189.09 8.05677e-32 
1189.1 1.02627e-31 
1189.11 1.3066e-31 
1189.12 1.66266e-31 
1189.13 2.1147e-31 
1189.14 2.68829e-31 
1189.15 3.41575e-31 
1189.16 4.33788e-31 
1189.17 5.50618e-31 
1189.18 6.98563e-31 
1189.19 8.85815e-31 
1189.2 1.1227e-30 
1189.21 1.42221e-30 
1189.22 1.80073e-30 
1189.23 2.28555e-30 
1189.24 2.89091e-30 
1189.25 3.65478e-30 
1189.26 4.61818e-30 
1189.27 5.83259e-30 
1189.28 7.36265e-30 
1189.29 9.28943e-30 
1189.3 1.17146e-29 
1189.31 1.47654e-29 
1189.32 1.86014e-29 
1189.33 2.34223e-29 
1189.34 2.94778e-29 
1189.35 3.70802e-29 
1189.36 4.66198e-29 
1189.36 5.85844e-29 
1189.37 7.35826e-29 
1189.38 9.23742e-29 
1189.39 1.15906e-28 
1189.4 1.45361e-28 
1189.41 1.82208e-28 
1189.42 2.28282e-28 
1189.43 2.85863e-28 
1189.44 3.57787e-28 
1189.45 4.47584e-28 
1189.46 5.59636e-28 
1189.47 6.9939e-28 
1189.48 8.76034e-28 
1189.49 1.09369e-27 
1189.5 1.36475e-27 
1189.51 1.70213e-27 
1189.52 2.12184e-27 
1189.53 2.64372e-27 
1189.54 3.29231e-27 
1189.55 4.09796e-27 
1189.56 5.0982e-27 
1189.57 6.3394e-27 
1189.58 7.87882e-27 
1189.59 9.78716e-27 
1189.6 1.21516e-26 
1189.61 1.50891e-26 
1189.62 1.87156e-26 
1189.63 2.32021e-26 
1189.64 2.87497e-26 
1189.65 3.56058e-26 
1189.66 4.40747e-26 
1189.67 5.45307e-26 
1189.68 6.74333e-26 
1189.69 8.3347e-26 
1189.7 1.02965e-25 
1189.71 1.27136e-25 
1189.72 1.56902e-25 
1189.73 1.94049e-25 
1189.74 2.3924e-25 
1189.75 2.94807e-25 
1189.76 3.63099e-25 
1189.77 4.46986e-25 
1189.78 5.49978e-25 
1189.79 6.76361e-25 
1189.79 8.31369e-25 
1189.8 1.02139e-24 
1189.81 1.25421e-24 
1189.82 1.53933e-24 
1189.83 1.88832e-24 
1189.84 2.31526e-24 
1189.85 2.83731e-24 
1189.86 3.47533e-24 
1189.87 4.25469e-24 
1189.88 5.20621e-24 
1189.89 6.36732e-24 
1189.9 7.78349e-24 
1189.91 9.50985e-24 
1189.92 1.16133e-23 
1189.93 1.41749e-23 
1189.94 1.72928e-23 
1189.95 2.10859e-23 
1189.96 2.56981e-23 
1189.97 3.13035e-23 
1189.98 3.82062e-23 
1189.99 4.6493e-23 
1190 5.65487e-23 
1190.01 6.87447e-23 
1190.02 8.35292e-23 
1190.03 1.01442e-22 
1190.04 1.23135e-22 
1190.05 1.49392e-22 
1190.06 1.81157e-22 
1190.07 2.19566e-22 
1190.08 2.65984e-22 
1190.09 3.22054e-22 
1190.1 3.89749e-22 
1190.11 4.71435e-22 
1190.12 5.69956e-22 
1190.13 6.8872e-22 
1190.14 8.31814e-22 
1190.15 1.00413e-21 
1190.16 1.21155e-21 
1190.17 1.46106e-21 
1190.18 1.76109e-21 
1190.19 2.12165e-21 
1190.2 2.55476e-21 
1190.21 3.07474e-21 
1190.21 3.69869e-21 
1190.22 4.45726e-21 
1190.23 5.35636e-21 
1190.24 6.43358e-21 
1190.25 7.72356e-21 
1190.26 9.26755e-21 
1190.27 1.11146e-20 
1190.28 1.33231e-20 
1190.29 1.59624e-20 
1190.3 1.9115e-20 
1190.31 2.28787e-20 
1190.32 2.73697e-20 
1190.33 3.27259e-20 
1190.34 3.91107e-20 
1190.35 4.67176e-20 
1190.36 5.57761e-20 
1190.37 6.65576e-20 
1190.38 7.93833e-20 
1190.39 9.46331e-20 
1190.4 1.12756e-19 
1190.41 1.34282e-19 
1190.42 1.59837e-19 
1190.43 1.90159e-19 
1190.44 2.26121e-19 
1190.45 2.68749e-19 
1190.46 3.19253e-19 
1190.47 3.79057e-19 
1190.48 4.50801e-19 
1190.49 5.34707e-19 
1190.5 6.33912e-19 
1190.51 7.51146e-19 
1190.52 8.89614e-19 
1190.53 1.05308e-18 
1190.54 1.24595e-18 
1190.55 1.47342e-18 
1190.56 1.74153e-18 
1190.57 2.0574e-18 
1190.58 2.42934e-18 
1190.59 2.86708e-18 
1190.6 3.38199e-18 
1190.61 3.98986e-18 
1190.62 4.70171e-18 
1190.63 5.53777e-18 
1190.64 6.51924e-18 
1190.64 7.6708e-18 
1190.65 9.02124e-18 
1190.66 1.06041e-17 
1190.67 1.24584e-17 
1190.68 1.46297e-17 
1190.69 1.71708e-17 
1190.7 2.01431e-17 
1190.71 2.3618e-17 
1190.72 2.76785e-17 
1190.73 3.2485e-17 
1190.74 3.80315e-17 
1190.75 4.45028e-17 
1190.76 5.2049e-17 
1190.77 6.08442e-17 
1190.78 7.10901e-17 
1190.79 8.30195e-17 
1190.8 9.69022e-17 
1190.81 1.1305e-16 
1190.82 1.31822e-16 
1190.83 1.53634e-16 
1190.84 1.78965e-16 
1190.85 2.08368e-16 
1190.86 2.42481e-16 
1190.87 2.82036e-16 
1190.88 3.2788e-16 
1190.89 3.80984e-16 
1190.9 4.42466e-16 
1190.91 5.13613e-16 
1190.92 5.959e-16 
1190.93 6.91025e-16 
1190.94 8.00932e-16 
1190.95 9.27853e-16 
1190.96 1.07435e-15 
1190.97 1.24335e-15 
1190.98 1.44083e-15 
1190.99 1.6658e-15 
1191 1.92492e-15 
1191.01 2.22324e-15 
1191.02 2.5665e-15 
1191.03 2.96128e-15 
1191.04 3.41506e-15 
1191.05 3.93641e-15 
1191.06 4.53507e-15 
1191.07 5.22215e-15 
1191.07 6.01031e-15 
1191.08 6.91395e-15 
1191.09 7.94947e-15 
1191.1 9.13549e-15 
1191.11 1.04932e-14 
1191.12 1.20466e-14 
1191.13 1.38231e-14 
1191.14 1.58536e-14 
1191.15 1.81732e-14 
1191.16 2.08217e-14 
1191.17 2.38443e-14 
1191.18 2.72919e-14 
1191.19 3.12224e-14 
1191.2 3.5701e-14 
1191.21 4.08015e-14 
1191.22 4.66074e-14 
1191.23 5.33007e-14 
1191.24 6.08236e-14 
1191.25 6.93735e-14 
1191.26 7.90855e-14 
1191.27 9.0112e-14 
1191.28 1.02624e-13 
1191.29 1.16815e-13 
1191.3 1.32902e-13 
1191.31 1.51128e-13 
1191.32 1.71767e-13 
1191.33 1.95127e-13 
1191.34 2.21553e-13 
1191.35 2.51432e-13 
1191.36 2.85196e-13 
1191.37 3.23333e-13 
1191.38 3.66385e-13 
1191.39 4.14961e-13 
1191.4 4.69742e-13 
1191.41 5.31487e-13 
1191.42 6.01048e-13 
1191.43 6.79371e-13 
1191.44 7.67515e-13 
1191.45 8.66661e-13 
1191.46 9.78122e-13 
1191.47 1.10337e-12 
1191.48 1.24599e-12 
1191.49 1.40399e-12 
1191.49 1.58137e-12 
1191.5 1.78027e-12 
1191.51 2.00318e-12 
1191.52 2.25286e-12 
1191.53 2.5324e-12 
1191.54 2.8452e-12 
1191.55 3.19502e-12 
1191.56 3.58606e-12 
1191.57 4.02294e-12 
1191.58 4.51078e-12 
1191.59 5.05523e-12 
1191.6 5.66608e-12 
1191.61 6.34361e-12 
1191.62 7.09859e-12 
1191.63 7.93945e-12 
1191.64 8.87545e-12 
1191.65 9.91681e-12 
1191.66 1.10748e-11 
1191.67 1.23618e-11 
1191.68 1.37915e-11 
1191.69 1.53787e-11 
1191.7 1.71401e-11 
1191.71 1.90936e-11 
1191.72 2.1259e-11 
1191.73 2.36897e-11 
1191.74 2.63498e-11 
1191.75 2.92939e-11 
1191.76 3.25506e-11 
1191.77 3.61512e-11 
1191.78 4.01299e-11 
1191.79 4.45242e-11 
1191.8 4.93749e-11 
1191.81 5.47265e-11 
1191.82 6.06277e-11 
1191.83 6.71316e-11 
1191.84 7.42959e-11 
1191.85 8.21836e-11 
1191.86 9.0863e-11 
1191.87 1.00409e-10 
1191.88 1.10901e-10 
1191.89 1.22429e-10 
1191.9 1.35087e-10 
1191.91 1.4898e-10 
1191.92 1.64218e-10 
1191.92 1.80924e-10 
1191.93 1.9923e-10 
1191.94 2.19278e-10 
1191.95 2.41223e-10 
1191.96 2.6523e-10 
1191.97 2.9148e-10 
1191.98 3.20542e-10 
1191.99 3.51911e-10 
1192 3.86156e-10 
1192.01 4.2352e-10 
1192.02 4.64267e-10 
1192.03 5.08679e-10 
1192.04 5.57059e-10 
1192.05 6.09735e-10 
1192.06 6.67057e-10 
1192.07 7.29402e-10 
1192.08 7.97173e-10 
1192.09 8.70805e-10 
1192.1 9.5076e-10 
1192.11 1.03753e-09 
1192.12 1.13166e-09 
1192.13 1.23371e-09 
1192.14 1.34428e-09 
1192.15 1.46403e-09 
1192.16 1.59365e-09 
1192.17 1.73387e-09 
1192.18 1.88549e-09 
1192.19 2.04933e-09 
1192.2 2.22629e-09 
1192.21 2.41732e-09 
1192.22 2.62343e-09 
1192.23 2.84856e-09 
1192.24 3.08831e-09 
1192.25 3.34656e-09 
1192.26 3.62459e-09 
1192.27 3.92374e-09 
1192.28 4.24545e-09 
1192.29 4.59124e-09 
1192.3 4.9627e-09 
1192.31 5.36152e-09 
1192.32 5.78948e-09 
1192.33 6.24847e-09 
1192.34 6.74047e-09 
1192.34 7.26755e-09 
1192.35 7.83191e-09 
1192.36 8.43587e-09 
1192.37 9.08185e-09 
1192.38 9.77238e-09 
1192.39 1.05101e-08 
1192.4 1.12979e-08 
1192.41 1.21387e-08 
1192.42 1.30354e-08 
1192.43 1.39914e-08 
1192.44 1.501e-08 
1192.45 1.60946e-08 
1192.46 1.7249e-08 
1192.47 1.84768e-08 
1192.48 1.9799e-08 
1192.49 2.1187e-08 
1192.5 2.26609e-08 
1192.51 2.42251e-08 
1192.52 2.58844e-08 
1192.53 2.76434e-08 
1192.54 2.95072e-08 
1192.55 3.14808e-08 
1192.56 3.35696e-08 
1192.57 3.5779e-08 
1192.58 3.81147e-08 
1192.59 4.05825e-08 
1192.6 4.31883e-08 
1192.61 4.5967e-08 
1192.62 4.88695e-08 
1192.63 5.19293e-08 
1192.64 5.51529e-08 
1192.65 5.85473e-08 
1192.66 6.21194e-08 
1192.67 6.58763e-08 
1192.68 6.98255e-08 
1192.69 7.39742e-08 
1192.7 7.83301e-08 
1192.71 8.29009e-08 
1192.72 8.76943e-08 
1192.73 9.27827e-08 
1192.74 9.80485e-08 
1192.75 1.03561e-07 
1192.76 1.09329e-07 
1192.77 1.1536e-07 
1192.77 1.21663e-07 
1192.78 1.28245e-07 
1192.79 1.35116e-07 
1192.8 1.42284e-07 
1192.81 1.49756e-07 
1192.82 1.57542e-07 
1192.83 1.6565e-07 
1192.84 1.74087e-07 
1192.85 1.82863e-07 
1192.86 1.91984e-07 
1192.87 2.0146e-07 
1192.88 2.11297e-07 
1192.89 2.21503e-07 
1192.9 2.32085e-07 
1192.91 2.43051e-07 
1192.92 2.54408e-07 
1192.93 2.66161e-07 
1192.94 2.78318e-07 
1192.95 2.90884e-07 
1192.96 3.03865e-07 
1192.97 3.17265e-07 
1192.98 3.31267e-07 
1192.99 3.45527e-07 
1193 3.6022e-07 
1193.01 3.75349e-07 
1193.02 3.90918e-07 
1193.03 4.06928e-07 
1193.04 4.23381e-07 
1193.05 4.40279e-07 
1193.06 4.57621e-07 
1193.07 4.75408e-07 
1193.08 4.93638e-07 
1193.09 5.1231e-07 
1193.1 5.31421e-07 
1193.11 5.50969e-07 
1193.12 5.7095e-07 
1193.13 5.91358e-07 
1193.14 6.12188e-07 
1193.15 6.33434e-07 
1193.16 6.55088e-07 
1193.17 6.77143e-07 
1193.18 6.99589e-07 
1193.19 7.22416e-07 
1193.19 7.45614e-07 
1193.2 7.69171e-07 
1193.21 7.93074e-07 
1193.22 8.17616e-07 
1193.23 8.42171e-07 
1193.24 8.67031e-07 
1193.25 8.92176e-07 
1193.26 9.17591e-07 
1193.27 9.43255e-07 
1193.28 9.69151e-07 
1193.29 9.95258e-07 
1193.3 1.02156e-06 
1193.31 1.04802e-06 
1193.32 1.07464e-06 
1193.33 1.10137e-06 
1193.34 1.12821e-06 
1193.35 1.15511e-06 
1193.36 1.18207e-06 
1193.37 1.20905e-06 
1193.38 1.23602e-06 
1193.39 1.26297e-06 
1193.4 1.28985e-06 
1193.41 1.31664e-06 
1193.42 1.34332e-06 
1193.43 1.36984e-06 
1193.44 1.3962e-06 
1193.45 1.42234e-06 
1193.46 1.44825e-06 
1193.47 1.47389e-06 
1193.48 1.49954e-06 
1193.49 1.52455e-06 
1193.5 1.54919e-06 
1193.51 1.57345e-06 
1193.52 1.59728e-06 
1193.53 1.62066e-06 
1193.54 1.64356e-06 
1193.55 1.66595e-06 
1193.56 1.68779e-06 
1193.57 1.70906e-06 
1193.58 1.72973e-06 
1193.59 1.74978e-06 
1193.6 1.76917e-06 
1193.61 1.78898e-06 
1193.62 1.80699e-06 
1193.62 1.82427e-06 
1193.63 1.84078e-06 
1193.64 1.85652e-06 
1193.65 1.87145e-06 
1193.66 1.88556e-06 
1193.67 1.89881e-06 
1193.68 1.91121e-06 
1193.69 1.92272e-06 
1193.7 1.93333e-06 
1193.71 1.94302e-06 
1193.72 1.95179e-06 
1193.73 1.9597e-06 
1193.74 1.96655e-06 
1193.75 1.97244e-06 
1193.76 1.97736e-06 
1193.77 1.9813e-06 
1193.78 1.98425e-06 
1193.79 1.98621e-06 
1193.8 1.98717e-06 
1193.81 1.98714e-06 
1193.82 1.98612e-06 
1193.83 1.9841e-06 
1193.84 1.9811e-06 
1193.85 1.97711e-06 
1193.86 1.97214e-06 
1193.87 1.9662e-06 
1193.88 1.9593e-06 
1193.89 1.95145e-06 
1193.9 1.94266e-06 
1193.91 1.93294e-06 
1193.92 1.92231e-06 
1193.93 1.91079e-06 
1193.94 1.89839e-06 
1193.95 1.88514e-06 
1193.96 1.87104e-06 
1193.97 1.85612e-06 
1193.98 1.84021e-06 
1193.99 1.82372e-06 
1194 1.80648e-06 
1194.01 1.78851e-06 
1194.02 1.76984e-06 
1194.03 1.75051e-06 
1194.04 1.73053e-06 
1194.05 1.70993e-06 
1194.05 1.68875e-06 
1194.06 1.66701e-06 
1194.07 1.64474e-06 
1194.08 1.62197e-06 
1194.09 1.59874e-06 
1194.1 1.57507e-06 
1194.11 1.55099e-06 
1194.12 1.52654e-06 
1194.13 1.50175e-06 
1194.14 1.47665e-06 
1194.15 1.45127e-06 
1194.16 1.42565e-06 
1194.17 1.39981e-06 
1194.18 1.37378e-06 
1194.19 1.3476e-06 
1194.2 1.3213e-06 
1194.21 1.2949e-06 
1194.22 1.26845e-06 
1194.23 1.24163e-06 
1194.24 1.21513e-06 
1194.25 1.18867e-06 
1194.26 1.16226e-06 
1194.27 1.13593e-06 
1194.28 1.1097e-06 
1194.29 1.08362e-06 
1194.3 1.05769e-06 
1194.31 1.03195e-06 
1194.32 1.00641e-06 
1194.33 9.81108e-07 
1194.34 9.5606e-07 
1194.35 9.31287e-07 
1194.36 9.06812e-07 
1194.37 8.82653e-07 
1194.38 8.58829e-07 
1194.39 8.3536e-07 
1194.4 8.12262e-07 
1194.41 7.89551e-07 
1194.42 7.67244e-07 
1194.43 7.45355e-07 
1194.44 7.23898e-07 
1194.45 7.02885e-07 
1194.46 6.8233e-07 
1194.47 6.62242e-07 
1194.47 6.42395e-07 
1194.48 6.23278e-07 
1194.49 6.04661e-07 
1194.5 5.86549e-07 
1194.51 5.6895e-07 
1194.52 5.5187e-07 
1194.53 5.35314e-07 
1194.54 5.19289e-07 
1194.55 5.03797e-07 
1194.56 4.88843e-07 
1194.57 4.74429e-07 
1194.58 4.60559e-07 
1194.59 4.47233e-07 
1194.6 4.34454e-07 
1194.61 4.22483e-07 
1194.62 4.10789e-07 
1194.63 3.99643e-07 
1194.64 3.89042e-07 
1194.65 3.78986e-07 
1194.66 3.69472e-07 
1194.67 3.605e-07 
1194.68 3.52065e-07 
1194.69 3.44166e-07 
1194.7 3.36798e-07 
1194.71 3.2996e-07 
1194.72 3.23645e-07 
1194.73 3.17782e-07 
1194.74 3.12511e-07 
1194.75 3.07752e-07 
1194.76 3.03499e-07 
1194.77 2.99748e-07 
1194.78 2.96493e-07 
1194.79 2.9373e-07 
1194.8 2.91453e-07 
1194.81 2.89656e-07 
1194.82 2.88333e-07 
1194.83 2.8748e-07 
1194.84 2.87089e-07 
1194.85 2.87155e-07 
1194.86 2.87671e-07 
1194.87 2.88632e-07 
1194.88 2.90032e-07 
1194.89 2.91864e-07 
1194.9 2.94122e-07 
1194.9 2.96799e-07 
1194.91 2.99889e-07 
1194.92 3.03387e-07 
1194.93 3.07284e-07 
1194.94 3.11575e-07 
1194.95 3.16254e-07 
1194.96 3.21313e-07 
1194.97 3.26747e-07 
1194.98 3.32622e-07 
1194.99 3.38789e-07 
1195 3.45309e-07 
1195.01 3.52177e-07 
1195.02 3.59385e-07 
1195.03 3.66926e-07 
1195.04 3.74795e-07 
1195.05 3.82983e-07 
1195.06 3.91484e-07 
1195.07 4.00291e-07 
1195.08 4.09396e-07 
1195.09 4.18792e-07 
1195.1 4.28473e-07 
1195.11 4.38429e-07 
1195.12 4.48654e-07 
1195.13 4.59141e-07 
1195.14 4.6988e-07 
1195.15 4.80866e-07 
1195.16 4.92089e-07 
1195.17 5.03541e-07 
1195.18 5.15214e-07 
1195.19 5.271e-07 
1195.2 5.3919e-07 
1195.21 5.51476e-07 
1195.22 5.63949e-07 
1195.23 5.76758e-07 
1195.24 5.89579e-07 
1195.25 6.0256e-07 
1195.26 6.1569e-07 
1195.27 6.2896e-07 
1195.28 6.42361e-07 
1195.29 6.55883e-07 
1195.3 6.69516e-07 
1195.31 6.83249e-07 
1195.32 6.97072e-07 
1195.32 7.10976e-07 
1195.33 7.24948e-07 
1195.34 7.38979e-07 
1195.35 7.53058e-07 
1195.36 7.67172e-07 
1195.37 7.81313e-07 
1195.38 7.95468e-07 
1195.39 8.09626e-07 
1195.4 8.23775e-07 
1195.41 8.37905e-07 
1195.42 8.52003e-07 
1195.43 8.66057e-07 
1195.44 8.80057e-07 
1195.45 8.9399e-07 
1195.46 9.07845e-07 
1195.47 9.21609e-07 
1195.48 9.35441e-07 
1195.49 9.48988e-07 
1195.5 9.62409e-07 
1195.51 9.75691e-07 
1195.52 9.88825e-07 
1195.53 1.0018e-06 
1195.54 1.0146e-06 
1195.55 1.02721e-06 
1195.56 1.03963e-06 
1195.57 1.05184e-06 
1195.58 1.06384e-06 
1195.59 1.0756e-06 
1195.6 1.08712e-06 
1195.61 1.09908e-06 
1195.62 1.11009e-06 
1195.63 1.12084e-06 
1195.64 1.1313e-06 
1195.65 1.14147e-06 
1195.66 1.15134e-06 
1195.67 1.1609e-06 
1195.68 1.17014e-06 
1195.69 1.17905e-06 
1195.7 1.18763e-06 
1195.71 1.19585e-06 
1195.72 1.20373e-06 
1195.73 1.21134e-06 
1195.74 1.21848e-06 
1195.75 1.22525e-06 
1195.75 1.23164e-06 
1195.76 1.23764e-06 
1195.77 1.24325e-06 
1195.78 1.24847e-06 
1195.79 1.25328e-06 
1195.8 1.25769e-06 
1195.81 1.26169e-06 
1195.82 1.26528e-06 
1195.83 1.26846e-06 
1195.84 1.27122e-06 
1195.85 1.27356e-06 
1195.86 1.27548e-06 
1195.87 1.27698e-06 
1195.88 1.27806e-06 
1195.89 1.27872e-06 
1195.9 1.27897e-06 
1195.91 1.27879e-06 
1195.92 1.2782e-06 
1195.93 1.27719e-06 
1195.94 1.27578e-06 
1195.95 1.27395e-06 
1195.96 1.27172e-06 
1195.97 1.2691e-06 
1195.98 1.26604e-06 
1195.99 1.26262e-06 
1196 1.25882e-06 
1196.01 1.25465e-06 
1196.02 1.2501e-06 
1196.03 1.24519e-06 
1196.04 1.23993e-06 
1196.05 1.23431e-06 
1196.06 1.22836e-06 
1196.07 1.22208e-06 
1196.08 1.21548e-06 
1196.09 1.20857e-06 
1196.1 1.20136e-06 
1196.11 1.19385e-06 
1196.12 1.18607e-06 
1196.13 1.17802e-06 
1196.14 1.16971e-06 
1196.15 1.16116e-06 
1196.16 1.15238e-06 
1196.17 1.14337e-06 
1196.17 1.13416e-06 
1196.18 1.12475e-06 
1196.19 1.11516e-06 
1196.2 1.10541e-06 
1196.21 1.0955e-06 
1196.22 1.08532e-06 
1196.23 1.07514e-06 
1196.24 1.06484e-06 
1196.25 1.05445e-06 
1196.26 1.04397e-06 
1196.27 1.03342e-06 
1196.28 1.02282e-06 
1196.29 1.01217e-06 
1196.3 1.0015e-06 
1196.31 9.90816e-07 
1196.32 9.80133e-07 
1196.33 9.69465e-07 
1196.34 9.58827e-07 
1196.35 9.48235e-07 
1196.36 9.37701e-07 
1196.37 9.27239e-07 
1196.38 9.16865e-07 
1196.39 9.06591e-07 
1196.4 8.96432e-07 
1196.41 8.864e-07 
1196.42 8.76509e-07 
1196.43 8.66772e-07 
1196.44 8.57202e-07 
1196.45 8.47811e-07 
1196.46 8.38613e-07 
1196.47 8.29618e-07 
1196.48 8.20731e-07 
1196.49 8.12182e-07 
1196.5 8.03872e-07 
1196.51 7.95811e-07 
1196.52 7.88009e-07 
1196.53 7.80479e-07 
1196.54 7.73228e-07 
1196.55 7.66266e-07 
1196.56 7.59603e-07 
1196.57 7.53246e-07 
1196.58 7.47205e-07 
1196.59 7.41488e-07 
1196.6 7.361e-07 
1196.6 7.31503e-07 
1196.61 7.26794e-07 
1196.62 7.22436e-07 
1196.63 7.18434e-07 
1196.64 7.14793e-07 
1196.65 7.11518e-07 
1196.66 7.08613e-07 
1196.67 7.06083e-07 
1196.68 7.03929e-07 
1196.69 7.02156e-07 
1196.7 7.00765e-07 
1196.71 6.99758e-07 
1196.72 6.99137e-07 
1196.73 6.98902e-07 
1196.74 6.99059e-07 
1196.75 6.99603e-07 
1196.76 7.00533e-07 
1196.77 7.01848e-07 
1196.78 7.03546e-07 
1196.79 7.05625e-07 
1196.8 7.08083e-07 
1196.81 7.10917e-07 
1196.82 7.14122e-07 
1196.83 7.17695e-07 
1196.84 7.21632e-07 
1196.85 7.25927e-07 
1196.86 7.30575e-07 
1196.87 7.35571e-07 
1196.88 7.40907e-07 
1196.89 7.46577e-07 
1196.9 7.52573e-07 
1196.91 7.58889e-07 
1196.92 7.65515e-07 
1196.93 7.72445e-07 
1196.94 7.79667e-07 
1196.95 7.87174e-07 
1196.96 7.94956e-07 
1196.97 8.03002e-07 
1196.98 8.11408e-07 
1196.99 8.19955e-07 
1197 8.28734e-07 
1197.01 8.37734e-07 
1197.02 8.46943e-07 
1197.03 8.5635e-07 
1197.03 8.65941e-07 
1197.04 8.75705e-07 
1197.05 8.85629e-07 
1197.06 8.95699e-07 
1197.07 9.05903e-07 
1197.08 9.16226e-07 
1197.09 9.26657e-07 
1197.1 9.37179e-07 
1197.11 9.47781e-07 
1197.12 9.58447e-07 
1197.13 9.69164e-07 
1197.14 9.79917e-07 
1197.15 9.90692e-07 
1197.16 1.00148e-06 
1197.17 1.01225e-06 
1197.18 1.02301e-06 
1197.19 1.03372e-06 
1197.2 1.04439e-06 
1197.21 1.05499e-06 
1197.22 1.06552e-06 
1197.23 1.07608e-06 
1197.24 1.0864e-06 
1197.25 1.0966e-06 
1197.26 1.10667e-06 
1197.27 1.11658e-06 
1197.28 1.12633e-06 
1197.29 1.1359e-06 
1197.3 1.14529e-06 
1197.31 1.15447e-06 
1197.32 1.16343e-06 
1197.33 1.17217e-06 
1197.34 1.18067e-06 
1197.35 1.18891e-06 
1197.36 1.19689e-06 
1197.37 1.20459e-06 
1197.38 1.212e-06 
1197.39 1.21912e-06 
1197.4 1.22593e-06 
1197.41 1.23242e-06 
1197.42 1.23858e-06 
1197.43 1.24441e-06 
1197.44 1.24989e-06 
1197.45 1.25501e-06 
1197.45 1.25978e-06 
1197.46 1.26417e-06 
1197.47 1.26819e-06 
1197.48 1.27187e-06 
1197.49 1.27511e-06 
1197.5 1.27796e-06 
1197.51 1.28041e-06 
1197.52 1.28245e-06 
1197.53 1.28409e-06 
1197.54 1.28531e-06 
1197.55 1.28612e-06 
1197.56 1.28651e-06 
1197.57 1.28648e-06 
1197.58 1.28603e-06 
1197.59 1.28515e-06 
1197.6 1.28386e-06 
1197.61 1.28293e-06 
1197.62 1.28079e-06 
1197.63 1.27822e-06 
1197.64 1.27524e-06 
1197.65 1.27183e-06 
1197.66 1.26801e-06 
1197.67 1.26378e-06 
1197.68 1.25913e-06 
1197.69 1.25408e-06 
1197.7 1.24863e-06 
1197.71 1.24278e-06 
1197.72 1.23654e-06 
1197.73 1.22982e-06 
1197.74 1.22281e-06 
1197.75 1.21542e-06 
1197.76 1.20767e-06 
1197.77 1.19955e-06 
1197.78 1.19109e-06 
1197.79 1.18227e-06 
1197.8 1.17312e-06 
1197.81 1.16365e-06 
1197.82 1.15385e-06 
1197.83 1.14374e-06 
1197.84 1.13333e-06 
1197.85 1.12263e-06 
1197.86 1.11165e-06 
1197.87 1.1004e-06 
1197.88 1.08888e-06 
1197.88 1.07712e-06 
1197.89 1.06511e-06 
1197.9 1.05287e-06 
1197.91 1.04042e-06 
1197.92 1.02776e-06 
1197.93 1.0149e-06 
1197.94 1.00185e-06 
1197.95 9.88635e-07 
1197.96 9.75253e-07 
1197.97 9.61719e-07 
1197.98 9.47873e-07 
1197.99 9.34069e-07 
1198 9.20147e-07 
1198.01 9.06118e-07 
1198.02 8.91995e-07 
1198.03 8.77787e-07 
1198.04 8.63507e-07 
1198.05 8.49164e-07 
1198.06 8.34771e-07 
1198.07 8.20338e-07 
1198.08 8.05875e-07 
1198.09 7.91392e-07 
1198.1 7.76901e-07 
1198.11 7.62412e-07 
1198.12 7.47933e-07 
1198.13 7.33476e-07 
1198.14 7.1905e-07 
1198.15 7.04663e-07 
1198.16 6.90326e-07 
1198.17 6.76047e-07 
1198.18 6.61835e-07 
1198.19 6.47699e-07 
1198.2 6.33646e-07 
1198.21 6.19684e-07 
1198.22 6.05822e-07 
1198.23 5.91896e-07 
1198.24 5.78256e-07 
1198.25 5.64738e-07 
1198.26 5.51347e-07 
1198.27 5.3809e-07 
1198.28 5.24974e-07 
1198.29 5.12004e-07 
1198.3 4.99185e-07 
1198.3 4.86524e-07 
1198.31 4.74024e-07 
1198.32 4.61692e-07 
1198.33 4.49531e-07 
1198.34 4.37546e-07 
1198.35 4.25741e-07 
1198.36 4.14119e-07 
1198.37 4.02684e-07 
1198.38 3.9144e-07 
1198.39 3.80389e-07 
1198.4 3.69535e-07 
1198.41 3.58879e-07 
1198.42 3.48424e-07 
1198.43 3.38173e-07 
1198.44 3.28127e-07 
1198.45 3.18288e-07 
1198.46 3.08658e-07 
1198.47 2.99238e-07 
1198.48 2.89915e-07 
1198.49 2.80922e-07 
1198.5 2.72141e-07 
1198.51 2.63575e-07 
1198.52 2.55223e-07 
1198.53 2.47087e-07 
1198.54 2.39167e-07 
1198.55 2.31462e-07 
1198.56 2.23974e-07 
1198.57 2.16703e-07 
1198.58 2.09648e-07 
1198.59 2.0281e-07 
1198.6 1.96189e-07 
1198.61 1.89901e-07 
1198.62 1.83709e-07 
1198.63 1.77735e-07 
1198.64 1.71977e-07 
1198.65 1.66435e-07 
1198.66 1.61111e-07 
1198.67 1.56004e-07 
1198.68 1.51114e-07 
1198.69 1.46442e-07 
1198.7 1.41987e-07 
1198.71 1.3775e-07 
1198.72 1.33733e-07 
1198.73 1.29888e-07 
1198.73 1.26312e-07 
1198.74 1.22957e-07 
1198.75 1.19825e-07 
1198.76 1.16916e-07 
1198.77 1.14231e-07 
1198.78 1.11773e-07 
1198.79 1.09543e-07 
1198.8 1.07543e-07 
1198.81 1.05776e-07 
1198.82 1.04243e-07 
1198.83 1.02948e-07 
1198.84 1.01894e-07 
1198.85 1.01083e-07 
1198.86 1.0052e-07 
1198.87 1.00208e-07 
1198.88 1.00151e-07 
1198.89 1.00353e-07 
1198.9 1.00819e-07 
1198.91 1.01554e-07 
1198.92 1.02564e-07 
1198.93 1.03853e-07 
1198.94 1.05428e-07 
1198.95 1.07295e-07 
1198.96 1.0946e-07 
1198.97 1.1193e-07 
1198.98 1.1475e-07 
1198.99 1.17857e-07 
1199 1.21291e-07 
1199.01 1.25062e-07 
1199.02 1.29177e-07 
1199.03 1.33646e-07 
1199.04 1.38477e-07 
1199.05 1.4368e-07 
1199.06 1.49265e-07 
1199.07 1.55241e-07 
1199.08 1.6162e-07 
1199.09 1.68411e-07 
1199.1 1.75626e-07 
1199.11 1.83276e-07 
1199.12 1.91372e-07 
1199.13 1.99926e-07 
1199.14 2.0895e-07 
1199.15 2.18456e-07 
1199.15 2.28455e-07 
1199.16 2.38962e-07 
1199.17 2.49987e-07 
1199.18 2.61544e-07 
1199.19 2.73645e-07 
1199.2 2.86304e-07 
1199.21 2.99534e-07 
1199.22 3.13527e-07 
1199.23 3.27939e-07 
1199.24 3.42965e-07 
1199.25 3.58612e-07 
1199.26 3.74895e-07 
1199.27 3.91825e-07 
1199.28 4.09414e-07 
1199.29 4.27676e-07 
1199.3 4.46621e-07 
1199.31 4.66263e-07 
1199.32 4.86611e-07 
1199.33 5.07678e-07 
1199.34 5.29473e-07 
1199.35 5.52008e-07 
1199.36 5.75291e-07 
1199.37 5.99331e-07 
1199.38 6.24139e-07 
1199.39 6.49721e-07 
1199.4 6.76085e-07 
1199.41 7.03237e-07 
1199.42 7.31184e-07 
1199.43 7.59931e-07 
1199.44 7.89481e-07 
1199.45 8.19839e-07 
1199.46 8.51007e-07 
1199.47 8.82987e-07 
1199.48 9.16193e-07 
1199.49 9.49807e-07 
1199.5 9.8423e-07 
1199.51 1.01946e-06 
1199.52 1.0555e-06 
1199.53 1.09233e-06 
1199.54 1.12995e-06 
1199.55 1.16836e-06 
1199.56 1.20755e-06 
1199.57 1.2475e-06 
1199.58 1.2882e-06 
1199.58 1.32965e-06 
1199.59 1.37182e-06 
1199.6 1.41471e-06 
1199.61 1.45919e-06 
1199.62 1.50347e-06 
1199.63 1.5484e-06 
1199.64 1.59397e-06 
1199.65 1.64015e-06 
1199.66 1.68692e-06 
1199.67 1.73425e-06 
1199.68 1.78211e-06 
1199.69 1.83047e-06 
1199.7 1.87931e-06 
1199.71 1.92859e-06 
1199.72 1.97827e-06 
1199.73 2.02896e-06 
1199.74 2.07935e-06 
1199.75 2.13005e-06 
1199.76 2.18101e-06 
1199.77 2.23219e-06 
1199.78 2.28354e-06 
1199.79 2.33503e-06 
1199.8 2.38661e-06 
1199.81 2.43824e-06 
1199.82 2.48987e-06 
1199.83 2.54145e-06 
1199.84 2.59294e-06 
1199.85 2.64429e-06 
1199.86 2.69544e-06 
1199.87 2.74636e-06 
1199.88 2.79698e-06 
1199.89 2.84726e-06 
1199.9 2.89714e-06 
1199.91 2.94657e-06 
1199.92 2.9955e-06 
1199.93 3.04388e-06 
1199.94 3.09166e-06 
1199.95 3.13877e-06 
1199.96 3.18518e-06 
1199.97 3.23082e-06 
1199.98 3.2762e-06 
1199.99 3.32015e-06 
1200 3.36318e-06 
1200.01 3.40524e-06 
1200.01 3.44627e-06 
1200.02 3.48624e-06 
1200.03 3.52509e-06 
1200.04 3.56278e-06 
1200.05 3.59925e-06 
1200.06 3.63446e-06 
1200.07 3.66837e-06 
1200.08 3.70094e-06 
1200.09 3.73212e-06 
1200.1 3.76188e-06 
1200.11 3.79017e-06 
1200.12 3.81697e-06 
1200.13 3.84222e-06 
1200.14 3.86591e-06 
1200.15 3.888e-06 
1200.16 3.90847e-06 
1200.17 3.92728e-06 
1200.18 3.94441e-06 
1200.19 3.95983e-06 
1200.2 3.97354e-06 
1200.21 3.9855e-06 
1200.22 3.99571e-06 
1200.23 4.00424e-06 
1200.24 4.01087e-06 
1200.25 4.0157e-06 
1200.26 4.01875e-06 
1200.27 4.01999e-06 
1200.28 4.01942e-06 
1200.29 4.01706e-06 
1200.3 4.01289e-06 
1200.31 4.00693e-06 
1200.32 3.99918e-06 
1200.33 3.98966e-06 
1200.34 3.97838e-06 
1200.35 3.96535e-06 
1200.36 3.95058e-06 
1200.37 3.93411e-06 
1200.38 3.91595e-06 
1200.39 3.89612e-06 
1200.4 3.87466e-06 
1200.41 3.85158e-06 
1200.42 3.82693e-06 
1200.43 3.80072e-06 
1200.43 3.77301e-06 
1200.44 3.74381e-06 
1200.45 3.71318e-06 
1200.46 3.68114e-06 
1200.47 3.64774e-06 
1200.48 3.61258e-06 
1200.49 3.57658e-06 
1200.5 3.53934e-06 
1200.51 3.50092e-06 
1200.52 3.46137e-06 
1200.53 3.42072e-06 
1200.54 3.37904e-06 
1200.55 3.33637e-06 
1200.56 3.29275e-06 
1200.57 3.24825e-06 
1200.58 3.20292e-06 
1200.59 3.1568e-06 
1200.6 3.10995e-06 
1200.61 3.06431e-06 
1200.62 3.01612e-06 
1200.63 2.96736e-06 
1200.64 2.91808e-06 
1200.65 2.86833e-06 
1200.66 2.81816e-06 
1200.67 2.76763e-06 
1200.68 2.71679e-06 
1200.69 2.66568e-06 
1200.7 2.61436e-06 
1200.71 2.56288e-06 
1200.72 2.51128e-06 
1200.73 2.45898e-06 
1200.74 2.4073e-06 
1200.75 2.35565e-06 
1200.76 2.30408e-06 
1200.77 2.25262e-06 
1200.78 2.20133e-06 
1200.79 2.15023e-06 
1200.8 2.09939e-06 
1200.81 2.04882e-06 
1200.82 1.99858e-06 
1200.83 1.94869e-06 
1200.84 1.8992e-06 
1200.85 1.85013e-06 
1200.85 1.80152e-06 
1200.86 1.7534e-06 
1200.87 1.7058e-06 
1200.88 1.65875e-06 
1200.89 1.61228e-06 
1200.9 1.5664e-06 
1200.91 1.52115e-06 
1200.92 1.47654e-06 
1200.93 1.43259e-06 
1200.94 1.38933e-06 
1200.95 1.34677e-06 
1200.96 1.30493e-06 
1200.97 1.26383e-06 
1200.98 1.22297e-06 
1200.99 1.18337e-06 
1201 1.14455e-06 
1201.01 1.1065e-06 
1201.02 1.06923e-06 
1201.03 1.03276e-06 
1201.04 9.97085e-07 
1201.05 9.62209e-07 
1201.06 9.28138e-07 
1201.07 8.94871e-07 
1201.08 8.62409e-07 
1201.09 8.30752e-07 
1201.1 7.99898e-07 
1201.11 7.69845e-07 
1201.12 7.40588e-07 
1201.13 7.12124e-07 
1201.14 6.84446e-07 
1201.15 6.57549e-07 
1201.16 6.31426e-07 
1201.17 6.06068e-07 
1201.18 5.81468e-07 
1201.19 5.57616e-07 
1201.2 5.34503e-07 
1201.21 5.12118e-07 
1201.22 4.9045e-07 
1201.23 4.69231e-07 
1201.24 4.48972e-07 
1201.25 4.29395e-07 
1201.26 4.10488e-07 
1201.27 3.92237e-07 
1201.28 3.74629e-07 
1201.28 3.57652e-07 
1201.29 3.4129e-07 
1201.3 3.25531e-07 
1201.31 3.10361e-07 
1201.32 2.95764e-07 
1201.33 2.81728e-07 
1201.34 2.68237e-07 
1201.35 2.55278e-07 
1201.36 2.42836e-07 
1201.37 2.30897e-07 
1201.38 2.19446e-07 
1201.39 2.0847e-07 
1201.4 1.97953e-07 
1201.41 1.87883e-07 
1201.42 1.78245e-07 
1201.43 1.69026e-07 
1201.44 1.60212e-07 
1201.45 1.51789e-07 
1201.46 1.43744e-07 
1201.47 1.36065e-07 
1201.48 1.28649e-07 
1201.49 1.21666e-07 
1201.5 1.15011e-07 
1201.51 1.08671e-07 
1201.52 1.02634e-07 
1201.53 9.68897e-08 
1201.54 9.14254e-08 
1201.55 8.62307e-08 
1201.56 8.12946e-08 
1201.57 7.66067e-08 
1201.58 7.21567e-08 
1201.59 6.79348e-08 
1201.6 6.39311e-08 
1201.61 6.01735e-08 
1201.62 5.65765e-08 
1201.63 5.31707e-08 
1201.64 4.99474e-08 
1201.65 4.68985e-08 
1201.66 4.4016e-08 
1201.67 4.12921e-08 
1201.68 3.87194e-08 
1201.69 3.62907e-08 
1201.7 3.3999e-08 
1201.7 3.18378e-08 
1201.71 2.98006e-08 
1201.72 2.7858e-08 
1201.73 2.60519e-08 
1201.74 2.4352e-08 
1201.75 2.27528e-08 
1201.76 2.12491e-08 
1201.77 1.98359e-08 
1201.78 1.85083e-08 
1201.79 1.72618e-08 
1201.8 1.60921e-08 
1201.81 1.49949e-08 
1201.82 1.39663e-08 
1201.83 1.30023e-08 
1201.84 1.20995e-08 
1201.85 1.12543e-08 
1201.86 1.04635e-08 
1201.87 9.72384e-09 
1201.88 9.03243e-09 
1201.89 8.38642e-09 
1201.9 7.78312e-09 
1201.91 7.21998e-09 
1201.92 6.69459e-09 
1201.93 6.20464e-09 
1201.94 5.74797e-09 
1201.95 5.32252e-09 
1201.96 4.92635e-09 
1201.97 4.55762e-09 
1201.98 4.21047e-09 
1201.99 3.89181e-09 
1202 3.59565e-09 
1202.01 3.32054e-09 
1202.02 3.06511e-09 
1202.03 2.82805e-09 
1202.04 2.60816e-09 
1202.05 2.40428e-09 
1202.06 2.21535e-09 
1202.07 2.04035e-09 
1202.08 1.87833e-09 
1202.09 1.7284e-09 
1202.1 1.58972e-09 
1202.11 1.46152e-09 
1202.12 1.34305e-09 
1202.13 1.23363e-09 
1202.13 1.13262e-09 
1202.14 1.03941e-09 
1202.15 9.53443e-10 
1202.16 8.74195e-10 
1202.17 8.01174e-10 
1202.18 7.33923e-10 
1202.19 6.72016e-10 
1202.2 6.15054e-10 
1202.21 5.62668e-10 
1202.22 5.13961e-10 
1202.23 4.69739e-10 
1202.24 4.2915e-10 
1202.25 3.91892e-10 
1202.26 3.57708e-10 
1202.27 3.2636e-10 
1202.28 2.97625e-10 
1202.29 2.71298e-10 
1202.3 2.47189e-10 
1202.31 2.25122e-10 
1202.32 2.04933e-10 
1202.33 1.8647e-10 
1202.34 1.69595e-10 
1202.35 1.54178e-10 
1202.36 1.40099e-10 
1202.37 1.27249e-10 
1202.38 1.15526e-10 
1202.39 1.04835e-10 
1202.4 9.50915e-11 
1202.41 8.62147e-11 
1202.42 7.81314e-11 
1202.43 7.07743e-11 
1202.44 6.40812e-11 
1202.45 5.7995e-11 
1202.46 5.24633e-11 
1202.47 4.74379e-11 
1202.48 4.28204e-11 
1202.49 3.86838e-11 
1202.5 3.49311e-11 
1202.51 3.15283e-11 
1202.52 2.84442e-11 
1202.53 2.56503e-11 
1202.54 2.31205e-11 
1202.55 2.08308e-11 
1202.56 1.87594e-11 
1202.56 1.68865e-11 
1202.57 1.51937e-11 
1202.58 1.36645e-11 
1202.59 1.22836e-11 
1202.6 1.10374e-11 
1202.61 9.91926e-12 
1202.62 8.90491e-12 
1202.63 7.9907e-12 
1202.64 7.16712e-12 
1202.65 6.42555e-12 
1202.66 5.75812e-12 
1202.67 5.15771e-12 
1202.68 4.61783e-12 
1202.69 4.1326e-12 
1202.7 3.6967e-12 
1202.71 3.3053e-12 
1202.72 2.95401e-12 
1202.73 2.63515e-12 
1202.74 2.35296e-12 
1202.75 2.10005e-12 
1202.76 1.87348e-12 
1202.77 1.6706e-12 
1202.78 1.48903e-12 
1202.79 1.32659e-12 
1202.8 1.18135e-12 
1202.81 1.05153e-12 
1202.82 9.35564e-13 
1202.83 8.3201e-13 
1202.84 7.39587e-13 
1202.85 6.57136e-13 
1202.86 5.83614e-13 
1202.87 5.18086e-13 
1202.88 4.59709e-13 
1202.89 4.07727e-13 
1202.9 3.61461e-13 
1202.91 3.203e-13 
1202.92 2.837e-13 
1202.93 2.51169e-13 
1202.94 2.22269e-13 
1202.95 1.96605e-13 
1202.96 1.73827e-13 
1202.97 1.53619e-13 
1202.98 1.35699e-13 
1202.98 1.19629e-13 
1202.99 1.05579e-13 
1203 9.31373e-14 
1203.01 8.21248e-14 
1203.02 7.23819e-14 
1203.03 6.37663e-14 
1203.04 5.6151e-14 
1203.05 4.94229e-14 
1203.06 4.34815e-14 
1203.07 3.82372e-14 
1203.08 3.36103e-14 
1203.09 2.95301e-14 
1203.1 2.59335e-14 
1203.11 2.27648e-14 
1203.12 1.99742e-14 
1203.13 1.75179e-14 
1203.14 1.53568e-14 
1203.15 1.34562e-14 
1203.16 1.17856e-14 
1203.17 1.03177e-14 
1203.18 9.02862e-15 
1203.19 7.89704e-15 
1203.2 6.90419e-15 
1203.21 6.03345e-15 
1203.22 5.27017e-15 
1203.23 4.59357e-15 
1203.24 4.00882e-15 
1203.25 3.49694e-15 
1203.26 3.04905e-15 
1203.27 2.65734e-15 
1203.28 2.31491e-15 
1203.29 2.0157e-15 
1203.3 1.75438e-15 
1203.31 1.52625e-15 
1203.32 1.32719e-15 
1203.33 1.15357e-15 
1203.34 1.00222e-15 
1203.35 8.70333e-16 
1203.36 7.55463e-16 
1203.37 6.5546e-16 
1203.38 5.6844e-16 
1203.39 4.92752e-16 
1203.4 4.2695e-16 
1203.41 3.69769e-16 
1203.41 3.20103e-16 
1203.42 2.76983e-16 
1203.43 2.39564e-16 
1203.44 2.07108e-16 
1203.45 1.78968e-16 
1203.46 1.54583e-16 
1203.47 1.3346e-16 
1203.48 1.14959e-16 
1203.49 9.9161e-17 
1203.5 8.54955e-17 
1203.51 7.36803e-17 
1203.52 6.34694e-17 
1203.53 5.4649e-17 
1203.54 4.70333e-17 
1203.55 4.04607e-17 
1203.56 3.4791e-17 
1203.57 2.99024e-17 
1203.58 2.56891e-17 
1203.59 2.20596e-17 
1203.6 1.89344e-17 
1203.61 1.62547e-17 
1203.62 1.39394e-17 
1203.63 1.19485e-17 
1203.64 1.02373e-17 
1203.65 8.76731e-18 
1203.66 7.50501e-18 
1203.67 6.42157e-18 
1203.68 5.49207e-18 
1203.69 4.69501e-18 
1203.7 4.01182e-18 
1203.71 3.42651e-18 
1203.72 2.92528e-18 
1203.73 2.4913e-18 
1203.74 2.12496e-18 
1203.75 1.81167e-18 
1203.76 1.54387e-18 
1203.77 1.31508e-18 
1203.78 1.11968e-18 
1203.79 9.52893e-19 
1203.8 8.10585e-19 
1203.81 6.8922e-19 
1203.82 5.85764e-19 
1203.83 4.97613e-19 
1203.83 4.22539e-19 
1203.84 3.5863e-19 
1203.85 3.04251e-19 
1203.86 2.58001e-19 
1203.87 2.18684e-19 
1203.88 1.85276e-19 
1203.89 1.569e-19 
1203.9 1.32811e-19 
1203.91 1.1237e-19 
1203.92 9.50324e-20 
1203.93 8.03337e-20 
1203.94 6.7878e-20 
1203.95 5.73278e-20 
1203.96 4.83957e-20 
1203.97 4.0837e-20 
1203.98 3.437e-20 
1203.99 2.89758e-20 
1204 2.44171e-20 
1204.01 2.05665e-20 
1204.02 1.73153e-20 
1204.03 1.45715e-20 
1204.04 1.2257e-20 
1204.05 1.03055e-20 
1204.06 8.66085e-21 
1204.07 7.27539e-21 
1204.08 6.10882e-21 
1204.09 5.127e-21 
1204.1 4.30105e-21 
1204.11 3.60654e-21 
1204.12 3.02282e-21 
1204.13 2.53244e-21 
1204.14 2.12065e-21 
1204.15 1.77503e-21 
1204.16 1.48508e-21 
1204.17 1.24193e-21 
1204.18 1.03812e-21 
1204.19 8.67372e-22 
1204.2 7.24382e-22 
1204.21 6.04693e-22 
1204.22 5.04554e-22 
1204.23 4.19855e-22 
1204.24 3.5001e-22 
1204.25 2.91652e-22 
1204.26 2.42916e-22 
1204.26 2.02233e-22 
1204.27 1.68288e-22 
1204.28 1.39978e-22 
1204.29 1.16378e-22 
1204.3 9.67136e-23 
1204.31 8.03358e-23 
1204.32 6.67016e-23 
1204.33 5.53564e-23 
1204.34 4.59204e-23 
1204.35 3.80757e-23 
1204.36 3.15569e-23 
1204.37 2.61425e-23 
1204.38 2.16474e-23 
1204.39 1.79171e-23 
1204.4 1.4823e-23 
1204.41 1.22577e-23 
1204.42 1.01318e-23 
1204.43 8.37086e-24 
1204.44 6.91287e-24 
1204.45 5.70627e-24 
1204.46 4.70815e-24 
1204.47 3.88289e-24 
1204.48 3.19311e-24 
1204.49 2.63103e-24 
1204.5 2.16692e-24 
1204.51 1.78387e-24 
1204.52 1.46788e-24 
1204.53 1.20732e-24 
1204.54 9.92569e-25 
1204.55 8.15649e-25 
1204.56 6.69963e-25 
1204.57 5.50052e-25 
1204.58 4.514e-25 
1204.59 3.70275e-25 
1204.6 3.03594e-25 
1204.61 2.48809e-25 
1204.62 2.03944e-25 
1204.63 1.66992e-25 
1204.64 1.36673e-25 
1204.65 1.11809e-25 
1204.66 9.14275e-26 
1204.67 7.47276e-26 
1204.68 6.10507e-26 
1204.68 4.98546e-26 
1204.69 4.06934e-26 
1204.7 3.32008e-26 
1204.71 2.70757e-26 
1204.72 2.20142e-26 
1204.73 1.79366e-26 
1204.74 1.46078e-26 
1204.75 1.18914e-26 
1204.76 9.67575e-27 
1204.77 7.86943e-27 
1204.78 6.39744e-27 
1204.79 5.19846e-27 
1204.8 4.22229e-27 
1204.81 3.42789e-27 
1204.82 2.78171e-27 
1204.83 2.25632e-27 
1204.84 1.82934e-27 
1204.85 1.4825e-27 
1204.86 1.20088e-27 
1204.87 9.72317e-28 
1204.88 7.86905e-28 
1204.89 6.36564e-28 
1204.9 5.14716e-28 
1204.91 4.16004e-28 
1204.92 3.36072e-28 
1204.93 2.71377e-28 
1204.94 2.19038e-28 
1204.95 1.76713e-28 
1204.96 1.42503e-28 
1204.97 1.14865e-28 
1204.98 9.2295e-29 
1204.99 7.43271e-29 
1205 5.98303e-29 
1205.01 4.81393e-29 
1205.02 3.87154e-29 
1205.03 3.11224e-29 
1205.04 2.50074e-29 
1205.05 2.00848e-29 
1205.06 1.6124e-29 
1205.07 1.29385e-29 
1205.08 1.03776e-29 
1205.09 8.31989e-30 
1205.1 6.66719e-30 
1205.11 5.34039e-30 
1205.11 4.27572e-30 
1205.12 3.42176e-30 
1205.13 2.73713e-30 
1205.14 2.1885e-30 
1205.15 1.74905e-30 
1205.16 1.39722e-30 
1205.17 1.11566e-30 
1205.18 8.90434e-31 
1205.19 7.1036e-31 
1205.2 5.66448e-31 
1205.21 4.51489e-31 
1205.22 3.58785e-31 
1205.23 2.85627e-31 
1205.24 2.27352e-31 
1205.25 1.80886e-31 
1205.26 1.43851e-31 
1205.27 1.14348e-31 
1205.28 9.08552e-32 
1205.29 7.21565e-32 
1205.3 5.72804e-32 
1205.31 4.54509e-32 
1205.32 3.60482e-32 
1205.33 2.85778e-32 
1205.34 2.26454e-32 
1205.35 1.79365e-32 
1205.36 1.42003e-32 
1205.37 1.12374e-32 
1205.38 8.88868e-33 
1205.39 7.02772e-33 
1205.4 5.55388e-33 
1205.41 4.38716e-33 
1205.42 3.46398e-33 
1205.43 2.73384e-33 
1205.44 2.15663e-33 
1205.45 1.70053e-33 
1205.46 1.34028e-33 
1205.47 1.05588e-33 
1205.48 8.29244e-34 
1205.49 6.52478e-34 
1205.5 5.1333e-34 
1205.51 4.03676e-34 
1205.52 3.17303e-34 
1205.53 2.49299e-34 
1205.54 1.95782e-34 
1205.54 1.53684e-34 
1205.55 1.20584e-34 
1205.56 9.4571e-35 
1205.57 7.41361e-35 
1205.58 5.80908e-35 
1205.59 4.54977e-35 
1205.6 3.56186e-35 
1205.61 2.78892e-35 
1205.62 2.1814e-35 
1205.63 1.70544e-35 
1205.64 1.33274e-35 
1205.65 1.04102e-35 
1205.66 8.12788e-36 
1205.67 6.34309e-36 
1205.68 4.948e-36 
1205.69 3.85801e-36 
1205.7 3.00678e-36 
1205.71 2.34232e-36 
1205.72 1.82388e-36 
1205.73 1.4151e-36 
1205.74 1.10089e-36 
1205.75 8.56065e-37 
1205.76 6.65387e-37 
1205.77 5.16948e-37 
1205.78 4.01443e-37 
1205.79 3.11607e-37 
1205.8 2.41766e-37 
1205.81 1.87494e-37 
1205.82 1.4534e-37 
1205.83 1.12613e-37 
1205.84 8.72163e-38 
1205.85 6.75167e-38 
1205.86 5.22432e-38 
1205.87 4.04067e-38 
1205.88 3.1238e-38 
1205.89 2.41389e-38 
1205.9 1.86447e-38 
1205.91 1.43946e-38 
1205.92 1.11084e-38 
1205.93 8.56849e-39 
1205.94 6.60639e-39 
1205.95 5.09131e-39 
1205.96 3.92192e-39 
1205.96 3.01977e-39 
1205.97 2.3241e-39 
1205.98 1.78203e-39 
1205.99 1.37026e-39 
1206 1.05316e-39 
1206.01 8.09086e-40 
1206.02 6.21295e-40 
1206.03 4.76879e-40 
1206.04 3.65864e-40 
1206.05 2.80569e-40 
1206.06 2.15061e-40 
1206.07 1.64776e-40 
1206.08 1.2619e-40 
1206.09 9.65971e-41 
1206.1 7.39115e-41 
1206.11 5.6527e-41 
1206.12 4.32132e-41 
1206.13 3.30202e-41 
1206.14 2.52192e-41 
1206.15 1.92538e-41 
1206.16 1.46926e-41 
1206.17 1.12062e-41 
1206.18 8.54372e-42 
1206.19 6.51043e-42 
1206.2 4.9592e-42 
1206.21 3.7765e-42 
1206.22 2.87266e-42 
1206.23 2.17902e-42 
1206.24 1.65633e-42 
1206.25 1.25837e-42 
1206.26 9.55686e-43 
1206.27 7.25873e-43 
1206.28 5.5071e-43 
1206.29 4.18988e-43 
1206.3 3.18095e-43 
1206.31 2.39622e-43 
1206.32 1.80768e-43 
1206.33 1.37327e-43 
1206.34 1.03696e-43 
1206.35 7.84727e-44 
1206.36 6.02558e-44 
1206.37 4.48416e-44 
1206.38 3.36312e-44 
1206.39 2.52234e-44 
1206.39 1.96182e-44 
1206.4 1.4013e-44 
1206.41 1.12104e-44 
1206.42 8.40779e-45 
1206.43 7.00649e-45 
1206.44 4.2039e-45 
1206.45 2.8026e-45 
1206.46 2.8026e-45 
1206.47 2.8026e-45 
1206.48 1.4013e-45 
1206.49 1.4013e-45 
1206.5 1.4013e-45 
1206.51 1.4013e-45 
1206.52 0 
1206.53 0 
1206.54 0 
1206.55 0 
1206.56 0 
1206.57 0 
1206.58 0 
1206.59 0 
1206.6 0 
