#energy geo_1 
1186.6 6.80308e-07 
1186.61 6.79871e-07 
1186.62 6.79433e-07 
1186.63 6.78997e-07 
1186.64 6.78559e-07 
1186.65 6.78123e-07 
1186.66 6.77686e-07 
1186.67 6.7725e-07 
1186.68 6.76813e-07 
1186.69 6.76378e-07 
1186.7 6.75943e-07 
1186.71 6.75507e-07 
1186.72 6.75072e-07 
1186.73 6.74637e-07 
1186.74 6.74203e-07 
1186.75 6.73769e-07 
1186.76 6.73335e-07 
1186.77 6.72901e-07 
1186.78 6.72467e-07 
1186.79 6.72034e-07 
1186.8 6.71601e-07 
1186.81 6.71168e-07 
1186.81 6.70735e-07 
1186.82 6.70303e-07 
1186.83 6.69871e-07 
1186.84 6.69438e-07 
1186.85 6.69007e-07 
1186.86 6.68576e-07 
1186.87 6.68144e-07 
1186.88 6.67713e-07 
1186.89 6.67283e-07 
1186.9 6.66852e-07 
1186.91 6.66422e-07 
1186.92 6.65992e-07 
1186.93 6.65562e-07 
1186.94 6.65132e-07 
1186.95 6.64703e-07 
1186.96 6.64274e-07 
1186.97 6.63845e-07 
1186.98 6.63416e-07 
1186.99 6.62987e-07 
1187 6.62559e-07 
1187.01 6.62132e-07 
1187.02 6.61704e-07 
1187.03 6.61277e-07 
1187.04 6.60849e-07 
1187.05 6.60422e-07 
1187.06 6.59995e-07 
1187.07 6.59569e-07 
1187.08 6.59142e-07 
1187.09 6.58716e-07 
1187.1 6.5829e-07 
1187.11 6.57864e-07 
1187.12 6.57439e-07 
1187.13 6.57014e-07 
1187.14 6.56589e-07 
1187.15 6.56164e-07 
1187.16 6.5574e-07 
1187.17 6.55315e-07 
1187.18 6.54891e-07 
1187.19 6.54467e-07 
1187.2 6.54044e-07 
1187.21 6.53621e-07 
1187.22 6.53197e-07 
1187.23 6.52774e-07 
1187.24 6.52352e-07 
1187.24 6.51929e-07 
1187.25 6.51507e-07 
1187.26 6.51085e-07 
1187.27 6.50663e-07 
1187.28 6.50242e-07 
1187.29 6.4982e-07 
1187.3 6.49399e-07 
1187.31 6.48978e-07 
1187.32 6.48558e-07 
1187.33 6.48137e-07 
1187.34 6.47717e-07 
1187.35 6.47297e-07 
1187.36 6.46877e-07 
1187.37 6.46457e-07 
1187.38 6.46039e-07 
1187.39 6.45619e-07 
1187.4 6.45201e-07 
1187.41 6.44782e-07 
1187.42 6.44364e-07 
1187.43 6.43945e-07 
1187.44 6.43527e-07 
1187.45 6.43109e-07 
1187.46 6.42692e-07 
1187.47 6.42275e-07 
1187.48 6.41858e-07 
1187.49 6.41441e-07 
1187.5 6.41024e-07 
1187.51 6.40607e-07 
1187.52 6.40191e-07 
1187.53 6.39776e-07 
1187.54 6.3936e-07 
1187.55 6.38944e-07 
1187.56 6.38529e-07 
1187.57 6.38114e-07 
1187.58 6.37699e-07 
1187.59 6.37284e-07 
1187.6 6.3687e-07 
1187.61 6.36852e-07 
1187.62 6.36438e-07 
1187.63 6.36024e-07 
1187.64 6.3561e-07 
1187.65 6.35196e-07 
1187.66 6.34783e-07 
1187.66 6.3437e-07 
1187.67 6.33956e-07 
1187.68 6.33544e-07 
1187.69 6.33132e-07 
1187.7 6.32719e-07 
1187.71 6.32307e-07 
1187.72 6.31895e-07 
1187.73 6.31484e-07 
1187.74 6.31072e-07 
1187.75 6.30661e-07 
1187.76 6.30249e-07 
1187.77 6.29839e-07 
1187.78 6.29428e-07 
1187.79 6.29017e-07 
1187.8 6.28607e-07 
1187.81 6.28197e-07 
1187.82 6.27787e-07 
1187.83 6.27378e-07 
1187.84 6.26968e-07 
1187.85 6.26559e-07 
1187.86 6.2615e-07 
1187.87 6.25741e-07 
1187.88 6.25333e-07 
1187.89 6.24924e-07 
1187.9 6.24516e-07 
1187.91 6.24108e-07 
1187.92 6.237e-07 
1187.93 6.23293e-07 
1187.94 6.22885e-07 
1187.95 6.22478e-07 
1187.96 6.22071e-07 
1187.97 6.21664e-07 
1187.98 6.21258e-07 
1187.99 6.20852e-07 
1188 6.20445e-07 
1188.01 6.20039e-07 
1188.02 6.19633e-07 
1188.03 6.19228e-07 
1188.04 6.18822e-07 
1188.05 6.18418e-07 
1188.06 6.18012e-07 
1188.07 6.17607e-07 
1188.08 6.17203e-07 
1188.09 6.16798e-07 
1188.09 6.16394e-07 
1188.1 6.1599e-07 
1188.11 6.15586e-07 
1188.12 6.15183e-07 
1188.13 6.14779e-07 
1188.14 6.14376e-07 
1188.15 6.13972e-07 
1188.16 6.13569e-07 
1188.17 6.13167e-07 
1188.18 6.12764e-07 
1188.19 6.12362e-07 
1188.2 6.1196e-07 
1188.21 6.11557e-07 
1188.22 6.11156e-07 
1188.23 6.10755e-07 
1188.24 6.10353e-07 
1188.25 6.09951e-07 
1188.26 6.0955e-07 
1188.27 6.0915e-07 
1188.28 6.08749e-07 
1188.29 6.08348e-07 
1188.3 6.07948e-07 
1188.31 6.07548e-07 
1188.32 6.07148e-07 
1188.33 6.06748e-07 
1188.34 6.06348e-07 
1188.35 6.05949e-07 
1188.36 6.05549e-07 
1188.37 6.05151e-07 
1188.38 6.04751e-07 
1188.39 6.04353e-07 
1188.4 6.03954e-07 
1188.41 6.03555e-07 
1188.42 6.03158e-07 
1188.43 6.02759e-07 
1188.44 6.02361e-07 
1188.45 6.01963e-07 
1188.46 6.01566e-07 
1188.47 6.01168e-07 
1188.48 6.00771e-07 
1188.49 6.00374e-07 
1188.5 5.99977e-07 
1188.51 5.9958e-07 
1188.52 5.99184e-07 
1188.52 5.98787e-07 
1188.53 5.9839e-07 
1188.54 5.97994e-07 
1188.55 5.97598e-07 
1188.56 5.97203e-07 
1188.57 5.96807e-07 
1188.58 5.96411e-07 
1188.59 5.96016e-07 
1188.6 5.95992e-07 
1188.61 5.95597e-07 
1188.62 5.95201e-07 
1188.63 5.94806e-07 
1188.64 5.94411e-07 
1188.65 5.94016e-07 
1188.66 5.93622e-07 
1188.67 5.93228e-07 
1188.68 5.92833e-07 
1188.69 5.92439e-07 
1188.7 5.92045e-07 
1188.71 5.91651e-07 
1188.72 5.91257e-07 
1188.73 5.90864e-07 
1188.74 5.90471e-07 
1188.75 5.90077e-07 
1188.76 5.89684e-07 
1188.77 5.8929e-07 
1188.78 5.88897e-07 
1188.79 5.88505e-07 
1188.8 5.88112e-07 
1188.81 5.8772e-07 
1188.82 5.87327e-07 
1188.83 5.86935e-07 
1188.84 5.86543e-07 
1188.85 5.86151e-07 
1188.86 5.85759e-07 
1188.87 5.85367e-07 
1188.88 5.84975e-07 
1188.89 5.84584e-07 
1188.9 5.84192e-07 
1188.91 5.83801e-07 
1188.92 5.8341e-07 
1188.93 5.83019e-07 
1188.94 5.82628e-07 
1188.94 5.82237e-07 
1188.95 5.81846e-07 
1188.96 5.81455e-07 
1188.97 5.81065e-07 
1188.98 5.80674e-07 
1188.99 5.80284e-07 
1189 5.79894e-07 
1189.01 5.79504e-07 
1189.02 5.79114e-07 
1189.03 5.78724e-07 
1189.04 5.78334e-07 
1189.05 5.77944e-07 
1189.06 5.77555e-07 
1189.07 5.77165e-07 
1189.08 5.76776e-07 
1189.09 5.76386e-07 
1189.1 5.75997e-07 
1189.11 5.75608e-07 
1189.12 5.75219e-07 
1189.13 5.7483e-07 
1189.14 5.74441e-07 
1189.15 5.74052e-07 
1189.16 5.73664e-07 
1189.17 5.73275e-07 
1189.18 5.72886e-07 
1189.19 5.72497e-07 
1189.2 5.72109e-07 
1189.21 5.71721e-07 
1189.22 5.71333e-07 
1189.23 5.70945e-07 
1189.24 5.70557e-07 
1189.25 5.70169e-07 
1189.26 5.6978e-07 
1189.27 5.69392e-07 
1189.28 5.69005e-07 
1189.29 5.68617e-07 
1189.3 5.6823e-07 
1189.31 5.67841e-07 
1189.32 5.67454e-07 
1189.33 5.67066e-07 
1189.34 5.66679e-07 
1189.35 5.66291e-07 
1189.36 5.65904e-07 
1189.36 5.65517e-07 
1189.37 5.65129e-07 
1189.38 5.64742e-07 
1189.39 5.64355e-07 
1189.4 5.63968e-07 
1189.41 5.6358e-07 
1189.42 5.63194e-07 
1189.43 5.62806e-07 
1189.44 5.6242e-07 
1189.45 5.62033e-07 
1189.46 5.61646e-07 
1189.47 5.61259e-07 
1189.48 5.60872e-07 
1189.49 5.60485e-07 
1189.5 5.60098e-07 
1189.51 5.59711e-07 
1189.52 5.59325e-07 
1189.53 5.58938e-07 
1189.54 5.58551e-07 
1189.55 5.58164e-07 
1189.56 5.57778e-07 
1189.57 5.57391e-07 
1189.58 5.57004e-07 
1189.59 5.56617e-07 
1189.6 5.56231e-07 
1189.61 5.56191e-07 
1189.62 5.55804e-07 
1189.63 5.55417e-07 
1189.64 5.5503e-07 
1189.65 5.54643e-07 
1189.66 5.54256e-07 
1189.67 5.53869e-07 
1189.68 5.53482e-07 
1189.69 5.53095e-07 
1189.7 5.52708e-07 
1189.71 5.52321e-07 
1189.72 5.51934e-07 
1189.73 5.51547e-07 
1189.74 5.5116e-07 
1189.75 5.50773e-07 
1189.76 5.50386e-07 
1189.77 5.49999e-07 
1189.78 5.49612e-07 
1189.79 5.49225e-07 
1189.79 5.48837e-07 
1189.8 5.4845e-07 
1189.81 5.48063e-07 
1189.82 5.47675e-07 
1189.83 5.47288e-07 
1189.84 5.46901e-07 
1189.85 5.46513e-07 
1189.86 5.46126e-07 
1189.87 5.45738e-07 
1189.88 5.45351e-07 
1189.89 5.44963e-07 
1189.9 5.44576e-07 
1189.91 5.44187e-07 
1189.92 5.43799e-07 
1189.93 5.43412e-07 
1189.94 5.43024e-07 
1189.95 5.42636e-07 
1189.96 5.42247e-07 
1189.97 5.41859e-07 
1189.98 5.41471e-07 
1189.99 5.41082e-07 
1190 5.40694e-07 
1190.01 5.40306e-07 
1190.02 5.39917e-07 
1190.03 5.39528e-07 
1190.04 5.39139e-07 
1190.05 5.38751e-07 
1190.06 5.38362e-07 
1190.07 5.37973e-07 
1190.08 5.37583e-07 
1190.09 5.37194e-07 
1190.1 5.36804e-07 
1190.11 5.36415e-07 
1190.12 5.36025e-07 
1190.13 5.35636e-07 
1190.14 5.35245e-07 
1190.15 5.34856e-07 
1190.16 5.34466e-07 
1190.17 5.34075e-07 
1190.18 5.33685e-07 
1190.19 5.33294e-07 
1190.2 5.32904e-07 
1190.21 5.32513e-07 
1190.21 5.32122e-07 
1190.22 5.31731e-07 
1190.23 5.3134e-07 
1190.24 5.30949e-07 
1190.25 5.30557e-07 
1190.26 5.30165e-07 
1190.27 5.29774e-07 
1190.28 5.29381e-07 
1190.29 5.28989e-07 
1190.3 5.28597e-07 
1190.31 5.28204e-07 
1190.32 5.27812e-07 
1190.33 5.27419e-07 
1190.34 5.27026e-07 
1190.35 5.26633e-07 
1190.36 5.2624e-07 
1190.37 5.25846e-07 
1190.38 5.25453e-07 
1190.39 5.25058e-07 
1190.4 5.24665e-07 
1190.41 5.2427e-07 
1190.42 5.23875e-07 
1190.43 5.23481e-07 
1190.44 5.23086e-07 
1190.45 5.22691e-07 
1190.46 5.22295e-07 
1190.47 5.219e-07 
1190.48 5.21504e-07 
1190.49 5.21108e-07 
1190.5 5.20712e-07 
1190.51 5.20316e-07 
1190.52 5.19918e-07 
1190.53 5.19522e-07 
1190.54 5.19125e-07 
1190.55 5.18727e-07 
1190.56 5.1833e-07 
1190.57 5.17932e-07 
1190.58 5.17534e-07 
1190.59 5.17136e-07 
1190.6 5.16737e-07 
1190.61 5.1666e-07 
1190.62 5.1626e-07 
1190.63 5.15861e-07 
1190.64 5.15461e-07 
1190.64 5.15061e-07 
1190.65 5.1466e-07 
1190.66 5.1426e-07 
1190.67 5.13858e-07 
1190.68 5.13457e-07 
1190.69 5.13055e-07 
1190.7 5.12653e-07 
1190.71 5.12252e-07 
1190.72 5.11849e-07 
1190.73 5.11446e-07 
1190.74 5.11043e-07 
1190.75 5.1064e-07 
1190.76 5.10237e-07 
1190.77 5.09832e-07 
1190.78 5.09428e-07 
1190.79 5.09023e-07 
1190.8 5.08618e-07 
1190.81 5.08213e-07 
1190.82 5.07807e-07 
1190.83 5.07401e-07 
1190.84 5.06995e-07 
1190.85 5.06588e-07 
1190.86 5.06181e-07 
1190.87 5.05774e-07 
1190.88 5.05366e-07 
1190.89 5.04958e-07 
1190.9 5.0455e-07 
1190.91 5.04141e-07 
1190.92 5.03731e-07 
1190.93 5.03322e-07 
1190.94 5.02912e-07 
1190.95 5.02502e-07 
1190.96 5.02091e-07 
1190.97 5.01681e-07 
1190.98 5.01269e-07 
1190.99 5.00857e-07 
1191 5.00445e-07 
1191.01 5.00032e-07 
1191.02 4.99619e-07 
1191.03 4.99206e-07 
1191.04 4.98792e-07 
1191.05 4.98378e-07 
1191.06 4.97963e-07 
1191.07 4.97548e-07 
1191.07 4.97132e-07 
1191.08 4.96717e-07 
1191.09 4.963e-07 
1191.1 4.95883e-07 
1191.11 4.95466e-07 
1191.12 4.95049e-07 
1191.13 4.9463e-07 
1191.14 4.94211e-07 
1191.15 4.93792e-07 
1191.16 4.93373e-07 
1191.17 4.92953e-07 
1191.18 4.92533e-07 
1191.19 4.92111e-07 
1191.2 4.9169e-07 
1191.21 4.91268e-07 
1191.22 4.90846e-07 
1191.23 4.90423e-07 
1191.24 4.9e-07 
1191.25 4.89576e-07 
1191.26 4.89151e-07 
1191.27 4.88726e-07 
1191.28 4.88301e-07 
1191.29 4.87875e-07 
1191.3 4.87449e-07 
1191.31 4.87022e-07 
1191.32 4.86595e-07 
1191.33 4.86166e-07 
1191.34 4.85738e-07 
1191.35 4.85309e-07 
1191.36 4.84879e-07 
1191.37 4.84449e-07 
1191.38 4.84018e-07 
1191.39 4.83587e-07 
1191.4 4.83155e-07 
1191.41 4.82723e-07 
1191.42 4.8229e-07 
1191.43 4.81856e-07 
1191.44 4.81423e-07 
1191.45 4.80988e-07 
1191.46 4.80552e-07 
1191.47 4.80116e-07 
1191.48 4.7968e-07 
1191.49 4.79243e-07 
1191.49 4.78805e-07 
1191.5 4.78367e-07 
1191.51 4.77928e-07 
1191.52 4.77489e-07 
1191.53 4.77049e-07 
1191.54 4.76608e-07 
1191.55 4.76167e-07 
1191.56 4.75725e-07 
1191.57 4.75282e-07 
1191.58 4.74839e-07 
1191.59 4.74395e-07 
1191.6 4.74246e-07 
1191.61 4.738e-07 
1191.62 4.73354e-07 
1191.63 4.72907e-07 
1191.64 4.7246e-07 
1191.65 4.72012e-07 
1191.66 4.71563e-07 
1191.67 4.71114e-07 
1191.68 4.70664e-07 
1191.69 4.70213e-07 
1191.7 4.69761e-07 
1191.71 4.69309e-07 
1191.72 4.68856e-07 
1191.73 4.68403e-07 
1191.74 4.67949e-07 
1191.75 4.67494e-07 
1191.76 4.67038e-07 
1191.77 4.66581e-07 
1191.78 4.66124e-07 
1191.79 4.65666e-07 
1191.8 4.65208e-07 
1191.81 4.64748e-07 
1191.82 4.64288e-07 
1191.83 4.63827e-07 
1191.84 4.63366e-07 
1191.85 4.62903e-07 
1191.86 4.6244e-07 
1191.87 4.61976e-07 
1191.88 4.61512e-07 
1191.89 4.61046e-07 
1191.9 4.6058e-07 
1191.91 4.60113e-07 
1191.92 4.59645e-07 
1191.92 4.59177e-07 
1191.93 4.58707e-07 
1191.94 4.58237e-07 
1191.95 4.57766e-07 
1191.96 4.57295e-07 
1191.97 4.56822e-07 
1191.98 4.56349e-07 
1191.99 4.55874e-07 
1192 4.55399e-07 
1192.01 4.54923e-07 
1192.02 4.54447e-07 
1192.03 4.53969e-07 
1192.04 4.5349e-07 
1192.05 4.53012e-07 
1192.06 4.52532e-07 
1192.07 4.5205e-07 
1192.08 4.51568e-07 
1192.09 4.51086e-07 
1192.1 4.50602e-07 
1192.11 4.50118e-07 
1192.12 4.49632e-07 
1192.13 4.49146e-07 
1192.14 4.48659e-07 
1192.15 4.48171e-07 
1192.16 4.47682e-07 
1192.17 4.47193e-07 
1192.18 4.46702e-07 
1192.19 4.4621e-07 
1192.2 4.45718e-07 
1192.21 4.45224e-07 
1192.22 4.4473e-07 
1192.23 4.44235e-07 
1192.24 4.43739e-07 
1192.25 4.43241e-07 
1192.26 4.42743e-07 
1192.27 4.42244e-07 
1192.28 4.41744e-07 
1192.29 4.41243e-07 
1192.3 4.40741e-07 
1192.31 4.40238e-07 
1192.32 4.39735e-07 
1192.33 4.3923e-07 
1192.34 4.38724e-07 
1192.34 4.38217e-07 
1192.35 4.37709e-07 
1192.36 4.37201e-07 
1192.37 4.36691e-07 
1192.38 4.3618e-07 
1192.39 4.35668e-07 
1192.4 4.35155e-07 
1192.41 4.34641e-07 
1192.42 4.34127e-07 
1192.43 4.33611e-07 
1192.44 4.33094e-07 
1192.45 4.32577e-07 
1192.46 4.32058e-07 
1192.47 4.31537e-07 
1192.48 4.31017e-07 
1192.49 4.30494e-07 
1192.5 4.29971e-07 
1192.51 4.29447e-07 
1192.52 4.28922e-07 
1192.53 4.28396e-07 
1192.54 4.27868e-07 
1192.55 4.2734e-07 
1192.56 4.26811e-07 
1192.57 4.2628e-07 
1192.58 4.25748e-07 
1192.59 4.25215e-07 
1192.6 4.24682e-07 
1192.61 4.2441e-07 
1192.62 4.23874e-07 
1192.63 4.23336e-07 
1192.64 4.22797e-07 
1192.65 4.22258e-07 
1192.66 4.21717e-07 
1192.67 4.21175e-07 
1192.68 4.20632e-07 
1192.69 4.20088e-07 
1192.7 4.19542e-07 
1192.71 4.18996e-07 
1192.72 4.18448e-07 
1192.73 4.17899e-07 
1192.74 4.17349e-07 
1192.75 4.16798e-07 
1192.76 4.16246e-07 
1192.77 4.15692e-07 
1192.77 4.15138e-07 
1192.78 4.14582e-07 
1192.79 4.14025e-07 
1192.8 4.13467e-07 
1192.81 4.12908e-07 
1192.82 4.12347e-07 
1192.83 4.11785e-07 
1192.84 4.11222e-07 
1192.85 4.10658e-07 
1192.86 4.10093e-07 
1192.87 4.09526e-07 
1192.88 4.08959e-07 
1192.89 4.08389e-07 
1192.9 4.07819e-07 
1192.91 4.07248e-07 
1192.92 4.06675e-07 
1192.93 4.06101e-07 
1192.94 4.05526e-07 
1192.95 4.0495e-07 
1192.96 4.04372e-07 
1192.97 4.03793e-07 
1192.98 4.03213e-07 
1192.99 4.02631e-07 
1193 4.02049e-07 
1193.01 4.01465e-07 
1193.02 4.0088e-07 
1193.03 4.00293e-07 
1193.04 3.99705e-07 
1193.05 3.99116e-07 
1193.06 3.98526e-07 
1193.07 3.97935e-07 
1193.08 3.97342e-07 
1193.09 3.96747e-07 
1193.1 3.96152e-07 
1193.11 3.95555e-07 
1193.12 3.94957e-07 
1193.13 3.94358e-07 
1193.14 3.93757e-07 
1193.15 3.93155e-07 
1193.16 3.92552e-07 
1193.17 3.91947e-07 
1193.18 3.91341e-07 
1193.19 3.90734e-07 
1193.19 3.90125e-07 
1193.2 3.89515e-07 
1193.21 3.88904e-07 
1193.22 3.88292e-07 
1193.23 3.87678e-07 
1193.24 3.87062e-07 
1193.25 3.86446e-07 
1193.26 3.85828e-07 
1193.27 3.85209e-07 
1193.28 3.84588e-07 
1193.29 3.83966e-07 
1193.3 3.83343e-07 
1193.31 3.82718e-07 
1193.32 3.82092e-07 
1193.33 3.81465e-07 
1193.34 3.80837e-07 
1193.35 3.80207e-07 
1193.36 3.79576e-07 
1193.37 3.78943e-07 
1193.38 3.78309e-07 
1193.39 3.77674e-07 
1193.4 3.77038e-07 
1193.41 3.764e-07 
1193.42 3.75762e-07 
1193.43 3.75121e-07 
1193.44 3.7448e-07 
1193.45 3.73837e-07 
1193.46 3.73194e-07 
1193.47 3.72548e-07 
1193.48 3.71902e-07 
1193.49 3.71255e-07 
1193.5 3.70607e-07 
1193.51 3.69957e-07 
1193.52 3.69307e-07 
1193.53 3.68656e-07 
1193.54 3.68003e-07 
1193.55 3.6735e-07 
1193.56 3.66696e-07 
1193.57 3.66041e-07 
1193.58 3.65385e-07 
1193.59 3.64729e-07 
1193.6 3.64072e-07 
1193.61 3.6364e-07 
1193.62 3.62982e-07 
1193.62 3.62324e-07 
1193.63 3.61666e-07 
1193.64 3.61007e-07 
1193.65 3.60349e-07 
1193.66 3.59691e-07 
1193.67 3.59033e-07 
1193.68 3.58376e-07 
1193.69 3.57719e-07 
1193.7 3.57064e-07 
1193.71 3.5641e-07 
1193.72 3.55758e-07 
1193.73 3.55108e-07 
1193.74 3.54459e-07 
1193.75 3.53813e-07 
1193.76 3.53169e-07 
1193.77 3.52529e-07 
1193.78 3.51892e-07 
1193.79 3.5126e-07 
1193.8 3.50632e-07 
1193.81 3.50009e-07 
1193.82 3.49391e-07 
1193.83 3.4878e-07 
1193.84 3.48175e-07 
1193.85 3.47578e-07 
1193.86 3.46989e-07 
1193.87 3.4641e-07 
1193.88 3.4584e-07 
1193.89 3.45282e-07 
1193.9 3.44735e-07 
1193.91 3.44201e-07 
1193.92 3.43682e-07 
1193.93 3.43177e-07 
1193.94 3.4269e-07 
1193.95 3.4222e-07 
1193.96 3.41771e-07 
1193.97 3.41342e-07 
1193.98 3.40941e-07 
1193.99 3.4056e-07 
1194 3.40206e-07 
1194.01 3.39881e-07 
1194.02 3.39587e-07 
1194.03 3.39326e-07 
1194.04 3.39101e-07 
1194.05 3.38914e-07 
1194.05 3.38769e-07 
1194.06 3.38667e-07 
1194.07 3.38612e-07 
1194.08 3.38608e-07 
1194.09 3.38658e-07 
1194.1 3.38765e-07 
1194.11 3.38933e-07 
1194.12 3.39166e-07 
1194.13 3.39469e-07 
1194.14 3.39846e-07 
1194.15 3.40301e-07 
1194.16 3.4084e-07 
1194.17 3.41467e-07 
1194.18 3.42188e-07 
1194.19 3.43009e-07 
1194.2 3.43935e-07 
1194.21 3.44972e-07 
1194.22 3.46127e-07 
1194.23 3.47433e-07 
1194.24 3.48845e-07 
1194.25 3.50396e-07 
1194.26 3.52092e-07 
1194.27 3.53943e-07 
1194.28 3.55955e-07 
1194.29 3.58137e-07 
1194.3 3.60497e-07 
1194.31 3.63044e-07 
1194.32 3.65788e-07 
1194.33 3.68737e-07 
1194.34 3.71902e-07 
1194.35 3.75292e-07 
1194.36 3.78918e-07 
1194.37 3.82788e-07 
1194.38 3.86916e-07 
1194.39 3.91311e-07 
1194.4 3.95984e-07 
1194.41 4.00948e-07 
1194.42 4.06212e-07 
1194.43 4.1179e-07 
1194.44 4.17692e-07 
1194.45 4.23932e-07 
1194.46 4.3052e-07 
1194.47 4.37471e-07 
1194.47 4.44901e-07 
1194.48 4.52614e-07 
1194.49 4.60729e-07 
1194.5 4.69254e-07 
1194.51 4.78204e-07 
1194.52 4.87591e-07 
1194.53 4.97426e-07 
1194.54 5.07722e-07 
1194.55 5.18492e-07 
1194.56 5.29746e-07 
1194.57 5.41497e-07 
1194.58 5.53757e-07 
1194.59 5.66536e-07 
1194.6 5.79846e-07 
1194.61 5.94065e-07 
1194.62 6.08476e-07 
1194.63 6.23447e-07 
1194.64 6.38987e-07 
1194.65 6.55106e-07 
1194.66 6.71812e-07 
1194.67 6.89111e-07 
1194.68 7.07009e-07 
1194.69 7.25513e-07 
1194.7 7.44627e-07 
1194.71 7.64356e-07 
1194.72 7.84704e-07 
1194.73 8.05947e-07 
1194.74 8.27544e-07 
1194.75 8.49763e-07 
1194.76 8.72602e-07 
1194.77 8.9606e-07 
1194.78 9.20133e-07 
1194.79 9.44819e-07 
1194.8 9.7011e-07 
1194.81 9.95999e-07 
1194.82 1.02248e-06 
1194.83 1.04954e-06 
1194.84 1.07717e-06 
1194.85 1.10536e-06 
1194.86 1.1341e-06 
1194.87 1.16336e-06 
1194.88 1.19314e-06 
1194.89 1.22341e-06 
1194.9 1.25415e-06 
1194.9 1.28535e-06 
1194.91 1.31698e-06 
1194.92 1.34902e-06 
1194.93 1.38144e-06 
1194.94 1.41422e-06 
1194.95 1.44732e-06 
1194.96 1.48073e-06 
1194.97 1.51439e-06 
1194.98 1.54873e-06 
1194.99 1.58283e-06 
1195 1.6171e-06 
1195.01 1.6515e-06 
1195.02 1.68599e-06 
1195.03 1.72053e-06 
1195.04 1.75508e-06 
1195.05 1.78961e-06 
1195.06 1.82407e-06 
1195.07 1.85842e-06 
1195.08 1.89262e-06 
1195.09 1.92662e-06 
1195.1 1.96038e-06 
1195.11 1.99385e-06 
1195.12 2.02699e-06 
1195.13 2.05976e-06 
1195.14 2.09211e-06 
1195.15 2.12398e-06 
1195.16 2.15535e-06 
1195.17 2.18616e-06 
1195.18 2.21637e-06 
1195.19 2.24593e-06 
1195.2 2.27479e-06 
1195.21 2.30292e-06 
1195.22 2.33028e-06 
1195.23 2.35715e-06 
1195.24 2.3828e-06 
1195.25 2.40756e-06 
1195.26 2.43137e-06 
1195.27 2.45421e-06 
1195.28 2.47603e-06 
1195.29 2.4968e-06 
1195.3 2.51648e-06 
1195.31 2.53505e-06 
1195.32 2.55247e-06 
1195.32 2.56871e-06 
1195.33 2.58375e-06 
1195.34 2.59757e-06 
1195.35 2.61014e-06 
1195.36 2.62145e-06 
1195.37 2.63146e-06 
1195.38 2.64018e-06 
1195.39 2.64758e-06 
1195.4 2.65366e-06 
1195.41 2.65841e-06 
1195.42 2.66181e-06 
1195.43 2.66387e-06 
1195.44 2.66459e-06 
1195.45 2.66397e-06 
1195.46 2.66201e-06 
1195.47 2.65872e-06 
1195.48 2.65405e-06 
1195.49 2.64811e-06 
1195.5 2.64087e-06 
1195.51 2.63236e-06 
1195.52 2.62259e-06 
1195.53 2.61158e-06 
1195.54 2.59935e-06 
1195.55 2.58594e-06 
1195.56 2.57137e-06 
1195.57 2.55567e-06 
1195.58 2.53888e-06 
1195.59 2.52102e-06 
1195.6 2.50214e-06 
1195.61 2.48381e-06 
1195.62 2.46299e-06 
1195.63 2.44127e-06 
1195.64 2.41868e-06 
1195.65 2.39529e-06 
1195.66 2.37112e-06 
1195.67 2.34624e-06 
1195.68 2.32068e-06 
1195.69 2.29451e-06 
1195.7 2.26777e-06 
1195.71 2.24051e-06 
1195.72 2.21279e-06 
1195.73 2.18431e-06 
1195.74 2.15581e-06 
1195.75 2.12701e-06 
1195.75 2.09797e-06 
1195.76 2.06873e-06 
1195.77 2.03935e-06 
1195.78 2.00989e-06 
1195.79 1.98039e-06 
1195.8 1.95092e-06 
1195.81 1.92153e-06 
1195.82 1.89226e-06 
1195.83 1.86317e-06 
1195.84 1.83432e-06 
1195.85 1.80575e-06 
1195.86 1.77751e-06 
1195.87 1.74965e-06 
1195.88 1.72222e-06 
1195.89 1.69527e-06 
1195.9 1.66883e-06 
1195.91 1.64295e-06 
1195.92 1.61767e-06 
1195.93 1.59304e-06 
1195.94 1.56909e-06 
1195.95 1.54585e-06 
1195.96 1.52337e-06 
1195.97 1.50168e-06 
1195.98 1.48056e-06 
1195.99 1.46054e-06 
1196 1.44139e-06 
1196.01 1.42315e-06 
1196.02 1.40583e-06 
1196.03 1.38946e-06 
1196.04 1.37405e-06 
1196.05 1.35963e-06 
1196.06 1.3462e-06 
1196.07 1.33378e-06 
1196.08 1.32238e-06 
1196.09 1.31202e-06 
1196.1 1.30269e-06 
1196.11 1.2944e-06 
1196.12 1.28715e-06 
1196.13 1.28095e-06 
1196.14 1.27579e-06 
1196.15 1.27166e-06 
1196.16 1.26857e-06 
1196.17 1.2665e-06 
1196.17 1.26545e-06 
1196.18 1.26539e-06 
1196.19 1.26632e-06 
1196.2 1.26822e-06 
1196.21 1.27108e-06 
1196.22 1.27493e-06 
1196.23 1.27964e-06 
1196.24 1.28524e-06 
1196.25 1.2917e-06 
1196.26 1.29899e-06 
1196.27 1.3071e-06 
1196.28 1.31599e-06 
1196.29 1.32562e-06 
1196.3 1.33596e-06 
1196.31 1.34699e-06 
1196.32 1.35867e-06 
1196.33 1.37095e-06 
1196.34 1.38381e-06 
1196.35 1.3972e-06 
1196.36 1.41108e-06 
1196.37 1.42542e-06 
1196.38 1.44018e-06 
1196.39 1.4553e-06 
1196.4 1.47076e-06 
1196.41 1.4865e-06 
1196.42 1.50249e-06 
1196.43 1.51868e-06 
1196.44 1.53502e-06 
1196.45 1.55148e-06 
1196.46 1.56801e-06 
1196.47 1.58456e-06 
1196.48 1.60131e-06 
1196.49 1.61777e-06 
1196.5 1.63414e-06 
1196.51 1.65035e-06 
1196.52 1.66637e-06 
1196.53 1.68215e-06 
1196.54 1.69766e-06 
1196.55 1.71286e-06 
1196.56 1.72769e-06 
1196.57 1.74214e-06 
1196.58 1.75615e-06 
1196.59 1.76969e-06 
1196.6 1.78272e-06 
1196.6 1.79633e-06 
1196.61 1.80826e-06 
1196.62 1.81959e-06 
1196.63 1.83028e-06 
1196.64 1.8403e-06 
1196.65 1.84963e-06 
1196.66 1.85825e-06 
1196.67 1.86612e-06 
1196.68 1.87323e-06 
1196.69 1.87955e-06 
1196.7 1.88507e-06 
1196.71 1.88977e-06 
1196.72 1.89363e-06 
1196.73 1.89668e-06 
1196.74 1.89882e-06 
1196.75 1.90009e-06 
1196.76 1.90048e-06 
1196.77 1.89998e-06 
1196.78 1.8986e-06 
1196.79 1.89633e-06 
1196.8 1.89316e-06 
1196.81 1.88911e-06 
1196.82 1.88417e-06 
1196.83 1.87835e-06 
1196.84 1.87167e-06 
1196.85 1.86412e-06 
1196.86 1.85572e-06 
1196.87 1.84648e-06 
1196.88 1.83642e-06 
1196.89 1.82555e-06 
1196.9 1.81389e-06 
1196.91 1.80146e-06 
1196.92 1.78828e-06 
1196.93 1.77437e-06 
1196.94 1.75975e-06 
1196.95 1.74446e-06 
1196.96 1.7285e-06 
1196.97 1.71193e-06 
1196.98 1.69454e-06 
1196.99 1.67678e-06 
1197 1.65848e-06 
1197.01 1.63968e-06 
1197.02 1.62039e-06 
1197.03 1.60066e-06 
1197.03 1.58051e-06 
1197.04 1.55997e-06 
1197.05 1.53909e-06 
1197.06 1.51789e-06 
1197.07 1.49642e-06 
1197.08 1.47469e-06 
1197.09 1.45275e-06 
1197.1 1.43063e-06 
1197.11 1.40836e-06 
1197.12 1.38597e-06 
1197.13 1.36351e-06 
1197.14 1.341e-06 
1197.15 1.31847e-06 
1197.16 1.29596e-06 
1197.17 1.27349e-06 
1197.18 1.25111e-06 
1197.19 1.22883e-06 
1197.2 1.20669e-06 
1197.21 1.18471e-06 
1197.22 1.16293e-06 
1197.23 1.1411e-06 
1197.24 1.11979e-06 
1197.25 1.09874e-06 
1197.26 1.07799e-06 
1197.27 1.05755e-06 
1197.28 1.03745e-06 
1197.29 1.01771e-06 
1197.3 9.98342e-07 
1197.31 9.79368e-07 
1197.32 9.60806e-07 
1197.33 9.42669e-07 
1197.34 9.24973e-07 
1197.35 9.07729e-07 
1197.36 8.9095e-07 
1197.37 8.74647e-07 
1197.38 8.58828e-07 
1197.39 8.43501e-07 
1197.4 8.28673e-07 
1197.41 8.1435e-07 
1197.42 8.00536e-07 
1197.43 7.87234e-07 
1197.44 7.74446e-07 
1197.45 7.62173e-07 
1197.45 7.50415e-07 
1197.46 7.3917e-07 
1197.47 7.28436e-07 
1197.48 7.18091e-07 
1197.49 7.08373e-07 
1197.5 6.99153e-07 
1197.51 6.90425e-07 
1197.52 6.8218e-07 
1197.53 6.74411e-07 
1197.54 6.6711e-07 
1197.55 6.60267e-07 
1197.56 6.53869e-07 
1197.57 6.47909e-07 
1197.58 6.42373e-07 
1197.59 6.37248e-07 
1197.6 6.32523e-07 
1197.61 6.28573e-07 
1197.62 6.24603e-07 
1197.63 6.20993e-07 
1197.64 6.17726e-07 
1197.65 6.14787e-07 
1197.66 6.12162e-07 
1197.67 6.09836e-07 
1197.68 6.07792e-07 
1197.69 6.06016e-07 
1197.7 6.04491e-07 
1197.71 6.03202e-07 
1197.72 6.02132e-07 
1197.73 6.01263e-07 
1197.74 6.00588e-07 
1197.75 6.00086e-07 
1197.76 5.9974e-07 
1197.77 5.99537e-07 
1197.78 5.99461e-07 
1197.79 5.99497e-07 
1197.8 5.99632e-07 
1197.81 5.9985e-07 
1197.82 6.00139e-07 
1197.83 6.00486e-07 
1197.84 6.00876e-07 
1197.85 6.01299e-07 
1197.86 6.01743e-07 
1197.87 6.02196e-07 
1197.88 6.02648e-07 
1197.88 6.03088e-07 
1197.89 6.03508e-07 
1197.9 6.03898e-07 
1197.91 6.04251e-07 
1197.92 6.04559e-07 
1197.93 6.04815e-07 
1197.94 6.05012e-07 
1197.95 6.05147e-07 
1197.96 6.05214e-07 
1197.97 6.05209e-07 
1197.98 6.05133e-07 
1197.99 6.04976e-07 
1198 6.04739e-07 
1198.01 6.04423e-07 
1198.02 6.04028e-07 
1198.03 6.03554e-07 
1198.04 6.03003e-07 
1198.05 6.02377e-07 
1198.06 6.01681e-07 
1198.07 6.00917e-07 
1198.08 6.0009e-07 
1198.09 5.99206e-07 
1198.1 5.98271e-07 
1198.11 5.97293e-07 
1198.12 5.96278e-07 
1198.13 5.95236e-07 
1198.14 5.94175e-07 
1198.15 5.93107e-07 
1198.16 5.9204e-07 
1198.17 5.90987e-07 
1198.18 5.89959e-07 
1198.19 5.8897e-07 
1198.2 5.88032e-07 
1198.21 5.87159e-07 
1198.22 5.86364e-07 
1198.23 5.85662e-07 
1198.24 5.85073e-07 
1198.25 5.8461e-07 
1198.26 5.84288e-07 
1198.27 5.84125e-07 
1198.28 5.84138e-07 
1198.29 5.84343e-07 
1198.3 5.8476e-07 
1198.3 5.85406e-07 
1198.31 5.86299e-07 
1198.32 5.87458e-07 
1198.33 5.88902e-07 
1198.34 5.90649e-07 
1198.35 5.92719e-07 
1198.36 5.95131e-07 
1198.37 5.97903e-07 
1198.38 6.01055e-07 
1198.39 6.04606e-07 
1198.4 6.08575e-07 
1198.41 6.12981e-07 
1198.42 6.17841e-07 
1198.43 6.23175e-07 
1198.44 6.29001e-07 
1198.45 6.35336e-07 
1198.46 6.42198e-07 
1198.47 6.49605e-07 
1198.48 6.5768e-07 
1198.49 6.6623e-07 
1198.5 6.75373e-07 
1198.51 6.85123e-07 
1198.52 6.95494e-07 
1198.53 7.06501e-07 
1198.54 7.18155e-07 
1198.55 7.30469e-07 
1198.56 7.43455e-07 
1198.57 7.57123e-07 
1198.58 7.71482e-07 
1198.59 7.86542e-07 
1198.6 8.02309e-07 
1198.61 8.19297e-07 
1198.62 8.36509e-07 
1198.63 8.54446e-07 
1198.64 8.73111e-07 
1198.65 8.92506e-07 
1198.66 9.12633e-07 
1198.67 9.33491e-07 
1198.68 9.55078e-07 
1198.69 9.77392e-07 
1198.7 1.00043e-06 
1198.71 1.02418e-06 
1198.72 1.04864e-06 
1198.73 1.07413e-06 
1198.73 1.1e-06 
1198.74 1.12654e-06 
1198.75 1.15376e-06 
1198.76 1.18163e-06 
1198.77 1.21014e-06 
1198.78 1.23927e-06 
1198.79 1.269e-06 
1198.8 1.29932e-06 
1198.81 1.3302e-06 
1198.82 1.36162e-06 
1198.83 1.39355e-06 
1198.84 1.42598e-06 
1198.85 1.45887e-06 
1198.86 1.49219e-06 
1198.87 1.52592e-06 
1198.88 1.56003e-06 
1198.89 1.59448e-06 
1198.9 1.62924e-06 
1198.91 1.66427e-06 
1198.92 1.69954e-06 
1198.93 1.73501e-06 
1198.94 1.77065e-06 
1198.95 1.80642e-06 
1198.96 1.84226e-06 
1198.97 1.87816e-06 
1198.98 1.91451e-06 
1198.99 1.95037e-06 
1199 1.98614e-06 
1199.01 2.02179e-06 
1199.02 2.05728e-06 
1199.03 2.09254e-06 
1199.04 2.12755e-06 
1199.05 2.16226e-06 
1199.06 2.19661e-06 
1199.07 2.23057e-06 
1199.08 2.26409e-06 
1199.09 2.29713e-06 
1199.1 2.32963e-06 
1199.11 2.36156e-06 
1199.12 2.39287e-06 
1199.13 2.42351e-06 
1199.14 2.45345e-06 
1199.15 2.48264e-06 
1199.15 2.51103e-06 
1199.16 2.53859e-06 
1199.17 2.56527e-06 
1199.18 2.59103e-06 
1199.19 2.61585e-06 
1199.2 2.63967e-06 
1199.21 2.66246e-06 
1199.22 2.68446e-06 
1199.23 2.70508e-06 
1199.24 2.72458e-06 
1199.25 2.74292e-06 
1199.26 2.76006e-06 
1199.27 2.776e-06 
1199.28 2.79069e-06 
1199.29 2.80412e-06 
1199.3 2.81627e-06 
1199.31 2.82711e-06 
1199.32 2.83662e-06 
1199.33 2.84479e-06 
1199.34 2.85162e-06 
1199.35 2.85707e-06 
1199.36 2.86115e-06 
1199.37 2.86385e-06 
1199.38 2.86516e-06 
1199.39 2.86507e-06 
1199.4 2.8636e-06 
1199.41 2.86073e-06 
1199.42 2.85647e-06 
1199.43 2.85082e-06 
1199.44 2.8438e-06 
1199.45 2.83541e-06 
1199.46 2.82566e-06 
1199.47 2.81456e-06 
1199.48 2.80198e-06 
1199.49 2.78823e-06 
1199.5 2.77318e-06 
1199.51 2.75687e-06 
1199.52 2.7393e-06 
1199.53 2.72051e-06 
1199.54 2.70053e-06 
1199.55 2.67937e-06 
1199.56 2.65707e-06 
1199.57 2.63366e-06 
1199.58 2.60918e-06 
1199.58 2.58365e-06 
1199.59 2.55711e-06 
1199.6 2.5296e-06 
1199.61 2.50269e-06 
1199.62 2.47333e-06 
1199.63 2.4431e-06 
1199.64 2.41206e-06 
1199.65 2.38023e-06 
1199.66 2.34767e-06 
1199.67 2.31441e-06 
1199.68 2.2805e-06 
1199.69 2.24597e-06 
1199.7 2.21088e-06 
1199.71 2.17526e-06 
1199.72 2.13916e-06 
1199.73 2.10216e-06 
1199.74 2.06522e-06 
1199.75 2.02793e-06 
1199.76 1.99033e-06 
1199.77 1.95246e-06 
1199.78 1.91436e-06 
1199.79 1.87608e-06 
1199.8 1.83766e-06 
1199.81 1.79914e-06 
1199.82 1.76055e-06 
1199.83 1.72194e-06 
1199.84 1.68335e-06 
1199.85 1.6448e-06 
1199.86 1.60635e-06 
1199.87 1.56802e-06 
1199.88 1.52984e-06 
1199.89 1.49186e-06 
1199.9 1.45411e-06 
1199.91 1.4166e-06 
1199.92 1.37939e-06 
1199.93 1.34248e-06 
1199.94 1.30592e-06 
1199.95 1.26973e-06 
1199.96 1.23393e-06 
1199.97 1.19854e-06 
1199.98 1.16316e-06 
1199.99 1.12868e-06 
1200 1.09468e-06 
1200.01 1.06119e-06 
1200.01 1.0282e-06 
1200.02 9.95753e-07 
1200.03 9.6385e-07 
1200.04 9.32508e-07 
1200.05 9.01738e-07 
1200.06 8.71553e-07 
1200.07 8.41961e-07 
1200.08 8.12973e-07 
1200.09 7.84594e-07 
1200.1 7.56831e-07 
1200.11 7.2969e-07 
1200.12 7.03173e-07 
1200.13 6.77285e-07 
1200.14 6.52028e-07 
1200.15 6.27402e-07 
1200.16 6.03408e-07 
1200.17 5.80045e-07 
1200.18 5.57309e-07 
1200.19 5.35201e-07 
1200.2 5.13715e-07 
1200.21 4.92848e-07 
1200.22 4.72594e-07 
1200.23 4.52708e-07 
1200.24 4.33672e-07 
1200.25 4.15231e-07 
1200.26 3.97377e-07 
1200.27 3.80103e-07 
1200.28 3.634e-07 
1200.29 3.47259e-07 
1200.3 3.31672e-07 
1200.31 3.16626e-07 
1200.32 3.02114e-07 
1200.33 2.88125e-07 
1200.34 2.74647e-07 
1200.35 2.6167e-07 
1200.36 2.49183e-07 
1200.37 2.37175e-07 
1200.38 2.25633e-07 
1200.39 2.14547e-07 
1200.4 2.03905e-07 
1200.41 1.93695e-07 
1200.42 1.83905e-07 
1200.43 1.74523e-07 
1200.43 1.65538e-07 
1200.44 1.56938e-07 
1200.45 1.48712e-07 
1200.46 1.40846e-07 
1200.47 1.33331e-07 
1200.48 1.26067e-07 
1200.49 1.19221e-07 
1200.5 1.12692e-07 
1200.51 1.06467e-07 
1200.52 1.00536e-07 
1200.53 9.48891e-08 
1200.54 8.95148e-08 
1200.55 8.44031e-08 
1200.56 7.9544e-08 
1200.57 7.49274e-08 
1200.58 7.05439e-08 
1200.59 6.6384e-08 
1200.6 6.24385e-08 
1200.61 5.87347e-08 
1200.62 5.51892e-08 
1200.63 5.1832e-08 
1200.64 4.86549e-08 
1200.65 4.56501e-08 
1200.66 4.28096e-08 
1200.67 4.01259e-08 
1200.68 3.75919e-08 
1200.69 3.52005e-08 
1200.7 3.29449e-08 
1200.71 3.08186e-08 
1200.72 2.88153e-08 
1200.73 2.6906e-08 
1200.74 2.51319e-08 
1200.75 2.34633e-08 
1200.76 2.18945e-08 
1200.77 2.04206e-08 
1200.78 1.90364e-08 
1200.79 1.77373e-08 
1200.8 1.65187e-08 
1200.81 1.53762e-08 
1200.82 1.43056e-08 
1200.83 1.3303e-08 
1200.84 1.23645e-08 
1200.85 1.14865e-08 
1200.85 1.06656e-08 
1200.86 9.89852e-09 
1200.87 9.18202e-09 
1200.88 8.51316e-09 
1200.89 7.88913e-09 
1200.9 7.30722e-09 
1200.91 6.76489e-09 
1200.92 6.2597e-09 
1200.93 5.78938e-09 
1200.94 5.35175e-09 
1200.95 4.94475e-09 
1200.96 4.56644e-09 
1200.97 4.21499e-09 
1200.98 3.88473e-09 
1200.99 3.58218e-09 
1201 3.30155e-09 
1201.01 3.04141e-09 
1201.02 2.80037e-09 
1201.03 2.57716e-09 
1201.04 2.37057e-09 
1201.05 2.17946e-09 
1201.06 2.00277e-09 
1201.07 1.83949e-09 
1201.08 1.68868e-09 
1201.09 1.54948e-09 
1201.1 1.42104e-09 
1201.11 1.3026e-09 
1201.12 1.19345e-09 
1201.13 1.0929e-09 
1201.14 1.00033e-09 
1201.15 9.15145e-10 
1201.16 8.368e-10 
1201.17 7.64784e-10 
1201.18 6.98619e-10 
1201.19 6.37863e-10 
1201.2 5.82103e-10 
1201.21 5.30954e-10 
1201.22 4.8406e-10 
1201.23 4.40575e-10 
1201.24 4.01264e-10 
1201.25 3.65279e-10 
1201.26 3.32356e-10 
1201.27 3.02252e-10 
1201.28 2.74738e-10 
1201.28 2.49605e-10 
1201.29 2.26659e-10 
1201.3 2.05721e-10 
1201.31 1.86624e-10 
1201.32 1.69217e-10 
1201.33 1.53357e-10 
1201.34 1.38915e-10 
1201.35 1.2577e-10 
1201.36 1.13813e-10 
1201.37 1.02942e-10 
1201.38 9.30634e-11 
1201.39 8.40909e-11 
1201.4 7.59459e-11 
1201.41 6.85559e-11 
1201.42 6.18544e-11 
1201.43 5.57803e-11 
1201.44 5.02778e-11 
1201.45 4.52957e-11 
1201.46 4.07871e-11 
1201.47 3.67091e-11 
1201.48 3.29787e-11 
1201.49 2.96518e-11 
1201.5 2.66474e-11 
1201.51 2.39355e-11 
1201.52 2.1489e-11 
1201.53 1.9283e-11 
1201.54 1.72949e-11 
1201.55 1.55041e-11 
1201.56 1.38918e-11 
1201.57 1.24411e-11 
1201.58 1.11363e-11 
1201.59 9.96345e-12 
1201.6 8.90971e-12 
1201.61 7.96838e-12 
1201.62 7.11859e-12 
1201.63 6.35627e-12 
1201.64 5.67279e-12 
1201.65 5.06029e-12 
1201.66 4.51169e-12 
1201.67 4.02057e-12 
1201.68 3.58115e-12 
1201.69 3.18817e-12 
1201.7 2.83691e-12 
1201.7 2.5231e-12 
1201.71 2.24289e-12 
1201.72 1.98987e-12 
1201.73 1.76712e-12 
1201.74 1.56853e-12 
1201.75 1.39157e-12 
1201.76 1.23396e-12 
1201.77 1.09366e-12 
1201.78 9.68833e-13 
1201.79 8.5783e-13 
1201.8 7.59168e-13 
1201.81 6.71521e-13 
1201.82 5.93699e-13 
1201.83 5.24636e-13 
1201.84 4.63378e-13 
1201.85 4.0907e-13 
1201.86 3.60948e-13 
1201.87 3.18329e-13 
1201.88 2.80604e-13 
1201.89 2.47227e-13 
1201.9 2.17713e-13 
1201.91 1.91627e-13 
1201.92 1.68583e-13 
1201.93 1.48237e-13 
1201.94 1.30282e-13 
1201.95 1.14445e-13 
1201.96 1.00483e-13 
1201.97 8.81811e-14 
1201.98 7.72201e-14 
1201.99 6.76986e-14 
1202 5.93219e-14 
1202.01 5.19559e-14 
1202.02 4.54821e-14 
1202.03 3.97952e-14 
1202.04 3.48021e-14 
1202.05 3.04205e-14 
1202.06 2.65773e-14 
1202.07 2.32082e-14 
1202.08 2.02561e-14 
1202.09 1.76708e-14 
1202.1 1.54079e-14 
1202.11 1.34281e-14 
1202.12 1.16968e-14 
1202.13 1.01838e-14 
1202.13 8.86206e-15 
1202.14 7.70806e-15 
1202.15 6.70102e-15 
1202.16 5.82267e-15 
1202.17 5.05693e-15 
1202.18 4.38973e-15 
1202.19 3.80868e-15 
1202.2 3.3029e-15 
1202.21 2.86287e-15 
1202.22 2.47608e-15 
1202.23 2.1438e-15 
1202.24 1.85543e-15 
1202.25 1.60504e-15 
1202.26 1.38776e-15 
1202.27 1.1993e-15 
1202.28 1.03592e-15 
1202.29 8.94357e-16 
1202.3 7.71755e-16 
1202.31 6.65631e-16 
1202.32 5.73815e-16 
1202.33 4.9442e-16 
1202.34 4.25799e-16 
1202.35 3.66521e-16 
1202.36 3.15339e-16 
1202.37 2.7117e-16 
1202.38 2.33072e-16 
1202.39 2.00228e-16 
1202.4 1.71927e-16 
1202.41 1.47553e-16 
1202.42 1.26572e-16 
1202.43 1.0852e-16 
1202.44 9.29972e-17 
1202.45 7.96552e-17 
1202.46 6.81936e-17 
1202.47 5.83523e-17 
1202.48 4.98089e-17 
1202.49 4.25783e-17 
1202.5 3.63794e-17 
1202.51 3.10676e-17 
1202.52 2.65182e-17 
1202.53 2.26238e-17 
1202.54 1.92918e-17 
1202.55 1.64424e-17 
1202.56 1.40069e-17 
1202.56 1.19263e-17 
1202.57 1.01497e-17 
1202.58 8.63343e-18 
1202.59 7.34008e-18 
1202.6 6.23739e-18 
1202.61 5.301e-18 
1202.62 4.50018e-18 
1202.63 3.81845e-18 
1202.64 3.2384e-18 
1202.65 2.7451e-18 
1202.66 2.32579e-18 
1202.67 1.96955e-18 
1202.68 1.66706e-18 
1202.69 1.41032e-18 
1202.7 1.19253e-18 
1202.71 1.00788e-18 
1202.72 8.51394e-19 
1202.73 7.17329e-19 
1202.74 6.05353e-19 
1202.75 5.10603e-19 
1202.76 4.30471e-19 
1202.77 3.62735e-19 
1202.78 3.05506e-19 
1202.79 2.57179e-19 
1202.8 2.16389e-19 
1202.81 1.81979e-19 
1202.82 1.52965e-19 
1202.83 1.28513e-19 
1202.84 1.07916e-19 
1202.85 9.05759e-20 
1202.86 7.59842e-20 
1202.87 6.37117e-20 
1202.88 5.33949e-20 
1202.89 4.47265e-20 
1202.9 3.74469e-20 
1202.91 3.13366e-20 
1202.92 2.62103e-20 
1202.93 2.19118e-20 
1202.94 1.83092e-20 
1202.95 1.52913e-20 
1202.96 1.27646e-20 
1202.97 1.06501e-20 
1202.98 8.88144e-21 
1202.98 7.38601e-21 
1202.99 6.15331e-21 
1203 5.1238e-21 
1203.01 4.26443e-21 
1203.02 3.54743e-21 
1203.03 2.94953e-21 
1203.04 2.45119e-21 
1203.05 2.03604e-21 
1203.06 1.69036e-21 
1203.07 1.40268e-21 
1203.08 1.16338e-21 
1203.09 9.6443e-22 
1203.1 7.99106e-22 
1203.11 6.61795e-22 
1203.12 5.47807e-22 
1203.13 4.53228e-22 
1203.14 3.74792e-22 
1203.15 3.09778e-22 
1203.16 2.55914e-22 
1203.17 2.11312e-22 
1203.18 1.74397e-22 
1203.19 1.43859e-22 
1203.2 1.1861e-22 
1203.21 9.77441e-23 
1203.22 8.05092e-23 
1203.23 6.61192e-23 
1203.24 5.44063e-23 
1203.25 4.47462e-23 
1203.26 3.67831e-23 
1203.27 3.02221e-23 
1203.28 2.48192e-23 
1203.29 2.0372e-23 
1203.3 1.67134e-23 
1203.31 1.37051e-23 
1203.32 1.12327e-23 
1203.33 9.2018e-24 
1203.34 7.53434e-24 
1203.35 6.16598e-24 
1203.36 5.04365e-24 
1203.37 4.12356e-24 
1203.38 3.36965e-24 
1203.39 2.75221e-24 
1203.4 2.2468e-24 
1203.41 1.83329e-24 
1203.41 1.49515e-24 
1203.42 1.21877e-24 
1203.43 9.9299e-25 
1203.44 8.08635e-25 
1203.45 6.58181e-25 
1203.46 5.35455e-25 
1203.47 4.35397e-25 
1203.48 3.52945e-25 
1203.49 2.86706e-25 
1203.5 2.32783e-25 
1203.51 1.88909e-25 
1203.52 1.53228e-25 
1203.53 1.24225e-25 
1203.54 1.00661e-25 
1203.55 8.15274e-26 
1203.56 6.59978e-26 
1203.57 5.33998e-26 
1203.58 4.31852e-26 
1203.59 3.49073e-26 
1203.6 2.82021e-26 
1203.61 2.27877e-26 
1203.62 1.83923e-26 
1203.63 1.48374e-26 
1203.64 1.19636e-26 
1203.65 9.64169e-27 
1203.66 7.76657e-27 
1203.67 6.25302e-27 
1203.68 5.03195e-27 
1203.69 4.04731e-27 
1203.7 3.25374e-27 
1203.71 2.61447e-27 
1203.72 2.09976e-27 
1203.73 1.68092e-27 
1203.74 1.34865e-27 
1203.75 1.08153e-27 
1203.76 8.66888e-28 
1203.77 6.94499e-28 
1203.78 5.56116e-28 
1203.79 4.45086e-28 
1203.8 3.56047e-28 
1203.81 2.8468e-28 
1203.82 2.27505e-28 
1203.83 1.81723e-28 
1203.83 1.45082e-28 
1203.84 1.15772e-28 
1203.85 9.23371e-29 
1203.86 7.36097e-29 
1203.87 5.86515e-29 
1203.88 4.67099e-29 
1203.89 3.71811e-29 
1203.9 2.95816e-29 
1203.91 2.35237e-29 
1203.92 1.86972e-29 
1203.93 1.48535e-29 
1203.94 1.17942e-29 
1203.95 9.36038e-30 
1203.96 7.42511e-30 
1203.97 5.88705e-30 
1203.98 4.65171e-30 
1203.99 3.68447e-30 
1204 2.9169e-30 
1204.01 2.3081e-30 
1204.02 1.82545e-30 
1204.03 1.44302e-30 
1204.04 1.14015e-30 
1204.05 9.00393e-31 
1204.06 7.10705e-31 
1204.07 5.60701e-31 
1204.08 4.42139e-31 
1204.09 3.48475e-31 
1204.1 2.74516e-31 
1204.11 2.16148e-31 
1204.12 1.70105e-31 
1204.13 1.33804e-31 
1204.14 1.05198e-31 
1204.15 8.26667e-32 
1204.16 6.4929e-32 
1204.17 5.09719e-32 
1204.18 3.99953e-32 
1204.19 3.13669e-32 
1204.2 2.45878e-32 
1204.21 1.92642e-32 
1204.22 1.50858e-32 
1204.23 1.17718e-32 
1204.24 9.2093e-33 
1204.25 7.20106e-33 
1204.26 5.62797e-33 
1204.26 4.39635e-33 
1204.27 3.43256e-33 
1204.28 2.67872e-33 
1204.29 2.08941e-33 
1204.3 1.62894e-33 
1204.31 1.26932e-33 
1204.32 9.88599e-34 
1204.33 7.69584e-34 
1204.34 5.98793e-34 
1204.35 4.65674e-34 
1204.36 3.6197e-34 
1204.37 2.81222e-34 
1204.38 2.18378e-34 
1204.39 1.69494e-34 
1204.4 1.31488e-34 
1204.41 1.01954e-34 
1204.42 7.90138e-35 
1204.43 6.12053e-35 
1204.44 4.73871e-35 
1204.45 3.66705e-35 
1204.46 2.83634e-35 
1204.47 2.19272e-35 
1204.48 1.68886e-35 
1204.49 1.30433e-35 
1204.5 1.00685e-35 
1204.51 7.76837e-36 
1204.52 5.99071e-36 
1204.53 4.61756e-36 
1204.54 3.55738e-36 
1204.55 2.73927e-36 
1204.56 2.10826e-36 
1204.57 1.6218e-36 
1204.58 1.24697e-36 
1204.59 9.58297e-37 
1204.6 7.36087e-37 
1204.61 5.65123e-37 
1204.62 4.3392e-37 
1204.63 3.32808e-37 
1204.64 2.55131e-37 
1204.65 1.95487e-37 
1204.66 1.49712e-37 
1204.67 1.14599e-37 
1204.68 8.76779e-38 
1204.68 6.70478e-38 
1204.69 5.12465e-38 
1204.7 3.91497e-38 
1204.71 2.98936e-38 
1204.72 2.27376e-38 
1204.73 1.73445e-38 
1204.74 1.3224e-38 
1204.75 1.00774e-38 
1204.76 7.67577e-39 
1204.77 5.84358e-39 
1204.78 4.44653e-39 
1204.79 3.3818e-39 
1204.8 2.57075e-39 
1204.81 1.95325e-39 
1204.82 1.48334e-39 
1204.83 1.12592e-39 
1204.84 8.54201e-40 
1204.85 6.47733e-40 
1204.86 4.90931e-40 
1204.87 3.719e-40 
1204.88 2.81592e-40 
1204.89 2.13107e-40 
1204.9 1.61198e-40 
1204.91 1.21872e-40 
1204.92 9.20961e-41 
1204.93 6.95591e-41 
1204.94 5.25109e-41 
1204.95 3.96245e-41 
1204.96 2.98827e-41 
1204.97 2.25259e-41 
1204.98 1.69123e-41 
1204.99 1.2735e-41 
1205 9.58488e-42 
1205.01 7.21108e-42 
1205.02 5.42303e-42 
1205.03 4.07498e-42 
1205.04 3.06044e-42 
1205.05 2.29813e-42 
1205.06 1.725e-42 
1205.07 1.2934e-42 
1205.08 9.711e-43 
1205.09 7.25873e-43 
1205.1 5.43704e-43 
1205.11 4.07778e-43 
1205.11 3.05483e-43 
1205.12 2.2701e-43 
1205.13 1.69557e-43 
1205.14 1.26117e-43 
1205.15 9.3887e-44 
1205.16 7.14662e-44 
1205.17 5.32493e-44 
1205.18 3.92364e-44 
1205.19 2.94273e-44 
1205.2 2.24208e-44 
1205.21 1.68156e-44 
1205.22 1.26117e-44 
1205.23 8.40779e-45 
1205.24 7.00649e-45 
1205.25 4.2039e-45 
1205.26 2.8026e-45 
1205.27 2.8026e-45 
1205.28 2.8026e-45 
1205.29 1.4013e-45 
1205.3 1.4013e-45 
1205.31 1.4013e-45 
1205.32 1.4013e-45 
1205.33 0 
1205.34 0 
1205.35 0 
1205.36 0 
1205.37 0 
1205.38 0 
1205.39 0 
1205.4 0 
1205.41 0 
1205.42 0 
1205.43 0 
1205.44 0 
1205.45 0 
1205.46 0 
1205.47 0 
1205.48 0 
1205.49 0 
1205.5 0 
1205.51 0 
1205.52 0 
1205.53 0 
1205.54 0 
1205.54 0 
1205.55 0 
1205.56 0 
1205.57 0 
1205.58 0 
1205.59 0 
1205.6 0 
1205.61 0 
1205.62 0 
1205.63 0 
1205.64 0 
1205.65 0 
1205.66 0 
1205.67 0 
1205.68 0 
1205.69 0 
1205.7 0 
1205.71 0 
1205.72 0 
1205.73 0 
1205.74 0 
1205.75 0 
1205.76 0 
1205.77 0 
1205.78 0 
1205.79 0 
1205.8 0 
1205.81 0 
1205.82 0 
1205.83 0 
1205.84 0 
1205.85 0 
1205.86 0 
1205.87 0 
1205.88 0 
1205.89 0 
1205.9 0 
1205.91 0 
1205.92 0 
1205.93 0 
1205.94 0 
1205.95 0 
1205.96 0 
1205.96 0 
1205.97 0 
1205.98 0 
1205.99 0 
1206 0 
1206.01 0 
1206.02 0 
1206.03 0 
1206.04 0 
1206.05 0 
1206.06 0 
1206.07 0 
1206.08 0 
1206.09 0 
1206.1 0 
1206.11 0 
1206.12 0 
1206.13 0 
1206.14 0 
1206.15 0 
1206.16 0 
1206.17 0 
1206.18 0 
1206.19 0 
1206.2 0 
1206.21 0 
1206.22 0 
1206.23 0 
1206.24 0 
1206.25 0 
1206.26 0 
1206.27 0 
1206.28 0 
1206.29 0 
1206.3 0 
1206.31 0 
1206.32 0 
1206.33 0 
1206.34 0 
1206.35 0 
1206.36 0 
1206.37 0 
1206.38 0 
1206.39 0 
1206.39 0 
1206.4 0 
1206.41 0 
1206.42 0 
1206.43 0 
1206.44 0 
1206.45 0 
1206.46 0 
1206.47 0 
1206.48 0 
1206.49 0 
1206.5 0 
1206.51 0 
1206.52 0 
1206.53 0 
1206.54 0 
1206.55 0 
1206.56 0 
1206.57 0 
1206.58 0 
1206.59 0 
1206.6 0 
