#energy geo_1 
1186.6 3.15422e-32 
1186.61 3.80185e-32 
1186.62 4.58114e-32 
1186.63 5.51856e-32 
1186.64 6.64588e-32 
1186.65 8.00119e-32 
1186.66 9.63011e-32 
1186.67 1.15873e-31 
1186.68 1.39383e-31 
1186.69 1.67614e-31 
1186.7 2.01505e-31 
1186.71 2.42178e-31 
1186.72 2.90978e-31 
1186.73 3.50312e-31 
1186.74 4.20657e-31 
1186.75 5.04981e-31 
1186.76 6.06035e-31 
1186.77 7.27101e-31 
1186.78 8.72101e-31 
1186.79 1.04572e-30 
1186.8 1.25353e-30 
1186.81 1.50221e-30 
1186.81 1.79971e-30 
1186.82 2.1555e-30 
1186.83 2.58088e-30 
1186.84 3.08932e-30 
1186.85 3.69686e-30 
1186.86 4.4226e-30 
1186.87 5.28929e-30 
1186.88 6.32399e-30 
1186.89 7.55893e-30 
1186.9 9.03241e-30 
1186.91 1.079e-29 
1186.92 1.28859e-29 
1186.93 1.53845e-29 
1186.94 1.83622e-29 
1186.95 2.191e-29 
1186.96 2.61357e-29 
1186.97 3.11675e-29 
1186.98 3.72389e-29 
1186.99 4.43824e-29 
1187 5.28811e-29 
1187.01 6.2989e-29 
1187.02 7.50073e-29 
1187.03 8.92929e-29 
1187.04 1.06269e-28 
1187.05 1.26435e-28 
1187.06 1.50386e-28 
1187.07 1.78821e-28 
1187.08 2.12572e-28 
1187.09 2.5262e-28 
1187.1 3.00127e-28 
1187.11 3.56465e-28 
1187.12 4.23256e-28 
1187.13 5.02416e-28 
1187.14 5.9621e-28 
1187.15 7.0731e-28 
1187.16 8.38871e-28 
1187.17 9.94616e-28 
1187.18 1.17894e-27 
1187.19 1.39701e-27 
1187.2 1.65494e-27 
1187.21 1.95994e-27 
1187.22 2.32047e-27 
1187.23 2.75232e-27 
1187.24 3.25672e-27 
1187.24 3.85245e-27 
1187.25 4.55583e-27 
1187.26 5.38609e-27 
1187.27 6.36582e-27 
1187.28 7.52159e-27 
1187.29 8.88463e-27 
1187.3 1.04917e-26 
1187.31 1.23858e-26 
1187.32 1.46177e-26 
1187.33 1.72467e-26 
1187.34 2.03428e-26 
1187.35 2.39877e-26 
1187.36 2.82776e-26 
1187.37 3.3325e-26 
1187.38 3.9262e-26 
1187.39 4.62435e-26 
1187.4 5.44506e-26 
1187.41 6.40958e-26 
1187.42 7.54277e-26 
1187.43 8.87375e-26 
1187.44 1.04366e-25 
1187.45 1.22711e-25 
1187.46 1.4424e-25 
1187.47 1.69496e-25 
1187.48 1.99519e-25 
1187.49 2.34319e-25 
1187.5 2.75109e-25 
1187.51 3.22907e-25 
1187.52 3.78901e-25 
1187.53 4.44475e-25 
1187.54 5.21248e-25 
1187.55 6.11106e-25 
1187.56 7.16247e-25 
1187.57 8.39235e-25 
1187.58 9.83059e-25 
1187.59 1.1512e-24 
1187.6 1.34771e-24 
1187.61 1.57829e-24 
1187.62 1.84664e-24 
1187.63 2.15999e-24 
1187.64 2.52578e-24 
1187.65 2.95267e-24 
1187.66 3.45071e-24 
1187.66 4.0316e-24 
1187.67 4.70892e-24 
1187.68 5.49843e-24 
1187.69 6.41847e-24 
1187.7 7.4903e-24 
1187.71 8.73859e-24 
1187.72 1.0192e-23 
1187.73 1.19065e-23 
1187.74 1.38787e-23 
1187.75 1.61729e-23 
1187.76 1.88409e-23 
1187.77 2.19428e-23 
1187.78 2.55479e-23 
1187.79 2.97368e-23 
1187.8 3.46025e-23 
1187.81 4.02527e-23 
1187.82 4.68121e-23 
1187.83 5.44246e-23 
1187.84 6.32569e-23 
1187.85 7.35013e-23 
1187.86 8.53801e-23 
1187.87 9.91501e-23 
1187.88 1.15108e-22 
1187.89 1.33595e-22 
1187.9 1.55007e-22 
1187.91 1.79799e-22 
1187.92 2.08496e-22 
1187.93 2.41703e-22 
1187.94 2.80118e-22 
1187.95 3.24546e-22 
1187.96 3.75911e-22 
1187.97 4.3528e-22 
1187.98 5.04803e-22 
1187.99 5.84189e-22 
1188 6.75865e-22 
1188.01 7.81702e-22 
1188.02 9.03852e-22 
1188.03 1.04479e-21 
1188.04 1.20735e-21 
1188.05 1.39481e-21 
1188.06 1.6109e-21 
1188.07 1.85994e-21 
1188.08 2.14686e-21 
1188.09 2.47732e-21 
1188.09 2.85783e-21 
1188.1 3.29583e-21 
1188.11 3.79987e-21 
1188.12 4.37972e-21 
1188.13 5.04661e-21 
1188.14 5.81336e-21 
1188.15 6.69468e-21 
1188.16 7.70738e-21 
1188.17 8.87072e-21 
1188.18 1.02067e-20 
1188.19 1.17405e-20 
1188.2 1.35009e-20 
1188.21 1.55208e-20 
1188.22 1.78377e-20 
1188.23 2.05302e-20 
1188.24 2.35812e-20 
1188.25 2.70779e-20 
1188.26 3.1084e-20 
1188.27 3.56726e-20 
1188.28 4.09268e-20 
1188.29 4.69413e-20 
1188.3 5.38241e-20 
1188.31 6.16983e-20 
1188.32 7.07041e-20 
1188.33 8.10011e-20 
1188.34 9.27709e-20 
1188.35 1.0622e-19 
1188.36 1.21584e-19 
1188.37 1.39131e-19 
1188.38 1.59163e-19 
1188.39 1.82028e-19 
1188.4 2.08117e-19 
1188.41 2.37876e-19 
1188.42 2.71813e-19 
1188.43 3.10501e-19 
1188.44 3.54594e-19 
1188.45 4.04832e-19 
1188.46 4.62054e-19 
1188.47 5.27211e-19 
1188.48 6.02374e-19 
1188.49 6.8692e-19 
1188.5 7.83108e-19 
1188.51 8.92506e-19 
1188.52 1.01689e-18 
1188.52 1.15828e-18 
1188.53 1.31895e-18 
1188.54 1.50148e-18 
1188.55 1.70876e-18 
1188.56 1.94411e-18 
1188.57 2.21123e-18 
1188.58 2.51432e-18 
1188.59 2.85814e-18 
1188.6 3.25007e-18 
1188.61 3.69236e-18 
1188.62 4.19364e-18 
1188.63 4.7616e-18 
1188.64 5.40492e-18 
1188.65 6.13338e-18 
1188.66 6.95802e-18 
1188.67 7.89126e-18 
1188.68 8.94708e-18 
1188.69 1.01413e-17 
1188.7 1.14915e-17 
1188.71 1.30177e-17 
1188.72 1.47425e-17 
1188.73 1.67167e-17 
1188.74 1.89206e-17 
1188.75 2.14087e-17 
1188.76 2.42171e-17 
1188.77 2.7386e-17 
1188.78 3.09606e-17 
1188.79 3.49917e-17 
1188.8 3.95363e-17 
1188.81 4.46582e-17 
1188.82 5.04291e-17 
1188.83 5.69293e-17 
1188.84 6.42489e-17 
1188.85 7.24886e-17 
1188.86 8.17615e-17 
1188.87 9.2194e-17 
1188.88 1.03928e-16 
1188.89 1.17121e-16 
1188.9 1.31951e-16 
1188.91 1.48616e-16 
1188.92 1.67337e-16 
1188.93 1.88362e-16 
1188.94 2.11968e-16 
1188.94 2.38464e-16 
1188.95 2.68194e-16 
1188.96 3.01544e-16 
1188.97 3.38942e-16 
1188.98 3.81425e-16 
1188.99 4.28482e-16 
1189 4.81206e-16 
1189.01 5.40262e-16 
1189.02 6.06391e-16 
1189.03 6.80417e-16 
1189.04 7.6326e-16 
1189.05 8.55943e-16 
1189.06 9.59603e-16 
1189.07 1.07551e-15 
1189.08 1.20506e-15 
1189.09 1.34984e-15 
1189.1 1.51157e-15 
1189.11 1.69218e-15 
1189.12 1.89384e-15 
1189.13 2.11891e-15 
1189.14 2.37005e-15 
1189.15 2.65019e-15 
1189.16 2.96259e-15 
1189.17 3.31086e-15 
1189.18 3.699e-15 
1189.19 4.13146e-15 
1189.2 4.61314e-15 
1189.21 5.14949e-15 
1189.22 5.74655e-15 
1189.23 6.41975e-15 
1189.24 7.15993e-15 
1189.25 7.98315e-15 
1189.26 8.89845e-15 
1189.27 9.91583e-15 
1189.28 1.10464e-14 
1189.29 1.23022e-14 
1189.3 1.36969e-14 
1189.31 1.52453e-14 
1189.32 1.69639e-14 
1189.33 1.88707e-14 
1189.34 2.09858e-14 
1189.35 2.33313e-14 
1189.36 2.59314e-14 
1189.36 2.8813e-14 
1189.37 3.20056e-14 
1189.38 3.55417e-14 
1189.39 3.9457e-14 
1189.4 4.37911e-14 
1189.41 4.85872e-14 
1189.42 5.3893e-14 
1189.43 5.9761e-14 
1189.44 6.62488e-14 
1189.45 7.34198e-14 
1189.46 8.13435e-14 
1189.47 9.00963e-14 
1189.48 9.98892e-14 
1189.49 1.10573e-13 
1189.5 1.22365e-13 
1189.51 1.35375e-13 
1189.52 1.49726e-13 
1189.53 1.65549e-13 
1189.54 1.82993e-13 
1189.55 2.02216e-13 
1189.56 2.23393e-13 
1189.57 2.46718e-13 
1189.58 2.72399e-13 
1189.59 3.00667e-13 
1189.6 3.31772e-13 
1189.61 3.66218e-13 
1189.62 4.03872e-13 
1189.63 4.45269e-13 
1189.64 4.90768e-13 
1189.65 5.4076e-13 
1189.66 5.95672e-13 
1189.67 6.55972e-13 
1189.68 7.22167e-13 
1189.69 7.94812e-13 
1189.7 8.74513e-13 
1189.71 9.61929e-13 
1189.72 1.05778e-12 
1189.73 1.16422e-12 
1189.74 1.27948e-12 
1189.75 1.40575e-12 
1189.76 1.54403e-12 
1189.77 1.69543e-12 
1189.78 1.86113e-12 
1189.79 2.04245e-12 
1189.79 2.24077e-12 
1189.8 2.45765e-12 
1189.81 2.69475e-12 
1189.82 2.95386e-12 
1189.83 3.23695e-12 
1189.84 3.54616e-12 
1189.85 3.88378e-12 
1189.86 4.25231e-12 
1189.87 4.65447e-12 
1189.88 5.0932e-12 
1189.89 5.57168e-12 
1189.9 6.09335e-12 
1189.91 6.66194e-12 
1189.92 7.28148e-12 
1189.93 7.95635e-12 
1189.94 8.69126e-12 
1189.95 9.49131e-12 
1189.96 1.0362e-11 
1189.97 1.13093e-11 
1189.98 1.23532e-11 
1189.99 1.34747e-11 
1190 1.46938e-11 
1190.01 1.60186e-11 
1190.02 1.74578e-11 
1190.03 1.90209e-11 
1190.04 2.07178e-11 
1190.05 2.25597e-11 
1190.06 2.45583e-11 
1190.07 2.67262e-11 
1190.08 2.90771e-11 
1190.09 3.16256e-11 
1190.1 3.43876e-11 
1190.11 3.73801e-11 
1190.12 4.06212e-11 
1190.13 4.41306e-11 
1190.14 4.79294e-11 
1190.15 5.20401e-11 
1190.16 5.64872e-11 
1190.17 6.12966e-11 
1190.18 6.64963e-11 
1190.19 7.21162e-11 
1190.2 7.81886e-11 
1190.21 8.47479e-11 
1190.21 9.18309e-11 
1190.22 9.95765e-11 
1190.23 1.07836e-10 
1190.24 1.16747e-10 
1190.25 1.26359e-10 
1190.26 1.36721e-10 
1190.27 1.47892e-10 
1190.28 1.59928e-10 
1190.29 1.72895e-10 
1190.3 1.86858e-10 
1190.31 2.01892e-10 
1190.32 2.18071e-10 
1190.33 2.3548e-10 
1190.34 2.54205e-10 
1190.35 2.7434e-10 
1190.36 2.95984e-10 
1190.37 3.19244e-10 
1190.38 3.44232e-10 
1190.39 3.71069e-10 
1190.4 3.99884e-10 
1190.41 4.30811e-10 
1190.42 4.63996e-10 
1190.43 4.99594e-10 
1190.44 5.37768e-10 
1190.45 5.78691e-10 
1190.46 6.22549e-10 
1190.47 6.69538e-10 
1190.48 7.20517e-10 
1190.49 7.74451e-10 
1190.5 8.32182e-10 
1190.51 8.93958e-10 
1190.52 9.60043e-10 
1190.53 1.03072e-09 
1190.54 1.10627e-09 
1190.55 1.18703e-09 
1190.56 1.27331e-09 
1190.57 1.36547e-09 
1190.58 1.46387e-09 
1190.59 1.56892e-09 
1190.6 1.68101e-09 
1190.61 1.80173e-09 
1190.62 1.92935e-09 
1190.63 2.06541e-09 
1190.64 2.21043e-09 
1190.64 2.36495e-09 
1190.65 2.52954e-09 
1190.66 2.70481e-09 
1190.67 2.89139e-09 
1190.68 3.08994e-09 
1190.69 3.30118e-09 
1190.7 3.52585e-09 
1190.71 3.76472e-09 
1190.72 4.01861e-09 
1190.73 4.29186e-09 
1190.74 4.57864e-09 
1190.75 4.88318e-09 
1190.76 5.20647e-09 
1190.77 5.54956e-09 
1190.78 5.91356e-09 
1190.79 6.29961e-09 
1190.8 6.70893e-09 
1190.81 7.14279e-09 
1190.82 7.60251e-09 
1190.83 8.08948e-09 
1190.84 8.60517e-09 
1190.85 9.15108e-09 
1190.86 9.72883e-09 
1190.87 1.03401e-08 
1190.88 1.09865e-08 
1190.89 1.16701e-08 
1190.9 1.23925e-08 
1190.91 1.31559e-08 
1190.92 1.39624e-08 
1190.93 1.48139e-08 
1190.94 1.57129e-08 
1190.95 1.66616e-08 
1190.96 1.76625e-08 
1190.97 1.87181e-08 
1190.98 1.98454e-08 
1190.99 2.10193e-08 
1191 2.22562e-08 
1191.01 2.35591e-08 
1191.02 2.49311e-08 
1191.03 2.63753e-08 
1191.04 2.78952e-08 
1191.05 2.94942e-08 
1191.06 3.11758e-08 
1191.07 3.29438e-08 
1191.07 3.4802e-08 
1191.08 3.67545e-08 
1191.09 3.88052e-08 
1191.1 4.09586e-08 
1191.11 4.3219e-08 
1191.12 4.5591e-08 
1191.13 4.80794e-08 
1191.14 5.06889e-08 
1191.15 5.34246e-08 
1191.16 5.62918e-08 
1191.17 5.92957e-08 
1191.18 6.24419e-08 
1191.19 6.5736e-08 
1191.2 6.9184e-08 
1191.21 7.27919e-08 
1191.22 7.65658e-08 
1191.23 8.05626e-08 
1191.24 8.46902e-08 
1191.25 8.90037e-08 
1191.26 9.35098e-08 
1191.27 9.82158e-08 
1191.28 1.03129e-07 
1191.29 1.08256e-07 
1191.3 1.13606e-07 
1191.31 1.19186e-07 
1191.32 1.25004e-07 
1191.33 1.31067e-07 
1191.34 1.37386e-07 
1191.35 1.43967e-07 
1191.36 1.50821e-07 
1191.37 1.57954e-07 
1191.38 1.65378e-07 
1191.39 1.73101e-07 
1191.4 1.81132e-07 
1191.41 1.89481e-07 
1191.42 1.98157e-07 
1191.43 2.07171e-07 
1191.44 2.16533e-07 
1191.45 2.26253e-07 
1191.46 2.3634e-07 
1191.47 2.46807e-07 
1191.48 2.57803e-07 
1191.49 2.6906e-07 
1191.49 2.80732e-07 
1191.5 2.92825e-07 
1191.51 3.0535e-07 
1191.52 3.1832e-07 
1191.53 3.31745e-07 
1191.54 3.45637e-07 
1191.55 3.60006e-07 
1191.56 3.74864e-07 
1191.57 3.90224e-07 
1191.58 4.06095e-07 
1191.59 4.2249e-07 
1191.6 4.39694e-07 
1191.61 4.57182e-07 
1191.62 4.75228e-07 
1191.63 4.93844e-07 
1191.64 5.13042e-07 
1191.65 5.32832e-07 
1191.66 5.53225e-07 
1191.67 5.74234e-07 
1191.68 5.95868e-07 
1191.69 6.1814e-07 
1191.7 6.41058e-07 
1191.71 6.64635e-07 
1191.72 6.8888e-07 
1191.73 7.1412e-07 
1191.74 7.3974e-07 
1191.75 7.66059e-07 
1191.76 7.93086e-07 
1191.77 8.20829e-07 
1191.78 8.49298e-07 
1191.79 8.78501e-07 
1191.8 9.08446e-07 
1191.81 9.39141e-07 
1191.82 9.70593e-07 
1191.83 1.00281e-06 
1191.84 1.0358e-06 
1191.85 1.06956e-06 
1191.86 1.1041e-06 
1191.87 1.13944e-06 
1191.88 1.17556e-06 
1191.89 1.21248e-06 
1191.9 1.2502e-06 
1191.91 1.28872e-06 
1191.92 1.32804e-06 
1191.92 1.36817e-06 
1191.93 1.4091e-06 
1191.94 1.45084e-06 
1191.95 1.49339e-06 
1191.96 1.53674e-06 
1191.97 1.58089e-06 
1191.98 1.62641e-06 
1191.99 1.67217e-06 
1192 1.71872e-06 
1192.01 1.76606e-06 
1192.02 1.81418e-06 
1192.03 1.86307e-06 
1192.04 1.91272e-06 
1192.05 1.96314e-06 
1192.06 2.0143e-06 
1192.07 2.0662e-06 
1192.08 2.11882e-06 
1192.09 2.17216e-06 
1192.1 2.2262e-06 
1192.11 2.28093e-06 
1192.12 2.33632e-06 
1192.13 2.39237e-06 
1192.14 2.44906e-06 
1192.15 2.50638e-06 
1192.16 2.56429e-06 
1192.17 2.62278e-06 
1192.18 2.68184e-06 
1192.19 2.74143e-06 
1192.2 2.80154e-06 
1192.21 2.86214e-06 
1192.22 2.92321e-06 
1192.23 2.98549e-06 
1192.24 3.04742e-06 
1192.25 3.10974e-06 
1192.26 3.17242e-06 
1192.27 3.23543e-06 
1192.28 3.29874e-06 
1192.29 3.36232e-06 
1192.3 3.42613e-06 
1192.31 3.49015e-06 
1192.32 3.55434e-06 
1192.33 3.61867e-06 
1192.34 3.6831e-06 
1192.34 3.74759e-06 
1192.35 3.81212e-06 
1192.36 3.87664e-06 
1192.37 3.94111e-06 
1192.38 4.0055e-06 
1192.39 4.06976e-06 
1192.4 4.13387e-06 
1192.41 4.19777e-06 
1192.42 4.26144e-06 
1192.43 4.32482e-06 
1192.44 4.38788e-06 
1192.45 4.45057e-06 
1192.46 4.51286e-06 
1192.47 4.5747e-06 
1192.48 4.63681e-06 
1192.49 4.69762e-06 
1192.5 4.75786e-06 
1192.51 4.81748e-06 
1192.52 4.87643e-06 
1192.53 4.93469e-06 
1192.54 4.9922e-06 
1192.55 5.04893e-06 
1192.56 5.10483e-06 
1192.57 5.15986e-06 
1192.58 5.21398e-06 
1192.59 5.26714e-06 
1192.6 5.31932e-06 
1192.61 5.37381e-06 
1192.62 5.42391e-06 
1192.63 5.4729e-06 
1192.64 5.52074e-06 
1192.65 5.56739e-06 
1192.66 5.61281e-06 
1192.67 5.65698e-06 
1192.68 5.69985e-06 
1192.69 5.74139e-06 
1192.7 5.78156e-06 
1192.71 5.82034e-06 
1192.72 5.85768e-06 
1192.73 5.894e-06 
1192.74 5.92838e-06 
1192.75 5.96124e-06 
1192.76 5.99255e-06 
1192.77 6.02229e-06 
1192.77 6.05043e-06 
1192.78 6.07695e-06 
1192.79 6.10182e-06 
1192.8 6.12503e-06 
1192.81 6.14656e-06 
1192.82 6.16638e-06 
1192.83 6.18448e-06 
1192.84 6.20085e-06 
1192.85 6.21546e-06 
1192.86 6.22832e-06 
1192.87 6.2394e-06 
1192.88 6.2487e-06 
1192.89 6.25621e-06 
1192.9 6.26192e-06 
1192.91 6.26583e-06 
1192.92 6.26793e-06 
1192.93 6.26823e-06 
1192.94 6.26672e-06 
1192.95 6.2634e-06 
1192.96 6.25828e-06 
1192.97 6.25136e-06 
1192.98 6.24253e-06 
1192.99 6.23201e-06 
1193 6.21972e-06 
1193.01 6.20565e-06 
1193.02 6.18984e-06 
1193.03 6.17229e-06 
1193.04 6.15301e-06 
1193.05 6.13202e-06 
1193.06 6.10934e-06 
1193.07 6.08499e-06 
1193.08 6.05899e-06 
1193.09 6.03136e-06 
1193.1 6.00213e-06 
1193.11 5.97132e-06 
1193.12 5.93895e-06 
1193.13 5.90506e-06 
1193.14 5.86967e-06 
1193.15 5.8328e-06 
1193.16 5.7945e-06 
1193.17 5.75479e-06 
1193.18 5.7137e-06 
1193.19 5.67128e-06 
1193.19 5.62754e-06 
1193.2 5.58254e-06 
1193.21 5.5363e-06 
1193.22 5.48825e-06 
1193.23 5.43964e-06 
1193.24 5.3899e-06 
1193.25 5.33907e-06 
1193.26 5.2872e-06 
1193.27 5.23433e-06 
1193.28 5.1805e-06 
1193.29 5.12573e-06 
1193.3 5.07009e-06 
1193.31 5.01361e-06 
1193.32 4.95633e-06 
1193.33 4.89829e-06 
1193.34 4.83954e-06 
1193.35 4.78012e-06 
1193.36 4.72007e-06 
1193.37 4.65943e-06 
1193.38 4.59825e-06 
1193.39 4.53656e-06 
1193.4 4.47442e-06 
1193.41 4.41185e-06 
1193.42 4.34891e-06 
1193.43 4.28564e-06 
1193.44 4.22207e-06 
1193.45 4.15825e-06 
1193.46 4.09422e-06 
1193.47 4.03002e-06 
1193.48 3.96488e-06 
1193.49 3.90045e-06 
1193.5 3.83597e-06 
1193.51 3.77147e-06 
1193.52 3.70699e-06 
1193.53 3.64257e-06 
1193.54 3.57824e-06 
1193.55 3.51404e-06 
1193.56 3.45001e-06 
1193.57 3.38618e-06 
1193.58 3.32257e-06 
1193.59 3.25923e-06 
1193.6 3.19619e-06 
1193.61 3.13542e-06 
1193.62 3.07301e-06 
1193.62 3.01099e-06 
1193.63 2.94938e-06 
1193.64 2.88821e-06 
1193.65 2.82751e-06 
1193.66 2.76729e-06 
1193.67 2.70759e-06 
1193.68 2.64843e-06 
1193.69 2.58983e-06 
1193.7 2.53181e-06 
1193.71 2.47439e-06 
1193.72 2.4176e-06 
1193.73 2.36075e-06 
1193.74 2.30526e-06 
1193.75 2.25044e-06 
1193.76 2.19631e-06 
1193.77 2.14289e-06 
1193.78 2.09019e-06 
1193.79 2.03822e-06 
1193.8 1.98699e-06 
1193.81 1.93652e-06 
1193.82 1.88681e-06 
1193.83 1.83788e-06 
1193.84 1.78972e-06 
1193.85 1.74236e-06 
1193.86 1.69579e-06 
1193.87 1.65002e-06 
1193.88 1.60506e-06 
1193.89 1.56091e-06 
1193.9 1.51757e-06 
1193.91 1.47505e-06 
1193.92 1.43334e-06 
1193.93 1.39246e-06 
1193.94 1.35239e-06 
1193.95 1.31315e-06 
1193.96 1.27472e-06 
1193.97 1.23711e-06 
1193.98 1.19986e-06 
1193.99 1.16388e-06 
1194 1.12871e-06 
1194.01 1.09435e-06 
1194.02 1.06078e-06 
1194.03 1.02802e-06 
1194.04 9.96034e-07 
1194.05 9.64836e-07 
1194.05 9.34415e-07 
1194.06 9.04763e-07 
1194.07 8.75873e-07 
1194.08 8.47737e-07 
1194.09 8.20348e-07 
1194.1 7.93697e-07 
1194.11 7.67776e-07 
1194.12 7.42575e-07 
1194.13 7.18085e-07 
1194.14 6.94297e-07 
1194.15 6.712e-07 
1194.16 6.48786e-07 
1194.17 6.27042e-07 
1194.18 6.05961e-07 
1194.19 5.8553e-07 
1194.2 5.65739e-07 
1194.21 5.46577e-07 
1194.22 5.28033e-07 
1194.23 5.09877e-07 
1194.24 4.92544e-07 
1194.25 4.75796e-07 
1194.26 4.59622e-07 
1194.27 4.4401e-07 
1194.28 4.28949e-07 
1194.29 4.14427e-07 
1194.3 4.00435e-07 
1194.31 3.86959e-07 
1194.32 3.7399e-07 
1194.33 3.61515e-07 
1194.34 3.49524e-07 
1194.35 3.38005e-07 
1194.36 3.26947e-07 
1194.37 3.1634e-07 
1194.38 3.06173e-07 
1194.39 2.96434e-07 
1194.4 2.87114e-07 
1194.41 2.782e-07 
1194.42 2.69684e-07 
1194.43 2.61555e-07 
1194.44 2.53802e-07 
1194.45 2.46415e-07 
1194.46 2.39384e-07 
1194.47 2.32701e-07 
1194.47 2.26278e-07 
1194.48 2.2026e-07 
1194.49 2.14562e-07 
1194.5 2.09173e-07 
1194.51 2.04082e-07 
1194.52 1.99283e-07 
1194.53 1.94765e-07 
1194.54 1.9052e-07 
1194.55 1.8654e-07 
1194.56 1.82816e-07 
1194.57 1.7934e-07 
1194.58 1.76104e-07 
1194.59 1.73101e-07 
1194.6 1.70322e-07 
1194.61 1.67865e-07 
1194.62 1.65512e-07 
1194.63 1.63362e-07 
1194.64 1.61407e-07 
1194.65 1.59641e-07 
1194.66 1.58057e-07 
1194.67 1.56649e-07 
1194.68 1.5541e-07 
1194.69 1.54334e-07 
1194.7 1.53414e-07 
1194.71 1.52645e-07 
1194.72 1.52021e-07 
1194.73 1.51531e-07 
1194.74 1.51181e-07 
1194.75 1.50959e-07 
1194.76 1.5086e-07 
1194.77 1.50879e-07 
1194.78 1.5101e-07 
1194.79 1.51248e-07 
1194.8 1.5159e-07 
1194.81 1.52029e-07 
1194.82 1.52562e-07 
1194.83 1.53184e-07 
1194.84 1.53891e-07 
1194.85 1.54678e-07 
1194.86 1.55542e-07 
1194.87 1.56478e-07 
1194.88 1.57483e-07 
1194.89 1.58552e-07 
1194.9 1.59682e-07 
1194.9 1.6087e-07 
1194.91 1.62111e-07 
1194.92 1.63403e-07 
1194.93 1.64741e-07 
1194.94 1.66124e-07 
1194.95 1.67547e-07 
1194.96 1.69007e-07 
1194.97 1.70502e-07 
1194.98 1.72048e-07 
1194.99 1.73603e-07 
1195 1.75184e-07 
1195.01 1.76789e-07 
1195.02 1.78414e-07 
1195.03 1.80056e-07 
1195.04 1.81715e-07 
1195.05 1.83386e-07 
1195.06 1.85068e-07 
1195.07 1.86758e-07 
1195.08 1.88455e-07 
1195.09 1.90155e-07 
1195.1 1.91857e-07 
1195.11 1.93559e-07 
1195.12 1.95259e-07 
1195.13 1.96955e-07 
1195.14 1.98645e-07 
1195.15 2.00327e-07 
1195.16 2.01999e-07 
1195.17 2.0366e-07 
1195.18 2.05309e-07 
1195.19 2.06943e-07 
1195.2 2.0856e-07 
1195.21 2.10161e-07 
1195.22 2.11742e-07 
1195.23 2.13323e-07 
1195.24 2.14863e-07 
1195.25 2.16379e-07 
1195.26 2.17872e-07 
1195.27 2.19339e-07 
1195.28 2.2078e-07 
1195.29 2.22194e-07 
1195.3 2.23579e-07 
1195.31 2.24935e-07 
1195.32 2.2626e-07 
1195.32 2.27555e-07 
1195.33 2.28817e-07 
1195.34 2.30047e-07 
1195.35 2.31244e-07 
1195.36 2.32406e-07 
1195.37 2.33534e-07 
1195.38 2.34626e-07 
1195.39 2.35683e-07 
1195.4 2.36704e-07 
1195.41 2.37687e-07 
1195.42 2.38634e-07 
1195.43 2.39544e-07 
1195.44 2.40416e-07 
1195.45 2.4125e-07 
1195.46 2.42046e-07 
1195.47 2.42803e-07 
1195.48 2.43531e-07 
1195.49 2.44212e-07 
1195.5 2.44854e-07 
1195.51 2.45458e-07 
1195.52 2.46024e-07 
1195.53 2.46551e-07 
1195.54 2.4704e-07 
1195.55 2.47492e-07 
1195.56 2.47906e-07 
1195.57 2.48282e-07 
1195.58 2.48622e-07 
1195.59 2.48925e-07 
1195.6 2.49191e-07 
1195.61 2.49577e-07 
1195.62 2.49773e-07 
1195.63 2.49933e-07 
1195.64 2.50059e-07 
1195.65 2.50151e-07 
1195.66 2.5021e-07 
1195.67 2.50236e-07 
1195.68 2.5023e-07 
1195.69 2.50193e-07 
1195.7 2.50125e-07 
1195.71 2.50027e-07 
1195.72 2.499e-07 
1195.73 2.49743e-07 
1195.74 2.49559e-07 
1195.75 2.49349e-07 
1195.75 2.49112e-07 
1195.76 2.48851e-07 
1195.77 2.48565e-07 
1195.78 2.48256e-07 
1195.79 2.47924e-07 
1195.8 2.47571e-07 
1195.81 2.47197e-07 
1195.82 2.46804e-07 
1195.83 2.46392e-07 
1195.84 2.45962e-07 
1195.85 2.45515e-07 
1195.86 2.45052e-07 
1195.87 2.44575e-07 
1195.88 2.44083e-07 
1195.89 2.43579e-07 
1195.9 2.43063e-07 
1195.91 2.42536e-07 
1195.92 2.41999e-07 
1195.93 2.41453e-07 
1195.94 2.40899e-07 
1195.95 2.40338e-07 
1195.96 2.39771e-07 
1195.97 2.39199e-07 
1195.98 2.38616e-07 
1195.99 2.38037e-07 
1196 2.37456e-07 
1196.01 2.36874e-07 
1196.02 2.36291e-07 
1196.03 2.35709e-07 
1196.04 2.35129e-07 
1196.05 2.34551e-07 
1196.06 2.33976e-07 
1196.07 2.33405e-07 
1196.08 2.3284e-07 
1196.09 2.3228e-07 
1196.1 2.31726e-07 
1196.11 2.31181e-07 
1196.12 2.30643e-07 
1196.13 2.30114e-07 
1196.14 2.29595e-07 
1196.15 2.29086e-07 
1196.16 2.28589e-07 
1196.17 2.28103e-07 
1196.17 2.27629e-07 
1196.18 2.27169e-07 
1196.19 2.26722e-07 
1196.2 2.26289e-07 
1196.21 2.25871e-07 
1196.22 2.25464e-07 
1196.23 2.25077e-07 
1196.24 2.24707e-07 
1196.25 2.24353e-07 
1196.26 2.24017e-07 
1196.27 2.23699e-07 
1196.28 2.23398e-07 
1196.29 2.23117e-07 
1196.3 2.22853e-07 
1196.31 2.2261e-07 
1196.32 2.22385e-07 
1196.33 2.22181e-07 
1196.34 2.21996e-07 
1196.35 2.21832e-07 
1196.36 2.21689e-07 
1196.37 2.21566e-07 
1196.38 2.21464e-07 
1196.39 2.21384e-07 
1196.4 2.21325e-07 
1196.41 2.21287e-07 
1196.42 2.21271e-07 
1196.43 2.21277e-07 
1196.44 2.21304e-07 
1196.45 2.21354e-07 
1196.46 2.21425e-07 
1196.47 2.21519e-07 
1196.48 2.21636e-07 
1196.49 2.21774e-07 
1196.5 2.21933e-07 
1196.51 2.22115e-07 
1196.52 2.22319e-07 
1196.53 2.22546e-07 
1196.54 2.22794e-07 
1196.55 2.23064e-07 
1196.56 2.23355e-07 
1196.57 2.23669e-07 
1196.58 2.24005e-07 
1196.59 2.24362e-07 
1196.6 2.24741e-07 
1196.6 2.25281e-07 
1196.61 2.25703e-07 
1196.62 2.26146e-07 
1196.63 2.2661e-07 
1196.64 2.27096e-07 
1196.65 2.27602e-07 
1196.66 2.28129e-07 
1196.67 2.28678e-07 
1196.68 2.29246e-07 
1196.69 2.29836e-07 
1196.7 2.30445e-07 
1196.71 2.31075e-07 
1196.72 2.31726e-07 
1196.73 2.32404e-07 
1196.74 2.33095e-07 
1196.75 2.33805e-07 
1196.76 2.34535e-07 
1196.77 2.35285e-07 
1196.78 2.36054e-07 
1196.79 2.36843e-07 
1196.8 2.3765e-07 
1196.81 2.38478e-07 
1196.82 2.39324e-07 
1196.83 2.40189e-07 
1196.84 2.41074e-07 
1196.85 2.41977e-07 
1196.86 2.42899e-07 
1196.87 2.4384e-07 
1196.88 2.44799e-07 
1196.89 2.45777e-07 
1196.9 2.46774e-07 
1196.91 2.47789e-07 
1196.92 2.48823e-07 
1196.93 2.49875e-07 
1196.94 2.50946e-07 
1196.95 2.52035e-07 
1196.96 2.53142e-07 
1196.97 2.54268e-07 
1196.98 2.55426e-07 
1196.99 2.56589e-07 
1197 2.5777e-07 
1197.01 2.58969e-07 
1197.02 2.60186e-07 
1197.03 2.61421e-07 
1197.03 2.62675e-07 
1197.04 2.63947e-07 
1197.05 2.65237e-07 
1197.06 2.66545e-07 
1197.07 2.67871e-07 
1197.08 2.69216e-07 
1197.09 2.70578e-07 
1197.1 2.71959e-07 
1197.11 2.73358e-07 
1197.12 2.74775e-07 
1197.13 2.7621e-07 
1197.14 2.77663e-07 
1197.15 2.79134e-07 
1197.16 2.80622e-07 
1197.17 2.82129e-07 
1197.18 2.83654e-07 
1197.19 2.85196e-07 
1197.2 2.86756e-07 
1197.21 2.88333e-07 
1197.22 2.89928e-07 
1197.23 2.91561e-07 
1197.24 2.93191e-07 
1197.25 2.94838e-07 
1197.26 2.96503e-07 
1197.27 2.98184e-07 
1197.28 2.99882e-07 
1197.29 3.01596e-07 
1197.3 3.03327e-07 
1197.31 3.05074e-07 
1197.32 3.06837e-07 
1197.33 3.08616e-07 
1197.34 3.1041e-07 
1197.35 3.12219e-07 
1197.36 3.14044e-07 
1197.37 3.15883e-07 
1197.38 3.17736e-07 
1197.39 3.19603e-07 
1197.4 3.21485e-07 
1197.41 3.23379e-07 
1197.42 3.25286e-07 
1197.43 3.27206e-07 
1197.44 3.29137e-07 
1197.45 3.31081e-07 
1197.45 3.33035e-07 
1197.46 3.35001e-07 
1197.47 3.36976e-07 
1197.48 3.38986e-07 
1197.49 3.4098e-07 
1197.5 3.42982e-07 
1197.51 3.44993e-07 
1197.52 3.47011e-07 
1197.53 3.49035e-07 
1197.54 3.51065e-07 
1197.55 3.53101e-07 
1197.56 3.55142e-07 
1197.57 3.57186e-07 
1197.58 3.59234e-07 
1197.59 3.61284e-07 
1197.6 3.63336e-07 
1197.61 3.65615e-07 
1197.62 3.67669e-07 
1197.63 3.69723e-07 
1197.64 3.71774e-07 
1197.65 3.73824e-07 
1197.66 3.7587e-07 
1197.67 3.77912e-07 
1197.68 3.79949e-07 
1197.69 3.81981e-07 
1197.7 3.84005e-07 
1197.71 3.86022e-07 
1197.72 3.8803e-07 
1197.73 3.90053e-07 
1197.74 3.9204e-07 
1197.75 3.94016e-07 
1197.76 3.9598e-07 
1197.77 3.9793e-07 
1197.78 3.99865e-07 
1197.79 4.01785e-07 
1197.8 4.03688e-07 
1197.81 4.05574e-07 
1197.82 4.07442e-07 
1197.83 4.0929e-07 
1197.84 4.11117e-07 
1197.85 4.12924e-07 
1197.86 4.14707e-07 
1197.87 4.16468e-07 
1197.88 4.18204e-07 
1197.88 4.19915e-07 
1197.89 4.216e-07 
1197.9 4.23258e-07 
1197.91 4.24887e-07 
1197.92 4.26488e-07 
1197.93 4.28059e-07 
1197.94 4.29599e-07 
1197.95 4.31108e-07 
1197.96 4.32584e-07 
1197.97 4.34028e-07 
1197.98 4.35455e-07 
1197.99 4.36829e-07 
1198 4.38168e-07 
1198.01 4.39471e-07 
1198.02 4.40738e-07 
1198.03 4.41967e-07 
1198.04 4.43158e-07 
1198.05 4.44311e-07 
1198.06 4.45424e-07 
1198.07 4.46499e-07 
1198.08 4.47533e-07 
1198.09 4.48527e-07 
1198.1 4.49481e-07 
1198.11 4.50393e-07 
1198.12 4.51265e-07 
1198.13 4.52095e-07 
1198.14 4.52883e-07 
1198.15 4.5363e-07 
1198.16 4.54335e-07 
1198.17 4.54998e-07 
1198.18 4.55619e-07 
1198.19 4.56199e-07 
1198.2 4.56737e-07 
1198.21 4.57234e-07 
1198.22 4.5769e-07 
1198.23 4.58111e-07 
1198.24 4.58485e-07 
1198.25 4.5882e-07 
1198.26 4.59116e-07 
1198.27 4.59373e-07 
1198.28 4.59591e-07 
1198.29 4.59773e-07 
1198.3 4.59918e-07 
1198.3 4.60027e-07 
1198.31 4.60101e-07 
1198.32 4.60142e-07 
1198.33 4.6015e-07 
1198.34 4.60126e-07 
1198.35 4.60072e-07 
1198.36 4.59988e-07 
1198.37 4.59877e-07 
1198.38 4.59739e-07 
1198.39 4.59577e-07 
1198.4 4.59391e-07 
1198.41 4.59183e-07 
1198.42 4.58955e-07 
1198.43 4.58708e-07 
1198.44 4.58445e-07 
1198.45 4.58167e-07 
1198.46 4.57877e-07 
1198.47 4.57576e-07 
1198.48 4.57262e-07 
1198.49 4.56946e-07 
1198.5 4.56626e-07 
1198.51 4.56304e-07 
1198.52 4.55982e-07 
1198.53 4.55663e-07 
1198.54 4.5535e-07 
1198.55 4.55044e-07 
1198.56 4.5475e-07 
1198.57 4.54468e-07 
1198.58 4.54202e-07 
1198.59 4.53955e-07 
1198.6 4.53729e-07 
1198.61 4.53809e-07 
1198.62 4.53635e-07 
1198.63 4.53492e-07 
1198.64 4.53381e-07 
1198.65 4.53307e-07 
1198.66 4.53272e-07 
1198.67 4.53281e-07 
1198.68 4.53334e-07 
1198.69 4.53437e-07 
1198.7 4.53592e-07 
1198.71 4.53802e-07 
1198.72 4.54071e-07 
1198.73 4.54407e-07 
1198.73 4.54805e-07 
1198.74 4.55271e-07 
1198.75 4.55809e-07 
1198.76 4.56423e-07 
1198.77 4.57115e-07 
1198.78 4.5789e-07 
1198.79 4.5875e-07 
1198.8 4.597e-07 
1198.81 4.60741e-07 
1198.82 4.61878e-07 
1198.83 4.63114e-07 
1198.84 4.64452e-07 
1198.85 4.65895e-07 
1198.86 4.67448e-07 
1198.87 4.69112e-07 
1198.88 4.70891e-07 
1198.89 4.72788e-07 
1198.9 4.74807e-07 
1198.91 4.7695e-07 
1198.92 4.7922e-07 
1198.93 4.8162e-07 
1198.94 4.84153e-07 
1198.95 4.86822e-07 
1198.96 4.8963e-07 
1198.97 4.92579e-07 
1198.98 4.95711e-07 
1198.99 4.98951e-07 
1199 5.0234e-07 
1199.01 5.0588e-07 
1199.02 5.09573e-07 
1199.03 5.13421e-07 
1199.04 5.17427e-07 
1199.05 5.21591e-07 
1199.06 5.25916e-07 
1199.07 5.30403e-07 
1199.08 5.35054e-07 
1199.09 5.39871e-07 
1199.1 5.44854e-07 
1199.11 5.50004e-07 
1199.12 5.55323e-07 
1199.13 5.60812e-07 
1199.14 5.6647e-07 
1199.15 5.72299e-07 
1199.15 5.78299e-07 
1199.16 5.84471e-07 
1199.17 5.90813e-07 
1199.18 5.97327e-07 
1199.19 6.04012e-07 
1199.2 6.10867e-07 
1199.21 6.17891e-07 
1199.22 6.25177e-07 
1199.23 6.3254e-07 
1199.24 6.40071e-07 
1199.25 6.47768e-07 
1199.26 6.55628e-07 
1199.27 6.63651e-07 
1199.28 6.71835e-07 
1199.29 6.80177e-07 
1199.3 6.88675e-07 
1199.31 6.97327e-07 
1199.32 7.0613e-07 
1199.33 7.15081e-07 
1199.34 7.24178e-07 
1199.35 7.33416e-07 
1199.36 7.42794e-07 
1199.37 7.52306e-07 
1199.38 7.6195e-07 
1199.39 7.71721e-07 
1199.4 7.81616e-07 
1199.41 7.91629e-07 
1199.42 8.01757e-07 
1199.43 8.11995e-07 
1199.44 8.22338e-07 
1199.45 8.3278e-07 
1199.46 8.43318e-07 
1199.47 8.53945e-07 
1199.48 8.64789e-07 
1199.49 8.75579e-07 
1199.5 8.86441e-07 
1199.51 8.97369e-07 
1199.52 9.08356e-07 
1199.53 9.19398e-07 
1199.54 9.30487e-07 
1199.55 9.41616e-07 
1199.56 9.52779e-07 
1199.57 9.63969e-07 
1199.58 9.7518e-07 
1199.58 9.86403e-07 
1199.59 9.97633e-07 
1199.6 1.00886e-06 
1199.61 1.02071e-06 
1199.62 1.03192e-06 
1199.63 1.04311e-06 
1199.64 1.05426e-06 
1199.65 1.06538e-06 
1199.66 1.07645e-06 
1199.67 1.08746e-06 
1199.68 1.09841e-06 
1199.69 1.10929e-06 
1199.7 1.12009e-06 
1199.71 1.13081e-06 
1199.72 1.14143e-06 
1199.73 1.15208e-06 
1199.74 1.16249e-06 
1199.75 1.17278e-06 
1199.76 1.18295e-06 
1199.77 1.19298e-06 
1199.78 1.20287e-06 
1199.79 1.21261e-06 
1199.8 1.22219e-06 
1199.81 1.23161e-06 
1199.82 1.24085e-06 
1199.83 1.24992e-06 
1199.84 1.25879e-06 
1199.85 1.26748e-06 
1199.86 1.27596e-06 
1199.87 1.28423e-06 
1199.88 1.29229e-06 
1199.89 1.30012e-06 
1199.9 1.30772e-06 
1199.91 1.31509e-06 
1199.92 1.32222e-06 
1199.93 1.32909e-06 
1199.94 1.33571e-06 
1199.95 1.34207e-06 
1199.96 1.34817e-06 
1199.97 1.35399e-06 
1199.98 1.3596e-06 
1199.99 1.36486e-06 
1200 1.36984e-06 
1200.01 1.37452e-06 
1200.01 1.3789e-06 
1200.02 1.38298e-06 
1200.03 1.38676e-06 
1200.04 1.39023e-06 
1200.05 1.39339e-06 
1200.06 1.39623e-06 
1200.07 1.39875e-06 
1200.08 1.40095e-06 
1200.09 1.40283e-06 
1200.1 1.40438e-06 
1200.11 1.40561e-06 
1200.12 1.4065e-06 
1200.13 1.40706e-06 
1200.14 1.40729e-06 
1200.15 1.40719e-06 
1200.16 1.40675e-06 
1200.17 1.40598e-06 
1200.18 1.40487e-06 
1200.19 1.40343e-06 
1200.2 1.40165e-06 
1200.21 1.39954e-06 
1200.22 1.3971e-06 
1200.23 1.39429e-06 
1200.24 1.39118e-06 
1200.25 1.38774e-06 
1200.26 1.38397e-06 
1200.27 1.37988e-06 
1200.28 1.37547e-06 
1200.29 1.37074e-06 
1200.3 1.3657e-06 
1200.31 1.36034e-06 
1200.32 1.35467e-06 
1200.33 1.34869e-06 
1200.34 1.34242e-06 
1200.35 1.33584e-06 
1200.36 1.32897e-06 
1200.37 1.32181e-06 
1200.38 1.31437e-06 
1200.39 1.30665e-06 
1200.4 1.29866e-06 
1200.41 1.29039e-06 
1200.42 1.28186e-06 
1200.43 1.27308e-06 
1200.43 1.26404e-06 
1200.44 1.25476e-06 
1200.45 1.24524e-06 
1200.46 1.23548e-06 
1200.47 1.2255e-06 
1200.48 1.21516e-06 
1200.49 1.20474e-06 
1200.5 1.19412e-06 
1200.51 1.18329e-06 
1200.52 1.17227e-06 
1200.53 1.16107e-06 
1200.54 1.14968e-06 
1200.55 1.13813e-06 
1200.56 1.12641e-06 
1200.57 1.11454e-06 
1200.58 1.10251e-06 
1200.59 1.09034e-06 
1200.6 1.07804e-06 
1200.61 1.06628e-06 
1200.62 1.05372e-06 
1200.63 1.04106e-06 
1200.64 1.02828e-06 
1200.65 1.01542e-06 
1200.66 1.00246e-06 
1200.67 9.89421e-07 
1200.68 9.76308e-07 
1200.69 9.63129e-07 
1200.7 9.4989e-07 
1200.71 9.36598e-07 
1200.72 9.23262e-07 
1200.73 9.09721e-07 
1200.74 8.96316e-07 
1200.75 8.82888e-07 
1200.76 8.69444e-07 
1200.77 8.55989e-07 
1200.78 8.42532e-07 
1200.79 8.2908e-07 
1200.8 8.15637e-07 
1200.81 8.02212e-07 
1200.82 7.8881e-07 
1200.83 7.75437e-07 
1200.84 7.621e-07 
1200.85 7.48805e-07 
1200.85 7.35557e-07 
1200.86 7.22363e-07 
1200.87 7.09227e-07 
1200.88 6.96156e-07 
1200.89 6.83154e-07 
1200.9 6.70227e-07 
1200.91 6.57379e-07 
1200.92 6.44616e-07 
1200.93 6.31943e-07 
1200.94 6.19363e-07 
1200.95 6.06881e-07 
1200.96 5.94501e-07 
1200.97 5.82228e-07 
1200.98 5.69913e-07 
1200.99 5.57866e-07 
1201 5.45935e-07 
1201.01 5.34126e-07 
1201.02 5.22441e-07 
1201.03 5.10884e-07 
1201.04 4.99456e-07 
1201.05 4.88162e-07 
1201.06 4.77003e-07 
1201.07 4.65982e-07 
1201.08 4.55102e-07 
1201.09 4.44363e-07 
1201.1 4.3377e-07 
1201.11 4.23322e-07 
1201.12 4.13022e-07 
1201.13 4.02872e-07 
1201.14 3.92872e-07 
1201.15 3.83024e-07 
1201.16 3.73329e-07 
1201.17 3.63788e-07 
1201.18 3.54402e-07 
1201.19 3.45171e-07 
1201.2 3.36096e-07 
1201.21 3.27177e-07 
1201.22 3.18415e-07 
1201.23 3.09704e-07 
1201.24 3.01257e-07 
1201.25 2.92967e-07 
1201.26 2.84834e-07 
1201.27 2.76857e-07 
1201.28 2.69035e-07 
1201.28 2.61369e-07 
1201.29 2.53857e-07 
1201.3 2.46499e-07 
1201.31 2.39295e-07 
1201.32 2.32242e-07 
1201.33 2.25341e-07 
1201.34 2.1859e-07 
1201.35 2.11987e-07 
1201.36 2.05533e-07 
1201.37 1.99224e-07 
1201.38 1.93061e-07 
1201.39 1.87042e-07 
1201.4 1.81164e-07 
1201.41 1.75427e-07 
1201.42 1.69829e-07 
1201.43 1.64369e-07 
1201.44 1.59044e-07 
1201.45 1.53852e-07 
1201.46 1.48793e-07 
1201.47 1.43864e-07 
1201.48 1.39004e-07 
1201.49 1.34331e-07 
1201.5 1.29782e-07 
1201.51 1.25356e-07 
1201.52 1.21051e-07 
1201.53 1.16864e-07 
1201.54 1.12793e-07 
1201.55 1.08837e-07 
1201.56 1.04993e-07 
1201.57 1.0126e-07 
1201.58 9.76342e-08 
1201.59 9.41149e-08 
1201.6 9.06996e-08 
1201.61 8.74404e-08 
1201.62 8.4225e-08 
1201.63 8.11073e-08 
1201.64 7.80855e-08 
1201.65 7.51573e-08 
1201.66 7.23207e-08 
1201.67 6.95736e-08 
1201.68 6.69141e-08 
1201.69 6.434e-08 
1201.7 6.18494e-08 
1201.7 5.94402e-08 
1201.71 5.71105e-08 
1201.72 5.48306e-08 
1201.73 5.26549e-08 
1201.74 5.05528e-08 
1201.75 4.85224e-08 
1201.76 4.65619e-08 
1201.77 4.46693e-08 
1201.78 4.28428e-08 
1201.79 4.10807e-08 
1201.8 3.93812e-08 
1201.81 3.77424e-08 
1201.82 3.61628e-08 
1201.83 3.46405e-08 
1201.84 3.3174e-08 
1201.85 3.17616e-08 
1201.86 3.04016e-08 
1201.87 2.90926e-08 
1201.88 2.78329e-08 
1201.89 2.6621e-08 
1201.9 2.54556e-08 
1201.91 2.4335e-08 
1201.92 2.32579e-08 
1201.93 2.22228e-08 
1201.94 2.12285e-08 
1201.95 2.02736e-08 
1201.96 1.93567e-08 
1201.97 1.84767e-08 
1201.98 1.76219e-08 
1201.99 1.68122e-08 
1202 1.60357e-08 
1202.01 1.52912e-08 
1202.02 1.45776e-08 
1202.03 1.38938e-08 
1202.04 1.32388e-08 
1202.05 1.26114e-08 
1202.06 1.20108e-08 
1202.07 1.14359e-08 
1202.08 1.08857e-08 
1202.09 1.03595e-08 
1202.1 9.85614e-09 
1202.11 9.37491e-09 
1202.12 8.91494e-09 
1202.13 8.47541e-09 
1202.13 8.05551e-09 
1202.14 7.65449e-09 
1202.15 7.27161e-09 
1202.16 6.90614e-09 
1202.17 6.55738e-09 
1202.18 6.22467e-09 
1202.19 5.90736e-09 
1202.2 5.60481e-09 
1202.21 5.31641e-09 
1202.22 5.03832e-09 
1202.23 4.77658e-09 
1202.24 4.52737e-09 
1202.25 4.29008e-09 
1202.26 4.0642e-09 
1202.27 3.84925e-09 
1202.28 3.64475e-09 
1202.29 3.45024e-09 
1202.3 3.2653e-09 
1202.31 3.08948e-09 
1202.32 2.9224e-09 
1202.33 2.76366e-09 
1202.34 2.61289e-09 
1202.35 2.46972e-09 
1202.36 2.3338e-09 
1202.37 2.20481e-09 
1202.38 2.08243e-09 
1202.39 1.96634e-09 
1202.4 1.85626e-09 
1202.41 1.7519e-09 
1202.42 1.65299e-09 
1202.43 1.55927e-09 
1202.44 1.4705e-09 
1202.45 1.38643e-09 
1202.46 1.30684e-09 
1202.47 1.2315e-09 
1202.48 1.15935e-09 
1202.49 1.09197e-09 
1202.5 1.02824e-09 
1202.51 9.67991e-10 
1202.52 9.1104e-10 
1202.53 8.57225e-10 
1202.54 8.06385e-10 
1202.55 7.5837e-10 
1202.56 7.13034e-10 
1202.56 6.70239e-10 
1202.57 6.29855e-10 
1202.58 5.91755e-10 
1202.59 5.55819e-10 
1202.6 5.21935e-10 
1202.61 4.90295e-10 
1202.62 4.60174e-10 
1202.63 4.31794e-10 
1202.64 4.05062e-10 
1202.65 3.7989e-10 
1202.66 3.56192e-10 
1202.67 3.33888e-10 
1202.68 3.12903e-10 
1202.69 2.93162e-10 
1202.7 2.74598e-10 
1202.71 2.57145e-10 
1202.72 2.4074e-10 
1202.73 2.25138e-10 
1202.74 2.10669e-10 
1202.75 1.97079e-10 
1202.76 1.8432e-10 
1202.77 1.72344e-10 
1202.78 1.61105e-10 
1202.79 1.50561e-10 
1202.8 1.40672e-10 
1202.81 1.31399e-10 
1202.82 1.22707e-10 
1202.83 1.14561e-10 
1202.84 1.06929e-10 
1202.85 9.97796e-11 
1202.86 9.30852e-11 
1202.87 8.68181e-11 
1202.88 8.09525e-11 
1202.89 7.54642e-11 
1202.9 7.03303e-11 
1202.91 6.55292e-11 
1202.92 6.10405e-11 
1202.93 5.68449e-11 
1202.94 5.29243e-11 
1202.95 4.92618e-11 
1202.96 4.58412e-11 
1202.97 4.26474e-11 
1202.98 3.96661e-11 
1202.98 3.68503e-11 
1202.99 3.42569e-11 
1203 3.1838e-11 
1203.01 2.95824e-11 
1203.02 2.74798e-11 
1203.03 2.55201e-11 
1203.04 2.36942e-11 
1203.05 2.19935e-11 
1203.06 2.04096e-11 
1203.07 1.89351e-11 
1203.08 1.75627e-11 
1203.09 1.62856e-11 
1203.1 1.50976e-11 
1203.11 1.39928e-11 
1203.12 1.29655e-11 
1203.13 1.20106e-11 
1203.14 1.11233e-11 
1203.15 1.02989e-11 
1203.16 9.5332e-12 
1203.17 8.82222e-12 
1203.18 8.16221e-12 
1203.19 7.54967e-12 
1203.2 6.98135e-12 
1203.21 6.45418e-12 
1203.22 5.96532e-12 
1203.23 5.50664e-12 
1203.24 5.08697e-12 
1203.25 4.6981e-12 
1203.26 4.33787e-12 
1203.27 4.00425e-12 
1203.28 3.69535e-12 
1203.29 3.40943e-12 
1203.3 3.14484e-12 
1203.31 2.90005e-12 
1203.32 2.67364e-12 
1203.33 2.46429e-12 
1203.34 2.27076e-12 
1203.35 2.0919e-12 
1203.36 1.92664e-12 
1203.37 1.774e-12 
1203.38 1.63303e-12 
1203.39 1.50289e-12 
1203.4 1.38277e-12 
1203.41 1.27193e-12 
1203.41 1.16969e-12 
1203.42 1.07539e-12 
1203.43 9.8844e-13 
1203.44 9.08295e-13 
1203.45 8.34438e-13 
1203.46 7.66394e-13 
1203.47 7.03722e-13 
1203.48 6.4532e-13 
1203.49 5.92248e-13 
1203.5 5.43404e-13 
1203.51 4.98463e-13 
1203.52 4.57124e-13 
1203.53 4.19107e-13 
1203.54 3.84155e-13 
1203.55 3.5203e-13 
1203.56 3.2251e-13 
1203.57 2.95391e-13 
1203.58 2.70484e-13 
1203.59 2.47615e-13 
1203.6 2.26623e-13 
1203.61 2.07486e-13 
1203.62 1.898e-13 
1203.63 1.73578e-13 
1203.64 1.58702e-13 
1203.65 1.45065e-13 
1203.66 1.32566e-13 
1203.67 1.21114e-13 
1203.68 1.10623e-13 
1203.69 1.01015e-13 
1203.7 9.22189e-14 
1203.71 8.41673e-14 
1203.72 7.67994e-14 
1203.73 6.99783e-14 
1203.74 6.38201e-14 
1203.75 5.81892e-14 
1203.76 5.30418e-14 
1203.77 4.83375e-14 
1203.78 4.40394e-14 
1203.79 4.01133e-14 
1203.8 3.65281e-14 
1203.81 3.32549e-14 
1203.82 3.02674e-14 
1203.83 2.75414e-14 
1203.83 2.50545e-14 
1203.84 2.27865e-14 
1203.85 2.07186e-14 
1203.86 1.88336e-14 
1203.87 1.71158e-14 
1203.88 1.55508e-14 
1203.89 1.41253e-14 
1203.9 1.28272e-14 
1203.91 1.16455e-14 
1203.92 1.057e-14 
1203.93 9.59143e-15 
1203.94 8.70125e-15 
1203.95 7.8917e-15 
1203.96 7.15567e-15 
1203.97 6.48666e-15 
1203.98 5.87147e-15 
1203.99 5.31983e-15 
1204 4.8188e-15 
1204.01 4.36385e-15 
1204.02 3.95087e-15 
1204.03 3.57607e-15 
1204.04 3.23601e-15 
1204.05 2.92755e-15 
1204.06 2.64782e-15 
1204.07 2.39423e-15 
1204.08 2.16437e-15 
1204.09 1.95609e-15 
1204.1 1.76741e-15 
1204.11 1.59652e-15 
1204.12 1.4418e-15 
1204.13 1.30174e-15 
1204.14 1.17499e-15 
1204.15 1.06032e-15 
1204.16 9.56594e-16 
1204.17 8.628e-16 
1204.18 7.78007e-16 
1204.19 7.0137e-16 
1204.2 6.32124e-16 
1204.21 5.6957e-16 
1204.22 5.13078e-16 
1204.23 4.61467e-16 
1204.24 4.15486e-16 
1204.25 3.73993e-16 
1204.26 3.36559e-16 
1204.26 3.02795e-16 
1204.27 2.7235e-16 
1204.28 2.44904e-16 
1204.29 2.20169e-16 
1204.3 1.97882e-16 
1204.31 1.77807e-16 
1204.32 1.59728e-16 
1204.33 1.43451e-16 
1204.34 1.288e-16 
1204.35 1.15617e-16 
1204.36 1.03757e-16 
1204.37 9.30895e-17 
1204.38 8.34981e-17 
1204.39 7.48762e-17 
1204.4 6.71276e-17 
1204.41 6.01657e-17 
1204.42 5.39123e-17 
1204.43 4.82967e-17 
1204.44 4.32551e-17 
1204.45 3.87301e-17 
1204.46 3.46697e-17 
1204.47 3.10272e-17 
1204.48 2.77217e-17 
1204.49 2.47966e-17 
1204.5 2.21746e-17 
1204.51 1.98248e-17 
1204.52 1.77196e-17 
1204.53 1.58339e-17 
1204.54 1.41453e-17 
1204.55 1.26337e-17 
1204.56 1.12807e-17 
1204.57 1.00701e-17 
1204.58 8.98715e-18 
1204.59 8.01864e-18 
1204.6 7.15271e-18 
1204.61 6.37868e-18 
1204.62 5.69049e-18 
1204.63 5.07214e-18 
1204.64 4.51984e-18 
1204.65 4.02667e-18 
1204.66 3.58641e-18 
1204.67 3.19348e-18 
1204.68 2.84289e-18 
1204.68 2.53014e-18 
1204.69 2.25124e-18 
1204.7 2.00257e-18 
1204.71 1.78093e-18 
1204.72 1.58109e-18 
1204.73 1.40538e-18 
1204.74 1.24888e-18 
1204.75 1.10953e-18 
1204.76 9.85486e-19 
1204.77 8.75086e-19 
1204.78 7.76858e-19 
1204.79 6.89483e-19 
1204.8 6.11781e-19 
1204.81 5.42699e-19 
1204.82 4.81296e-19 
1204.83 4.26734e-19 
1204.84 3.78262e-19 
1204.85 3.35211e-19 
1204.86 2.96985e-19 
1204.87 2.63052e-19 
1204.88 2.32937e-19 
1204.89 2.06219e-19 
1204.9 1.82519e-19 
1204.91 1.61502e-19 
1204.92 1.42869e-19 
1204.93 1.26354e-19 
1204.94 1.1172e-19 
1204.95 9.87559e-20 
1204.96 8.72743e-20 
1204.97 7.71081e-20 
1204.98 6.80034e-20 
1204.99 6.00515e-20 
1205 5.30162e-20 
1205.01 4.67933e-20 
1205.02 4.12905e-20 
1205.03 3.64256e-20 
1205.04 3.21258e-20 
1205.05 2.83264e-20 
1205.06 2.49701e-20 
1205.07 2.20059e-20 
1205.08 1.93887e-20 
1205.09 1.70785e-20 
1205.1 1.50398e-20 
1205.11 1.32411e-20 
1205.11 1.16546e-20 
1205.12 1.02556e-20 
1205.13 9.02222e-21 
1205.14 7.93521e-21 
1205.15 6.9774e-21 
1205.16 6.13366e-21 
1205.17 5.39059e-21 
1205.18 4.73635e-21 
1205.19 4.16046e-21 
1205.2 3.65368e-21 
1205.21 3.20782e-21 
1205.22 2.81135e-21 
1205.23 2.46678e-21 
1205.24 2.16412e-21 
1205.25 1.89811e-21 
1205.26 1.66438e-21 
1205.27 1.45907e-21 
1205.28 1.27876e-21 
1205.29 1.12045e-21 
1205.3 9.81489e-22 
1205.31 8.59549e-22 
1205.32 7.52568e-22 
1205.33 6.58737e-22 
1205.34 5.7646e-22 
1205.35 5.04332e-22 
1205.36 4.41118e-22 
1205.37 3.8573e-22 
1205.38 3.37212e-22 
1205.39 2.94722e-22 
1205.4 2.57522e-22 
1205.41 2.2496e-22 
1205.42 1.96466e-22 
1205.43 1.71538e-22 
1205.44 1.49735e-22 
1205.45 1.30671e-22 
1205.46 1.14005e-22 
1205.47 9.94396e-23 
1205.48 8.65745e-23 
1205.49 7.5467e-23 
1205.5 6.57754e-23 
1205.51 5.7314e-23 
1205.52 4.99285e-23 
1205.53 4.34837e-23 
1205.54 3.78613e-23 
1205.54 3.29576e-23 
1205.55 2.86817e-23 
1205.56 2.49544e-23 
1205.57 2.17059e-23 
1205.58 1.88756e-23 
1205.59 1.64102e-23 
1205.6 1.42632e-23 
1205.61 1.24017e-23 
1205.62 1.07737e-23 
1205.63 9.35708e-24 
1205.64 8.12469e-24 
1205.65 7.05284e-24 
1205.66 6.12085e-24 
1205.67 5.31068e-24 
1205.68 4.60659e-24 
1205.69 3.99484e-24 
1205.7 3.46346e-24 
1205.71 3.002e-24 
1205.72 2.60137e-24 
1205.73 2.2496e-24 
1205.74 1.9484e-24 
1205.75 1.6871e-24 
1205.76 1.46047e-24 
1205.77 1.26397e-24 
1205.78 1.09363e-24 
1205.79 9.46012e-25 
1205.8 8.18111e-25 
1205.81 7.07325e-25 
1205.82 6.11387e-25 
1205.83 5.28329e-25 
1205.84 4.56439e-25 
1205.85 3.94232e-25 
1205.86 3.40418e-25 
1205.87 2.93875e-25 
1205.88 2.53632e-25 
1205.89 2.18845e-25 
1205.9 1.88781e-25 
1205.91 1.62807e-25 
1205.92 1.4037e-25 
1205.93 1.20996e-25 
1205.94 1.04269e-25 
1205.95 8.98321e-26 
1205.96 7.73746e-26 
1205.96 6.66279e-26 
1205.97 5.73593e-26 
1205.98 4.92751e-26 
1205.99 4.2399e-26 
1206 3.64732e-26 
1206.01 3.13678e-26 
1206.02 2.69702e-26 
1206.03 2.31832e-26 
1206.04 1.9923e-26 
1206.05 1.7117e-26 
1206.06 1.47025e-26 
1206.07 1.26254e-26 
1206.08 1.0839e-26 
1206.09 9.303e-27 
1206.1 7.98267e-27 
1206.11 6.84801e-27 
1206.12 5.87315e-27 
1206.13 5.0358e-27 
1206.14 4.31675e-27 
1206.15 3.69944e-27 
1206.16 3.16961e-27 
1206.17 2.71497e-27 
1206.18 2.32496e-27 
1206.19 1.99048e-27 
1206.2 1.70369e-27 
1206.21 1.45785e-27 
1206.22 1.24717e-27 
1206.23 1.06459e-27 
1206.24 9.1028e-28 
1206.25 7.78143e-28 
1206.26 6.65019e-28 
1206.27 5.68198e-28 
1206.28 4.85351e-28 
1206.29 4.14479e-28 
1206.3 3.53867e-28 
1206.31 3.02043e-28 
1206.32 2.57744e-28 
1206.33 2.19886e-28 
1206.34 1.87542e-28 
1206.35 1.59915e-28 
1206.36 1.36323e-28 
1206.37 1.16183e-28 
1206.38 9.89933e-29 
1206.39 8.43256e-29 
1206.39 7.18131e-29 
1206.4 6.11419e-29 
1206.41 5.20433e-29 
1206.42 4.42875e-29 
1206.43 3.7678e-29 
1206.44 3.20469e-29 
1206.45 2.72505e-29 
1206.46 2.31661e-29 
1206.47 1.9689e-29 
1206.48 1.66955e-29 
1206.49 1.41824e-29 
1206.5 1.20445e-29 
1206.51 1.02263e-29 
1206.52 8.68044e-30 
1206.53 7.36638e-30 
1206.54 6.24967e-30 
1206.55 5.30092e-30 
1206.56 4.49506e-30 
1206.57 3.81075e-30 
1206.58 3.22981e-30 
1206.59 2.73674e-30 
1206.6 0 
