#energy geo_1 
1186.6 1.47946e-06 
1186.61 1.4786e-06 
1186.62 1.47773e-06 
1186.63 1.47687e-06 
1186.64 1.476e-06 
1186.65 1.47514e-06 
1186.66 1.47428e-06 
1186.67 1.47341e-06 
1186.68 1.47255e-06 
1186.69 1.47168e-06 
1186.7 1.47082e-06 
1186.71 1.46996e-06 
1186.72 1.4691e-06 
1186.73 1.46824e-06 
1186.74 1.46737e-06 
1186.75 1.46651e-06 
1186.76 1.46565e-06 
1186.77 1.46479e-06 
1186.78 1.46393e-06 
1186.79 1.46307e-06 
1186.8 1.46221e-06 
1186.81 1.46135e-06 
1186.81 1.46049e-06 
1186.82 1.45963e-06 
1186.83 1.45878e-06 
1186.84 1.45792e-06 
1186.85 1.45706e-06 
1186.86 1.4562e-06 
1186.87 1.45535e-06 
1186.88 1.45449e-06 
1186.89 1.45363e-06 
1186.9 1.45278e-06 
1186.91 1.45192e-06 
1186.92 1.45107e-06 
1186.93 1.45021e-06 
1186.94 1.44936e-06 
1186.95 1.4485e-06 
1186.96 1.44765e-06 
1186.97 1.44679e-06 
1186.98 1.44594e-06 
1186.99 1.44509e-06 
1187 1.44424e-06 
1187.01 1.44338e-06 
1187.02 1.44253e-06 
1187.03 1.44168e-06 
1187.04 1.44083e-06 
1187.05 1.43998e-06 
1187.06 1.43913e-06 
1187.07 1.43828e-06 
1187.08 1.43743e-06 
1187.09 1.43657e-06 
1187.1 1.43573e-06 
1187.11 1.43488e-06 
1187.12 1.43403e-06 
1187.13 1.43318e-06 
1187.14 1.43233e-06 
1187.15 1.43148e-06 
1187.16 1.43063e-06 
1187.17 1.42979e-06 
1187.18 1.42894e-06 
1187.19 1.42809e-06 
1187.2 1.42725e-06 
1187.21 1.4264e-06 
1187.22 1.42556e-06 
1187.23 1.42471e-06 
1187.24 1.42387e-06 
1187.24 1.42302e-06 
1187.25 1.42218e-06 
1187.26 1.42133e-06 
1187.27 1.42049e-06 
1187.28 1.41964e-06 
1187.29 1.4188e-06 
1187.3 1.41796e-06 
1187.31 1.41712e-06 
1187.32 1.41627e-06 
1187.33 1.41543e-06 
1187.34 1.41459e-06 
1187.35 1.41375e-06 
1187.36 1.41291e-06 
1187.37 1.41207e-06 
1187.38 1.41123e-06 
1187.39 1.41039e-06 
1187.4 1.40955e-06 
1187.41 1.40871e-06 
1187.42 1.40787e-06 
1187.43 1.40703e-06 
1187.44 1.40619e-06 
1187.45 1.40536e-06 
1187.46 1.40452e-06 
1187.47 1.40368e-06 
1187.48 1.40285e-06 
1187.49 1.40201e-06 
1187.5 1.40117e-06 
1187.51 1.40034e-06 
1187.52 1.3995e-06 
1187.53 1.39867e-06 
1187.54 1.39783e-06 
1187.55 1.397e-06 
1187.56 1.39616e-06 
1187.57 1.39533e-06 
1187.58 1.3945e-06 
1187.59 1.39366e-06 
1187.6 1.39283e-06 
1187.61 1.39286e-06 
1187.62 1.39203e-06 
1187.63 1.3912e-06 
1187.64 1.39037e-06 
1187.65 1.38954e-06 
1187.66 1.3887e-06 
1187.66 1.38787e-06 
1187.67 1.38704e-06 
1187.68 1.38621e-06 
1187.69 1.38538e-06 
1187.7 1.38455e-06 
1187.71 1.38372e-06 
1187.72 1.38289e-06 
1187.73 1.38206e-06 
1187.74 1.38123e-06 
1187.75 1.38041e-06 
1187.76 1.37958e-06 
1187.77 1.37875e-06 
1187.78 1.37792e-06 
1187.79 1.3771e-06 
1187.8 1.37627e-06 
1187.81 1.37544e-06 
1187.82 1.37462e-06 
1187.83 1.37379e-06 
1187.84 1.37297e-06 
1187.85 1.37214e-06 
1187.86 1.37132e-06 
1187.87 1.37049e-06 
1187.88 1.36967e-06 
1187.89 1.36884e-06 
1187.9 1.36802e-06 
1187.91 1.3672e-06 
1187.92 1.36638e-06 
1187.93 1.36555e-06 
1187.94 1.36473e-06 
1187.95 1.36391e-06 
1187.96 1.36309e-06 
1187.97 1.36227e-06 
1187.98 1.36145e-06 
1187.99 1.36063e-06 
1188 1.35981e-06 
1188.01 1.35899e-06 
1188.02 1.35817e-06 
1188.03 1.35735e-06 
1188.04 1.35653e-06 
1188.05 1.35571e-06 
1188.06 1.35489e-06 
1188.07 1.35408e-06 
1188.08 1.35326e-06 
1188.09 1.35244e-06 
1188.09 1.35163e-06 
1188.1 1.35081e-06 
1188.11 1.34999e-06 
1188.12 1.34918e-06 
1188.13 1.34836e-06 
1188.14 1.34754e-06 
1188.15 1.34673e-06 
1188.16 1.34592e-06 
1188.17 1.3451e-06 
1188.18 1.34429e-06 
1188.19 1.34348e-06 
1188.2 1.34266e-06 
1188.21 1.34185e-06 
1188.22 1.34104e-06 
1188.23 1.34023e-06 
1188.24 1.33941e-06 
1188.25 1.3386e-06 
1188.26 1.33779e-06 
1188.27 1.33698e-06 
1188.28 1.33617e-06 
1188.29 1.33536e-06 
1188.3 1.33455e-06 
1188.31 1.33374e-06 
1188.32 1.33293e-06 
1188.33 1.33212e-06 
1188.34 1.33131e-06 
1188.35 1.3305e-06 
1188.36 1.3297e-06 
1188.37 1.32889e-06 
1188.38 1.32808e-06 
1188.39 1.32728e-06 
1188.4 1.32647e-06 
1188.41 1.32566e-06 
1188.42 1.32486e-06 
1188.43 1.32405e-06 
1188.44 1.32325e-06 
1188.45 1.32244e-06 
1188.46 1.32164e-06 
1188.47 1.32083e-06 
1188.48 1.32003e-06 
1188.49 1.31923e-06 
1188.5 1.31842e-06 
1188.51 1.31762e-06 
1188.52 1.31682e-06 
1188.52 1.31601e-06 
1188.53 1.31521e-06 
1188.54 1.31441e-06 
1188.55 1.31361e-06 
1188.56 1.31281e-06 
1188.57 1.31201e-06 
1188.58 1.31121e-06 
1188.59 1.31041e-06 
1188.6 1.31043e-06 
1188.61 1.30963e-06 
1188.62 1.30883e-06 
1188.63 1.30803e-06 
1188.64 1.30723e-06 
1188.65 1.30643e-06 
1188.66 1.30563e-06 
1188.67 1.30484e-06 
1188.68 1.30404e-06 
1188.69 1.30324e-06 
1188.7 1.30245e-06 
1188.71 1.30165e-06 
1188.72 1.30085e-06 
1188.73 1.30006e-06 
1188.74 1.29926e-06 
1188.75 1.29847e-06 
1188.76 1.29767e-06 
1188.77 1.29688e-06 
1188.78 1.29609e-06 
1188.79 1.29529e-06 
1188.8 1.2945e-06 
1188.81 1.29371e-06 
1188.82 1.29291e-06 
1188.83 1.29212e-06 
1188.84 1.29133e-06 
1188.85 1.29054e-06 
1188.86 1.28975e-06 
1188.87 1.28895e-06 
1188.88 1.28816e-06 
1188.89 1.28738e-06 
1188.9 1.28658e-06 
1188.91 1.2858e-06 
1188.92 1.28501e-06 
1188.93 1.28422e-06 
1188.94 1.28343e-06 
1188.94 1.28264e-06 
1188.95 1.28185e-06 
1188.96 1.28106e-06 
1188.97 1.28028e-06 
1188.98 1.27949e-06 
1188.99 1.2787e-06 
1189 1.27792e-06 
1189.01 1.27713e-06 
1189.02 1.27635e-06 
1189.03 1.27556e-06 
1189.04 1.27478e-06 
1189.05 1.27399e-06 
1189.06 1.27321e-06 
1189.07 1.27243e-06 
1189.08 1.27164e-06 
1189.09 1.27086e-06 
1189.1 1.27008e-06 
1189.11 1.26929e-06 
1189.12 1.26851e-06 
1189.13 1.26773e-06 
1189.14 1.26695e-06 
1189.15 1.26617e-06 
1189.16 1.26539e-06 
1189.17 1.26461e-06 
1189.18 1.26383e-06 
1189.19 1.26305e-06 
1189.2 1.26227e-06 
1189.21 1.26149e-06 
1189.22 1.26071e-06 
1189.23 1.25993e-06 
1189.24 1.25916e-06 
1189.25 1.25838e-06 
1189.26 1.2576e-06 
1189.27 1.25682e-06 
1189.28 1.25605e-06 
1189.29 1.25527e-06 
1189.3 1.2545e-06 
1189.31 1.25372e-06 
1189.32 1.25294e-06 
1189.33 1.25217e-06 
1189.34 1.25139e-06 
1189.35 1.25062e-06 
1189.36 1.24985e-06 
1189.36 1.24907e-06 
1189.37 1.2483e-06 
1189.38 1.24753e-06 
1189.39 1.24676e-06 
1189.4 1.24598e-06 
1189.41 1.24521e-06 
1189.42 1.24444e-06 
1189.43 1.24367e-06 
1189.44 1.2429e-06 
1189.45 1.24213e-06 
1189.46 1.24136e-06 
1189.47 1.24059e-06 
1189.48 1.23982e-06 
1189.49 1.23905e-06 
1189.5 1.23828e-06 
1189.51 1.23752e-06 
1189.52 1.23675e-06 
1189.53 1.23598e-06 
1189.54 1.23521e-06 
1189.55 1.23445e-06 
1189.56 1.23368e-06 
1189.57 1.23291e-06 
1189.58 1.23215e-06 
1189.59 1.23138e-06 
1189.6 1.23062e-06 
1189.61 1.23062e-06 
1189.62 1.22986e-06 
1189.63 1.22909e-06 
1189.64 1.22833e-06 
1189.65 1.22756e-06 
1189.66 1.2268e-06 
1189.67 1.22604e-06 
1189.68 1.22527e-06 
1189.69 1.22451e-06 
1189.7 1.22375e-06 
1189.71 1.22299e-06 
1189.72 1.22222e-06 
1189.73 1.22146e-06 
1189.74 1.2207e-06 
1189.75 1.21994e-06 
1189.76 1.21918e-06 
1189.77 1.21842e-06 
1189.78 1.21767e-06 
1189.79 1.21691e-06 
1189.79 1.21615e-06 
1189.8 1.21539e-06 
1189.81 1.21463e-06 
1189.82 1.21387e-06 
1189.83 1.21312e-06 
1189.84 1.21236e-06 
1189.85 1.21161e-06 
1189.86 1.21085e-06 
1189.87 1.21009e-06 
1189.88 1.20934e-06 
1189.89 1.20858e-06 
1189.9 1.20783e-06 
1189.91 1.20707e-06 
1189.92 1.20632e-06 
1189.93 1.20557e-06 
1189.94 1.20481e-06 
1189.95 1.20406e-06 
1189.96 1.20331e-06 
1189.97 1.20256e-06 
1189.98 1.20181e-06 
1189.99 1.20105e-06 
1190 1.2003e-06 
1190.01 1.19955e-06 
1190.02 1.1988e-06 
1190.03 1.19805e-06 
1190.04 1.1973e-06 
1190.05 1.19655e-06 
1190.06 1.1958e-06 
1190.07 1.19506e-06 
1190.08 1.19431e-06 
1190.09 1.19356e-06 
1190.1 1.19281e-06 
1190.11 1.19206e-06 
1190.12 1.19132e-06 
1190.13 1.19057e-06 
1190.14 1.18983e-06 
1190.15 1.18908e-06 
1190.16 1.18834e-06 
1190.17 1.18759e-06 
1190.18 1.18685e-06 
1190.19 1.1861e-06 
1190.2 1.18536e-06 
1190.21 1.18461e-06 
1190.21 1.18387e-06 
1190.22 1.18313e-06 
1190.23 1.18239e-06 
1190.24 1.18165e-06 
1190.25 1.1809e-06 
1190.26 1.18016e-06 
1190.27 1.17942e-06 
1190.28 1.17868e-06 
1190.29 1.17794e-06 
1190.3 1.1772e-06 
1190.31 1.17646e-06 
1190.32 1.17572e-06 
1190.33 1.17498e-06 
1190.34 1.17425e-06 
1190.35 1.17351e-06 
1190.36 1.17277e-06 
1190.37 1.17203e-06 
1190.38 1.1713e-06 
1190.39 1.17056e-06 
1190.4 1.16982e-06 
1190.41 1.16909e-06 
1190.42 1.16835e-06 
1190.43 1.16762e-06 
1190.44 1.16688e-06 
1190.45 1.16615e-06 
1190.46 1.16541e-06 
1190.47 1.16468e-06 
1190.48 1.16395e-06 
1190.49 1.16321e-06 
1190.5 1.16248e-06 
1190.51 1.16175e-06 
1190.52 1.16102e-06 
1190.53 1.16029e-06 
1190.54 1.15956e-06 
1190.55 1.15883e-06 
1190.56 1.15809e-06 
1190.57 1.15737e-06 
1190.58 1.15664e-06 
1190.59 1.15591e-06 
1190.6 1.15518e-06 
1190.61 1.15517e-06 
1190.62 1.15444e-06 
1190.63 1.15371e-06 
1190.64 1.15298e-06 
1190.64 1.15226e-06 
1190.65 1.15153e-06 
1190.66 1.1508e-06 
1190.67 1.15008e-06 
1190.68 1.14935e-06 
1190.69 1.14862e-06 
1190.7 1.1479e-06 
1190.71 1.14717e-06 
1190.72 1.14645e-06 
1190.73 1.14573e-06 
1190.74 1.145e-06 
1190.75 1.14428e-06 
1190.76 1.14355e-06 
1190.77 1.14283e-06 
1190.78 1.14211e-06 
1190.79 1.14139e-06 
1190.8 1.14067e-06 
1190.81 1.13995e-06 
1190.82 1.13923e-06 
1190.83 1.1385e-06 
1190.84 1.13778e-06 
1190.85 1.13707e-06 
1190.86 1.13635e-06 
1190.87 1.13563e-06 
1190.88 1.13491e-06 
1190.89 1.13419e-06 
1190.9 1.13347e-06 
1190.91 1.13275e-06 
1190.92 1.13204e-06 
1190.93 1.13132e-06 
1190.94 1.13061e-06 
1190.95 1.12989e-06 
1190.96 1.12917e-06 
1190.97 1.12846e-06 
1190.98 1.12774e-06 
1190.99 1.12703e-06 
1191 1.12632e-06 
1191.01 1.1256e-06 
1191.02 1.12489e-06 
1191.03 1.12418e-06 
1191.04 1.12346e-06 
1191.05 1.12275e-06 
1191.06 1.12204e-06 
1191.07 1.12133e-06 
1191.07 1.12062e-06 
1191.08 1.11991e-06 
1191.09 1.1192e-06 
1191.1 1.11849e-06 
1191.11 1.11778e-06 
1191.12 1.11707e-06 
1191.13 1.11636e-06 
1191.14 1.11565e-06 
1191.15 1.11494e-06 
1191.16 1.11424e-06 
1191.17 1.11353e-06 
1191.18 1.11282e-06 
1191.19 1.11212e-06 
1191.2 1.11141e-06 
1191.21 1.1107e-06 
1191.22 1.11e-06 
1191.23 1.10929e-06 
1191.24 1.10859e-06 
1191.25 1.10788e-06 
1191.26 1.10718e-06 
1191.27 1.10648e-06 
1191.28 1.10577e-06 
1191.29 1.10507e-06 
1191.3 1.10437e-06 
1191.31 1.10367e-06 
1191.32 1.10296e-06 
1191.33 1.10226e-06 
1191.34 1.10156e-06 
1191.35 1.10086e-06 
1191.36 1.10016e-06 
1191.37 1.09946e-06 
1191.38 1.09876e-06 
1191.39 1.09807e-06 
1191.4 1.09737e-06 
1191.41 1.09667e-06 
1191.42 1.09597e-06 
1191.43 1.09527e-06 
1191.44 1.09458e-06 
1191.45 1.09388e-06 
1191.46 1.09318e-06 
1191.47 1.09249e-06 
1191.48 1.09179e-06 
1191.49 1.0911e-06 
1191.49 1.0904e-06 
1191.5 1.08971e-06 
1191.51 1.08901e-06 
1191.52 1.08832e-06 
1191.53 1.08763e-06 
1191.54 1.08693e-06 
1191.55 1.08624e-06 
1191.56 1.08555e-06 
1191.57 1.08486e-06 
1191.58 1.08417e-06 
1191.59 1.08348e-06 
1191.6 1.08346e-06 
1191.61 1.08277e-06 
1191.62 1.08208e-06 
1191.63 1.08139e-06 
1191.64 1.0807e-06 
1191.65 1.08001e-06 
1191.66 1.07932e-06 
1191.67 1.07863e-06 
1191.68 1.07795e-06 
1191.69 1.07726e-06 
1191.7 1.07657e-06 
1191.71 1.07588e-06 
1191.72 1.0752e-06 
1191.73 1.07451e-06 
1191.74 1.07383e-06 
1191.75 1.07314e-06 
1191.76 1.07246e-06 
1191.77 1.07177e-06 
1191.78 1.07109e-06 
1191.79 1.0704e-06 
1191.8 1.06972e-06 
1191.81 1.06904e-06 
1191.82 1.06836e-06 
1191.83 1.06767e-06 
1191.84 1.06699e-06 
1191.85 1.06631e-06 
1191.86 1.06563e-06 
1191.87 1.06495e-06 
1191.88 1.06427e-06 
1191.89 1.06359e-06 
1191.9 1.06291e-06 
1191.91 1.06223e-06 
1191.92 1.06155e-06 
1191.92 1.06087e-06 
1191.93 1.0602e-06 
1191.94 1.05952e-06 
1191.95 1.05884e-06 
1191.96 1.05816e-06 
1191.97 1.05749e-06 
1191.98 1.05681e-06 
1191.99 1.05613e-06 
1192 1.05546e-06 
1192.01 1.05479e-06 
1192.02 1.05411e-06 
1192.03 1.05344e-06 
1192.04 1.05276e-06 
1192.05 1.05209e-06 
1192.06 1.05142e-06 
1192.07 1.05075e-06 
1192.08 1.05007e-06 
1192.09 1.0494e-06 
1192.1 1.04873e-06 
1192.11 1.04806e-06 
1192.12 1.04739e-06 
1192.13 1.04672e-06 
1192.14 1.04605e-06 
1192.15 1.04538e-06 
1192.16 1.04471e-06 
1192.17 1.04404e-06 
1192.18 1.04337e-06 
1192.19 1.0427e-06 
1192.2 1.04204e-06 
1192.21 1.04137e-06 
1192.22 1.0407e-06 
1192.23 1.04003e-06 
1192.24 1.03937e-06 
1192.25 1.0387e-06 
1192.26 1.03804e-06 
1192.27 1.03737e-06 
1192.28 1.03671e-06 
1192.29 1.03604e-06 
1192.3 1.03538e-06 
1192.31 1.03472e-06 
1192.32 1.03405e-06 
1192.33 1.03339e-06 
1192.34 1.03273e-06 
1192.34 1.03207e-06 
1192.35 1.03141e-06 
1192.36 1.03074e-06 
1192.37 1.03008e-06 
1192.38 1.02942e-06 
1192.39 1.02876e-06 
1192.4 1.0281e-06 
1192.41 1.02745e-06 
1192.42 1.02679e-06 
1192.43 1.02613e-06 
1192.44 1.02547e-06 
1192.45 1.02481e-06 
1192.46 1.02415e-06 
1192.47 1.0235e-06 
1192.48 1.02284e-06 
1192.49 1.02219e-06 
1192.5 1.02153e-06 
1192.51 1.02087e-06 
1192.52 1.02022e-06 
1192.53 1.01956e-06 
1192.54 1.01891e-06 
1192.55 1.01826e-06 
1192.56 1.0176e-06 
1192.57 1.01695e-06 
1192.58 1.0163e-06 
1192.59 1.01564e-06 
1192.6 1.01499e-06 
1192.61 1.01497e-06 
1192.62 1.01432e-06 
1192.63 1.01367e-06 
1192.64 1.01301e-06 
1192.65 1.01236e-06 
1192.66 1.01171e-06 
1192.67 1.01106e-06 
1192.68 1.01041e-06 
1192.69 1.00977e-06 
1192.7 1.00912e-06 
1192.71 1.00847e-06 
1192.72 1.00782e-06 
1192.73 1.00717e-06 
1192.74 1.00652e-06 
1192.75 1.00588e-06 
1192.76 1.00523e-06 
1192.77 1.00458e-06 
1192.77 1.00394e-06 
1192.78 1.00329e-06 
1192.79 1.00265e-06 
1192.8 1.002e-06 
1192.81 1.00136e-06 
1192.82 1.00072e-06 
1192.83 1.00007e-06 
1192.84 9.99427e-07 
1192.85 9.98786e-07 
1192.86 9.98142e-07 
1192.87 9.97502e-07 
1192.88 9.96859e-07 
1192.89 9.96219e-07 
1192.9 9.95575e-07 
1192.91 9.94937e-07 
1192.92 9.94296e-07 
1192.93 9.93656e-07 
1192.94 9.93015e-07 
1192.95 9.92376e-07 
1192.96 9.91738e-07 
1192.97 9.91098e-07 
1192.98 9.90461e-07 
1192.99 9.89822e-07 
1193 9.89185e-07 
1193.01 9.88548e-07 
1193.02 9.87913e-07 
1193.03 9.87275e-07 
1193.04 9.86639e-07 
1193.05 9.86003e-07 
1193.06 9.85368e-07 
1193.07 9.84734e-07 
1193.08 9.84097e-07 
1193.09 9.83464e-07 
1193.1 9.8283e-07 
1193.11 9.82197e-07 
1193.12 9.81562e-07 
1193.13 9.8093e-07 
1193.14 9.80298e-07 
1193.15 9.79665e-07 
1193.16 9.79035e-07 
1193.17 9.78403e-07 
1193.18 9.77771e-07 
1193.19 9.77141e-07 
1193.19 9.7651e-07 
1193.2 9.75881e-07 
1193.21 9.75251e-07 
1193.22 9.74621e-07 
1193.23 9.73992e-07 
1193.24 9.73362e-07 
1193.25 9.72735e-07 
1193.26 9.72108e-07 
1193.27 9.71479e-07 
1193.28 9.70853e-07 
1193.29 9.70226e-07 
1193.3 9.69599e-07 
1193.31 9.68973e-07 
1193.32 9.68347e-07 
1193.33 9.67721e-07 
1193.34 9.67096e-07 
1193.35 9.66471e-07 
1193.36 9.65845e-07 
1193.37 9.65222e-07 
1193.38 9.64599e-07 
1193.39 9.63974e-07 
1193.4 9.63351e-07 
1193.41 9.62728e-07 
1193.42 9.62106e-07 
1193.43 9.61483e-07 
1193.44 9.60861e-07 
1193.45 9.6024e-07 
1193.46 9.59619e-07 
1193.47 9.58999e-07 
1193.48 9.58377e-07 
1193.49 9.57757e-07 
1193.5 9.57137e-07 
1193.51 9.56516e-07 
1193.52 9.55898e-07 
1193.53 9.55279e-07 
1193.54 9.5466e-07 
1193.55 9.54042e-07 
1193.56 9.53424e-07 
1193.57 9.52806e-07 
1193.58 9.52189e-07 
1193.59 9.51572e-07 
1193.6 9.50955e-07 
1193.61 9.50929e-07 
1193.62 9.50313e-07 
1193.62 9.49696e-07 
1193.63 9.49081e-07 
1193.64 9.48464e-07 
1193.65 9.47849e-07 
1193.66 9.47234e-07 
1193.67 9.46621e-07 
1193.68 9.46005e-07 
1193.69 9.45391e-07 
1193.7 9.44777e-07 
1193.71 9.44164e-07 
1193.72 9.43551e-07 
1193.73 9.42938e-07 
1193.74 9.42325e-07 
1193.75 9.41714e-07 
1193.76 9.41101e-07 
1193.77 9.40489e-07 
1193.78 9.39878e-07 
1193.79 9.39268e-07 
1193.8 9.38656e-07 
1193.81 9.38045e-07 
1193.82 9.37437e-07 
1193.83 9.36826e-07 
1193.84 9.36217e-07 
1193.85 9.35608e-07 
1193.86 9.34998e-07 
1193.87 9.34389e-07 
1193.88 9.33781e-07 
1193.89 9.33173e-07 
1193.9 9.32566e-07 
1193.91 9.31958e-07 
1193.92 9.31352e-07 
1193.93 9.30744e-07 
1193.94 9.30136e-07 
1193.95 9.2953e-07 
1193.96 9.28924e-07 
1193.97 9.28318e-07 
1193.98 9.27711e-07 
1193.99 9.27107e-07 
1194 9.26502e-07 
1194.01 9.25899e-07 
1194.02 9.25293e-07 
1194.03 9.24689e-07 
1194.04 9.24084e-07 
1194.05 9.23481e-07 
1194.05 9.22877e-07 
1194.06 9.22274e-07 
1194.07 9.21672e-07 
1194.08 9.21069e-07 
1194.09 9.20465e-07 
1194.1 9.19864e-07 
1194.11 9.19263e-07 
1194.12 9.1866e-07 
1194.13 9.18059e-07 
1194.14 9.17457e-07 
1194.15 9.16857e-07 
1194.16 9.16256e-07 
1194.17 9.15656e-07 
1194.18 9.15056e-07 
1194.19 9.14456e-07 
1194.2 9.13855e-07 
1194.21 9.13255e-07 
1194.22 9.12658e-07 
1194.23 9.12058e-07 
1194.24 9.11459e-07 
1194.25 9.10862e-07 
1194.26 9.10263e-07 
1194.27 9.09665e-07 
1194.28 9.09066e-07 
1194.29 9.08469e-07 
1194.3 9.0787e-07 
1194.31 9.07274e-07 
1194.32 9.06677e-07 
1194.33 9.06079e-07 
1194.34 9.05484e-07 
1194.35 9.04887e-07 
1194.36 9.04291e-07 
1194.37 9.03695e-07 
1194.38 9.03099e-07 
1194.39 9.02503e-07 
1194.4 9.01908e-07 
1194.41 9.01313e-07 
1194.42 9.00717e-07 
1194.43 9.00123e-07 
1194.44 8.99529e-07 
1194.45 8.98935e-07 
1194.46 8.98341e-07 
1194.47 8.97746e-07 
1194.47 8.97154e-07 
1194.48 8.96559e-07 
1194.49 8.95967e-07 
1194.5 8.95372e-07 
1194.51 8.9478e-07 
1194.52 8.94188e-07 
1194.53 8.93595e-07 
1194.54 8.93002e-07 
1194.55 8.92409e-07 
1194.56 8.91817e-07 
1194.57 8.91226e-07 
1194.58 8.90633e-07 
1194.59 8.90042e-07 
1194.6 8.89452e-07 
1194.61 8.89412e-07 
1194.62 8.8882e-07 
1194.63 8.88228e-07 
1194.64 8.87638e-07 
1194.65 8.87046e-07 
1194.66 8.86455e-07 
1194.67 8.85865e-07 
1194.68 8.85274e-07 
1194.69 8.84684e-07 
1194.7 8.84093e-07 
1194.71 8.83503e-07 
1194.72 8.82913e-07 
1194.73 8.82323e-07 
1194.74 8.81733e-07 
1194.75 8.81143e-07 
1194.76 8.80554e-07 
1194.77 8.79965e-07 
1194.78 8.79375e-07 
1194.79 8.78787e-07 
1194.8 8.78198e-07 
1194.81 8.77608e-07 
1194.82 8.7702e-07 
1194.83 8.76432e-07 
1194.84 8.75842e-07 
1194.85 8.75254e-07 
1194.86 8.74665e-07 
1194.87 8.74077e-07 
1194.88 8.73489e-07 
1194.89 8.729e-07 
1194.9 8.72313e-07 
1194.9 8.71726e-07 
1194.91 8.71137e-07 
1194.92 8.70549e-07 
1194.93 8.69962e-07 
1194.94 8.69374e-07 
1194.95 8.68788e-07 
1194.96 8.682e-07 
1194.97 8.67612e-07 
1194.98 8.67025e-07 
1194.99 8.66438e-07 
1195 8.6585e-07 
1195.01 8.65264e-07 
1195.02 8.64676e-07 
1195.03 8.64089e-07 
1195.04 8.63502e-07 
1195.05 8.62914e-07 
1195.06 8.62328e-07 
1195.07 8.61742e-07 
1195.08 8.61155e-07 
1195.09 8.60568e-07 
1195.1 8.59982e-07 
1195.11 8.59395e-07 
1195.12 8.58808e-07 
1195.13 8.58221e-07 
1195.14 8.57636e-07 
1195.15 8.57048e-07 
1195.16 8.56461e-07 
1195.17 8.55875e-07 
1195.18 8.55288e-07 
1195.19 8.54702e-07 
1195.2 8.54116e-07 
1195.21 8.5353e-07 
1195.22 8.52943e-07 
1195.23 8.52356e-07 
1195.24 8.51769e-07 
1195.25 8.51183e-07 
1195.26 8.50597e-07 
1195.27 8.5001e-07 
1195.28 8.49423e-07 
1195.29 8.48837e-07 
1195.3 8.48249e-07 
1195.31 8.47663e-07 
1195.32 8.47077e-07 
1195.32 8.46489e-07 
1195.33 8.45902e-07 
1195.34 8.45316e-07 
1195.35 8.44729e-07 
1195.36 8.44143e-07 
1195.37 8.43556e-07 
1195.38 8.42968e-07 
1195.39 8.42381e-07 
1195.4 8.41793e-07 
1195.41 8.41207e-07 
1195.42 8.40619e-07 
1195.43 8.40032e-07 
1195.44 8.39444e-07 
1195.45 8.38856e-07 
1195.46 8.38269e-07 
1195.47 8.37681e-07 
1195.48 8.37093e-07 
1195.49 8.36504e-07 
1195.5 8.35917e-07 
1195.51 8.35328e-07 
1195.52 8.34739e-07 
1195.53 8.34152e-07 
1195.54 8.33563e-07 
1195.55 8.32974e-07 
1195.56 8.32386e-07 
1195.57 8.31797e-07 
1195.58 8.31208e-07 
1195.59 8.30619e-07 
1195.6 8.30029e-07 
1195.61 8.29955e-07 
1195.62 8.29364e-07 
1195.63 8.28774e-07 
1195.64 8.28183e-07 
1195.65 8.27592e-07 
1195.66 8.27002e-07 
1195.67 8.26412e-07 
1195.68 8.2582e-07 
1195.69 8.2523e-07 
1195.7 8.24639e-07 
1195.71 8.24047e-07 
1195.72 8.23456e-07 
1195.73 8.22864e-07 
1195.74 8.22271e-07 
1195.75 8.21678e-07 
1195.75 8.21085e-07 
1195.76 8.20494e-07 
1195.77 8.199e-07 
1195.78 8.19307e-07 
1195.79 8.18713e-07 
1195.8 8.1812e-07 
1195.81 8.17526e-07 
1195.82 8.16932e-07 
1195.83 8.16338e-07 
1195.84 8.15743e-07 
1195.85 8.15148e-07 
1195.86 8.14553e-07 
1195.87 8.13958e-07 
1195.88 8.13362e-07 
1195.89 8.12767e-07 
1195.9 8.12171e-07 
1195.91 8.11575e-07 
1195.92 8.10978e-07 
1195.93 8.1038e-07 
1195.94 8.09784e-07 
1195.95 8.09187e-07 
1195.96 8.08589e-07 
1195.97 8.0799e-07 
1195.98 8.07391e-07 
1195.99 8.06794e-07 
1196 8.06194e-07 
1196.01 8.05596e-07 
1196.02 8.04996e-07 
1196.03 8.04396e-07 
1196.04 8.03796e-07 
1196.05 8.03195e-07 
1196.06 8.02595e-07 
1196.07 8.01993e-07 
1196.08 8.01392e-07 
1196.09 8.0079e-07 
1196.1 8.00188e-07 
1196.11 7.99586e-07 
1196.12 7.98983e-07 
1196.13 7.9838e-07 
1196.14 7.97776e-07 
1196.15 7.97172e-07 
1196.16 7.96568e-07 
1196.17 7.95964e-07 
1196.17 7.95359e-07 
1196.18 7.94755e-07 
1196.19 7.94149e-07 
1196.2 7.93543e-07 
1196.21 7.92936e-07 
1196.22 7.9233e-07 
1196.23 7.91723e-07 
1196.24 7.91116e-07 
1196.25 7.90509e-07 
1196.26 7.89901e-07 
1196.27 7.89292e-07 
1196.28 7.88684e-07 
1196.29 7.88075e-07 
1196.3 7.87466e-07 
1196.31 7.86856e-07 
1196.32 7.86247e-07 
1196.33 7.85636e-07 
1196.34 7.85025e-07 
1196.35 7.84415e-07 
1196.36 7.83804e-07 
1196.37 7.83193e-07 
1196.38 7.82582e-07 
1196.39 7.8197e-07 
1196.4 7.81357e-07 
1196.41 7.80746e-07 
1196.42 7.80133e-07 
1196.43 7.79519e-07 
1196.44 7.78906e-07 
1196.45 7.78294e-07 
1196.46 7.7768e-07 
1196.47 7.77067e-07 
1196.48 7.76453e-07 
1196.49 7.75839e-07 
1196.5 7.75226e-07 
1196.51 7.74611e-07 
1196.52 7.73998e-07 
1196.53 7.73384e-07 
1196.54 7.7277e-07 
1196.55 7.72156e-07 
1196.56 7.71541e-07 
1196.57 7.70928e-07 
1196.58 7.70313e-07 
1196.59 7.69699e-07 
1196.6 7.69086e-07 
1196.6 7.68949e-07 
1196.61 7.68335e-07 
1196.62 7.67722e-07 
1196.63 7.67108e-07 
1196.64 7.66496e-07 
1196.65 7.65884e-07 
1196.66 7.65272e-07 
1196.67 7.64662e-07 
1196.68 7.64051e-07 
1196.69 7.63441e-07 
1196.7 7.62832e-07 
1196.71 7.62223e-07 
1196.72 7.61615e-07 
1196.73 7.61009e-07 
1196.74 7.60403e-07 
1196.75 7.59798e-07 
1196.76 7.59195e-07 
1196.77 7.58592e-07 
1196.78 7.57991e-07 
1196.79 7.5739e-07 
1196.8 7.56792e-07 
1196.81 7.56195e-07 
1196.82 7.55599e-07 
1196.83 7.55006e-07 
1196.84 7.54414e-07 
1196.85 7.53824e-07 
1196.86 7.53236e-07 
1196.87 7.5265e-07 
1196.88 7.52066e-07 
1196.89 7.51485e-07 
1196.9 7.50907e-07 
1196.91 7.5033e-07 
1196.92 7.49758e-07 
1196.93 7.49187e-07 
1196.94 7.4862e-07 
1196.95 7.48056e-07 
1196.96 7.47495e-07 
1196.97 7.46938e-07 
1196.98 7.46385e-07 
1196.99 7.45836e-07 
1197 7.4529e-07 
1197.01 7.44748e-07 
1197.02 7.44212e-07 
1197.03 7.4368e-07 
1197.03 7.43153e-07 
1197.04 7.42629e-07 
1197.05 7.42113e-07 
1197.06 7.41601e-07 
1197.07 7.41094e-07 
1197.08 7.40594e-07 
1197.09 7.40099e-07 
1197.1 7.39612e-07 
1197.11 7.3913e-07 
1197.12 7.38655e-07 
1197.13 7.38187e-07 
1197.14 7.37727e-07 
1197.15 7.37274e-07 
1197.16 7.36829e-07 
1197.17 7.36393e-07 
1197.18 7.35965e-07 
1197.19 7.35546e-07 
1197.2 7.35135e-07 
1197.21 7.34733e-07 
1197.22 7.34342e-07 
1197.23 7.33962e-07 
1197.24 7.33591e-07 
1197.25 7.3323e-07 
1197.26 7.3288e-07 
1197.27 7.3254e-07 
1197.28 7.32213e-07 
1197.29 7.31897e-07 
1197.3 7.31592e-07 
1197.31 7.31302e-07 
1197.32 7.31023e-07 
1197.33 7.30758e-07 
1197.34 7.30506e-07 
1197.35 7.30268e-07 
1197.36 7.30045e-07 
1197.37 7.29836e-07 
1197.38 7.29641e-07 
1197.39 7.29461e-07 
1197.4 7.29298e-07 
1197.41 7.29151e-07 
1197.42 7.29021e-07 
1197.43 7.28907e-07 
1197.44 7.2881e-07 
1197.45 7.28731e-07 
1197.45 7.2867e-07 
1197.46 7.28627e-07 
1197.47 7.28602e-07 
1197.48 7.28606e-07 
1197.49 7.28619e-07 
1197.5 7.28654e-07 
1197.51 7.28707e-07 
1197.52 7.28781e-07 
1197.53 7.28876e-07 
1197.54 7.28992e-07 
1197.55 7.2913e-07 
1197.56 7.2929e-07 
1197.57 7.29471e-07 
1197.58 7.29675e-07 
1197.59 7.29902e-07 
1197.6 7.30151e-07 
1197.61 7.30876e-07 
1197.62 7.31173e-07 
1197.63 7.31494e-07 
1197.64 7.31839e-07 
1197.65 7.32208e-07 
1197.66 7.32602e-07 
1197.67 7.33021e-07 
1197.68 7.33466e-07 
1197.69 7.33935e-07 
1197.7 7.34429e-07 
1197.71 7.3495e-07 
1197.72 7.35496e-07 
1197.73 7.36085e-07 
1197.74 7.36684e-07 
1197.75 7.37309e-07 
1197.76 7.3796e-07 
1197.77 7.38638e-07 
1197.78 7.39341e-07 
1197.79 7.40072e-07 
1197.8 7.40828e-07 
1197.81 7.41612e-07 
1197.82 7.42423e-07 
1197.83 7.43258e-07 
1197.84 7.4412e-07 
1197.85 7.45009e-07 
1197.86 7.45923e-07 
1197.87 7.46864e-07 
1197.88 7.47831e-07 
1197.88 7.48821e-07 
1197.89 7.49839e-07 
1197.9 7.50881e-07 
1197.91 7.51948e-07 
1197.92 7.5304e-07 
1197.93 7.54155e-07 
1197.94 7.55294e-07 
1197.95 7.56456e-07 
1197.96 7.57642e-07 
1197.97 7.5885e-07 
1197.98 7.60105e-07 
1197.99 7.61357e-07 
1198 7.6263e-07 
1198.01 7.63923e-07 
1198.02 7.65236e-07 
1198.03 7.66568e-07 
1198.04 7.67919e-07 
1198.05 7.69288e-07 
1198.06 7.70673e-07 
1198.07 7.72075e-07 
1198.08 7.73493e-07 
1198.09 7.74926e-07 
1198.1 7.76372e-07 
1198.11 7.77832e-07 
1198.12 7.79304e-07 
1198.13 7.80788e-07 
1198.14 7.82281e-07 
1198.15 7.83784e-07 
1198.16 7.85296e-07 
1198.17 7.86815e-07 
1198.18 7.88341e-07 
1198.19 7.89872e-07 
1198.2 7.91408e-07 
1198.21 7.92945e-07 
1198.22 7.94486e-07 
1198.23 7.96057e-07 
1198.24 7.97598e-07 
1198.25 7.99138e-07 
1198.26 8.00675e-07 
1198.27 8.02207e-07 
1198.28 8.03736e-07 
1198.29 8.05256e-07 
1198.3 8.0677e-07 
1198.3 8.08275e-07 
1198.31 8.09769e-07 
1198.32 8.11252e-07 
1198.33 8.12722e-07 
1198.34 8.14178e-07 
1198.35 8.15617e-07 
1198.36 8.17041e-07 
1198.37 8.18446e-07 
1198.38 8.1983e-07 
1198.39 8.21195e-07 
1198.4 8.22537e-07 
1198.41 8.23855e-07 
1198.42 8.25148e-07 
1198.43 8.26415e-07 
1198.44 8.27655e-07 
1198.45 8.28865e-07 
1198.46 8.30046e-07 
1198.47 8.31194e-07 
1198.48 8.32335e-07 
1198.49 8.33416e-07 
1198.5 8.34462e-07 
1198.51 8.35472e-07 
1198.52 8.36443e-07 
1198.53 8.37375e-07 
1198.54 8.38268e-07 
1198.55 8.39119e-07 
1198.56 8.39927e-07 
1198.57 8.40691e-07 
1198.58 8.41412e-07 
1198.59 8.42086e-07 
1198.6 8.42714e-07 
1198.61 8.43816e-07 
1198.62 8.44347e-07 
1198.63 8.44829e-07 
1198.64 8.45261e-07 
1198.65 8.45641e-07 
1198.66 8.4597e-07 
1198.67 8.46245e-07 
1198.68 8.46466e-07 
1198.69 8.46635e-07 
1198.7 8.46747e-07 
1198.71 8.46805e-07 
1198.72 8.46805e-07 
1198.73 8.46761e-07 
1198.73 8.46648e-07 
1198.74 8.46478e-07 
1198.75 8.46251e-07 
1198.76 8.45965e-07 
1198.77 8.45621e-07 
1198.78 8.45219e-07 
1198.79 8.44758e-07 
1198.8 8.44239e-07 
1198.81 8.43661e-07 
1198.82 8.43025e-07 
1198.83 8.4233e-07 
1198.84 8.41577e-07 
1198.85 8.40765e-07 
1198.86 8.39897e-07 
1198.87 8.3897e-07 
1198.88 8.37986e-07 
1198.89 8.36945e-07 
1198.9 8.35847e-07 
1198.91 8.34695e-07 
1198.92 8.33486e-07 
1198.93 8.32224e-07 
1198.94 8.30907e-07 
1198.95 8.29537e-07 
1198.96 8.28115e-07 
1198.97 8.26642e-07 
1198.98 8.25111e-07 
1198.99 8.23537e-07 
1199 8.21914e-07 
1199.01 8.20243e-07 
1199.02 8.18526e-07 
1199.03 8.16765e-07 
1199.04 8.14958e-07 
1199.05 8.1311e-07 
1199.06 8.1122e-07 
1199.07 8.09291e-07 
1199.08 8.07322e-07 
1199.09 8.05316e-07 
1199.1 8.03275e-07 
1199.11 8.01199e-07 
1199.12 7.99091e-07 
1199.13 7.96952e-07 
1199.14 7.94784e-07 
1199.15 7.92588e-07 
1199.15 7.90366e-07 
1199.16 7.88121e-07 
1199.17 7.85852e-07 
1199.18 7.83564e-07 
1199.19 7.81257e-07 
1199.2 7.78934e-07 
1199.21 7.76595e-07 
1199.22 7.74229e-07 
1199.23 7.71867e-07 
1199.24 7.69496e-07 
1199.25 7.67119e-07 
1199.26 7.64737e-07 
1199.27 7.62352e-07 
1199.28 7.59967e-07 
1199.29 7.57583e-07 
1199.3 7.55203e-07 
1199.31 7.52829e-07 
1199.32 7.50463e-07 
1199.33 7.48107e-07 
1199.34 7.45763e-07 
1199.35 7.43434e-07 
1199.36 7.41122e-07 
1199.37 7.38828e-07 
1199.38 7.36555e-07 
1199.39 7.34305e-07 
1199.4 7.32081e-07 
1199.41 7.29884e-07 
1199.42 7.27718e-07 
1199.43 7.25582e-07 
1199.44 7.23481e-07 
1199.45 7.21417e-07 
1199.46 7.19391e-07 
1199.47 7.17406e-07 
1199.48 7.15453e-07 
1199.49 7.13556e-07 
1199.5 7.11706e-07 
1199.51 7.09906e-07 
1199.52 7.08156e-07 
1199.53 7.06459e-07 
1199.54 7.04819e-07 
1199.55 7.03236e-07 
1199.56 7.01712e-07 
1199.57 7.0025e-07 
1199.58 6.98851e-07 
1199.58 6.97518e-07 
1199.59 6.96253e-07 
1199.6 6.95057e-07 
1199.61 6.9436e-07 
1199.62 6.93308e-07 
1199.63 6.9233e-07 
1199.64 6.9143e-07 
1199.65 6.90608e-07 
1199.66 6.89866e-07 
1199.67 6.89206e-07 
1199.68 6.88631e-07 
1199.69 6.8814e-07 
1199.7 6.87737e-07 
1199.71 6.87423e-07 
1199.72 6.87198e-07 
1199.73 6.8708e-07 
1199.74 6.87042e-07 
1199.75 6.871e-07 
1199.76 6.87253e-07 
1199.77 6.87505e-07 
1199.78 6.87854e-07 
1199.79 6.88305e-07 
1199.8 6.88857e-07 
1199.81 6.89512e-07 
1199.82 6.9027e-07 
1199.83 6.91134e-07 
1199.84 6.92105e-07 
1199.85 6.93182e-07 
1199.86 6.94368e-07 
1199.87 6.95663e-07 
1199.88 6.97069e-07 
1199.89 6.98586e-07 
1199.9 7.00214e-07 
1199.91 7.01955e-07 
1199.92 7.03811e-07 
1199.93 7.0578e-07 
1199.94 7.07865e-07 
1199.95 7.10065e-07 
1199.96 7.12381e-07 
1199.97 7.14814e-07 
1199.98 7.17413e-07 
1199.99 7.20081e-07 
1200 7.22868e-07 
1200.01 7.25773e-07 
1200.01 7.28796e-07 
1200.02 7.31938e-07 
1200.03 7.352e-07 
1200.04 7.3858e-07 
1200.05 7.42079e-07 
1200.06 7.45697e-07 
1200.07 7.49434e-07 
1200.08 7.53289e-07 
1200.09 7.57264e-07 
1200.1 7.61357e-07 
1200.11 7.65568e-07 
1200.12 7.69898e-07 
1200.13 7.74345e-07 
1200.14 7.78908e-07 
1200.15 7.83589e-07 
1200.16 7.88386e-07 
1200.17 7.93297e-07 
1200.18 7.98323e-07 
1200.19 8.03464e-07 
1200.2 8.08718e-07 
1200.21 8.14083e-07 
1200.22 8.19561e-07 
1200.23 8.25237e-07 
1200.24 8.30936e-07 
1200.25 8.36743e-07 
1200.26 8.42657e-07 
1200.27 8.48678e-07 
1200.28 8.54803e-07 
1200.29 8.61032e-07 
1200.3 8.67363e-07 
1200.31 8.73795e-07 
1200.32 8.80327e-07 
1200.33 8.86955e-07 
1200.34 8.9368e-07 
1200.35 9.005e-07 
1200.36 9.07413e-07 
1200.37 9.14416e-07 
1200.38 9.21509e-07 
1200.39 9.2869e-07 
1200.4 9.35955e-07 
1200.41 9.43305e-07 
1200.42 9.50736e-07 
1200.43 9.58246e-07 
1200.43 9.65834e-07 
1200.44 9.73498e-07 
1200.45 9.81234e-07 
1200.46 9.89042e-07 
1200.47 9.96918e-07 
1200.48 1.00498e-06 
1200.49 1.01298e-06 
1200.5 1.02105e-06 
1200.51 1.02918e-06 
1200.52 1.03737e-06 
1200.53 1.04561e-06 
1200.54 1.0539e-06 
1200.55 1.06224e-06 
1200.56 1.07062e-06 
1200.57 1.07905e-06 
1200.58 1.08753e-06 
1200.59 1.09604e-06 
1200.6 1.10458e-06 
1200.61 1.11385e-06 
1200.62 1.12247e-06 
1200.63 1.13112e-06 
1200.64 1.13979e-06 
1200.65 1.14848e-06 
1200.66 1.1572e-06 
1200.67 1.16593e-06 
1200.68 1.17468e-06 
1200.69 1.18344e-06 
1200.7 1.19221e-06 
1200.71 1.20099e-06 
1200.72 1.20977e-06 
1200.73 1.21868e-06 
1200.74 1.22747e-06 
1200.75 1.23625e-06 
1200.76 1.24503e-06 
1200.77 1.2538e-06 
1200.78 1.26256e-06 
1200.79 1.2713e-06 
1200.8 1.28004e-06 
1200.81 1.28876e-06 
1200.82 1.29745e-06 
1200.83 1.30613e-06 
1200.84 1.31479e-06 
1200.85 1.32342e-06 
1200.85 1.33203e-06 
1200.86 1.34061e-06 
1200.87 1.34916e-06 
1200.88 1.35768e-06 
1200.89 1.36617e-06 
1200.9 1.37462e-06 
1200.91 1.38304e-06 
1200.92 1.39143e-06 
1200.93 1.39977e-06 
1200.94 1.40809e-06 
1200.95 1.41636e-06 
1200.96 1.42459e-06 
1200.97 1.43279e-06 
1200.98 1.44107e-06 
1200.99 1.44919e-06 
1201 1.45727e-06 
1201.01 1.46531e-06 
1201.02 1.47331e-06 
1201.03 1.48127e-06 
1201.04 1.4892e-06 
1201.05 1.49709e-06 
1201.06 1.50495e-06 
1201.07 1.51277e-06 
1201.08 1.52056e-06 
1201.09 1.52832e-06 
1201.1 1.53606e-06 
1201.11 1.54376e-06 
1201.12 1.55144e-06 
1201.13 1.5591e-06 
1201.14 1.56673e-06 
1201.15 1.57436e-06 
1201.16 1.58196e-06 
1201.17 1.58956e-06 
1201.18 1.59715e-06 
1201.19 1.60474e-06 
1201.2 1.61233e-06 
1201.21 1.61992e-06 
1201.22 1.62752e-06 
1201.23 1.63525e-06 
1201.24 1.64289e-06 
1201.25 1.65054e-06 
1201.26 1.65823e-06 
1201.27 1.66595e-06 
1201.28 1.67371e-06 
1201.28 1.68152e-06 
1201.29 1.68938e-06 
1201.3 1.6973e-06 
1201.31 1.70528e-06 
1201.32 1.71334e-06 
1201.33 1.72147e-06 
1201.34 1.72969e-06 
1201.35 1.738e-06 
1201.36 1.74642e-06 
1201.37 1.75494e-06 
1201.38 1.76359e-06 
1201.39 1.77235e-06 
1201.4 1.78125e-06 
1201.41 1.79029e-06 
1201.42 1.79948e-06 
1201.43 1.80883e-06 
1201.44 1.81835e-06 
1201.45 1.82805e-06 
1201.46 1.83793e-06 
1201.47 1.84801e-06 
1201.48 1.85845e-06 
1201.49 1.86896e-06 
1201.5 1.87969e-06 
1201.51 1.89066e-06 
1201.52 1.90188e-06 
1201.53 1.91335e-06 
1201.54 1.92509e-06 
1201.55 1.93711e-06 
1201.56 1.94941e-06 
1201.57 1.96202e-06 
1201.58 1.97493e-06 
1201.59 1.98816e-06 
1201.6 2.00172e-06 
1201.61 2.01687e-06 
1201.62 2.03113e-06 
1201.63 2.04575e-06 
1201.64 2.06074e-06 
1201.65 2.07612e-06 
1201.66 2.09189e-06 
1201.67 2.10806e-06 
1201.68 2.12464e-06 
1201.69 2.14165e-06 
1201.7 2.15908e-06 
1201.7 2.17697e-06 
1201.71 2.1953e-06 
1201.72 2.21435e-06 
1201.73 2.23362e-06 
1201.74 2.25337e-06 
1201.75 2.27361e-06 
1201.76 2.29434e-06 
1201.77 2.31558e-06 
1201.78 2.33733e-06 
1201.79 2.35961e-06 
1201.8 2.38241e-06 
1201.81 2.40575e-06 
1201.82 2.42962e-06 
1201.83 2.45405e-06 
1201.84 2.47903e-06 
1201.85 2.50457e-06 
1201.86 2.53068e-06 
1201.87 2.55736e-06 
1201.88 2.5846e-06 
1201.89 2.61243e-06 
1201.9 2.64084e-06 
1201.91 2.66983e-06 
1201.92 2.69941e-06 
1201.93 2.72957e-06 
1201.94 2.76033e-06 
1201.95 2.79168e-06 
1201.96 2.82361e-06 
1201.97 2.85614e-06 
1201.98 2.8897e-06 
1201.99 2.92341e-06 
1202 2.95771e-06 
1202.01 2.99259e-06 
1202.02 3.02805e-06 
1202.03 3.06409e-06 
1202.04 3.1007e-06 
1202.05 3.13788e-06 
1202.06 3.17561e-06 
1202.07 3.2139e-06 
1202.08 3.25274e-06 
1202.09 3.29211e-06 
1202.1 3.33201e-06 
1202.11 3.37243e-06 
1202.12 3.41337e-06 
1202.13 3.4548e-06 
1202.13 3.49672e-06 
1202.14 3.53911e-06 
1202.15 3.58197e-06 
1202.16 3.62528e-06 
1202.17 3.66902e-06 
1202.18 3.71318e-06 
1202.19 3.75775e-06 
1202.2 3.8027e-06 
1202.21 3.84803e-06 
1202.22 3.8943e-06 
1202.23 3.94031e-06 
1202.24 3.98664e-06 
1202.25 4.03327e-06 
1202.26 4.08017e-06 
1202.27 4.12733e-06 
1202.28 4.17472e-06 
1202.29 4.22232e-06 
1202.3 4.27011e-06 
1202.31 4.31806e-06 
1202.32 4.36615e-06 
1202.33 4.41436e-06 
1202.34 4.46266e-06 
1202.35 4.51102e-06 
1202.36 4.55942e-06 
1202.37 4.60783e-06 
1202.38 4.65623e-06 
1202.39 4.70459e-06 
1202.4 4.75288e-06 
1202.41 4.80106e-06 
1202.42 4.84913e-06 
1202.43 4.89703e-06 
1202.44 4.94475e-06 
1202.45 4.99225e-06 
1202.46 5.03951e-06 
1202.47 5.0865e-06 
1202.48 5.13378e-06 
1202.49 5.18011e-06 
1202.5 5.22609e-06 
1202.51 5.27168e-06 
1202.52 5.31683e-06 
1202.53 5.36152e-06 
1202.54 5.40573e-06 
1202.55 5.44941e-06 
1202.56 5.49254e-06 
1202.56 5.53509e-06 
1202.57 5.57704e-06 
1202.58 5.61834e-06 
1202.59 5.65897e-06 
1202.6 5.69888e-06 
1202.61 5.74162e-06 
1202.62 5.78007e-06 
1202.63 5.81774e-06 
1202.64 5.85458e-06 
1202.65 5.89056e-06 
1202.66 5.92568e-06 
1202.67 5.95989e-06 
1202.68 5.99317e-06 
1202.69 6.02549e-06 
1202.7 6.05682e-06 
1202.71 6.08715e-06 
1202.72 6.11643e-06 
1202.73 6.14502e-06 
1202.74 6.17215e-06 
1202.75 6.19817e-06 
1202.76 6.22305e-06 
1202.77 6.24679e-06 
1202.78 6.26936e-06 
1202.79 6.29073e-06 
1202.8 6.31088e-06 
1202.81 6.32981e-06 
1202.82 6.34749e-06 
1202.83 6.3639e-06 
1202.84 6.37903e-06 
1202.85 6.39286e-06 
1202.86 6.40537e-06 
1202.87 6.41657e-06 
1202.88 6.42642e-06 
1202.89 6.43493e-06 
1202.9 6.44207e-06 
1202.91 6.44784e-06 
1202.92 6.45225e-06 
1202.93 6.45526e-06 
1202.94 6.45689e-06 
1202.95 6.45712e-06 
1202.96 6.45595e-06 
1202.97 6.45338e-06 
1202.98 6.44939e-06 
1202.98 6.44394e-06 
1202.99 6.43712e-06 
1203 6.4289e-06 
1203.01 6.41928e-06 
1203.02 6.40825e-06 
1203.03 6.39583e-06 
1203.04 6.38201e-06 
1203.05 6.36681e-06 
1203.06 6.35023e-06 
1203.07 6.33228e-06 
1203.08 6.31297e-06 
1203.09 6.2923e-06 
1203.1 6.2703e-06 
1203.11 6.24697e-06 
1203.12 6.22232e-06 
1203.13 6.19638e-06 
1203.14 6.16914e-06 
1203.15 6.14063e-06 
1203.16 6.11088e-06 
1203.17 6.07988e-06 
1203.18 6.04768e-06 
1203.19 6.01427e-06 
1203.2 5.97968e-06 
1203.21 5.94393e-06 
1203.22 5.90705e-06 
1203.23 5.86859e-06 
1203.24 5.82949e-06 
1203.25 5.78932e-06 
1203.26 5.74812e-06 
1203.27 5.7059e-06 
1203.28 5.66268e-06 
1203.29 5.6185e-06 
1203.3 5.57338e-06 
1203.31 5.52734e-06 
1203.32 5.48043e-06 
1203.33 5.43266e-06 
1203.34 5.38406e-06 
1203.35 5.33465e-06 
1203.36 5.28448e-06 
1203.37 5.23357e-06 
1203.38 5.18195e-06 
1203.39 5.12964e-06 
1203.4 5.07669e-06 
1203.41 5.02311e-06 
1203.41 4.96895e-06 
1203.42 4.91423e-06 
1203.43 4.85898e-06 
1203.44 4.80323e-06 
1203.45 4.74701e-06 
1203.46 4.69036e-06 
1203.47 4.63331e-06 
1203.48 4.57516e-06 
1203.49 4.51739e-06 
1203.5 4.4593e-06 
1203.51 4.40093e-06 
1203.52 4.34231e-06 
1203.53 4.28346e-06 
1203.54 4.22443e-06 
1203.55 4.16523e-06 
1203.56 4.10591e-06 
1203.57 4.04648e-06 
1203.58 3.98698e-06 
1203.59 3.92743e-06 
1203.6 3.86786e-06 
1203.61 3.81065e-06 
1203.62 3.75109e-06 
1203.63 3.6916e-06 
1203.64 3.63219e-06 
1203.65 3.57291e-06 
1203.66 3.51376e-06 
1203.67 3.45479e-06 
1203.68 3.396e-06 
1203.69 3.33743e-06 
1203.7 3.2791e-06 
1203.71 3.22103e-06 
1203.72 3.16324e-06 
1203.73 3.10505e-06 
1203.74 3.0479e-06 
1203.75 2.99109e-06 
1203.76 2.93466e-06 
1203.77 2.87861e-06 
1203.78 2.82297e-06 
1203.79 2.76775e-06 
1203.8 2.71296e-06 
1203.81 2.65864e-06 
1203.82 2.60479e-06 
1203.83 2.55143e-06 
1203.83 2.49858e-06 
1203.84 2.44624e-06 
1203.85 2.39443e-06 
1203.86 2.34316e-06 
1203.87 2.29246e-06 
1203.88 2.24232e-06 
1203.89 2.19276e-06 
1203.9 2.14379e-06 
1203.91 2.09541e-06 
1203.92 2.04765e-06 
1203.93 2.00049e-06 
1203.94 1.95397e-06 
1203.95 1.90807e-06 
1203.96 1.86282e-06 
1203.97 1.81821e-06 
1203.98 1.7737e-06 
1203.99 1.73039e-06 
1204 1.68775e-06 
1204.01 1.64577e-06 
1204.02 1.60445e-06 
1204.03 1.5638e-06 
1204.04 1.52382e-06 
1204.05 1.48451e-06 
1204.06 1.44587e-06 
1204.07 1.4079e-06 
1204.08 1.37061e-06 
1204.09 1.33399e-06 
1204.1 1.29804e-06 
1204.11 1.26276e-06 
1204.12 1.22815e-06 
1204.13 1.1942e-06 
1204.14 1.16092e-06 
1204.15 1.1283e-06 
1204.16 1.09633e-06 
1204.17 1.06502e-06 
1204.18 1.03436e-06 
1204.19 1.00434e-06 
1204.2 9.74963e-07 
1204.21 9.4622e-07 
1204.22 9.18108e-07 
1204.23 8.90281e-07 
1204.24 8.63418e-07 
1204.25 8.37169e-07 
1204.26 8.11525e-07 
1204.26 7.86479e-07 
1204.27 7.62026e-07 
1204.28 7.38159e-07 
1204.29 7.14869e-07 
1204.3 6.92151e-07 
1204.31 6.69996e-07 
1204.32 6.48396e-07 
1204.33 6.27343e-07 
1204.34 6.0683e-07 
1204.35 5.8685e-07 
1204.36 5.67392e-07 
1204.37 5.48449e-07 
1204.38 5.30014e-07 
1204.39 5.12077e-07 
1204.4 4.94629e-07 
1204.41 4.77662e-07 
1204.42 4.61169e-07 
1204.43 4.45139e-07 
1204.44 4.29564e-07 
1204.45 4.14436e-07 
1204.46 3.99746e-07 
1204.47 3.85485e-07 
1204.48 3.71475e-07 
1204.49 3.58052e-07 
1204.5 3.45032e-07 
1204.51 3.32407e-07 
1204.52 3.20168e-07 
1204.53 3.08306e-07 
1204.54 2.96813e-07 
1204.55 2.85681e-07 
1204.56 2.74902e-07 
1204.57 2.64466e-07 
1204.58 2.54366e-07 
1204.59 2.44594e-07 
1204.6 2.35141e-07 
1204.61 2.26e-07 
1204.62 2.17297e-07 
1204.63 2.08751e-07 
1204.64 2.00493e-07 
1204.65 1.92516e-07 
1204.66 1.84813e-07 
1204.67 1.77376e-07 
1204.68 1.70198e-07 
1204.68 1.63271e-07 
1204.69 1.56589e-07 
1204.7 1.50145e-07 
1204.71 1.43933e-07 
1204.72 1.37871e-07 
1204.73 1.32103e-07 
1204.74 1.26546e-07 
1204.75 1.21194e-07 
1204.76 1.16041e-07 
1204.77 1.11081e-07 
1204.78 1.06307e-07 
1204.79 1.01715e-07 
1204.8 9.72976e-08 
1204.81 9.30501e-08 
1204.82 8.8967e-08 
1204.83 8.50429e-08 
1204.84 8.12725e-08 
1204.85 7.76509e-08 
1204.86 7.4173e-08 
1204.87 7.08341e-08 
1204.88 6.76295e-08 
1204.89 6.45545e-08 
1204.9 6.16047e-08 
1204.91 5.87758e-08 
1204.92 5.60634e-08 
1204.93 5.34636e-08 
1204.94 5.09721e-08 
1204.95 4.85853e-08 
1204.96 4.62992e-08 
1204.97 4.41103e-08 
1204.98 4.19892e-08 
1204.99 3.99849e-08 
1205 3.80673e-08 
1205.01 3.6233e-08 
1205.02 3.44789e-08 
1205.03 3.28019e-08 
1205.04 3.11991e-08 
1205.05 2.96676e-08 
1205.06 2.82045e-08 
1205.07 2.68073e-08 
1205.08 2.54732e-08 
1205.09 2.41997e-08 
1205.1 2.29845e-08 
1205.11 2.18251e-08 
1205.11 2.07193e-08 
1205.12 1.96648e-08 
1205.13 1.86596e-08 
1205.14 1.77015e-08 
1205.15 1.67887e-08 
1205.16 1.59192e-08 
1205.17 1.50911e-08 
1205.18 1.43026e-08 
1205.19 1.35522e-08 
1205.2 1.28381e-08 
1205.21 1.21587e-08 
1205.22 1.15049e-08 
1205.23 1.08907e-08 
1205.24 1.0307e-08 
1205.25 9.75225e-09 
1205.26 9.22519e-09 
1205.27 8.72454e-09 
1205.28 8.24911e-09 
1205.29 7.79773e-09 
1205.3 7.3693e-09 
1205.31 6.96276e-09 
1205.32 6.57708e-09 
1205.33 6.21129e-09 
1205.34 5.86445e-09 
1205.35 5.53567e-09 
1205.36 5.22408e-09 
1205.37 4.92886e-09 
1205.38 4.64921e-09 
1205.39 4.38439e-09 
1205.4 4.13368e-09 
1205.41 3.89637e-09 
1205.42 3.67182e-09 
1205.43 3.45939e-09 
1205.44 3.25847e-09 
1205.45 3.06849e-09 
1205.46 2.88891e-09 
1205.47 2.71919e-09 
1205.48 2.55694e-09 
1205.49 2.40552e-09 
1205.5 2.26258e-09 
1205.51 2.12762e-09 
1205.52 2.00024e-09 
1205.53 1.88005e-09 
1205.54 1.76665e-09 
1205.54 1.6597e-09 
1205.55 1.55886e-09 
1205.56 1.46379e-09 
1205.57 1.3742e-09 
1205.58 1.28978e-09 
1205.59 1.21026e-09 
1205.6 1.13537e-09 
1205.61 1.06552e-09 
1205.62 9.9912e-10 
1205.63 9.36632e-10 
1205.64 8.77843e-10 
1205.65 8.22549e-10 
1205.66 7.70555e-10 
1205.67 7.21676e-10 
1205.68 6.75737e-10 
1205.69 6.32572e-10 
1205.7 5.92024e-10 
1205.71 5.53943e-10 
1205.72 5.18189e-10 
1205.73 4.84222e-10 
1205.74 4.52751e-10 
1205.75 4.23226e-10 
1205.76 3.95532e-10 
1205.77 3.69562e-10 
1205.78 3.45216e-10 
1205.79 3.22396e-10 
1205.8 3.01014e-10 
1205.81 2.80984e-10 
1205.82 2.62223e-10 
1205.83 2.44658e-10 
1205.84 2.28214e-10 
1205.85 2.12826e-10 
1205.86 1.98428e-10 
1205.87 1.8496e-10 
1205.88 1.72365e-10 
1205.89 1.6059e-10 
1205.9 1.49583e-10 
1205.91 1.39298e-10 
1205.92 1.29689e-10 
1205.93 1.20715e-10 
1205.94 1.12335e-10 
1205.95 1.04511e-10 
1205.96 9.72099e-11 
1205.96 9.0397e-11 
1205.97 8.40417e-11 
1205.98 7.8043e-11 
1205.99 7.25216e-11 
1206 6.73747e-11 
1206.01 6.25783e-11 
1206.02 5.81095e-11 
1206.03 5.39471e-11 
1206.04 5.00709e-11 
1206.05 4.64621e-11 
1206.06 4.31033e-11 
1206.07 3.99777e-11 
1206.08 3.707e-11 
1206.09 3.43656e-11 
1206.1 3.1851e-11 
1206.11 2.95133e-11 
1206.12 2.73407e-11 
1206.13 2.5322e-11 
1206.14 2.34469e-11 
1206.15 2.17054e-11 
1206.16 2.00885e-11 
1206.17 1.85876e-11 
1206.18 1.71948e-11 
1206.19 1.59025e-11 
1206.2 1.47039e-11 
1206.21 1.35924e-11 
1206.22 1.2562e-11 
1206.23 1.15954e-11 
1206.24 1.07112e-11 
1206.25 9.89207e-12 
1206.26 9.13342e-12 
1206.27 8.43095e-12 
1206.28 7.78067e-12 
1206.29 7.17883e-12 
1206.3 6.62198e-12 
1206.31 6.10686e-12 
1206.32 5.63048e-12 
1206.33 5.19003e-12 
1206.34 4.78289e-12 
1206.35 4.40665e-12 
1206.36 4.05904e-12 
1206.37 3.73796e-12 
1206.38 3.44146e-12 
1206.39 3.16772e-12 
1206.39 2.91507e-12 
1206.4 2.68193e-12 
1206.41 2.46685e-12 
1206.42 2.26848e-12 
1206.43 2.08557e-12 
1206.44 1.91695e-12 
1206.45 1.76154e-12 
1206.46 1.61835e-12 
1206.47 1.48644e-12 
1206.48 1.36351e-12 
1206.49 1.25178e-12 
1206.5 1.14893e-12 
1206.51 1.05428e-12 
1206.52 9.67196e-13 
1206.53 8.87097e-13 
1206.54 8.13438e-13 
1206.55 7.45719e-13 
1206.56 6.83476e-13 
1206.57 6.2628e-13 
1206.58 5.73734e-13 
1206.59 5.25473e-13 
1206.6 0 
