#energy geo_1 
1186.6 1.36689e-06 
1186.61 1.36609e-06 
1186.62 1.36529e-06 
1186.63 1.3645e-06 
1186.64 1.3637e-06 
1186.65 1.36291e-06 
1186.66 1.36211e-06 
1186.67 1.36132e-06 
1186.68 1.36053e-06 
1186.69 1.35973e-06 
1186.7 1.35894e-06 
1186.71 1.35814e-06 
1186.72 1.35735e-06 
1186.73 1.35656e-06 
1186.74 1.35577e-06 
1186.75 1.35498e-06 
1186.76 1.35418e-06 
1186.77 1.35339e-06 
1186.78 1.3526e-06 
1186.79 1.35181e-06 
1186.8 1.35102e-06 
1186.81 1.35023e-06 
1186.81 1.34944e-06 
1186.82 1.34865e-06 
1186.83 1.34786e-06 
1186.84 1.34707e-06 
1186.85 1.34628e-06 
1186.86 1.34549e-06 
1186.87 1.34471e-06 
1186.88 1.34392e-06 
1186.89 1.34313e-06 
1186.9 1.34235e-06 
1186.91 1.34156e-06 
1186.92 1.34077e-06 
1186.93 1.33998e-06 
1186.94 1.3392e-06 
1186.95 1.33841e-06 
1186.96 1.33763e-06 
1186.97 1.33684e-06 
1186.98 1.33606e-06 
1186.99 1.33527e-06 
1187 1.33449e-06 
1187.01 1.33371e-06 
1187.02 1.33292e-06 
1187.03 1.33214e-06 
1187.04 1.33136e-06 
1187.05 1.33057e-06 
1187.06 1.32979e-06 
1187.07 1.32901e-06 
1187.08 1.32823e-06 
1187.09 1.32745e-06 
1187.1 1.32667e-06 
1187.11 1.32589e-06 
1187.12 1.32511e-06 
1187.13 1.32433e-06 
1187.14 1.32355e-06 
1187.15 1.32277e-06 
1187.16 1.32199e-06 
1187.17 1.32121e-06 
1187.18 1.32043e-06 
1187.19 1.31965e-06 
1187.2 1.31887e-06 
1187.21 1.3181e-06 
1187.22 1.31732e-06 
1187.23 1.31654e-06 
1187.24 1.31577e-06 
1187.24 1.31499e-06 
1187.25 1.31421e-06 
1187.26 1.31344e-06 
1187.27 1.31266e-06 
1187.28 1.31189e-06 
1187.29 1.31111e-06 
1187.3 1.31034e-06 
1187.31 1.30957e-06 
1187.32 1.30879e-06 
1187.33 1.30802e-06 
1187.34 1.30725e-06 
1187.35 1.30647e-06 
1187.36 1.3057e-06 
1187.37 1.30493e-06 
1187.38 1.30415e-06 
1187.39 1.30338e-06 
1187.4 1.30261e-06 
1187.41 1.30184e-06 
1187.42 1.30107e-06 
1187.43 1.3003e-06 
1187.44 1.29953e-06 
1187.45 1.29876e-06 
1187.46 1.29799e-06 
1187.47 1.29722e-06 
1187.48 1.29645e-06 
1187.49 1.29569e-06 
1187.5 1.29492e-06 
1187.51 1.29415e-06 
1187.52 1.29338e-06 
1187.53 1.29262e-06 
1187.54 1.29185e-06 
1187.55 1.29108e-06 
1187.56 1.29032e-06 
1187.57 1.28955e-06 
1187.58 1.28878e-06 
1187.59 1.28802e-06 
1187.6 1.28725e-06 
1187.61 1.28729e-06 
1187.62 1.28652e-06 
1187.63 1.28576e-06 
1187.64 1.28499e-06 
1187.65 1.28423e-06 
1187.66 1.28347e-06 
1187.66 1.2827e-06 
1187.67 1.28194e-06 
1187.68 1.28118e-06 
1187.69 1.28041e-06 
1187.7 1.27965e-06 
1187.71 1.27889e-06 
1187.72 1.27813e-06 
1187.73 1.27737e-06 
1187.74 1.27661e-06 
1187.75 1.27585e-06 
1187.76 1.27509e-06 
1187.77 1.27433e-06 
1187.78 1.27357e-06 
1187.79 1.27281e-06 
1187.8 1.27205e-06 
1187.81 1.27129e-06 
1187.82 1.27053e-06 
1187.83 1.26978e-06 
1187.84 1.26902e-06 
1187.85 1.26826e-06 
1187.86 1.2675e-06 
1187.87 1.26675e-06 
1187.88 1.26599e-06 
1187.89 1.26524e-06 
1187.9 1.26448e-06 
1187.91 1.26372e-06 
1187.92 1.26297e-06 
1187.93 1.26221e-06 
1187.94 1.26146e-06 
1187.95 1.26071e-06 
1187.96 1.25995e-06 
1187.97 1.2592e-06 
1187.98 1.25844e-06 
1187.99 1.25769e-06 
1188 1.25694e-06 
1188.01 1.25619e-06 
1188.02 1.25543e-06 
1188.03 1.25469e-06 
1188.04 1.25393e-06 
1188.05 1.25318e-06 
1188.06 1.25243e-06 
1188.07 1.25168e-06 
1188.08 1.25093e-06 
1188.09 1.25018e-06 
1188.09 1.24943e-06 
1188.1 1.24868e-06 
1188.11 1.24794e-06 
1188.12 1.24719e-06 
1188.13 1.24644e-06 
1188.14 1.24569e-06 
1188.15 1.24494e-06 
1188.16 1.2442e-06 
1188.17 1.24345e-06 
1188.18 1.2427e-06 
1188.19 1.24196e-06 
1188.2 1.24121e-06 
1188.21 1.24047e-06 
1188.22 1.23972e-06 
1188.23 1.23898e-06 
1188.24 1.23823e-06 
1188.25 1.23749e-06 
1188.26 1.23674e-06 
1188.27 1.236e-06 
1188.28 1.23526e-06 
1188.29 1.23451e-06 
1188.3 1.23377e-06 
1188.31 1.23303e-06 
1188.32 1.23229e-06 
1188.33 1.23155e-06 
1188.34 1.2308e-06 
1188.35 1.23006e-06 
1188.36 1.22932e-06 
1188.37 1.22858e-06 
1188.38 1.22784e-06 
1188.39 1.2271e-06 
1188.4 1.22636e-06 
1188.41 1.22562e-06 
1188.42 1.22489e-06 
1188.43 1.22415e-06 
1188.44 1.22341e-06 
1188.45 1.22267e-06 
1188.46 1.22194e-06 
1188.47 1.2212e-06 
1188.48 1.22046e-06 
1188.49 1.21972e-06 
1188.5 1.21899e-06 
1188.51 1.21825e-06 
1188.52 1.21752e-06 
1188.52 1.21678e-06 
1188.53 1.21605e-06 
1188.54 1.21531e-06 
1188.55 1.21458e-06 
1188.56 1.21385e-06 
1188.57 1.21311e-06 
1188.58 1.21238e-06 
1188.59 1.21165e-06 
1188.6 1.21167e-06 
1188.61 1.21093e-06 
1188.62 1.2102e-06 
1188.63 1.20947e-06 
1188.64 1.20874e-06 
1188.65 1.20801e-06 
1188.66 1.20727e-06 
1188.67 1.20654e-06 
1188.68 1.20581e-06 
1188.69 1.20508e-06 
1188.7 1.20435e-06 
1188.71 1.20362e-06 
1188.72 1.2029e-06 
1188.73 1.20217e-06 
1188.74 1.20144e-06 
1188.75 1.20071e-06 
1188.76 1.19998e-06 
1188.77 1.19926e-06 
1188.78 1.19853e-06 
1188.79 1.1978e-06 
1188.8 1.19708e-06 
1188.81 1.19635e-06 
1188.82 1.19562e-06 
1188.83 1.1949e-06 
1188.84 1.19417e-06 
1188.85 1.19345e-06 
1188.86 1.19272e-06 
1188.87 1.192e-06 
1188.88 1.19128e-06 
1188.89 1.19055e-06 
1188.9 1.18983e-06 
1188.91 1.18911e-06 
1188.92 1.18838e-06 
1188.93 1.18766e-06 
1188.94 1.18694e-06 
1188.94 1.18622e-06 
1188.95 1.1855e-06 
1188.96 1.18478e-06 
1188.97 1.18406e-06 
1188.98 1.18334e-06 
1188.99 1.18262e-06 
1189 1.1819e-06 
1189.01 1.18118e-06 
1189.02 1.18046e-06 
1189.03 1.17974e-06 
1189.04 1.17902e-06 
1189.05 1.1783e-06 
1189.06 1.17759e-06 
1189.07 1.17687e-06 
1189.08 1.17615e-06 
1189.09 1.17544e-06 
1189.1 1.17472e-06 
1189.11 1.17401e-06 
1189.12 1.17329e-06 
1189.13 1.17258e-06 
1189.14 1.17186e-06 
1189.15 1.17115e-06 
1189.16 1.17043e-06 
1189.17 1.16972e-06 
1189.18 1.169e-06 
1189.19 1.16829e-06 
1189.2 1.16758e-06 
1189.21 1.16687e-06 
1189.22 1.16615e-06 
1189.23 1.16544e-06 
1189.24 1.16473e-06 
1189.25 1.16402e-06 
1189.26 1.16331e-06 
1189.27 1.1626e-06 
1189.28 1.16189e-06 
1189.29 1.16118e-06 
1189.3 1.16047e-06 
1189.31 1.15976e-06 
1189.32 1.15905e-06 
1189.33 1.15834e-06 
1189.34 1.15764e-06 
1189.35 1.15693e-06 
1189.36 1.15622e-06 
1189.36 1.15551e-06 
1189.37 1.15481e-06 
1189.38 1.1541e-06 
1189.39 1.15339e-06 
1189.4 1.15269e-06 
1189.41 1.15198e-06 
1189.42 1.15128e-06 
1189.43 1.15057e-06 
1189.44 1.14987e-06 
1189.45 1.14916e-06 
1189.46 1.14846e-06 
1189.47 1.14776e-06 
1189.48 1.14705e-06 
1189.49 1.14635e-06 
1189.5 1.14565e-06 
1189.51 1.14495e-06 
1189.52 1.14424e-06 
1189.53 1.14354e-06 
1189.54 1.14284e-06 
1189.55 1.14214e-06 
1189.56 1.14144e-06 
1189.57 1.14074e-06 
1189.58 1.14004e-06 
1189.59 1.13934e-06 
1189.6 1.13864e-06 
1189.61 1.13865e-06 
1189.62 1.13795e-06 
1189.63 1.13725e-06 
1189.64 1.13655e-06 
1189.65 1.13586e-06 
1189.66 1.13516e-06 
1189.67 1.13446e-06 
1189.68 1.13376e-06 
1189.69 1.13307e-06 
1189.7 1.13237e-06 
1189.71 1.13167e-06 
1189.72 1.13098e-06 
1189.73 1.13029e-06 
1189.74 1.12959e-06 
1189.75 1.1289e-06 
1189.76 1.1282e-06 
1189.77 1.12751e-06 
1189.78 1.12682e-06 
1189.79 1.12612e-06 
1189.79 1.12543e-06 
1189.8 1.12474e-06 
1189.81 1.12404e-06 
1189.82 1.12335e-06 
1189.83 1.12266e-06 
1189.84 1.12197e-06 
1189.85 1.12128e-06 
1189.86 1.12059e-06 
1189.87 1.1199e-06 
1189.88 1.11921e-06 
1189.89 1.11852e-06 
1189.9 1.11783e-06 
1189.91 1.11714e-06 
1189.92 1.11645e-06 
1189.93 1.11577e-06 
1189.94 1.11508e-06 
1189.95 1.11439e-06 
1189.96 1.1137e-06 
1189.97 1.11302e-06 
1189.98 1.11233e-06 
1189.99 1.11164e-06 
1190 1.11096e-06 
1190.01 1.11027e-06 
1190.02 1.10959e-06 
1190.03 1.1089e-06 
1190.04 1.10822e-06 
1190.05 1.10754e-06 
1190.06 1.10685e-06 
1190.07 1.10617e-06 
1190.08 1.10549e-06 
1190.09 1.1048e-06 
1190.1 1.10412e-06 
1190.11 1.10344e-06 
1190.12 1.10276e-06 
1190.13 1.10208e-06 
1190.14 1.1014e-06 
1190.15 1.10071e-06 
1190.16 1.10003e-06 
1190.17 1.09935e-06 
1190.18 1.09868e-06 
1190.19 1.098e-06 
1190.2 1.09732e-06 
1190.21 1.09664e-06 
1190.21 1.09596e-06 
1190.22 1.09528e-06 
1190.23 1.0946e-06 
1190.24 1.09393e-06 
1190.25 1.09325e-06 
1190.26 1.09257e-06 
1190.27 1.0919e-06 
1190.28 1.09122e-06 
1190.29 1.09055e-06 
1190.3 1.08987e-06 
1190.31 1.0892e-06 
1190.32 1.08852e-06 
1190.33 1.08785e-06 
1190.34 1.08717e-06 
1190.35 1.0865e-06 
1190.36 1.08583e-06 
1190.37 1.08515e-06 
1190.38 1.08448e-06 
1190.39 1.08381e-06 
1190.4 1.08314e-06 
1190.41 1.08247e-06 
1190.42 1.08179e-06 
1190.43 1.08112e-06 
1190.44 1.08045e-06 
1190.45 1.07978e-06 
1190.46 1.07911e-06 
1190.47 1.07844e-06 
1190.48 1.07777e-06 
1190.49 1.07711e-06 
1190.5 1.07643e-06 
1190.51 1.07577e-06 
1190.52 1.0751e-06 
1190.53 1.07443e-06 
1190.54 1.07377e-06 
1190.55 1.0731e-06 
1190.56 1.07243e-06 
1190.57 1.07177e-06 
1190.58 1.0711e-06 
1190.59 1.07043e-06 
1190.6 1.06977e-06 
1190.61 1.06977e-06 
1190.62 1.0691e-06 
1190.63 1.06844e-06 
1190.64 1.06777e-06 
1190.64 1.06711e-06 
1190.65 1.06645e-06 
1190.66 1.06578e-06 
1190.67 1.06512e-06 
1190.68 1.06446e-06 
1190.69 1.06379e-06 
1190.7 1.06313e-06 
1190.71 1.06247e-06 
1190.72 1.06181e-06 
1190.73 1.06115e-06 
1190.74 1.06049e-06 
1190.75 1.05983e-06 
1190.76 1.05917e-06 
1190.77 1.05851e-06 
1190.78 1.05785e-06 
1190.79 1.05719e-06 
1190.8 1.05653e-06 
1190.81 1.05587e-06 
1190.82 1.05522e-06 
1190.83 1.05456e-06 
1190.84 1.0539e-06 
1190.85 1.05324e-06 
1190.86 1.05259e-06 
1190.87 1.05193e-06 
1190.88 1.05127e-06 
1190.89 1.05062e-06 
1190.9 1.04996e-06 
1190.91 1.04931e-06 
1190.92 1.04865e-06 
1190.93 1.048e-06 
1190.94 1.04734e-06 
1190.95 1.04669e-06 
1190.96 1.04604e-06 
1190.97 1.04538e-06 
1190.98 1.04473e-06 
1190.99 1.04408e-06 
1191 1.04343e-06 
1191.01 1.04278e-06 
1191.02 1.04212e-06 
1191.03 1.04147e-06 
1191.04 1.04082e-06 
1191.05 1.04017e-06 
1191.06 1.03952e-06 
1191.07 1.03887e-06 
1191.07 1.03822e-06 
1191.08 1.03757e-06 
1191.09 1.03692e-06 
1191.1 1.03627e-06 
1191.11 1.03563e-06 
1191.12 1.03498e-06 
1191.13 1.03433e-06 
1191.14 1.03368e-06 
1191.15 1.03304e-06 
1191.16 1.03239e-06 
1191.17 1.03174e-06 
1191.18 1.0311e-06 
1191.19 1.03045e-06 
1191.2 1.0298e-06 
1191.21 1.02916e-06 
1191.22 1.02852e-06 
1191.23 1.02787e-06 
1191.24 1.02723e-06 
1191.25 1.02658e-06 
1191.26 1.02594e-06 
1191.27 1.0253e-06 
1191.28 1.02465e-06 
1191.29 1.02401e-06 
1191.3 1.02337e-06 
1191.31 1.02273e-06 
1191.32 1.02208e-06 
1191.33 1.02144e-06 
1191.34 1.0208e-06 
1191.35 1.02016e-06 
1191.36 1.01952e-06 
1191.37 1.01888e-06 
1191.38 1.01824e-06 
1191.39 1.0176e-06 
1191.4 1.01696e-06 
1191.41 1.01632e-06 
1191.42 1.01569e-06 
1191.43 1.01505e-06 
1191.44 1.01441e-06 
1191.45 1.01377e-06 
1191.46 1.01313e-06 
1191.47 1.0125e-06 
1191.48 1.01186e-06 
1191.49 1.01123e-06 
1191.49 1.01059e-06 
1191.5 1.00995e-06 
1191.51 1.00932e-06 
1191.52 1.00868e-06 
1191.53 1.00805e-06 
1191.54 1.00741e-06 
1191.55 1.00678e-06 
1191.56 1.00614e-06 
1191.57 1.00551e-06 
1191.58 1.00488e-06 
1191.59 1.00424e-06 
1191.6 1.00423e-06 
1191.61 1.0036e-06 
1191.62 1.00297e-06 
1191.63 1.00234e-06 
1191.64 1.0017e-06 
1191.65 1.00107e-06 
1191.66 1.00044e-06 
1191.67 9.99809e-07 
1191.68 9.99178e-07 
1191.69 9.98546e-07 
1191.7 9.97918e-07 
1191.71 9.97286e-07 
1191.72 9.96656e-07 
1191.73 9.96028e-07 
1191.74 9.95397e-07 
1191.75 9.9477e-07 
1191.76 9.94141e-07 
1191.77 9.93512e-07 
1191.78 9.92883e-07 
1191.79 9.92258e-07 
1191.8 9.91629e-07 
1191.81 9.91002e-07 
1191.82 9.90375e-07 
1191.83 9.89748e-07 
1191.84 9.89121e-07 
1191.85 9.88497e-07 
1191.86 9.87871e-07 
1191.87 9.87244e-07 
1191.88 9.8662e-07 
1191.89 9.85995e-07 
1191.9 9.8537e-07 
1191.91 9.84745e-07 
1191.92 9.84122e-07 
1191.92 9.83497e-07 
1191.93 9.82874e-07 
1191.94 9.82251e-07 
1191.95 9.81626e-07 
1191.96 9.81005e-07 
1191.97 9.80383e-07 
1191.98 9.7976e-07 
1191.99 9.79138e-07 
1192 9.78517e-07 
1192.01 9.77896e-07 
1192.02 9.77274e-07 
1192.03 9.76653e-07 
1192.04 9.76033e-07 
1192.05 9.75411e-07 
1192.06 9.74791e-07 
1192.07 9.74171e-07 
1192.08 9.73552e-07 
1192.09 9.72931e-07 
1192.1 9.72312e-07 
1192.11 9.71695e-07 
1192.12 9.71076e-07 
1192.13 9.70458e-07 
1192.14 9.6984e-07 
1192.15 9.69221e-07 
1192.16 9.68604e-07 
1192.17 9.67987e-07 
1192.18 9.67369e-07 
1192.19 9.66754e-07 
1192.2 9.66135e-07 
1192.21 9.65521e-07 
1192.22 9.64904e-07 
1192.23 9.64289e-07 
1192.24 9.63673e-07 
1192.25 9.63057e-07 
1192.26 9.62441e-07 
1192.27 9.61828e-07 
1192.28 9.61212e-07 
1192.29 9.60599e-07 
1192.3 9.59983e-07 
1192.31 9.5937e-07 
1192.32 9.58755e-07 
1192.33 9.58142e-07 
1192.34 9.57529e-07 
1192.34 9.56917e-07 
1192.35 9.56304e-07 
1192.36 9.55691e-07 
1192.37 9.55077e-07 
1192.38 9.54467e-07 
1192.39 9.53853e-07 
1192.4 9.53243e-07 
1192.41 9.5263e-07 
1192.42 9.52019e-07 
1192.43 9.51409e-07 
1192.44 9.50799e-07 
1192.45 9.50187e-07 
1192.46 9.49578e-07 
1192.47 9.48966e-07 
1192.48 9.48357e-07 
1192.49 9.47747e-07 
1192.5 9.47139e-07 
1192.51 9.46529e-07 
1192.52 9.4592e-07 
1192.53 9.4531e-07 
1192.54 9.44703e-07 
1192.55 9.44092e-07 
1192.56 9.43486e-07 
1192.57 9.42877e-07 
1192.58 9.42269e-07 
1192.59 9.41662e-07 
1192.6 9.41054e-07 
1192.61 9.41028e-07 
1192.62 9.4042e-07 
1192.63 9.39814e-07 
1192.64 9.39206e-07 
1192.65 9.386e-07 
1192.66 9.37993e-07 
1192.67 9.37386e-07 
1192.68 9.3678e-07 
1192.69 9.36175e-07 
1192.7 9.35568e-07 
1192.71 9.34961e-07 
1192.72 9.34357e-07 
1192.73 9.33752e-07 
1192.74 9.33147e-07 
1192.75 9.32542e-07 
1192.76 9.31936e-07 
1192.77 9.31332e-07 
1192.77 9.30727e-07 
1192.78 9.30123e-07 
1192.79 9.29518e-07 
1192.8 9.28914e-07 
1192.81 9.28309e-07 
1192.82 9.27706e-07 
1192.83 9.27103e-07 
1192.84 9.26498e-07 
1192.85 9.25897e-07 
1192.86 9.25293e-07 
1192.87 9.2469e-07 
1192.88 9.24088e-07 
1192.89 9.23484e-07 
1192.9 9.22882e-07 
1192.91 9.2228e-07 
1192.92 9.21678e-07 
1192.93 9.21076e-07 
1192.94 9.20474e-07 
1192.95 9.19873e-07 
1192.96 9.19271e-07 
1192.97 9.18668e-07 
1192.98 9.18068e-07 
1192.99 9.17466e-07 
1193 9.16864e-07 
1193.01 9.16264e-07 
1193.02 9.15664e-07 
1193.03 9.15063e-07 
1193.04 9.14462e-07 
1193.05 9.13862e-07 
1193.06 9.13262e-07 
1193.07 9.12661e-07 
1193.08 9.1206e-07 
1193.09 9.11461e-07 
1193.1 9.1086e-07 
1193.11 9.10262e-07 
1193.12 9.09661e-07 
1193.13 9.09062e-07 
1193.14 9.08463e-07 
1193.15 9.07863e-07 
1193.16 9.07264e-07 
1193.17 9.06665e-07 
1193.18 9.06066e-07 
1193.19 9.05467e-07 
1193.19 9.04868e-07 
1193.2 9.04269e-07 
1193.21 9.0367e-07 
1193.22 9.03072e-07 
1193.23 9.02473e-07 
1193.24 9.01875e-07 
1193.25 9.01277e-07 
1193.26 9.00679e-07 
1193.27 9.00081e-07 
1193.28 8.99482e-07 
1193.29 8.98884e-07 
1193.3 8.98287e-07 
1193.31 8.97689e-07 
1193.32 8.97091e-07 
1193.33 8.96493e-07 
1193.34 8.95895e-07 
1193.35 8.95298e-07 
1193.36 8.94701e-07 
1193.37 8.94104e-07 
1193.38 8.93506e-07 
1193.39 8.92909e-07 
1193.4 8.92311e-07 
1193.41 8.91714e-07 
1193.42 8.91117e-07 
1193.43 8.90519e-07 
1193.44 8.89922e-07 
1193.45 8.89324e-07 
1193.46 8.88727e-07 
1193.47 8.88131e-07 
1193.48 8.87534e-07 
1193.49 8.86936e-07 
1193.5 8.86339e-07 
1193.51 8.85741e-07 
1193.52 8.85146e-07 
1193.53 8.84549e-07 
1193.54 8.83952e-07 
1193.55 8.83355e-07 
1193.56 8.82758e-07 
1193.57 8.82162e-07 
1193.58 8.81565e-07 
1193.59 8.80968e-07 
1193.6 8.80373e-07 
1193.61 8.80318e-07 
1193.62 8.79722e-07 
1193.62 8.79124e-07 
1193.63 8.78528e-07 
1193.64 8.7793e-07 
1193.65 8.77333e-07 
1193.66 8.76735e-07 
1193.67 8.76138e-07 
1193.68 8.75541e-07 
1193.69 8.74944e-07 
1193.7 8.74346e-07 
1193.71 8.7375e-07 
1193.72 8.73152e-07 
1193.73 8.72555e-07 
1193.74 8.71957e-07 
1193.75 8.7136e-07 
1193.76 8.70762e-07 
1193.77 8.70165e-07 
1193.78 8.69568e-07 
1193.79 8.6897e-07 
1193.8 8.6837e-07 
1193.81 8.67775e-07 
1193.82 8.67176e-07 
1193.83 8.66579e-07 
1193.84 8.65981e-07 
1193.85 8.65382e-07 
1193.86 8.64784e-07 
1193.87 8.64187e-07 
1193.88 8.63588e-07 
1193.89 8.6299e-07 
1193.9 8.62391e-07 
1193.91 8.61792e-07 
1193.92 8.61194e-07 
1193.93 8.60597e-07 
1193.94 8.59998e-07 
1193.95 8.59399e-07 
1193.96 8.58801e-07 
1193.97 8.58201e-07 
1193.98 8.57602e-07 
1193.99 8.57003e-07 
1194 8.56404e-07 
1194.01 8.55805e-07 
1194.02 8.55205e-07 
1194.03 8.54605e-07 
1194.04 8.54005e-07 
1194.05 8.53406e-07 
1194.05 8.52806e-07 
1194.06 8.52206e-07 
1194.07 8.51605e-07 
1194.08 8.51004e-07 
1194.09 8.50404e-07 
1194.1 8.49803e-07 
1194.11 8.49203e-07 
1194.12 8.48602e-07 
1194.13 8.48001e-07 
1194.14 8.47399e-07 
1194.15 8.46799e-07 
1194.16 8.46197e-07 
1194.17 8.45596e-07 
1194.18 8.44994e-07 
1194.19 8.44391e-07 
1194.2 8.4379e-07 
1194.21 8.43188e-07 
1194.22 8.42585e-07 
1194.23 8.41982e-07 
1194.24 8.41379e-07 
1194.25 8.40776e-07 
1194.26 8.40173e-07 
1194.27 8.39569e-07 
1194.28 8.38966e-07 
1194.29 8.38362e-07 
1194.3 8.37757e-07 
1194.31 8.37153e-07 
1194.32 8.36549e-07 
1194.33 8.35944e-07 
1194.34 8.3534e-07 
1194.35 8.34734e-07 
1194.36 8.34129e-07 
1194.37 8.33523e-07 
1194.38 8.32918e-07 
1194.39 8.32312e-07 
1194.4 8.31705e-07 
1194.41 8.31099e-07 
1194.42 8.30493e-07 
1194.43 8.29885e-07 
1194.44 8.29279e-07 
1194.45 8.28671e-07 
1194.46 8.28063e-07 
1194.47 8.27455e-07 
1194.47 8.26847e-07 
1194.48 8.26238e-07 
1194.49 8.25631e-07 
1194.5 8.25021e-07 
1194.51 8.24411e-07 
1194.52 8.23803e-07 
1194.53 8.23192e-07 
1194.54 8.22583e-07 
1194.55 8.21972e-07 
1194.56 8.21361e-07 
1194.57 8.2075e-07 
1194.58 8.20139e-07 
1194.59 8.19527e-07 
1194.6 8.18915e-07 
1194.61 8.18809e-07 
1194.62 8.18197e-07 
1194.63 8.17582e-07 
1194.64 8.16969e-07 
1194.65 8.16355e-07 
1194.66 8.15742e-07 
1194.67 8.15127e-07 
1194.68 8.14512e-07 
1194.69 8.13897e-07 
1194.7 8.13282e-07 
1194.71 8.12665e-07 
1194.72 8.12049e-07 
1194.73 8.11433e-07 
1194.74 8.10815e-07 
1194.75 8.10197e-07 
1194.76 8.09581e-07 
1194.77 8.08963e-07 
1194.78 8.08344e-07 
1194.79 8.07725e-07 
1194.8 8.07106e-07 
1194.81 8.06487e-07 
1194.82 8.05867e-07 
1194.83 8.05246e-07 
1194.84 8.04625e-07 
1194.85 8.04004e-07 
1194.86 8.03383e-07 
1194.87 8.02761e-07 
1194.88 8.02139e-07 
1194.89 8.01516e-07 
1194.9 8.00893e-07 
1194.9 8.00269e-07 
1194.91 7.99645e-07 
1194.92 7.9902e-07 
1194.93 7.98396e-07 
1194.94 7.9777e-07 
1194.95 7.97145e-07 
1194.96 7.96519e-07 
1194.97 7.95892e-07 
1194.98 7.95265e-07 
1194.99 7.94637e-07 
1195 7.9401e-07 
1195.01 7.93381e-07 
1195.02 7.92752e-07 
1195.03 7.92123e-07 
1195.04 7.91493e-07 
1195.05 7.90863e-07 
1195.06 7.90232e-07 
1195.07 7.89601e-07 
1195.08 7.88969e-07 
1195.09 7.88337e-07 
1195.1 7.87703e-07 
1195.11 7.8707e-07 
1195.12 7.86437e-07 
1195.13 7.85803e-07 
1195.14 7.85168e-07 
1195.15 7.84533e-07 
1195.16 7.83896e-07 
1195.17 7.8326e-07 
1195.18 7.82624e-07 
1195.19 7.81986e-07 
1195.2 7.81349e-07 
1195.21 7.8071e-07 
1195.22 7.80072e-07 
1195.23 7.79432e-07 
1195.24 7.78792e-07 
1195.25 7.78151e-07 
1195.26 7.77511e-07 
1195.27 7.76869e-07 
1195.28 7.76227e-07 
1195.29 7.75585e-07 
1195.3 7.74942e-07 
1195.31 7.74297e-07 
1195.32 7.73654e-07 
1195.32 7.73008e-07 
1195.33 7.72363e-07 
1195.34 7.71718e-07 
1195.35 7.71071e-07 
1195.36 7.70424e-07 
1195.37 7.69777e-07 
1195.38 7.69128e-07 
1195.39 7.6848e-07 
1195.4 7.67831e-07 
1195.41 7.67181e-07 
1195.42 7.66531e-07 
1195.43 7.6588e-07 
1195.44 7.65229e-07 
1195.45 7.64577e-07 
1195.46 7.63925e-07 
1195.47 7.63273e-07 
1195.48 7.62619e-07 
1195.49 7.61965e-07 
1195.5 7.6131e-07 
1195.51 7.60655e-07 
1195.52 7.60001e-07 
1195.53 7.59346e-07 
1195.54 7.5869e-07 
1195.55 7.58033e-07 
1195.56 7.57376e-07 
1195.57 7.56719e-07 
1195.58 7.56061e-07 
1195.59 7.55404e-07 
1195.6 7.54744e-07 
1195.61 7.54551e-07 
1195.62 7.53893e-07 
1195.63 7.53232e-07 
1195.64 7.52573e-07 
1195.65 7.51912e-07 
1195.66 7.51252e-07 
1195.67 7.50591e-07 
1195.68 7.4993e-07 
1195.69 7.49269e-07 
1195.7 7.48609e-07 
1195.71 7.47948e-07 
1195.72 7.47287e-07 
1195.73 7.46626e-07 
1195.74 7.45965e-07 
1195.75 7.45305e-07 
1195.75 7.44645e-07 
1195.76 7.43985e-07 
1195.77 7.43324e-07 
1195.78 7.42665e-07 
1195.79 7.42006e-07 
1195.8 7.41348e-07 
1195.81 7.40691e-07 
1195.82 7.40034e-07 
1195.83 7.39377e-07 
1195.84 7.38722e-07 
1195.85 7.38067e-07 
1195.86 7.37414e-07 
1195.87 7.36763e-07 
1195.88 7.36111e-07 
1195.89 7.35462e-07 
1195.9 7.34813e-07 
1195.91 7.34167e-07 
1195.92 7.33522e-07 
1195.93 7.32879e-07 
1195.94 7.32239e-07 
1195.95 7.316e-07 
1195.96 7.30964e-07 
1195.97 7.3033e-07 
1195.98 7.29701e-07 
1195.99 7.29073e-07 
1196 7.28448e-07 
1196.01 7.27827e-07 
1196.02 7.27209e-07 
1196.03 7.26595e-07 
1196.04 7.25985e-07 
1196.05 7.25379e-07 
1196.06 7.24778e-07 
1196.07 7.24182e-07 
1196.08 7.2359e-07 
1196.09 7.23004e-07 
1196.1 7.22424e-07 
1196.11 7.21849e-07 
1196.12 7.21281e-07 
1196.13 7.2072e-07 
1196.14 7.20166e-07 
1196.15 7.19618e-07 
1196.16 7.19079e-07 
1196.17 7.18548e-07 
1196.17 7.18026e-07 
1196.18 7.17512e-07 
1196.19 7.1701e-07 
1196.2 7.16516e-07 
1196.21 7.16034e-07 
1196.22 7.15565e-07 
1196.23 7.15105e-07 
1196.24 7.14657e-07 
1196.25 7.14222e-07 
1196.26 7.138e-07 
1196.27 7.13393e-07 
1196.28 7.13e-07 
1196.29 7.12621e-07 
1196.3 7.12259e-07 
1196.31 7.11915e-07 
1196.32 7.11587e-07 
1196.33 7.11277e-07 
1196.34 7.10985e-07 
1196.35 7.10715e-07 
1196.36 7.10465e-07 
1196.37 7.10236e-07 
1196.38 7.1003e-07 
1196.39 7.09845e-07 
1196.4 7.09687e-07 
1196.41 7.09553e-07 
1196.42 7.09445e-07 
1196.43 7.09364e-07 
1196.44 7.09312e-07 
1196.45 7.09289e-07 
1196.46 7.09297e-07 
1196.47 7.09336e-07 
1196.48 7.09419e-07 
1196.49 7.09524e-07 
1196.5 7.09667e-07 
1196.51 7.09846e-07 
1196.52 7.10061e-07 
1196.53 7.10316e-07 
1196.54 7.10612e-07 
1196.55 7.10949e-07 
1196.56 7.11329e-07 
1196.57 7.11754e-07 
1196.58 7.12227e-07 
1196.59 7.12746e-07 
1196.6 7.13314e-07 
1196.6 7.14375e-07 
1196.61 7.15046e-07 
1196.62 7.15772e-07 
1196.63 7.16554e-07 
1196.64 7.17393e-07 
1196.65 7.18291e-07 
1196.66 7.19251e-07 
1196.67 7.20273e-07 
1196.68 7.21358e-07 
1196.69 7.22511e-07 
1196.7 7.23731e-07 
1196.71 7.25021e-07 
1196.72 7.26382e-07 
1196.73 7.27846e-07 
1196.74 7.29357e-07 
1196.75 7.30946e-07 
1196.76 7.32614e-07 
1196.77 7.34364e-07 
1196.78 7.36197e-07 
1196.79 7.38115e-07 
1196.8 7.4012e-07 
1196.81 7.42214e-07 
1196.82 7.444e-07 
1196.83 7.46679e-07 
1196.84 7.49053e-07 
1196.85 7.51525e-07 
1196.86 7.54094e-07 
1196.87 7.56766e-07 
1196.88 7.59541e-07 
1196.89 7.6242e-07 
1196.9 7.65408e-07 
1196.91 7.68503e-07 
1196.92 7.71709e-07 
1196.93 7.75028e-07 
1196.94 7.78463e-07 
1196.95 7.82013e-07 
1196.96 7.85683e-07 
1196.97 7.89471e-07 
1196.98 7.93442e-07 
1196.99 7.97477e-07 
1197 8.01639e-07 
1197.01 8.05926e-07 
1197.02 8.10344e-07 
1197.03 8.14891e-07 
1197.03 8.19568e-07 
1197.04 8.2438e-07 
1197.05 8.29324e-07 
1197.06 8.34405e-07 
1197.07 8.39623e-07 
1197.08 8.44978e-07 
1197.09 8.50472e-07 
1197.1 8.56106e-07 
1197.11 8.61881e-07 
1197.12 8.67797e-07 
1197.13 8.73856e-07 
1197.14 8.80058e-07 
1197.15 8.86403e-07 
1197.16 8.92892e-07 
1197.17 8.99525e-07 
1197.18 9.06302e-07 
1197.19 9.13225e-07 
1197.2 9.20292e-07 
1197.21 9.27503e-07 
1197.22 9.34857e-07 
1197.23 9.42461e-07 
1197.24 9.50106e-07 
1197.25 9.57892e-07 
1197.26 9.6582e-07 
1197.27 9.7389e-07 
1197.28 9.82099e-07 
1197.29 9.90446e-07 
1197.3 9.98932e-07 
1197.31 1.00755e-06 
1197.32 1.01631e-06 
1197.33 1.0252e-06 
1197.34 1.03421e-06 
1197.35 1.04336e-06 
1197.36 1.05264e-06 
1197.37 1.06203e-06 
1197.38 1.07155e-06 
1197.39 1.08119e-06 
1197.4 1.09094e-06 
1197.41 1.10081e-06 
1197.42 1.11078e-06 
1197.43 1.12087e-06 
1197.44 1.13105e-06 
1197.45 1.14133e-06 
1197.45 1.15171e-06 
1197.46 1.16218e-06 
1197.47 1.17274e-06 
1197.48 1.18353e-06 
1197.49 1.19425e-06 
1197.5 1.20504e-06 
1197.51 1.2159e-06 
1197.52 1.22683e-06 
1197.53 1.23782e-06 
1197.54 1.24886e-06 
1197.55 1.25995e-06 
1197.56 1.27108e-06 
1197.57 1.28225e-06 
1197.58 1.29345e-06 
1197.59 1.30468e-06 
1197.6 1.31593e-06 
1197.61 1.32801e-06 
1197.62 1.33929e-06 
1197.63 1.35057e-06 
1197.64 1.36184e-06 
1197.65 1.37311e-06 
1197.66 1.38435e-06 
1197.67 1.39557e-06 
1197.68 1.40676e-06 
1197.69 1.41791e-06 
1197.7 1.42902e-06 
1197.71 1.44008e-06 
1197.72 1.45107e-06 
1197.73 1.46215e-06 
1197.74 1.47301e-06 
1197.75 1.48378e-06 
1197.76 1.49447e-06 
1197.77 1.50507e-06 
1197.78 1.51556e-06 
1197.79 1.52595e-06 
1197.8 1.53622e-06 
1197.81 1.54637e-06 
1197.82 1.55638e-06 
1197.83 1.56626e-06 
1197.84 1.576e-06 
1197.85 1.58558e-06 
1197.86 1.59501e-06 
1197.87 1.60427e-06 
1197.88 1.61336e-06 
1197.88 1.62227e-06 
1197.89 1.631e-06 
1197.9 1.63954e-06 
1197.91 1.64788e-06 
1197.92 1.65602e-06 
1197.93 1.66394e-06 
1197.94 1.67165e-06 
1197.95 1.67914e-06 
1197.96 1.6864e-06 
1197.97 1.69343e-06 
1197.98 1.70032e-06 
1197.99 1.70686e-06 
1198 1.71316e-06 
1198.01 1.7192e-06 
1198.02 1.72499e-06 
1198.03 1.73051e-06 
1198.04 1.73576e-06 
1198.05 1.74075e-06 
1198.06 1.74546e-06 
1198.07 1.7499e-06 
1198.08 1.75405e-06 
1198.09 1.75792e-06 
1198.1 1.76151e-06 
1198.11 1.7648e-06 
1198.12 1.7678e-06 
1198.13 1.77051e-06 
1198.14 1.77293e-06 
1198.15 1.77504e-06 
1198.16 1.77686e-06 
1198.17 1.77838e-06 
1198.18 1.7796e-06 
1198.19 1.78052e-06 
1198.2 1.78114e-06 
1198.21 1.78146e-06 
1198.22 1.78147e-06 
1198.23 1.7812e-06 
1198.24 1.78061e-06 
1198.25 1.77973e-06 
1198.26 1.77856e-06 
1198.27 1.77709e-06 
1198.28 1.77532e-06 
1198.29 1.77327e-06 
1198.3 1.77093e-06 
1198.3 1.7683e-06 
1198.31 1.7654e-06 
1198.32 1.76221e-06 
1198.33 1.75875e-06 
1198.34 1.75502e-06 
1198.35 1.75103e-06 
1198.36 1.74677e-06 
1198.37 1.74225e-06 
1198.38 1.73748e-06 
1198.39 1.73246e-06 
1198.4 1.72719e-06 
1198.41 1.72169e-06 
1198.42 1.71596e-06 
1198.43 1.71e-06 
1198.44 1.70382e-06 
1198.45 1.69743e-06 
1198.46 1.69082e-06 
1198.47 1.68402e-06 
1198.48 1.67694e-06 
1198.49 1.66975e-06 
1198.5 1.66237e-06 
1198.51 1.65482e-06 
1198.52 1.64711e-06 
1198.53 1.63923e-06 
1198.54 1.63119e-06 
1198.55 1.62302e-06 
1198.56 1.6147e-06 
1198.57 1.60625e-06 
1198.58 1.59767e-06 
1198.59 1.58898e-06 
1198.6 1.58018e-06 
1198.61 1.57225e-06 
1198.62 1.56324e-06 
1198.63 1.55416e-06 
1198.64 1.54499e-06 
1198.65 1.53574e-06 
1198.66 1.52644e-06 
1198.67 1.51707e-06 
1198.68 1.50766e-06 
1198.69 1.4982e-06 
1198.7 1.48871e-06 
1198.71 1.47919e-06 
1198.72 1.46964e-06 
1198.73 1.45998e-06 
1198.73 1.45041e-06 
1198.74 1.44084e-06 
1198.75 1.43128e-06 
1198.76 1.42172e-06 
1198.77 1.41219e-06 
1198.78 1.40267e-06 
1198.79 1.39319e-06 
1198.8 1.38374e-06 
1198.81 1.37433e-06 
1198.82 1.36496e-06 
1198.83 1.35565e-06 
1198.84 1.34639e-06 
1198.85 1.33719e-06 
1198.86 1.32806e-06 
1198.87 1.31899e-06 
1198.88 1.31e-06 
1198.89 1.30108e-06 
1198.9 1.29224e-06 
1198.91 1.28349e-06 
1198.92 1.27482e-06 
1198.93 1.26624e-06 
1198.94 1.25775e-06 
1198.95 1.24936e-06 
1198.96 1.24106e-06 
1198.97 1.23286e-06 
1198.98 1.22467e-06 
1198.99 1.21668e-06 
1199 1.20878e-06 
1199.01 1.20099e-06 
1199.02 1.19331e-06 
1199.03 1.18572e-06 
1199.04 1.17825e-06 
1199.05 1.17088e-06 
1199.06 1.16361e-06 
1199.07 1.15645e-06 
1199.08 1.1494e-06 
1199.09 1.14245e-06 
1199.1 1.1356e-06 
1199.11 1.12885e-06 
1199.12 1.1222e-06 
1199.13 1.11565e-06 
1199.14 1.1092e-06 
1199.15 1.10285e-06 
1199.15 1.09658e-06 
1199.16 1.09041e-06 
1199.17 1.08433e-06 
1199.18 1.07833e-06 
1199.19 1.07242e-06 
1199.2 1.06659e-06 
1199.21 1.06084e-06 
1199.22 1.0551e-06 
1199.23 1.0495e-06 
1199.24 1.04396e-06 
1199.25 1.03849e-06 
1199.26 1.03309e-06 
1199.27 1.02774e-06 
1199.28 1.02245e-06 
1199.29 1.01722e-06 
1199.3 1.01203e-06 
1199.31 1.00689e-06 
1199.32 1.0018e-06 
1199.33 9.9674e-07 
1199.34 9.91719e-07 
1199.35 9.8673e-07 
1199.36 9.81773e-07 
1199.37 9.76839e-07 
1199.38 9.71929e-07 
1199.39 9.67038e-07 
1199.4 9.62164e-07 
1199.41 9.57302e-07 
1199.42 9.5245e-07 
1199.43 9.47606e-07 
1199.44 9.42765e-07 
1199.45 9.37926e-07 
1199.46 9.33085e-07 
1199.47 9.2824e-07 
1199.48 9.2334e-07 
1199.49 9.18479e-07 
1199.5 9.13607e-07 
1199.51 9.08721e-07 
1199.52 9.0382e-07 
1199.53 8.98901e-07 
1199.54 8.93964e-07 
1199.55 8.89005e-07 
1199.56 8.84024e-07 
1199.57 8.7902e-07 
1199.58 8.73991e-07 
1199.58 8.68937e-07 
1199.59 8.63856e-07 
1199.6 8.58749e-07 
1199.61 8.54139e-07 
1199.62 8.48972e-07 
1199.63 8.43777e-07 
1199.64 8.38555e-07 
1199.65 8.33304e-07 
1199.66 8.28025e-07 
1199.67 8.22719e-07 
1199.68 8.17386e-07 
1199.69 8.12028e-07 
1199.7 8.06645e-07 
1199.71 8.01237e-07 
1199.72 7.95808e-07 
1199.73 7.90302e-07 
1199.74 7.84832e-07 
1199.75 7.79343e-07 
1199.76 7.73838e-07 
1199.77 7.6832e-07 
1199.78 7.62789e-07 
1199.79 7.57248e-07 
1199.8 7.51701e-07 
1199.81 7.46149e-07 
1199.82 7.40594e-07 
1199.83 7.3504e-07 
1199.84 7.29489e-07 
1199.85 7.23945e-07 
1199.86 7.1841e-07 
1199.87 7.12888e-07 
1199.88 7.07381e-07 
1199.89 7.01894e-07 
1199.9 6.96429e-07 
1199.91 6.9099e-07 
1199.92 6.85581e-07 
1199.93 6.80205e-07 
1199.94 6.74867e-07 
1199.95 6.69568e-07 
1199.96 6.64314e-07 
1199.97 6.59109e-07 
1199.98 6.53906e-07 
1199.99 6.48808e-07 
1200 6.43771e-07 
1200.01 6.38797e-07 
1200.01 6.33891e-07 
1200.02 6.29057e-07 
1200.03 6.24298e-07 
1200.04 6.19619e-07 
1200.05 6.15023e-07 
1200.06 6.10514e-07 
1200.07 6.06097e-07 
1200.08 6.01774e-07 
1200.09 5.97551e-07 
1200.1 5.9343e-07 
1200.11 5.89414e-07 
1200.12 5.8551e-07 
1200.13 5.81718e-07 
1200.14 5.78044e-07 
1200.15 5.7449e-07 
1200.16 5.71061e-07 
1200.17 5.67759e-07 
1200.18 5.64587e-07 
1200.19 5.6155e-07 
1200.2 5.58649e-07 
1200.21 5.55889e-07 
1200.22 5.53271e-07 
1200.23 5.50785e-07 
1200.24 5.48463e-07 
1200.25 5.46293e-07 
1200.26 5.44276e-07 
1200.27 5.42415e-07 
1200.28 5.40712e-07 
1200.29 5.39169e-07 
1200.3 5.37789e-07 
1200.31 5.36573e-07 
1200.32 5.35523e-07 
1200.33 5.3464e-07 
1200.34 5.33926e-07 
1200.35 5.33382e-07 
1200.36 5.3301e-07 
1200.37 5.3281e-07 
1200.38 5.32783e-07 
1200.39 5.3293e-07 
1200.4 5.33252e-07 
1200.41 5.33749e-07 
1200.42 5.34421e-07 
1200.43 5.35269e-07 
1200.43 5.36292e-07 
1200.44 5.37491e-07 
1200.45 5.38864e-07 
1200.46 5.40411e-07 
1200.47 5.42133e-07 
1200.48 5.44067e-07 
1200.49 5.46136e-07 
1200.5 5.48374e-07 
1200.51 5.50783e-07 
1200.52 5.5336e-07 
1200.53 5.56103e-07 
1200.54 5.59011e-07 
1200.55 5.62083e-07 
1200.56 5.65315e-07 
1200.57 5.68707e-07 
1200.58 5.72256e-07 
1200.59 5.75959e-07 
1200.6 5.79815e-07 
1200.61 5.8418e-07 
1200.62 5.88335e-07 
1200.63 5.92635e-07 
1200.64 5.97076e-07 
1200.65 6.01657e-07 
1200.66 6.06374e-07 
1200.67 6.11224e-07 
1200.68 6.16204e-07 
1200.69 6.21311e-07 
1200.7 6.26542e-07 
1200.71 6.31894e-07 
1200.72 6.37364e-07 
1200.73 6.43037e-07 
1200.74 6.48735e-07 
1200.75 6.54542e-07 
1200.76 6.60456e-07 
1200.77 6.66473e-07 
1200.78 6.7259e-07 
1200.79 6.78805e-07 
1200.8 6.85115e-07 
1200.81 6.91518e-07 
1200.82 6.98013e-07 
1200.83 7.04595e-07 
1200.84 7.11265e-07 
1200.85 7.1802e-07 
1200.85 7.24859e-07 
1200.86 7.31779e-07 
1200.87 7.38782e-07 
1200.88 7.45866e-07 
1200.89 7.53031e-07 
1200.9 7.60277e-07 
1200.91 7.67604e-07 
1200.92 7.75012e-07 
1200.93 7.82503e-07 
1200.94 7.9008e-07 
1200.95 7.97741e-07 
1200.96 8.05492e-07 
1200.97 8.13335e-07 
1200.98 8.21389e-07 
1200.99 8.29426e-07 
1201 8.37565e-07 
1201.01 8.45813e-07 
1201.02 8.54173e-07 
1201.03 8.62653e-07 
1201.04 8.71259e-07 
1201.05 8.79997e-07 
1201.06 8.88875e-07 
1201.07 8.97902e-07 
1201.08 9.07087e-07 
1201.09 9.1644e-07 
1201.1 9.2597e-07 
1201.11 9.3569e-07 
1201.12 9.45609e-07 
1201.13 9.55741e-07 
1201.14 9.66099e-07 
1201.15 9.76697e-07 
1201.16 9.87549e-07 
1201.17 9.98671e-07 
1201.18 1.01008e-06 
1201.19 1.02178e-06 
1201.2 1.03381e-06 
1201.21 1.04617e-06 
1201.22 1.05889e-06 
1201.23 1.07217e-06 
1201.24 1.08566e-06 
1201.25 1.09956e-06 
1201.26 1.11391e-06 
1201.27 1.12871e-06 
1201.28 1.14399e-06 
1201.28 1.15977e-06 
1201.29 1.17608e-06 
1201.3 1.19294e-06 
1201.31 1.21038e-06 
1201.32 1.22841e-06 
1201.33 1.24707e-06 
1201.34 1.26639e-06 
1201.35 1.28638e-06 
1201.36 1.30707e-06 
1201.37 1.32849e-06 
1201.38 1.35067e-06 
1201.39 1.37364e-06 
1201.4 1.39741e-06 
1201.41 1.42203e-06 
1201.42 1.44751e-06 
1201.43 1.47388e-06 
1201.44 1.50118e-06 
1201.45 1.52942e-06 
1201.46 1.55863e-06 
1201.47 1.58885e-06 
1201.48 1.62051e-06 
1201.49 1.65282e-06 
1201.5 1.6862e-06 
1201.51 1.72069e-06 
1201.52 1.7563e-06 
1201.53 1.79307e-06 
1201.54 1.83101e-06 
1201.55 1.87014e-06 
1201.56 1.91049e-06 
1201.57 1.95207e-06 
1201.58 1.99491e-06 
1201.59 2.03902e-06 
1201.6 2.08442e-06 
1201.61 2.13243e-06 
1201.62 2.18049e-06 
1201.63 2.22987e-06 
1201.64 2.2806e-06 
1201.65 2.33267e-06 
1201.66 2.38611e-06 
1201.67 2.44091e-06 
1201.68 2.49708e-06 
1201.69 2.55463e-06 
1201.7 2.61355e-06 
1201.7 2.67384e-06 
1201.71 2.7355e-06 
1201.72 2.79934e-06 
1201.73 2.86373e-06 
1201.74 2.92947e-06 
1201.75 2.99655e-06 
1201.76 3.06493e-06 
1201.77 3.13463e-06 
1201.78 3.2056e-06 
1201.79 3.27784e-06 
1201.8 3.35132e-06 
1201.81 3.426e-06 
1201.82 3.50187e-06 
1201.83 3.57889e-06 
1201.84 3.65702e-06 
1201.85 3.73623e-06 
1201.86 3.81649e-06 
1201.87 3.89775e-06 
1201.88 3.97996e-06 
1201.89 4.06308e-06 
1201.9 4.14706e-06 
1201.91 4.23186e-06 
1201.92 4.3174e-06 
1201.93 4.40365e-06 
1201.94 4.49054e-06 
1201.95 4.57801e-06 
1201.96 4.66599e-06 
1201.97 4.75444e-06 
1201.98 4.84439e-06 
1201.99 4.93353e-06 
1202 5.02293e-06 
1202.01 5.11248e-06 
1202.02 5.20214e-06 
1202.03 5.29182e-06 
1202.04 5.38144e-06 
1202.05 5.47092e-06 
1202.06 5.56019e-06 
1202.07 5.64915e-06 
1202.08 5.73773e-06 
1202.09 5.82584e-06 
1202.1 5.91339e-06 
1202.11 6.00031e-06 
1202.12 6.0865e-06 
1202.13 6.17187e-06 
1202.13 6.25635e-06 
1202.14 6.33983e-06 
1202.15 6.42224e-06 
1202.16 6.50349e-06 
1202.17 6.58347e-06 
1202.18 6.66213e-06 
1202.19 6.73936e-06 
1202.2 6.81507e-06 
1202.21 6.88919e-06 
1202.22 6.96251e-06 
1202.23 7.03318e-06 
1202.24 7.10198e-06 
1202.25 7.16884e-06 
1202.26 7.23371e-06 
1202.27 7.29648e-06 
1202.28 7.3571e-06 
1202.29 7.41548e-06 
1202.3 7.47156e-06 
1202.31 7.52527e-06 
1202.32 7.57654e-06 
1202.33 7.62529e-06 
1202.34 7.67149e-06 
1202.35 7.71506e-06 
1202.36 7.75595e-06 
1202.37 7.79411e-06 
1202.38 7.82949e-06 
1202.39 7.86203e-06 
1202.4 7.8917e-06 
1202.41 7.91846e-06 
1202.42 7.94227e-06 
1202.43 7.9631e-06 
1202.44 7.98092e-06 
1202.45 7.99569e-06 
1202.46 8.00741e-06 
1202.47 8.01605e-06 
1202.48 8.02166e-06 
1202.49 8.02407e-06 
1202.5 8.02337e-06 
1202.51 8.01955e-06 
1202.52 8.01261e-06 
1202.53 8.00258e-06 
1202.54 7.98943e-06 
1202.55 7.9732e-06 
1202.56 7.9539e-06 
1202.56 7.93153e-06 
1202.57 7.90615e-06 
1202.58 7.87776e-06 
1202.59 7.8464e-06 
1202.6 7.8121e-06 
1202.61 7.77966e-06 
1202.62 7.73957e-06 
1202.63 7.69666e-06 
1202.64 7.65098e-06 
1202.65 7.60257e-06 
1202.66 7.5515e-06 
1202.67 7.49783e-06 
1202.68 7.44159e-06 
1202.69 7.38287e-06 
1202.7 7.32172e-06 
1202.71 7.25821e-06 
1202.72 7.19241e-06 
1202.73 7.12353e-06 
1202.74 7.05334e-06 
1202.75 6.98108e-06 
1202.76 6.90684e-06 
1202.77 6.83067e-06 
1202.78 6.75266e-06 
1202.79 6.67291e-06 
1202.8 6.59149e-06 
1202.81 6.50848e-06 
1202.82 6.42397e-06 
1202.83 6.33805e-06 
1202.84 6.2508e-06 
1202.85 6.1623e-06 
1202.86 6.07265e-06 
1202.87 5.98192e-06 
1202.88 5.89022e-06 
1202.89 5.79761e-06 
1202.9 5.7042e-06 
1202.91 5.61007e-06 
1202.92 5.5153e-06 
1202.93 5.41997e-06 
1202.94 5.32417e-06 
1202.95 5.228e-06 
1202.96 5.13152e-06 
1202.97 5.03481e-06 
1202.98 4.93797e-06 
1202.98 4.83986e-06 
1202.99 4.74297e-06 
1203 4.64617e-06 
1203.01 4.54954e-06 
1203.02 4.45314e-06 
1203.03 4.35706e-06 
1203.04 4.26135e-06 
1203.05 4.16608e-06 
1203.06 4.07133e-06 
1203.07 3.97714e-06 
1203.08 3.88359e-06 
1203.09 3.79073e-06 
1203.1 3.69862e-06 
1203.11 3.60731e-06 
1203.12 3.51686e-06 
1203.13 3.4273e-06 
1203.14 3.3387e-06 
1203.15 3.2511e-06 
1203.16 3.16453e-06 
1203.17 3.07904e-06 
1203.18 2.99467e-06 
1203.19 2.91145e-06 
1203.2 2.82941e-06 
1203.21 2.7486e-06 
1203.22 2.66902e-06 
1203.23 2.58975e-06 
1203.24 2.51276e-06 
1203.25 2.43709e-06 
1203.26 2.36275e-06 
1203.27 2.28977e-06 
1203.28 2.21816e-06 
1203.29 2.14794e-06 
1203.3 2.0791e-06 
1203.31 2.01168e-06 
1203.32 1.94566e-06 
1203.33 1.88106e-06 
1203.34 1.81788e-06 
1203.35 1.75612e-06 
1203.36 1.69579e-06 
1203.37 1.63687e-06 
1203.38 1.57938e-06 
1203.39 1.52329e-06 
1203.4 1.46861e-06 
1203.41 1.41533e-06 
1203.41 1.36344e-06 
1203.42 1.31293e-06 
1203.43 1.26378e-06 
1203.44 1.21599e-06 
1203.45 1.16954e-06 
1203.46 1.12442e-06 
1203.47 1.08061e-06 
1203.48 1.03757e-06 
1203.49 9.96337e-07 
1203.5 9.56366e-07 
1203.51 9.17632e-07 
1203.52 8.80116e-07 
1203.53 8.43798e-07 
1203.54 8.08655e-07 
1203.55 7.74668e-07 
1203.56 7.41813e-07 
1203.57 7.10068e-07 
1203.58 6.79411e-07 
1203.59 6.49818e-07 
1203.6 6.21267e-07 
1203.61 5.94098e-07 
1203.62 5.67543e-07 
1203.63 5.41957e-07 
1203.64 5.17319e-07 
1203.65 4.93604e-07 
1203.66 4.70789e-07 
1203.67 4.48849e-07 
1203.68 4.27761e-07 
1203.69 4.07502e-07 
1203.7 3.88047e-07 
1203.71 3.69373e-07 
1203.72 3.51458e-07 
1203.73 3.34069e-07 
1203.74 3.17611e-07 
1203.75 3.01844e-07 
1203.76 2.86745e-07 
1203.77 2.72293e-07 
1203.78 2.58466e-07 
1203.79 2.45243e-07 
1203.8 2.32605e-07 
1203.81 2.20529e-07 
1203.82 2.08997e-07 
1203.83 1.97989e-07 
1203.83 1.87486e-07 
1203.84 1.7747e-07 
1203.85 1.67921e-07 
1203.86 1.58823e-07 
1203.87 1.50158e-07 
1203.88 1.4191e-07 
1203.89 1.34061e-07 
1203.9 1.26595e-07 
1203.91 1.19498e-07 
1203.92 1.12753e-07 
1203.93 1.06347e-07 
1203.94 1.00265e-07 
1203.95 9.44926e-08 
1203.96 8.90173e-08 
1203.97 8.38258e-08 
1203.98 7.88458e-08 
1203.99 7.4188e-08 
1204 6.97775e-08 
1204.01 6.5603e-08 
1204.02 6.16537e-08 
1204.03 5.7919e-08 
1204.04 5.43889e-08 
1204.05 5.10536e-08 
1204.06 4.79037e-08 
1204.07 4.49302e-08 
1204.08 4.21244e-08 
1204.09 3.94782e-08 
1204.1 3.69834e-08 
1204.11 3.46325e-08 
1204.12 3.2418e-08 
1204.13 3.03331e-08 
1204.14 2.8371e-08 
1204.15 2.65251e-08 
1204.16 2.47895e-08 
1204.17 2.31582e-08 
1204.18 2.16257e-08 
1204.19 2.01865e-08 
1204.2 1.88356e-08 
1204.21 1.7568e-08 
1204.22 1.63793e-08 
1204.23 1.52514e-08 
1204.24 1.4208e-08 
1204.25 1.32307e-08 
1204.26 1.23157e-08 
1204.26 1.14594e-08 
1204.27 1.06584e-08 
1204.28 9.90941e-09 
1204.29 9.20941e-09 
1204.3 8.55543e-09 
1204.31 7.94473e-09 
1204.32 7.37468e-09 
1204.33 6.8428e-09 
1204.34 6.34675e-09 
1204.35 5.88432e-09 
1204.36 5.4534e-09 
1204.37 5.05202e-09 
1204.38 4.67832e-09 
1204.39 4.33053e-09 
1204.4 4.007e-09 
1204.41 3.70617e-09 
1204.42 3.42655e-09 
1204.43 3.16676e-09 
1204.44 2.92551e-09 
1204.45 2.70155e-09 
1204.46 2.49375e-09 
1204.47 2.30101e-09 
1204.48 2.12017e-09 
1204.49 1.95474e-09 
1204.5 1.8015e-09 
1204.51 1.6596e-09 
1204.52 1.52828e-09 
1204.53 1.40678e-09 
1204.54 1.29443e-09 
1204.55 1.19057e-09 
1204.56 1.09461e-09 
1204.57 1.00599e-09 
1204.58 9.24167e-10 
1204.59 8.48665e-10 
1204.6 7.79019e-10 
1204.61 7.14804e-10 
1204.62 6.56023e-10 
1204.63 6.01467e-10 
1204.64 5.51227e-10 
1204.65 5.04983e-10 
1204.66 4.62434e-10 
1204.67 4.23301e-10 
1204.68 3.87325e-10 
1204.68 3.54266e-10 
1204.69 3.23898e-10 
1204.7 2.96016e-10 
1204.71 2.70426e-10 
1204.72 2.4667e-10 
1204.73 2.25165e-10 
1204.74 2.05453e-10 
1204.75 1.87392e-10 
1204.76 1.7085e-10 
1204.77 1.55707e-10 
1204.78 1.41849e-10 
1204.79 1.29173e-10 
1204.8 1.17583e-10 
1204.81 1.0699e-10 
1204.82 9.7313e-11 
1204.83 8.84757e-11 
1204.84 8.04087e-11 
1204.85 7.30483e-11 
1204.86 6.63351e-11 
1204.87 6.02148e-11 
1204.88 5.46374e-11 
1204.89 4.95568e-11 
1204.9 4.49308e-11 
1204.91 4.07203e-11 
1204.92 3.68897e-11 
1204.93 3.34061e-11 
1204.94 3.02394e-11 
1204.95 2.7362e-11 
1204.96 2.47485e-11 
1204.97 2.23757e-11 
1204.98 2.01967e-11 
1204.99 1.82457e-11 
1205 1.64766e-11 
1205.01 1.4873e-11 
1205.02 1.34202e-11 
1205.03 1.21045e-11 
1205.04 1.09134e-11 
1205.05 9.83557e-12 
1205.06 8.86067e-12 
1205.07 7.97921e-12 
1205.08 7.18258e-12 
1205.09 6.4629e-12 
1205.1 5.81302e-12 
1205.11 5.2264e-12 
1205.11 4.6971e-12 
1205.12 4.21973e-12 
1205.13 3.78936e-12 
1205.14 3.40152e-12 
1205.15 3.05217e-12 
1205.16 2.7376e-12 
1205.17 2.45447e-12 
1205.18 2.19975e-12 
1205.19 1.97068e-12 
1205.2 1.76475e-12 
1205.21 1.57972e-12 
1205.22 1.41166e-12 
1205.23 1.26254e-12 
1205.24 1.1288e-12 
1205.25 1.00883e-12 
1205.26 9.01251e-13 
1205.27 8.04822e-13 
1205.28 7.18424e-13 
1205.29 6.41044e-13 
1205.3 5.71771e-13 
1205.31 5.09781e-13 
1205.32 4.5433e-13 
1205.33 4.0475e-13 
1205.34 3.60436e-13 
1205.35 3.20846e-13 
1205.36 2.8549e-13 
1205.37 2.5393e-13 
1205.38 2.25768e-13 
1205.39 2.00649e-13 
1205.4 1.78254e-13 
1205.41 1.58296e-13 
1205.42 1.40516e-13 
1205.43 1.24683e-13 
1205.44 1.1059e-13 
1205.45 9.80512e-14 
1205.46 8.68992e-14 
1205.47 7.69849e-14 
1205.48 6.80768e-14 
1205.49 6.02563e-14 
1205.5 5.33176e-14 
1205.51 4.71591e-14 
1205.52 4.16953e-14 
1205.53 3.68498e-14 
1205.54 3.25544e-14 
1205.54 2.87483e-14 
1205.55 2.5377e-14 
1205.56 2.23922e-14 
1205.57 1.97505e-14 
1205.58 1.74136e-14 
1205.59 1.5347e-14 
1205.6 1.35203e-14 
1205.61 1.19136e-14 
1205.62 1.04872e-14 
1205.63 9.22786e-15 
1205.64 8.11654e-15 
1205.65 7.1362e-15 
1205.66 6.27177e-15 
1205.67 5.50986e-15 
1205.68 4.83858e-15 
1205.69 4.24738e-15 
1205.7 3.72693e-15 
1205.71 3.26895e-15 
1205.72 2.86611e-15 
1205.73 2.50777e-15 
1205.74 2.19696e-15 
1205.75 1.92391e-15 
1205.76 1.68412e-15 
1205.77 1.47363e-15 
1205.78 1.28894e-15 
1205.79 1.12694e-15 
1205.8 9.84912e-16 
1205.81 8.6044e-16 
1205.82 7.51398e-16 
1205.83 6.55914e-16 
1205.84 5.72335e-16 
1205.85 4.99206e-16 
1205.86 4.35248e-16 
1205.87 3.79333e-16 
1205.88 3.30469e-16 
1205.89 2.87785e-16 
1205.9 2.50514e-16 
1205.91 2.17983e-16 
1205.92 1.89601e-16 
1205.93 1.64849e-16 
1205.94 1.4327e-16 
1205.95 1.24467e-16 
1205.96 1.08088e-16 
1205.96 9.38276e-17 
1205.97 8.14158e-17 
1205.98 7.04921e-17 
1205.99 6.11182e-17 
1206 5.29696e-17 
1206.01 4.58892e-17 
1206.02 3.97393e-17 
1206.03 3.43999e-17 
1206.04 2.9766e-17 
1206.05 2.57461e-17 
1206.06 2.22602e-17 
1206.07 1.92386e-17 
1206.08 1.66205e-17 
1206.09 1.43529e-17 
1206.1 1.23898e-17 
1206.11 1.0691e-17 
1206.12 9.22135e-18 
1206.13 7.95058e-18 
1206.14 6.85221e-18 
1206.15 5.90322e-18 
1206.16 5.08363e-18 
1206.17 4.37609e-18 
1206.18 3.76551e-18 
1206.19 3.23884e-18 
1206.2 2.78472e-18 
1206.21 2.39332e-18 
1206.22 2.05611e-18 
1206.23 1.76235e-18 
1206.24 1.51282e-18 
1206.25 1.29811e-18 
1206.26 1.11343e-18 
1206.27 9.54642e-19 
1206.28 8.18173e-19 
1206.29 7.00932e-19 
1206.3 6.00252e-19 
1206.31 5.13829e-19 
1206.32 4.39673e-19 
1206.33 3.76069e-19 
1206.34 3.21538e-19 
1206.35 2.74805e-19 
1206.36 2.3477e-19 
1206.37 2.00488e-19 
1206.38 1.71143e-19 
1206.39 1.46035e-19 
1206.39 1.24561e-19 
1206.4 1.06203e-19 
1206.41 9.05137e-20 
1206.42 7.71116e-20 
1206.43 6.56677e-20 
1206.44 5.58999e-20 
1206.45 4.7566e-20 
1206.46 4.04584e-20 
1206.47 3.43992e-20 
1206.48 2.91763e-20 
1206.49 2.47868e-20 
1206.5 2.10493e-20 
1206.51 1.78682e-20 
1206.52 1.51618e-20 
1206.53 1.28602e-20 
1206.54 1.09037e-20 
1206.55 9.24109e-21 
1206.56 7.8289e-21 
1206.57 6.62988e-21 
1206.58 5.61225e-21 
1206.59 4.74893e-21 
1206.6 0 
