#energy geo_1 
1186.6 0 
1186.61 0 
1186.62 0 
1186.63 0 
1186.64 0 
1186.65 0 
1186.66 0 
1186.67 0 
1186.68 0 
1186.69 0 
1186.7 0 
1186.71 0 
1186.72 0 
1186.73 0 
1186.74 0 
1186.75 0 
1186.76 0 
1186.77 0 
1186.78 0 
1186.79 0 
1186.8 0 
1186.81 0 
1186.81 0 
1186.82 0 
1186.83 0 
1186.84 0 
1186.85 0 
1186.86 0 
1186.87 0 
1186.88 0 
1186.89 0 
1186.9 0 
1186.91 0 
1186.92 0 
1186.93 0 
1186.94 0 
1186.95 0 
1186.96 0 
1186.97 0 
1186.98 0 
1186.99 0 
1187 0 
1187.01 0 
1187.02 0 
1187.03 0 
1187.04 0 
1187.05 0 
1187.06 0 
1187.07 0 
1187.08 0 
1187.09 0 
1187.1 0 
1187.11 0 
1187.12 0 
1187.13 0 
1187.14 0 
1187.15 0 
1187.16 0 
1187.17 0 
1187.18 0 
1187.19 0 
1187.2 0 
1187.21 0 
1187.22 1.4013e-45 
1187.23 1.4013e-45 
1187.24 1.4013e-45 
1187.24 1.4013e-45 
1187.25 1.4013e-45 
1187.26 2.8026e-45 
1187.27 2.8026e-45 
1187.28 2.8026e-45 
1187.29 4.2039e-45 
1187.3 5.60519e-45 
1187.31 7.00649e-45 
1187.32 7.00649e-45 
1187.33 9.80909e-45 
1187.34 1.26117e-44 
1187.35 1.68156e-44 
1187.36 1.96182e-44 
1187.37 2.52234e-44 
1187.38 3.22299e-44 
1187.39 3.92364e-44 
1187.4 5.04467e-44 
1187.41 6.30584e-44 
1187.42 7.84727e-44 
1187.43 9.94922e-44 
1187.44 1.23314e-43 
1187.45 1.54143e-43 
1187.46 1.93379e-43 
1187.47 2.41023e-43 
1187.48 3.0268e-43 
1187.49 3.78351e-43 
1187.5 4.7504e-43 
1187.51 5.92749e-43 
1187.52 7.41287e-43 
1187.53 9.26258e-43 
1187.54 1.15607e-42 
1187.55 1.44474e-42 
1187.56 1.80347e-42 
1187.57 2.25049e-42 
1187.58 2.8068e-42 
1187.59 3.50044e-42 
1187.6 4.36504e-42 
1187.61 5.44545e-42 
1187.62 6.78509e-42 
1187.63 8.45123e-42 
1187.64 1.05252e-41 
1187.65 1.31035e-41 
1187.66 1.63097e-41 
1187.66 2.02922e-41 
1187.67 2.52416e-41 
1187.68 3.13877e-41 
1187.69 3.90206e-41 
1187.7 4.84933e-41 
1187.71 6.02488e-41 
1187.72 7.48335e-41 
1187.73 9.31695e-41 
1187.74 1.15652e-40 
1187.75 1.43517e-40 
1187.76 1.78043e-40 
1187.77 2.2081e-40 
1187.78 2.73769e-40 
1187.79 3.39329e-40 
1187.8 4.20462e-40 
1187.81 5.20843e-40 
1187.82 6.44997e-40 
1187.83 7.98512e-40 
1187.84 9.8827e-40 
1187.85 1.22276e-39 
1187.86 1.51244e-39 
1187.87 1.8702e-39 
1187.88 2.31189e-39 
1187.89 2.85706e-39 
1187.9 3.52974e-39 
1187.91 4.35951e-39 
1187.92 5.38275e-39 
1187.93 6.64419e-39 
1187.94 8.19882e-39 
1187.95 1.01142e-38 
1187.96 1.24734e-38 
1187.97 1.53783e-38 
1187.98 1.90038e-38 
1187.99 2.34156e-38 
1188 2.88431e-38 
1188.01 3.55182e-38 
1188.02 4.37252e-38 
1188.03 5.38126e-38 
1188.04 6.62075e-38 
1188.05 8.14333e-38 
1188.06 1.00131e-37 
1188.07 1.23085e-37 
1188.08 1.51257e-37 
1188.09 1.85822e-37 
1188.09 2.28218e-37 
1188.1 2.80204e-37 
1188.11 3.4393e-37 
1188.12 4.22024e-37 
1188.13 5.17698e-37 
1188.14 6.34873e-37 
1188.15 7.78339e-37 
1188.16 9.53942e-37 
1188.17 1.16882e-36 
1188.18 1.43167e-36 
1188.19 1.75312e-36 
1188.2 2.14611e-36 
1188.21 2.62641e-36 
1188.22 3.21326e-36 
1188.23 3.93996e-36 
1188.24 4.81744e-36 
1188.25 5.8886e-36 
1188.26 7.19581e-36 
1188.27 8.7906e-36 
1188.28 1.07357e-35 
1188.29 1.31072e-35 
1188.3 1.5998e-35 
1188.31 1.95204e-35 
1188.32 2.38115e-35 
1188.33 2.90372e-35 
1188.34 3.53992e-35 
1188.35 4.31425e-35 
1188.36 5.25639e-35 
1188.37 6.40239e-35 
1188.38 7.79593e-35 
1188.39 9.48999e-35 
1188.4 1.15487e-34 
1188.41 1.405e-34 
1188.42 1.70878e-34 
1188.43 2.07764e-34 
1188.44 2.52537e-34 
1188.45 3.06869e-34 
1188.46 3.72778e-34 
1188.47 4.5271e-34 
1188.48 5.50952e-34 
1188.49 6.68691e-34 
1188.5 8.1135e-34 
1188.51 9.84152e-34 
1188.52 1.19341e-33 
1188.52 1.44672e-33 
1188.53 1.75329e-33 
1188.54 2.1242e-33 
1188.55 2.57281e-33 
1188.56 3.11524e-33 
1188.57 3.77091e-33 
1188.58 4.56323e-33 
1188.59 5.5204e-33 
1188.6 6.68054e-33 
1188.61 8.07705e-33 
1188.62 9.7626e-33 
1188.63 1.17964e-32 
1188.64 1.42497e-32 
1188.65 1.72081e-32 
1188.66 2.07746e-32 
1188.67 2.50728e-32 
1188.68 3.02514e-32 
1188.69 3.64888e-32 
1188.7 4.39992e-32 
1188.71 5.30397e-32 
1188.72 6.39189e-32 
1188.73 7.71862e-32 
1188.74 9.29628e-32 
1188.75 1.11931e-31 
1188.76 1.3473e-31 
1188.77 1.62124e-31 
1188.78 1.95031e-31 
1188.79 2.34548e-31 
1188.8 2.81988e-31 
1188.81 3.38923e-31 
1188.82 4.07233e-31 
1188.83 4.89167e-31 
1188.84 5.87411e-31 
1188.85 7.05179e-31 
1188.86 8.46306e-31 
1188.87 1.01538e-30 
1188.88 1.21786e-30 
1188.89 1.4603e-30 
1188.9 1.75048e-30 
1188.91 2.09769e-30 
1188.92 2.51304e-30 
1188.93 3.00974e-30 
1188.94 3.60354e-30 
1188.94 4.31322e-30 
1188.95 5.16114e-30 
1188.96 6.17392e-30 
1188.97 7.38325e-30 
1188.98 8.84657e-30 
1188.99 1.05731e-29 
1189 1.26329e-29 
1189.01 1.50895e-29 
1189.02 1.80184e-29 
1189.03 2.15096e-29 
1189.04 2.56695e-29 
1189.05 3.0625e-29 
1189.06 3.65262e-29 
1189.07 4.35517e-29 
1189.08 5.19132e-29 
1189.09 6.18616e-29 
1189.1 7.36948e-29 
1189.11 8.77655e-29 
1189.12 1.04492e-28 
1189.13 1.24369e-28 
1189.14 1.47984e-28 
1189.15 1.7603e-28 
1189.16 2.0933e-28 
1189.17 2.48856e-28 
1189.18 2.95757e-28 
1189.19 3.51394e-28 
1189.2 4.17374e-28 
1189.21 4.95595e-28 
1189.22 5.88303e-28 
1189.23 6.99641e-28 
1189.24 8.30024e-28 
1189.25 9.84413e-28 
1189.26 1.16717e-27 
1189.27 1.38346e-27 
1189.28 1.63933e-27 
1189.29 1.94196e-27 
1189.3 2.29977e-27 
1189.31 2.72271e-27 
1189.32 3.22247e-27 
1189.33 3.81283e-27 
1189.34 4.51002e-27 
1189.35 5.33312e-27 
1189.36 6.30456e-27 
1189.36 7.45076e-27 
1189.37 8.80273e-27 
1189.38 1.03969e-26 
1189.39 1.22763e-26 
1189.4 1.4491e-26 
1189.41 1.71002e-26 
1189.42 2.01732e-26 
1189.43 2.37915e-26 
1189.44 2.80504e-26 
1189.45 3.30619e-26 
1189.46 3.89573e-26 
1189.47 4.58904e-26 
1189.48 5.41517e-26 
1189.49 6.37509e-26 
1189.5 7.50294e-26 
1189.51 8.82772e-26 
1189.52 1.03833e-25 
1189.53 1.22095e-25 
1189.54 1.43525e-25 
1189.55 1.68668e-25 
1189.56 1.98156e-25 
1189.57 2.3273e-25 
1189.58 2.73257e-25 
1189.59 3.20745e-25 
1189.6 3.76375e-25 
1189.61 4.41798e-25 
1189.62 5.18117e-25 
1189.63 6.0744e-25 
1189.64 7.11952e-25 
1189.65 8.34198e-25 
1189.66 9.77146e-25 
1189.67 1.14425e-24 
1189.68 1.33954e-24 
1189.69 1.56769e-24 
1189.7 1.83415e-24 
1189.71 2.14528e-24 
1189.72 2.50843e-24 
1189.73 2.93792e-24 
1189.74 3.43321e-24 
1189.75 4.01082e-24 
1189.76 4.68422e-24 
1189.77 5.46906e-24 
1189.78 6.38351e-24 
1189.79 7.44866e-24 
1189.79 8.68898e-24 
1189.8 1.01328e-23 
1189.81 1.18131e-23 
1189.82 1.37679e-23 
1189.83 1.60415e-23 
1189.84 1.8685e-23 
1189.85 2.17576e-23 
1189.86 2.53281e-23 
1189.87 2.94758e-23 
1189.88 3.42925e-23 
1189.89 3.98846e-23 
1189.9 4.63748e-23 
1189.91 5.39052e-23 
1189.92 6.26399e-23 
1189.93 7.27684e-23 
1189.94 8.45096e-23 
1189.95 9.81163e-23 
1189.96 1.1388e-22 
1189.97 1.32137e-22 
1189.98 1.53561e-22 
1189.99 1.78073e-22 
1190 2.06438e-22 
1190.01 2.3925e-22 
1190.02 2.77196e-22 
1190.03 3.21064e-22 
1190.04 3.71766e-22 
1190.05 4.30346e-22 
1190.06 4.9801e-22 
1190.07 5.76143e-22 
1190.08 6.66336e-22 
1190.09 7.70421e-22 
1190.1 8.90501e-22 
1190.11 1.02899e-21 
1190.12 1.18867e-21 
1190.13 1.37272e-21 
1190.14 1.5848e-21 
1190.15 1.82911e-21 
1190.16 2.11045e-21 
1190.17 2.43435e-21 
1190.18 2.80712e-21 
1190.19 3.23602e-21 
1190.2 3.72935e-21 
1190.21 4.29662e-21 
1190.21 4.94871e-21 
1190.22 5.70812e-21 
1190.23 6.57052e-21 
1190.24 7.56097e-21 
1190.25 8.69815e-21 
1190.26 1.00034e-20 
1190.27 1.15011e-20 
1190.28 1.32192e-20 
1190.29 1.51894e-20 
1190.3 1.74481e-20 
1190.31 2.00367e-20 
1190.32 2.30026e-20 
1190.33 2.63997e-20 
1190.34 3.02895e-20 
1190.35 3.47422e-20 
1190.36 3.98376e-20 
1190.37 4.56669e-20 
1190.38 5.23337e-20 
1190.39 5.9956e-20 
1190.4 6.86681e-20 
1190.41 7.86229e-20 
1190.42 8.99943e-20 
1190.43 1.0298e-19 
1190.44 1.17804e-19 
1190.45 1.34723e-19 
1190.46 1.54026e-19 
1190.47 1.76042e-19 
1190.48 2.01481e-19 
1190.49 2.30144e-19 
1190.5 2.62807e-19 
1190.51 3.00016e-19 
1190.52 3.42392e-19 
1190.53 3.90639e-19 
1190.54 4.45551e-19 
1190.55 5.08033e-19 
1190.56 5.79106e-19 
1190.57 6.59926e-19 
1190.58 7.51803e-19 
1190.59 8.56218e-19 
1190.6 9.74847e-19 
1190.61 1.11027e-18 
1190.62 1.26335e-18 
1190.63 1.43712e-18 
1190.64 1.63429e-18 
1190.64 1.85797e-18 
1190.65 2.11165e-18 
1190.66 2.39924e-18 
1190.67 2.7252e-18 
1190.68 3.09452e-18 
1190.69 3.51286e-18 
1190.7 3.98658e-18 
1190.71 4.52283e-18 
1190.72 5.12971e-18 
1190.73 5.82542e-18 
1190.74 6.60315e-18 
1190.75 7.48249e-18 
1190.76 8.47642e-18 
1190.77 9.59955e-18 
1190.78 1.08683e-17 
1190.79 1.2301e-17 
1190.8 1.39186e-17 
1190.81 1.57441e-17 
1190.82 1.78039e-17 
1190.83 2.01271e-17 
1190.84 2.27468e-17 
1190.85 2.56999e-17 
1190.86 2.90278e-17 
1190.87 3.27768e-17 
1190.88 3.69992e-17 
1190.89 4.17531e-17 
1190.9 4.71039e-17 
1190.91 5.31247e-17 
1190.92 5.98974e-17 
1190.93 6.75136e-17 
1190.94 7.60756e-17 
1190.95 8.56981e-17 
1190.96 9.65092e-17 
1190.97 1.08652e-16 
1190.98 1.22467e-16 
1190.99 1.37794e-16 
1191 1.54993e-16 
1191.01 1.74287e-16 
1191.02 1.95925e-16 
1191.03 2.20185e-16 
1191.04 2.47375e-16 
1191.05 2.7784e-16 
1191.06 3.11966e-16 
1191.07 3.50179e-16 
1191.07 3.92956e-16 
1191.08 4.40829e-16 
1191.09 4.94387e-16 
1191.1 5.54289e-16 
1191.11 6.21265e-16 
1191.12 6.96128e-16 
1191.13 7.79781e-16 
1191.14 8.73229e-16 
1191.15 9.77586e-16 
1191.16 1.09409e-15 
1191.17 1.22412e-15 
1191.18 1.36919e-15 
1191.19 1.53101e-15 
1191.2 1.71144e-15 
1191.21 1.91257e-15 
1191.22 2.13671e-15 
1191.23 2.3897e-15 
1191.24 2.66817e-15 
1191.25 2.9782e-15 
1191.26 3.32327e-15 
1191.27 3.70723e-15 
1191.28 4.13432e-15 
1191.29 4.60926e-15 
1191.3 5.13724e-15 
1191.31 5.724e-15 
1191.32 6.37589e-15 
1191.33 7.09992e-15 
1191.34 7.90384e-15 
1191.35 8.79618e-15 
1191.36 9.78637e-15 
1191.37 1.08848e-14 
1191.38 1.2103e-14 
1191.39 1.34535e-14 
1191.4 1.49502e-14 
1191.41 1.66086e-14 
1191.42 1.84455e-14 
1191.43 2.04794e-14 
1191.44 2.2731e-14 
1191.45 2.52226e-14 
1191.46 2.7979e-14 
1191.47 3.10275e-14 
1191.48 3.44446e-14 
1191.49 3.81723e-14 
1191.49 4.22937e-14 
1191.5 4.68463e-14 
1191.51 5.18735e-14 
1191.52 5.74233e-14 
1191.53 6.3548e-14 
1191.54 7.03051e-14 
1191.55 7.77578e-14 
1191.56 8.5975e-14 
1191.57 9.50325e-14 
1191.58 1.05013e-13 
1191.59 1.16008e-13 
1191.6 1.28195e-13 
1191.61 1.41533e-13 
1191.62 1.56212e-13 
1191.63 1.72363e-13 
1191.64 1.90128e-13 
1191.65 2.09661e-13 
1191.66 2.31133e-13 
1191.67 2.54728e-13 
1191.68 2.80649e-13 
1191.69 3.09117e-13 
1191.7 3.40371e-13 
1191.71 3.74674e-13 
1191.72 4.12313e-13 
1191.73 4.54139e-13 
1191.74 4.99463e-13 
1191.75 5.49148e-13 
1191.76 6.03598e-13 
1191.77 6.63249e-13 
1191.78 7.2858e-13 
1191.79 8.0011e-13 
1191.8 8.78403e-13 
1191.81 9.64071e-13 
1191.82 1.05778e-12 
1191.83 1.16026e-12 
1191.84 1.27229e-12 
1191.85 1.39472e-12 
1191.86 1.52848e-12 
1191.87 1.67457e-12 
1191.88 1.83409e-12 
1191.89 2.0082e-12 
1191.9 2.1982e-12 
1191.91 2.40546e-12 
1191.92 2.63148e-12 
1191.92 2.87789e-12 
1191.93 3.14644e-12 
1191.94 3.43904e-12 
1191.95 3.75773e-12 
1191.96 4.10474e-12 
1191.97 4.48247e-12 
1191.98 4.89887e-12 
1191.99 5.34649e-12 
1192 5.83329e-12 
1192.01 6.36253e-12 
1192.02 6.93774e-12 
1192.03 7.5627e-12 
1192.04 8.24153e-12 
1192.05 8.97863e-12 
1192.06 9.77877e-12 
1192.07 1.06471e-11 
1192.08 1.1589e-11 
1192.09 1.26106e-11 
1192.1 1.37181e-11 
1192.11 1.49186e-11 
1192.12 1.62192e-11 
1192.13 1.76281e-11 
1192.14 1.91536e-11 
1192.15 2.08051e-11 
1192.16 2.25922e-11 
1192.17 2.45256e-11 
1192.18 2.66166e-11 
1192.19 2.88773e-11 
1192.2 3.13207e-11 
1192.21 3.39609e-11 
1192.22 3.68127e-11 
1192.23 3.99322e-11 
1192.24 4.32597e-11 
1192.25 4.68506e-11 
1192.26 5.07245e-11 
1192.27 5.49026e-11 
1192.28 5.94072e-11 
1192.29 6.42624e-11 
1192.3 6.94939e-11 
1192.31 7.5129e-11 
1192.32 8.1197e-11 
1192.33 8.77291e-11 
1192.34 9.47588e-11 
1192.34 1.02321e-10 
1192.35 1.10455e-10 
1192.36 1.192e-10 
1192.37 1.28599e-10 
1192.38 1.38698e-10 
1192.39 1.49546e-10 
1192.4 1.61195e-10 
1192.41 1.737e-10 
1192.42 1.8712e-10 
1192.43 2.01516e-10 
1192.44 2.16957e-10 
1192.45 2.33511e-10 
1192.46 2.51254e-10 
1192.47 2.70265e-10 
1192.48 2.90892e-10 
1192.49 3.12716e-10 
1192.5 3.36079e-10 
1192.51 3.61079e-10 
1192.52 3.87825e-10 
1192.53 4.16429e-10 
1192.54 4.4701e-10 
1192.55 4.79695e-10 
1192.56 5.14618e-10 
1192.57 5.5192e-10 
1192.58 5.9175e-10 
1192.59 6.34268e-10 
1192.6 6.79639e-10 
1192.61 7.28493e-10 
1192.62 7.80143e-10 
1192.63 8.35208e-10 
1192.64 8.93895e-10 
1192.65 9.56422e-10 
1192.66 1.02302e-09 
1192.67 1.09393e-09 
1192.68 1.16942e-09 
1192.69 1.24974e-09 
1192.7 1.33518e-09 
1192.71 1.42604e-09 
1192.72 1.52264e-09 
1192.73 1.62662e-09 
1192.74 1.73577e-09 
1192.75 1.85169e-09 
1192.76 1.97477e-09 
1192.77 2.10541e-09 
1192.77 2.24403e-09 
1192.78 2.39107e-09 
1192.79 2.54699e-09 
1192.8 2.71228e-09 
1192.81 2.88744e-09 
1192.82 3.073e-09 
1192.83 3.26951e-09 
1192.84 3.47757e-09 
1192.85 3.69777e-09 
1192.86 3.93075e-09 
1192.87 4.17718e-09 
1192.88 4.43774e-09 
1192.89 4.71316e-09 
1192.9 5.0042e-09 
1192.91 5.31163e-09 
1192.92 5.63628e-09 
1192.93 5.97901e-09 
1192.94 6.3407e-09 
1192.95 6.72229e-09 
1192.96 7.12473e-09 
1192.97 7.54903e-09 
1192.98 8.00197e-09 
1192.99 8.47347e-09 
1193 8.97009e-09 
1193.01 9.49302e-09 
1193.02 1.00435e-08 
1193.03 1.06227e-08 
1193.04 1.1232e-08 
1193.05 1.18727e-08 
1193.06 1.25463e-08 
1193.07 1.32541e-08 
1193.08 1.39978e-08 
1193.09 1.47788e-08 
1193.1 1.55987e-08 
1193.11 1.64593e-08 
1193.12 1.73623e-08 
1193.13 1.83093e-08 
1193.14 1.93023e-08 
1193.15 2.03432e-08 
1193.16 2.14338e-08 
1193.17 2.25762e-08 
1193.18 2.37725e-08 
1193.19 2.50248e-08 
1193.19 2.63352e-08 
1193.2 2.77061e-08 
1193.21 2.91397e-08 
1193.22 3.0658e-08 
1193.23 3.22247e-08 
1193.24 3.38619e-08 
1193.25 3.55718e-08 
1193.26 3.7357e-08 
1193.27 3.92201e-08 
1193.28 4.1164e-08 
1193.29 4.31915e-08 
1193.3 4.53054e-08 
1193.31 4.75088e-08 
1193.32 4.98046e-08 
1193.33 5.21958e-08 
1193.34 5.46857e-08 
1193.35 5.72775e-08 
1193.36 5.99743e-08 
1193.37 6.27795e-08 
1193.38 6.56965e-08 
1193.39 6.87287e-08 
1193.4 7.18796e-08 
1193.41 7.51527e-08 
1193.42 7.85516e-08 
1193.43 8.208e-08 
1193.44 8.57415e-08 
1193.45 8.95398e-08 
1193.46 9.34788e-08 
1193.47 9.75621e-08 
1193.48 1.01848e-07 
1193.49 1.06233e-07 
1193.5 1.10775e-07 
1193.51 1.15477e-07 
1193.52 1.20342e-07 
1193.53 1.25376e-07 
1193.54 1.30582e-07 
1193.55 1.35963e-07 
1193.56 1.41525e-07 
1193.57 1.4727e-07 
1193.58 1.53203e-07 
1193.59 1.59328e-07 
1193.6 1.65649e-07 
1193.61 1.72277e-07 
1193.62 1.79006e-07 
1193.62 1.85943e-07 
1193.63 1.93091e-07 
1193.64 2.00455e-07 
1193.65 2.08038e-07 
1193.66 2.15844e-07 
1193.67 2.23877e-07 
1193.68 2.3214e-07 
1193.69 2.40637e-07 
1193.7 2.49371e-07 
1193.71 2.58346e-07 
1193.72 2.67564e-07 
1193.73 2.7715e-07 
1193.74 2.86868e-07 
1193.75 2.9684e-07 
1193.76 3.07068e-07 
1193.77 3.17554e-07 
1193.78 3.283e-07 
1193.79 3.39311e-07 
1193.8 3.50586e-07 
1193.81 3.6213e-07 
1193.82 3.73942e-07 
1193.83 3.86026e-07 
1193.84 3.98383e-07 
1193.85 4.11013e-07 
1193.86 4.23919e-07 
1193.87 4.371e-07 
1193.88 4.50558e-07 
1193.89 4.64294e-07 
1193.9 4.78306e-07 
1193.91 4.92595e-07 
1193.92 5.07162e-07 
1193.93 5.22004e-07 
1193.94 5.37122e-07 
1193.95 5.52515e-07 
1193.96 5.6818e-07 
1193.97 5.84117e-07 
1193.98 6.00528e-07 
1193.99 6.17005e-07 
1194 6.33746e-07 
1194.01 6.50749e-07 
1194.02 6.68011e-07 
1194.03 6.85528e-07 
1194.04 7.03296e-07 
1194.05 7.21311e-07 
1194.05 7.39569e-07 
1194.06 7.58065e-07 
1194.07 7.76794e-07 
1194.08 7.9575e-07 
1194.09 8.14927e-07 
1194.1 8.3432e-07 
1194.11 8.53922e-07 
1194.12 8.73725e-07 
1194.13 8.93724e-07 
1194.14 9.1391e-07 
1194.15 9.34276e-07 
1194.16 9.54813e-07 
1194.17 9.75512e-07 
1194.18 9.96366e-07 
1194.19 1.01736e-06 
1194.2 1.0385e-06 
1194.21 1.05976e-06 
1194.22 1.08113e-06 
1194.23 1.10288e-06 
1194.24 1.12446e-06 
1194.25 1.14612e-06 
1194.26 1.16785e-06 
1194.27 1.18964e-06 
1194.28 1.21147e-06 
1194.29 1.23335e-06 
1194.3 1.25525e-06 
1194.31 1.27715e-06 
1194.32 1.29906e-06 
1194.33 1.32095e-06 
1194.34 1.34282e-06 
1194.35 1.36464e-06 
1194.36 1.3864e-06 
1194.37 1.4081e-06 
1194.38 1.42971e-06 
1194.39 1.45123e-06 
1194.4 1.47263e-06 
1194.41 1.49391e-06 
1194.42 1.51505e-06 
1194.43 1.53603e-06 
1194.44 1.55684e-06 
1194.45 1.57747e-06 
1194.46 1.5979e-06 
1194.47 1.61811e-06 
1194.47 1.63834e-06 
1194.48 1.65808e-06 
1194.49 1.67756e-06 
1194.5 1.69677e-06 
1194.51 1.71568e-06 
1194.52 1.7343e-06 
1194.53 1.7526e-06 
1194.54 1.77057e-06 
1194.55 1.78819e-06 
1194.56 1.80546e-06 
1194.57 1.82235e-06 
1194.58 1.83886e-06 
1194.59 1.85497e-06 
1194.6 1.87067e-06 
1194.61 1.88711e-06 
1194.62 1.90195e-06 
1194.63 1.91634e-06 
1194.64 1.93027e-06 
1194.65 1.94373e-06 
1194.66 1.9567e-06 
1194.67 1.96918e-06 
1194.68 1.98115e-06 
1194.69 1.9926e-06 
1194.7 2.00352e-06 
1194.71 2.01391e-06 
1194.72 2.02376e-06 
1194.73 2.03316e-06 
1194.74 2.04189e-06 
1194.75 2.05004e-06 
1194.76 2.05762e-06 
1194.77 2.06462e-06 
1194.78 2.07102e-06 
1194.79 2.07684e-06 
1194.8 2.08205e-06 
1194.81 2.08666e-06 
1194.82 2.09066e-06 
1194.83 2.09404e-06 
1194.84 2.09682e-06 
1194.85 2.09897e-06 
1194.86 2.10051e-06 
1194.87 2.10143e-06 
1194.88 2.10172e-06 
1194.89 2.1014e-06 
1194.9 2.10045e-06 
1194.9 2.09888e-06 
1194.91 2.09669e-06 
1194.92 2.09389e-06 
1194.93 2.09047e-06 
1194.94 2.08644e-06 
1194.95 2.0818e-06 
1194.96 2.07656e-06 
1194.97 2.07072e-06 
1194.98 2.0642e-06 
1194.99 2.05716e-06 
1195 2.04955e-06 
1195.01 2.04136e-06 
1195.02 2.0326e-06 
1195.03 2.02328e-06 
1195.04 2.01341e-06 
1195.05 2.00299e-06 
1195.06 1.99204e-06 
1195.07 1.98056e-06 
1195.08 1.96857e-06 
1195.09 1.95606e-06 
1195.1 1.94307e-06 
1195.11 1.92959e-06 
1195.12 1.91563e-06 
1195.13 1.90122e-06 
1195.14 1.88635e-06 
1195.15 1.87105e-06 
1195.16 1.85533e-06 
1195.17 1.83919e-06 
1195.18 1.82265e-06 
1195.19 1.80573e-06 
1195.2 1.78843e-06 
1195.21 1.77078e-06 
1195.22 1.75278e-06 
1195.23 1.73422e-06 
1195.24 1.71558e-06 
1195.25 1.69663e-06 
1195.26 1.67739e-06 
1195.27 1.65788e-06 
1195.28 1.63812e-06 
1195.29 1.61811e-06 
1195.3 1.59787e-06 
1195.31 1.57742e-06 
1195.32 1.55677e-06 
1195.32 1.53594e-06 
1195.33 1.51494e-06 
1195.34 1.49378e-06 
1195.35 1.47248e-06 
1195.36 1.45106e-06 
1195.37 1.42952e-06 
1195.38 1.40789e-06 
1195.39 1.38618e-06 
1195.4 1.3644e-06 
1195.41 1.34256e-06 
1195.42 1.32068e-06 
1195.43 1.29877e-06 
1195.44 1.27685e-06 
1195.45 1.25493e-06 
1195.46 1.23302e-06 
1195.47 1.21113e-06 
1195.48 1.18901e-06 
1195.49 1.16721e-06 
1195.5 1.14547e-06 
1195.51 1.1238e-06 
1195.52 1.10222e-06 
1195.53 1.08073e-06 
1195.54 1.05935e-06 
1195.55 1.03808e-06 
1195.56 1.01694e-06 
1195.57 9.95939e-07 
1195.58 9.7508e-07 
1195.59 9.54375e-07 
1195.6 9.33834e-07 
1195.61 9.14032e-07 
1195.62 8.9383e-07 
1195.63 8.73816e-07 
1195.64 8.53998e-07 
1195.65 8.34382e-07 
1195.66 8.14976e-07 
1195.67 7.95785e-07 
1195.68 7.76817e-07 
1195.69 7.58077e-07 
1195.7 7.3957e-07 
1195.71 7.21301e-07 
1195.72 7.03276e-07 
1195.73 6.85278e-07 
1195.74 6.67755e-07 
1195.75 6.50488e-07 
1195.75 6.3348e-07 
1195.76 6.16734e-07 
1195.77 6.00253e-07 
1195.78 5.8404e-07 
1195.79 5.68097e-07 
1195.8 5.52426e-07 
1195.81 5.37028e-07 
1195.82 5.21905e-07 
1195.83 5.07058e-07 
1195.84 4.92487e-07 
1195.85 4.78194e-07 
1195.86 4.64178e-07 
1195.87 4.5044e-07 
1195.88 4.36979e-07 
1195.89 4.23795e-07 
1195.9 4.10888e-07 
1195.91 3.98255e-07 
1195.92 3.85897e-07 
1195.93 3.73812e-07 
1195.94 3.61998e-07 
1195.95 3.50454e-07 
1195.96 3.39178e-07 
1195.97 3.28167e-07 
1195.98 3.17287e-07 
1195.99 3.06805e-07 
1196 2.96581e-07 
1196.01 2.86613e-07 
1196.02 2.76898e-07 
1196.03 2.67433e-07 
1196.04 2.58215e-07 
1196.05 2.49242e-07 
1196.06 2.40509e-07 
1196.07 2.32013e-07 
1196.08 2.23752e-07 
1196.09 2.1572e-07 
1196.1 2.07916e-07 
1196.11 2.00334e-07 
1196.12 1.92972e-07 
1196.13 1.85826e-07 
1196.14 1.78891e-07 
1196.15 1.72165e-07 
1196.16 1.65642e-07 
1196.17 1.59319e-07 
1196.17 1.53192e-07 
1196.18 1.47257e-07 
1196.19 1.41511e-07 
1196.2 1.35948e-07 
1196.21 1.30566e-07 
1196.22 1.25296e-07 
1196.23 1.20263e-07 
1196.24 1.15399e-07 
1196.25 1.10698e-07 
1196.26 1.06158e-07 
1196.27 1.01774e-07 
1196.28 9.75421e-08 
1196.29 9.34586e-08 
1196.3 8.95195e-08 
1196.31 8.57212e-08 
1196.32 8.20597e-08 
1196.33 7.85315e-08 
1196.34 7.51327e-08 
1196.35 7.18598e-08 
1196.36 6.87092e-08 
1196.37 6.56773e-08 
1196.38 6.27606e-08 
1196.39 5.99558e-08 
1196.4 5.72594e-08 
1196.41 5.46681e-08 
1196.42 5.21786e-08 
1196.43 4.97879e-08 
1196.44 4.74926e-08 
1196.45 4.52898e-08 
1196.46 4.31765e-08 
1196.47 4.11495e-08 
1196.48 3.91824e-08 
1196.49 3.73209e-08 
1196.5 3.55373e-08 
1196.51 3.38289e-08 
1196.52 3.21932e-08 
1196.53 3.06275e-08 
1196.54 2.91294e-08 
1196.55 2.76965e-08 
1196.56 2.63262e-08 
1196.57 2.50164e-08 
1196.58 2.37647e-08 
1196.59 2.25691e-08 
1196.6 2.14272e-08 
1196.6 2.03498e-08 
1196.61 1.93089e-08 
1196.62 1.83159e-08 
1196.63 1.73688e-08 
1196.64 1.64659e-08 
1196.65 1.56053e-08 
1196.66 1.47854e-08 
1196.67 1.40045e-08 
1196.68 1.32609e-08 
1196.69 1.25531e-08 
1196.7 1.18796e-08 
1196.71 1.1239e-08 
1196.72 1.06299e-08 
1196.73 1.00437e-08 
1196.74 9.49378e-09 
1196.75 8.97134e-09 
1196.76 8.4752e-09 
1196.77 8.00418e-09 
1196.78 7.55715e-09 
1196.79 7.13304e-09 
1196.8 6.73079e-09 
1196.81 6.34941e-09 
1196.82 5.98793e-09 
1196.83 5.64543e-09 
1196.84 5.32101e-09 
1196.85 5.01382e-09 
1196.86 4.72304e-09 
1196.87 4.44789e-09 
1196.88 4.18761e-09 
1196.89 3.94148e-09 
1196.9 3.70881e-09 
1196.91 3.48894e-09 
1196.92 3.28123e-09 
1196.93 3.08508e-09 
1196.94 2.89992e-09 
1196.95 2.72518e-09 
1196.96 2.56034e-09 
1196.97 2.4049e-09 
1196.98 2.25659e-09 
1196.99 2.11862e-09 
1197 1.98866e-09 
1197.01 1.8663e-09 
1197.02 1.75115e-09 
1197.03 1.64281e-09 
1197.03 1.54094e-09 
1197.04 1.44519e-09 
1197.05 1.35525e-09 
1197.06 1.2708e-09 
1197.07 1.19154e-09 
1197.08 1.11722e-09 
1197.09 1.04756e-09 
1197.1 9.82315e-10 
1197.11 9.21253e-10 
1197.12 8.64153e-10 
1197.13 8.10807e-10 
1197.14 7.61017e-10 
1197.15 7.14599e-10 
1197.16 6.7138e-10 
1197.17 6.31197e-10 
1197.18 5.93898e-10 
1197.19 5.59339e-10 
1197.2 5.27388e-10 
1197.21 4.97922e-10 
1197.22 4.70826e-10 
1197.23 4.45698e-10 
1197.24 4.23061e-10 
1197.25 4.02501e-10 
1197.26 3.83938e-10 
1197.27 3.67298e-10 
1197.28 3.52516e-10 
1197.29 3.39535e-10 
1197.3 3.28303e-10 
1197.31 3.18777e-10 
1197.32 3.10921e-10 
1197.33 3.04706e-10 
1197.34 3.00109e-10 
1197.35 2.97114e-10 
1197.36 2.95714e-10 
1197.37 2.95905e-10 
1197.38 2.97694e-10 
1197.39 3.01091e-10 
1197.4 3.06117e-10 
1197.41 3.12796e-10 
1197.42 3.21161e-10 
1197.43 3.31253e-10 
1197.44 3.43119e-10 
1197.45 3.56814e-10 
1197.45 3.724e-10 
1197.46 3.89947e-10 
1197.47 4.09533e-10 
1197.48 4.3153e-10 
1197.49 4.55492e-10 
1197.5 4.81778e-10 
1197.51 5.10503e-10 
1197.52 5.41788e-10 
1197.53 5.75765e-10 
1197.54 6.12575e-10 
1197.55 6.5237e-10 
1197.56 6.95313e-10 
1197.57 7.41577e-10 
1197.58 7.91348e-10 
1197.59 8.44822e-10 
1197.6 9.02211e-10 
1197.61 9.64332e-10 
1197.62 1.03027e-09 
1197.63 1.10083e-09 
1197.64 1.17629e-09 
1197.65 1.25691e-09 
1197.66 1.343e-09 
1197.67 1.43486e-09 
1197.68 1.53284e-09 
1197.69 1.63726e-09 
1197.7 1.74851e-09 
1197.71 1.86695e-09 
1197.72 1.993e-09 
1197.73 2.12881e-09 
1197.74 2.27148e-09 
1197.75 2.42309e-09 
1197.76 2.58414e-09 
1197.77 2.75515e-09 
1197.78 2.93664e-09 
1197.79 3.12919e-09 
1197.8 3.33338e-09 
1197.81 3.54983e-09 
1197.82 3.77919e-09 
1197.83 4.02212e-09 
1197.84 4.27933e-09 
1197.85 4.55156e-09 
1197.86 4.83956e-09 
1197.87 5.14413e-09 
1197.88 5.46611e-09 
1197.88 5.80636e-09 
1197.89 6.16577e-09 
1197.9 6.54528e-09 
1197.91 6.94587e-09 
1197.92 7.36853e-09 
1197.93 7.81433e-09 
1197.94 8.28435e-09 
1197.95 8.77971e-09 
1197.96 9.30159e-09 
1197.97 9.85119e-09 
1197.98 1.04372e-08 
1197.99 1.10464e-08 
1198 1.16873e-08 
1198.01 1.23612e-08 
1198.02 1.30696e-08 
1198.03 1.38139e-08 
1198.04 1.45957e-08 
1198.05 1.54165e-08 
1198.06 1.6278e-08 
1198.07 1.71818e-08 
1198.08 1.81297e-08 
1198.09 1.91234e-08 
1198.1 2.01647e-08 
1198.11 2.12555e-08 
1198.12 2.23978e-08 
1198.13 2.35934e-08 
1198.14 2.48445e-08 
1198.15 2.61531e-08 
1198.16 2.75212e-08 
1198.17 2.89511e-08 
1198.18 3.0445e-08 
1198.19 3.20051e-08 
1198.2 3.36338e-08 
1198.21 3.53334e-08 
1198.22 3.71063e-08 
1198.23 3.89786e-08 
1198.24 4.09065e-08 
1198.25 4.29152e-08 
1198.26 4.50074e-08 
1198.27 4.71856e-08 
1198.28 4.94524e-08 
1198.29 5.18106e-08 
1198.3 5.42629e-08 
1198.3 5.68121e-08 
1198.31 5.94609e-08 
1198.32 6.22122e-08 
1198.33 6.50688e-08 
1198.34 6.80336e-08 
1198.35 7.11095e-08 
1198.36 7.42994e-08 
1198.37 7.76062e-08 
1198.38 8.10328e-08 
1198.39 8.45822e-08 
1198.4 8.82574e-08 
1198.41 9.20613e-08 
1198.42 9.59969e-08 
1198.43 1.00067e-07 
1198.44 1.04275e-07 
1198.45 1.08623e-07 
1198.46 1.13114e-07 
1198.47 1.17752e-07 
1198.48 1.22599e-07 
1198.49 1.2754e-07 
1198.5 1.32635e-07 
1198.51 1.37888e-07 
1198.52 1.43301e-07 
1198.53 1.48876e-07 
1198.54 1.54617e-07 
1198.55 1.60526e-07 
1198.56 1.66605e-07 
1198.57 1.72857e-07 
1198.58 1.79284e-07 
1198.59 1.85889e-07 
1198.6 1.92672e-07 
1198.61 1.99761e-07 
1198.62 2.06914e-07 
1198.63 2.14253e-07 
1198.64 2.21778e-07 
1198.65 2.29492e-07 
1198.66 2.37397e-07 
1198.67 2.45493e-07 
1198.68 2.53782e-07 
1198.69 2.62265e-07 
1198.7 2.70943e-07 
1198.71 2.79817e-07 
1198.72 2.88887e-07 
1198.73 2.98271e-07 
1198.73 3.07738e-07 
1198.74 3.17403e-07 
1198.75 3.27266e-07 
1198.76 3.37326e-07 
1198.77 3.47584e-07 
1198.78 3.58039e-07 
1198.79 3.6869e-07 
1198.8 3.79536e-07 
1198.81 3.90577e-07 
1198.82 4.01812e-07 
1198.83 4.13239e-07 
1198.84 4.24856e-07 
1198.85 4.36662e-07 
1198.86 4.48655e-07 
1198.87 4.60834e-07 
1198.88 4.73195e-07 
1198.89 4.85736e-07 
1198.9 4.98456e-07 
1198.91 5.1135e-07 
1198.92 5.24417e-07 
1198.93 5.37652e-07 
1198.94 5.51054e-07 
1198.95 5.64618e-07 
1198.96 5.78341e-07 
1198.97 5.92219e-07 
1198.98 6.06425e-07 
1198.99 6.20603e-07 
1199 6.34925e-07 
1199.01 6.49386e-07 
1199.02 6.63981e-07 
1199.03 6.78706e-07 
1199.04 6.93557e-07 
1199.05 7.08529e-07 
1199.06 7.23617e-07 
1199.07 7.38816e-07 
1199.08 7.54122e-07 
1199.09 7.69529e-07 
1199.1 7.85032e-07 
1199.11 8.00628e-07 
1199.12 8.1631e-07 
1199.13 8.32074e-07 
1199.14 8.47915e-07 
1199.15 8.63827e-07 
1199.15 8.79806e-07 
1199.16 8.95847e-07 
1199.17 9.11946e-07 
1199.18 9.28096e-07 
1199.19 9.44295e-07 
1199.2 9.60538e-07 
1199.21 9.76819e-07 
1199.22 9.9334e-07 
1199.23 1.00969e-06 
1199.24 1.02606e-06 
1199.25 1.04246e-06 
1199.26 1.05888e-06 
1199.27 1.07531e-06 
1199.28 1.09175e-06 
1199.29 1.10821e-06 
1199.3 1.12468e-06 
1199.31 1.14115e-06 
1199.32 1.15762e-06 
1199.33 1.1741e-06 
1199.34 1.19057e-06 
1199.35 1.20705e-06 
1199.36 1.22352e-06 
1199.37 1.24e-06 
1199.38 1.25647e-06 
1199.39 1.27294e-06 
1199.4 1.28941e-06 
1199.41 1.30588e-06 
1199.42 1.32235e-06 
1199.43 1.33882e-06 
1199.44 1.35531e-06 
1199.45 1.3718e-06 
1199.46 1.3883e-06 
1199.47 1.40482e-06 
1199.48 1.42157e-06 
1199.49 1.43813e-06 
1199.5 1.45473e-06 
1199.51 1.47136e-06 
1199.52 1.48803e-06 
1199.53 1.50475e-06 
1199.54 1.52152e-06 
1199.55 1.53835e-06 
1199.56 1.55525e-06 
1199.57 1.57223e-06 
1199.58 1.5893e-06 
1199.58 1.60646e-06 
1199.59 1.62372e-06 
1199.6 1.64109e-06 
1199.61 1.65962e-06 
1199.62 1.67726e-06 
1199.63 1.69505e-06 
1199.64 1.71299e-06 
1199.65 1.7311e-06 
1199.66 1.74939e-06 
1199.67 1.76787e-06 
1199.68 1.78656e-06 
1199.69 1.80546e-06 
1199.7 1.82459e-06 
1199.71 1.84397e-06 
1199.72 1.86359e-06 
1199.73 1.88374e-06 
1199.74 1.90393e-06 
1199.75 1.92441e-06 
1199.76 1.9452e-06 
1199.77 1.96632e-06 
1199.78 1.98778e-06 
1199.79 2.00959e-06 
1199.8 2.03177e-06 
1199.81 2.05433e-06 
1199.82 2.07728e-06 
1199.83 2.10064e-06 
1199.84 2.12443e-06 
1199.85 2.14865e-06 
1199.86 2.17332e-06 
1199.87 2.19845e-06 
1199.88 2.22406e-06 
1199.89 2.25016e-06 
1199.9 2.27676e-06 
1199.91 2.30388e-06 
1199.92 2.33151e-06 
1199.93 2.35968e-06 
1199.94 2.3884e-06 
1199.95 2.41768e-06 
1199.96 2.44752e-06 
1199.97 2.47794e-06 
1199.98 2.50933e-06 
1199.99 2.54093e-06 
1200 2.57313e-06 
1200.01 2.60594e-06 
1200.01 2.63936e-06 
1200.02 2.6734e-06 
1200.03 2.70806e-06 
1200.04 2.74334e-06 
1200.05 2.77926e-06 
1200.06 2.81581e-06 
1200.07 2.85299e-06 
1200.08 2.89081e-06 
1200.09 2.92925e-06 
1200.1 2.96833e-06 
1200.11 3.00804e-06 
1200.12 3.04838e-06 
1200.13 3.08934e-06 
1200.14 3.13091e-06 
1200.15 3.1731e-06 
1200.16 3.21589e-06 
1200.17 3.25928e-06 
1200.18 3.30325e-06 
1200.19 3.34781e-06 
1200.2 3.39293e-06 
1200.21 3.4386e-06 
1200.22 3.48481e-06 
1200.23 3.53214e-06 
1200.24 3.5794e-06 
1200.25 3.62715e-06 
1200.26 3.67538e-06 
1200.27 3.72407e-06 
1200.28 3.77319e-06 
1200.29 3.82274e-06 
1200.3 3.87269e-06 
1200.31 3.92301e-06 
1200.32 3.97368e-06 
1200.33 4.02469e-06 
1200.34 4.07599e-06 
1200.35 4.12757e-06 
1200.36 4.17941e-06 
1200.37 4.23146e-06 
1200.38 4.28371e-06 
1200.39 4.33612e-06 
1200.4 4.38866e-06 
1200.41 4.44131e-06 
1200.42 4.49403e-06 
1200.43 4.54679e-06 
1200.43 4.59955e-06 
1200.44 4.65228e-06 
1200.45 4.70495e-06 
1200.46 4.75753e-06 
1200.47 4.80997e-06 
1200.48 4.86289e-06 
1200.49 4.91495e-06 
1200.5 4.96677e-06 
1200.51 5.01831e-06 
1200.52 5.06953e-06 
1200.53 5.1204e-06 
1200.54 5.17087e-06 
1200.55 5.22091e-06 
1200.56 5.27048e-06 
1200.57 5.31955e-06 
1200.58 5.36807e-06 
1200.59 5.416e-06 
1200.6 5.46332e-06 
1200.61 5.51338e-06 
1200.62 5.55936e-06 
1200.63 5.6046e-06 
1200.64 5.64907e-06 
1200.65 5.69273e-06 
1200.66 5.73554e-06 
1200.67 5.77746e-06 
1200.68 5.81846e-06 
1200.69 5.8585e-06 
1200.7 5.89756e-06 
1200.71 5.93558e-06 
1200.72 5.97254e-06 
1200.73 6.00885e-06 
1200.74 6.04358e-06 
1200.75 6.07715e-06 
1200.76 6.10953e-06 
1200.77 6.14069e-06 
1200.78 6.1706e-06 
1200.79 6.19923e-06 
1200.8 6.22655e-06 
1200.81 6.25255e-06 
1200.82 6.27719e-06 
1200.83 6.30044e-06 
1200.84 6.32229e-06 
1200.85 6.34271e-06 
1200.85 6.36169e-06 
1200.86 6.37919e-06 
1200.87 6.39521e-06 
1200.88 6.40973e-06 
1200.89 6.42272e-06 
1200.9 6.43418e-06 
1200.91 6.44409e-06 
1200.92 6.45244e-06 
1200.93 6.45922e-06 
1200.94 6.46441e-06 
1200.95 6.46801e-06 
1200.96 6.47002e-06 
1200.97 6.47042e-06 
1200.98 6.46919e-06 
1200.99 6.46635e-06 
1201 6.4619e-06 
1201.01 6.45583e-06 
1201.02 6.44816e-06 
1201.03 6.43887e-06 
1201.04 6.42798e-06 
1201.05 6.41549e-06 
1201.06 6.40141e-06 
1201.07 6.38574e-06 
1201.08 6.36849e-06 
1201.09 6.34968e-06 
1201.1 6.32932e-06 
1201.11 6.30741e-06 
1201.12 6.28397e-06 
1201.13 6.25903e-06 
1201.14 6.23259e-06 
1201.15 6.20467e-06 
1201.16 6.1753e-06 
1201.17 6.14448e-06 
1201.18 6.11226e-06 
1201.19 6.07863e-06 
1201.2 6.04364e-06 
1201.21 6.0073e-06 
1201.22 5.96965e-06 
1201.23 5.9302e-06 
1201.24 5.88996e-06 
1201.25 5.84849e-06 
1201.26 5.80581e-06 
1201.27 5.76195e-06 
1201.28 5.71694e-06 
1201.28 5.67081e-06 
1201.29 5.62359e-06 
1201.3 5.57533e-06 
1201.31 5.52604e-06 
1201.32 5.47577e-06 
1201.33 5.42454e-06 
1201.34 5.3724e-06 
1201.35 5.31938e-06 
1201.36 5.26551e-06 
1201.37 5.21083e-06 
1201.38 5.15537e-06 
1201.39 5.09918e-06 
1201.4 5.04228e-06 
1201.41 4.98472e-06 
1201.42 4.92654e-06 
1201.43 4.86776e-06 
1201.44 4.80843e-06 
1201.45 4.74858e-06 
1201.46 4.68826e-06 
1201.47 4.62749e-06 
1201.48 4.56555e-06 
1201.49 4.50401e-06 
1201.5 4.44213e-06 
1201.51 4.37997e-06 
1201.52 4.31754e-06 
1201.53 4.25489e-06 
1201.54 4.19205e-06 
1201.55 4.12906e-06 
1201.56 4.06595e-06 
1201.57 4.00276e-06 
1201.58 3.93953e-06 
1201.59 3.87627e-06 
1201.6 3.81304e-06 
1201.61 3.75217e-06 
1201.62 3.68903e-06 
1201.63 3.626e-06 
1201.64 3.56311e-06 
1201.65 3.5004e-06 
1201.66 3.43789e-06 
1201.67 3.37562e-06 
1201.68 3.3136e-06 
1201.69 3.25187e-06 
1201.7 3.19046e-06 
1201.7 3.12938e-06 
1201.71 3.06867e-06 
1201.72 3.0076e-06 
1201.73 2.9477e-06 
1201.74 2.88823e-06 
1201.75 2.82923e-06 
1201.76 2.7707e-06 
1201.77 2.71267e-06 
1201.78 2.65516e-06 
1201.79 2.59819e-06 
1201.8 2.54177e-06 
1201.81 2.48593e-06 
1201.82 2.43068e-06 
1201.83 2.37603e-06 
1201.84 2.322e-06 
1201.85 2.26861e-06 
1201.86 2.21586e-06 
1201.87 2.16377e-06 
1201.88 2.11235e-06 
1201.89 2.06162e-06 
1201.9 2.01157e-06 
1201.91 1.96223e-06 
1201.92 1.91359e-06 
1201.93 1.86567e-06 
1201.94 1.81847e-06 
1201.95 1.772e-06 
1201.96 1.72627e-06 
1201.97 1.68127e-06 
1201.98 1.63647e-06 
1201.99 1.59298e-06 
1202 1.55023e-06 
1202.01 1.50824e-06 
1202.02 1.46699e-06 
1202.03 1.42651e-06 
1202.04 1.38677e-06 
1202.05 1.34779e-06 
1202.06 1.30956e-06 
1202.07 1.27208e-06 
1202.08 1.23535e-06 
1202.09 1.19937e-06 
1202.1 1.16413e-06 
1202.11 1.12962e-06 
1202.12 1.09586e-06 
1202.13 1.06282e-06 
1202.13 1.03051e-06 
1202.14 9.98917e-07 
1202.15 9.6804e-07 
1202.16 9.37872e-07 
1202.17 9.08405e-07 
1202.18 8.79634e-07 
1202.19 8.5155e-07 
1202.2 8.24147e-07 
1202.21 7.97416e-07 
1202.22 7.71032e-07 
1202.23 7.45627e-07 
1202.24 7.20873e-07 
1202.25 6.96758e-07 
1202.26 6.73273e-07 
1202.27 6.50409e-07 
1202.28 6.28157e-07 
1202.29 6.06506e-07 
1202.3 5.85449e-07 
1202.31 5.64974e-07 
1202.32 5.45072e-07 
1202.33 5.25734e-07 
1202.34 5.06948e-07 
1202.35 4.88706e-07 
1202.36 4.70996e-07 
1202.37 4.53809e-07 
1202.38 4.37135e-07 
1202.39 4.20962e-07 
1202.4 4.05282e-07 
1202.41 3.90083e-07 
1202.42 3.75356e-07 
1202.43 3.6109e-07 
1202.44 3.47275e-07 
1202.45 3.33901e-07 
1202.46 3.20958e-07 
1202.47 3.08436e-07 
1202.48 2.96176e-07 
1202.49 2.8447e-07 
1202.5 2.73155e-07 
1202.51 2.62222e-07 
1202.52 2.5166e-07 
1202.53 2.4146e-07 
1202.54 2.31613e-07 
1202.55 2.22109e-07 
1202.56 2.12939e-07 
1202.56 2.04094e-07 
1202.57 1.95566e-07 
1202.58 1.87344e-07 
1202.59 1.79421e-07 
1202.6 1.71788e-07 
1202.61 1.64538e-07 
1202.62 1.57456e-07 
1202.63 1.50639e-07 
1202.64 1.44079e-07 
1202.65 1.37769e-07 
1202.66 1.317e-07 
1202.67 1.25866e-07 
1202.68 1.20259e-07 
1202.69 1.14871e-07 
1202.7 1.09696e-07 
1202.71 1.04727e-07 
1202.72 9.99563e-08 
1202.73 9.5322e-08 
1202.74 9.09319e-08 
1202.75 8.67212e-08 
1202.76 8.26838e-08 
1202.77 7.88136e-08 
1202.78 7.51049e-08 
1202.79 7.1552e-08 
1202.8 6.81492e-08 
1202.81 6.48913e-08 
1202.82 6.17728e-08 
1202.83 5.87889e-08 
1202.84 5.59343e-08 
1202.85 5.32045e-08 
1202.86 5.05945e-08 
1202.87 4.81e-08 
1202.88 4.57165e-08 
1202.89 4.34397e-08 
1202.9 4.12654e-08 
1202.91 3.91897e-08 
1202.92 3.72087e-08 
1202.93 3.53185e-08 
1202.94 3.35155e-08 
1202.95 3.17963e-08 
1202.96 3.01573e-08 
1202.97 2.85953e-08 
1202.98 2.71071e-08 
1202.98 2.56723e-08 
1202.99 2.43233e-08 
1203 2.30392e-08 
1203.01 2.18172e-08 
1203.02 2.06546e-08 
1203.03 1.95487e-08 
1203.04 1.84973e-08 
1203.05 1.74978e-08 
1203.06 1.65479e-08 
1203.07 1.56456e-08 
1203.08 1.47885e-08 
1203.09 1.39747e-08 
1203.1 1.32023e-08 
1203.11 1.24693e-08 
1203.12 1.17738e-08 
1203.13 1.11143e-08 
1203.14 1.04889e-08 
1203.15 9.89616e-09 
1203.16 9.33445e-09 
1203.17 8.8023e-09 
1203.18 8.29832e-09 
1203.19 7.82113e-09 
1203.2 7.36946e-09 
1203.21 6.94205e-09 
1203.22 6.53771e-09 
1203.23 6.15066e-09 
1203.24 5.78936e-09 
1203.25 5.44785e-09 
1203.26 5.12514e-09 
1203.27 4.82028e-09 
1203.28 4.53237e-09 
1203.29 4.26053e-09 
1203.3 4.00395e-09 
1203.31 3.76184e-09 
1203.32 3.53343e-09 
1203.33 3.31803e-09 
1203.34 3.11494e-09 
1203.35 2.92351e-09 
1203.36 2.74312e-09 
1203.37 2.5732e-09 
1203.38 2.41316e-09 
1203.39 2.26248e-09 
1203.4 2.12066e-09 
1203.41 1.9872e-09 
1203.41 1.86166e-09 
1203.42 1.74359e-09 
1203.43 1.63257e-09 
1203.44 1.52823e-09 
1203.45 1.43018e-09 
1203.46 1.33807e-09 
1203.47 1.25156e-09 
1203.48 1.16936e-09 
1203.49 1.09318e-09 
1203.5 1.0217e-09 
1203.51 9.54637e-10 
1203.52 8.91746e-10 
1203.53 8.32779e-10 
1203.54 7.77507e-10 
1203.55 7.25713e-10 
1203.56 6.77192e-10 
1203.57 6.31749e-10 
1203.58 5.89201e-10 
1203.59 5.49375e-10 
1203.6 5.12106e-10 
1203.61 4.77535e-10 
1203.62 4.44906e-10 
1203.63 4.14397e-10 
1203.64 3.8588e-10 
1203.65 3.59231e-10 
1203.66 3.34334e-10 
1203.67 3.11081e-10 
1203.68 2.8937e-10 
1203.69 2.69103e-10 
1203.7 2.5019e-10 
1203.71 2.32546e-10 
1203.72 2.16088e-10 
1203.73 2.00558e-10 
1203.74 1.86267e-10 
1203.75 1.72948e-10 
1203.76 1.60539e-10 
1203.77 1.48982e-10 
1203.78 1.38221e-10 
1203.79 1.28203e-10 
1203.8 1.1888e-10 
1203.81 1.10206e-10 
1203.82 1.02138e-10 
1203.83 9.46358e-11 
1203.83 8.76618e-11 
1203.84 8.11804e-11 
1203.85 7.51585e-11 
1203.86 6.9565e-11 
1203.87 6.43709e-11 
1203.88 5.95491e-11 
1203.89 5.50739e-11 
1203.9 5.09217e-11 
1203.91 4.70702e-11 
1203.92 4.34986e-11 
1203.93 4.01875e-11 
1203.94 3.71186e-11 
1203.95 3.42751e-11 
1203.96 3.16412e-11 
1203.97 2.9202e-11 
1203.98 2.69166e-11 
1203.99 2.48285e-11 
1204 2.28963e-11 
1204.01 2.1109e-11 
1204.02 1.94561e-11 
1204.03 1.7928e-11 
1204.04 1.65155e-11 
1204.05 1.52103e-11 
1204.06 1.40046e-11 
1204.07 1.28911e-11 
1204.08 1.1863e-11 
1204.09 1.0914e-11 
1204.1 1.00383e-11 
1204.11 9.23046e-12 
1204.12 8.48539e-12 
1204.13 7.79842e-12 
1204.14 7.16519e-12 
1204.15 6.58165e-12 
1204.16 6.04404e-12 
1204.17 5.5489e-12 
1204.18 5.09298e-12 
1204.19 4.67329e-12 
1204.2 4.28706e-12 
1204.21 3.93172e-12 
1204.22 3.60489e-12 
1204.23 3.30076e-12 
1204.24 3.02478e-12 
1204.25 2.77115e-12 
1204.26 2.53812e-12 
1204.26 2.32408e-12 
1204.27 2.12752e-12 
1204.28 1.94708e-12 
1204.29 1.78148e-12 
1204.3 1.62953e-12 
1204.31 1.49015e-12 
1204.32 1.36234e-12 
1204.33 1.24516e-12 
1204.34 1.13776e-12 
1204.35 1.03936e-12 
1204.36 9.49213e-13 
1204.37 8.66659e-13 
1204.38 7.91077e-13 
1204.39 7.21897e-13 
1204.4 6.58595e-13 
1204.41 6.00685e-13 
1204.42 5.47724e-13 
1204.43 4.99301e-13 
1204.44 4.5504e-13 
1204.45 4.14594e-13 
1204.46 3.77643e-13 
1204.47 3.43896e-13 
1204.48 3.12714e-13 
1204.49 2.84619e-13 
1204.5 2.58979e-13 
1204.51 2.35588e-13 
1204.52 2.14253e-13 
1204.53 1.94799e-13 
1204.54 1.77065e-13 
1204.55 1.60903e-13 
1204.56 1.46178e-13 
1204.57 1.32766e-13 
1204.58 1.20553e-13 
1204.59 1.09434e-13 
1204.6 9.93152e-14 
1204.61 9.01082e-14 
1204.62 8.17836e-14 
1204.63 7.41629e-14 
1204.64 6.72347e-14 
1204.65 6.09377e-14 
1204.66 5.52159e-14 
1204.67 5.00183e-14 
1204.68 4.52981e-14 
1204.68 4.10125e-14 
1204.69 3.71227e-14 
1204.7 3.35929e-14 
1204.71 3.03909e-14 
1204.72 2.74522e-14 
1204.73 2.48224e-14 
1204.74 2.24386e-14 
1204.75 2.02784e-14 
1204.76 1.83213e-14 
1204.77 1.65488e-14 
1204.78 1.49438e-14 
1204.79 1.3491e-14 
1204.8 1.21762e-14 
1204.81 1.09867e-14 
1204.82 9.91073e-15 
1204.83 8.93782e-15 
1204.84 8.05831e-15 
1204.85 7.26343e-15 
1204.86 6.54525e-15 
1204.87 5.89653e-15 
1204.88 5.31071e-15 
1204.89 4.78184e-15 
1204.9 4.30451e-15 
1204.91 3.87381e-15 
1204.92 3.48529e-15 
1204.93 3.13491e-15 
1204.94 2.81902e-15 
1204.95 2.53429e-15 
1204.96 2.27772e-15 
1204.97 2.04659e-15 
1204.98 1.83597e-15 
1204.99 1.6488e-15 
1205 1.48031e-15 
1205.01 1.3287e-15 
1205.02 1.1923e-15 
1205.03 1.06963e-15 
1205.04 9.59322e-16 
1205.05 8.60166e-16 
1205.06 7.71056e-16 
1205.07 6.90996e-16 
1205.08 6.19087e-16 
1205.09 5.54515e-16 
1205.1 4.96548e-16 
1205.11 4.44524e-16 
1205.11 3.97846e-16 
1205.12 3.55977e-16 
1205.13 3.1843e-16 
1205.14 2.84768e-16 
1205.15 2.54599e-16 
1205.16 2.27565e-16 
1205.17 2.03349e-16 
1205.18 1.81662e-16 
1205.19 1.62246e-16 
1205.2 1.44867e-16 
1205.21 1.29315e-16 
1205.22 1.15247e-16 
1205.23 1.02813e-16 
1205.24 9.17033e-17 
1205.25 8.17727e-17 
1205.26 7.28983e-17 
1205.27 6.497e-17 
1205.28 5.78888e-17 
1205.29 5.15658e-17 
1205.3 4.59214e-17 
1205.31 4.08842e-17 
1205.32 3.63899e-17 
1205.33 3.23812e-17 
1205.34 2.88065e-17 
1205.35 2.56197e-17 
1205.36 2.27795e-17 
1205.37 2.02488e-17 
1205.38 1.79946e-17 
1205.39 1.59871e-17 
1205.4 1.41998e-17 
1205.41 1.26091e-17 
1205.42 1.11936e-17 
1205.43 9.93441e-18 
1205.44 8.81455e-18 
1205.45 7.81888e-18 
1205.46 6.93386e-18 
1205.47 6.1474e-18 
1205.48 5.44096e-18 
1205.49 4.82086e-18 
1205.5 4.27069e-18 
1205.51 3.78231e-18 
1205.52 3.3489e-18 
1205.53 2.96438e-18 
1205.54 2.62332e-18 
1205.54 2.32089e-18 
1205.55 2.05279e-18 
1205.56 1.81518e-18 
1205.57 1.60465e-18 
1205.58 1.41817e-18 
1205.59 1.25303e-18 
1205.6 1.10683e-18 
1205.61 9.78035e-19 
1205.62 8.63468e-19 
1205.63 7.62121e-19 
1205.64 6.72493e-19 
1205.65 5.9325e-19 
1205.66 5.23207e-19 
1205.67 4.61313e-19 
1205.68 4.06634e-19 
1205.69 3.58342e-19 
1205.7 3.15702e-19 
1205.71 2.78064e-19 
1205.72 2.44848e-19 
1205.73 2.152e-19 
1205.74 1.89393e-19 
1205.75 1.66638e-19 
1205.76 1.46578e-19 
1205.77 1.28899e-19 
1205.78 1.13323e-19 
1205.79 9.96024e-20 
1205.8 8.75204e-20 
1205.81 7.68837e-20 
1205.82 6.7522e-20 
1205.83 5.92847e-20 
1205.84 5.20387e-20 
1205.85 4.56663e-20 
1205.86 4.00637e-20 
1205.87 3.51393e-20 
1205.88 3.0812e-20 
1205.89 2.70106e-20 
1205.9 2.36719e-20 
1205.91 2.07405e-20 
1205.92 1.81673e-20 
1205.93 1.59092e-20 
1205.94 1.39281e-20 
1205.95 1.21905e-20 
1205.96 1.06669e-20 
1205.96 9.33127e-21 
1205.97 8.16073e-21 
1205.98 7.12317e-21 
1205.99 6.22633e-21 
1206 5.44097e-21 
1206.01 4.75343e-21 
1206.02 4.15168e-21 
1206.03 3.62516e-21 
1206.04 3.16458e-21 
1206.05 2.76179e-21 
1206.06 2.40964e-21 
1206.07 2.10184e-21 
1206.08 1.83287e-21 
1206.09 1.59791e-21 
1206.1 1.3927e-21 
1206.11 1.21352e-21 
1206.12 1.05712e-21 
1206.13 9.20639e-22 
1206.14 8.01565e-22 
1206.15 6.97709e-22 
1206.16 6.0715e-22 
1206.17 5.28206e-22 
1206.18 4.59407e-22 
1206.19 3.99463e-22 
1206.2 3.4725e-22 
1206.21 3.01783e-22 
1206.22 2.622e-22 
1206.23 2.27348e-22 
1206.24 1.97424e-22 
1206.25 1.71393e-22 
1206.26 1.48756e-22 
1206.27 1.29075e-22 
1206.28 1.11968e-22 
1206.29 9.71031e-23 
1206.3 8.41895e-23 
1206.31 7.29741e-23 
1206.32 6.32362e-23 
1206.33 5.47833e-23 
1206.34 4.7448e-23 
1206.35 4.1084e-23 
1206.36 3.55643e-23 
1206.37 3.0778e-23 
1206.38 2.6629e-23 
1206.39 2.30332e-23 
1206.39 1.99177e-23 
1206.4 1.72191e-23 
1206.41 1.48822e-23 
1206.42 1.28591e-23 
1206.43 1.11081e-23 
1206.44 9.59304e-24 
1206.45 8.28243e-24 
1206.46 7.149e-24 
1206.47 6.16906e-24 
1206.48 5.31222e-24 
1206.49 4.58164e-24 
1206.5 3.95049e-24 
1206.51 3.4054e-24 
1206.52 2.93474e-24 
1206.53 2.52848e-24 
1206.54 2.17788e-24 
1206.55 1.8754e-24 
1206.56 1.61451e-24 
1206.57 1.38955e-24 
1206.58 1.19562e-24 
1206.59 1.02848e-24 
1206.6 0 
