#energy geo_1 
1186.6 1.22963e-06 
1186.61 1.22892e-06 
1186.62 1.22821e-06 
1186.63 1.22749e-06 
1186.64 1.22678e-06 
1186.65 1.22607e-06 
1186.66 1.22535e-06 
1186.67 1.22464e-06 
1186.68 1.22393e-06 
1186.69 1.22322e-06 
1186.7 1.22251e-06 
1186.71 1.2218e-06 
1186.72 1.22109e-06 
1186.73 1.22038e-06 
1186.74 1.21967e-06 
1186.75 1.21896e-06 
1186.76 1.21825e-06 
1186.77 1.21754e-06 
1186.78 1.21683e-06 
1186.79 1.21612e-06 
1186.8 1.21541e-06 
1186.81 1.21471e-06 
1186.81 1.214e-06 
1186.82 1.21329e-06 
1186.83 1.21258e-06 
1186.84 1.21188e-06 
1186.85 1.21117e-06 
1186.86 1.21047e-06 
1186.87 1.20976e-06 
1186.88 1.20905e-06 
1186.89 1.20835e-06 
1186.9 1.20764e-06 
1186.91 1.20694e-06 
1186.92 1.20623e-06 
1186.93 1.20553e-06 
1186.94 1.20482e-06 
1186.95 1.20412e-06 
1186.96 1.20342e-06 
1186.97 1.20271e-06 
1186.98 1.20201e-06 
1186.99 1.2013e-06 
1187 1.2006e-06 
1187.01 1.1999e-06 
1187.02 1.1992e-06 
1187.03 1.1985e-06 
1187.04 1.19779e-06 
1187.05 1.19709e-06 
1187.06 1.19639e-06 
1187.07 1.19569e-06 
1187.08 1.19499e-06 
1187.09 1.19429e-06 
1187.1 1.19359e-06 
1187.11 1.19289e-06 
1187.12 1.19219e-06 
1187.13 1.19149e-06 
1187.14 1.19079e-06 
1187.15 1.19009e-06 
1187.16 1.1894e-06 
1187.17 1.1887e-06 
1187.18 1.188e-06 
1187.19 1.1873e-06 
1187.2 1.1866e-06 
1187.21 1.18591e-06 
1187.22 1.18521e-06 
1187.23 1.18452e-06 
1187.24 1.18382e-06 
1187.24 1.18312e-06 
1187.25 1.18243e-06 
1187.26 1.18173e-06 
1187.27 1.18103e-06 
1187.28 1.18034e-06 
1187.29 1.17965e-06 
1187.3 1.17895e-06 
1187.31 1.17826e-06 
1187.32 1.17756e-06 
1187.33 1.17687e-06 
1187.34 1.17618e-06 
1187.35 1.17548e-06 
1187.36 1.17479e-06 
1187.37 1.1741e-06 
1187.38 1.17341e-06 
1187.39 1.17271e-06 
1187.4 1.17202e-06 
1187.41 1.17133e-06 
1187.42 1.17064e-06 
1187.43 1.16995e-06 
1187.44 1.16926e-06 
1187.45 1.16857e-06 
1187.46 1.16788e-06 
1187.47 1.16719e-06 
1187.48 1.1665e-06 
1187.49 1.16581e-06 
1187.5 1.16512e-06 
1187.51 1.16443e-06 
1187.52 1.16374e-06 
1187.53 1.16305e-06 
1187.54 1.16236e-06 
1187.55 1.16168e-06 
1187.56 1.16099e-06 
1187.57 1.1603e-06 
1187.58 1.15962e-06 
1187.59 1.15893e-06 
1187.6 1.15824e-06 
1187.61 1.15828e-06 
1187.62 1.15759e-06 
1187.63 1.1569e-06 
1187.64 1.15622e-06 
1187.65 1.15553e-06 
1187.66 1.15485e-06 
1187.66 1.15416e-06 
1187.67 1.15348e-06 
1187.68 1.15279e-06 
1187.69 1.15211e-06 
1187.7 1.15143e-06 
1187.71 1.15074e-06 
1187.72 1.15006e-06 
1187.73 1.14937e-06 
1187.74 1.14869e-06 
1187.75 1.14801e-06 
1187.76 1.14733e-06 
1187.77 1.14665e-06 
1187.78 1.14596e-06 
1187.79 1.14528e-06 
1187.8 1.1446e-06 
1187.81 1.14392e-06 
1187.82 1.14324e-06 
1187.83 1.14256e-06 
1187.84 1.14188e-06 
1187.85 1.1412e-06 
1187.86 1.14052e-06 
1187.87 1.13984e-06 
1187.88 1.13916e-06 
1187.89 1.13848e-06 
1187.9 1.1378e-06 
1187.91 1.13713e-06 
1187.92 1.13645e-06 
1187.93 1.13577e-06 
1187.94 1.13509e-06 
1187.95 1.13441e-06 
1187.96 1.13374e-06 
1187.97 1.13306e-06 
1187.98 1.13239e-06 
1187.99 1.13171e-06 
1188 1.13103e-06 
1188.01 1.13036e-06 
1188.02 1.12968e-06 
1188.03 1.12901e-06 
1188.04 1.12834e-06 
1188.05 1.12766e-06 
1188.06 1.12699e-06 
1188.07 1.12631e-06 
1188.08 1.12564e-06 
1188.09 1.12496e-06 
1188.09 1.12429e-06 
1188.1 1.12362e-06 
1188.11 1.12295e-06 
1188.12 1.12227e-06 
1188.13 1.1216e-06 
1188.14 1.12093e-06 
1188.15 1.12026e-06 
1188.16 1.11959e-06 
1188.17 1.11892e-06 
1188.18 1.11825e-06 
1188.19 1.11758e-06 
1188.2 1.1169e-06 
1188.21 1.11624e-06 
1188.22 1.11557e-06 
1188.23 1.1149e-06 
1188.24 1.11423e-06 
1188.25 1.11356e-06 
1188.26 1.11289e-06 
1188.27 1.11222e-06 
1188.28 1.11156e-06 
1188.29 1.11089e-06 
1188.3 1.11022e-06 
1188.31 1.10955e-06 
1188.32 1.10888e-06 
1188.33 1.10822e-06 
1188.34 1.10755e-06 
1188.35 1.10689e-06 
1188.36 1.10622e-06 
1188.37 1.10556e-06 
1188.38 1.10489e-06 
1188.39 1.10423e-06 
1188.4 1.10356e-06 
1188.41 1.1029e-06 
1188.42 1.10223e-06 
1188.43 1.10157e-06 
1188.44 1.10091e-06 
1188.45 1.10024e-06 
1188.46 1.09958e-06 
1188.47 1.09892e-06 
1188.48 1.09826e-06 
1188.49 1.09759e-06 
1188.5 1.09693e-06 
1188.51 1.09627e-06 
1188.52 1.09561e-06 
1188.52 1.09495e-06 
1188.53 1.09429e-06 
1188.54 1.09363e-06 
1188.55 1.09297e-06 
1188.56 1.09231e-06 
1188.57 1.09165e-06 
1188.58 1.09099e-06 
1188.59 1.09033e-06 
1188.6 1.09035e-06 
1188.61 1.08969e-06 
1188.62 1.08903e-06 
1188.63 1.08837e-06 
1188.64 1.08771e-06 
1188.65 1.08705e-06 
1188.66 1.0864e-06 
1188.67 1.08574e-06 
1188.68 1.08508e-06 
1188.69 1.08443e-06 
1188.7 1.08377e-06 
1188.71 1.08311e-06 
1188.72 1.08246e-06 
1188.73 1.0818e-06 
1188.74 1.08115e-06 
1188.75 1.08049e-06 
1188.76 1.07984e-06 
1188.77 1.07918e-06 
1188.78 1.07853e-06 
1188.79 1.07788e-06 
1188.8 1.07722e-06 
1188.81 1.07657e-06 
1188.82 1.07592e-06 
1188.83 1.07526e-06 
1188.84 1.07461e-06 
1188.85 1.07396e-06 
1188.86 1.07331e-06 
1188.87 1.07265e-06 
1188.88 1.072e-06 
1188.89 1.07135e-06 
1188.9 1.0707e-06 
1188.91 1.07005e-06 
1188.92 1.0694e-06 
1188.93 1.06875e-06 
1188.94 1.0681e-06 
1188.94 1.06745e-06 
1188.95 1.0668e-06 
1188.96 1.06615e-06 
1188.97 1.0655e-06 
1188.98 1.06486e-06 
1188.99 1.06421e-06 
1189 1.06356e-06 
1189.01 1.06291e-06 
1189.02 1.06227e-06 
1189.03 1.06162e-06 
1189.04 1.06097e-06 
1189.05 1.06033e-06 
1189.06 1.05968e-06 
1189.07 1.05903e-06 
1189.08 1.05839e-06 
1189.09 1.05775e-06 
1189.1 1.0571e-06 
1189.11 1.05645e-06 
1189.12 1.05581e-06 
1189.13 1.05517e-06 
1189.14 1.05452e-06 
1189.15 1.05388e-06 
1189.16 1.05324e-06 
1189.17 1.05259e-06 
1189.18 1.05195e-06 
1189.19 1.05131e-06 
1189.2 1.05067e-06 
1189.21 1.05003e-06 
1189.22 1.04938e-06 
1189.23 1.04874e-06 
1189.24 1.0481e-06 
1189.25 1.04746e-06 
1189.26 1.04682e-06 
1189.27 1.04618e-06 
1189.28 1.04554e-06 
1189.29 1.0449e-06 
1189.3 1.04426e-06 
1189.31 1.04362e-06 
1189.32 1.04298e-06 
1189.33 1.04235e-06 
1189.34 1.04171e-06 
1189.35 1.04107e-06 
1189.36 1.04043e-06 
1189.36 1.03979e-06 
1189.37 1.03916e-06 
1189.38 1.03852e-06 
1189.39 1.03788e-06 
1189.4 1.03725e-06 
1189.41 1.03661e-06 
1189.42 1.03598e-06 
1189.43 1.03534e-06 
1189.44 1.03471e-06 
1189.45 1.03407e-06 
1189.46 1.03344e-06 
1189.47 1.03281e-06 
1189.48 1.03217e-06 
1189.49 1.03154e-06 
1189.5 1.03091e-06 
1189.51 1.03027e-06 
1189.52 1.02964e-06 
1189.53 1.02901e-06 
1189.54 1.02837e-06 
1189.55 1.02774e-06 
1189.56 1.02711e-06 
1189.57 1.02648e-06 
1189.58 1.02585e-06 
1189.59 1.02522e-06 
1189.6 1.02459e-06 
1189.61 1.02459e-06 
1189.62 1.02396e-06 
1189.63 1.02333e-06 
1189.64 1.0227e-06 
1189.65 1.02208e-06 
1189.66 1.02145e-06 
1189.67 1.02082e-06 
1189.68 1.02019e-06 
1189.69 1.01956e-06 
1189.7 1.01893e-06 
1189.71 1.01831e-06 
1189.72 1.01768e-06 
1189.73 1.01705e-06 
1189.74 1.01643e-06 
1189.75 1.0158e-06 
1189.76 1.01517e-06 
1189.77 1.01455e-06 
1189.78 1.01392e-06 
1189.79 1.0133e-06 
1189.79 1.01267e-06 
1189.8 1.01205e-06 
1189.81 1.01142e-06 
1189.82 1.0108e-06 
1189.83 1.01018e-06 
1189.84 1.00955e-06 
1189.85 1.00893e-06 
1189.86 1.00831e-06 
1189.87 1.00768e-06 
1189.88 1.00706e-06 
1189.89 1.00644e-06 
1189.9 1.00582e-06 
1189.91 1.0052e-06 
1189.92 1.00458e-06 
1189.93 1.00396e-06 
1189.94 1.00333e-06 
1189.95 1.00271e-06 
1189.96 1.0021e-06 
1189.97 1.00147e-06 
1189.98 1.00086e-06 
1189.99 1.00024e-06 
1190 9.99619e-07 
1190.01 9.99e-07 
1190.02 9.98383e-07 
1190.03 9.97765e-07 
1190.04 9.97147e-07 
1190.05 9.96529e-07 
1190.06 9.95913e-07 
1190.07 9.95296e-07 
1190.08 9.94678e-07 
1190.09 9.94064e-07 
1190.1 9.93448e-07 
1190.11 9.92832e-07 
1190.12 9.92217e-07 
1190.13 9.91601e-07 
1190.14 9.90987e-07 
1190.15 9.90373e-07 
1190.16 9.8976e-07 
1190.17 9.89146e-07 
1190.18 9.88533e-07 
1190.19 9.87921e-07 
1190.2 9.87307e-07 
1190.21 9.86694e-07 
1190.21 9.86082e-07 
1190.22 9.8547e-07 
1190.23 9.84858e-07 
1190.24 9.84248e-07 
1190.25 9.83636e-07 
1190.26 9.83025e-07 
1190.27 9.82415e-07 
1190.28 9.81805e-07 
1190.29 9.81194e-07 
1190.3 9.80586e-07 
1190.31 9.79976e-07 
1190.32 9.79368e-07 
1190.33 9.78759e-07 
1190.34 9.78151e-07 
1190.35 9.77543e-07 
1190.36 9.76935e-07 
1190.37 9.76326e-07 
1190.38 9.7572e-07 
1190.39 9.75114e-07 
1190.4 9.74507e-07 
1190.41 9.73901e-07 
1190.42 9.73295e-07 
1190.43 9.72689e-07 
1190.44 9.72085e-07 
1190.45 9.71479e-07 
1190.46 9.70874e-07 
1190.47 9.7027e-07 
1190.48 9.69666e-07 
1190.49 9.69062e-07 
1190.5 9.68459e-07 
1190.51 9.67855e-07 
1190.52 9.67253e-07 
1190.53 9.66649e-07 
1190.54 9.66048e-07 
1190.55 9.65446e-07 
1190.56 9.64843e-07 
1190.57 9.64242e-07 
1190.58 9.63641e-07 
1190.59 9.63041e-07 
1190.6 9.6244e-07 
1190.61 9.62436e-07 
1190.62 9.61836e-07 
1190.63 9.61236e-07 
1190.64 9.60636e-07 
1190.64 9.60035e-07 
1190.65 9.59437e-07 
1190.66 9.58839e-07 
1190.67 9.5824e-07 
1190.68 9.57641e-07 
1190.69 9.57044e-07 
1190.7 9.56445e-07 
1190.71 9.55848e-07 
1190.72 9.55251e-07 
1190.73 9.54655e-07 
1190.74 9.54059e-07 
1190.75 9.53463e-07 
1190.76 9.52867e-07 
1190.77 9.52272e-07 
1190.78 9.51677e-07 
1190.79 9.51081e-07 
1190.8 9.50487e-07 
1190.81 9.49892e-07 
1190.82 9.49298e-07 
1190.83 9.48706e-07 
1190.84 9.48112e-07 
1190.85 9.47517e-07 
1190.86 9.46925e-07 
1190.87 9.46333e-07 
1190.88 9.45741e-07 
1190.89 9.45148e-07 
1190.9 9.44557e-07 
1190.91 9.43967e-07 
1190.92 9.43376e-07 
1190.93 9.42785e-07 
1190.94 9.42194e-07 
1190.95 9.41603e-07 
1190.96 9.41015e-07 
1190.97 9.40425e-07 
1190.98 9.39836e-07 
1190.99 9.39247e-07 
1191 9.38658e-07 
1191.01 9.3807e-07 
1191.02 9.37481e-07 
1191.03 9.36895e-07 
1191.04 9.36308e-07 
1191.05 9.3572e-07 
1191.06 9.35134e-07 
1191.07 9.34547e-07 
1191.07 9.3396e-07 
1191.08 9.33375e-07 
1191.09 9.32789e-07 
1191.1 9.32204e-07 
1191.11 9.3162e-07 
1191.12 9.31034e-07 
1191.13 9.3045e-07 
1191.14 9.29866e-07 
1191.15 9.29283e-07 
1191.16 9.287e-07 
1191.17 9.28116e-07 
1191.18 9.27533e-07 
1191.19 9.2695e-07 
1191.2 9.26368e-07 
1191.21 9.25787e-07 
1191.22 9.25204e-07 
1191.23 9.24624e-07 
1191.24 9.24043e-07 
1191.25 9.23462e-07 
1191.26 9.22881e-07 
1191.27 9.22301e-07 
1191.28 9.21722e-07 
1191.29 9.21143e-07 
1191.3 9.20563e-07 
1191.31 9.19984e-07 
1191.32 9.19405e-07 
1191.33 9.18827e-07 
1191.34 9.18249e-07 
1191.35 9.17672e-07 
1191.36 9.17095e-07 
1191.37 9.16516e-07 
1191.38 9.15941e-07 
1191.39 9.15363e-07 
1191.4 9.14787e-07 
1191.41 9.14212e-07 
1191.42 9.13637e-07 
1191.43 9.1306e-07 
1191.44 9.12486e-07 
1191.45 9.11911e-07 
1191.46 9.11337e-07 
1191.47 9.10763e-07 
1191.48 9.10188e-07 
1191.49 9.09615e-07 
1191.49 9.09043e-07 
1191.5 9.08469e-07 
1191.51 9.07897e-07 
1191.52 9.07325e-07 
1191.53 9.06753e-07 
1191.54 9.06181e-07 
1191.55 9.0561e-07 
1191.56 9.05039e-07 
1191.57 9.04468e-07 
1191.58 9.03898e-07 
1191.59 9.03327e-07 
1191.6 9.03316e-07 
1191.61 9.02747e-07 
1191.62 9.02177e-07 
1191.63 9.01608e-07 
1191.64 9.01037e-07 
1191.65 9.0047e-07 
1191.66 8.99901e-07 
1191.67 8.99333e-07 
1191.68 8.98766e-07 
1191.69 8.98198e-07 
1191.7 8.97631e-07 
1191.71 8.97064e-07 
1191.72 8.96497e-07 
1191.73 8.9593e-07 
1191.74 8.95364e-07 
1191.75 8.94799e-07 
1191.76 8.94233e-07 
1191.77 8.93668e-07 
1191.78 8.93104e-07 
1191.79 8.92539e-07 
1191.8 8.91975e-07 
1191.81 8.91411e-07 
1191.82 8.90847e-07 
1191.83 8.90284e-07 
1191.84 8.89721e-07 
1191.85 8.89158e-07 
1191.86 8.88595e-07 
1191.87 8.88033e-07 
1191.88 8.87471e-07 
1191.89 8.8691e-07 
1191.9 8.86348e-07 
1191.91 8.85787e-07 
1191.92 8.85227e-07 
1191.92 8.84665e-07 
1191.93 8.84105e-07 
1191.94 8.83547e-07 
1191.95 8.82987e-07 
1191.96 8.82427e-07 
1191.97 8.81868e-07 
1191.98 8.8131e-07 
1191.99 8.80751e-07 
1192 8.80193e-07 
1192.01 8.79637e-07 
1192.02 8.79078e-07 
1192.03 8.78521e-07 
1192.04 8.77963e-07 
1192.05 8.77407e-07 
1192.06 8.76851e-07 
1192.07 8.76295e-07 
1192.08 8.75739e-07 
1192.09 8.75183e-07 
1192.1 8.74628e-07 
1192.11 8.74074e-07 
1192.12 8.73519e-07 
1192.13 8.72964e-07 
1192.14 8.7241e-07 
1192.15 8.71857e-07 
1192.16 8.71303e-07 
1192.17 8.70749e-07 
1192.18 8.70197e-07 
1192.19 8.69644e-07 
1192.2 8.69092e-07 
1192.21 8.6854e-07 
1192.22 8.67988e-07 
1192.23 8.67437e-07 
1192.24 8.66886e-07 
1192.25 8.66335e-07 
1192.26 8.65784e-07 
1192.27 8.65234e-07 
1192.28 8.64683e-07 
1192.29 8.64134e-07 
1192.3 8.63584e-07 
1192.31 8.63035e-07 
1192.32 8.62486e-07 
1192.33 8.61937e-07 
1192.34 8.61388e-07 
1192.34 8.60841e-07 
1192.35 8.60293e-07 
1192.36 8.59745e-07 
1192.37 8.59198e-07 
1192.38 8.58651e-07 
1192.39 8.58105e-07 
1192.4 8.57559e-07 
1192.41 8.57012e-07 
1192.42 8.56467e-07 
1192.43 8.55921e-07 
1192.44 8.55376e-07 
1192.45 8.54831e-07 
1192.46 8.54285e-07 
1192.47 8.53741e-07 
1192.48 8.53197e-07 
1192.49 8.52653e-07 
1192.5 8.52109e-07 
1192.51 8.51567e-07 
1192.52 8.51023e-07 
1192.53 8.5048e-07 
1192.54 8.49937e-07 
1192.55 8.49396e-07 
1192.56 8.48853e-07 
1192.57 8.48311e-07 
1192.58 8.47769e-07 
1192.59 8.47228e-07 
1192.6 8.46687e-07 
1192.61 8.4667e-07 
1192.62 8.4613e-07 
1192.63 8.4559e-07 
1192.64 8.45049e-07 
1192.65 8.44509e-07 
1192.66 8.43968e-07 
1192.67 8.43429e-07 
1192.68 8.4289e-07 
1192.69 8.42352e-07 
1192.7 8.41813e-07 
1192.71 8.41274e-07 
1192.72 8.40737e-07 
1192.73 8.40199e-07 
1192.74 8.39661e-07 
1192.75 8.39124e-07 
1192.76 8.38586e-07 
1192.77 8.3805e-07 
1192.77 8.37513e-07 
1192.78 8.36976e-07 
1192.79 8.36441e-07 
1192.8 8.35905e-07 
1192.81 8.35369e-07 
1192.82 8.34834e-07 
1192.83 8.343e-07 
1192.84 8.33764e-07 
1192.85 8.3323e-07 
1192.86 8.32696e-07 
1192.87 8.32162e-07 
1192.88 8.31628e-07 
1192.89 8.31093e-07 
1192.9 8.30561e-07 
1192.91 8.30028e-07 
1192.92 8.29495e-07 
1192.93 8.28963e-07 
1192.94 8.2843e-07 
1192.95 8.27898e-07 
1192.96 8.27366e-07 
1192.97 8.26835e-07 
1192.98 8.26304e-07 
1192.99 8.25773e-07 
1193 8.25241e-07 
1193.01 8.2471e-07 
1193.02 8.24181e-07 
1193.03 8.23651e-07 
1193.04 8.2312e-07 
1193.05 8.22591e-07 
1193.06 8.22062e-07 
1193.07 8.21531e-07 
1193.08 8.21003e-07 
1193.09 8.20475e-07 
1193.1 8.19947e-07 
1193.11 8.19418e-07 
1193.12 8.18891e-07 
1193.13 8.18362e-07 
1193.14 8.17835e-07 
1193.15 8.17307e-07 
1193.16 8.1678e-07 
1193.17 8.16253e-07 
1193.18 8.15727e-07 
1193.19 8.15199e-07 
1193.19 8.14674e-07 
1193.2 8.14147e-07 
1193.21 8.13622e-07 
1193.22 8.13096e-07 
1193.23 8.12572e-07 
1193.24 8.12046e-07 
1193.25 8.11521e-07 
1193.26 8.10996e-07 
1193.27 8.10473e-07 
1193.28 8.09947e-07 
1193.29 8.09423e-07 
1193.3 8.08901e-07 
1193.31 8.08376e-07 
1193.32 8.07853e-07 
1193.33 8.0733e-07 
1193.34 8.06808e-07 
1193.35 8.06284e-07 
1193.36 8.05762e-07 
1193.37 8.0524e-07 
1193.38 8.04717e-07 
1193.39 8.04194e-07 
1193.4 8.03673e-07 
1193.41 8.03152e-07 
1193.42 8.0263e-07 
1193.43 8.02109e-07 
1193.44 8.01588e-07 
1193.45 8.01068e-07 
1193.46 8.00547e-07 
1193.47 8.00026e-07 
1193.48 7.99506e-07 
1193.49 7.98986e-07 
1193.5 7.98467e-07 
1193.51 7.97947e-07 
1193.52 7.97428e-07 
1193.53 7.96908e-07 
1193.54 7.96389e-07 
1193.55 7.9587e-07 
1193.56 7.95352e-07 
1193.57 7.94834e-07 
1193.58 7.94315e-07 
1193.59 7.93797e-07 
1193.6 7.93279e-07 
1193.61 7.93252e-07 
1193.62 7.92734e-07 
1193.62 7.92216e-07 
1193.63 7.91698e-07 
1193.64 7.91181e-07 
1193.65 7.90664e-07 
1193.66 7.90147e-07 
1193.67 7.8963e-07 
1193.68 7.89114e-07 
1193.69 7.88597e-07 
1193.7 7.88079e-07 
1193.71 7.87564e-07 
1193.72 7.87048e-07 
1193.73 7.86532e-07 
1193.74 7.86016e-07 
1193.75 7.85501e-07 
1193.76 7.84984e-07 
1193.77 7.84469e-07 
1193.78 7.83955e-07 
1193.79 7.83439e-07 
1193.8 7.82925e-07 
1193.81 7.8241e-07 
1193.82 7.81895e-07 
1193.83 7.81381e-07 
1193.84 7.80867e-07 
1193.85 7.80352e-07 
1193.86 7.79839e-07 
1193.87 7.79325e-07 
1193.88 7.78811e-07 
1193.89 7.78297e-07 
1193.9 7.77784e-07 
1193.91 7.7727e-07 
1193.92 7.76757e-07 
1193.93 7.76244e-07 
1193.94 7.75732e-07 
1193.95 7.75219e-07 
1193.96 7.74705e-07 
1193.97 7.74194e-07 
1193.98 7.73681e-07 
1193.99 7.73169e-07 
1194 7.72657e-07 
1194.01 7.72144e-07 
1194.02 7.71633e-07 
1194.03 7.7112e-07 
1194.04 7.70609e-07 
1194.05 7.70097e-07 
1194.05 7.69585e-07 
1194.06 7.69075e-07 
1194.07 7.68563e-07 
1194.08 7.68051e-07 
1194.09 7.67541e-07 
1194.1 7.6703e-07 
1194.11 7.66519e-07 
1194.12 7.66008e-07 
1194.13 7.65497e-07 
1194.14 7.64987e-07 
1194.15 7.64477e-07 
1194.16 7.63965e-07 
1194.17 7.63456e-07 
1194.18 7.62945e-07 
1194.19 7.62434e-07 
1194.2 7.61924e-07 
1194.21 7.61414e-07 
1194.22 7.60904e-07 
1194.23 7.60395e-07 
1194.24 7.59884e-07 
1194.25 7.59376e-07 
1194.26 7.58865e-07 
1194.27 7.58355e-07 
1194.28 7.57845e-07 
1194.29 7.57335e-07 
1194.3 7.56826e-07 
1194.31 7.56317e-07 
1194.32 7.55809e-07 
1194.33 7.55299e-07 
1194.34 7.54789e-07 
1194.35 7.5428e-07 
1194.36 7.53771e-07 
1194.37 7.53262e-07 
1194.38 7.52752e-07 
1194.39 7.52244e-07 
1194.4 7.51735e-07 
1194.41 7.51226e-07 
1194.42 7.50717e-07 
1194.43 7.50208e-07 
1194.44 7.49699e-07 
1194.45 7.49191e-07 
1194.46 7.48682e-07 
1194.47 7.48173e-07 
1194.47 7.47665e-07 
1194.48 7.47155e-07 
1194.49 7.46647e-07 
1194.5 7.46138e-07 
1194.51 7.4563e-07 
1194.52 7.45121e-07 
1194.53 7.44612e-07 
1194.54 7.44103e-07 
1194.55 7.43595e-07 
1194.56 7.43086e-07 
1194.57 7.42577e-07 
1194.58 7.4207e-07 
1194.59 7.41561e-07 
1194.6 7.41052e-07 
1194.61 7.41001e-07 
1194.62 7.40492e-07 
1194.63 7.39982e-07 
1194.64 7.39473e-07 
1194.65 7.38965e-07 
1194.66 7.38456e-07 
1194.67 7.37947e-07 
1194.68 7.37438e-07 
1194.69 7.36929e-07 
1194.7 7.36418e-07 
1194.71 7.35909e-07 
1194.72 7.354e-07 
1194.73 7.34891e-07 
1194.74 7.34382e-07 
1194.75 7.33872e-07 
1194.76 7.33362e-07 
1194.77 7.32852e-07 
1194.78 7.32343e-07 
1194.79 7.31834e-07 
1194.8 7.31324e-07 
1194.81 7.30815e-07 
1194.82 7.30304e-07 
1194.83 7.29795e-07 
1194.84 7.29284e-07 
1194.85 7.28775e-07 
1194.86 7.28264e-07 
1194.87 7.27755e-07 
1194.88 7.27244e-07 
1194.89 7.26734e-07 
1194.9 7.26223e-07 
1194.9 7.25713e-07 
1194.91 7.25202e-07 
1194.92 7.24691e-07 
1194.93 7.2418e-07 
1194.94 7.2367e-07 
1194.95 7.23159e-07 
1194.96 7.22647e-07 
1194.97 7.22136e-07 
1194.98 7.21625e-07 
1194.99 7.21113e-07 
1195 7.20602e-07 
1195.01 7.2009e-07 
1195.02 7.19579e-07 
1195.03 7.19067e-07 
1195.04 7.18555e-07 
1195.05 7.18042e-07 
1195.06 7.17529e-07 
1195.07 7.17017e-07 
1195.08 7.16505e-07 
1195.09 7.15992e-07 
1195.1 7.15479e-07 
1195.11 7.14966e-07 
1195.12 7.14453e-07 
1195.13 7.13939e-07 
1195.14 7.13426e-07 
1195.15 7.12912e-07 
1195.16 7.12398e-07 
1195.17 7.11884e-07 
1195.18 7.1137e-07 
1195.19 7.10855e-07 
1195.2 7.10341e-07 
1195.21 7.09826e-07 
1195.22 7.09311e-07 
1195.23 7.08796e-07 
1195.24 7.08281e-07 
1195.25 7.07765e-07 
1195.26 7.0725e-07 
1195.27 7.06734e-07 
1195.28 7.06217e-07 
1195.29 7.05701e-07 
1195.3 7.05184e-07 
1195.31 7.04667e-07 
1195.32 7.0415e-07 
1195.32 7.03633e-07 
1195.33 7.03116e-07 
1195.34 7.02599e-07 
1195.35 7.02081e-07 
1195.36 7.01562e-07 
1195.37 7.01044e-07 
1195.38 7.00525e-07 
1195.39 7.00006e-07 
1195.4 6.99487e-07 
1195.41 6.98968e-07 
1195.42 6.98448e-07 
1195.43 6.97929e-07 
1195.44 6.97408e-07 
1195.45 6.96888e-07 
1195.46 6.96367e-07 
1195.47 6.95847e-07 
1195.48 6.95325e-07 
1195.49 6.94804e-07 
1195.5 6.94282e-07 
1195.51 6.93759e-07 
1195.52 6.93238e-07 
1195.53 6.92716e-07 
1195.54 6.92192e-07 
1195.55 6.91669e-07 
1195.56 6.91146e-07 
1195.57 6.90621e-07 
1195.58 6.90097e-07 
1195.59 6.89573e-07 
1195.6 6.89048e-07 
1195.61 6.88948e-07 
1195.62 6.88422e-07 
1195.63 6.87896e-07 
1195.64 6.8737e-07 
1195.65 6.86842e-07 
1195.66 6.86315e-07 
1195.67 6.85788e-07 
1195.68 6.8526e-07 
1195.69 6.84732e-07 
1195.7 6.84203e-07 
1195.71 6.83674e-07 
1195.72 6.83144e-07 
1195.73 6.82615e-07 
1195.74 6.82085e-07 
1195.75 6.81555e-07 
1195.75 6.81024e-07 
1195.76 6.80493e-07 
1195.77 6.79961e-07 
1195.78 6.79429e-07 
1195.79 6.78897e-07 
1195.8 6.78364e-07 
1195.81 6.77832e-07 
1195.82 6.77298e-07 
1195.83 6.76764e-07 
1195.84 6.76229e-07 
1195.85 6.75695e-07 
1195.86 6.7516e-07 
1195.87 6.74623e-07 
1195.88 6.74088e-07 
1195.89 6.73551e-07 
1195.9 6.73014e-07 
1195.91 6.72477e-07 
1195.92 6.7194e-07 
1195.93 6.71401e-07 
1195.94 6.70862e-07 
1195.95 6.70323e-07 
1195.96 6.69784e-07 
1195.97 6.69244e-07 
1195.98 6.68703e-07 
1195.99 6.68162e-07 
1196 6.67621e-07 
1196.01 6.67079e-07 
1196.02 6.66536e-07 
1196.03 6.65993e-07 
1196.04 6.6545e-07 
1196.05 6.64906e-07 
1196.06 6.64362e-07 
1196.07 6.63817e-07 
1196.08 6.63272e-07 
1196.09 6.62727e-07 
1196.1 6.62181e-07 
1196.11 6.61634e-07 
1196.12 6.61086e-07 
1196.13 6.60539e-07 
1196.14 6.59991e-07 
1196.15 6.59442e-07 
1196.16 6.58892e-07 
1196.17 6.58343e-07 
1196.17 6.57792e-07 
1196.18 6.57242e-07 
1196.19 6.56691e-07 
1196.2 6.56139e-07 
1196.21 6.55587e-07 
1196.22 6.55034e-07 
1196.23 6.54481e-07 
1196.24 6.53927e-07 
1196.25 6.53373e-07 
1196.26 6.52818e-07 
1196.27 6.52263e-07 
1196.28 6.51708e-07 
1196.29 6.51152e-07 
1196.3 6.50595e-07 
1196.31 6.50038e-07 
1196.32 6.4948e-07 
1196.33 6.48922e-07 
1196.34 6.48364e-07 
1196.35 6.47805e-07 
1196.36 6.47245e-07 
1196.37 6.46685e-07 
1196.38 6.46125e-07 
1196.39 6.45565e-07 
1196.4 6.45003e-07 
1196.41 6.44441e-07 
1196.42 6.4388e-07 
1196.43 6.43317e-07 
1196.44 6.42754e-07 
1196.45 6.42191e-07 
1196.46 6.41629e-07 
1196.47 6.41064e-07 
1196.48 6.40501e-07 
1196.49 6.39936e-07 
1196.5 6.39372e-07 
1196.51 6.38807e-07 
1196.52 6.38242e-07 
1196.53 6.37677e-07 
1196.54 6.37111e-07 
1196.55 6.36546e-07 
1196.56 6.3598e-07 
1196.57 6.35415e-07 
1196.58 6.34848e-07 
1196.59 6.34282e-07 
1196.6 6.33716e-07 
1196.6 6.33541e-07 
1196.61 6.32974e-07 
1196.62 6.32409e-07 
1196.63 6.31843e-07 
1196.64 6.31277e-07 
1196.65 6.30712e-07 
1196.66 6.30146e-07 
1196.67 6.29582e-07 
1196.68 6.29017e-07 
1196.69 6.28453e-07 
1196.7 6.2789e-07 
1196.71 6.27327e-07 
1196.72 6.26765e-07 
1196.73 6.26203e-07 
1196.74 6.25642e-07 
1196.75 6.25083e-07 
1196.76 6.24524e-07 
1196.77 6.23965e-07 
1196.78 6.23408e-07 
1196.79 6.22853e-07 
1196.8 6.22299e-07 
1196.81 6.21746e-07 
1196.82 6.21194e-07 
1196.83 6.20644e-07 
1196.84 6.20096e-07 
1196.85 6.1955e-07 
1196.86 6.19005e-07 
1196.87 6.18462e-07 
1196.88 6.17922e-07 
1196.89 6.17385e-07 
1196.9 6.16849e-07 
1196.91 6.16317e-07 
1196.92 6.15787e-07 
1196.93 6.1526e-07 
1196.94 6.14736e-07 
1196.95 6.14216e-07 
1196.96 6.13698e-07 
1196.97 6.13185e-07 
1196.98 6.12676e-07 
1196.99 6.12171e-07 
1197 6.1167e-07 
1197.01 6.11173e-07 
1197.02 6.10681e-07 
1197.03 6.10194e-07 
1197.03 6.09712e-07 
1197.04 6.09235e-07 
1197.05 6.08764e-07 
1197.06 6.083e-07 
1197.07 6.0784e-07 
1197.08 6.07388e-07 
1197.09 6.06943e-07 
1197.1 6.06504e-07 
1197.11 6.06073e-07 
1197.12 6.0565e-07 
1197.13 6.05235e-07 
1197.14 6.04828e-07 
1197.15 6.0443e-07 
1197.16 6.04041e-07 
1197.17 6.03662e-07 
1197.18 6.03293e-07 
1197.19 6.02934e-07 
1197.2 6.02585e-07 
1197.21 6.02248e-07 
1197.22 6.01922e-07 
1197.23 6.01613e-07 
1197.24 6.01312e-07 
1197.25 6.01024e-07 
1197.26 6.00749e-07 
1197.27 6.00488e-07 
1197.28 6.00242e-07 
1197.29 6.00011e-07 
1197.3 5.99795e-07 
1197.31 5.99596e-07 
1197.32 5.99413e-07 
1197.33 5.99247e-07 
1197.34 5.99098e-07 
1197.35 5.98968e-07 
1197.36 5.98858e-07 
1197.37 5.98766e-07 
1197.38 5.98696e-07 
1197.39 5.98646e-07 
1197.4 5.98617e-07 
1197.41 5.98612e-07 
1197.42 5.98629e-07 
1197.43 5.98669e-07 
1197.44 5.98735e-07 
1197.45 5.98825e-07 
1197.45 5.98941e-07 
1197.46 5.99085e-07 
1197.47 5.99255e-07 
1197.48 5.99465e-07 
1197.49 5.99693e-07 
1197.5 5.99951e-07 
1197.51 6.0024e-07 
1197.52 6.0056e-07 
1197.53 6.00913e-07 
1197.54 6.01299e-07 
1197.55 6.0172e-07 
1197.56 6.02175e-07 
1197.57 6.02667e-07 
1197.58 6.03195e-07 
1197.59 6.03761e-07 
1197.6 6.04366e-07 
1197.61 6.05383e-07 
1197.62 6.06069e-07 
1197.63 6.06795e-07 
1197.64 6.07565e-07 
1197.65 6.08378e-07 
1197.66 6.09236e-07 
1197.67 6.10138e-07 
1197.68 6.11088e-07 
1197.69 6.12085e-07 
1197.7 6.1313e-07 
1197.71 6.14225e-07 
1197.72 6.1537e-07 
1197.73 6.16591e-07 
1197.74 6.1784e-07 
1197.75 6.19143e-07 
1197.76 6.205e-07 
1197.77 6.21913e-07 
1197.78 6.23382e-07 
1197.79 6.24908e-07 
1197.8 6.26493e-07 
1197.81 6.28136e-07 
1197.82 6.29841e-07 
1197.83 6.31606e-07 
1197.84 6.33433e-07 
1197.85 6.35324e-07 
1197.86 6.37278e-07 
1197.87 6.39297e-07 
1197.88 6.41382e-07 
1197.88 6.43533e-07 
1197.89 6.45752e-07 
1197.9 6.48039e-07 
1197.91 6.50395e-07 
1197.92 6.52821e-07 
1197.93 6.55318e-07 
1197.94 6.57887e-07 
1197.95 6.60526e-07 
1197.96 6.63239e-07 
1197.97 6.66025e-07 
1197.98 6.68931e-07 
1197.99 6.71867e-07 
1198 6.74877e-07 
1198.01 6.77964e-07 
1198.02 6.81127e-07 
1198.03 6.84367e-07 
1198.04 6.87683e-07 
1198.05 6.91078e-07 
1198.06 6.9455e-07 
1198.07 6.981e-07 
1198.08 7.01728e-07 
1198.09 7.05435e-07 
1198.1 7.0922e-07 
1198.11 7.13085e-07 
1198.12 7.17028e-07 
1198.13 7.2105e-07 
1198.14 7.2515e-07 
1198.15 7.2933e-07 
1198.16 7.33588e-07 
1198.17 7.37924e-07 
1198.18 7.42338e-07 
1198.19 7.4683e-07 
1198.2 7.51399e-07 
1198.21 7.56045e-07 
1198.22 7.60767e-07 
1198.23 7.65635e-07 
1198.24 7.70509e-07 
1198.25 7.75457e-07 
1198.26 7.80479e-07 
1198.27 7.85573e-07 
1198.28 7.9074e-07 
1198.29 7.95977e-07 
1198.3 8.01284e-07 
1198.3 8.0666e-07 
1198.31 8.12103e-07 
1198.32 8.17612e-07 
1198.33 8.23186e-07 
1198.34 8.28824e-07 
1198.35 8.34523e-07 
1198.36 8.40283e-07 
1198.37 8.46103e-07 
1198.38 8.51978e-07 
1198.39 8.5791e-07 
1198.4 8.63895e-07 
1198.41 8.69932e-07 
1198.42 8.76018e-07 
1198.43 8.82153e-07 
1198.44 8.88333e-07 
1198.45 8.94556e-07 
1198.46 9.00821e-07 
1198.47 9.07124e-07 
1198.48 9.13553e-07 
1198.49 9.19927e-07 
1198.5 9.26333e-07 
1198.51 9.32768e-07 
1198.52 9.39229e-07 
1198.53 9.45714e-07 
1198.54 9.52219e-07 
1198.55 9.58743e-07 
1198.56 9.65282e-07 
1198.57 9.71833e-07 
1198.58 9.78393e-07 
1198.59 9.84961e-07 
1198.6 9.91532e-07 
1198.61 9.98718e-07 
1198.62 1.00529e-06 
1198.63 1.01186e-06 
1198.64 1.01841e-06 
1198.65 1.02495e-06 
1198.66 1.03148e-06 
1198.67 1.03799e-06 
1198.68 1.04448e-06 
1198.69 1.05094e-06 
1198.7 1.05737e-06 
1198.71 1.06377e-06 
1198.72 1.07013e-06 
1198.73 1.07654e-06 
1198.73 1.08282e-06 
1198.74 1.08905e-06 
1198.75 1.09523e-06 
1198.76 1.10136e-06 
1198.77 1.10743e-06 
1198.78 1.11344e-06 
1198.79 1.11939e-06 
1198.8 1.12527e-06 
1198.81 1.13108e-06 
1198.82 1.13681e-06 
1198.83 1.14247e-06 
1198.84 1.14805e-06 
1198.85 1.15354e-06 
1198.86 1.15894e-06 
1198.87 1.16425e-06 
1198.88 1.16947e-06 
1198.89 1.17459e-06 
1198.9 1.17961e-06 
1198.91 1.18453e-06 
1198.92 1.18934e-06 
1198.93 1.19404e-06 
1198.94 1.19863e-06 
1198.95 1.2031e-06 
1198.96 1.20745e-06 
1198.97 1.21169e-06 
1198.98 1.21586e-06 
1198.99 1.21984e-06 
1199 1.22369e-06 
1199.01 1.22741e-06 
1199.02 1.231e-06 
1199.03 1.23445e-06 
1199.04 1.23777e-06 
1199.05 1.24094e-06 
1199.06 1.24397e-06 
1199.07 1.24686e-06 
1199.08 1.24961e-06 
1199.09 1.2522e-06 
1199.1 1.25465e-06 
1199.11 1.25694e-06 
1199.12 1.25909e-06 
1199.13 1.26108e-06 
1199.14 1.26291e-06 
1199.15 1.26459e-06 
1199.15 1.26612e-06 
1199.16 1.26749e-06 
1199.17 1.2687e-06 
1199.18 1.26975e-06 
1199.19 1.27064e-06 
1199.2 1.27137e-06 
1199.21 1.27195e-06 
1199.22 1.27237e-06 
1199.23 1.27263e-06 
1199.24 1.27272e-06 
1199.25 1.27265e-06 
1199.26 1.27243e-06 
1199.27 1.27204e-06 
1199.28 1.2715e-06 
1199.29 1.2708e-06 
1199.3 1.26995e-06 
1199.31 1.26894e-06 
1199.32 1.26777e-06 
1199.33 1.26646e-06 
1199.34 1.26499e-06 
1199.35 1.26336e-06 
1199.36 1.26159e-06 
1199.37 1.25968e-06 
1199.38 1.25762e-06 
1199.39 1.25541e-06 
1199.4 1.25306e-06 
1199.41 1.25057e-06 
1199.42 1.24794e-06 
1199.43 1.24518e-06 
1199.44 1.24229e-06 
1199.45 1.23926e-06 
1199.46 1.2361e-06 
1199.47 1.23282e-06 
1199.48 1.22938e-06 
1199.49 1.22586e-06 
1199.5 1.22221e-06 
1199.51 1.21845e-06 
1199.52 1.21458e-06 
1199.53 1.2106e-06 
1199.54 1.20651e-06 
1199.55 1.20232e-06 
1199.56 1.19803e-06 
1199.57 1.19364e-06 
1199.58 1.18916e-06 
1199.58 1.18459e-06 
1199.59 1.17993e-06 
1199.6 1.17519e-06 
1199.61 1.17109e-06 
1199.62 1.16619e-06 
1199.63 1.16122e-06 
1199.64 1.15618e-06 
1199.65 1.15107e-06 
1199.66 1.1459e-06 
1199.67 1.14067e-06 
1199.68 1.13538e-06 
1199.69 1.13004e-06 
1199.7 1.12465e-06 
1199.71 1.11922e-06 
1199.72 1.11375e-06 
1199.73 1.10818e-06 
1199.74 1.10263e-06 
1199.75 1.09706e-06 
1199.76 1.09145e-06 
1199.77 1.08582e-06 
1199.78 1.08017e-06 
1199.79 1.07451e-06 
1199.8 1.06882e-06 
1199.81 1.06313e-06 
1199.82 1.05743e-06 
1199.83 1.05173e-06 
1199.84 1.04602e-06 
1199.85 1.04031e-06 
1199.86 1.03462e-06 
1199.87 1.02892e-06 
1199.88 1.02324e-06 
1199.89 1.01758e-06 
1199.9 1.01193e-06 
1199.91 1.00629e-06 
1199.92 1.00068e-06 
1199.93 9.95097e-07 
1199.94 9.89539e-07 
1199.95 9.84009e-07 
1199.96 9.78512e-07 
1199.97 9.73049e-07 
1199.98 9.67567e-07 
1199.99 9.6218e-07 
1200 9.56834e-07 
1200.01 9.51531e-07 
1200.01 9.46272e-07 
1200.02 9.41061e-07 
1200.03 9.35899e-07 
1200.04 9.30787e-07 
1200.05 9.25728e-07 
1200.06 9.20722e-07 
1200.07 9.15772e-07 
1200.08 9.1088e-07 
1200.09 9.06045e-07 
1200.1 9.01272e-07 
1200.11 8.96559e-07 
1200.12 8.91909e-07 
1200.13 8.87323e-07 
1200.14 8.82802e-07 
1200.15 8.78347e-07 
1200.16 8.73959e-07 
1200.17 8.69639e-07 
1200.18 8.65389e-07 
1200.19 8.61208e-07 
1200.2 8.571e-07 
1200.21 8.53062e-07 
1200.22 8.49097e-07 
1200.23 8.4517e-07 
1200.24 8.41354e-07 
1200.25 8.37613e-07 
1200.26 8.33947e-07 
1200.27 8.30358e-07 
1200.28 8.26846e-07 
1200.29 8.23411e-07 
1200.3 8.20055e-07 
1200.31 8.16779e-07 
1200.32 8.13582e-07 
1200.33 8.10464e-07 
1200.34 8.07428e-07 
1200.35 8.04474e-07 
1200.36 8.01603e-07 
1200.37 7.98814e-07 
1200.38 7.96109e-07 
1200.39 7.9349e-07 
1200.4 7.90956e-07 
1200.41 7.88508e-07 
1200.42 7.86147e-07 
1200.43 7.83875e-07 
1200.43 7.81692e-07 
1200.44 7.796e-07 
1200.45 7.77598e-07 
1200.46 7.7569e-07 
1200.47 7.73875e-07 
1200.48 7.72147e-07 
1200.49 7.70525e-07 
1200.5 7.69001e-07 
1200.51 7.67576e-07 
1200.52 7.66252e-07 
1200.53 7.65031e-07 
1200.54 7.63915e-07 
1200.55 7.62905e-07 
1200.56 7.62002e-07 
1200.57 7.61211e-07 
1200.58 7.60532e-07 
1200.59 7.59967e-07 
1200.6 7.59519e-07 
1200.61 7.59658e-07 
1200.62 7.59452e-07 
1200.63 7.5937e-07 
1200.64 7.59415e-07 
1200.65 7.59591e-07 
1200.66 7.599e-07 
1200.67 7.60345e-07 
1200.68 7.60929e-07 
1200.69 7.61657e-07 
1200.7 7.62529e-07 
1200.71 7.63551e-07 
1200.72 7.64726e-07 
1200.73 7.66088e-07 
1200.74 7.67582e-07 
1200.75 7.69239e-07 
1200.76 7.71064e-07 
1200.77 7.73062e-07 
1200.78 7.75235e-07 
1200.79 7.77588e-07 
1200.8 7.80126e-07 
1200.81 7.82852e-07 
1200.82 7.85771e-07 
1200.83 7.88887e-07 
1200.84 7.92205e-07 
1200.85 7.9573e-07 
1200.85 7.99465e-07 
1200.86 8.03416e-07 
1200.87 8.07587e-07 
1200.88 8.11983e-07 
1200.89 8.16608e-07 
1200.9 8.21467e-07 
1200.91 8.26565e-07 
1200.92 8.31906e-07 
1200.93 8.37496e-07 
1200.94 8.43337e-07 
1200.95 8.49437e-07 
1200.96 8.55798e-07 
1200.97 8.62426e-07 
1200.98 8.69427e-07 
1200.99 8.76604e-07 
1201 8.84062e-07 
1201.01 8.91803e-07 
1201.02 8.99832e-07 
1201.03 9.08153e-07 
1201.04 9.1677e-07 
1201.05 9.25687e-07 
1201.06 9.34907e-07 
1201.07 9.44434e-07 
1201.08 9.54271e-07 
1201.09 9.64422e-07 
1201.1 9.7489e-07 
1201.11 9.85676e-07 
1201.12 9.96785e-07 
1201.13 1.00822e-06 
1201.14 1.01998e-06 
1201.15 1.03207e-06 
1201.16 1.04448e-06 
1201.17 1.05723e-06 
1201.18 1.07032e-06 
1201.19 1.08373e-06 
1201.2 1.09749e-06 
1201.21 1.11157e-06 
1201.22 1.12599e-06 
1201.23 1.14095e-06 
1201.24 1.15605e-06 
1201.25 1.17148e-06 
1201.26 1.18724e-06 
1201.27 1.20333e-06 
1201.28 1.21976e-06 
1201.28 1.23651e-06 
1201.29 1.25358e-06 
1201.3 1.27098e-06 
1201.31 1.28869e-06 
1201.32 1.30672e-06 
1201.33 1.32507e-06 
1201.34 1.34372e-06 
1201.35 1.36267e-06 
1201.36 1.38192e-06 
1201.37 1.40146e-06 
1201.38 1.42128e-06 
1201.39 1.44139e-06 
1201.4 1.46177e-06 
1201.41 1.48242e-06 
1201.42 1.50333e-06 
1201.43 1.52449e-06 
1201.44 1.5459e-06 
1201.45 1.56754e-06 
1201.46 1.58941e-06 
1201.47 1.6115e-06 
1201.48 1.63409e-06 
1201.49 1.65659e-06 
1201.5 1.67928e-06 
1201.51 1.70215e-06 
1201.52 1.72519e-06 
1201.53 1.74839e-06 
1201.54 1.77174e-06 
1201.55 1.79522e-06 
1201.56 1.81882e-06 
1201.57 1.84255e-06 
1201.58 1.86637e-06 
1201.59 1.89028e-06 
1201.6 1.91426e-06 
1201.61 1.93951e-06 
1201.62 1.96362e-06 
1201.63 1.98778e-06 
1201.64 2.01196e-06 
1201.65 2.03616e-06 
1201.66 2.06035e-06 
1201.67 2.08453e-06 
1201.68 2.10868e-06 
1201.69 2.1328e-06 
1201.7 2.15686e-06 
1201.7 2.18085e-06 
1201.71 2.20477e-06 
1201.72 2.2289e-06 
1201.73 2.25262e-06 
1201.74 2.27621e-06 
1201.75 2.29968e-06 
1201.76 2.323e-06 
1201.77 2.34616e-06 
1201.78 2.36916e-06 
1201.79 2.39197e-06 
1201.8 2.4146e-06 
1201.81 2.43701e-06 
1201.82 2.45921e-06 
1201.83 2.48119e-06 
1201.84 2.50293e-06 
1201.85 2.52442e-06 
1201.86 2.54565e-06 
1201.87 2.56662e-06 
1201.88 2.58731e-06 
1201.89 2.60772e-06 
1201.9 2.62784e-06 
1201.91 2.64765e-06 
1201.92 2.66716e-06 
1201.93 2.68635e-06 
1201.94 2.70522e-06 
1201.95 2.72376e-06 
1201.96 2.74198e-06 
1201.97 2.75986e-06 
1201.98 2.77762e-06 
1201.99 2.79481e-06 
1202 2.81165e-06 
1202.01 2.82814e-06 
1202.02 2.84428e-06 
1202.03 2.86006e-06 
1202.04 2.87549e-06 
1202.05 2.89057e-06 
1202.06 2.90529e-06 
1202.07 2.91966e-06 
1202.08 2.93368e-06 
1202.09 2.94736e-06 
1202.1 2.96069e-06 
1202.11 2.97368e-06 
1202.12 2.98633e-06 
1202.13 2.99865e-06 
1202.13 3.01064e-06 
1202.14 3.02231e-06 
1202.15 3.03367e-06 
1202.16 3.04473e-06 
1202.17 3.05548e-06 
1202.18 3.06594e-06 
1202.19 3.07612e-06 
1202.2 3.08603e-06 
1202.21 3.09567e-06 
1202.22 3.10518e-06 
1202.23 3.11433e-06 
1202.24 3.12324e-06 
1202.25 3.13193e-06 
1202.26 3.14042e-06 
1202.27 3.14871e-06 
1202.28 3.15681e-06 
1202.29 3.16474e-06 
1202.3 3.17251e-06 
1202.31 3.18014e-06 
1202.32 3.18764e-06 
1202.33 3.19502e-06 
1202.34 3.2023e-06 
1202.35 3.20948e-06 
1202.36 3.21659e-06 
1202.37 3.22364e-06 
1202.38 3.23064e-06 
1202.39 3.23761e-06 
1202.4 3.24456e-06 
1202.41 3.2515e-06 
1202.42 3.25845e-06 
1202.43 3.26542e-06 
1202.44 3.27243e-06 
1202.45 3.27949e-06 
1202.46 3.28661e-06 
1202.47 3.29381e-06 
1202.48 3.3012e-06 
1202.49 3.30859e-06 
1202.5 3.31609e-06 
1202.51 3.32371e-06 
1202.52 3.33147e-06 
1202.53 3.33937e-06 
1202.54 3.34743e-06 
1202.55 3.35567e-06 
1202.56 3.36406e-06 
1202.56 3.37265e-06 
1202.57 3.38144e-06 
1202.58 3.39041e-06 
1202.59 3.39959e-06 
1202.6 3.40899e-06 
1202.61 3.42071e-06 
1202.62 3.43055e-06 
1202.63 3.44062e-06 
1202.64 3.45091e-06 
1202.65 3.46144e-06 
1202.66 3.47221e-06 
1202.67 3.48321e-06 
1202.68 3.49444e-06 
1202.69 3.50591e-06 
1202.7 3.51761e-06 
1202.71 3.52954e-06 
1202.72 3.5417e-06 
1202.73 3.55425e-06 
1202.74 3.56686e-06 
1202.75 3.57968e-06 
1202.76 3.59271e-06 
1202.77 3.60593e-06 
1202.78 3.61935e-06 
1202.79 3.63296e-06 
1202.8 3.64673e-06 
1202.81 3.66067e-06 
1202.82 3.67476e-06 
1202.83 3.68899e-06 
1202.84 3.70335e-06 
1202.85 3.71782e-06 
1202.86 3.73239e-06 
1202.87 3.74704e-06 
1202.88 3.76177e-06 
1202.89 3.77654e-06 
1202.9 3.79136e-06 
1202.91 3.80619e-06 
1202.92 3.82102e-06 
1202.93 3.83583e-06 
1202.94 3.85061e-06 
1202.95 3.86533e-06 
1202.96 3.87997e-06 
1202.97 3.89452e-06 
1202.98 3.90895e-06 
1202.98 3.92342e-06 
1202.99 3.93755e-06 
1203 3.95149e-06 
1203.01 3.96522e-06 
1203.02 3.97874e-06 
1203.03 3.99199e-06 
1203.04 4.00498e-06 
1203.05 4.01766e-06 
1203.06 4.03003e-06 
1203.07 4.04207e-06 
1203.08 4.05373e-06 
1203.09 4.06501e-06 
1203.1 4.07588e-06 
1203.11 4.08632e-06 
1203.12 4.0963e-06 
1203.13 4.1058e-06 
1203.14 4.11481e-06 
1203.15 4.1233e-06 
1203.16 4.13124e-06 
1203.17 4.13862e-06 
1203.18 4.14543e-06 
1203.19 4.15162e-06 
1203.2 4.1572e-06 
1203.21 4.16213e-06 
1203.22 4.1664e-06 
1203.23 4.17004e-06 
1203.24 4.17293e-06 
1203.25 4.17511e-06 
1203.26 4.17656e-06 
1203.27 4.17726e-06 
1203.28 4.17721e-06 
1203.29 4.17638e-06 
1203.3 4.17477e-06 
1203.31 4.17236e-06 
1203.32 4.16914e-06 
1203.33 4.1651e-06 
1203.34 4.16023e-06 
1203.35 4.15452e-06 
1203.36 4.14796e-06 
1203.37 4.14056e-06 
1203.38 4.13228e-06 
1203.39 4.12315e-06 
1203.4 4.11314e-06 
1203.41 4.10225e-06 
1203.41 4.09049e-06 
1203.42 4.07786e-06 
1203.43 4.06434e-06 
1203.44 4.04994e-06 
1203.45 4.03467e-06 
1203.46 4.01852e-06 
1203.47 4.0015e-06 
1203.48 3.98339e-06 
1203.49 3.96463e-06 
1203.5 3.945e-06 
1203.51 3.92453e-06 
1203.52 3.90321e-06 
1203.53 3.88107e-06 
1203.54 3.8581e-06 
1203.55 3.83431e-06 
1203.56 3.80972e-06 
1203.57 3.78433e-06 
1203.58 3.75817e-06 
1203.59 3.73124e-06 
1203.6 3.70356e-06 
1203.61 3.67741e-06 
1203.62 3.64825e-06 
1203.63 3.6184e-06 
1203.64 3.58785e-06 
1203.65 3.55664e-06 
1203.66 3.52478e-06 
1203.67 3.49228e-06 
1203.68 3.45917e-06 
1203.69 3.42547e-06 
1203.7 3.3912e-06 
1203.71 3.35636e-06 
1203.72 3.321e-06 
1203.73 3.28469e-06 
1203.74 3.24833e-06 
1203.75 3.21151e-06 
1203.76 3.17424e-06 
1203.77 3.13655e-06 
1203.78 3.09848e-06 
1203.79 3.06002e-06 
1203.8 3.02122e-06 
1203.81 2.98209e-06 
1203.82 2.94267e-06 
1203.83 2.90296e-06 
1203.83 2.863e-06 
1203.84 2.82281e-06 
1203.85 2.78241e-06 
1203.86 2.74183e-06 
1203.87 2.7011e-06 
1203.88 2.66022e-06 
1203.89 2.61924e-06 
1203.9 2.57817e-06 
1203.91 2.53703e-06 
1203.92 2.49585e-06 
1203.93 2.45465e-06 
1203.94 2.41345e-06 
1203.95 2.37228e-06 
1203.96 2.33115e-06 
1203.97 2.29008e-06 
1203.98 2.2486e-06 
1203.99 2.20774e-06 
1204 2.16701e-06 
1204.01 2.12642e-06 
1204.02 2.08601e-06 
1204.03 2.04579e-06 
1204.04 2.00576e-06 
1204.05 1.96597e-06 
1204.06 1.92641e-06 
1204.07 1.88712e-06 
1204.08 1.84809e-06 
1204.09 1.80936e-06 
1204.1 1.77094e-06 
1204.11 1.73283e-06 
1204.12 1.69507e-06 
1204.13 1.65765e-06 
1204.14 1.62059e-06 
1204.15 1.58391e-06 
1204.16 1.54761e-06 
1204.17 1.51172e-06 
1204.18 1.47623e-06 
1204.19 1.44116e-06 
1204.2 1.40652e-06 
1204.21 1.37232e-06 
1204.22 1.33857e-06 
1204.23 1.30486e-06 
1204.24 1.27203e-06 
1204.25 1.23966e-06 
1204.26 1.20778e-06 
1204.26 1.17637e-06 
1204.27 1.14546e-06 
1204.28 1.11503e-06 
1204.29 1.0851e-06 
1204.3 1.05566e-06 
1204.31 1.02673e-06 
1204.32 9.98307e-07 
1204.33 9.70388e-07 
1204.34 9.42977e-07 
1204.35 9.16076e-07 
1204.36 8.89686e-07 
1204.37 8.63805e-07 
1204.38 8.38435e-07 
1204.39 8.13575e-07 
1204.4 7.89224e-07 
1204.41 7.6538e-07 
1204.42 7.42042e-07 
1204.43 7.19207e-07 
1204.44 6.96873e-07 
1204.45 6.75038e-07 
1204.46 6.53697e-07 
1204.47 6.32847e-07 
1204.48 6.12235e-07 
1204.49 5.92362e-07 
1204.5 5.72968e-07 
1204.51 5.54049e-07 
1204.52 5.35599e-07 
1204.53 5.17614e-07 
1204.54 5.00087e-07 
1204.55 4.83014e-07 
1204.56 4.66388e-07 
1204.57 4.50204e-07 
1204.58 4.34456e-07 
1204.59 4.19137e-07 
1204.6 4.0424e-07 
1204.61 3.8976e-07 
1204.62 3.75921e-07 
1204.63 3.62244e-07 
1204.64 3.48965e-07 
1204.65 3.36074e-07 
1204.66 3.23566e-07 
1204.67 3.11433e-07 
1204.68 2.99667e-07 
1204.68 2.88263e-07 
1204.69 2.77212e-07 
1204.7 2.66507e-07 
1204.71 2.56142e-07 
1204.72 2.45984e-07 
1204.73 2.36278e-07 
1204.74 2.2689e-07 
1204.75 2.17811e-07 
1204.76 2.09034e-07 
1204.77 2.00553e-07 
1204.78 1.9236e-07 
1204.79 1.84449e-07 
1204.8 1.76811e-07 
1204.81 1.6944e-07 
1204.82 1.62329e-07 
1204.83 1.55472e-07 
1204.84 1.48861e-07 
1204.85 1.42489e-07 
1204.86 1.36351e-07 
1204.87 1.30439e-07 
1204.88 1.24748e-07 
1204.89 1.19269e-07 
1204.9 1.13999e-07 
1204.91 1.08929e-07 
1204.92 1.04055e-07 
1204.93 9.93699e-08 
1204.94 9.48682e-08 
1204.95 9.05442e-08 
1204.96 8.63921e-08 
1204.97 8.24062e-08 
1204.98 7.85348e-08 
1204.99 7.48678e-08 
1205 7.13512e-08 
1205.01 6.798e-08 
1205.02 6.47493e-08 
1205.03 6.16541e-08 
1205.04 5.869e-08 
1205.05 5.58519e-08 
1205.06 5.31358e-08 
1205.07 5.05369e-08 
1205.08 4.80512e-08 
1205.09 4.56745e-08 
1205.1 4.34027e-08 
1205.11 4.12319e-08 
1205.11 3.91583e-08 
1205.12 3.71782e-08 
1205.13 3.52879e-08 
1205.14 3.3484e-08 
1205.15 3.1763e-08 
1205.16 3.01218e-08 
1205.17 2.8557e-08 
1205.18 2.70657e-08 
1205.19 2.56447e-08 
1205.2 2.42913e-08 
1205.21 2.30027e-08 
1205.22 2.17614e-08 
1205.23 2.05946e-08 
1205.24 1.94849e-08 
1205.25 1.84297e-08 
1205.26 1.74266e-08 
1205.27 1.64732e-08 
1205.28 1.55675e-08 
1205.29 1.47073e-08 
1205.3 1.38906e-08 
1205.31 1.31155e-08 
1205.32 1.23799e-08 
1205.33 1.16823e-08 
1205.34 1.10207e-08 
1205.35 1.03936e-08 
1205.36 9.7993e-09 
1205.37 9.23631e-09 
1205.38 8.70312e-09 
1205.39 8.19833e-09 
1205.4 7.72057e-09 
1205.41 7.26855e-09 
1205.42 6.84099e-09 
1205.43 6.4367e-09 
1205.44 6.05456e-09 
1205.45 5.69343e-09 
1205.46 5.3523e-09 
1205.47 5.03013e-09 
1205.48 4.7224e-09 
1205.49 4.43545e-09 
1205.5 4.16482e-09 
1205.51 3.90957e-09 
1205.52 3.66889e-09 
1205.53 3.44203e-09 
1205.54 3.22825e-09 
1205.54 3.02687e-09 
1205.55 2.83723e-09 
1205.56 2.65869e-09 
1205.57 2.49067e-09 
1205.58 2.33258e-09 
1205.59 2.18389e-09 
1205.6 2.04409e-09 
1205.61 1.91385e-09 
1205.62 1.79029e-09 
1205.63 1.67422e-09 
1205.64 1.56522e-09 
1205.65 1.46289e-09 
1205.66 1.36685e-09 
1205.67 1.27675e-09 
1205.68 1.19223e-09 
1205.69 1.11299e-09 
1205.7 1.03872e-09 
1205.71 9.69113e-10 
1205.72 9.03912e-10 
1205.73 8.42113e-10 
1205.74 7.84997e-10 
1205.75 7.31541e-10 
1205.76 6.81527e-10 
1205.77 6.34747e-10 
1205.78 5.91006e-10 
1205.79 5.5012e-10 
1205.8 5.11913e-10 
1205.81 4.76221e-10 
1205.82 4.42888e-10 
1205.83 4.11769e-10 
1205.84 3.82725e-10 
1205.85 3.55626e-10 
1205.86 3.30349e-10 
1205.87 3.0678e-10 
1205.88 2.8481e-10 
1205.89 2.64336e-10 
1205.9 2.45262e-10 
1205.91 2.27499e-10 
1205.92 2.1096e-10 
1205.93 1.95567e-10 
1205.94 1.81244e-10 
1205.95 1.67922e-10 
1205.96 1.55533e-10 
1205.96 1.44017e-10 
1205.97 1.33314e-10 
1205.98 1.23251e-10 
1205.99 1.14025e-10 
1206 1.05459e-10 
1206.01 9.75078e-11 
1206.02 9.01299e-11 
1206.03 8.3286e-11 
1206.04 7.69394e-11 
1206.05 7.10558e-11 
1206.06 6.5603e-11 
1206.07 6.0551e-11 
1206.08 5.58717e-11 
1206.09 5.15391e-11 
1206.1 4.75286e-11 
1206.11 4.38174e-11 
1206.12 4.03843e-11 
1206.13 3.72093e-11 
1206.14 3.42739e-11 
1206.15 3.1561e-11 
1206.16 2.90543e-11 
1206.17 2.67389e-11 
1206.18 2.46008e-11 
1206.19 2.26272e-11 
1206.2 2.08058e-11 
1206.21 1.91255e-11 
1206.22 1.75757e-11 
1206.23 1.61297e-11 
1206.24 1.4814e-11 
1206.25 1.36017e-11 
1206.26 1.2485e-11 
1206.27 1.14566e-11 
1206.28 1.05098e-11 
1206.29 9.63849e-12 
1206.3 8.83684e-12 
1206.31 8.0995e-12 
1206.32 7.42152e-12 
1206.33 6.79832e-12 
1206.34 6.22563e-12 
1206.35 5.69953e-12 
1206.36 5.21637e-12 
1206.37 4.77277e-12 
1206.38 4.36563e-12 
1206.39 3.99205e-12 
1206.39 3.64938e-12 
1206.4 3.33515e-12 
1206.41 3.04709e-12 
1206.42 2.7831e-12 
1206.43 2.54124e-12 
1206.44 2.31973e-12 
1206.45 2.1169e-12 
1206.46 1.93125e-12 
1206.47 1.76137e-12 
1206.48 1.6041e-12 
1206.49 1.46214e-12 
1206.5 1.33235e-12 
1206.51 1.21373e-12 
1206.52 1.10535e-12 
1206.53 1.00636e-12 
1206.54 9.15963e-13 
1206.55 8.33445e-13 
1206.56 7.5814e-13 
1206.57 6.8944e-13 
1206.58 6.26782e-13 
1206.59 5.69655e-13 
1206.6 0 
