#energy geo_1 
1186.6 1.62844e-06 
1186.61 1.62743e-06 
1186.62 1.62643e-06 
1186.63 1.62543e-06 
1186.64 1.62443e-06 
1186.65 1.62343e-06 
1186.66 1.62242e-06 
1186.67 1.62143e-06 
1186.68 1.62042e-06 
1186.69 1.61942e-06 
1186.7 1.61842e-06 
1186.71 1.61743e-06 
1186.72 1.61643e-06 
1186.73 1.61543e-06 
1186.74 1.61443e-06 
1186.75 1.61344e-06 
1186.76 1.61244e-06 
1186.77 1.61144e-06 
1186.78 1.61045e-06 
1186.79 1.60946e-06 
1186.8 1.60846e-06 
1186.81 1.60746e-06 
1186.81 1.60647e-06 
1186.82 1.60548e-06 
1186.83 1.60448e-06 
1186.84 1.60349e-06 
1186.85 1.6025e-06 
1186.86 1.60151e-06 
1186.87 1.60051e-06 
1186.88 1.59953e-06 
1186.89 1.59854e-06 
1186.9 1.59755e-06 
1186.91 1.59655e-06 
1186.92 1.59557e-06 
1186.93 1.59458e-06 
1186.94 1.59359e-06 
1186.95 1.5926e-06 
1186.96 1.59162e-06 
1186.97 1.59063e-06 
1186.98 1.58965e-06 
1186.99 1.58866e-06 
1187 1.58768e-06 
1187.01 1.58669e-06 
1187.02 1.58571e-06 
1187.03 1.58472e-06 
1187.04 1.58374e-06 
1187.05 1.58275e-06 
1187.06 1.58177e-06 
1187.07 1.58079e-06 
1187.08 1.57981e-06 
1187.09 1.57883e-06 
1187.1 1.57784e-06 
1187.11 1.57687e-06 
1187.12 1.57589e-06 
1187.13 1.57491e-06 
1187.14 1.57393e-06 
1187.15 1.57295e-06 
1187.16 1.57197e-06 
1187.17 1.571e-06 
1187.18 1.57002e-06 
1187.19 1.56904e-06 
1187.2 1.56807e-06 
1187.21 1.56709e-06 
1187.22 1.56611e-06 
1187.23 1.56514e-06 
1187.24 1.56416e-06 
1187.24 1.56319e-06 
1187.25 1.56222e-06 
1187.26 1.56124e-06 
1187.27 1.56027e-06 
1187.28 1.5593e-06 
1187.29 1.55833e-06 
1187.3 1.55736e-06 
1187.31 1.55639e-06 
1187.32 1.55542e-06 
1187.33 1.55445e-06 
1187.34 1.55348e-06 
1187.35 1.55251e-06 
1187.36 1.55154e-06 
1187.37 1.55058e-06 
1187.38 1.54961e-06 
1187.39 1.54864e-06 
1187.4 1.54767e-06 
1187.41 1.54671e-06 
1187.42 1.54574e-06 
1187.43 1.54477e-06 
1187.44 1.54381e-06 
1187.45 1.54285e-06 
1187.46 1.54188e-06 
1187.47 1.54092e-06 
1187.48 1.53996e-06 
1187.49 1.539e-06 
1187.5 1.53803e-06 
1187.51 1.53707e-06 
1187.52 1.53611e-06 
1187.53 1.53515e-06 
1187.54 1.53419e-06 
1187.55 1.53323e-06 
1187.56 1.53227e-06 
1187.57 1.53132e-06 
1187.58 1.53035e-06 
1187.59 1.5294e-06 
1187.6 1.52844e-06 
1187.61 1.52843e-06 
1187.62 1.52748e-06 
1187.63 1.52652e-06 
1187.64 1.52556e-06 
1187.65 1.52461e-06 
1187.66 1.52365e-06 
1187.66 1.5227e-06 
1187.67 1.52174e-06 
1187.68 1.52079e-06 
1187.69 1.51984e-06 
1187.7 1.51888e-06 
1187.71 1.51793e-06 
1187.72 1.51698e-06 
1187.73 1.51603e-06 
1187.74 1.51508e-06 
1187.75 1.51413e-06 
1187.76 1.51318e-06 
1187.77 1.51223e-06 
1187.78 1.51128e-06 
1187.79 1.51033e-06 
1187.8 1.50938e-06 
1187.81 1.50844e-06 
1187.82 1.50749e-06 
1187.83 1.50654e-06 
1187.84 1.5056e-06 
1187.85 1.50465e-06 
1187.86 1.50371e-06 
1187.87 1.50276e-06 
1187.88 1.50182e-06 
1187.89 1.50087e-06 
1187.9 1.49993e-06 
1187.91 1.49899e-06 
1187.92 1.49805e-06 
1187.93 1.4971e-06 
1187.94 1.49616e-06 
1187.95 1.49522e-06 
1187.96 1.49428e-06 
1187.97 1.49334e-06 
1187.98 1.4924e-06 
1187.99 1.49146e-06 
1188 1.49052e-06 
1188.01 1.48958e-06 
1188.02 1.48865e-06 
1188.03 1.48771e-06 
1188.04 1.48677e-06 
1188.05 1.48584e-06 
1188.06 1.4849e-06 
1188.07 1.48397e-06 
1188.08 1.48303e-06 
1188.09 1.4821e-06 
1188.09 1.48116e-06 
1188.1 1.48023e-06 
1188.11 1.4793e-06 
1188.12 1.47837e-06 
1188.13 1.47743e-06 
1188.14 1.4765e-06 
1188.15 1.47557e-06 
1188.16 1.47464e-06 
1188.17 1.47371e-06 
1188.18 1.47278e-06 
1188.19 1.47185e-06 
1188.2 1.47092e-06 
1188.21 1.46999e-06 
1188.22 1.46907e-06 
1188.23 1.46814e-06 
1188.24 1.46721e-06 
1188.25 1.46629e-06 
1188.26 1.46536e-06 
1188.27 1.46444e-06 
1188.28 1.46351e-06 
1188.29 1.46258e-06 
1188.3 1.46166e-06 
1188.31 1.46074e-06 
1188.32 1.45982e-06 
1188.33 1.45889e-06 
1188.34 1.45797e-06 
1188.35 1.45705e-06 
1188.36 1.45613e-06 
1188.37 1.45521e-06 
1188.38 1.45429e-06 
1188.39 1.45337e-06 
1188.4 1.45245e-06 
1188.41 1.45153e-06 
1188.42 1.45061e-06 
1188.43 1.44969e-06 
1188.44 1.44878e-06 
1188.45 1.44786e-06 
1188.46 1.44694e-06 
1188.47 1.44603e-06 
1188.48 1.44511e-06 
1188.49 1.4442e-06 
1188.5 1.44328e-06 
1188.51 1.44237e-06 
1188.52 1.44146e-06 
1188.52 1.44054e-06 
1188.53 1.43963e-06 
1188.54 1.43872e-06 
1188.55 1.43781e-06 
1188.56 1.43689e-06 
1188.57 1.43599e-06 
1188.58 1.43508e-06 
1188.59 1.43416e-06 
1188.6 1.43415e-06 
1188.61 1.43324e-06 
1188.62 1.43233e-06 
1188.63 1.43142e-06 
1188.64 1.43051e-06 
1188.65 1.42961e-06 
1188.66 1.4287e-06 
1188.67 1.42779e-06 
1188.68 1.42689e-06 
1188.69 1.42598e-06 
1188.7 1.42507e-06 
1188.71 1.42417e-06 
1188.72 1.42327e-06 
1188.73 1.42236e-06 
1188.74 1.42146e-06 
1188.75 1.42056e-06 
1188.76 1.41966e-06 
1188.77 1.41876e-06 
1188.78 1.41785e-06 
1188.79 1.41695e-06 
1188.8 1.41605e-06 
1188.81 1.41515e-06 
1188.82 1.41425e-06 
1188.83 1.41336e-06 
1188.84 1.41246e-06 
1188.85 1.41156e-06 
1188.86 1.41066e-06 
1188.87 1.40977e-06 
1188.88 1.40887e-06 
1188.89 1.40797e-06 
1188.9 1.40708e-06 
1188.91 1.40618e-06 
1188.92 1.40529e-06 
1188.93 1.40439e-06 
1188.94 1.4035e-06 
1188.94 1.40261e-06 
1188.95 1.40172e-06 
1188.96 1.40082e-06 
1188.97 1.39993e-06 
1188.98 1.39904e-06 
1188.99 1.39815e-06 
1189 1.39726e-06 
1189.01 1.39637e-06 
1189.02 1.39548e-06 
1189.03 1.39459e-06 
1189.04 1.3937e-06 
1189.05 1.39282e-06 
1189.06 1.39193e-06 
1189.07 1.39104e-06 
1189.08 1.39015e-06 
1189.09 1.38927e-06 
1189.1 1.38838e-06 
1189.11 1.3875e-06 
1189.12 1.38661e-06 
1189.13 1.38573e-06 
1189.14 1.38485e-06 
1189.15 1.38396e-06 
1189.16 1.38308e-06 
1189.17 1.3822e-06 
1189.18 1.38132e-06 
1189.19 1.38043e-06 
1189.2 1.37956e-06 
1189.21 1.37867e-06 
1189.22 1.37779e-06 
1189.23 1.37692e-06 
1189.24 1.37604e-06 
1189.25 1.37516e-06 
1189.26 1.37428e-06 
1189.27 1.3734e-06 
1189.28 1.37253e-06 
1189.29 1.37165e-06 
1189.3 1.37077e-06 
1189.31 1.3699e-06 
1189.32 1.36902e-06 
1189.33 1.36815e-06 
1189.34 1.36728e-06 
1189.35 1.3664e-06 
1189.36 1.36553e-06 
1189.36 1.36465e-06 
1189.37 1.36378e-06 
1189.38 1.36291e-06 
1189.39 1.36204e-06 
1189.4 1.36117e-06 
1189.41 1.3603e-06 
1189.42 1.35943e-06 
1189.43 1.35856e-06 
1189.44 1.35769e-06 
1189.45 1.35682e-06 
1189.46 1.35595e-06 
1189.47 1.35509e-06 
1189.48 1.35422e-06 
1189.49 1.35335e-06 
1189.5 1.35248e-06 
1189.51 1.35162e-06 
1189.52 1.35075e-06 
1189.53 1.34989e-06 
1189.54 1.34902e-06 
1189.55 1.34816e-06 
1189.56 1.3473e-06 
1189.57 1.34644e-06 
1189.58 1.34557e-06 
1189.59 1.34471e-06 
1189.6 1.34385e-06 
1189.61 1.34382e-06 
1189.62 1.34296e-06 
1189.63 1.3421e-06 
1189.64 1.34124e-06 
1189.65 1.34038e-06 
1189.66 1.33952e-06 
1189.67 1.33866e-06 
1189.68 1.3378e-06 
1189.69 1.33694e-06 
1189.7 1.33608e-06 
1189.71 1.33523e-06 
1189.72 1.33437e-06 
1189.73 1.33352e-06 
1189.74 1.33266e-06 
1189.75 1.3318e-06 
1189.76 1.33095e-06 
1189.77 1.33009e-06 
1189.78 1.32924e-06 
1189.79 1.32839e-06 
1189.79 1.32753e-06 
1189.8 1.32668e-06 
1189.81 1.32583e-06 
1189.82 1.32497e-06 
1189.83 1.32412e-06 
1189.84 1.32327e-06 
1189.85 1.32242e-06 
1189.86 1.32157e-06 
1189.87 1.32072e-06 
1189.88 1.31988e-06 
1189.89 1.31903e-06 
1189.9 1.31818e-06 
1189.91 1.31733e-06 
1189.92 1.31648e-06 
1189.93 1.31564e-06 
1189.94 1.31479e-06 
1189.95 1.31394e-06 
1189.96 1.3131e-06 
1189.97 1.31225e-06 
1189.98 1.31141e-06 
1189.99 1.31056e-06 
1190 1.30972e-06 
1190.01 1.30888e-06 
1190.02 1.30804e-06 
1190.03 1.30719e-06 
1190.04 1.30635e-06 
1190.05 1.30551e-06 
1190.06 1.30467e-06 
1190.07 1.30383e-06 
1190.08 1.30299e-06 
1190.09 1.30215e-06 
1190.1 1.30131e-06 
1190.11 1.30047e-06 
1190.12 1.29963e-06 
1190.13 1.29879e-06 
1190.14 1.29795e-06 
1190.15 1.29712e-06 
1190.16 1.29628e-06 
1190.17 1.29544e-06 
1190.18 1.29461e-06 
1190.19 1.29377e-06 
1190.2 1.29294e-06 
1190.21 1.2921e-06 
1190.21 1.29127e-06 
1190.22 1.29043e-06 
1190.23 1.2896e-06 
1190.24 1.28877e-06 
1190.25 1.28793e-06 
1190.26 1.2871e-06 
1190.27 1.28627e-06 
1190.28 1.28544e-06 
1190.29 1.28461e-06 
1190.3 1.28378e-06 
1190.31 1.28295e-06 
1190.32 1.28212e-06 
1190.33 1.28129e-06 
1190.34 1.28046e-06 
1190.35 1.27963e-06 
1190.36 1.2788e-06 
1190.37 1.27797e-06 
1190.38 1.27715e-06 
1190.39 1.27632e-06 
1190.4 1.27549e-06 
1190.41 1.27467e-06 
1190.42 1.27384e-06 
1190.43 1.27302e-06 
1190.44 1.27219e-06 
1190.45 1.27136e-06 
1190.46 1.27054e-06 
1190.47 1.26972e-06 
1190.48 1.26889e-06 
1190.49 1.26807e-06 
1190.5 1.26725e-06 
1190.51 1.26643e-06 
1190.52 1.2656e-06 
1190.53 1.26478e-06 
1190.54 1.26396e-06 
1190.55 1.26314e-06 
1190.56 1.26232e-06 
1190.57 1.2615e-06 
1190.58 1.26068e-06 
1190.59 1.25986e-06 
1190.6 1.25904e-06 
1190.61 1.259e-06 
1190.62 1.25818e-06 
1190.63 1.25737e-06 
1190.64 1.25655e-06 
1190.64 1.25573e-06 
1190.65 1.25491e-06 
1190.66 1.2541e-06 
1190.67 1.25328e-06 
1190.68 1.25246e-06 
1190.69 1.25165e-06 
1190.7 1.25083e-06 
1190.71 1.25002e-06 
1190.72 1.24921e-06 
1190.73 1.24839e-06 
1190.74 1.24758e-06 
1190.75 1.24676e-06 
1190.76 1.24595e-06 
1190.77 1.24514e-06 
1190.78 1.24432e-06 
1190.79 1.24351e-06 
1190.8 1.2427e-06 
1190.81 1.24189e-06 
1190.82 1.24108e-06 
1190.83 1.24027e-06 
1190.84 1.23946e-06 
1190.85 1.23865e-06 
1190.86 1.23784e-06 
1190.87 1.23703e-06 
1190.88 1.23622e-06 
1190.89 1.23541e-06 
1190.9 1.2346e-06 
1190.91 1.23379e-06 
1190.92 1.23299e-06 
1190.93 1.23218e-06 
1190.94 1.23137e-06 
1190.95 1.23057e-06 
1190.96 1.22976e-06 
1190.97 1.22895e-06 
1190.98 1.22815e-06 
1190.99 1.22734e-06 
1191 1.22654e-06 
1191.01 1.22573e-06 
1191.02 1.22493e-06 
1191.03 1.22412e-06 
1191.04 1.22332e-06 
1191.05 1.22252e-06 
1191.06 1.22171e-06 
1191.07 1.22091e-06 
1191.07 1.22011e-06 
1191.08 1.21931e-06 
1191.09 1.2185e-06 
1191.1 1.2177e-06 
1191.11 1.2169e-06 
1191.12 1.2161e-06 
1191.13 1.2153e-06 
1191.14 1.2145e-06 
1191.15 1.2137e-06 
1191.16 1.2129e-06 
1191.17 1.2121e-06 
1191.18 1.2113e-06 
1191.19 1.2105e-06 
1191.2 1.2097e-06 
1191.21 1.2089e-06 
1191.22 1.2081e-06 
1191.23 1.20731e-06 
1191.24 1.20651e-06 
1191.25 1.20571e-06 
1191.26 1.20491e-06 
1191.27 1.20412e-06 
1191.28 1.20332e-06 
1191.29 1.20252e-06 
1191.3 1.20173e-06 
1191.31 1.20093e-06 
1191.32 1.20014e-06 
1191.33 1.19934e-06 
1191.34 1.19855e-06 
1191.35 1.19775e-06 
1191.36 1.19696e-06 
1191.37 1.19616e-06 
1191.38 1.19537e-06 
1191.39 1.19458e-06 
1191.4 1.19378e-06 
1191.41 1.19299e-06 
1191.42 1.19219e-06 
1191.43 1.1914e-06 
1191.44 1.19061e-06 
1191.45 1.18982e-06 
1191.46 1.18902e-06 
1191.47 1.18823e-06 
1191.48 1.18744e-06 
1191.49 1.18665e-06 
1191.49 1.18586e-06 
1191.5 1.18507e-06 
1191.51 1.18427e-06 
1191.52 1.18348e-06 
1191.53 1.18269e-06 
1191.54 1.1819e-06 
1191.55 1.18111e-06 
1191.56 1.18032e-06 
1191.57 1.17953e-06 
1191.58 1.17874e-06 
1191.59 1.17795e-06 
1191.6 1.17789e-06 
1191.61 1.1771e-06 
1191.62 1.17631e-06 
1191.63 1.17552e-06 
1191.64 1.17473e-06 
1191.65 1.17394e-06 
1191.66 1.17316e-06 
1191.67 1.17237e-06 
1191.68 1.17158e-06 
1191.69 1.17079e-06 
1191.7 1.17e-06 
1191.71 1.16921e-06 
1191.72 1.16843e-06 
1191.73 1.16764e-06 
1191.74 1.16685e-06 
1191.75 1.16606e-06 
1191.76 1.16528e-06 
1191.77 1.16449e-06 
1191.78 1.1637e-06 
1191.79 1.16291e-06 
1191.8 1.16213e-06 
1191.81 1.16134e-06 
1191.82 1.16055e-06 
1191.83 1.15977e-06 
1191.84 1.15898e-06 
1191.85 1.1582e-06 
1191.86 1.15741e-06 
1191.87 1.15662e-06 
1191.88 1.15584e-06 
1191.89 1.15505e-06 
1191.9 1.15427e-06 
1191.91 1.15348e-06 
1191.92 1.1527e-06 
1191.92 1.15191e-06 
1191.93 1.15112e-06 
1191.94 1.15034e-06 
1191.95 1.14955e-06 
1191.96 1.14877e-06 
1191.97 1.14798e-06 
1191.98 1.1472e-06 
1191.99 1.14641e-06 
1192 1.14563e-06 
1192.01 1.14484e-06 
1192.02 1.14406e-06 
1192.03 1.14328e-06 
1192.04 1.14249e-06 
1192.05 1.14171e-06 
1192.06 1.14092e-06 
1192.07 1.14014e-06 
1192.08 1.13935e-06 
1192.09 1.13857e-06 
1192.1 1.13778e-06 
1192.11 1.137e-06 
1192.12 1.13622e-06 
1192.13 1.13543e-06 
1192.14 1.13465e-06 
1192.15 1.13386e-06 
1192.16 1.13308e-06 
1192.17 1.13229e-06 
1192.18 1.13151e-06 
1192.19 1.13073e-06 
1192.2 1.12994e-06 
1192.21 1.12916e-06 
1192.22 1.12837e-06 
1192.23 1.12759e-06 
1192.24 1.1268e-06 
1192.25 1.12602e-06 
1192.26 1.12524e-06 
1192.27 1.12445e-06 
1192.28 1.12367e-06 
1192.29 1.12288e-06 
1192.3 1.1221e-06 
1192.31 1.12131e-06 
1192.32 1.12053e-06 
1192.33 1.11974e-06 
1192.34 1.11896e-06 
1192.34 1.11817e-06 
1192.35 1.11739e-06 
1192.36 1.1166e-06 
1192.37 1.11582e-06 
1192.38 1.11503e-06 
1192.39 1.11425e-06 
1192.4 1.11346e-06 
1192.41 1.11267e-06 
1192.42 1.11189e-06 
1192.43 1.11111e-06 
1192.44 1.11032e-06 
1192.45 1.10953e-06 
1192.46 1.10875e-06 
1192.47 1.10796e-06 
1192.48 1.10717e-06 
1192.49 1.10639e-06 
1192.5 1.1056e-06 
1192.51 1.10481e-06 
1192.52 1.10403e-06 
1192.53 1.10324e-06 
1192.54 1.10245e-06 
1192.55 1.10167e-06 
1192.56 1.10088e-06 
1192.57 1.10009e-06 
1192.58 1.0993e-06 
1192.59 1.09852e-06 
1192.6 1.09773e-06 
1192.61 1.09762e-06 
1192.62 1.09683e-06 
1192.63 1.09604e-06 
1192.64 1.09525e-06 
1192.65 1.09446e-06 
1192.66 1.09367e-06 
1192.67 1.09288e-06 
1192.68 1.09209e-06 
1192.69 1.0913e-06 
1192.7 1.09051e-06 
1192.71 1.08972e-06 
1192.72 1.08893e-06 
1192.73 1.08814e-06 
1192.74 1.08734e-06 
1192.75 1.08655e-06 
1192.76 1.08576e-06 
1192.77 1.08497e-06 
1192.77 1.08418e-06 
1192.78 1.08338e-06 
1192.79 1.08259e-06 
1192.8 1.0818e-06 
1192.81 1.081e-06 
1192.82 1.08021e-06 
1192.83 1.07942e-06 
1192.84 1.07862e-06 
1192.85 1.07783e-06 
1192.86 1.07703e-06 
1192.87 1.07624e-06 
1192.88 1.07544e-06 
1192.89 1.07464e-06 
1192.9 1.07385e-06 
1192.91 1.07305e-06 
1192.92 1.07225e-06 
1192.93 1.07146e-06 
1192.94 1.07066e-06 
1192.95 1.06986e-06 
1192.96 1.06906e-06 
1192.97 1.06826e-06 
1192.98 1.06747e-06 
1192.99 1.06666e-06 
1193 1.06586e-06 
1193.01 1.06506e-06 
1193.02 1.06426e-06 
1193.03 1.06346e-06 
1193.04 1.06266e-06 
1193.05 1.06186e-06 
1193.06 1.06106e-06 
1193.07 1.06025e-06 
1193.08 1.05945e-06 
1193.09 1.05865e-06 
1193.1 1.05784e-06 
1193.11 1.05704e-06 
1193.12 1.05624e-06 
1193.13 1.05543e-06 
1193.14 1.05462e-06 
1193.15 1.05382e-06 
1193.16 1.05301e-06 
1193.17 1.0522e-06 
1193.18 1.0514e-06 
1193.19 1.05059e-06 
1193.19 1.04978e-06 
1193.2 1.04897e-06 
1193.21 1.04816e-06 
1193.22 1.04735e-06 
1193.23 1.04654e-06 
1193.24 1.04573e-06 
1193.25 1.04492e-06 
1193.26 1.04411e-06 
1193.27 1.04329e-06 
1193.28 1.04248e-06 
1193.29 1.04167e-06 
1193.3 1.04085e-06 
1193.31 1.04004e-06 
1193.32 1.03922e-06 
1193.33 1.03841e-06 
1193.34 1.03759e-06 
1193.35 1.03677e-06 
1193.36 1.03595e-06 
1193.37 1.03514e-06 
1193.38 1.03432e-06 
1193.39 1.0335e-06 
1193.4 1.03268e-06 
1193.41 1.03186e-06 
1193.42 1.03104e-06 
1193.43 1.03021e-06 
1193.44 1.02939e-06 
1193.45 1.02857e-06 
1193.46 1.02774e-06 
1193.47 1.02692e-06 
1193.48 1.0261e-06 
1193.49 1.02527e-06 
1193.5 1.02444e-06 
1193.51 1.02361e-06 
1193.52 1.02279e-06 
1193.53 1.02196e-06 
1193.54 1.02113e-06 
1193.55 1.0203e-06 
1193.56 1.01947e-06 
1193.57 1.01863e-06 
1193.58 1.0178e-06 
1193.59 1.01697e-06 
1193.6 1.01614e-06 
1193.61 1.01593e-06 
1193.62 1.01509e-06 
1193.62 1.01426e-06 
1193.63 1.01342e-06 
1193.64 1.01258e-06 
1193.65 1.01174e-06 
1193.66 1.0109e-06 
1193.67 1.01006e-06 
1193.68 1.00922e-06 
1193.69 1.00838e-06 
1193.7 1.00753e-06 
1193.71 1.00669e-06 
1193.72 1.00585e-06 
1193.73 1.005e-06 
1193.74 1.00415e-06 
1193.75 1.00331e-06 
1193.76 1.00246e-06 
1193.77 1.00161e-06 
1193.78 1.00076e-06 
1193.79 9.9991e-07 
1193.8 9.99059e-07 
1193.81 9.98206e-07 
1193.82 9.97352e-07 
1193.83 9.96497e-07 
1193.84 9.95642e-07 
1193.85 9.94785e-07 
1193.86 9.93929e-07 
1193.87 9.93071e-07 
1193.88 9.92212e-07 
1193.89 9.91351e-07 
1193.9 9.9049e-07 
1193.91 9.8963e-07 
1193.92 9.88766e-07 
1193.93 9.87901e-07 
1193.94 9.87036e-07 
1193.95 9.86171e-07 
1193.96 9.85304e-07 
1193.97 9.84435e-07 
1193.98 9.83568e-07 
1193.99 9.82696e-07 
1194 9.81825e-07 
1194.01 9.80953e-07 
1194.02 9.8008e-07 
1194.03 9.79206e-07 
1194.04 9.7833e-07 
1194.05 9.77455e-07 
1194.05 9.76577e-07 
1194.06 9.75698e-07 
1194.07 9.74818e-07 
1194.08 9.73938e-07 
1194.09 9.73057e-07 
1194.1 9.72174e-07 
1194.11 9.71289e-07 
1194.12 9.70405e-07 
1194.13 9.69519e-07 
1194.14 9.68631e-07 
1194.15 9.67744e-07 
1194.16 9.66854e-07 
1194.17 9.65965e-07 
1194.18 9.65073e-07 
1194.19 9.6418e-07 
1194.2 9.63287e-07 
1194.21 9.62392e-07 
1194.22 9.61497e-07 
1194.23 9.606e-07 
1194.24 9.59704e-07 
1194.25 9.58805e-07 
1194.26 9.57906e-07 
1194.27 9.57005e-07 
1194.28 9.56104e-07 
1194.29 9.55202e-07 
1194.3 9.54299e-07 
1194.31 9.53395e-07 
1194.32 9.52491e-07 
1194.33 9.51586e-07 
1194.34 9.50679e-07 
1194.35 9.49773e-07 
1194.36 9.48866e-07 
1194.37 9.47959e-07 
1194.38 9.47051e-07 
1194.39 9.46144e-07 
1194.4 9.45236e-07 
1194.41 9.44327e-07 
1194.42 9.43419e-07 
1194.43 9.4251e-07 
1194.44 9.41603e-07 
1194.45 9.40695e-07 
1194.46 9.39788e-07 
1194.47 9.38881e-07 
1194.47 9.37977e-07 
1194.48 9.37072e-07 
1194.49 9.36169e-07 
1194.5 9.35268e-07 
1194.51 9.34368e-07 
1194.52 9.3347e-07 
1194.53 9.32576e-07 
1194.54 9.31682e-07 
1194.55 9.30793e-07 
1194.56 9.29908e-07 
1194.57 9.29026e-07 
1194.58 9.28147e-07 
1194.59 9.27274e-07 
1194.6 9.26407e-07 
1194.61 9.26115e-07 
1194.62 9.25258e-07 
1194.63 9.24407e-07 
1194.64 9.23565e-07 
1194.65 9.22731e-07 
1194.66 9.21908e-07 
1194.67 9.21091e-07 
1194.68 9.20286e-07 
1194.69 9.19493e-07 
1194.7 9.18712e-07 
1194.71 9.17945e-07 
1194.72 9.17191e-07 
1194.73 9.16456e-07 
1194.74 9.15737e-07 
1194.75 9.15034e-07 
1194.76 9.14353e-07 
1194.77 9.13691e-07 
1194.78 9.13052e-07 
1194.79 9.12437e-07 
1194.8 9.11847e-07 
1194.81 9.11286e-07 
1194.82 9.10755e-07 
1194.83 9.10255e-07 
1194.84 9.09788e-07 
1194.85 9.09356e-07 
1194.86 9.08964e-07 
1194.87 9.08611e-07 
1194.88 9.08302e-07 
1194.89 9.08039e-07 
1194.9 9.07825e-07 
1194.9 9.07662e-07 
1194.91 9.07553e-07 
1194.92 9.07502e-07 
1194.93 9.07513e-07 
1194.94 9.07588e-07 
1194.95 9.07731e-07 
1194.96 9.07946e-07 
1194.97 9.08237e-07 
1194.98 9.08625e-07 
1194.99 9.09082e-07 
1195 9.09626e-07 
1195.01 9.10264e-07 
1195.02 9.10999e-07 
1195.03 9.11838e-07 
1195.04 9.12782e-07 
1195.05 9.13839e-07 
1195.06 9.15014e-07 
1195.07 9.16312e-07 
1195.08 9.17739e-07 
1195.09 9.193e-07 
1195.1 9.21002e-07 
1195.11 9.22848e-07 
1195.12 9.24848e-07 
1195.13 9.27005e-07 
1195.14 9.29327e-07 
1195.15 9.3182e-07 
1195.16 9.34491e-07 
1195.17 9.37345e-07 
1195.18 9.4039e-07 
1195.19 9.43632e-07 
1195.2 9.47079e-07 
1195.21 9.50736e-07 
1195.22 9.54611e-07 
1195.23 9.58777e-07 
1195.24 9.63111e-07 
1195.25 9.67685e-07 
1195.26 9.72502e-07 
1195.27 9.77574e-07 
1195.28 9.82903e-07 
1195.29 9.88498e-07 
1195.3 9.94366e-07 
1195.31 1.00051e-06 
1195.32 1.00694e-06 
1195.32 1.01366e-06 
1195.33 1.02068e-06 
1195.34 1.028e-06 
1195.35 1.03563e-06 
1195.36 1.04357e-06 
1195.37 1.05183e-06 
1195.38 1.06042e-06 
1195.39 1.06933e-06 
1195.4 1.07857e-06 
1195.41 1.08815e-06 
1195.42 1.09807e-06 
1195.43 1.10832e-06 
1195.44 1.11892e-06 
1195.45 1.12987e-06 
1195.46 1.14116e-06 
1195.47 1.1528e-06 
1195.48 1.16495e-06 
1195.49 1.17729e-06 
1195.5 1.18997e-06 
1195.51 1.203e-06 
1195.52 1.21637e-06 
1195.53 1.23008e-06 
1195.54 1.24413e-06 
1195.55 1.25851e-06 
1195.56 1.27321e-06 
1195.57 1.28824e-06 
1195.58 1.30358e-06 
1195.59 1.31923e-06 
1195.6 1.33517e-06 
1195.61 1.35225e-06 
1195.62 1.36877e-06 
1195.63 1.38557e-06 
1195.64 1.40263e-06 
1195.65 1.41994e-06 
1195.66 1.43749e-06 
1195.67 1.45525e-06 
1195.68 1.47322e-06 
1195.69 1.49138e-06 
1195.7 1.50972e-06 
1195.71 1.52822e-06 
1195.72 1.54686e-06 
1195.73 1.56588e-06 
1195.74 1.58475e-06 
1195.75 1.6037e-06 
1195.75 1.62273e-06 
1195.76 1.64179e-06 
1195.77 1.66088e-06 
1195.78 1.67997e-06 
1195.79 1.69904e-06 
1195.8 1.71807e-06 
1195.81 1.73702e-06 
1195.82 1.75589e-06 
1195.83 1.77464e-06 
1195.84 1.79325e-06 
1195.85 1.8117e-06 
1195.86 1.82995e-06 
1195.87 1.84799e-06 
1195.88 1.86579e-06 
1195.89 1.88333e-06 
1195.9 1.90057e-06 
1195.91 1.9175e-06 
1195.92 1.93409e-06 
1195.93 1.95031e-06 
1195.94 1.96614e-06 
1195.95 1.98155e-06 
1195.96 1.99652e-06 
1195.97 2.01103e-06 
1195.98 2.02524e-06 
1195.99 2.03875e-06 
1196 2.05173e-06 
1196.01 2.06415e-06 
1196.02 2.07599e-06 
1196.03 2.08724e-06 
1196.04 2.09788e-06 
1196.05 2.10789e-06 
1196.06 2.11724e-06 
1196.07 2.12593e-06 
1196.08 2.13393e-06 
1196.09 2.14124e-06 
1196.1 2.14783e-06 
1196.11 2.1537e-06 
1196.12 2.15883e-06 
1196.13 2.16322e-06 
1196.14 2.16685e-06 
1196.15 2.16972e-06 
1196.16 2.17182e-06 
1196.17 2.17314e-06 
1196.17 2.17369e-06 
1196.18 2.17345e-06 
1196.19 2.17243e-06 
1196.2 2.17062e-06 
1196.21 2.16803e-06 
1196.22 2.16463e-06 
1196.23 2.16047e-06 
1196.24 2.15554e-06 
1196.25 2.14984e-06 
1196.26 2.14339e-06 
1196.27 2.13618e-06 
1196.28 2.12823e-06 
1196.29 2.11955e-06 
1196.3 2.11015e-06 
1196.31 2.10005e-06 
1196.32 2.08926e-06 
1196.33 2.07779e-06 
1196.34 2.06566e-06 
1196.35 2.05289e-06 
1196.36 2.0395e-06 
1196.37 2.0255e-06 
1196.38 2.01092e-06 
1196.39 1.99577e-06 
1196.4 1.98008e-06 
1196.41 1.96386e-06 
1196.42 1.94715e-06 
1196.43 1.92996e-06 
1196.44 1.91232e-06 
1196.45 1.89426e-06 
1196.46 1.87578e-06 
1196.47 1.85693e-06 
1196.48 1.8375e-06 
1196.49 1.81796e-06 
1196.5 1.79812e-06 
1196.51 1.778e-06 
1196.52 1.75762e-06 
1196.53 1.73702e-06 
1196.54 1.71621e-06 
1196.55 1.69523e-06 
1196.56 1.67409e-06 
1196.57 1.65282e-06 
1196.58 1.63146e-06 
1196.59 1.61001e-06 
1196.6 1.5885e-06 
1196.6 1.56793e-06 
1196.61 1.54636e-06 
1196.62 1.52481e-06 
1196.63 1.50329e-06 
1196.64 1.48183e-06 
1196.65 1.46044e-06 
1196.66 1.43914e-06 
1196.67 1.41796e-06 
1196.68 1.39691e-06 
1196.69 1.37601e-06 
1196.7 1.35528e-06 
1196.71 1.33473e-06 
1196.72 1.31438e-06 
1196.73 1.29401e-06 
1196.74 1.2741e-06 
1196.75 1.25443e-06 
1196.76 1.23502e-06 
1196.77 1.21587e-06 
1196.78 1.19699e-06 
1196.79 1.1784e-06 
1196.8 1.1601e-06 
1196.81 1.14211e-06 
1196.82 1.12443e-06 
1196.83 1.10706e-06 
1196.84 1.09002e-06 
1196.85 1.0733e-06 
1196.86 1.05692e-06 
1196.87 1.04088e-06 
1196.88 1.02517e-06 
1196.89 1.00981e-06 
1196.9 9.94789e-07 
1196.91 9.80116e-07 
1196.92 9.6579e-07 
1196.93 9.51809e-07 
1196.94 9.38174e-07 
1196.95 9.24883e-07 
1196.96 9.11936e-07 
1196.97 8.99329e-07 
1196.98 8.86927e-07 
1196.99 8.74998e-07 
1197 8.63402e-07 
1197.01 8.52132e-07 
1197.02 8.41187e-07 
1197.03 8.30561e-07 
1197.03 8.20249e-07 
1197.04 8.10247e-07 
1197.05 8.00548e-07 
1197.06 7.91147e-07 
1197.07 7.82039e-07 
1197.08 7.73216e-07 
1197.09 7.64675e-07 
1197.1 7.56407e-07 
1197.11 7.48405e-07 
1197.12 7.40665e-07 
1197.13 7.33177e-07 
1197.14 7.25937e-07 
1197.15 7.18938e-07 
1197.16 7.12171e-07 
1197.17 7.0563e-07 
1197.18 6.9931e-07 
1197.19 6.93202e-07 
1197.2 6.87299e-07 
1197.21 6.81595e-07 
1197.22 6.76083e-07 
1197.23 6.7071e-07 
1197.24 6.65565e-07 
1197.25 6.60592e-07 
1197.26 6.55784e-07 
1197.27 6.51137e-07 
1197.28 6.46642e-07 
1197.29 6.42294e-07 
1197.3 6.38087e-07 
1197.31 6.34015e-07 
1197.32 6.30073e-07 
1197.33 6.26254e-07 
1197.34 6.22554e-07 
1197.35 6.18967e-07 
1197.36 6.15488e-07 
1197.37 6.12111e-07 
1197.38 6.08832e-07 
1197.39 6.05647e-07 
1197.4 6.02551e-07 
1197.41 5.99539e-07 
1197.42 5.96607e-07 
1197.43 5.93751e-07 
1197.44 5.90967e-07 
1197.45 5.88251e-07 
1197.45 5.85601e-07 
1197.46 5.8301e-07 
1197.47 5.80479e-07 
1197.48 5.77991e-07 
1197.49 5.75566e-07 
1197.5 5.73189e-07 
1197.51 5.70858e-07 
1197.52 5.6857e-07 
1197.53 5.66324e-07 
1197.54 5.64114e-07 
1197.55 5.61941e-07 
1197.56 5.59802e-07 
1197.57 5.57695e-07 
1197.58 5.55617e-07 
1197.59 5.53568e-07 
1197.6 5.51544e-07 
1197.61 5.49884e-07 
1197.62 5.47907e-07 
1197.63 5.45953e-07 
1197.64 5.4402e-07 
1197.65 5.42105e-07 
1197.66 5.40209e-07 
1197.67 5.38331e-07 
1197.68 5.36469e-07 
1197.69 5.34623e-07 
1197.7 5.32792e-07 
1197.71 5.30974e-07 
1197.72 5.29171e-07 
1197.73 5.27381e-07 
1197.74 5.25603e-07 
1197.75 5.23839e-07 
1197.76 5.22087e-07 
1197.77 5.20346e-07 
1197.78 5.18618e-07 
1197.79 5.16902e-07 
1197.8 5.15198e-07 
1197.81 5.13506e-07 
1197.82 5.11826e-07 
1197.83 5.10159e-07 
1197.84 5.08505e-07 
1197.85 5.06864e-07 
1197.86 5.05237e-07 
1197.87 5.03624e-07 
1197.88 5.02027e-07 
1197.88 5.00445e-07 
1197.89 4.9888e-07 
1197.9 4.97332e-07 
1197.91 4.95803e-07 
1197.92 4.94293e-07 
1197.93 4.92804e-07 
1197.94 4.91337e-07 
1197.95 4.89893e-07 
1197.96 4.88473e-07 
1197.97 4.8708e-07 
1197.98 4.85721e-07 
1197.99 4.84385e-07 
1198 4.83081e-07 
1198.01 4.8181e-07 
1198.02 4.80574e-07 
1198.03 4.79376e-07 
1198.04 4.78217e-07 
1198.05 4.77101e-07 
1198.06 4.76029e-07 
1198.07 4.75005e-07 
1198.08 4.74031e-07 
1198.09 4.7311e-07 
1198.1 4.72245e-07 
1198.11 4.7144e-07 
1198.12 4.70698e-07 
1198.13 4.70023e-07 
1198.14 4.69418e-07 
1198.15 4.68887e-07 
1198.16 4.68435e-07 
1198.17 4.68065e-07 
1198.18 4.67783e-07 
1198.19 4.67592e-07 
1198.2 4.67499e-07 
1198.21 4.67508e-07 
1198.22 4.67624e-07 
1198.23 4.67882e-07 
1198.24 4.68231e-07 
1198.25 4.68706e-07 
1198.26 4.69312e-07 
1198.27 4.70056e-07 
1198.28 4.70945e-07 
1198.29 4.71985e-07 
1198.3 4.73184e-07 
1198.3 4.7455e-07 
1198.31 4.76091e-07 
1198.32 4.77815e-07 
1198.33 4.79731e-07 
1198.34 4.81847e-07 
1198.35 4.84172e-07 
1198.36 4.86717e-07 
1198.37 4.8949e-07 
1198.38 4.92502e-07 
1198.39 4.95764e-07 
1198.4 4.99286e-07 
1198.41 5.0308e-07 
1198.42 5.07156e-07 
1198.43 5.11527e-07 
1198.44 5.16205e-07 
1198.45 5.21203e-07 
1198.46 5.26533e-07 
1198.47 5.3221e-07 
1198.48 5.38349e-07 
1198.49 5.44763e-07 
1198.5 5.51567e-07 
1198.51 5.58773e-07 
1198.52 5.66397e-07 
1198.53 5.74457e-07 
1198.54 5.82967e-07 
1198.55 5.91942e-07 
1198.56 6.01402e-07 
1198.57 6.11362e-07 
1198.58 6.2184e-07 
1198.59 6.32853e-07 
1198.6 6.4442e-07 
1198.61 6.56966e-07 
1198.62 6.69705e-07 
1198.63 6.83057e-07 
1198.64 6.97039e-07 
1198.65 7.11672e-07 
1198.66 7.26978e-07 
1198.67 7.42974e-07 
1198.68 7.59684e-07 
1198.69 7.77126e-07 
1198.7 7.95325e-07 
1198.71 8.14301e-07 
1198.72 8.34077e-07 
1198.73 8.54962e-07 
1198.73 8.76413e-07 
1198.74 8.98729e-07 
1198.75 9.21934e-07 
1198.76 9.46051e-07 
1198.77 9.71102e-07 
1198.78 9.97112e-07 
1198.79 1.0241e-06 
1198.8 1.0521e-06 
1198.81 1.08112e-06 
1198.82 1.11119e-06 
1198.83 1.14233e-06 
1198.84 1.17457e-06 
1198.85 1.20793e-06 
1198.86 1.24243e-06 
1198.87 1.27809e-06 
1198.88 1.31494e-06 
1198.89 1.353e-06 
1198.9 1.39228e-06 
1198.91 1.43282e-06 
1198.92 1.47463e-06 
1198.93 1.51773e-06 
1198.94 1.56214e-06 
1198.95 1.60789e-06 
1198.96 1.65498e-06 
1198.97 1.70345e-06 
1198.98 1.75396e-06 
1198.99 1.80524e-06 
1199 1.85793e-06 
1199.01 1.91206e-06 
1199.02 1.96764e-06 
1199.03 2.02468e-06 
1199.04 2.0832e-06 
1199.05 2.14321e-06 
1199.06 2.20471e-06 
1199.07 2.26773e-06 
1199.08 2.33227e-06 
1199.09 2.39833e-06 
1199.1 2.46591e-06 
1199.11 2.53504e-06 
1199.12 2.6057e-06 
1199.13 2.67791e-06 
1199.14 2.75166e-06 
1199.15 2.82695e-06 
1199.15 2.90378e-06 
1199.16 2.98214e-06 
1199.17 3.06203e-06 
1199.18 3.14345e-06 
1199.19 3.22639e-06 
1199.2 3.31082e-06 
1199.21 3.39675e-06 
1199.22 3.48529e-06 
1199.23 3.57417e-06 
1199.24 3.6645e-06 
1199.25 3.75625e-06 
1199.26 3.84941e-06 
1199.27 3.94395e-06 
1199.28 4.03984e-06 
1199.29 4.13706e-06 
1199.3 4.23558e-06 
1199.31 4.33537e-06 
1199.32 4.43638e-06 
1199.33 4.5386e-06 
1199.34 4.64198e-06 
1199.35 4.74648e-06 
1199.36 4.85206e-06 
1199.37 4.95868e-06 
1199.38 5.06628e-06 
1199.39 5.17485e-06 
1199.4 5.28429e-06 
1199.41 5.39459e-06 
1199.42 5.50567e-06 
1199.43 5.61749e-06 
1199.44 5.72999e-06 
1199.45 5.8431e-06 
1199.46 5.95678e-06 
1199.47 6.07095e-06 
1199.48 6.18702e-06 
1199.49 6.30199e-06 
1199.5 6.41726e-06 
1199.51 6.53276e-06 
1199.52 6.64842e-06 
1199.53 6.76416e-06 
1199.54 6.87992e-06 
1199.55 6.99561e-06 
1199.56 7.11116e-06 
1199.57 7.2265e-06 
1199.58 7.34154e-06 
1199.58 7.45621e-06 
1199.59 7.57041e-06 
1199.6 7.68409e-06 
1199.61 7.80194e-06 
1199.62 7.91437e-06 
1199.63 8.02601e-06 
1199.64 8.13679e-06 
1199.65 8.24661e-06 
1199.66 8.35539e-06 
1199.67 8.46305e-06 
1199.68 8.56951e-06 
1199.69 8.67467e-06 
1199.7 8.77848e-06 
1199.71 8.8808e-06 
1199.72 8.98159e-06 
1199.73 9.08201e-06 
1199.74 9.17944e-06 
1199.75 9.27509e-06 
1199.76 9.36885e-06 
1199.77 9.46068e-06 
1199.78 9.55046e-06 
1199.79 9.63814e-06 
1199.8 9.72362e-06 
1199.81 9.80685e-06 
1199.82 9.88773e-06 
1199.83 9.96622e-06 
1199.84 1.00422e-05 
1199.85 1.01157e-05 
1199.86 1.01865e-05 
1199.87 1.02547e-05 
1199.88 1.03201e-05 
1199.89 1.03827e-05 
1199.9 1.04425e-05 
1199.91 1.04993e-05 
1199.92 1.05532e-05 
1199.93 1.0604e-05 
1199.94 1.06518e-05 
1199.95 1.06964e-05 
1199.96 1.07379e-05 
1199.97 1.07762e-05 
1199.98 1.08117e-05 
1199.99 1.08435e-05 
1200 1.0872e-05 
1200.01 1.08971e-05 
1200.01 1.09189e-05 
1200.02 1.09373e-05 
1200.03 1.09523e-05 
1200.04 1.09639e-05 
1200.05 1.09721e-05 
1200.06 1.09768e-05 
1200.07 1.09781e-05 
1200.08 1.0976e-05 
1200.09 1.09704e-05 
1200.1 1.09615e-05 
1200.11 1.0949e-05 
1200.12 1.09332e-05 
1200.13 1.09139e-05 
1200.14 1.08913e-05 
1200.15 1.08653e-05 
1200.16 1.0836e-05 
1200.17 1.08034e-05 
1200.18 1.07674e-05 
1200.19 1.07283e-05 
1200.2 1.06859e-05 
1200.21 1.06403e-05 
1200.22 1.05916e-05 
1200.23 1.05391e-05 
1200.24 1.04843e-05 
1200.25 1.04264e-05 
1200.26 1.03656e-05 
1200.27 1.03019e-05 
1200.28 1.02353e-05 
1200.29 1.0166e-05 
1200.3 1.0094e-05 
1200.31 1.00194e-05 
1200.32 9.94211e-06 
1200.33 9.86237e-06 
1200.34 9.78018e-06 
1200.35 9.69562e-06 
1200.36 9.60876e-06 
1200.37 9.51968e-06 
1200.38 9.42846e-06 
1200.39 9.33517e-06 
1200.4 9.23989e-06 
1200.41 9.14268e-06 
1200.42 9.04367e-06 
1200.43 8.9429e-06 
1200.43 8.84046e-06 
1200.44 8.73645e-06 
1200.45 8.63093e-06 
1200.46 8.524e-06 
1200.47 8.41574e-06 
1200.48 8.30486e-06 
1200.49 8.19418e-06 
1200.5 8.08242e-06 
1200.51 7.96967e-06 
1200.52 7.85601e-06 
1200.53 7.74154e-06 
1200.54 7.62632e-06 
1200.55 7.51045e-06 
1200.56 7.39401e-06 
1200.57 7.27707e-06 
1200.58 7.15972e-06 
1200.59 7.04203e-06 
1200.6 6.9241e-06 
1200.61 6.81018e-06 
1200.62 6.6919e-06 
1200.63 6.5736e-06 
1200.64 6.45535e-06 
1200.65 6.33723e-06 
1200.66 6.2193e-06 
1200.67 6.10165e-06 
1200.68 5.98432e-06 
1200.69 5.8674e-06 
1200.7 5.75095e-06 
1200.71 5.63503e-06 
1200.72 5.5197e-06 
1200.73 5.4036e-06 
1200.74 5.28964e-06 
1200.75 5.17645e-06 
1200.76 5.06409e-06 
1200.77 4.9526e-06 
1200.78 4.84203e-06 
1200.79 4.73243e-06 
1200.8 4.62385e-06 
1200.81 4.51634e-06 
1200.82 4.40994e-06 
1200.83 4.30468e-06 
1200.84 4.2006e-06 
1200.85 4.09775e-06 
1200.85 3.99615e-06 
1200.86 3.89584e-06 
1200.87 3.79684e-06 
1200.88 3.6992e-06 
1200.89 3.60292e-06 
1200.9 3.50804e-06 
1200.91 3.41459e-06 
1200.92 3.32257e-06 
1200.93 3.232e-06 
1200.94 3.14292e-06 
1200.95 3.05532e-06 
1200.96 2.96922e-06 
1200.97 2.88464e-06 
1200.98 2.80056e-06 
1200.99 2.71905e-06 
1201 2.63908e-06 
1201.01 2.56066e-06 
1201.02 2.48378e-06 
1201.03 2.40844e-06 
1201.04 2.33465e-06 
1201.05 2.26241e-06 
1201.06 2.19171e-06 
1201.07 2.12255e-06 
1201.08 2.05492e-06 
1201.09 1.98882e-06 
1201.1 1.92423e-06 
1201.11 1.86115e-06 
1201.12 1.79958e-06 
1201.13 1.73949e-06 
1201.14 1.68087e-06 
1201.15 1.62372e-06 
1201.16 1.56801e-06 
1201.17 1.51373e-06 
1201.18 1.46088e-06 
1201.19 1.40942e-06 
1201.2 1.35934e-06 
1201.21 1.31063e-06 
1201.22 1.26327e-06 
1201.23 1.21666e-06 
1201.24 1.17195e-06 
1201.25 1.12852e-06 
1201.26 1.08636e-06 
1201.27 1.04544e-06 
1201.28 1.00575e-06 
1201.28 9.67252e-07 
1201.29 9.29938e-07 
1201.3 8.9378e-07 
1201.31 8.58756e-07 
1201.32 8.24845e-07 
1201.33 7.92021e-07 
1201.34 7.60263e-07 
1201.35 7.29548e-07 
1201.36 6.99853e-07 
1201.37 6.71154e-07 
1201.38 6.43428e-07 
1201.39 6.16652e-07 
1201.4 5.90805e-07 
1201.41 5.65861e-07 
1201.42 5.41799e-07 
1201.43 5.18596e-07 
1201.44 4.9623e-07 
1201.45 4.74679e-07 
1201.46 4.53919e-07 
1201.47 4.33931e-07 
1201.48 4.14455e-07 
1201.49 3.95952e-07 
1201.5 3.78156e-07 
1201.51 3.61045e-07 
1201.52 3.446e-07 
1201.53 3.28799e-07 
1201.54 3.13624e-07 
1201.55 2.99054e-07 
1201.56 2.85072e-07 
1201.57 2.71657e-07 
1201.58 2.58791e-07 
1201.59 2.46457e-07 
1201.6 2.34636e-07 
1201.61 2.23449e-07 
1201.62 2.12597e-07 
1201.63 2.02209e-07 
1201.64 1.92267e-07 
1201.65 1.82756e-07 
1201.66 1.73661e-07 
1201.67 1.64966e-07 
1201.68 1.56657e-07 
1201.69 1.48719e-07 
1201.7 1.41139e-07 
1201.7 1.33903e-07 
1201.71 1.26998e-07 
1201.72 1.20331e-07 
1201.73 1.14053e-07 
1201.74 1.08068e-07 
1201.75 1.02365e-07 
1201.76 9.69323e-08 
1201.77 9.1759e-08 
1201.78 8.68342e-08 
1201.79 8.21478e-08 
1201.8 7.76897e-08 
1201.81 7.34503e-08 
1201.82 6.94203e-08 
1201.83 6.55907e-08 
1201.84 6.19527e-08 
1201.85 5.8498e-08 
1201.86 5.52185e-08 
1201.87 5.21063e-08 
1201.88 4.9154e-08 
1201.89 4.63543e-08 
1201.9 4.37002e-08 
1201.91 4.11851e-08 
1201.92 3.88025e-08 
1201.93 3.65461e-08 
1201.94 3.441e-08 
1201.95 3.23886e-08 
1201.96 3.04763e-08 
1201.97 2.86677e-08 
1201.98 2.69373e-08 
1201.99 2.53227e-08 
1202 2.37973e-08 
1202.01 2.23567e-08 
1202.02 2.09967e-08 
1202.03 1.97132e-08 
1202.04 1.85023e-08 
1202.05 1.73603e-08 
1202.06 1.62837e-08 
1202.07 1.52689e-08 
1202.08 1.43129e-08 
1202.09 1.34125e-08 
1202.1 1.25648e-08 
1202.11 1.17669e-08 
1202.12 1.10162e-08 
1202.13 1.03101e-08 
1202.13 9.64622e-09 
1202.14 9.02225e-09 
1202.15 8.43597e-09 
1202.16 7.88529e-09 
1202.17 7.36822e-09 
1202.18 6.88289e-09 
1202.19 6.42749e-09 
1202.2 6.00031e-09 
1202.21 5.59977e-09 
1202.22 5.2199e-09 
1202.23 4.86822e-09 
1202.24 4.53891e-09 
1202.25 4.23054e-09 
1202.26 3.94188e-09 
1202.27 3.67175e-09 
1202.28 3.41905e-09 
1202.29 3.18273e-09 
1202.3 2.96181e-09 
1202.31 2.75535e-09 
1202.32 2.56248e-09 
1202.33 2.38235e-09 
1202.34 2.21418e-09 
1202.35 2.05723e-09 
1202.36 1.91081e-09 
1202.37 1.77424e-09 
1202.38 1.64691e-09 
1202.39 1.52824e-09 
1202.4 1.41767e-09 
1202.41 1.31468e-09 
1202.42 1.21879e-09 
1202.43 1.12954e-09 
1202.44 1.04649e-09 
1202.45 9.69242e-10 
1202.46 8.97411e-10 
1202.47 8.30641e-10 
1202.48 7.67848e-10 
1202.49 7.10266e-10 
1202.5 6.56793e-10 
1202.51 6.07154e-10 
1202.52 5.6109e-10 
1202.53 5.18356e-10 
1202.54 4.78725e-10 
1202.55 4.41985e-10 
1202.56 4.07935e-10 
1202.56 3.76389e-10 
1202.57 3.47173e-10 
1202.58 3.20123e-10 
1202.59 2.95088e-10 
1202.6 2.71924e-10 
1202.61 2.50653e-10 
1202.62 2.30831e-10 
1202.63 2.1251e-10 
1202.64 1.95581e-10 
1202.65 1.79943e-10 
1202.66 1.65504e-10 
1202.67 1.52175e-10 
1202.68 1.39875e-10 
1202.69 1.28529e-10 
1202.7 1.18065e-10 
1202.71 1.0842e-10 
1202.72 9.95304e-11 
1202.73 9.12429e-11 
1202.74 8.37086e-11 
1202.75 7.67722e-11 
1202.76 7.03883e-11 
1202.77 6.45149e-11 
1202.78 5.91128e-11 
1202.79 5.41459e-11 
1202.8 4.95807e-11 
1202.81 4.5386e-11 
1202.82 4.15331e-11 
1202.83 3.79952e-11 
1202.84 3.47477e-11 
1202.85 3.17677e-11 
1202.86 2.90341e-11 
1202.87 2.65274e-11 
1202.88 2.42293e-11 
1202.89 2.21234e-11 
1202.9 2.01941e-11 
1202.91 1.84272e-11 
1202.92 1.68096e-11 
1202.93 1.53292e-11 
1202.94 1.39747e-11 
1202.95 1.27359e-11 
1202.96 1.16032e-11 
1202.97 1.05679e-11 
1202.98 9.62193e-12 
1202.98 8.74757e-12 
1202.99 7.95947e-12 
1203 7.24009e-12 
1203.01 6.58365e-12 
1203.02 5.98483e-12 
1203.03 5.43875e-12 
1203.04 4.94094e-12 
1203.05 4.48727e-12 
1203.06 4.07397e-12 
1203.07 3.69757e-12 
1203.08 3.35488e-12 
1203.09 3.04299e-12 
1203.1 2.75922e-12 
1203.11 2.50112e-12 
1203.12 2.26645e-12 
1203.13 2.05314e-12 
1203.14 1.85933e-12 
1203.15 1.68327e-12 
1203.16 1.52341e-12 
1203.17 1.37829e-12 
1203.18 1.2466e-12 
1203.19 1.12714e-12 
1203.2 1.0188e-12 
1203.21 9.20582e-13 
1203.22 8.31571e-13 
1203.23 7.49971e-13 
1203.24 6.77026e-13 
1203.25 6.10982e-13 
1203.26 5.51206e-13 
1203.27 4.97122e-13 
1203.28 4.48202e-13 
1203.29 4.03968e-13 
1203.3 3.63985e-13 
1203.31 3.27855e-13 
1203.32 2.95219e-13 
1203.33 2.65747e-13 
1203.34 2.39141e-13 
1203.35 2.15131e-13 
1203.36 1.93471e-13 
1203.37 1.73936e-13 
1203.38 1.56324e-13 
1203.39 1.40452e-13 
1203.4 1.2615e-13 
1203.41 1.1327e-13 
1203.41 1.01672e-13 
1203.42 9.12327e-14 
1203.43 8.18396e-14 
1203.44 7.33903e-14 
1203.45 6.57925e-14 
1203.46 5.89627e-14 
1203.47 5.28251e-14 
1203.48 4.72461e-14 
1203.49 4.23012e-14 
1203.5 3.78619e-14 
1203.51 3.38777e-14 
1203.52 3.03032e-14 
1203.53 2.70972e-14 
1203.54 2.42228e-14 
1203.55 2.16464e-14 
1203.56 1.9338e-14 
1203.57 1.72702e-14 
1203.58 1.54187e-14 
1203.59 1.37613e-14 
1203.6 1.22782e-14 
1203.61 1.09582e-14 
1203.62 9.77103e-15 
1203.63 8.7097e-15 
1203.64 7.7612e-15 
1203.65 6.9138e-15 
1203.66 6.15698e-15 
1203.67 5.48126e-15 
1203.68 4.87817e-15 
1203.69 4.34005e-15 
1203.7 3.86008e-15 
1203.71 3.4321e-15 
1203.72 3.05061e-15 
1203.73 2.70666e-15 
1203.74 2.40427e-15 
1203.75 2.13499e-15 
1203.76 1.89527e-15 
1203.77 1.68193e-15 
1203.78 1.49214e-15 
1203.79 1.32334e-15 
1203.8 1.17327e-15 
1203.81 1.03988e-15 
1203.82 9.21372e-16 
1203.83 8.16109e-16 
1203.83 7.22643e-16 
1203.84 6.3968e-16 
1203.85 5.66061e-16 
1203.86 5.00757e-16 
1203.87 4.42846e-16 
1203.88 3.91509e-16 
1203.89 3.46014e-16 
1203.9 3.05709e-16 
1203.91 2.70013e-16 
1203.92 2.38409e-16 
1203.93 2.10438e-16 
1203.94 1.8569e-16 
1203.95 1.63801e-16 
1203.96 1.44446e-16 
1203.97 1.27338e-16 
1203.98 1.12043e-16 
1203.99 9.87102e-17 
1204 8.69361e-17 
1204.01 7.65422e-17 
1204.02 6.73697e-17 
1204.03 5.92776e-17 
1204.04 5.2141e-17 
1204.05 4.58491e-17 
1204.06 4.03037e-17 
1204.07 3.54178e-17 
1204.08 3.11143e-17 
1204.09 2.73251e-17 
1204.1 2.39898e-17 
1204.11 2.10549e-17 
1204.12 1.84732e-17 
1204.13 1.6203e-17 
1204.14 1.42072e-17 
1204.15 1.24534e-17 
1204.16 1.09126e-17 
1204.17 9.55936e-18 
1204.18 8.37132e-18 
1204.19 7.32861e-18 
1204.2 6.41375e-18 
1204.21 5.61132e-18 
1204.22 4.90773e-18 
1204.23 4.2838e-18 
1204.24 3.74427e-18 
1204.25 3.27167e-18 
1204.26 2.85781e-18 
1204.26 2.49551e-18 
1204.27 2.17846e-18 
1204.28 1.90108e-18 
1204.29 1.6585e-18 
1204.3 1.44642e-18 
1204.31 1.26105e-18 
1204.32 1.0991e-18 
1204.33 9.57635e-19 
1204.34 8.34118e-19 
1204.35 7.26303e-19 
1204.36 6.32224e-19 
1204.37 5.50156e-19 
1204.38 4.7859e-19 
1204.39 4.16202e-19 
1204.4 3.61833e-19 
1204.41 3.14466e-19 
1204.42 2.73213e-19 
1204.43 2.37297e-19 
1204.44 2.06038e-19 
1204.45 1.78839e-19 
1204.46 1.55182e-19 
1204.47 1.34612e-19 
1204.48 1.16523e-19 
1204.49 1.01013e-19 
1204.5 8.75396e-20 
1204.51 7.58393e-20 
1204.52 6.56821e-20 
1204.53 5.68672e-20 
1204.54 4.92198e-20 
1204.55 4.25873e-20 
1204.56 3.68369e-20 
1204.57 3.18529e-20 
1204.58 2.75345e-20 
1204.59 2.3794e-20 
1204.6 2.05552e-20 
1204.61 1.77516e-20 
1204.62 1.53349e-20 
1204.63 1.3235e-20 
1204.64 1.1419e-20 
1204.65 9.84904e-21 
1204.66 8.49225e-21 
1204.67 7.32005e-21 
1204.68 6.30767e-21 
1204.68 5.43357e-21 
1204.69 4.67913e-21 
1204.7 4.02816e-21 
1204.71 3.46666e-21 
1204.72 2.97688e-21 
1204.73 2.56029e-21 
1204.74 2.2013e-21 
1204.75 1.89205e-21 
1204.76 1.62573e-21 
1204.77 1.39646e-21 
1204.78 1.19914e-21 
1204.79 1.02937e-21 
1204.8 8.83362e-22 
1204.81 7.57823e-22 
1204.82 6.49919e-22 
1204.83 5.57203e-22 
1204.84 4.77562e-22 
1204.85 4.09175e-22 
1204.86 3.5047e-22 
1204.87 3.00093e-22 
1204.88 2.56876e-22 
1204.89 2.19812e-22 
1204.9 1.88038e-22 
1204.91 1.60805e-22 
1204.92 1.37473e-22 
1204.93 1.17489e-22 
1204.94 1.00378e-22 
1204.95 8.57325e-23 
1204.96 7.32003e-23 
1204.97 6.24804e-23 
1204.98 5.32077e-23 
1204.99 4.53867e-23 
1205 3.87031e-23 
1205.01 3.29932e-23 
1205.02 2.81168e-23 
1205.03 2.39536e-23 
1205.04 2.04003e-23 
1205.05 1.73687e-23 
1205.06 1.47829e-23 
1205.07 1.25781e-23 
1205.08 1.06987e-23 
1205.09 9.09727e-24 
1205.1 7.7331e-24 
1205.11 6.57141e-24 
1205.11 5.58247e-24 
1205.12 4.74086e-24 
1205.13 4.02485e-24 
1205.14 3.4159e-24 
1205.15 2.89817e-24 
1205.16 2.45813e-24 
1205.17 2.08424e-24 
1205.18 1.76666e-24 
1205.19 1.497e-24 
1205.2 1.2681e-24 
1205.21 1.07386e-24 
1205.22 9.07338e-25 
1205.23 7.67742e-25 
1205.24 6.49524e-25 
1205.25 5.49336e-25 
1205.26 4.64454e-25 
1205.27 3.92564e-25 
1205.28 3.31696e-25 
1205.29 2.80178e-25 
1205.3 2.36586e-25 
1205.31 1.99713e-25 
1205.32 1.68534e-25 
1205.33 1.42178e-25 
1205.34 1.19905e-25 
1205.35 1.01089e-25 
1205.36 8.51993e-26 
1205.37 7.17843e-26 
1205.38 6.04625e-26 
1205.39 5.09102e-26 
1205.4 4.28535e-26 
1205.41 3.60604e-26 
1205.42 3.03345e-26 
1205.43 2.55097e-26 
1205.44 2.14456e-26 
1205.45 1.80232e-26 
1205.46 1.51422e-26 
1205.47 1.27177e-26 
1205.48 1.06566e-26 
1205.49 8.94302e-27 
1205.5 7.50395e-27 
1205.51 6.29446e-27 
1205.52 5.27824e-27 
1205.53 4.42469e-27 
1205.54 3.70799e-27 
1205.54 3.1064e-27 
1205.55 2.60159e-27 
1205.56 2.17812e-27 
1205.57 1.82301e-27 
1205.58 1.52531e-27 
1205.59 1.27582e-27 
1205.6 1.0668e-27 
1205.61 8.92291e-28 
1205.62 7.45635e-28 
1205.63 6.22886e-28 
1205.64 5.20179e-28 
1205.65 4.34271e-28 
1205.66 3.62435e-28 
1205.67 3.02387e-28 
1205.68 2.52207e-28 
1205.69 2.10288e-28 
1205.7 1.75281e-28 
1205.71 1.46056e-28 
1205.72 1.21664e-28 
1205.73 1.01083e-28 
1205.74 8.41485e-29 
1205.75 7.0029e-29 
1205.76 5.82602e-29 
1205.77 4.84539e-29 
1205.78 4.02854e-29 
1205.79 3.34834e-29 
1205.8 2.78211e-29 
1205.81 2.3109e-29 
1205.82 1.9189e-29 
1205.83 1.59288e-29 
1205.84 1.32184e-29 
1205.85 1.09657e-29 
1205.86 9.09403e-30 
1205.87 7.53944e-30 
1205.88 6.24862e-30 
1205.89 5.17717e-30 
1205.9 4.28808e-30 
1205.91 3.55055e-30 
1205.92 2.93895e-30 
1205.93 2.43192e-30 
1205.94 2.01174e-30 
1205.95 1.66362e-30 
1205.96 1.37531e-30 
1205.96 1.1366e-30 
1205.97 9.39032e-31 
1205.98 7.73705e-31 
1205.99 6.38808e-31 
1206 5.27263e-31 
1206.01 4.35058e-31 
1206.02 3.58864e-31 
1206.03 2.95921e-31 
1206.04 2.4394e-31 
1206.05 2.01027e-31 
1206.06 1.6561e-31 
1206.07 1.3639e-31 
1206.08 1.1229e-31 
1206.09 9.2419e-32 
1206.1 7.60404e-32 
1206.11 6.25447e-32 
1206.12 5.14279e-32 
1206.13 4.22737e-32 
1206.14 3.47379e-32 
1206.15 2.85365e-32 
1206.16 2.34347e-32 
1206.17 1.92389e-32 
1206.18 1.57894e-32 
1206.19 1.29542e-32 
1206.2 1.06248e-32 
1206.21 8.7115e-33 
1206.22 7.14048e-33 
1206.23 5.83637e-33 
1206.24 4.7808e-33 
1206.25 3.91491e-33 
1206.26 3.20483e-33 
1206.27 2.62271e-33 
1206.28 2.14565e-33 
1206.29 1.75481e-33 
1206.3 1.43471e-33 
1206.31 1.17263e-33 
1206.32 9.58117e-34 
1206.33 7.826e-34 
1206.34 6.39034e-34 
1206.35 5.21639e-34 
1206.36 4.25676e-34 
1206.37 3.47257e-34 
1206.38 2.83195e-34 
1206.39 2.30878e-34 
1206.39 1.88166e-34 
1206.4 1.53308e-34 
1206.41 1.24867e-34 
1206.42 1.01671e-34 
1206.43 8.27571e-35 
1206.44 6.73407e-35 
1206.45 5.47788e-35 
1206.46 4.45461e-35 
1206.47 3.62134e-35 
1206.48 2.93539e-35 
1206.49 2.38478e-35 
1206.5 1.93684e-35 
1206.51 1.57254e-35 
1206.52 1.27636e-35 
1206.53 1.03563e-35 
1206.54 8.40043e-36 
1206.55 6.81177e-36 
1206.56 5.5218e-36 
1206.57 4.47471e-36 
1206.58 3.62503e-36 
1206.59 2.93576e-36 
1206.6 0 
