#energy geo_1 
1186.6 6.94755e-07 
1186.61 6.94331e-07 
1186.62 6.93908e-07 
1186.63 6.93485e-07 
1186.64 6.93063e-07 
1186.65 6.9264e-07 
1186.66 6.92218e-07 
1186.67 6.91797e-07 
1186.68 6.91374e-07 
1186.69 6.90953e-07 
1186.7 6.90531e-07 
1186.71 6.90111e-07 
1186.72 6.8969e-07 
1186.73 6.89269e-07 
1186.74 6.88848e-07 
1186.75 6.88428e-07 
1186.76 6.88007e-07 
1186.77 6.87587e-07 
1186.78 6.87168e-07 
1186.79 6.86748e-07 
1186.8 6.86329e-07 
1186.81 6.8591e-07 
1186.81 6.8549e-07 
1186.82 6.85071e-07 
1186.83 6.84653e-07 
1186.84 6.84235e-07 
1186.85 6.83816e-07 
1186.86 6.83398e-07 
1186.87 6.82981e-07 
1186.88 6.82562e-07 
1186.89 6.82146e-07 
1186.9 6.81728e-07 
1186.91 6.81311e-07 
1186.92 6.80894e-07 
1186.93 6.80477e-07 
1186.94 6.80061e-07 
1186.95 6.79644e-07 
1186.96 6.79229e-07 
1186.97 6.78812e-07 
1186.98 6.78397e-07 
1186.99 6.77981e-07 
1187 6.77566e-07 
1187.01 6.77151e-07 
1187.02 6.76736e-07 
1187.03 6.76321e-07 
1187.04 6.75907e-07 
1187.05 6.75492e-07 
1187.06 6.75078e-07 
1187.07 6.74664e-07 
1187.08 6.7425e-07 
1187.09 6.73836e-07 
1187.1 6.73423e-07 
1187.11 6.7301e-07 
1187.12 6.72597e-07 
1187.13 6.72184e-07 
1187.14 6.71772e-07 
1187.15 6.71359e-07 
1187.16 6.70947e-07 
1187.17 6.70534e-07 
1187.18 6.70124e-07 
1187.19 6.69712e-07 
1187.2 6.693e-07 
1187.21 6.68889e-07 
1187.22 6.68478e-07 
1187.23 6.68067e-07 
1187.24 6.67657e-07 
1187.24 6.67247e-07 
1187.25 6.66836e-07 
1187.26 6.66426e-07 
1187.27 6.66017e-07 
1187.28 6.65607e-07 
1187.29 6.65197e-07 
1187.3 6.64789e-07 
1187.31 6.64379e-07 
1187.32 6.6397e-07 
1187.33 6.63562e-07 
1187.34 6.63153e-07 
1187.35 6.62745e-07 
1187.36 6.62338e-07 
1187.37 6.61929e-07 
1187.38 6.61522e-07 
1187.39 6.61114e-07 
1187.4 6.60707e-07 
1187.41 6.603e-07 
1187.42 6.59893e-07 
1187.43 6.59486e-07 
1187.44 6.5908e-07 
1187.45 6.58673e-07 
1187.46 6.58267e-07 
1187.47 6.57862e-07 
1187.48 6.57457e-07 
1187.49 6.57051e-07 
1187.5 6.56646e-07 
1187.51 6.56241e-07 
1187.52 6.55836e-07 
1187.53 6.55432e-07 
1187.54 6.55027e-07 
1187.55 6.54623e-07 
1187.56 6.54219e-07 
1187.57 6.53816e-07 
1187.58 6.53412e-07 
1187.59 6.53009e-07 
1187.6 6.52606e-07 
1187.61 6.52608e-07 
1187.62 6.52205e-07 
1187.63 6.51802e-07 
1187.64 6.51399e-07 
1187.65 6.50997e-07 
1187.66 6.50595e-07 
1187.66 6.50192e-07 
1187.67 6.49792e-07 
1187.68 6.49389e-07 
1187.69 6.48988e-07 
1187.7 6.48587e-07 
1187.71 6.48186e-07 
1187.72 6.47786e-07 
1187.73 6.47384e-07 
1187.74 6.46985e-07 
1187.75 6.46583e-07 
1187.76 6.46184e-07 
1187.77 6.45785e-07 
1187.78 6.45384e-07 
1187.79 6.44985e-07 
1187.8 6.44586e-07 
1187.81 6.44188e-07 
1187.82 6.43789e-07 
1187.83 6.4339e-07 
1187.84 6.42992e-07 
1187.85 6.42594e-07 
1187.86 6.42196e-07 
1187.87 6.41798e-07 
1187.88 6.41401e-07 
1187.89 6.41004e-07 
1187.9 6.40607e-07 
1187.91 6.4021e-07 
1187.92 6.39813e-07 
1187.93 6.39416e-07 
1187.94 6.3902e-07 
1187.95 6.38624e-07 
1187.96 6.38229e-07 
1187.97 6.37832e-07 
1187.98 6.37437e-07 
1187.99 6.37042e-07 
1188 6.36647e-07 
1188.01 6.36252e-07 
1188.02 6.35857e-07 
1188.03 6.35463e-07 
1188.04 6.35069e-07 
1188.05 6.34675e-07 
1188.06 6.34281e-07 
1188.07 6.33888e-07 
1188.08 6.33494e-07 
1188.09 6.33102e-07 
1188.09 6.32708e-07 
1188.1 6.32315e-07 
1188.11 6.31923e-07 
1188.12 6.3153e-07 
1188.13 6.31138e-07 
1188.14 6.30746e-07 
1188.15 6.30355e-07 
1188.16 6.29963e-07 
1188.17 6.29573e-07 
1188.18 6.29181e-07 
1188.19 6.2879e-07 
1188.2 6.28399e-07 
1188.21 6.28009e-07 
1188.22 6.27618e-07 
1188.23 6.27228e-07 
1188.24 6.26839e-07 
1188.25 6.2645e-07 
1188.26 6.2606e-07 
1188.27 6.2567e-07 
1188.28 6.25282e-07 
1188.29 6.24892e-07 
1188.3 6.24504e-07 
1188.31 6.24116e-07 
1188.32 6.23727e-07 
1188.33 6.2334e-07 
1188.34 6.22952e-07 
1188.35 6.22564e-07 
1188.36 6.22177e-07 
1188.37 6.2179e-07 
1188.38 6.21404e-07 
1188.39 6.21017e-07 
1188.4 6.2063e-07 
1188.41 6.20243e-07 
1188.42 6.19857e-07 
1188.43 6.19472e-07 
1188.44 6.19087e-07 
1188.45 6.18701e-07 
1188.46 6.18315e-07 
1188.47 6.1793e-07 
1188.48 6.17545e-07 
1188.49 6.17161e-07 
1188.5 6.16776e-07 
1188.51 6.16392e-07 
1188.52 6.16008e-07 
1188.52 6.15625e-07 
1188.53 6.15241e-07 
1188.54 6.14858e-07 
1188.55 6.14475e-07 
1188.56 6.14092e-07 
1188.57 6.13709e-07 
1188.58 6.13327e-07 
1188.59 6.12944e-07 
1188.6 6.12942e-07 
1188.61 6.1256e-07 
1188.62 6.12179e-07 
1188.63 6.11797e-07 
1188.64 6.11416e-07 
1188.65 6.11034e-07 
1188.66 6.10653e-07 
1188.67 6.10272e-07 
1188.68 6.09892e-07 
1188.69 6.09511e-07 
1188.7 6.09131e-07 
1188.71 6.08751e-07 
1188.72 6.08371e-07 
1188.73 6.07991e-07 
1188.74 6.07612e-07 
1188.75 6.07232e-07 
1188.76 6.06854e-07 
1188.77 6.06476e-07 
1188.78 6.06096e-07 
1188.79 6.05718e-07 
1188.8 6.0534e-07 
1188.81 6.04963e-07 
1188.82 6.04585e-07 
1188.83 6.04207e-07 
1188.84 6.03829e-07 
1188.85 6.03453e-07 
1188.86 6.03076e-07 
1188.87 6.02699e-07 
1188.88 6.02323e-07 
1188.89 6.01946e-07 
1188.9 6.01571e-07 
1188.91 6.01194e-07 
1188.92 6.00819e-07 
1188.93 6.00444e-07 
1188.94 6.00068e-07 
1188.94 5.99693e-07 
1188.95 5.99318e-07 
1188.96 5.98944e-07 
1188.97 5.9857e-07 
1188.98 5.98195e-07 
1188.99 5.97821e-07 
1189 5.97448e-07 
1189.01 5.97074e-07 
1189.02 5.96701e-07 
1189.03 5.96328e-07 
1189.04 5.95955e-07 
1189.05 5.95582e-07 
1189.06 5.9521e-07 
1189.07 5.94838e-07 
1189.08 5.94465e-07 
1189.09 5.94093e-07 
1189.1 5.93721e-07 
1189.11 5.9335e-07 
1189.12 5.92979e-07 
1189.13 5.92608e-07 
1189.14 5.92237e-07 
1189.15 5.91867e-07 
1189.16 5.91496e-07 
1189.17 5.91126e-07 
1189.18 5.90756e-07 
1189.19 5.90386e-07 
1189.2 5.90017e-07 
1189.21 5.89647e-07 
1189.22 5.89278e-07 
1189.23 5.88909e-07 
1189.24 5.8854e-07 
1189.25 5.88172e-07 
1189.26 5.87803e-07 
1189.27 5.87435e-07 
1189.28 5.87067e-07 
1189.29 5.867e-07 
1189.3 5.86332e-07 
1189.31 5.85965e-07 
1189.32 5.85598e-07 
1189.33 5.85231e-07 
1189.34 5.84864e-07 
1189.35 5.84497e-07 
1189.36 5.84132e-07 
1189.36 5.83765e-07 
1189.37 5.83399e-07 
1189.38 5.83034e-07 
1189.39 5.82668e-07 
1189.4 5.82303e-07 
1189.41 5.81938e-07 
1189.42 5.81573e-07 
1189.43 5.81208e-07 
1189.44 5.80844e-07 
1189.45 5.8048e-07 
1189.46 5.80115e-07 
1189.47 5.79751e-07 
1189.48 5.79388e-07 
1189.49 5.79024e-07 
1189.5 5.78661e-07 
1189.51 5.78298e-07 
1189.52 5.77936e-07 
1189.53 5.77573e-07 
1189.54 5.7721e-07 
1189.55 5.76849e-07 
1189.56 5.76487e-07 
1189.57 5.76124e-07 
1189.58 5.75763e-07 
1189.59 5.75401e-07 
1189.6 5.7504e-07 
1189.61 5.75036e-07 
1189.62 5.74675e-07 
1189.63 5.74314e-07 
1189.64 5.73954e-07 
1189.65 5.73593e-07 
1189.66 5.73233e-07 
1189.67 5.72873e-07 
1189.68 5.72513e-07 
1189.69 5.72153e-07 
1189.7 5.71794e-07 
1189.71 5.71435e-07 
1189.72 5.71075e-07 
1189.73 5.70717e-07 
1189.74 5.70358e-07 
1189.75 5.69999e-07 
1189.76 5.69641e-07 
1189.77 5.69283e-07 
1189.78 5.68925e-07 
1189.79 5.68567e-07 
1189.79 5.6821e-07 
1189.8 5.67853e-07 
1189.81 5.67495e-07 
1189.82 5.67138e-07 
1189.83 5.66782e-07 
1189.84 5.66425e-07 
1189.85 5.66069e-07 
1189.86 5.65713e-07 
1189.87 5.65357e-07 
1189.88 5.65001e-07 
1189.89 5.64646e-07 
1189.9 5.6429e-07 
1189.91 5.63935e-07 
1189.92 5.6358e-07 
1189.93 5.63225e-07 
1189.94 5.62871e-07 
1189.95 5.62516e-07 
1189.96 5.62162e-07 
1189.97 5.61808e-07 
1189.98 5.61454e-07 
1189.99 5.61101e-07 
1190 5.60747e-07 
1190.01 5.60394e-07 
1190.02 5.6004e-07 
1190.03 5.59688e-07 
1190.04 5.59335e-07 
1190.05 5.58982e-07 
1190.06 5.5863e-07 
1190.07 5.58278e-07 
1190.08 5.57926e-07 
1190.09 5.57574e-07 
1190.1 5.57223e-07 
1190.11 5.56871e-07 
1190.12 5.5652e-07 
1190.13 5.56169e-07 
1190.14 5.55818e-07 
1190.15 5.55467e-07 
1190.16 5.55116e-07 
1190.17 5.54766e-07 
1190.18 5.54416e-07 
1190.19 5.54066e-07 
1190.2 5.53717e-07 
1190.21 5.53366e-07 
1190.21 5.53017e-07 
1190.22 5.52668e-07 
1190.23 5.52319e-07 
1190.24 5.5197e-07 
1190.25 5.51621e-07 
1190.26 5.51272e-07 
1190.27 5.50924e-07 
1190.28 5.50576e-07 
1190.29 5.50228e-07 
1190.3 5.4988e-07 
1190.31 5.49533e-07 
1190.32 5.49184e-07 
1190.33 5.48837e-07 
1190.34 5.4849e-07 
1190.35 5.48143e-07 
1190.36 5.47796e-07 
1190.37 5.4745e-07 
1190.38 5.47103e-07 
1190.39 5.46757e-07 
1190.4 5.4641e-07 
1190.41 5.46064e-07 
1190.42 5.45718e-07 
1190.43 5.45373e-07 
1190.44 5.45028e-07 
1190.45 5.44682e-07 
1190.46 5.44337e-07 
1190.47 5.43992e-07 
1190.48 5.43647e-07 
1190.49 5.43302e-07 
1190.5 5.42958e-07 
1190.51 5.42613e-07 
1190.52 5.42269e-07 
1190.53 5.41925e-07 
1190.54 5.41581e-07 
1190.55 5.41238e-07 
1190.56 5.40894e-07 
1190.57 5.4055e-07 
1190.58 5.40207e-07 
1190.59 5.39864e-07 
1190.6 5.39521e-07 
1190.61 5.39513e-07 
1190.62 5.3917e-07 
1190.63 5.38827e-07 
1190.64 5.38484e-07 
1190.64 5.38142e-07 
1190.65 5.378e-07 
1190.66 5.37457e-07 
1190.67 5.37116e-07 
1190.68 5.36774e-07 
1190.69 5.36432e-07 
1190.7 5.36091e-07 
1190.71 5.35749e-07 
1190.72 5.35408e-07 
1190.73 5.35067e-07 
1190.74 5.34726e-07 
1190.75 5.34385e-07 
1190.76 5.34044e-07 
1190.77 5.33704e-07 
1190.78 5.33363e-07 
1190.79 5.33023e-07 
1190.8 5.32683e-07 
1190.81 5.32343e-07 
1190.82 5.32003e-07 
1190.83 5.31664e-07 
1190.84 5.31324e-07 
1190.85 5.30984e-07 
1190.86 5.30645e-07 
1190.87 5.30306e-07 
1190.88 5.29967e-07 
1190.89 5.29628e-07 
1190.9 5.29289e-07 
1190.91 5.28951e-07 
1190.92 5.28612e-07 
1190.93 5.28273e-07 
1190.94 5.27936e-07 
1190.95 5.27597e-07 
1190.96 5.27259e-07 
1190.97 5.26921e-07 
1190.98 5.26583e-07 
1190.99 5.26245e-07 
1191 5.25908e-07 
1191.01 5.25571e-07 
1191.02 5.25233e-07 
1191.03 5.24896e-07 
1191.04 5.24559e-07 
1191.05 5.24222e-07 
1191.06 5.23885e-07 
1191.07 5.23548e-07 
1191.07 5.23212e-07 
1191.08 5.22875e-07 
1191.09 5.22538e-07 
1191.1 5.22202e-07 
1191.11 5.21866e-07 
1191.12 5.2153e-07 
1191.13 5.21193e-07 
1191.14 5.20858e-07 
1191.15 5.20522e-07 
1191.16 5.20186e-07 
1191.17 5.1985e-07 
1191.18 5.19515e-07 
1191.19 5.1918e-07 
1191.2 5.18844e-07 
1191.21 5.18509e-07 
1191.22 5.18174e-07 
1191.23 5.17839e-07 
1191.24 5.17503e-07 
1191.25 5.17169e-07 
1191.26 5.16834e-07 
1191.27 5.16499e-07 
1191.28 5.16164e-07 
1191.29 5.1583e-07 
1191.3 5.15496e-07 
1191.31 5.15161e-07 
1191.32 5.14826e-07 
1191.33 5.14492e-07 
1191.34 5.14158e-07 
1191.35 5.13824e-07 
1191.36 5.1349e-07 
1191.37 5.13156e-07 
1191.38 5.12822e-07 
1191.39 5.12489e-07 
1191.4 5.12155e-07 
1191.41 5.11821e-07 
1191.42 5.11488e-07 
1191.43 5.11154e-07 
1191.44 5.1082e-07 
1191.45 5.10487e-07 
1191.46 5.10154e-07 
1191.47 5.0982e-07 
1191.48 5.09487e-07 
1191.49 5.09154e-07 
1191.49 5.08821e-07 
1191.5 5.08488e-07 
1191.51 5.08155e-07 
1191.52 5.07822e-07 
1191.53 5.07489e-07 
1191.54 5.07156e-07 
1191.55 5.06823e-07 
1191.56 5.0649e-07 
1191.57 5.06158e-07 
1191.58 5.05825e-07 
1191.59 5.05492e-07 
1191.6 5.05473e-07 
1191.61 5.0514e-07 
1191.62 5.04807e-07 
1191.63 5.04475e-07 
1191.64 5.04142e-07 
1191.65 5.0381e-07 
1191.66 5.03476e-07 
1191.67 5.03144e-07 
1191.68 5.02811e-07 
1191.69 5.02478e-07 
1191.7 5.02146e-07 
1191.71 5.01813e-07 
1191.72 5.01481e-07 
1191.73 5.01148e-07 
1191.74 5.00816e-07 
1191.75 5.00483e-07 
1191.76 5.00151e-07 
1191.77 4.99818e-07 
1191.78 4.99486e-07 
1191.79 4.99153e-07 
1191.8 4.98821e-07 
1191.81 4.98488e-07 
1191.82 4.98156e-07 
1191.83 4.97824e-07 
1191.84 4.97491e-07 
1191.85 4.97158e-07 
1191.86 4.96826e-07 
1191.87 4.96493e-07 
1191.88 4.96161e-07 
1191.89 4.95828e-07 
1191.9 4.95496e-07 
1191.91 4.95163e-07 
1191.92 4.94831e-07 
1191.92 4.94498e-07 
1191.93 4.94165e-07 
1191.94 4.93833e-07 
1191.95 4.935e-07 
1191.96 4.93167e-07 
1191.97 4.92835e-07 
1191.98 4.92502e-07 
1191.99 4.92169e-07 
1192 4.91836e-07 
1192.01 4.91503e-07 
1192.02 4.9117e-07 
1192.03 4.90837e-07 
1192.04 4.90504e-07 
1192.05 4.90171e-07 
1192.06 4.89838e-07 
1192.07 4.89505e-07 
1192.08 4.89171e-07 
1192.09 4.88838e-07 
1192.1 4.88504e-07 
1192.11 4.88172e-07 
1192.12 4.87838e-07 
1192.13 4.87504e-07 
1192.14 4.87171e-07 
1192.15 4.86837e-07 
1192.16 4.86503e-07 
1192.17 4.86169e-07 
1192.18 4.85835e-07 
1192.19 4.85501e-07 
1192.2 4.85167e-07 
1192.21 4.84833e-07 
1192.22 4.84498e-07 
1192.23 4.84164e-07 
1192.24 4.8383e-07 
1192.25 4.83495e-07 
1192.26 4.83161e-07 
1192.27 4.82825e-07 
1192.28 4.82491e-07 
1192.29 4.82155e-07 
1192.3 4.81821e-07 
1192.31 4.81486e-07 
1192.32 4.8115e-07 
1192.33 4.80815e-07 
1192.34 4.80479e-07 
1192.34 4.80144e-07 
1192.35 4.79808e-07 
1192.36 4.79472e-07 
1192.37 4.79136e-07 
1192.38 4.78799e-07 
1192.39 4.78463e-07 
1192.4 4.78127e-07 
1192.41 4.77791e-07 
1192.42 4.77454e-07 
1192.43 4.77117e-07 
1192.44 4.7678e-07 
1192.45 4.76442e-07 
1192.46 4.76106e-07 
1192.47 4.75768e-07 
1192.48 4.7543e-07 
1192.49 4.75093e-07 
1192.5 4.74755e-07 
1192.51 4.74416e-07 
1192.52 4.74078e-07 
1192.53 4.7374e-07 
1192.54 4.73401e-07 
1192.55 4.73063e-07 
1192.56 4.72724e-07 
1192.57 4.72384e-07 
1192.58 4.72045e-07 
1192.59 4.71706e-07 
1192.6 4.71366e-07 
1192.61 4.71318e-07 
1192.62 4.70977e-07 
1192.63 4.70637e-07 
1192.64 4.70296e-07 
1192.65 4.69955e-07 
1192.66 4.69613e-07 
1192.67 4.69273e-07 
1192.68 4.68931e-07 
1192.69 4.68589e-07 
1192.7 4.68247e-07 
1192.71 4.67905e-07 
1192.72 4.67563e-07 
1192.73 4.6722e-07 
1192.74 4.66877e-07 
1192.75 4.66534e-07 
1192.76 4.66191e-07 
1192.77 4.65847e-07 
1192.77 4.65503e-07 
1192.78 4.65159e-07 
1192.79 4.64815e-07 
1192.8 4.6447e-07 
1192.81 4.64125e-07 
1192.82 4.6378e-07 
1192.83 4.63435e-07 
1192.84 4.63089e-07 
1192.85 4.62743e-07 
1192.86 4.62397e-07 
1192.87 4.6205e-07 
1192.88 4.61704e-07 
1192.89 4.61356e-07 
1192.9 4.61009e-07 
1192.91 4.60662e-07 
1192.92 4.60314e-07 
1192.93 4.59965e-07 
1192.94 4.59617e-07 
1192.95 4.59268e-07 
1192.96 4.58919e-07 
1192.97 4.5857e-07 
1192.98 4.5822e-07 
1192.99 4.5787e-07 
1193 4.5752e-07 
1193.01 4.57168e-07 
1193.02 4.56818e-07 
1193.03 4.56466e-07 
1193.04 4.56115e-07 
1193.05 4.55763e-07 
1193.06 4.5541e-07 
1193.07 4.55057e-07 
1193.08 4.54704e-07 
1193.09 4.54351e-07 
1193.1 4.53997e-07 
1193.11 4.53642e-07 
1193.12 4.53289e-07 
1193.13 4.52934e-07 
1193.14 4.52578e-07 
1193.15 4.52222e-07 
1193.16 4.51867e-07 
1193.17 4.5151e-07 
1193.18 4.51153e-07 
1193.19 4.50796e-07 
1193.19 4.50439e-07 
1193.2 4.50081e-07 
1193.21 4.49722e-07 
1193.22 4.49364e-07 
1193.23 4.49004e-07 
1193.24 4.48645e-07 
1193.25 4.48285e-07 
1193.26 4.47924e-07 
1193.27 4.47564e-07 
1193.28 4.47203e-07 
1193.29 4.46841e-07 
1193.3 4.46479e-07 
1193.31 4.46116e-07 
1193.32 4.45753e-07 
1193.33 4.4539e-07 
1193.34 4.45026e-07 
1193.35 4.44661e-07 
1193.36 4.44297e-07 
1193.37 4.43931e-07 
1193.38 4.43566e-07 
1193.39 4.43199e-07 
1193.4 4.42833e-07 
1193.41 4.42466e-07 
1193.42 4.42098e-07 
1193.43 4.4173e-07 
1193.44 4.41361e-07 
1193.45 4.40992e-07 
1193.46 4.40623e-07 
1193.47 4.40253e-07 
1193.48 4.39882e-07 
1193.49 4.39511e-07 
1193.5 4.3914e-07 
1193.51 4.38767e-07 
1193.52 4.38394e-07 
1193.53 4.38021e-07 
1193.54 4.37647e-07 
1193.55 4.37273e-07 
1193.56 4.36898e-07 
1193.57 4.36523e-07 
1193.58 4.36147e-07 
1193.59 4.3577e-07 
1193.6 4.35394e-07 
1193.61 4.35286e-07 
1193.62 4.34907e-07 
1193.62 4.34528e-07 
1193.63 4.34149e-07 
1193.64 4.33768e-07 
1193.65 4.33388e-07 
1193.66 4.33007e-07 
1193.67 4.32625e-07 
1193.68 4.32243e-07 
1193.69 4.31859e-07 
1193.7 4.31476e-07 
1193.71 4.31092e-07 
1193.72 4.30707e-07 
1193.73 4.30321e-07 
1193.74 4.29935e-07 
1193.75 4.29549e-07 
1193.76 4.29161e-07 
1193.77 4.28773e-07 
1193.78 4.28384e-07 
1193.79 4.27995e-07 
1193.8 4.27605e-07 
1193.81 4.27215e-07 
1193.82 4.26824e-07 
1193.83 4.26432e-07 
1193.84 4.26039e-07 
1193.85 4.25646e-07 
1193.86 4.25252e-07 
1193.87 4.24857e-07 
1193.88 4.24462e-07 
1193.89 4.24066e-07 
1193.9 4.2367e-07 
1193.91 4.23272e-07 
1193.92 4.22874e-07 
1193.93 4.22475e-07 
1193.94 4.22076e-07 
1193.95 4.21676e-07 
1193.96 4.21275e-07 
1193.97 4.20873e-07 
1193.98 4.20471e-07 
1193.99 4.20068e-07 
1194 4.19664e-07 
1194.01 4.19259e-07 
1194.02 4.18854e-07 
1194.03 4.18448e-07 
1194.04 4.18042e-07 
1194.05 4.17634e-07 
1194.05 4.17225e-07 
1194.06 4.16817e-07 
1194.07 4.16407e-07 
1194.08 4.15996e-07 
1194.09 4.15585e-07 
1194.1 4.15172e-07 
1194.11 4.14759e-07 
1194.12 4.14345e-07 
1194.13 4.13931e-07 
1194.14 4.13515e-07 
1194.15 4.13099e-07 
1194.16 4.12682e-07 
1194.17 4.12264e-07 
1194.18 4.11845e-07 
1194.19 4.11426e-07 
1194.2 4.11005e-07 
1194.21 4.10584e-07 
1194.22 4.10162e-07 
1194.23 4.09739e-07 
1194.24 4.09315e-07 
1194.25 4.08891e-07 
1194.26 4.08465e-07 
1194.27 4.08039e-07 
1194.28 4.07611e-07 
1194.29 4.07184e-07 
1194.3 4.06755e-07 
1194.31 4.06325e-07 
1194.32 4.05894e-07 
1194.33 4.05462e-07 
1194.34 4.0503e-07 
1194.35 4.04596e-07 
1194.36 4.04162e-07 
1194.37 4.03726e-07 
1194.38 4.0329e-07 
1194.39 4.02853e-07 
1194.4 4.02415e-07 
1194.41 4.01976e-07 
1194.42 4.01536e-07 
1194.43 4.01095e-07 
1194.44 4.00653e-07 
1194.45 4.0021e-07 
1194.46 3.99766e-07 
1194.47 3.99322e-07 
1194.47 3.98876e-07 
1194.48 3.9843e-07 
1194.49 3.97982e-07 
1194.5 3.97533e-07 
1194.51 3.97084e-07 
1194.52 3.96633e-07 
1194.53 3.96182e-07 
1194.54 3.95729e-07 
1194.55 3.95275e-07 
1194.56 3.94821e-07 
1194.57 3.94365e-07 
1194.58 3.93908e-07 
1194.59 3.93451e-07 
1194.6 3.92992e-07 
1194.61 3.92775e-07 
1194.62 3.92314e-07 
1194.63 3.91852e-07 
1194.64 3.9139e-07 
1194.65 3.90925e-07 
1194.66 3.9046e-07 
1194.67 3.89994e-07 
1194.68 3.89527e-07 
1194.69 3.89058e-07 
1194.7 3.88589e-07 
1194.71 3.88118e-07 
1194.72 3.87647e-07 
1194.73 3.87175e-07 
1194.74 3.86701e-07 
1194.75 3.86226e-07 
1194.76 3.85751e-07 
1194.77 3.85274e-07 
1194.78 3.84796e-07 
1194.79 3.84316e-07 
1194.8 3.83836e-07 
1194.81 3.83355e-07 
1194.82 3.82873e-07 
1194.83 3.8239e-07 
1194.84 3.81905e-07 
1194.85 3.8142e-07 
1194.86 3.80933e-07 
1194.87 3.80445e-07 
1194.88 3.79956e-07 
1194.89 3.79466e-07 
1194.9 3.78975e-07 
1194.9 3.78483e-07 
1194.91 3.7799e-07 
1194.92 3.77496e-07 
1194.93 3.77e-07 
1194.94 3.76504e-07 
1194.95 3.76006e-07 
1194.96 3.75508e-07 
1194.97 3.75008e-07 
1194.98 3.74507e-07 
1194.99 3.74005e-07 
1195 3.73502e-07 
1195.01 3.72998e-07 
1195.02 3.72492e-07 
1195.03 3.71986e-07 
1195.04 3.71479e-07 
1195.05 3.70971e-07 
1195.06 3.70461e-07 
1195.07 3.69951e-07 
1195.08 3.6944e-07 
1195.09 3.68927e-07 
1195.1 3.68414e-07 
1195.11 3.67899e-07 
1195.12 3.67384e-07 
1195.13 3.66867e-07 
1195.14 3.6635e-07 
1195.15 3.65832e-07 
1195.16 3.65313e-07 
1195.17 3.64793e-07 
1195.18 3.64272e-07 
1195.19 3.6375e-07 
1195.2 3.63227e-07 
1195.21 3.62703e-07 
1195.22 3.62179e-07 
1195.23 3.61654e-07 
1195.24 3.61128e-07 
1195.25 3.60601e-07 
1195.26 3.60074e-07 
1195.27 3.59546e-07 
1195.28 3.59017e-07 
1195.29 3.58488e-07 
1195.3 3.57958e-07 
1195.31 3.57428e-07 
1195.32 3.56897e-07 
1195.32 3.56366e-07 
1195.33 3.55833e-07 
1195.34 3.55301e-07 
1195.35 3.54769e-07 
1195.36 3.54236e-07 
1195.37 3.53703e-07 
1195.38 3.5317e-07 
1195.39 3.52636e-07 
1195.4 3.52103e-07 
1195.41 3.5157e-07 
1195.42 3.51037e-07 
1195.43 3.50503e-07 
1195.44 3.49971e-07 
1195.45 3.49438e-07 
1195.46 3.48905e-07 
1195.47 3.48374e-07 
1195.48 3.47843e-07 
1195.49 3.47313e-07 
1195.5 3.46783e-07 
1195.51 3.46255e-07 
1195.52 3.45726e-07 
1195.53 3.45199e-07 
1195.54 3.44674e-07 
1195.55 3.44149e-07 
1195.56 3.43627e-07 
1195.57 3.43105e-07 
1195.58 3.42585e-07 
1195.59 3.42067e-07 
1195.6 3.41551e-07 
1195.61 3.41249e-07 
1195.62 3.40737e-07 
1195.63 3.40227e-07 
1195.64 3.39721e-07 
1195.65 3.39217e-07 
1195.66 3.38716e-07 
1195.67 3.38219e-07 
1195.68 3.37724e-07 
1195.69 3.37234e-07 
1195.7 3.36747e-07 
1195.71 3.36264e-07 
1195.72 3.35786e-07 
1195.73 3.35314e-07 
1195.74 3.34845e-07 
1195.75 3.34381e-07 
1195.75 3.33923e-07 
1195.76 3.3347e-07 
1195.77 3.33024e-07 
1195.78 3.32583e-07 
1195.79 3.32149e-07 
1195.8 3.31722e-07 
1195.81 3.31302e-07 
1195.82 3.30891e-07 
1195.83 3.30486e-07 
1195.84 3.30091e-07 
1195.85 3.29704e-07 
1195.86 3.29326e-07 
1195.87 3.28957e-07 
1195.88 3.28599e-07 
1195.89 3.28252e-07 
1195.9 3.27915e-07 
1195.91 3.2759e-07 
1195.92 3.27276e-07 
1195.93 3.26975e-07 
1195.94 3.26687e-07 
1195.95 3.26413e-07 
1195.96 3.26152e-07 
1195.97 3.25906e-07 
1195.98 3.25681e-07 
1195.99 3.25467e-07 
1196 3.25269e-07 
1196.01 3.25088e-07 
1196.02 3.24925e-07 
1196.03 3.2478e-07 
1196.04 3.24655e-07 
1196.05 3.2455e-07 
1196.06 3.24465e-07 
1196.07 3.24403e-07 
1196.08 3.24362e-07 
1196.09 3.24345e-07 
1196.1 3.24351e-07 
1196.11 3.24382e-07 
1196.12 3.24439e-07 
1196.13 3.24523e-07 
1196.14 3.24634e-07 
1196.15 3.24774e-07 
1196.16 3.24943e-07 
1196.17 3.25143e-07 
1196.17 3.25374e-07 
1196.18 3.25638e-07 
1196.19 3.25936e-07 
1196.2 3.26268e-07 
1196.21 3.26637e-07 
1196.22 3.27056e-07 
1196.23 3.27501e-07 
1196.24 3.27984e-07 
1196.25 3.28509e-07 
1196.26 3.29075e-07 
1196.27 3.29685e-07 
1196.28 3.3034e-07 
1196.29 3.3104e-07 
1196.3 3.31788e-07 
1196.31 3.32585e-07 
1196.32 3.33432e-07 
1196.33 3.3433e-07 
1196.34 3.35282e-07 
1196.35 3.36288e-07 
1196.36 3.37351e-07 
1196.37 3.38471e-07 
1196.38 3.39651e-07 
1196.39 3.40892e-07 
1196.4 3.42195e-07 
1196.41 3.43563e-07 
1196.42 3.44996e-07 
1196.43 3.46498e-07 
1196.44 3.48069e-07 
1196.45 3.49711e-07 
1196.46 3.51426e-07 
1196.47 3.53216e-07 
1196.48 3.55116e-07 
1196.49 3.57063e-07 
1196.5 3.5909e-07 
1196.51 3.612e-07 
1196.52 3.63394e-07 
1196.53 3.65674e-07 
1196.54 3.68043e-07 
1196.55 3.70503e-07 
1196.56 3.73055e-07 
1196.57 3.75701e-07 
1196.58 3.78444e-07 
1196.59 3.81285e-07 
1196.6 3.84227e-07 
1196.6 3.87512e-07 
1196.61 3.90664e-07 
1196.62 3.93923e-07 
1196.63 3.97291e-07 
1196.64 4.00771e-07 
1196.65 4.04364e-07 
1196.66 4.08073e-07 
1196.67 4.119e-07 
1196.68 4.15848e-07 
1196.69 4.19917e-07 
1196.7 4.24112e-07 
1196.71 4.28433e-07 
1196.72 4.32882e-07 
1196.73 4.37531e-07 
1196.74 4.42247e-07 
1196.75 4.47098e-07 
1196.76 4.52087e-07 
1196.77 4.57216e-07 
1196.78 4.62487e-07 
1196.79 4.67902e-07 
1196.8 4.73464e-07 
1196.81 4.79172e-07 
1196.82 4.85032e-07 
1196.83 4.91045e-07 
1196.84 4.97211e-07 
1196.85 5.03534e-07 
1196.86 5.10016e-07 
1196.87 5.16659e-07 
1196.88 5.23463e-07 
1196.89 5.30431e-07 
1196.9 5.37566e-07 
1196.91 5.44868e-07 
1196.92 5.5234e-07 
1196.93 5.59983e-07 
1196.94 5.678e-07 
1196.95 5.75791e-07 
1196.96 5.83957e-07 
1196.97 5.92303e-07 
1196.98 6.00944e-07 
1196.99 6.0965e-07 
1197 6.1854e-07 
1197.01 6.27611e-07 
1197.02 6.36867e-07 
1197.03 6.46308e-07 
1197.03 6.55937e-07 
1197.04 6.65752e-07 
1197.05 6.75757e-07 
1197.06 6.8595e-07 
1197.07 6.96334e-07 
1197.08 7.06907e-07 
1197.09 7.17673e-07 
1197.1 7.2863e-07 
1197.11 7.3978e-07 
1197.12 7.51122e-07 
1197.13 7.62656e-07 
1197.14 7.74383e-07 
1197.15 7.86303e-07 
1197.16 7.98416e-07 
1197.17 8.10721e-07 
1197.18 8.23218e-07 
1197.19 8.35906e-07 
1197.2 8.48786e-07 
1197.21 8.61858e-07 
1197.22 8.75117e-07 
1197.23 8.88747e-07 
1197.24 9.02387e-07 
1197.25 9.16212e-07 
1197.26 9.30223e-07 
1197.27 9.4442e-07 
1197.28 9.58798e-07 
1197.29 9.73357e-07 
1197.3 9.88096e-07 
1197.31 1.00301e-06 
1197.32 1.0181e-06 
1197.33 1.03337e-06 
1197.34 1.0488e-06 
1197.35 1.06441e-06 
1197.36 1.08018e-06 
1197.37 1.09611e-06 
1197.38 1.1122e-06 
1197.39 1.12845e-06 
1197.4 1.14486e-06 
1197.41 1.16141e-06 
1197.42 1.17812e-06 
1197.43 1.19497e-06 
1197.44 1.21195e-06 
1197.45 1.22908e-06 
1197.45 1.24634e-06 
1197.46 1.26373e-06 
1197.47 1.28124e-06 
1197.48 1.2991e-06 
1197.49 1.31685e-06 
1197.5 1.33471e-06 
1197.51 1.35268e-06 
1197.52 1.37075e-06 
1197.53 1.38892e-06 
1197.54 1.40718e-06 
1197.55 1.42552e-06 
1197.56 1.44395e-06 
1197.57 1.46245e-06 
1197.58 1.48102e-06 
1197.59 1.49966e-06 
1197.6 1.51835e-06 
1197.61 1.53805e-06 
1197.62 1.55686e-06 
1197.63 1.5757e-06 
1197.64 1.59459e-06 
1197.65 1.6135e-06 
1197.66 1.63243e-06 
1197.67 1.65138e-06 
1197.68 1.67034e-06 
1197.69 1.68929e-06 
1197.7 1.70825e-06 
1197.71 1.72719e-06 
1197.72 1.74612e-06 
1197.73 1.76526e-06 
1197.74 1.78413e-06 
1197.75 1.80296e-06 
1197.76 1.82174e-06 
1197.77 1.84047e-06 
1197.78 1.85913e-06 
1197.79 1.87773e-06 
1197.8 1.89625e-06 
1197.81 1.91469e-06 
1197.82 1.93304e-06 
1197.83 1.9513e-06 
1197.84 1.96945e-06 
1197.85 1.98748e-06 
1197.86 2.0054e-06 
1197.87 2.02319e-06 
1197.88 2.04084e-06 
1197.88 2.05835e-06 
1197.89 2.07572e-06 
1197.9 2.09292e-06 
1197.91 2.10997e-06 
1197.92 2.12684e-06 
1197.93 2.14353e-06 
1197.94 2.16004e-06 
1197.95 2.17635e-06 
1197.96 2.19247e-06 
1197.97 2.20838e-06 
1197.98 2.22427e-06 
1197.99 2.23975e-06 
1198 2.25499e-06 
1198.01 2.26999e-06 
1198.02 2.28476e-06 
1198.03 2.29928e-06 
1198.04 2.31354e-06 
1198.05 2.32755e-06 
1198.06 2.34128e-06 
1198.07 2.35475e-06 
1198.08 2.36793e-06 
1198.09 2.38083e-06 
1198.1 2.39343e-06 
1198.11 2.40574e-06 
1198.12 2.41775e-06 
1198.13 2.42945e-06 
1198.14 2.44084e-06 
1198.15 2.45191e-06 
1198.16 2.46265e-06 
1198.17 2.47307e-06 
1198.18 2.48316e-06 
1198.19 2.4929e-06 
1198.2 2.50231e-06 
1198.21 2.51137e-06 
1198.22 2.52008e-06 
1198.23 2.52855e-06 
1198.24 2.53654e-06 
1198.25 2.54418e-06 
1198.26 2.55145e-06 
1198.27 2.55836e-06 
1198.28 2.56489e-06 
1198.29 2.57105e-06 
1198.3 2.57684e-06 
1198.3 2.58224e-06 
1198.31 2.58727e-06 
1198.32 2.59192e-06 
1198.33 2.59618e-06 
1198.34 2.60006e-06 
1198.35 2.60355e-06 
1198.36 2.60666e-06 
1198.37 2.60938e-06 
1198.38 2.6117e-06 
1198.39 2.61364e-06 
1198.4 2.61519e-06 
1198.41 2.61635e-06 
1198.42 2.61712e-06 
1198.43 2.6175e-06 
1198.44 2.61749e-06 
1198.45 2.6171e-06 
1198.46 2.61631e-06 
1198.47 2.61514e-06 
1198.48 2.61357e-06 
1198.49 2.61163e-06 
1198.5 2.6093e-06 
1198.51 2.6066e-06 
1198.52 2.60352e-06 
1198.53 2.60006e-06 
1198.54 2.59623e-06 
1198.55 2.59204e-06 
1198.56 2.58747e-06 
1198.57 2.58254e-06 
1198.58 2.57725e-06 
1198.59 2.5716e-06 
1198.6 2.5656e-06 
1198.61 2.56083e-06 
1198.62 2.55413e-06 
1198.63 2.54709e-06 
1198.64 2.53971e-06 
1198.65 2.53201e-06 
1198.66 2.52397e-06 
1198.67 2.5156e-06 
1198.68 2.50692e-06 
1198.69 2.49793e-06 
1198.7 2.48863e-06 
1198.71 2.47903e-06 
1198.72 2.46913e-06 
1198.73 2.45881e-06 
1198.73 2.44833e-06 
1198.74 2.43757e-06 
1198.75 2.42654e-06 
1198.76 2.41524e-06 
1198.77 2.40368e-06 
1198.78 2.39187e-06 
1198.79 2.3798e-06 
1198.8 2.3675e-06 
1198.81 2.35496e-06 
1198.82 2.3422e-06 
1198.83 2.32921e-06 
1198.84 2.31601e-06 
1198.85 2.3026e-06 
1198.86 2.28899e-06 
1198.87 2.2752e-06 
1198.88 2.26121e-06 
1198.89 2.24705e-06 
1198.9 2.23272e-06 
1198.91 2.21822e-06 
1198.92 2.20357e-06 
1198.93 2.18877e-06 
1198.94 2.17384e-06 
1198.95 2.15876e-06 
1198.96 2.14357e-06 
1198.97 2.12825e-06 
1198.98 2.11264e-06 
1198.99 2.09711e-06 
1199 2.08149e-06 
1199.01 2.06578e-06 
1199.02 2.04999e-06 
1199.03 2.03413e-06 
1199.04 2.01821e-06 
1199.05 2.00223e-06 
1199.06 1.9862e-06 
1199.07 1.97013e-06 
1199.08 1.95403e-06 
1199.09 1.9379e-06 
1199.1 1.92175e-06 
1199.11 1.9056e-06 
1199.12 1.88944e-06 
1199.13 1.87328e-06 
1199.14 1.85713e-06 
1199.15 1.841e-06 
1199.15 1.82489e-06 
1199.16 1.80882e-06 
1199.17 1.79279e-06 
1199.18 1.7768e-06 
1199.19 1.76087e-06 
1199.2 1.745e-06 
1199.21 1.72919e-06 
1199.22 1.71327e-06 
1199.23 1.69761e-06 
1199.24 1.68205e-06 
1199.25 1.66657e-06 
1199.26 1.6512e-06 
1199.27 1.63592e-06 
1199.28 1.62076e-06 
1199.29 1.60572e-06 
1199.3 1.5908e-06 
1199.31 1.576e-06 
1199.32 1.56134e-06 
1199.33 1.54682e-06 
1199.34 1.53244e-06 
1199.35 1.51821e-06 
1199.36 1.50414e-06 
1199.37 1.49022e-06 
1199.38 1.47646e-06 
1199.39 1.46288e-06 
1199.4 1.44946e-06 
1199.41 1.43622e-06 
1199.42 1.42316e-06 
1199.43 1.41029e-06 
1199.44 1.3976e-06 
1199.45 1.38511e-06 
1199.46 1.37281e-06 
1199.47 1.36071e-06 
1199.48 1.34866e-06 
1199.49 1.33697e-06 
1199.5 1.32548e-06 
1199.51 1.3142e-06 
1199.52 1.30314e-06 
1199.53 1.29228e-06 
1199.54 1.28165e-06 
1199.55 1.27123e-06 
1199.56 1.26103e-06 
1199.57 1.25105e-06 
1199.58 1.2413e-06 
1199.58 1.23177e-06 
1199.59 1.22247e-06 
1199.6 1.21339e-06 
1199.61 1.20527e-06 
1199.62 1.19664e-06 
1199.63 1.18824e-06 
1199.64 1.18006e-06 
1199.65 1.17211e-06 
1199.66 1.16439e-06 
1199.67 1.15689e-06 
1199.68 1.14962e-06 
1199.69 1.14258e-06 
1199.7 1.13576e-06 
1199.71 1.12916e-06 
1199.72 1.12279e-06 
1199.73 1.11657e-06 
1199.74 1.11063e-06 
1199.75 1.10492e-06 
1199.76 1.09943e-06 
1199.77 1.09414e-06 
1199.78 1.08907e-06 
1199.79 1.08421e-06 
1199.8 1.07955e-06 
1199.81 1.0751e-06 
1199.82 1.07085e-06 
1199.83 1.0668e-06 
1199.84 1.06294e-06 
1199.85 1.05927e-06 
1199.86 1.0558e-06 
1199.87 1.0525e-06 
1199.88 1.04939e-06 
1199.89 1.04646e-06 
1199.9 1.0437e-06 
1199.91 1.04111e-06 
1199.92 1.03869e-06 
1199.93 1.03643e-06 
1199.94 1.03433e-06 
1199.95 1.03238e-06 
1199.96 1.03058e-06 
1199.97 1.02892e-06 
1199.98 1.02739e-06 
1199.99 1.02601e-06 
1200 1.02476e-06 
1200.01 1.02363e-06 
1200.01 1.02263e-06 
1200.02 1.02174e-06 
1200.03 1.02096e-06 
1200.04 1.02028e-06 
1200.05 1.01971e-06 
1200.06 1.01923e-06 
1200.07 1.01884e-06 
1200.08 1.01854e-06 
1200.09 1.01831e-06 
1200.1 1.01816e-06 
1200.11 1.01808e-06 
1200.12 1.01806e-06 
1200.13 1.0181e-06 
1200.14 1.0182e-06 
1200.15 1.01834e-06 
1200.16 1.01853e-06 
1200.17 1.01875e-06 
1200.18 1.01901e-06 
1200.19 1.01929e-06 
1200.2 1.0196e-06 
1200.21 1.01992e-06 
1200.22 1.02026e-06 
1200.23 1.02061e-06 
1200.24 1.02096e-06 
1200.25 1.02131e-06 
1200.26 1.02165e-06 
1200.27 1.02198e-06 
1200.28 1.02229e-06 
1200.29 1.02258e-06 
1200.3 1.02285e-06 
1200.31 1.02309e-06 
1200.32 1.0233e-06 
1200.33 1.02348e-06 
1200.34 1.02361e-06 
1200.35 1.02369e-06 
1200.36 1.02373e-06 
1200.37 1.02372e-06 
1200.38 1.02365e-06 
1200.39 1.02353e-06 
1200.4 1.02335e-06 
1200.41 1.0231e-06 
1200.42 1.02278e-06 
1200.43 1.02239e-06 
1200.43 1.02193e-06 
1200.44 1.0214e-06 
1200.45 1.02079e-06 
1200.46 1.0201e-06 
1200.47 1.01933e-06 
1200.48 1.01847e-06 
1200.49 1.01753e-06 
1200.5 1.01651e-06 
1200.51 1.0154e-06 
1200.52 1.0142e-06 
1200.53 1.01291e-06 
1200.54 1.01154e-06 
1200.55 1.01007e-06 
1200.56 1.00851e-06 
1200.57 1.00686e-06 
1200.58 1.00512e-06 
1200.59 1.00329e-06 
1200.6 1.00136e-06 
1200.61 9.99965e-07 
1200.62 9.97859e-07 
1200.63 9.95664e-07 
1200.64 9.93381e-07 
1200.65 9.9101e-07 
1200.66 9.88552e-07 
1200.67 9.86009e-07 
1200.68 9.83384e-07 
1200.69 9.80675e-07 
1200.7 9.77887e-07 
1200.71 9.7502e-07 
1200.72 9.72077e-07 
1200.73 9.69025e-07 
1200.74 9.65935e-07 
1200.75 9.62776e-07 
1200.76 9.5955e-07 
1200.77 9.5626e-07 
1200.78 9.52908e-07 
1200.79 9.49498e-07 
1200.8 9.46033e-07 
1200.81 9.42515e-07 
1200.82 9.38949e-07 
1200.83 9.35337e-07 
1200.84 9.31683e-07 
1200.85 9.27989e-07 
1200.85 9.24261e-07 
1200.86 9.20501e-07 
1200.87 9.16713e-07 
1200.88 9.129e-07 
1200.89 9.09068e-07 
1200.9 9.05218e-07 
1200.91 9.01356e-07 
1200.92 8.97486e-07 
1200.93 8.9361e-07 
1200.94 8.89732e-07 
1200.95 8.85858e-07 
1200.96 8.81993e-07 
1200.97 8.78137e-07 
1200.98 8.74252e-07 
1200.99 8.70432e-07 
1201 8.66633e-07 
1201.01 8.62863e-07 
1201.02 8.59124e-07 
1201.03 8.5542e-07 
1201.04 8.51754e-07 
1201.05 8.48131e-07 
1201.06 8.44555e-07 
1201.07 8.41028e-07 
1201.08 8.37556e-07 
1201.09 8.3414e-07 
1201.1 8.30787e-07 
1201.11 8.27497e-07 
1201.12 8.24276e-07 
1201.13 8.21124e-07 
1201.14 8.18048e-07 
1201.15 8.15049e-07 
1201.16 8.1213e-07 
1201.17 8.09294e-07 
1201.18 8.06545e-07 
1201.19 8.03883e-07 
1201.2 8.01313e-07 
1201.21 7.98837e-07 
1201.22 7.96456e-07 
1201.23 7.94148e-07 
1201.24 7.91966e-07 
1201.25 7.89887e-07 
1201.26 7.87911e-07 
1201.27 7.86039e-07 
1201.28 7.84276e-07 
1201.28 7.8262e-07 
1201.29 7.81072e-07 
1201.3 7.79635e-07 
1201.31 7.78308e-07 
1201.32 7.77093e-07 
1201.33 7.7599e-07 
1201.34 7.74999e-07 
1201.35 7.74121e-07 
1201.36 7.73356e-07 
1201.37 7.72703e-07 
1201.38 7.72162e-07 
1201.39 7.71733e-07 
1201.4 7.71415e-07 
1201.41 7.71207e-07 
1201.42 7.71109e-07 
1201.43 7.71118e-07 
1201.44 7.71235e-07 
1201.45 7.71458e-07 
1201.46 7.71783e-07 
1201.47 7.72211e-07 
1201.48 7.72751e-07 
1201.49 7.73378e-07 
1201.5 7.74103e-07 
1201.51 7.7492e-07 
1201.52 7.75831e-07 
1201.53 7.76829e-07 
1201.54 7.77912e-07 
1201.55 7.7908e-07 
1201.56 7.80328e-07 
1201.57 7.81651e-07 
1201.58 7.83049e-07 
1201.59 7.84517e-07 
1201.6 7.86053e-07 
1201.61 7.88136e-07 
1201.62 7.89795e-07 
1201.63 7.91509e-07 
1201.64 7.93276e-07 
1201.65 7.95091e-07 
1201.66 7.96948e-07 
1201.67 7.98846e-07 
1201.68 8.00778e-07 
1201.69 8.02744e-07 
1201.7 8.04735e-07 
1201.7 8.06749e-07 
1201.71 8.08781e-07 
1201.72 8.10854e-07 
1201.73 8.12907e-07 
1201.74 8.14967e-07 
1201.75 8.17025e-07 
1201.76 8.19078e-07 
1201.77 8.21122e-07 
1201.78 8.23151e-07 
1201.79 8.25162e-07 
1201.8 8.27148e-07 
1201.81 8.29108e-07 
1201.82 8.31033e-07 
1201.83 8.32922e-07 
1201.84 8.34768e-07 
1201.85 8.36568e-07 
1201.86 8.38316e-07 
1201.87 8.40009e-07 
1201.88 8.41642e-07 
1201.89 8.43211e-07 
1201.9 8.44711e-07 
1201.91 8.46138e-07 
1201.92 8.47487e-07 
1201.93 8.48755e-07 
1201.94 8.49938e-07 
1201.95 8.51032e-07 
1201.96 8.52032e-07 
1201.97 8.52936e-07 
1201.98 8.53749e-07 
1201.99 8.54447e-07 
1202 8.55036e-07 
1202.01 8.55514e-07 
1202.02 8.55879e-07 
1202.03 8.56126e-07 
1202.04 8.56252e-07 
1202.05 8.56255e-07 
1202.06 8.56133e-07 
1202.07 8.55883e-07 
1202.08 8.55499e-07 
1202.09 8.54984e-07 
1202.1 8.54334e-07 
1202.11 8.53545e-07 
1202.12 8.52617e-07 
1202.13 8.51548e-07 
1202.13 8.50335e-07 
1202.14 8.48979e-07 
1202.15 8.47476e-07 
1202.16 8.45828e-07 
1202.17 8.4403e-07 
1202.18 8.42085e-07 
1202.19 8.39989e-07 
1202.2 8.37744e-07 
1202.21 8.35348e-07 
1202.22 8.3277e-07 
1202.23 8.30072e-07 
1202.24 8.27222e-07 
1202.25 8.24222e-07 
1202.26 8.21071e-07 
1202.27 8.17771e-07 
1202.28 8.14321e-07 
1202.29 8.10723e-07 
1202.3 8.06979e-07 
1202.31 8.03086e-07 
1202.32 7.99051e-07 
1202.33 7.9487e-07 
1202.34 7.90547e-07 
1202.35 7.86084e-07 
1202.36 7.81481e-07 
1202.37 7.76741e-07 
1202.38 7.71866e-07 
1202.39 7.66859e-07 
1202.4 7.6172e-07 
1202.41 7.56452e-07 
1202.42 7.51058e-07 
1202.43 7.45542e-07 
1202.44 7.39904e-07 
1202.45 7.34147e-07 
1202.46 7.28275e-07 
1202.47 7.22291e-07 
1202.48 7.16121e-07 
1202.49 7.0992e-07 
1202.5 7.03614e-07 
1202.51 6.9721e-07 
1202.52 6.90709e-07 
1202.53 6.84114e-07 
1202.54 6.77429e-07 
1202.55 6.70659e-07 
1202.56 6.63804e-07 
1202.56 6.5687e-07 
1202.57 6.49861e-07 
1202.58 6.4278e-07 
1202.59 6.35631e-07 
1202.6 6.28417e-07 
1202.61 6.21523e-07 
1202.62 6.14186e-07 
1202.63 6.06797e-07 
1202.64 5.99356e-07 
1202.65 5.9187e-07 
1202.66 5.84343e-07 
1202.67 5.76776e-07 
1202.68 5.69175e-07 
1202.69 5.61544e-07 
1202.7 5.53885e-07 
1202.71 5.46203e-07 
1202.72 5.38502e-07 
1202.73 5.30689e-07 
1202.74 5.22959e-07 
1202.75 5.15221e-07 
1202.76 5.07479e-07 
1202.77 4.99734e-07 
1202.78 4.91992e-07 
1202.79 4.84256e-07 
1202.8 4.76528e-07 
1202.81 4.68814e-07 
1202.82 4.61115e-07 
1202.83 4.53435e-07 
1202.84 4.45777e-07 
1202.85 4.38145e-07 
1202.86 4.30541e-07 
1202.87 4.22968e-07 
1202.88 4.1543e-07 
1202.89 4.07929e-07 
1202.9 4.00468e-07 
1202.91 3.9305e-07 
1202.92 3.85678e-07 
1202.93 3.78353e-07 
1202.94 3.71079e-07 
1202.95 3.63858e-07 
1202.96 3.56692e-07 
1202.97 3.49583e-07 
1202.98 3.42535e-07 
1202.98 3.35461e-07 
1202.99 3.28539e-07 
1203 3.21683e-07 
1203.01 3.14894e-07 
1203.02 3.08174e-07 
1203.03 3.01526e-07 
1203.04 2.9495e-07 
1203.05 2.88449e-07 
1203.06 2.82023e-07 
1203.07 2.75674e-07 
1203.08 2.69403e-07 
1203.09 2.63211e-07 
1203.1 2.571e-07 
1203.11 2.5107e-07 
1203.12 2.45124e-07 
1203.13 2.39259e-07 
1203.14 2.33479e-07 
1203.15 2.27785e-07 
1203.16 2.22175e-07 
1203.17 2.16651e-07 
1203.18 2.11214e-07 
1203.19 2.05864e-07 
1203.2 2.006e-07 
1203.21 1.95424e-07 
1203.22 1.90336e-07 
1203.23 1.85274e-07 
1203.24 1.80363e-07 
1203.25 1.75539e-07 
1203.26 1.70803e-07 
1203.27 1.66155e-07 
1203.28 1.61594e-07 
1203.29 1.57121e-07 
1203.3 1.52734e-07 
1203.31 1.48434e-07 
1203.32 1.4422e-07 
1203.33 1.40092e-07 
1203.34 1.3605e-07 
1203.35 1.32092e-07 
1203.36 1.28218e-07 
1203.37 1.24428e-07 
1203.38 1.2072e-07 
1203.39 1.17095e-07 
1203.4 1.13551e-07 
1203.41 1.10088e-07 
1203.41 1.06705e-07 
1203.42 1.034e-07 
1203.43 1.00174e-07 
1203.44 9.70247e-08 
1203.45 9.39517e-08 
1203.46 9.09542e-08 
1203.47 8.8031e-08 
1203.48 8.5146e-08 
1203.49 8.23692e-08 
1203.5 7.96639e-08 
1203.51 7.70287e-08 
1203.52 7.44627e-08 
1203.53 7.19646e-08 
1203.54 6.95336e-08 
1203.55 6.71684e-08 
1203.56 6.4868e-08 
1203.57 6.26312e-08 
1203.58 6.04569e-08 
1203.59 5.83439e-08 
1203.6 5.62911e-08 
1203.61 5.43308e-08 
1203.62 5.23939e-08 
1203.63 5.05137e-08 
1203.64 4.86893e-08 
1203.65 4.69194e-08 
1203.66 4.52028e-08 
1203.67 4.35386e-08 
1203.68 4.19254e-08 
1203.69 4.03622e-08 
1203.7 3.88479e-08 
1203.71 3.73814e-08 
1203.72 3.59615e-08 
1203.73 3.45702e-08 
1203.74 3.32409e-08 
1203.75 3.19549e-08 
1203.76 3.07112e-08 
1203.77 2.95088e-08 
1203.78 2.83466e-08 
1203.79 2.72236e-08 
1203.8 2.61387e-08 
1203.81 2.5091e-08 
1203.82 2.40795e-08 
1203.83 2.31031e-08 
1203.83 2.21609e-08 
1203.84 2.1252e-08 
1203.85 2.03755e-08 
1203.86 1.95303e-08 
1203.87 1.87157e-08 
1203.88 1.79308e-08 
1203.89 1.71745e-08 
1203.9 1.64462e-08 
1203.91 1.5745e-08 
1203.92 1.507e-08 
1203.93 1.44204e-08 
1203.94 1.37955e-08 
1203.95 1.31945e-08 
1203.96 1.26166e-08 
1203.97 1.2061e-08 
1203.98 1.15207e-08 
1203.99 1.1008e-08 
1204 1.05157e-08 
1204.01 1.00429e-08 
1204.02 9.58902e-09 
1204.03 9.15346e-09 
1204.04 8.73557e-09 
1204.05 8.33473e-09 
1204.06 7.95036e-09 
1204.07 7.58187e-09 
1204.08 7.22871e-09 
1204.09 6.89033e-09 
1204.1 6.5662e-09 
1204.11 6.2558e-09 
1204.12 5.95862e-09 
1204.13 5.67419e-09 
1204.14 5.40202e-09 
1204.15 5.14166e-09 
1204.16 4.89267e-09 
1204.17 4.6546e-09 
1204.18 4.42705e-09 
1204.19 4.2096e-09 
1204.2 4.00185e-09 
1204.21 3.80344e-09 
1204.22 3.61399e-09 
1204.23 3.43093e-09 
1204.24 3.25845e-09 
1204.25 3.09388e-09 
1204.26 2.93691e-09 
1204.26 2.78723e-09 
1204.27 2.64454e-09 
1204.28 2.50855e-09 
1204.29 2.37897e-09 
1204.3 2.25553e-09 
1204.31 2.13799e-09 
1204.32 2.02608e-09 
1204.33 1.91956e-09 
1204.34 1.81819e-09 
1204.35 1.72177e-09 
1204.36 1.63006e-09 
1204.37 1.54286e-09 
1204.38 1.45998e-09 
1204.39 1.38121e-09 
1204.4 1.30637e-09 
1204.41 1.23529e-09 
1204.42 1.1678e-09 
1204.43 1.10372e-09 
1204.44 1.04291e-09 
1204.45 9.85205e-10 
1204.46 9.3047e-10 
1204.47 8.78563e-10 
1204.48 8.28752e-10 
1204.49 7.82137e-10 
1204.5 7.37966e-10 
1204.51 6.9612e-10 
1204.52 6.56488e-10 
1204.53 6.18963e-10 
1204.54 5.8344e-10 
1204.55 5.49823e-10 
1204.56 5.18017e-10 
1204.57 4.87933e-10 
1204.58 4.59484e-10 
1204.59 4.3259e-10 
1204.6 4.0717e-10 
1204.61 3.83152e-10 
1204.62 3.60684e-10 
1204.63 3.39242e-10 
1204.64 3.18999e-10 
1204.65 2.9989e-10 
1204.66 2.81858e-10 
1204.67 2.64846e-10 
1204.68 2.488e-10 
1204.68 2.3367e-10 
1204.69 2.19406e-10 
1204.7 2.05964e-10 
1204.71 1.93298e-10 
1204.72 1.81222e-10 
1204.73 1.69995e-10 
1204.74 1.59424e-10 
1204.75 1.49474e-10 
1204.76 1.40112e-10 
1204.77 1.31304e-10 
1204.78 1.2302e-10 
1204.79 1.1523e-10 
1204.8 1.07908e-10 
1204.81 1.01026e-10 
1204.82 9.45608e-11 
1204.83 8.84875e-11 
1204.84 8.27841e-11 
1204.85 7.74296e-11 
1204.86 7.24039e-11 
1204.87 6.76879e-11 
1204.88 6.32638e-11 
1204.89 5.91145e-11 
1204.9 5.52239e-11 
1204.91 5.15769e-11 
1204.92 4.81591e-11 
1204.93 4.49568e-11 
1204.94 4.19573e-11 
1204.95 3.91484e-11 
1204.96 3.65187e-11 
1204.97 3.40574e-11 
1204.98 3.17264e-11 
1204.99 2.95737e-11 
1205 2.75603e-11 
1205.01 2.56778e-11 
1205.02 2.3918e-11 
1205.03 2.22735e-11 
1205.04 2.0737e-11 
1205.05 1.93018e-11 
1205.06 1.79616e-11 
1205.07 1.67104e-11 
1205.08 1.55425e-11 
1205.09 1.44528e-11 
1205.1 1.34362e-11 
1205.11 1.24881e-11 
1205.11 1.16041e-11 
1205.12 1.07801e-11 
1205.13 1.00121e-11 
1205.14 9.2966e-12 
1205.15 8.63013e-12 
1205.16 8.0095e-12 
1205.17 7.4317e-12 
1205.18 6.89391e-12 
1205.19 6.39348e-12 
1205.2 5.92794e-12 
1205.21 5.49497e-12 
1205.22 5.08771e-12 
1205.23 4.71364e-12 
1205.24 4.36617e-12 
1205.25 4.04333e-12 
1205.26 3.74345e-12 
1205.27 3.46498e-12 
1205.28 3.20644e-12 
1205.29 2.96647e-12 
1205.3 2.7438e-12 
1205.31 2.53722e-12 
1205.32 2.34563e-12 
1205.33 2.16798e-12 
1205.34 2.0033e-12 
1205.35 1.85068e-12 
1205.36 1.70927e-12 
1205.37 1.57829e-12 
1205.38 1.45699e-12 
1205.39 1.34468e-12 
1205.4 1.24073e-12 
1205.41 1.14454e-12 
1205.42 1.05555e-12 
1205.43 9.73244e-13 
1205.44 8.97137e-13 
1205.45 8.26781e-13 
1205.46 7.61758e-13 
1205.47 7.01678e-13 
1205.48 6.45541e-13 
1205.49 5.94313e-13 
1205.5 5.4704e-13 
1205.51 5.03405e-13 
1205.52 4.63139e-13 
1205.53 4.25989e-13 
1205.54 3.91725e-13 
1205.54 3.60129e-13 
1205.55 3.31002e-13 
1205.56 3.04156e-13 
1205.57 2.7942e-13 
1205.58 2.56634e-13 
1205.59 2.35648e-13 
1205.6 2.16326e-13 
1205.61 1.98662e-13 
1205.62 1.82284e-13 
1205.63 1.67216e-13 
1205.64 1.53357e-13 
1205.65 1.40611e-13 
1205.66 1.28894e-13 
1205.67 1.18125e-13 
1205.68 1.08229e-13 
1205.69 9.91382e-14 
1205.7 9.07889e-14 
1205.71 8.31225e-14 
1205.72 7.60852e-14 
1205.73 6.95494e-14 
1205.74 6.36301e-14 
1205.75 5.82004e-14 
1205.76 5.32212e-14 
1205.77 4.86561e-14 
1205.78 4.44719e-14 
1205.79 4.06376e-14 
1205.8 3.71248e-14 
1205.81 3.39076e-14 
1205.82 3.09616e-14 
1205.83 2.82646e-14 
1205.84 2.57964e-14 
1205.85 2.3538e-14 
1205.86 2.14721e-14 
1205.87 1.95828e-14 
1205.88 1.78554e-14 
1205.89 1.62764e-14 
1205.9 1.48334e-14 
1205.91 1.35151e-14 
1205.92 1.2311e-14 
1205.93 1.12114e-14 
1205.94 1.02075e-14 
1205.95 9.29134e-15 
1205.96 8.45532e-15 
1205.96 7.69265e-15 
1205.97 6.99708e-15 
1205.98 6.3553e-15 
1205.99 5.77783e-15 
1206 5.25156e-15 
1206.01 4.77206e-15 
1206.02 4.3353e-15 
1206.03 3.93755e-15 
1206.04 3.57543e-15 
1206.05 3.24583e-15 
1206.06 2.94589e-15 
1206.07 2.67302e-15 
1206.08 2.42484e-15 
1206.09 2.19917e-15 
1206.1 1.99402e-15 
1206.11 1.80756e-15 
1206.12 1.63815e-15 
1206.13 1.48425e-15 
1206.14 1.34448e-15 
1206.15 1.21758e-15 
1206.16 1.10239e-15 
1206.17 9.97858e-16 
1206.18 9.03017e-16 
1206.19 8.16992e-16 
1206.2 7.38982e-16 
1206.21 6.68259e-16 
1206.22 6.04158e-16 
1206.23 5.45383e-16 
1206.24 4.92828e-16 
1206.25 4.45229e-16 
1206.26 4.0213e-16 
1206.27 3.63115e-16 
1206.28 3.27805e-16 
1206.29 2.95857e-16 
1206.3 2.66958e-16 
1206.31 2.40824e-16 
1206.32 2.17195e-16 
1206.33 1.95837e-16 
1206.34 1.76537e-16 
1206.35 1.591e-16 
1206.36 1.4335e-16 
1206.37 1.29128e-16 
1206.38 1.16289e-16 
1206.39 1.04701e-16 
1206.39 9.42453e-17 
1206.4 8.48128e-17 
1206.41 7.63059e-17 
1206.42 6.86355e-17 
1206.43 6.17212e-17 
1206.44 5.54899e-17 
1206.45 4.98757e-17 
1206.46 4.48186e-17 
1206.47 4.02645e-17 
1206.48 3.61158e-17 
1206.49 3.24302e-17 
1206.5 2.91136e-17 
1206.51 2.61298e-17 
1206.52 2.34462e-17 
1206.53 2.10331e-17 
1206.54 1.88637e-17 
1206.55 1.69141e-17 
1206.56 1.51622e-17 
1206.57 1.35885e-17 
1206.58 1.21752e-17 
1206.59 1.09063e-17 
1206.6 0 
