#energy geo_1 
1186.6 0 
1186.61 0 
1186.62 0 
1186.63 0 
1186.64 0 
1186.65 0 
1186.66 0 
1186.67 0 
1186.68 0 
1186.69 0 
1186.7 0 
1186.71 0 
1186.72 0 
1186.73 0 
1186.74 0 
1186.75 0 
1186.76 0 
1186.77 0 
1186.78 0 
1186.79 0 
1186.8 0 
1186.81 0 
1186.81 0 
1186.82 0 
1186.83 0 
1186.84 0 
1186.85 0 
1186.86 0 
1186.87 0 
1186.88 0 
1186.89 0 
1186.9 0 
1186.91 0 
1186.92 0 
1186.93 0 
1186.94 0 
1186.95 0 
1186.96 0 
1186.97 0 
1186.98 0 
1186.99 0 
1187 0 
1187.01 0 
1187.02 0 
1187.03 0 
1187.04 0 
1187.05 0 
1187.06 0 
1187.07 0 
1187.08 0 
1187.09 0 
1187.1 0 
1187.11 0 
1187.12 0 
1187.13 0 
1187.14 0 
1187.15 0 
1187.16 0 
1187.17 0 
1187.18 0 
1187.19 0 
1187.2 0 
1187.21 0 
1187.22 0 
1187.23 0 
1187.24 0 
1187.24 0 
1187.25 0 
1187.26 0 
1187.27 0 
1187.28 0 
1187.29 0 
1187.3 0 
1187.31 0 
1187.32 0 
1187.33 0 
1187.34 0 
1187.35 0 
1187.36 0 
1187.37 0 
1187.38 0 
1187.39 0 
1187.4 0 
1187.41 0 
1187.42 0 
1187.43 0 
1187.44 0 
1187.45 0 
1187.46 0 
1187.47 0 
1187.48 0 
1187.49 0 
1187.5 0 
1187.51 0 
1187.52 0 
1187.53 1.4013e-45 
1187.54 1.4013e-45 
1187.55 1.4013e-45 
1187.56 1.4013e-45 
1187.57 1.4013e-45 
1187.58 2.8026e-45 
1187.59 2.8026e-45 
1187.6 2.8026e-45 
1187.61 2.8026e-45 
1187.62 4.2039e-45 
1187.63 5.60519e-45 
1187.64 7.00649e-45 
1187.65 8.40779e-45 
1187.66 9.80909e-45 
1187.66 1.26117e-44 
1187.67 1.54143e-44 
1187.68 1.82169e-44 
1187.69 2.38221e-44 
1187.7 2.94273e-44 
1187.71 3.50325e-44 
1187.72 4.48416e-44 
1187.73 5.46506e-44 
1187.74 6.72623e-44 
1187.75 8.26766e-44 
1187.76 1.02295e-43 
1187.77 1.26117e-43 
1187.78 1.52742e-43 
1187.79 1.89175e-43 
1187.8 2.31214e-43 
1187.81 2.84464e-43 
1187.82 3.50325e-43 
1187.83 4.28797e-43 
1187.84 5.26888e-43 
1187.85 6.474e-43 
1187.86 7.93135e-43 
1187.87 9.73902e-43 
1187.88 1.19391e-42 
1187.89 1.46436e-42 
1187.9 1.79366e-42 
1187.91 2.19583e-42 
1187.92 2.69049e-42 
1187.93 3.29305e-42 
1187.94 4.03154e-42 
1187.95 4.93257e-42 
1187.96 6.03539e-42 
1187.97 7.38064e-42 
1187.98 9.04678e-42 
1187.99 1.10562e-41 
1188 1.35085e-41 
1188.01 1.65003e-41 
1188.02 2.01507e-41 
1188.03 2.45984e-41 
1188.04 3.00214e-41 
1188.05 3.66271e-41 
1188.06 4.46734e-41 
1188.07 5.44727e-41 
1188.08 6.64019e-41 
1188.09 8.0918e-41 
1188.09 9.85785e-41 
1188.1 1.2006e-40 
1188.11 1.46179e-40 
1188.12 1.77928e-40 
1188.13 2.16509e-40 
1188.14 2.63375e-40 
1188.15 3.20293e-40 
1188.16 3.89398e-40 
1188.17 4.73273e-40 
1188.18 5.75047e-40 
1188.19 6.98497e-40 
1188.2 8.48202e-40 
1188.21 1.02969e-39 
1188.22 1.24964e-39 
1188.23 1.51979e-39 
1188.24 1.84334e-39 
1188.25 2.2351e-39 
1188.26 2.70934e-39 
1188.27 3.28322e-39 
1188.28 3.9775e-39 
1188.29 4.81717e-39 
1188.3 5.83238e-39 
1188.31 7.05946e-39 
1188.32 8.5422e-39 
1188.33 1.03333e-38 
1188.34 1.24963e-38 
1188.35 1.51076e-38 
1188.36 1.82592e-38 
1188.37 2.20618e-38 
1188.38 2.66484e-38 
1188.39 3.21791e-38 
1188.4 3.88463e-38 
1188.41 4.6881e-38 
1188.42 5.65608e-38 
1188.43 6.82192e-38 
1188.44 8.22564e-38 
1188.45 9.91529e-38 
1188.46 1.19485e-37 
1188.47 1.43944e-37 
1188.48 1.73761e-37 
1188.49 2.09206e-37 
1188.5 2.51808e-37 
1188.51 3.02995e-37 
1188.52 3.64481e-37 
1188.52 4.38314e-37 
1188.53 5.26948e-37 
1188.54 6.33319e-37 
1188.55 7.60939e-37 
1188.56 9.14005e-37 
1188.57 1.09754e-36 
1188.58 1.31754e-36 
1188.59 1.58117e-36 
1188.6 1.89818e-36 
1188.61 2.27665e-36 
1188.62 2.72978e-36 
1188.63 3.27214e-36 
1188.64 3.9211e-36 
1188.65 4.69738e-36 
1188.66 5.62569e-36 
1188.67 6.73548e-36 
1188.68 8.06181e-36 
1188.69 9.64649e-36 
1188.7 1.15393e-35 
1188.71 1.37993e-35 
1188.72 1.64972e-35 
1188.73 1.97607e-35 
1188.74 2.36101e-35 
1188.75 2.82011e-35 
1188.76 3.36749e-35 
1188.77 4.01992e-35 
1188.78 4.79735e-35 
1188.79 5.72344e-35 
1188.8 6.8263e-35 
1188.81 8.13927e-35 
1188.82 9.70192e-35 
1188.83 1.15612e-34 
1188.84 1.37727e-34 
1188.85 1.64024e-34 
1188.86 1.95285e-34 
1188.87 2.32434e-34 
1188.88 2.7657e-34 
1188.89 3.2899e-34 
1188.9 3.9123e-34 
1188.91 4.65107e-34 
1188.92 5.52772e-34 
1188.93 6.56767e-34 
1188.94 7.80098e-34 
1188.94 9.26315e-34 
1188.95 1.09961e-33 
1188.96 1.30495e-33 
1188.97 1.54818e-33 
1188.98 1.84011e-33 
1188.99 2.18179e-33 
1189 2.58615e-33 
1189.01 3.06455e-33 
1189.02 3.63037e-33 
1189.03 4.2994e-33 
1189.04 5.09023e-33 
1189.05 6.02474e-33 
1189.06 7.12872e-33 
1189.07 8.43251e-33 
1189.08 9.97182e-33 
1189.09 1.17887e-32 
1189.1 1.39324e-32 
1189.11 1.64611e-32 
1189.12 1.94431e-32 
1189.13 2.29585e-32 
1189.14 2.71016e-32 
1189.15 3.19828e-32 
1189.16 3.77321e-32 
1189.17 4.45018e-32 
1189.18 5.24706e-32 
1189.19 6.18481e-32 
1189.2 7.28802e-32 
1189.21 8.58548e-32 
1189.22 1.01109e-31 
1189.23 1.19282e-31 
1189.24 1.40393e-31 
1189.25 1.65191e-31 
1189.26 1.94313e-31 
1189.27 2.28501e-31 
1189.28 2.68624e-31 
1189.29 3.15701e-31 
1189.3 3.70918e-31 
1189.31 4.35665e-31 
1189.32 5.11563e-31 
1189.33 6.00506e-31 
1189.34 7.04707e-31 
1189.35 8.26744e-31 
1189.36 9.6963e-31 
1189.36 1.13688e-30 
1189.37 1.33258e-30 
1189.38 1.56151e-30 
1189.39 1.82922e-30 
1189.4 2.14221e-30 
1189.41 2.50801e-30 
1189.42 2.93542e-30 
1189.43 3.43464e-30 
1189.44 4.01759e-30 
1189.45 4.69809e-30 
1189.46 5.49224e-30 
1189.47 6.41874e-30 
1189.48 7.51391e-30 
1189.49 8.77625e-30 
1189.5 1.02476e-29 
1189.51 1.19622e-29 
1189.52 1.39595e-29 
1189.53 1.62855e-29 
1189.54 1.89935e-29 
1189.55 2.21452e-29 
1189.56 2.58124e-29 
1189.57 3.00779e-29 
1189.58 3.5038e-29 
1189.59 4.0804e-29 
1189.6 4.7505e-29 
1189.61 5.53245e-29 
1189.62 6.43721e-29 
1189.63 7.48773e-29 
1189.64 8.70712e-29 
1189.65 1.01221e-28 
1189.66 1.17636e-28 
1189.67 1.36672e-28 
1189.68 1.58743e-28 
1189.69 1.84323e-28 
1189.7 2.13962e-28 
1189.71 2.48293e-28 
1189.72 2.88049e-28 
1189.73 3.34691e-28 
1189.74 3.8805e-28 
1189.75 4.49783e-28 
1189.76 5.21184e-28 
1189.77 6.03742e-28 
1189.78 6.99172e-28 
1189.79 8.09447e-28 
1189.79 9.36839e-28 
1189.8 1.08396e-27 
1189.81 1.25382e-27 
1189.82 1.44986e-27 
1189.83 1.67607e-27 
1189.84 1.937e-27 
1189.85 2.23789e-27 
1189.86 2.58476e-27 
1189.87 2.98451e-27 
1189.88 3.44508e-27 
1189.89 3.97554e-27 
1189.9 4.58634e-27 
1189.91 5.28942e-27 
1189.92 6.09849e-27 
1189.93 7.02924e-27 
1189.94 8.09965e-27 
1189.95 9.33032e-27 
1189.96 1.07448e-26 
1189.97 1.23701e-26 
1189.98 1.42621e-26 
1189.99 1.64096e-26 
1190 1.88751e-26 
1190.01 2.17045e-26 
1190.02 2.49507e-26 
1190.03 2.8674e-26 
1190.04 3.29432e-26 
1190.05 3.78369e-26 
1190.06 4.34448e-26 
1190.07 4.98691e-26 
1190.08 5.72266e-26 
1190.09 6.56502e-26 
1190.1 7.52916e-26 
1190.11 8.63234e-26 
1190.12 9.89426e-26 
1190.13 1.13373e-25 
1190.14 1.2987e-25 
1190.15 1.48723e-25 
1190.16 1.70264e-25 
1190.17 1.94867e-25 
1190.18 2.22959e-25 
1190.19 2.55026e-25 
1190.2 2.91618e-25 
1190.21 3.33364e-25 
1190.21 3.80973e-25 
1190.22 4.35977e-25 
1190.23 4.97946e-25 
1190.24 5.68555e-25 
1190.25 6.48985e-25 
1190.26 7.40575e-25 
1190.27 8.44843e-25 
1190.28 9.63506e-25 
1190.29 1.09851e-24 
1190.3 1.25207e-24 
1190.31 1.42667e-24 
1190.32 1.62514e-24 
1190.33 1.85067e-24 
1190.34 2.10689e-24 
1190.35 2.39786e-24 
1190.36 2.72822e-24 
1190.37 3.10319e-24 
1190.38 3.52864e-24 
1190.39 4.01125e-24 
1190.4 4.55851e-24 
1190.41 5.17892e-24 
1190.42 5.88203e-24 
1190.43 6.67864e-24 
1190.44 7.58089e-24 
1190.45 8.6025e-24 
1190.46 9.75891e-24 
1190.47 1.10675e-23 
1190.48 1.25676e-23 
1190.49 1.42444e-23 
1190.5 1.61401e-23 
1190.51 1.82828e-23 
1190.52 2.07038e-23 
1190.53 2.34385e-23 
1190.54 2.65266e-23 
1190.55 3.00127e-23 
1190.56 3.3947e-23 
1190.57 3.83857e-23 
1190.58 4.3392e-23 
1190.59 4.90368e-23 
1190.6 5.53996e-23 
1190.61 6.26086e-23 
1190.62 7.06908e-23 
1190.63 7.97928e-23 
1190.64 9.00402e-23 
1190.64 1.01574e-22 
1190.65 1.14551e-22 
1190.66 1.29148e-22 
1190.67 1.45562e-22 
1190.68 1.64015e-22 
1190.69 1.84752e-22 
1190.7 2.08049e-22 
1190.71 2.34216e-22 
1190.72 2.63595e-22 
1190.73 2.9701e-22 
1190.74 3.34069e-22 
1190.75 3.7564e-22 
1190.76 4.22261e-22 
1190.77 4.74528e-22 
1190.78 5.33107e-22 
1190.79 5.98742e-22 
1190.8 6.72259e-22 
1190.81 7.54581e-22 
1190.82 8.46735e-22 
1190.83 9.49863e-22 
1190.84 1.06524e-21 
1190.85 1.19428e-21 
1190.86 1.33855e-21 
1190.87 1.49981e-21 
1190.88 1.68e-21 
1190.89 1.88129e-21 
1190.9 2.10608e-21 
1190.91 2.35703e-21 
1190.92 2.6371e-21 
1190.93 2.94959e-21 
1190.94 3.29814e-21 
1190.95 3.68678e-21 
1190.96 4.12001e-21 
1190.97 4.60279e-21 
1190.98 5.14773e-21 
1190.99 5.74753e-21 
1191 6.41532e-21 
1191.01 7.15861e-21 
1191.02 7.98565e-21 
1191.03 8.90563e-21 
1191.04 9.92866e-21 
1191.05 1.1066e-20 
1191.06 1.23299e-20 
1191.07 1.37341e-20 
1191.07 1.52938e-20 
1191.08 1.70256e-20 
1191.09 1.89479e-20 
1191.1 2.10811e-20 
1191.11 2.34474e-20 
1191.12 2.60718e-20 
1191.13 2.89813e-20 
1191.14 3.2206e-20 
1191.15 3.5779e-20 
1191.16 3.97367e-20 
1191.17 4.41192e-20 
1191.18 4.89706e-20 
1191.19 5.43395e-20 
1191.2 6.02792e-20 
1191.21 6.68484e-20 
1191.22 7.41118e-20 
1191.23 8.22457e-20 
1191.24 9.1128e-20 
1191.25 1.0094e-19 
1191.26 1.11775e-19 
1191.27 1.23737e-19 
1191.28 1.36939e-19 
1191.29 1.51505e-19 
1191.3 1.67571e-19 
1191.31 1.85286e-19 
1191.32 2.04813e-19 
1191.33 2.26332e-19 
1191.34 2.50038e-19 
1191.35 2.76145e-19 
1191.36 3.04889e-19 
1191.37 3.36525e-19 
1191.38 3.71335e-19 
1191.39 4.09625e-19 
1191.4 4.5173e-19 
1191.41 4.98016e-19 
1191.42 5.48884e-19 
1191.43 6.04769e-19 
1191.44 6.66147e-19 
1191.45 7.33539e-19 
1191.46 8.07511e-19 
1191.47 8.8868e-19 
1191.48 9.78942e-19 
1191.49 1.07664e-18 
1191.49 1.18382e-18 
1191.5 1.30127e-18 
1191.51 1.42996e-18 
1191.52 1.57092e-18 
1191.53 1.72525e-18 
1191.54 1.8942e-18 
1191.55 2.07908e-18 
1191.56 2.28132e-18 
1191.57 2.50251e-18 
1191.58 2.74433e-18 
1191.59 3.00864e-18 
1191.6 3.29948e-18 
1191.61 3.61512e-18 
1191.62 3.95979e-18 
1191.63 4.33604e-18 
1191.64 4.74664e-18 
1191.65 5.1946e-18 
1191.66 5.68316e-18 
1191.67 6.21584e-18 
1191.68 6.79645e-18 
1191.69 7.4291e-18 
1191.7 8.11825e-18 
1191.71 8.86871e-18 
1191.72 9.6857e-18 
1191.73 1.05864e-17 
1191.74 1.15548e-17 
1191.75 1.2608e-17 
1191.76 1.37532e-17 
1191.77 1.4998e-17 
1191.78 1.63507e-17 
1191.79 1.78201e-17 
1191.8 1.94158e-17 
1191.81 2.11482e-17 
1191.82 2.30283e-17 
1191.83 2.50683e-17 
1191.84 2.72809e-17 
1191.85 2.96801e-17 
1191.86 3.22807e-17 
1191.87 3.50989e-17 
1191.88 3.81519e-17 
1191.89 4.14582e-17 
1191.9 4.50379e-17 
1191.91 4.89121e-17 
1191.92 5.3104e-17 
1191.92 5.76382e-17 
1191.93 6.25411e-17 
1191.94 6.78411e-17 
1191.95 7.35686e-17 
1191.96 7.97561e-17 
1191.97 8.64386e-17 
1191.98 9.3747e-17 
1191.99 1.01542e-16 
1192 1.09952e-16 
1192.01 1.19023e-16 
1192.02 1.28806e-16 
1192.03 1.39351e-16 
1192.04 1.50715e-16 
1192.05 1.62958e-16 
1192.06 1.76143e-16 
1192.07 1.9034e-16 
1192.08 2.0562e-16 
1192.09 2.22061e-16 
1192.1 2.39746e-16 
1192.11 2.58763e-16 
1192.12 2.79207e-16 
1192.13 3.01177e-16 
1192.14 3.2478e-16 
1192.15 3.5013e-16 
1192.16 3.77348e-16 
1192.17 4.06561e-16 
1192.18 4.37907e-16 
1192.19 4.71531e-16 
1192.2 5.07588e-16 
1192.21 5.4624e-16 
1192.22 5.87663e-16 
1192.23 6.32615e-16 
1192.24 6.80184e-16 
1192.25 7.31116e-16 
1192.26 7.85629e-16 
1192.27 8.43959e-16 
1192.28 9.06352e-16 
1192.29 9.73072e-16 
1192.3 1.04439e-15 
1192.31 1.12062e-15 
1192.32 1.20205e-15 
1192.33 1.28901e-15 
1192.34 1.38186e-15 
1192.34 1.48097e-15 
1192.35 1.58671e-15 
1192.36 1.69951e-15 
1192.37 1.81978e-15 
1192.38 1.948e-15 
1192.39 2.08463e-15 
1192.4 2.2302e-15 
1192.41 2.38522e-15 
1192.42 2.55027e-15 
1192.43 2.72593e-15 
1192.44 2.91284e-15 
1192.45 3.11165e-15 
1192.46 3.32304e-15 
1192.47 3.54776e-15 
1192.48 3.78963e-15 
1192.49 4.0435e-15 
1192.5 4.3131e-15 
1192.51 4.59933e-15 
1192.52 4.90311e-15 
1192.53 5.22541e-15 
1192.54 5.56726e-15 
1192.55 5.92972e-15 
1192.56 6.31393e-15 
1192.57 6.72105e-15 
1192.58 7.15231e-15 
1192.59 7.60901e-15 
1192.6 8.09248e-15 
1192.61 8.60949e-15 
1192.62 9.15114e-15 
1192.63 9.72401e-15 
1192.64 1.03297e-14 
1192.65 1.09699e-14 
1192.66 1.16463e-14 
1192.67 1.23608e-14 
1192.68 1.31153e-14 
1192.69 1.39117e-14 
1192.7 1.47521e-14 
1192.71 1.56388e-14 
1192.72 1.65738e-14 
1192.73 1.75722e-14 
1192.74 1.86117e-14 
1192.75 1.9707e-14 
1192.76 2.08606e-14 
1192.77 2.20752e-14 
1192.77 2.33537e-14 
1192.78 2.46989e-14 
1192.79 2.61139e-14 
1192.8 2.76019e-14 
1192.81 2.91661e-14 
1192.82 3.08098e-14 
1192.83 3.25366e-14 
1192.84 3.43501e-14 
1192.85 3.6254e-14 
1192.86 3.82521e-14 
1192.87 4.03484e-14 
1192.88 4.25472e-14 
1192.89 4.48526e-14 
1192.9 4.72689e-14 
1192.91 4.98008e-14 
1192.92 5.24529e-14 
1192.93 5.52299e-14 
1192.94 5.81369e-14 
1192.95 6.11789e-14 
1192.96 6.43611e-14 
1192.97 6.76889e-14 
1192.98 7.12124e-14 
1192.99 7.48501e-14 
1193 7.86506e-14 
1193.01 8.26198e-14 
1193.02 8.67638e-14 
1193.03 9.10888e-14 
1193.04 9.56014e-14 
1193.05 1.00308e-13 
1193.06 1.05216e-13 
1193.07 1.10331e-13 
1193.08 1.15661e-13 
1193.09 1.21213e-13 
1193.1 1.26994e-13 
1193.11 1.33012e-13 
1193.12 1.39274e-13 
1193.13 1.45788e-13 
1193.14 1.52563e-13 
1193.15 1.59606e-13 
1193.16 1.66924e-13 
1193.17 1.74528e-13 
1193.18 1.82425e-13 
1193.19 1.90623e-13 
1193.19 1.99132e-13 
1193.2 2.0796e-13 
1193.21 2.17116e-13 
1193.22 2.26733e-13 
1193.23 2.36575e-13 
1193.24 2.46775e-13 
1193.25 2.57341e-13 
1193.26 2.68282e-13 
1193.27 2.79608e-13 
1193.28 2.91327e-13 
1193.29 3.03451e-13 
1193.3 3.15989e-13 
1193.31 3.28951e-13 
1193.32 3.42347e-13 
1193.33 3.56188e-13 
1193.34 3.70483e-13 
1193.35 3.85244e-13 
1193.36 4.0048e-13 
1193.37 4.16203e-13 
1193.38 4.32422e-13 
1193.39 4.4915e-13 
1193.4 4.66396e-13 
1193.41 4.84172e-13 
1193.42 5.02489e-13 
1193.43 5.21358e-13 
1193.44 5.40792e-13 
1193.45 5.60802e-13 
1193.46 5.81399e-13 
1193.47 6.02597e-13 
1193.48 6.24684e-13 
1193.49 6.47128e-13 
1193.5 6.70212e-13 
1193.51 6.9395e-13 
1193.52 7.18355e-13 
1193.53 7.43442e-13 
1193.54 7.69228e-13 
1193.55 7.9573e-13 
1193.56 8.22963e-13 
1193.57 8.50947e-13 
1193.58 8.79702e-13 
1193.59 9.09247e-13 
1193.6 9.39606e-13 
1193.61 9.71406e-13 
1193.62 1.00349e-12 
1193.62 1.03646e-12 
1193.63 1.07035e-12 
1193.64 1.1052e-12 
1193.65 1.14105e-12 
1193.66 1.17792e-12 
1193.67 1.21587e-12 
1193.68 1.25494e-12 
1193.69 1.29519e-12 
1193.7 1.33667e-12 
1193.71 1.37944e-12 
1193.72 1.42358e-12 
1193.73 1.46975e-12 
1193.74 1.51688e-12 
1193.75 1.56564e-12 
1193.76 1.61613e-12 
1193.77 1.66846e-12 
1193.78 1.72277e-12 
1193.79 1.77919e-12 
1193.8 1.83788e-12 
1193.81 1.89902e-12 
1193.82 1.96279e-12 
1193.83 2.02941e-12 
1193.84 2.09911e-12 
1193.85 2.17215e-12 
1193.86 2.24881e-12 
1193.87 2.32942e-12 
1193.88 2.41431e-12 
1193.89 2.50387e-12 
1193.9 2.59852e-12 
1193.91 2.69873e-12 
1193.92 2.80502e-12 
1193.93 2.91794e-12 
1193.94 3.03812e-12 
1193.95 3.16625e-12 
1193.96 3.30308e-12 
1193.97 3.44942e-12 
1193.98 3.60823e-12 
1193.99 3.7766e-12 
1194 3.9575e-12 
1194.01 4.15215e-12 
1194.02 4.36186e-12 
1194.03 4.58807e-12 
1194.04 4.83238e-12 
1194.05 5.09651e-12 
1194.05 5.38237e-12 
1194.06 5.69202e-12 
1194.07 6.02773e-12 
1194.08 6.39199e-12 
1194.09 6.78751e-12 
1194.1 7.21723e-12 
1194.11 7.68439e-12 
1194.12 8.1925e-12 
1194.13 8.7454e-12 
1194.14 9.34727e-12 
1194.15 1.00027e-11 
1194.16 1.07165e-11 
1194.17 1.14943e-11 
1194.18 1.23418e-11 
1194.19 1.32654e-11 
1194.2 1.42721e-11 
1194.21 1.53694e-11 
1194.22 1.65655e-11 
1194.23 1.78862e-11 
1194.24 1.93087e-11 
1194.25 2.0859e-11 
1194.26 2.25485e-11 
1194.27 2.43895e-11 
1194.28 2.63952e-11 
1194.29 2.858e-11 
1194.3 3.09595e-11 
1194.31 3.35505e-11 
1194.32 3.63712e-11 
1194.33 3.94412e-11 
1194.34 4.27817e-11 
1194.35 4.64157e-11 
1194.36 5.03679e-11 
1194.37 5.46649e-11 
1194.38 5.93355e-11 
1194.39 6.44105e-11 
1194.4 6.99235e-11 
1194.41 7.59102e-11 
1194.42 8.24094e-11 
1194.43 8.94625e-11 
1194.44 9.71143e-11 
1194.45 1.05413e-10 
1194.46 1.1441e-10 
1194.47 1.2416e-10 
1194.47 1.34867e-10 
1194.48 1.46313e-10 
1194.49 1.58711e-10 
1194.5 1.72128e-10 
1194.51 1.86643e-10 
1194.52 2.02341e-10 
1194.53 2.19311e-10 
1194.54 2.37649e-10 
1194.55 2.57459e-10 
1194.56 2.7885e-10 
1194.57 3.01941e-10 
1194.58 3.26857e-10 
1194.59 3.53733e-10 
1194.6 3.8271e-10 
1194.61 4.14199e-10 
1194.62 4.47869e-10 
1194.63 4.84132e-10 
1194.64 5.23172e-10 
1194.65 5.65185e-10 
1194.66 6.1038e-10 
1194.67 6.58981e-10 
1194.68 7.11223e-10 
1194.69 7.67358e-10 
1194.7 8.27651e-10 
1194.71 8.92387e-10 
1194.72 9.61866e-10 
1194.73 1.03737e-09 
1194.74 1.11738e-09 
1194.75 1.20315e-09 
1194.76 1.29506e-09 
1194.77 1.39351e-09 
1194.78 1.49892e-09 
1194.79 1.61175e-09 
1194.8 1.73247e-09 
1194.81 1.86158e-09 
1194.82 1.9996e-09 
1194.83 2.1471e-09 
1194.84 2.30467e-09 
1194.85 2.47292e-09 
1194.86 2.65251e-09 
1194.87 2.84413e-09 
1194.88 3.0485e-09 
1194.89 3.26639e-09 
1194.9 3.49859e-09 
1194.9 3.74596e-09 
1194.91 4.00937e-09 
1194.92 4.28975e-09 
1194.93 4.5881e-09 
1194.94 4.90541e-09 
1194.95 5.24278e-09 
1194.96 5.60131e-09 
1194.97 5.9822e-09 
1194.98 6.39188e-09 
1194.99 6.82154e-09 
1195 7.27744e-09 
1195.01 7.76098e-09 
1195.02 8.27364e-09 
1195.03 8.81695e-09 
1195.04 9.39252e-09 
1195.05 1.0002e-08 
1195.06 1.06472e-08 
1195.07 1.13298e-08 
1195.08 1.20518e-08 
1195.09 1.28152e-08 
1195.1 1.36219e-08 
1195.11 1.44741e-08 
1195.12 1.5374e-08 
1195.13 1.63238e-08 
1195.14 1.73261e-08 
1195.15 1.83831e-08 
1195.16 1.94975e-08 
1195.17 2.06719e-08 
1195.18 2.19089e-08 
1195.19 2.32116e-08 
1195.2 2.45826e-08 
1195.21 2.60252e-08 
1195.22 2.75422e-08 
1195.23 2.91575e-08 
1195.24 3.08345e-08 
1195.25 3.25959e-08 
1195.26 3.44453e-08 
1195.27 3.63864e-08 
1195.28 3.84227e-08 
1195.29 4.05581e-08 
1195.3 4.27965e-08 
1195.31 4.5142e-08 
1195.32 4.75984e-08 
1195.32 5.01702e-08 
1195.33 5.28616e-08 
1195.34 5.56768e-08 
1195.35 5.86206e-08 
1195.36 6.16973e-08 
1195.37 6.49118e-08 
1195.38 6.82686e-08 
1195.39 7.17727e-08 
1195.4 7.54291e-08 
1195.41 7.92426e-08 
1195.42 8.32184e-08 
1195.43 8.73616e-08 
1195.44 9.16775e-08 
1195.45 9.61713e-08 
1195.46 1.00848e-07 
1195.47 1.05714e-07 
1195.48 1.10839e-07 
1195.49 1.16101e-07 
1195.5 1.21568e-07 
1195.51 1.27246e-07 
1195.52 1.3314e-07 
1195.53 1.39257e-07 
1195.54 1.45601e-07 
1195.55 1.52178e-07 
1195.56 1.58993e-07 
1195.57 1.66054e-07 
1195.58 1.73364e-07 
1195.59 1.80929e-07 
1195.6 1.88756e-07 
1195.61 1.9697e-07 
1195.62 2.0534e-07 
1195.63 2.13987e-07 
1195.64 2.22916e-07 
1195.65 2.32132e-07 
1195.66 2.41641e-07 
1195.67 2.51447e-07 
1195.68 2.61555e-07 
1195.69 2.71969e-07 
1195.7 2.82695e-07 
1195.71 2.93735e-07 
1195.72 3.05095e-07 
1195.73 3.16926e-07 
1195.74 3.2894e-07 
1195.75 3.41284e-07 
1195.75 3.53962e-07 
1195.76 3.66975e-07 
1195.77 3.80328e-07 
1195.78 3.94022e-07 
1195.79 4.08059e-07 
1195.8 4.22441e-07 
1195.81 4.3717e-07 
1195.82 4.52246e-07 
1195.83 4.6767e-07 
1195.84 4.83443e-07 
1195.85 4.99565e-07 
1195.86 5.16035e-07 
1195.87 5.32853e-07 
1195.88 5.50017e-07 
1195.89 5.67525e-07 
1195.9 5.85376e-07 
1195.91 6.03568e-07 
1195.92 6.22096e-07 
1195.93 6.40957e-07 
1195.94 6.60148e-07 
1195.95 6.79665e-07 
1195.96 6.99502e-07 
1195.97 7.19653e-07 
1195.98 7.40372e-07 
1195.99 7.61139e-07 
1196 7.82201e-07 
1196.01 8.03551e-07 
1196.02 8.25182e-07 
1196.03 8.47083e-07 
1196.04 8.69247e-07 
1196.05 8.91664e-07 
1196.06 9.14323e-07 
1196.07 9.37215e-07 
1196.08 9.60327e-07 
1196.09 9.83648e-07 
1196.1 1.00717e-06 
1196.11 1.03087e-06 
1196.12 1.05474e-06 
1196.13 1.07877e-06 
1196.14 1.10294e-06 
1196.15 1.12724e-06 
1196.16 1.15165e-06 
1196.17 1.17616e-06 
1196.17 1.20076e-06 
1196.18 1.22541e-06 
1196.19 1.25011e-06 
1196.2 1.27485e-06 
1196.21 1.29959e-06 
1196.22 1.32464e-06 
1196.23 1.34936e-06 
1196.24 1.37403e-06 
1196.25 1.39864e-06 
1196.26 1.42317e-06 
1196.27 1.4476e-06 
1196.28 1.47191e-06 
1196.29 1.49607e-06 
1196.3 1.52008e-06 
1196.31 1.5439e-06 
1196.32 1.56752e-06 
1196.33 1.59092e-06 
1196.34 1.61408e-06 
1196.35 1.63697e-06 
1196.36 1.65958e-06 
1196.37 1.68189e-06 
1196.38 1.70386e-06 
1196.39 1.7255e-06 
1196.4 1.74676e-06 
1196.41 1.76764e-06 
1196.42 1.78812e-06 
1196.43 1.80816e-06 
1196.44 1.82776e-06 
1196.45 1.8469e-06 
1196.46 1.86555e-06 
1196.47 1.8837e-06 
1196.48 1.90154e-06 
1196.49 1.91863e-06 
1196.5 1.93515e-06 
1196.51 1.9511e-06 
1196.52 1.96646e-06 
1196.53 1.98122e-06 
1196.54 1.99535e-06 
1196.55 2.00885e-06 
1196.56 2.02169e-06 
1196.57 2.03388e-06 
1196.58 2.04538e-06 
1196.59 2.0562e-06 
1196.6 2.06631e-06 
1196.6 2.077e-06 
1196.61 2.08569e-06 
1196.62 2.09364e-06 
1196.63 2.10086e-06 
1196.64 2.10732e-06 
1196.65 2.11303e-06 
1196.66 2.11798e-06 
1196.67 2.12216e-06 
1196.68 2.12557e-06 
1196.69 2.12821e-06 
1196.7 2.13006e-06 
1196.71 2.13114e-06 
1196.72 2.13143e-06 
1196.73 2.13093e-06 
1196.74 2.12965e-06 
1196.75 2.1276e-06 
1196.76 2.12476e-06 
1196.77 2.12115e-06 
1196.78 2.11677e-06 
1196.79 2.11162e-06 
1196.8 2.10571e-06 
1196.81 2.09905e-06 
1196.82 2.09164e-06 
1196.83 2.0835e-06 
1196.84 2.07462e-06 
1196.85 2.06503e-06 
1196.86 2.05472e-06 
1196.87 2.04372e-06 
1196.88 2.03203e-06 
1196.89 2.01967e-06 
1196.9 2.00665e-06 
1196.91 1.99297e-06 
1196.92 1.97867e-06 
1196.93 1.96375e-06 
1196.94 1.94823e-06 
1196.95 1.93212e-06 
1196.96 1.91544e-06 
1196.97 1.89821e-06 
1196.98 1.88022e-06 
1196.99 1.86193e-06 
1197 1.84314e-06 
1197.01 1.82388e-06 
1197.02 1.80415e-06 
1197.03 1.78399e-06 
1197.03 1.7634e-06 
1197.04 1.74242e-06 
1197.05 1.72105e-06 
1197.06 1.69932e-06 
1197.07 1.67725e-06 
1197.08 1.65486e-06 
1197.09 1.63217e-06 
1197.1 1.60921e-06 
1197.11 1.58599e-06 
1197.12 1.56253e-06 
1197.13 1.53885e-06 
1197.14 1.51498e-06 
1197.15 1.49094e-06 
1197.16 1.46674e-06 
1197.17 1.4424e-06 
1197.18 1.41795e-06 
1197.19 1.39341e-06 
1197.2 1.3688e-06 
1197.21 1.34412e-06 
1197.22 1.31941e-06 
1197.23 1.29438e-06 
1197.24 1.26966e-06 
1197.25 1.24495e-06 
1197.26 1.22028e-06 
1197.27 1.19567e-06 
1197.28 1.17113e-06 
1197.29 1.14668e-06 
1197.3 1.12233e-06 
1197.31 1.0981e-06 
1197.32 1.07401e-06 
1197.33 1.05007e-06 
1197.34 1.02629e-06 
1197.35 1.0027e-06 
1197.36 9.79293e-07 
1197.37 9.56092e-07 
1197.38 9.3311e-07 
1197.39 9.10357e-07 
1197.4 8.87844e-07 
1197.41 8.65584e-07 
1197.42 8.43585e-07 
1197.43 8.21858e-07 
1197.44 8.00412e-07 
1197.45 7.79257e-07 
1197.45 7.584e-07 
1197.46 7.37849e-07 
1197.47 7.17611e-07 
1197.48 6.97447e-07 
1197.49 6.77861e-07 
1197.5 6.58607e-07 
1197.51 6.39691e-07 
1197.52 6.21117e-07 
1197.53 6.02891e-07 
1197.54 5.85016e-07 
1197.55 5.67496e-07 
1197.56 5.50334e-07 
1197.57 5.33532e-07 
1197.58 5.17094e-07 
1197.59 5.0102e-07 
1197.6 4.85312e-07 
1197.61 4.70264e-07 
1197.62 4.55283e-07 
1197.63 4.40671e-07 
1197.64 4.26428e-07 
1197.65 4.12555e-07 
1197.66 3.9905e-07 
1197.67 3.85914e-07 
1197.68 3.73144e-07 
1197.69 3.6074e-07 
1197.7 3.487e-07 
1197.71 3.37023e-07 
1197.72 3.25707e-07 
1197.73 3.14614e-07 
1197.74 3.04017e-07 
1197.75 2.93774e-07 
1197.76 2.83883e-07 
1197.77 2.7434e-07 
1197.78 2.65143e-07 
1197.79 2.56289e-07 
1197.8 2.47776e-07 
1197.81 2.39599e-07 
1197.82 2.31756e-07 
1197.83 2.24243e-07 
1197.84 2.17058e-07 
1197.85 2.10197e-07 
1197.86 2.03657e-07 
1197.87 1.97435e-07 
1197.88 1.91527e-07 
1197.88 1.8593e-07 
1197.89 1.80641e-07 
1197.9 1.75657e-07 
1197.91 1.70975e-07 
1197.92 1.66591e-07 
1197.93 1.62503e-07 
1197.94 1.58707e-07 
1197.95 1.55202e-07 
1197.96 1.51983e-07 
1197.97 1.49049e-07 
1197.98 1.46365e-07 
1197.99 1.43996e-07 
1198 1.41904e-07 
1198.01 1.40087e-07 
1198.02 1.38542e-07 
1198.03 1.37269e-07 
1198.04 1.36264e-07 
1198.05 1.35527e-07 
1198.06 1.35055e-07 
1198.07 1.34847e-07 
1198.08 1.34903e-07 
1198.09 1.3522e-07 
1198.1 1.35797e-07 
1198.11 1.36635e-07 
1198.12 1.37731e-07 
1198.13 1.39086e-07 
1198.14 1.40698e-07 
1198.15 1.42568e-07 
1198.16 1.44695e-07 
1198.17 1.47079e-07 
1198.18 1.4972e-07 
1198.19 1.52619e-07 
1198.2 1.55774e-07 
1198.21 1.59188e-07 
1198.22 1.62859e-07 
1198.23 1.6684e-07 
1198.24 1.71033e-07 
1198.25 1.75485e-07 
1198.26 1.80199e-07 
1198.27 1.85174e-07 
1198.28 1.90412e-07 
1198.29 1.95914e-07 
1198.3 2.0168e-07 
1198.3 2.07712e-07 
1198.31 2.14011e-07 
1198.32 2.20579e-07 
1198.33 2.27416e-07 
1198.34 2.34523e-07 
1198.35 2.41903e-07 
1198.36 2.49555e-07 
1198.37 2.57482e-07 
1198.38 2.65684e-07 
1198.39 2.74164e-07 
1198.4 2.82921e-07 
1198.41 2.91957e-07 
1198.42 3.01273e-07 
1198.43 3.10869e-07 
1198.44 3.20748e-07 
1198.45 3.30909e-07 
1198.46 3.41354e-07 
1198.47 3.52082e-07 
1198.48 3.63235e-07 
1198.49 3.74536e-07 
1198.5 3.86122e-07 
1198.51 3.97993e-07 
1198.52 4.10148e-07 
1198.53 4.22589e-07 
1198.54 4.35313e-07 
1198.55 4.48321e-07 
1198.56 4.61612e-07 
1198.57 4.75184e-07 
1198.58 4.89037e-07 
1198.59 5.03169e-07 
1198.6 5.17578e-07 
1198.61 5.32592e-07 
1198.62 5.47559e-07 
1198.63 5.62797e-07 
1198.64 5.78303e-07 
1198.65 5.94075e-07 
1198.66 6.10108e-07 
1198.67 6.26401e-07 
1198.68 6.42948e-07 
1198.69 6.59746e-07 
1198.7 6.7679e-07 
1198.71 6.94075e-07 
1198.72 7.11598e-07 
1198.73 7.29575e-07 
1198.73 7.47557e-07 
1198.74 7.65759e-07 
1198.75 7.84175e-07 
1198.76 8.02798e-07 
1198.77 8.2162e-07 
1198.78 8.40636e-07 
1198.79 8.59837e-07 
1198.8 8.79215e-07 
1198.81 8.98763e-07 
1198.82 9.18472e-07 
1198.83 9.38333e-07 
1198.84 9.58336e-07 
1198.85 9.78474e-07 
1198.86 9.98735e-07 
1198.87 1.01911e-06 
1198.88 1.03959e-06 
1198.89 1.06016e-06 
1198.9 1.08081e-06 
1198.91 1.10154e-06 
1198.92 1.12232e-06 
1198.93 1.14315e-06 
1198.94 1.16402e-06 
1198.95 1.18491e-06 
1198.96 1.20581e-06 
1198.97 1.22671e-06 
1198.98 1.24786e-06 
1198.99 1.26871e-06 
1199 1.28953e-06 
1199.01 1.31029e-06 
1199.02 1.33099e-06 
1199.03 1.3516e-06 
1199.04 1.37212e-06 
1199.05 1.39253e-06 
1199.06 1.41282e-06 
1199.07 1.43297e-06 
1199.08 1.45296e-06 
1199.09 1.4728e-06 
1199.1 1.49245e-06 
1199.11 1.51191e-06 
1199.12 1.53115e-06 
1199.13 1.55018e-06 
1199.14 1.56897e-06 
1199.15 1.58751e-06 
1199.15 1.60578e-06 
1199.16 1.62377e-06 
1199.17 1.64147e-06 
1199.18 1.65887e-06 
1199.19 1.67594e-06 
1199.2 1.69268e-06 
1199.21 1.70907e-06 
1199.22 1.7253e-06 
1199.23 1.74096e-06 
1199.24 1.75622e-06 
1199.25 1.77109e-06 
1199.26 1.78555e-06 
1199.27 1.79959e-06 
1199.28 1.8132e-06 
1199.29 1.82636e-06 
1199.3 1.83907e-06 
1199.31 1.85131e-06 
1199.32 1.86307e-06 
1199.33 1.87436e-06 
1199.34 1.88514e-06 
1199.35 1.89543e-06 
1199.36 1.9052e-06 
1199.37 1.91446e-06 
1199.38 1.92319e-06 
1199.39 1.93139e-06 
1199.4 1.93904e-06 
1199.41 1.94616e-06 
1199.42 1.95272e-06 
1199.43 1.95873e-06 
1199.44 1.96418e-06 
1199.45 1.96906e-06 
1199.46 1.97338e-06 
1199.47 1.97713e-06 
1199.48 1.98035e-06 
1199.49 1.98295e-06 
1199.5 1.98498e-06 
1199.51 1.98643e-06 
1199.52 1.98732e-06 
1199.53 1.98763e-06 
1199.54 1.98737e-06 
1199.55 1.98654e-06 
1199.56 1.98514e-06 
1199.57 1.98319e-06 
1199.58 1.98067e-06 
1199.58 1.97761e-06 
1199.59 1.97399e-06 
1199.6 1.96983e-06 
1199.61 1.96635e-06 
1199.62 1.96111e-06 
1199.63 1.95536e-06 
1199.64 1.94909e-06 
1199.65 1.94231e-06 
1199.66 1.93504e-06 
1199.67 1.92727e-06 
1199.68 1.91903e-06 
1199.69 1.91032e-06 
1199.7 1.90116e-06 
1199.71 1.89154e-06 
1199.72 1.88149e-06 
1199.73 1.87089e-06 
1199.74 1.86001e-06 
1199.75 1.84873e-06 
1199.76 1.83707e-06 
1199.77 1.82504e-06 
1199.78 1.81266e-06 
1199.79 1.79994e-06 
1199.8 1.7869e-06 
1199.81 1.77354e-06 
1199.82 1.7599e-06 
1199.83 1.74597e-06 
1199.84 1.73179e-06 
1199.85 1.71736e-06 
1199.86 1.7027e-06 
1199.87 1.68783e-06 
1199.88 1.67277e-06 
1199.89 1.65753e-06 
1199.9 1.64212e-06 
1199.91 1.62658e-06 
1199.92 1.61091e-06 
1199.93 1.59513e-06 
1199.94 1.57926e-06 
1199.95 1.56331e-06 
1199.96 1.54731e-06 
1199.97 1.53127e-06 
1199.98 1.51501e-06 
1199.99 1.49894e-06 
1200 1.48289e-06 
1200.01 1.46687e-06 
1200.01 1.45089e-06 
1200.02 1.43498e-06 
1200.03 1.41915e-06 
1200.04 1.40342e-06 
1200.05 1.38779e-06 
1200.06 1.3723e-06 
1200.07 1.35696e-06 
1200.08 1.34177e-06 
1200.09 1.32676e-06 
1200.1 1.31194e-06 
1200.11 1.29732e-06 
1200.12 1.28293e-06 
1200.13 1.26876e-06 
1200.14 1.25484e-06 
1200.15 1.24118e-06 
1200.16 1.2278e-06 
1200.17 1.21469e-06 
1200.18 1.20189e-06 
1200.19 1.18939e-06 
1200.2 1.1772e-06 
1200.21 1.16535e-06 
1200.22 1.15383e-06 
1200.23 1.14253e-06 
1200.24 1.13172e-06 
1200.25 1.12128e-06 
1200.26 1.11121e-06 
1200.27 1.10152e-06 
1200.28 1.09222e-06 
1200.29 1.08331e-06 
1200.3 1.0748e-06 
1200.31 1.06669e-06 
1200.32 1.05899e-06 
1200.33 1.0517e-06 
1200.34 1.04483e-06 
1200.35 1.03838e-06 
1200.36 1.03235e-06 
1200.37 1.02674e-06 
1200.38 1.02155e-06 
1200.39 1.01679e-06 
1200.4 1.01245e-06 
1200.41 1.00854e-06 
1200.42 1.00505e-06 
1200.43 1.00197e-06 
1200.43 9.99321e-07 
1200.44 9.97082e-07 
1200.45 9.95254e-07 
1200.46 9.93834e-07 
1200.47 9.92817e-07 
1200.48 9.92193e-07 
1200.49 9.9197e-07 
1200.5 9.92134e-07 
1200.51 9.92677e-07 
1200.52 9.93592e-07 
1200.53 9.94872e-07 
1200.54 9.96508e-07 
1200.55 9.98491e-07 
1200.56 1.00081e-06 
1200.57 1.00346e-06 
1200.58 1.00643e-06 
1200.59 1.00971e-06 
1200.6 1.01329e-06 
1200.61 1.01778e-06 
1200.62 1.02193e-06 
1200.63 1.02633e-06 
1200.64 1.03099e-06 
1200.65 1.03589e-06 
1200.66 1.04101e-06 
1200.67 1.04635e-06 
1200.68 1.05188e-06 
1200.69 1.05761e-06 
1200.7 1.0635e-06 
1200.71 1.06955e-06 
1200.72 1.07575e-06 
1200.73 1.08216e-06 
1200.74 1.08861e-06 
1200.75 1.09515e-06 
1200.76 1.10178e-06 
1200.77 1.10849e-06 
1200.78 1.11525e-06 
1200.79 1.12205e-06 
1200.8 1.12887e-06 
1200.81 1.13571e-06 
1200.82 1.14255e-06 
1200.83 1.14937e-06 
1200.84 1.15615e-06 
1200.85 1.16289e-06 
1200.85 1.16956e-06 
1200.86 1.17616e-06 
1200.87 1.18267e-06 
1200.88 1.18907e-06 
1200.89 1.19536e-06 
1200.9 1.20151e-06 
1200.91 1.20751e-06 
1200.92 1.21336e-06 
1200.93 1.21903e-06 
1200.94 1.22452e-06 
1200.95 1.22981e-06 
1200.96 1.23489e-06 
1200.97 1.23974e-06 
1200.98 1.24443e-06 
1200.99 1.24881e-06 
1201 1.25293e-06 
1201.01 1.25679e-06 
1201.02 1.26037e-06 
1201.03 1.26367e-06 
1201.04 1.26668e-06 
1201.05 1.26938e-06 
1201.06 1.27177e-06 
1201.07 1.27385e-06 
1201.08 1.2756e-06 
1201.09 1.27701e-06 
1201.1 1.27809e-06 
1201.11 1.27883e-06 
1201.12 1.27921e-06 
1201.13 1.27925e-06 
1201.14 1.27892e-06 
1201.15 1.27823e-06 
1201.16 1.27718e-06 
1201.17 1.27575e-06 
1201.18 1.27396e-06 
1201.19 1.27179e-06 
1201.2 1.26926e-06 
1201.21 1.26634e-06 
1201.22 1.26305e-06 
1201.23 1.25934e-06 
1201.24 1.2553e-06 
1201.25 1.25089e-06 
1201.26 1.24611e-06 
1201.27 1.24096e-06 
1201.28 1.23544e-06 
1201.28 1.22956e-06 
1201.29 1.22332e-06 
1201.3 1.21673e-06 
1201.31 1.20978e-06 
1201.32 1.20249e-06 
1201.33 1.19486e-06 
1201.34 1.1869e-06 
1201.35 1.1786e-06 
1201.36 1.16999e-06 
1201.37 1.16106e-06 
1201.38 1.15182e-06 
1201.39 1.14228e-06 
1201.4 1.13244e-06 
1201.41 1.12232e-06 
1201.42 1.11193e-06 
1201.43 1.10126e-06 
1201.44 1.09034e-06 
1201.45 1.07917e-06 
1201.46 1.06775e-06 
1201.47 1.05611e-06 
1201.48 1.04409e-06 
1201.49 1.03201e-06 
1201.5 1.01972e-06 
1201.51 1.00724e-06 
1201.52 9.94586e-07 
1201.53 9.81756e-07 
1201.54 9.68766e-07 
1201.55 9.55625e-07 
1201.56 9.42343e-07 
1201.57 9.28932e-07 
1201.58 9.15403e-07 
1201.59 9.01764e-07 
1201.6 8.88028e-07 
1201.61 8.74745e-07 
1201.62 8.60835e-07 
1201.63 8.46859e-07 
1201.64 8.32827e-07 
1201.65 8.18748e-07 
1201.66 8.04633e-07 
1201.67 7.90492e-07 
1201.68 7.76335e-07 
1201.69 7.62171e-07 
1201.7 7.48011e-07 
1201.7 7.33862e-07 
1201.71 7.19735e-07 
1201.72 7.05463e-07 
1201.73 6.91407e-07 
1201.74 6.77399e-07 
1201.75 6.63448e-07 
1201.76 6.49562e-07 
1201.77 6.35748e-07 
1201.78 6.22015e-07 
1201.79 6.0837e-07 
1201.8 5.9482e-07 
1201.81 5.81373e-07 
1201.82 5.68035e-07 
1201.83 5.54812e-07 
1201.84 5.41711e-07 
1201.85 5.28738e-07 
1201.86 5.15898e-07 
1201.87 5.03197e-07 
1201.88 4.90641e-07 
1201.89 4.78233e-07 
1201.9 4.65979e-07 
1201.91 4.53883e-07 
1201.92 4.41948e-07 
1201.93 4.3018e-07 
1201.94 4.18581e-07 
1201.95 4.07155e-07 
1201.96 3.95904e-07 
1201.97 3.84832e-07 
1201.98 3.73806e-07 
1201.99 3.631e-07 
1202 3.52579e-07 
1202.01 3.42246e-07 
1202.02 3.32101e-07 
1202.03 3.22145e-07 
1202.04 3.12381e-07 
1202.05 3.02808e-07 
1202.06 2.93428e-07 
1202.07 2.8424e-07 
1202.08 2.75245e-07 
1202.09 2.66443e-07 
1202.1 2.57834e-07 
1202.11 2.49416e-07 
1202.12 2.41191e-07 
1202.13 2.33156e-07 
1202.13 2.25312e-07 
1202.14 2.17656e-07 
1202.15 2.10188e-07 
1202.16 2.02906e-07 
1202.17 1.95809e-07 
1202.18 1.88895e-07 
1202.19 1.82163e-07 
1202.2 1.7561e-07 
1202.21 1.69234e-07 
1202.22 1.62958e-07 
1202.23 1.56932e-07 
1202.24 1.51077e-07 
1202.25 1.45391e-07 
1202.26 1.39871e-07 
1202.27 1.34513e-07 
1202.28 1.29317e-07 
1202.29 1.24278e-07 
1202.3 1.19394e-07 
1202.31 1.14663e-07 
1202.32 1.10081e-07 
1202.33 1.05646e-07 
1202.34 1.01355e-07 
1202.35 9.72044e-08 
1202.36 9.31917e-08 
1202.37 8.93138e-08 
1202.38 8.55678e-08 
1202.39 8.19506e-08 
1202.4 7.84592e-08 
1202.41 7.50907e-08 
1202.42 7.18421e-08 
1202.43 6.87103e-08 
1202.44 6.56923e-08 
1202.45 6.27853e-08 
1202.46 5.99862e-08 
1202.47 5.72921e-08 
1202.48 5.46684e-08 
1202.49 5.21769e-08 
1202.5 4.97818e-08 
1202.51 4.74803e-08 
1202.52 4.52696e-08 
1202.53 4.31469e-08 
1202.54 4.11095e-08 
1202.55 3.91549e-08 
1202.56 3.72803e-08 
1202.56 3.54832e-08 
1202.57 3.37612e-08 
1202.58 3.21116e-08 
1202.59 3.0532e-08 
1202.6 2.90202e-08 
1202.61 2.75907e-08 
1202.62 2.62065e-08 
1202.63 2.4883e-08 
1202.64 2.36183e-08 
1202.65 2.24101e-08 
1202.66 2.12564e-08 
1202.67 2.01552e-08 
1202.68 1.91044e-08 
1202.69 1.81021e-08 
1202.7 1.71465e-08 
1202.71 1.62357e-08 
1202.72 1.53681e-08 
1202.73 1.45317e-08 
1202.74 1.37455e-08 
1202.75 1.29974e-08 
1202.76 1.22858e-08 
1202.77 1.16091e-08 
1202.78 1.09659e-08 
1202.79 1.03548e-08 
1202.8 9.77434e-09 
1202.81 9.22326e-09 
1202.82 8.70024e-09 
1202.83 8.20405e-09 
1202.84 7.7335e-09 
1202.85 7.28741e-09 
1202.86 6.86469e-09 
1202.87 6.46426e-09 
1202.88 6.08509e-09 
1202.89 5.72619e-09 
1202.9 5.38659e-09 
1202.91 5.06539e-09 
1202.92 4.76169e-09 
1202.93 4.47466e-09 
1202.94 4.20349e-09 
1202.95 3.94738e-09 
1202.96 3.7056e-09 
1202.97 3.47743e-09 
1202.98 3.26218e-09 
1202.98 3.05674e-09 
1202.99 2.86555e-09 
1203 2.68538e-09 
1203.01 2.51568e-09 
1203.02 2.35588e-09 
1203.03 2.20548e-09 
1203.04 2.06397e-09 
1203.05 1.93087e-09 
1203.06 1.80573e-09 
1203.07 1.68811e-09 
1203.08 1.57762e-09 
1203.09 1.47385e-09 
1203.1 1.37643e-09 
1203.11 1.285e-09 
1203.12 1.19923e-09 
1203.13 1.11881e-09 
1203.14 1.04341e-09 
1203.15 9.72765e-10 
1203.16 9.06587e-10 
1203.17 8.4462e-10 
1203.18 7.86617e-10 
1203.19 7.32344e-10 
1203.2 6.81581e-10 
1203.21 6.34118e-10 
1203.22 5.89757e-10 
1203.23 5.47809e-10 
1203.24 5.09132e-10 
1203.25 4.73022e-10 
1203.26 4.39322e-10 
1203.27 4.07882e-10 
1203.28 3.78562e-10 
1203.29 3.51228e-10 
1203.3 3.25755e-10 
1203.31 3.02026e-10 
1203.32 2.79928e-10 
1203.33 2.59358e-10 
1203.34 2.40216e-10 
1203.35 2.22411e-10 
1203.36 2.05854e-10 
1203.37 1.90464e-10 
1203.38 1.76164e-10 
1203.39 1.62881e-10 
1203.4 1.50548e-10 
1203.41 1.391e-10 
1203.41 1.28479e-10 
1203.42 1.18628e-10 
1203.43 1.09495e-10 
1203.44 1.01029e-10 
1203.45 9.31865e-11 
1203.46 8.59228e-11 
1203.47 7.91979e-11 
1203.48 7.28995e-11 
1203.49 6.71473e-11 
1203.5 6.18276e-11 
1203.51 5.69098e-11 
1203.52 5.23651e-11 
1203.53 4.81667e-11 
1203.54 4.42896e-11 
1203.55 4.07105e-11 
1203.56 3.74078e-11 
1203.57 3.43611e-11 
1203.58 3.15517e-11 
1203.59 2.8962e-11 
1203.6 2.65757e-11 
1203.61 2.43927e-11 
1203.62 2.23674e-11 
1203.63 2.05032e-11 
1203.64 1.87879e-11 
1203.65 1.72102e-11 
1203.66 1.57595e-11 
1203.67 1.44262e-11 
1203.68 1.3201e-11 
1203.69 1.20758e-11 
1203.7 1.10427e-11 
1203.71 1.00944e-11 
1203.72 9.22444e-12 
1203.73 8.41698e-12 
1203.74 7.68623e-12 
1203.75 7.0165e-12 
1203.76 6.40291e-12 
1203.77 5.84097e-12 
1203.78 5.3265e-12 
1203.79 4.85568e-12 
1203.8 4.42494e-12 
1203.81 4.03103e-12 
1203.82 3.67091e-12 
1203.83 3.34181e-12 
1203.83 3.04117e-12 
1203.84 2.76662e-12 
1203.85 2.51599e-12 
1203.86 2.28727e-12 
1203.87 2.07863e-12 
1203.88 1.88837e-12 
1203.89 1.71493e-12 
1203.9 1.55688e-12 
1203.91 1.41292e-12 
1203.92 1.28182e-12 
1203.93 1.16248e-12 
1203.94 1.0539e-12 
1203.95 9.55121e-13 
1203.96 8.65305e-13 
1203.97 7.83665e-13 
1203.98 7.086e-13 
1203.99 6.41299e-13 
1204 5.8019e-13 
1204.01 5.24723e-13 
1204.02 4.74395e-13 
1204.03 4.28747e-13 
1204.04 3.87357e-13 
1204.05 3.49842e-13 
1204.06 3.15852e-13 
1204.07 2.85065e-13 
1204.08 2.57191e-13 
1204.09 2.31962e-13 
1204.1 2.09136e-13 
1204.11 1.88491e-13 
1204.12 1.69825e-13 
1204.13 1.52955e-13 
1204.14 1.37714e-13 
1204.15 1.23948e-13 
1204.16 1.1152e-13 
1204.17 1.00303e-13 
1204.18 9.01837e-14 
1204.19 8.10572e-14 
1204.2 7.28291e-14 
1204.21 6.54137e-14 
1204.22 5.8733e-14 
1204.23 5.26452e-14 
1204.24 4.72358e-14 
1204.25 4.23676e-14 
1204.26 3.7988e-14 
1204.26 3.40494e-14 
1204.27 3.05086e-14 
1204.28 2.73266e-14 
1204.29 2.4468e-14 
1204.3 2.19009e-14 
1204.31 1.95964e-14 
1204.32 1.75283e-14 
1204.33 1.56731e-14 
1204.34 1.40094e-14 
1204.35 1.25179e-14 
1204.36 1.11814e-14 
1204.37 9.98419e-15 
1204.38 8.91205e-15 
1204.39 7.9523e-15 
1204.4 7.09346e-15 
1204.41 6.3252e-15 
1204.42 5.63819e-15 
1204.43 5.02407e-15 
1204.44 4.4753e-15 
1204.45 3.98509e-15 
1204.46 3.54736e-15 
1204.47 3.15661e-15 
1204.48 2.80383e-15 
1204.49 2.49326e-15 
1204.5 2.21632e-15 
1204.51 1.96946e-15 
1204.52 1.7495e-15 
1204.53 1.55357e-15 
1204.54 1.3791e-15 
1204.55 1.2238e-15 
1204.56 1.08562e-15 
1204.57 9.62709e-16 
1204.58 8.53419e-16 
1204.59 7.56274e-16 
1204.6 6.69956e-16 
1204.61 5.93285e-16 
1204.62 5.25531e-16 
1204.63 4.65068e-16 
1204.64 4.11419e-16 
1204.65 3.63833e-16 
1204.66 3.2164e-16 
1204.67 2.84243e-16 
1204.68 2.51106e-16 
1204.68 2.21757e-16 
1204.69 1.9577e-16 
1204.7 1.72769e-16 
1204.71 1.52417e-16 
1204.72 1.34206e-16 
1204.73 1.18315e-16 
1204.74 1.04269e-16 
1204.75 9.18597e-17 
1204.76 8.0899e-17 
1204.77 7.12216e-17 
1204.78 6.26802e-17 
1204.79 5.51442e-17 
1204.8 4.84974e-17 
1204.81 4.26371e-17 
1204.82 3.74721e-17 
1204.83 3.29213e-17 
1204.84 2.89133e-17 
1204.85 2.53844e-17 
1204.86 2.22786e-17 
1204.87 1.9546e-17 
1204.88 1.71427e-17 
1204.89 1.50297e-17 
1204.9 1.31726e-17 
1204.91 1.15409e-17 
1204.92 1.01079e-17 
1204.93 8.84982e-18 
1204.94 7.74562e-18 
1204.95 6.77685e-18 
1204.96 5.92721e-18 
1204.97 5.1823e-18 
1204.98 4.52181e-18 
1204.99 3.95079e-18 
1205 3.45068e-18 
1205.01 3.01284e-18 
1205.02 2.62964e-18 
1205.03 2.2944e-18 
1205.04 2.0012e-18 
1205.05 1.74486e-18 
1205.06 1.52084e-18 
1205.07 1.32512e-18 
1205.08 1.15419e-18 
1205.09 1.00497e-18 
1205.1 8.74729e-19 
1205.11 7.61109e-19 
1205.11 6.62018e-19 
1205.12 5.7563e-19 
1205.13 5.00341e-19 
1205.14 4.34751e-19 
1205.15 3.77628e-19 
1205.16 3.27897e-19 
1205.17 2.84618e-19 
1205.18 2.46966e-19 
1205.19 2.14221e-19 
1205.2 1.85753e-19 
1205.21 1.61013e-19 
1205.22 1.39287e-19 
1205.23 1.20637e-19 
1205.24 1.04461e-19 
1205.25 9.04228e-20 
1205.26 7.82442e-20 
1205.27 6.76825e-20 
1205.28 5.85262e-20 
1205.29 5.05912e-20 
1205.3 4.37169e-20 
1205.31 3.77637e-20 
1205.32 3.26099e-20 
1205.33 2.81498e-20 
1205.34 2.42913e-20 
1205.35 2.09544e-20 
1205.36 1.80697e-20 
1205.37 1.55768e-20 
1205.38 1.34231e-20 
1205.39 1.15633e-20 
1205.4 9.95765e-21 
1205.41 8.57203e-21 
1205.42 7.37667e-21 
1205.43 6.34582e-21 
1205.44 5.45714e-21 
1205.45 4.69129e-21 
1205.46 4.03153e-21 
1205.47 3.46336e-21 
1205.48 2.96898e-21 
1205.49 2.54844e-21 
1205.5 2.18701e-21 
1205.51 1.87619e-21 
1205.52 1.60899e-21 
1205.53 1.37937e-21 
1205.54 1.18211e-21 
1205.54 1.01271e-21 
1205.55 8.67289e-22 
1205.56 7.42492e-22 
1205.57 6.35433e-22 
1205.58 5.43623e-22 
1205.59 4.64918e-22 
1205.6 3.9747e-22 
1205.61 3.39899e-22 
1205.62 2.90388e-22 
1205.63 2.48004e-22 
1205.64 2.11732e-22 
1205.65 1.80704e-22 
1205.66 1.54169e-22 
1205.67 1.31485e-22 
1205.68 1.121e-22 
1205.69 9.55402e-23 
1205.7 8.13985e-23 
1205.71 6.93262e-23 
1205.72 5.90239e-23 
1205.73 5.0134e-23 
1205.74 4.26542e-23 
1205.75 3.62778e-23 
1205.76 3.0844e-23 
1205.77 2.6215e-23 
1205.78 2.22731e-23 
1205.79 1.89173e-23 
1205.8 1.60617e-23 
1205.81 1.36324e-23 
1205.82 1.15665e-23 
1205.83 9.8103e-24 
1205.84 8.31789e-24 
1205.85 7.05009e-24 
1205.86 5.97346e-24 
1205.87 5.0595e-24 
1205.88 4.2839e-24 
1205.89 3.62594e-24 
1205.9 3.06798e-24 
1205.91 2.59499e-24 
1205.92 2.19416e-24 
1205.93 1.8546e-24 
1205.94 1.56705e-24 
1205.95 1.32363e-24 
1205.96 1.11763e-24 
1205.96 9.43372e-25 
1205.97 7.96006e-25 
1205.98 6.70001e-25 
1205.99 5.64946e-25 
1206 4.762e-25 
1206.01 4.01256e-25 
1206.02 3.3799e-25 
1206.03 2.84601e-25 
1206.04 2.39563e-25 
1206.05 2.01583e-25 
1206.06 1.69565e-25 
1206.07 1.42584e-25 
1206.08 1.19854e-25 
1206.09 1.00713e-25 
1206.1 8.46002e-26 
1206.11 7.10405e-26 
1206.12 5.96335e-26 
1206.13 5.00409e-26 
1206.14 4.19768e-26 
1206.15 3.52002e-26 
1206.16 2.95073e-26 
1206.17 2.47266e-26 
1206.18 2.07134e-26 
1206.19 1.73455e-26 
1206.2 1.45202e-26 
1206.21 1.21509e-26 
1206.22 1.01647e-26 
1206.23 8.48123e-27 
1206.24 7.08996e-27 
1206.25 5.92487e-27 
1206.26 4.94953e-27 
1206.27 4.13332e-27 
1206.28 3.45052e-27 
1206.29 2.87952e-27 
1206.3 2.40218e-27 
1206.31 2.00328e-27 
1206.32 1.67004e-27 
1206.33 1.39176e-27 
1206.34 1.15945e-27 
1206.35 9.65579e-28 
1206.36 8.03849e-28 
1206.37 6.68978e-28 
1206.38 5.56543e-28 
1206.39 4.62846e-28 
1206.39 3.8479e-28 
1206.4 3.19788e-28 
1206.41 2.65675e-28 
1206.42 2.20642e-28 
1206.43 1.83179e-28 
1206.44 1.52025e-28 
1206.45 1.26126e-28 
1206.46 1.04603e-28 
1206.47 8.67225e-29 
1206.48 7.17052e-29 
1206.49 5.94071e-29 
1206.5 4.92012e-29 
1206.51 4.07347e-29 
1206.52 3.37134e-29 
1206.53 2.78927e-29 
1206.54 2.3069e-29 
1206.55 1.90729e-29 
1206.56 1.57636e-29 
1206.57 1.3024e-29 
1206.58 1.07568e-29 
1206.59 8.88125e-30 
1206.6 0 
