#energy geo_1 
1186.6 2.59157e-33 
1186.61 2.94252e-33 
1186.62 3.34043e-33 
1186.63 3.79153e-33 
1186.64 4.30283e-33 
1186.65 4.88227e-33 
1186.66 5.53883e-33 
1186.67 6.28263e-33 
1186.68 7.12514e-33 
1186.69 8.07929e-33 
1186.7 9.1597e-33 
1186.71 1.03829e-32 
1186.72 1.17674e-32 
1186.73 1.33552e-32 
1186.74 1.51311e-32 
1186.75 1.71403e-32 
1186.76 1.9413e-32 
1186.77 2.19834e-32 
1186.78 2.48901e-32 
1186.79 2.81764e-32 
1186.8 3.18914e-32 
1186.81 3.60902e-32 
1186.81 4.0835e-32 
1186.82 4.61959e-32 
1186.83 5.2252e-32 
1186.84 5.90922e-32 
1186.85 6.68168e-32 
1186.86 7.55387e-32 
1186.87 8.53849e-32 
1186.88 9.64985e-32 
1186.89 1.09041e-31 
1186.9 1.23192e-31 
1186.91 1.39158e-31 
1186.92 1.57166e-31 
1186.93 1.77476e-31 
1186.94 2.00377e-31 
1186.95 2.26195e-31 
1186.96 2.55298e-31 
1186.97 2.88097e-31 
1186.98 3.25547e-31 
1186.99 3.67249e-31 
1187 4.14224e-31 
1187.01 4.67131e-31 
1187.02 5.26708e-31 
1187.03 5.93785e-31 
1187.04 6.69293e-31 
1187.05 7.54278e-31 
1187.06 8.49913e-31 
1187.07 9.57516e-31 
1187.08 1.07856e-30 
1187.09 1.21471e-30 
1187.1 1.36782e-30 
1187.11 1.53997e-30 
1187.12 1.7335e-30 
1187.13 1.95102e-30 
1187.14 2.19548e-30 
1187.15 2.47016e-30 
1187.16 2.77875e-30 
1187.17 3.12537e-30 
1187.18 3.51464e-30 
1187.19 3.95174e-30 
1187.2 4.44247e-30 
1187.21 4.9933e-30 
1187.22 5.61151e-30 
1187.23 6.3144e-30 
1187.24 7.0938e-30 
1187.24 7.96808e-30 
1187.25 8.94864e-30 
1187.26 1.00482e-29 
1187.27 1.1281e-29 
1187.28 1.26629e-29 
1187.29 1.42118e-29 
1187.3 1.59475e-29 
1187.31 1.78922e-29 
1187.32 2.00707e-29 
1187.33 2.25108e-29 
1187.34 2.52433e-29 
1187.35 2.83028e-29 
1187.36 3.17279e-29 
1187.37 3.55615e-29 
1187.38 3.98518e-29 
1187.39 4.46522e-29 
1187.4 5.00226e-29 
1187.41 5.60297e-29 
1187.42 6.27477e-29 
1187.43 7.02596e-29 
1187.44 7.86577e-29 
1187.45 8.8045e-29 
1187.46 9.85364e-29 
1187.47 1.1026e-28 
1187.48 1.2353e-28 
1187.49 1.38181e-28 
1187.5 1.54544e-28 
1187.51 1.72815e-28 
1187.52 1.93215e-28 
1187.53 2.15987e-28 
1187.54 2.41403e-28 
1187.55 2.69765e-28 
1187.56 3.0141e-28 
1187.57 3.36711e-28 
1187.58 3.76083e-28 
1187.59 4.1999e-28 
1187.6 4.68946e-28 
1187.61 5.23847e-28 
1187.62 5.84714e-28 
1187.63 6.52546e-28 
1187.64 7.28126e-28 
1187.65 8.12326e-28 
1187.66 9.06112e-28 
1187.66 1.01056e-27 
1187.67 1.12686e-27 
1187.68 1.25633e-27 
1187.69 1.40045e-27 
1187.7 1.56084e-27 
1187.71 1.73932e-27 
1187.72 1.93788e-27 
1187.73 2.16166e-27 
1187.74 2.40764e-27 
1187.75 2.68116e-27 
1187.76 2.98525e-27 
1187.77 3.32329e-27 
1187.78 3.69899e-27 
1187.79 4.11648e-27 
1187.8 4.58034e-27 
1187.81 5.09561e-27 
1187.82 5.66792e-27 
1187.83 6.30346e-27 
1187.84 7.0091e-27 
1187.85 7.79244e-27 
1187.86 8.66189e-27 
1187.87 9.62675e-27 
1187.88 1.06973e-26 
1187.89 1.1885e-26 
1187.9 1.32023e-26 
1187.91 1.46632e-26 
1187.92 1.62831e-26 
1187.93 1.80789e-26 
1187.94 2.00695e-26 
1187.95 2.22755e-26 
1187.96 2.47199e-26 
1187.97 2.7428e-26 
1187.98 3.04673e-26 
1187.99 3.37937e-26 
1188 3.74772e-26 
1188.01 4.15553e-26 
1188.02 4.60695e-26 
1188.03 5.10656e-26 
1188.04 5.65941e-26 
1188.05 6.27108e-26 
1188.06 6.9477e-26 
1188.07 7.69605e-26 
1188.08 8.52361e-26 
1188.09 9.43857e-26 
1188.09 1.045e-25 
1188.1 1.1568e-25 
1188.11 1.28034e-25 
1188.12 1.41684e-25 
1188.13 1.56763e-25 
1188.14 1.73418e-25 
1188.15 1.91811e-25 
1188.16 2.1212e-25 
1188.17 2.3454e-25 
1188.18 2.59286e-25 
1188.19 2.86597e-25 
1188.2 3.16731e-25 
1188.21 3.49976e-25 
1188.22 3.86646e-25 
1188.23 4.27619e-25 
1188.24 4.72267e-25 
1188.25 5.21491e-25 
1188.26 5.7575e-25 
1188.27 6.35548e-25 
1188.28 7.01441e-25 
1188.29 7.74038e-25 
1188.3 8.54007e-25 
1188.31 9.42081e-25 
1188.32 1.03907e-24 
1188.33 1.14585e-24 
1188.34 1.26339e-24 
1188.35 1.39276e-24 
1188.36 1.53513e-24 
1188.37 1.69176e-24 
1188.38 1.86407e-24 
1188.39 2.05359e-24 
1188.4 2.262e-24 
1188.41 2.49115e-24 
1188.42 2.74306e-24 
1188.43 3.01994e-24 
1188.44 3.32423e-24 
1188.45 3.65856e-24 
1188.46 4.02585e-24 
1188.47 4.42928e-24 
1188.48 4.87813e-24 
1188.49 5.36518e-24 
1188.5 5.89988e-24 
1188.51 6.48679e-24 
1188.52 7.1309e-24 
1188.52 7.83768e-24 
1188.53 8.61308e-24 
1188.54 9.46362e-24 
1188.55 1.03964e-23 
1188.56 1.14193e-23 
1188.57 1.25407e-23 
1188.58 1.377e-23 
1188.59 1.51172e-23 
1188.6 1.66039e-23 
1188.61 1.82224e-23 
1188.62 1.99953e-23 
1188.63 2.19371e-23 
1188.64 2.40635e-23 
1188.65 2.63916e-23 
1188.66 2.89402e-23 
1188.67 3.17296e-23 
1188.68 3.47821e-23 
1188.69 3.81219e-23 
1188.7 4.17756e-23 
1188.71 4.57718e-23 
1188.72 5.0142e-23 
1188.73 5.49828e-23 
1188.74 6.02123e-23 
1188.75 6.59283e-23 
1188.76 7.2175e-23 
1188.77 7.90004e-23 
1188.78 8.6457e-23 
1188.79 9.46017e-23 
1188.8 1.03497e-22 
1188.81 1.13209e-22 
1188.82 1.23812e-22 
1188.83 1.35386e-22 
1188.84 1.48018e-22 
1188.85 1.61801e-22 
1188.86 1.76838e-22 
1188.87 1.93241e-22 
1188.88 2.1113e-22 
1188.89 2.30637e-22 
1188.9 2.51905e-22 
1188.91 2.75088e-22 
1188.92 3.00355e-22 
1188.93 3.27888e-22 
1188.94 3.57886e-22 
1188.94 3.90564e-22 
1188.95 4.26155e-22 
1188.96 4.64913e-22 
1188.97 5.07111e-22 
1188.98 5.53647e-22 
1188.99 6.03697e-22 
1189 6.58164e-22 
1189.01 7.17425e-22 
1189.02 7.81893e-22 
1189.03 8.52012e-22 
1189.04 9.28267e-22 
1189.05 1.01118e-21 
1189.06 1.10131e-21 
1189.07 1.19928e-21 
1189.08 1.30575e-21 
1189.09 1.42144e-21 
1189.1 1.54711e-21 
1189.11 1.68362e-21 
1189.12 1.83188e-21 
1189.13 1.99285e-21 
1189.14 2.16762e-21 
1189.15 2.35731e-21 
1189.16 2.56319e-21 
1189.17 2.78658e-21 
1189.18 3.02894e-21 
1189.19 3.29184e-21 
1189.2 3.57696e-21 
1189.21 3.88613e-21 
1189.22 4.22132e-21 
1189.23 4.5894e-21 
1189.24 4.98359e-21 
1189.25 5.41074e-21 
1189.26 5.87353e-21 
1189.27 6.37485e-21 
1189.28 6.91781e-21 
1189.29 7.50577e-21 
1189.3 8.14235e-21 
1189.31 8.83146e-21 
1189.32 9.57731e-21 
1189.33 1.03844e-20 
1189.34 1.12577e-20 
1189.35 1.22024e-20 
1189.36 1.32241e-20 
1189.36 1.43291e-20 
1189.37 1.55238e-20 
1189.38 1.68153e-20 
1189.39 1.82112e-20 
1189.4 1.97198e-20 
1189.41 2.13498e-20 
1189.42 2.31107e-20 
1189.43 2.50126e-20 
1189.44 2.70667e-20 
1189.45 2.92845e-20 
1189.46 3.16789e-20 
1189.47 3.42633e-20 
1189.48 3.70886e-20 
1189.49 4.0101e-20 
1189.5 4.33508e-20 
1189.51 4.68563e-20 
1189.52 5.06368e-20 
1189.53 5.47133e-20 
1189.54 5.91082e-20 
1189.55 6.38455e-20 
1189.56 6.89511e-20 
1189.57 7.44527e-20 
1189.58 8.03798e-20 
1189.59 8.67644e-20 
1189.6 9.36407e-20 
1189.61 1.01108e-19 
1189.62 1.09085e-19 
1189.63 1.17672e-19 
1189.64 1.26913e-19 
1189.65 1.36858e-19 
1189.66 1.47557e-19 
1189.67 1.59067e-19 
1189.68 1.71446e-19 
1189.69 1.84758e-19 
1189.7 1.9907e-19 
1189.71 2.14455e-19 
1189.72 2.30991e-19 
1189.73 2.48992e-19 
1189.74 2.68102e-19 
1189.75 2.8863e-19 
1189.76 3.10679e-19 
1189.77 3.34357e-19 
1189.78 3.5978e-19 
1189.79 3.87072e-19 
1189.79 4.16365e-19 
1189.8 4.47801e-19 
1189.81 4.81531e-19 
1189.82 5.17715e-19 
1189.83 5.56526e-19 
1189.84 5.98148e-19 
1189.85 6.42775e-19 
1189.86 6.90618e-19 
1189.87 7.41899e-19 
1189.88 7.96856e-19 
1189.89 8.55742e-19 
1189.9 9.18827e-19 
1189.91 9.864e-19 
1189.92 1.05877e-18 
1189.93 1.13625e-18 
1189.94 1.21921e-18 
1189.95 1.308e-18 
1189.96 1.40304e-18 
1189.97 1.50472e-18 
1189.98 1.61491e-18 
1189.99 1.73138e-18 
1190 1.85593e-18 
1190.01 1.98912e-18 
1190.02 2.13151e-18 
1190.03 2.28372e-18 
1190.04 2.44638e-18 
1190.05 2.62021e-18 
1190.06 2.80591e-18 
1190.07 3.00428e-18 
1190.08 3.21614e-18 
1190.09 3.44238e-18 
1190.1 3.68391e-18 
1190.11 3.94174e-18 
1190.12 4.21692e-18 
1190.13 4.51055e-18 
1190.14 4.82384e-18 
1190.15 5.15803e-18 
1190.16 5.51446e-18 
1190.17 5.89454e-18 
1190.18 6.29978e-18 
1190.19 6.73176e-18 
1190.2 7.19217e-18 
1190.21 7.68279e-18 
1190.21 8.20552e-18 
1190.22 8.76955e-18 
1190.23 9.36311e-18 
1190.24 9.99518e-18 
1190.25 1.06682e-17 
1190.26 1.13846e-17 
1190.27 1.2147e-17 
1190.28 1.29585e-17 
1190.29 1.38218e-17 
1190.3 1.47402e-17 
1190.31 1.5717e-17 
1190.32 1.67558e-17 
1190.33 1.78603e-17 
1190.34 1.90344e-17 
1190.35 2.02823e-17 
1190.36 2.16085e-17 
1190.37 2.30176e-17 
1190.38 2.45146e-17 
1190.39 2.61045e-17 
1190.4 2.7793e-17 
1190.41 2.95857e-17 
1190.42 3.14889e-17 
1190.43 3.3509e-17 
1190.44 3.56528e-17 
1190.45 3.79274e-17 
1190.46 4.03405e-17 
1190.47 4.29e-17 
1190.48 4.56492e-17 
1190.49 4.85294e-17 
1190.5 5.15827e-17 
1190.51 5.4819e-17 
1190.52 5.82488e-17 
1190.53 6.18829e-17 
1190.54 6.57328e-17 
1190.55 6.98107e-17 
1190.56 7.41293e-17 
1190.57 7.87021e-17 
1190.58 8.3543e-17 
1190.59 8.86671e-17 
1190.6 9.40899e-17 
1190.61 9.98899e-17 
1190.62 1.05964e-16 
1190.63 1.12389e-16 
1190.64 1.19184e-16 
1190.64 1.26368e-16 
1190.65 1.33964e-16 
1190.66 1.41992e-16 
1190.67 1.50477e-16 
1190.68 1.59442e-16 
1190.69 1.68914e-16 
1190.7 1.78919e-16 
1190.71 1.89485e-16 
1190.72 2.00642e-16 
1190.73 2.12572e-16 
1190.74 2.25013e-16 
1190.75 2.38143e-16 
1190.76 2.51998e-16 
1190.77 2.66615e-16 
1190.78 2.82033e-16 
1190.79 2.98294e-16 
1190.8 3.1544e-16 
1190.81 3.33516e-16 
1190.82 3.5257e-16 
1190.83 3.72652e-16 
1190.84 3.93812e-16 
1190.85 4.16105e-16 
1190.86 4.39588e-16 
1190.87 4.64319e-16 
1190.88 4.90361e-16 
1190.89 5.17779e-16 
1190.9 5.46639e-16 
1190.91 5.77014e-16 
1190.92 6.08976e-16 
1190.93 6.42603e-16 
1190.94 6.77976e-16 
1190.95 7.15178e-16 
1190.96 7.54298e-16 
1190.97 7.95427e-16 
1190.98 8.39216e-16 
1190.99 8.84684e-16 
1191 9.32462e-16 
1191.01 9.82661e-16 
1191.02 1.03539e-15 
1191.03 1.09078e-15 
1191.04 1.14893e-15 
1191.05 1.21e-15 
1191.06 1.2741e-15 
1191.07 1.34137e-15 
1191.07 1.41197e-15 
1191.08 1.48605e-15 
1191.09 1.56375e-15 
1191.1 1.64526e-15 
1191.11 1.73073e-15 
1191.12 1.82035e-15 
1191.13 1.9143e-15 
1191.14 2.01277e-15 
1191.15 2.11597e-15 
1191.16 2.22411e-15 
1191.17 2.33739e-15 
1191.18 2.45605e-15 
1191.19 2.58033e-15 
1191.2 2.71046e-15 
1191.21 2.8467e-15 
1191.22 2.98931e-15 
1191.23 3.14048e-15 
1191.24 3.29676e-15 
1191.25 3.46028e-15 
1191.26 3.63133e-15 
1191.27 3.81025e-15 
1191.28 3.99735e-15 
1191.29 4.19299e-15 
1191.3 4.39752e-15 
1191.31 4.61132e-15 
1191.32 4.83477e-15 
1191.33 5.06827e-15 
1191.34 5.31223e-15 
1191.35 5.5671e-15 
1191.36 5.8333e-15 
1191.37 6.11132e-15 
1191.38 6.40163e-15 
1191.39 6.70473e-15 
1191.4 7.02115e-15 
1191.41 7.35142e-15 
1191.42 7.6961e-15 
1191.43 8.05577e-15 
1191.44 8.43105e-15 
1191.45 8.82254e-15 
1191.46 9.2309e-15 
1191.47 9.65682e-15 
1191.48 1.01068e-14 
1191.49 1.057e-14 
1191.49 1.10531e-14 
1191.5 1.15568e-14 
1191.51 1.20818e-14 
1191.52 1.2629e-14 
1191.53 1.31992e-14 
1191.54 1.37935e-14 
1191.55 1.44126e-14 
1191.56 1.50578e-14 
1191.57 1.57298e-14 
1191.58 1.64299e-14 
1191.59 1.71592e-14 
1191.6 1.79299e-14 
1191.61 1.87216e-14 
1191.62 1.9546e-14 
1191.63 2.04045e-14 
1191.64 2.12986e-14 
1191.65 2.22296e-14 
1191.66 2.31991e-14 
1191.67 2.42085e-14 
1191.68 2.52596e-14 
1191.69 2.63541e-14 
1191.7 2.74937e-14 
1191.71 2.86803e-14 
1191.72 2.99159e-14 
1191.73 3.1219e-14 
1191.74 3.25595e-14 
1191.75 3.39555e-14 
1191.76 3.54094e-14 
1191.77 3.69237e-14 
1191.78 3.8501e-14 
1191.79 4.0144e-14 
1191.8 4.18558e-14 
1191.81 4.36393e-14 
1191.82 4.54978e-14 
1191.83 4.74348e-14 
1191.84 4.94537e-14 
1191.85 5.15586e-14 
1191.86 5.37533e-14 
1191.87 5.60421e-14 
1191.88 5.84297e-14 
1191.89 6.09206e-14 
1191.9 6.35202e-14 
1191.91 6.62336e-14 
1191.92 6.90667e-14 
1191.92 7.20254e-14 
1191.93 7.51164e-14 
1191.94 7.83464e-14 
1191.95 8.17227e-14 
1191.96 8.52531e-14 
1191.97 8.8946e-14 
1191.98 9.28595e-14 
1191.99 9.69065e-14 
1192 1.01144e-13 
1192.01 1.05584e-13 
1192.02 1.10236e-13 
1192.03 1.15114e-13 
1192.04 1.2023e-13 
1192.05 1.25599e-13 
1192.06 1.31234e-13 
1192.07 1.37153e-13 
1192.08 1.43373e-13 
1192.09 1.49911e-13 
1192.1 1.56788e-13 
1192.11 1.64024e-13 
1192.12 1.71641e-13 
1192.13 1.79665e-13 
1192.14 1.88121e-13 
1192.15 1.97036e-13 
1192.16 2.06441e-13 
1192.17 2.16366e-13 
1192.18 2.26847e-13 
1192.19 2.37919e-13 
1192.2 2.49622e-13 
1192.21 2.61999e-13 
1192.22 2.75093e-13 
1192.23 2.89132e-13 
1192.24 3.03822e-13 
1192.25 3.19386e-13 
1192.26 3.35885e-13 
1192.27 3.53383e-13 
1192.28 3.71947e-13 
1192.29 3.91652e-13 
1192.3 4.12577e-13 
1192.31 4.34807e-13 
1192.32 4.58431e-13 
1192.33 4.83548e-13 
1192.34 5.10262e-13 
1192.34 5.38685e-13 
1192.35 5.68937e-13 
1192.36 6.01145e-13 
1192.37 6.35449e-13 
1192.38 6.71995e-13 
1192.39 7.1094e-13 
1192.4 7.52456e-13 
1192.41 7.96722e-13 
1192.42 8.43933e-13 
1192.43 8.94297e-13 
1192.44 9.48037e-13 
1192.45 1.00539e-12 
1192.46 1.06661e-12 
1192.47 1.13197e-12 
1192.48 1.20267e-12 
1192.49 1.27727e-12 
1192.5 1.35695e-12 
1192.51 1.44207e-12 
1192.52 1.53301e-12 
1192.53 1.63018e-12 
1192.54 1.73402e-12 
1192.55 1.84498e-12 
1192.56 1.96358e-12 
1192.57 2.09033e-12 
1192.58 2.22581e-12 
1192.59 2.37062e-12 
1192.6 2.52541e-12 
1192.61 2.69254e-12 
1192.62 2.86952e-12 
1192.63 3.05869e-12 
1192.64 3.26089e-12 
1192.65 3.47702e-12 
1192.66 3.70803e-12 
1192.67 3.95493e-12 
1192.68 4.21881e-12 
1192.69 4.50082e-12 
1192.7 4.80217e-12 
1192.71 5.12419e-12 
1192.72 5.46825e-12 
1192.73 5.8406e-12 
1192.74 6.23362e-12 
1192.75 6.65344e-12 
1192.76 7.10184e-12 
1192.77 7.58072e-12 
1192.77 8.0921e-12 
1192.78 8.63812e-12 
1192.79 9.22105e-12 
1192.8 9.84331e-12 
1192.81 1.05075e-11 
1192.82 1.12163e-11 
1192.83 1.19726e-11 
1192.84 1.27795e-11 
1192.85 1.36403e-11 
1192.86 1.45584e-11 
1192.87 1.55375e-11 
1192.88 1.65815e-11 
1192.89 1.76945e-11 
1192.9 1.88809e-11 
1192.91 2.01454e-11 
1192.92 2.14928e-11 
1192.93 2.29283e-11 
1192.94 2.44574e-11 
1192.95 2.60861e-11 
1192.96 2.78204e-11 
1192.97 2.96669e-11 
1192.98 3.16578e-11 
1192.99 3.37514e-11 
1193 3.59793e-11 
1193.01 3.83495e-11 
1193.02 4.08708e-11 
1193.03 4.35523e-11 
1193.04 4.64036e-11 
1193.05 4.94349e-11 
1193.06 5.2657e-11 
1193.07 5.60812e-11 
1193.08 5.97195e-11 
1193.09 6.35845e-11 
1193.1 6.76896e-11 
1193.11 7.20489e-11 
1193.12 7.66771e-11 
1193.13 8.15899e-11 
1193.14 8.68038e-11 
1193.15 9.23361e-11 
1193.16 9.82051e-11 
1193.17 1.0443e-10 
1193.18 1.11031e-10 
1193.19 1.1803e-10 
1193.19 1.25449e-10 
1193.2 1.33311e-10 
1193.21 1.41642e-10 
1193.22 1.50584e-10 
1193.23 1.59934e-10 
1193.24 1.69839e-10 
1193.25 1.80326e-10 
1193.26 1.91426e-10 
1193.27 2.03172e-10 
1193.28 2.15601e-10 
1193.29 2.28748e-10 
1193.3 2.42653e-10 
1193.31 2.57356e-10 
1193.32 2.72899e-10 
1193.33 2.89328e-10 
1193.34 3.06688e-10 
1193.35 3.2503e-10 
1193.36 3.44404e-10 
1193.37 3.64864e-10 
1193.38 3.86467e-10 
1193.39 4.09271e-10 
1193.4 4.33338e-10 
1193.41 4.58733e-10 
1193.42 4.85523e-10 
1193.43 5.1378e-10 
1193.44 5.43576e-10 
1193.45 5.7499e-10 
1193.46 6.08102e-10 
1193.47 6.42996e-10 
1193.48 6.80232e-10 
1193.49 7.18983e-10 
1193.5 7.59795e-10 
1193.51 8.02766e-10 
1193.52 8.48001e-10 
1193.53 8.95611e-10 
1193.54 9.45707e-10 
1193.55 9.98409e-10 
1193.56 1.05384e-09 
1193.57 1.11213e-09 
1193.58 1.17342e-09 
1193.59 1.23783e-09 
1193.6 1.30552e-09 
1193.61 1.3775e-09 
1193.62 1.45226e-09 
1193.62 1.53077e-09 
1193.63 1.6132e-09 
1193.64 1.69973e-09 
1193.65 1.79055e-09 
1193.66 1.88585e-09 
1193.67 1.98582e-09 
1193.68 2.09068e-09 
1193.69 2.20063e-09 
1193.7 2.3159e-09 
1193.71 2.43673e-09 
1193.72 2.56334e-09 
1193.73 2.69769e-09 
1193.74 2.83672e-09 
1193.75 2.98232e-09 
1193.76 3.13477e-09 
1193.77 3.29434e-09 
1193.78 3.46134e-09 
1193.79 3.63608e-09 
1193.8 3.81887e-09 
1193.81 4.01005e-09 
1193.82 4.20995e-09 
1193.83 4.41892e-09 
1193.84 4.63734e-09 
1193.85 4.86557e-09 
1193.86 5.10401e-09 
1193.87 5.35306e-09 
1193.88 5.61312e-09 
1193.89 5.88464e-09 
1193.9 6.16804e-09 
1193.91 6.46379e-09 
1193.92 6.77236e-09 
1193.93 7.09423e-09 
1193.94 7.42989e-09 
1193.95 7.77986e-09 
1193.96 8.14468e-09 
1193.97 8.52489e-09 
1193.98 8.92609e-09 
1193.99 9.33897e-09 
1194 9.76899e-09 
1194.01 1.02167e-08 
1194.02 1.06828e-08 
1194.03 1.1168e-08 
1194.04 1.16728e-08 
1194.05 1.21979e-08 
1194.05 1.27441e-08 
1194.06 1.3312e-08 
1194.07 1.39025e-08 
1194.08 1.45162e-08 
1194.09 1.5154e-08 
1194.1 1.58165e-08 
1194.11 1.65047e-08 
1194.12 1.72194e-08 
1194.13 1.79613e-08 
1194.14 1.87315e-08 
1194.15 1.95307e-08 
1194.16 2.03599e-08 
1194.17 2.122e-08 
1194.18 2.2112e-08 
1194.19 2.30368e-08 
1194.2 2.39954e-08 
1194.21 2.49889e-08 
1194.22 2.60182e-08 
1194.23 2.70981e-08 
1194.24 2.82028e-08 
1194.25 2.93466e-08 
1194.26 3.05307e-08 
1194.27 3.17561e-08 
1194.28 3.3024e-08 
1194.29 3.43356e-08 
1194.3 3.5692e-08 
1194.31 3.70945e-08 
1194.32 3.85444e-08 
1194.33 4.00428e-08 
1194.34 4.1591e-08 
1194.35 4.31904e-08 
1194.36 4.48422e-08 
1194.37 4.65477e-08 
1194.38 4.83084e-08 
1194.39 5.01255e-08 
1194.4 5.20004e-08 
1194.41 5.39346e-08 
1194.42 5.59294e-08 
1194.43 5.79862e-08 
1194.44 6.01065e-08 
1194.45 6.22918e-08 
1194.46 6.45434e-08 
1194.47 6.68629e-08 
1194.47 6.92826e-08 
1194.48 7.17427e-08 
1194.49 7.42757e-08 
1194.5 7.68826e-08 
1194.51 7.95649e-08 
1194.52 8.23241e-08 
1194.53 8.51618e-08 
1194.54 8.80796e-08 
1194.55 9.10788e-08 
1194.56 9.41612e-08 
1194.57 9.73282e-08 
1194.58 1.00581e-07 
1194.59 1.03922e-07 
1194.6 1.07353e-07 
1194.61 1.10943e-07 
1194.62 1.14558e-07 
1194.63 1.18268e-07 
1194.64 1.22073e-07 
1194.65 1.25975e-07 
1194.66 1.29976e-07 
1194.67 1.34077e-07 
1194.68 1.38279e-07 
1194.69 1.42584e-07 
1194.7 1.46993e-07 
1194.71 1.51508e-07 
1194.72 1.56131e-07 
1194.73 1.60921e-07 
1194.74 1.65764e-07 
1194.75 1.70717e-07 
1194.76 1.75784e-07 
1194.77 1.80964e-07 
1194.78 1.86259e-07 
1194.79 1.9167e-07 
1194.8 1.97199e-07 
1194.81 2.02847e-07 
1194.82 2.08614e-07 
1194.83 2.14502e-07 
1194.84 2.20512e-07 
1194.85 2.26645e-07 
1194.86 2.32902e-07 
1194.87 2.39283e-07 
1194.88 2.45789e-07 
1194.89 2.52422e-07 
1194.9 2.59181e-07 
1194.9 2.66068e-07 
1194.91 2.73084e-07 
1194.92 2.80228e-07 
1194.93 2.87501e-07 
1194.94 2.94903e-07 
1194.95 3.02436e-07 
1194.96 3.10098e-07 
1194.97 3.17891e-07 
1194.98 3.25915e-07 
1194.99 3.33971e-07 
1195 3.42157e-07 
1195.01 3.50474e-07 
1195.02 3.58921e-07 
1195.03 3.67498e-07 
1195.04 3.76205e-07 
1195.05 3.85041e-07 
1195.06 3.94006e-07 
1195.07 4.03099e-07 
1195.08 4.1232e-07 
1195.09 4.21667e-07 
1195.1 4.3114e-07 
1195.11 4.40738e-07 
1195.12 4.5046e-07 
1195.13 4.60304e-07 
1195.14 4.7027e-07 
1195.15 4.80356e-07 
1195.16 4.90561e-07 
1195.17 5.00882e-07 
1195.18 5.1132e-07 
1195.19 5.21871e-07 
1195.2 5.32534e-07 
1195.21 5.43307e-07 
1195.22 5.54188e-07 
1195.23 5.65313e-07 
1195.24 5.76404e-07 
1195.25 5.87597e-07 
1195.26 5.98889e-07 
1195.27 6.10277e-07 
1195.28 6.21759e-07 
1195.29 6.33332e-07 
1195.3 6.44993e-07 
1195.31 6.56739e-07 
1195.32 6.68567e-07 
1195.32 6.80475e-07 
1195.33 6.92458e-07 
1195.34 7.04514e-07 
1195.35 7.16639e-07 
1195.36 7.28829e-07 
1195.37 7.41082e-07 
1195.38 7.53393e-07 
1195.39 7.65759e-07 
1195.4 7.78175e-07 
1195.41 7.90639e-07 
1195.42 8.03145e-07 
1195.43 8.1569e-07 
1195.44 8.28271e-07 
1195.45 8.40881e-07 
1195.46 8.53518e-07 
1195.47 8.66177e-07 
1195.48 8.79011e-07 
1195.49 8.917e-07 
1195.5 9.04398e-07 
1195.51 9.171e-07 
1195.52 9.29801e-07 
1195.53 9.42496e-07 
1195.54 9.55181e-07 
1195.55 9.67851e-07 
1195.56 9.80501e-07 
1195.57 9.93126e-07 
1195.58 1.00572e-06 
1195.59 1.01828e-06 
1195.6 1.03081e-06 
1195.61 1.04393e-06 
1195.62 1.05637e-06 
1195.63 1.06875e-06 
1195.64 1.08107e-06 
1195.65 1.09333e-06 
1195.66 1.10552e-06 
1195.67 1.11764e-06 
1195.68 1.12968e-06 
1195.69 1.14163e-06 
1195.7 1.15349e-06 
1195.71 1.16526e-06 
1195.72 1.17694e-06 
1195.73 1.18865e-06 
1195.74 1.20011e-06 
1195.75 1.21145e-06 
1195.75 1.22268e-06 
1195.76 1.23379e-06 
1195.77 1.24477e-06 
1195.78 1.25562e-06 
1195.79 1.26633e-06 
1195.8 1.2769e-06 
1195.81 1.28733e-06 
1195.82 1.29761e-06 
1195.83 1.30774e-06 
1195.84 1.31771e-06 
1195.85 1.32752e-06 
1195.86 1.33717e-06 
1195.87 1.34664e-06 
1195.88 1.35595e-06 
1195.89 1.36508e-06 
1195.9 1.37403e-06 
1195.91 1.3828e-06 
1195.92 1.39138e-06 
1195.93 1.39978e-06 
1195.94 1.40798e-06 
1195.95 1.41599e-06 
1195.96 1.4238e-06 
1195.97 1.43142e-06 
1195.98 1.43892e-06 
1195.99 1.44612e-06 
1196 1.45312e-06 
1196.01 1.45991e-06 
1196.02 1.46649e-06 
1196.03 1.47286e-06 
1196.04 1.47901e-06 
1196.05 1.48495e-06 
1196.06 1.49067e-06 
1196.07 1.49618e-06 
1196.08 1.50146e-06 
1196.09 1.50653e-06 
1196.1 1.51138e-06 
1196.11 1.516e-06 
1196.12 1.52041e-06 
1196.13 1.5246e-06 
1196.14 1.52856e-06 
1196.15 1.53231e-06 
1196.16 1.53583e-06 
1196.17 1.53914e-06 
1196.17 1.54222e-06 
1196.18 1.54509e-06 
1196.19 1.54774e-06 
1196.2 1.55017e-06 
1196.21 1.55239e-06 
1196.22 1.55441e-06 
1196.23 1.5562e-06 
1196.24 1.55778e-06 
1196.25 1.55915e-06 
1196.26 1.56031e-06 
1196.27 1.56126e-06 
1196.28 1.56202e-06 
1196.29 1.56257e-06 
1196.3 1.56293e-06 
1196.31 1.56309e-06 
1196.32 1.56305e-06 
1196.33 1.56283e-06 
1196.34 1.56242e-06 
1196.35 1.56183e-06 
1196.36 1.56106e-06 
1196.37 1.56011e-06 
1196.38 1.55899e-06 
1196.39 1.55769e-06 
1196.4 1.55623e-06 
1196.41 1.55461e-06 
1196.42 1.55283e-06 
1196.43 1.55089e-06 
1196.44 1.5488e-06 
1196.45 1.54657e-06 
1196.46 1.54419e-06 
1196.47 1.54168e-06 
1196.48 1.53899e-06 
1196.49 1.53621e-06 
1196.5 1.5333e-06 
1196.51 1.53027e-06 
1196.52 1.52713e-06 
1196.53 1.52387e-06 
1196.54 1.5205e-06 
1196.55 1.51703e-06 
1196.56 1.51347e-06 
1196.57 1.5098e-06 
1196.58 1.50605e-06 
1196.59 1.50222e-06 
1196.6 1.4983e-06 
1196.6 1.49524e-06 
1196.61 1.49117e-06 
1196.62 1.48704e-06 
1196.63 1.48285e-06 
1196.64 1.4786e-06 
1196.65 1.4743e-06 
1196.66 1.46996e-06 
1196.67 1.46556e-06 
1196.68 1.46114e-06 
1196.69 1.45667e-06 
1196.7 1.45218e-06 
1196.71 1.44767e-06 
1196.72 1.44313e-06 
1196.73 1.43852e-06 
1196.74 1.43396e-06 
1196.75 1.42938e-06 
1196.76 1.42481e-06 
1196.77 1.42023e-06 
1196.78 1.41567e-06 
1196.79 1.41111e-06 
1196.8 1.40656e-06 
1196.81 1.40203e-06 
1196.82 1.39752e-06 
1196.83 1.39304e-06 
1196.84 1.38859e-06 
1196.85 1.38416e-06 
1196.86 1.37978e-06 
1196.87 1.37543e-06 
1196.88 1.37112e-06 
1196.89 1.36686e-06 
1196.9 1.36265e-06 
1196.91 1.35849e-06 
1196.92 1.35439e-06 
1196.93 1.35035e-06 
1196.94 1.34636e-06 
1196.95 1.34244e-06 
1196.96 1.33859e-06 
1196.97 1.3348e-06 
1196.98 1.33104e-06 
1196.99 1.32741e-06 
1197 1.32385e-06 
1197.01 1.32036e-06 
1197.02 1.31696e-06 
1197.03 1.31365e-06 
1197.03 1.31041e-06 
1197.04 1.30727e-06 
1197.05 1.30421e-06 
1197.06 1.30125e-06 
1197.07 1.29837e-06 
1197.08 1.29559e-06 
1197.09 1.29291e-06 
1197.1 1.29033e-06 
1197.11 1.28784e-06 
1197.12 1.28545e-06 
1197.13 1.28316e-06 
1197.14 1.28098e-06 
1197.15 1.2789e-06 
1197.16 1.27692e-06 
1197.17 1.27505e-06 
1197.18 1.27328e-06 
1197.19 1.27162e-06 
1197.2 1.27007e-06 
1197.21 1.26863e-06 
1197.22 1.26729e-06 
1197.23 1.26605e-06 
1197.24 1.26494e-06 
1197.25 1.26394e-06 
1197.26 1.26304e-06 
1197.27 1.26226e-06 
1197.28 1.26159e-06 
1197.29 1.26104e-06 
1197.3 1.26059e-06 
1197.31 1.26025e-06 
1197.32 1.26003e-06 
1197.33 1.25992e-06 
1197.34 1.25992e-06 
1197.35 1.26004e-06 
1197.36 1.26026e-06 
1197.37 1.2606e-06 
1197.38 1.26105e-06 
1197.39 1.26161e-06 
1197.4 1.26229e-06 
1197.41 1.26307e-06 
1197.42 1.26396e-06 
1197.43 1.26497e-06 
1197.44 1.26608e-06 
1197.45 1.26731e-06 
1197.45 1.26864e-06 
1197.46 1.27009e-06 
1197.47 1.27164e-06 
1197.48 1.27332e-06 
1197.49 1.27509e-06 
1197.5 1.27697e-06 
1197.51 1.27895e-06 
1197.52 1.28104e-06 
1197.53 1.28323e-06 
1197.54 1.28553e-06 
1197.55 1.28793e-06 
1197.56 1.29044e-06 
1197.57 1.29305e-06 
1197.58 1.29576e-06 
1197.59 1.29857e-06 
1197.6 1.30148e-06 
1197.61 1.3053e-06 
1197.62 1.30841e-06 
1197.63 1.31162e-06 
1197.64 1.31493e-06 
1197.65 1.31833e-06 
1197.66 1.32183e-06 
1197.67 1.32542e-06 
1197.68 1.3291e-06 
1197.69 1.33288e-06 
1197.7 1.33675e-06 
1197.71 1.34071e-06 
1197.72 1.34475e-06 
1197.73 1.34894e-06 
1197.74 1.35316e-06 
1197.75 1.35747e-06 
1197.76 1.36186e-06 
1197.77 1.36633e-06 
1197.78 1.37088e-06 
1197.79 1.37552e-06 
1197.8 1.38023e-06 
1197.81 1.38502e-06 
1197.82 1.38988e-06 
1197.83 1.39482e-06 
1197.84 1.39983e-06 
1197.85 1.40491e-06 
1197.86 1.41006e-06 
1197.87 1.41527e-06 
1197.88 1.42056e-06 
1197.88 1.4259e-06 
1197.89 1.43131e-06 
1197.9 1.43677e-06 
1197.91 1.4423e-06 
1197.92 1.44787e-06 
1197.93 1.45351e-06 
1197.94 1.45919e-06 
1197.95 1.46492e-06 
1197.96 1.4707e-06 
1197.97 1.47652e-06 
1197.98 1.48246e-06 
1197.99 1.48837e-06 
1198 1.49431e-06 
1198.01 1.50029e-06 
1198.02 1.5063e-06 
1198.03 1.51233e-06 
1198.04 1.5184e-06 
1198.05 1.52449e-06 
1198.06 1.5306e-06 
1198.07 1.53672e-06 
1198.08 1.54287e-06 
1198.09 1.54902e-06 
1198.1 1.55518e-06 
1198.11 1.56135e-06 
1198.12 1.56753e-06 
1198.13 1.5737e-06 
1198.14 1.57987e-06 
1198.15 1.58603e-06 
1198.16 1.59218e-06 
1198.17 1.59832e-06 
1198.18 1.60445e-06 
1198.19 1.61055e-06 
1198.2 1.61663e-06 
1198.21 1.62268e-06 
1198.22 1.6287e-06 
1198.23 1.63476e-06 
1198.24 1.64071e-06 
1198.25 1.64661e-06 
1198.26 1.65247e-06 
1198.27 1.65828e-06 
1198.28 1.66404e-06 
1198.29 1.66974e-06 
1198.3 1.67539e-06 
1198.3 1.68096e-06 
1198.31 1.68647e-06 
1198.32 1.69191e-06 
1198.33 1.69727e-06 
1198.34 1.70256e-06 
1198.35 1.70776e-06 
1198.36 1.71287e-06 
1198.37 1.71789e-06 
1198.38 1.72282e-06 
1198.39 1.72765e-06 
1198.4 1.73238e-06 
1198.41 1.737e-06 
1198.42 1.74152e-06 
1198.43 1.74592e-06 
1198.44 1.7502e-06 
1198.45 1.75437e-06 
1198.46 1.75841e-06 
1198.47 1.76232e-06 
1198.48 1.76615e-06 
1198.49 1.76979e-06 
1198.5 1.7733e-06 
1198.51 1.77666e-06 
1198.52 1.77988e-06 
1198.53 1.78296e-06 
1198.54 1.78588e-06 
1198.55 1.78865e-06 
1198.56 1.79126e-06 
1198.57 1.79371e-06 
1198.58 1.796e-06 
1198.59 1.79812e-06 
1198.6 1.80007e-06 
1198.61 1.80297e-06 
1198.62 1.80458e-06 
1198.63 1.80601e-06 
1198.64 1.80726e-06 
1198.65 1.80834e-06 
1198.66 1.80923e-06 
1198.67 1.80993e-06 
1198.68 1.81045e-06 
1198.69 1.81077e-06 
1198.7 1.81091e-06 
1198.71 1.81085e-06 
1198.72 1.8106e-06 
1198.73 1.81014e-06 
1198.73 1.80949e-06 
1198.74 1.80865e-06 
1198.75 1.8076e-06 
1198.76 1.80635e-06 
1198.77 1.8049e-06 
1198.78 1.80325e-06 
1198.79 1.8014e-06 
1198.8 1.79934e-06 
1198.81 1.79707e-06 
1198.82 1.79461e-06 
1198.83 1.79194e-06 
1198.84 1.78906e-06 
1198.85 1.78598e-06 
1198.86 1.78269e-06 
1198.87 1.77921e-06 
1198.88 1.77551e-06 
1198.89 1.77162e-06 
1198.9 1.76752e-06 
1198.91 1.76322e-06 
1198.92 1.75873e-06 
1198.93 1.75403e-06 
1198.94 1.74913e-06 
1198.95 1.74404e-06 
1198.96 1.73875e-06 
1198.97 1.73327e-06 
1198.98 1.72753e-06 
1198.99 1.72166e-06 
1199 1.71561e-06 
1199.01 1.70937e-06 
1199.02 1.70294e-06 
1199.03 1.69634e-06 
1199.04 1.68955e-06 
1199.05 1.68259e-06 
1199.06 1.67545e-06 
1199.07 1.66814e-06 
1199.08 1.66067e-06 
1199.09 1.65302e-06 
1199.1 1.64522e-06 
1199.11 1.63725e-06 
1199.12 1.62913e-06 
1199.13 1.62085e-06 
1199.14 1.61242e-06 
1199.15 1.60384e-06 
1199.15 1.59512e-06 
1199.16 1.58626e-06 
1199.17 1.57727e-06 
1199.18 1.56814e-06 
1199.19 1.55888e-06 
1199.2 1.54949e-06 
1199.21 1.53999e-06 
1199.22 1.53024e-06 
1199.23 1.5205e-06 
1199.24 1.51065e-06 
1199.25 1.5007e-06 
1199.26 1.49064e-06 
1199.27 1.48048e-06 
1199.28 1.47023e-06 
1199.29 1.45989e-06 
1199.3 1.44946e-06 
1199.31 1.43896e-06 
1199.32 1.42837e-06 
1199.33 1.41771e-06 
1199.34 1.40699e-06 
1199.35 1.39619e-06 
1199.36 1.38534e-06 
1199.37 1.37443e-06 
1199.38 1.36347e-06 
1199.39 1.35246e-06 
1199.4 1.3414e-06 
1199.41 1.33031e-06 
1199.42 1.31918e-06 
1199.43 1.30802e-06 
1199.44 1.29683e-06 
1199.45 1.28561e-06 
1199.46 1.27438e-06 
1199.47 1.26313e-06 
1199.48 1.25173e-06 
1199.49 1.24046e-06 
1199.5 1.22919e-06 
1199.51 1.21791e-06 
1199.52 1.20664e-06 
1199.53 1.19538e-06 
1199.54 1.18412e-06 
1199.55 1.17289e-06 
1199.56 1.16166e-06 
1199.57 1.15046e-06 
1199.58 1.13929e-06 
1199.58 1.12814e-06 
1199.59 1.11702e-06 
1199.6 1.10593e-06 
1199.61 1.09556e-06 
1199.62 1.08455e-06 
1199.63 1.07358e-06 
1199.64 1.06265e-06 
1199.65 1.05178e-06 
1199.66 1.04095e-06 
1199.67 1.03018e-06 
1199.68 1.01946e-06 
1199.69 1.0088e-06 
1199.7 9.98208e-07 
1199.71 9.87675e-07 
1199.72 9.77207e-07 
1199.73 9.66677e-07 
1199.74 9.56347e-07 
1199.75 9.46088e-07 
1199.76 9.35903e-07 
1199.77 9.25793e-07 
1199.78 9.15759e-07 
1199.79 9.05803e-07 
1199.8 8.95926e-07 
1199.81 8.86131e-07 
1199.82 8.76418e-07 
1199.83 8.66788e-07 
1199.84 8.57242e-07 
1199.85 8.47782e-07 
1199.86 8.38408e-07 
1199.87 8.29122e-07 
1199.88 8.19924e-07 
1199.89 8.10814e-07 
1199.9 8.01794e-07 
1199.91 7.92863e-07 
1199.92 7.84023e-07 
1199.93 7.75274e-07 
1199.94 7.66615e-07 
1199.95 7.58047e-07 
1199.96 7.49571e-07 
1199.97 7.41186e-07 
1199.98 7.3279e-07 
1199.99 7.24588e-07 
1200 7.16478e-07 
1200.01 7.08459e-07 
1200.01 7.0053e-07 
1200.02 6.92692e-07 
1200.03 6.84943e-07 
1200.04 6.77284e-07 
1200.05 6.69714e-07 
1200.06 6.62233e-07 
1200.07 6.54839e-07 
1200.08 6.47532e-07 
1200.09 6.40312e-07 
1200.1 6.33177e-07 
1200.11 6.26127e-07 
1200.12 6.19162e-07 
1200.13 6.12279e-07 
1200.14 6.05478e-07 
1200.15 5.98759e-07 
1200.16 5.9212e-07 
1200.17 5.8556e-07 
1200.18 5.79079e-07 
1200.19 5.72674e-07 
1200.2 5.66346e-07 
1200.21 5.60092e-07 
1200.22 5.53913e-07 
1200.23 5.4773e-07 
1200.24 5.41695e-07 
1200.25 5.3573e-07 
1200.26 5.29834e-07 
1200.27 5.24007e-07 
1200.28 5.18245e-07 
1200.29 5.12549e-07 
1200.3 5.06917e-07 
1200.31 5.01348e-07 
1200.32 4.95841e-07 
1200.33 4.90394e-07 
1200.34 4.85006e-07 
1200.35 4.79676e-07 
1200.36 4.74402e-07 
1200.37 4.69184e-07 
1200.38 4.64021e-07 
1200.39 4.5891e-07 
1200.4 4.53851e-07 
1200.41 4.48843e-07 
1200.42 4.43884e-07 
1200.43 4.38973e-07 
1200.43 4.3411e-07 
1200.44 4.29292e-07 
1200.45 4.2452e-07 
1200.46 4.19791e-07 
1200.47 4.15106e-07 
1200.48 4.10404e-07 
1200.49 4.05801e-07 
1200.5 4.01238e-07 
1200.51 3.96714e-07 
1200.52 3.92227e-07 
1200.53 3.87777e-07 
1200.54 3.83364e-07 
1200.55 3.78985e-07 
1200.56 3.74641e-07 
1200.57 3.7033e-07 
1200.58 3.66052e-07 
1200.59 3.61805e-07 
1200.6 3.5759e-07 
1200.61 3.53624e-07 
1200.62 3.49466e-07 
1200.63 3.45338e-07 
1200.64 3.41238e-07 
1200.65 3.37166e-07 
1200.66 3.33122e-07 
1200.67 3.29104e-07 
1200.68 3.25113e-07 
1200.69 3.21148e-07 
1200.7 3.17208e-07 
1200.71 3.13293e-07 
1200.72 3.09402e-07 
1200.73 3.05488e-07 
1200.74 3.01646e-07 
1200.75 2.97828e-07 
1200.76 2.94033e-07 
1200.77 2.90261e-07 
1200.78 2.86512e-07 
1200.79 2.82785e-07 
1200.8 2.79081e-07 
1200.81 2.75399e-07 
1200.82 2.71739e-07 
1200.83 2.68102e-07 
1200.84 2.64486e-07 
1200.85 2.60892e-07 
1200.85 2.5732e-07 
1200.86 2.5377e-07 
1200.87 2.50241e-07 
1200.88 2.46734e-07 
1200.89 2.43249e-07 
1200.9 2.39786e-07 
1200.91 2.36345e-07 
1200.92 2.32926e-07 
1200.93 2.29528e-07 
1200.94 2.26153e-07 
1200.95 2.22801e-07 
1200.96 2.1947e-07 
1200.97 2.16163e-07 
1200.98 2.12836e-07 
1200.99 2.09575e-07 
1201 2.06336e-07 
1201.01 2.0312e-07 
1201.02 1.99927e-07 
1201.03 1.96759e-07 
1201.04 1.93614e-07 
1201.05 1.90493e-07 
1201.06 1.87396e-07 
1201.07 1.84324e-07 
1201.08 1.81276e-07 
1201.09 1.78253e-07 
1201.1 1.75255e-07 
1201.11 1.72283e-07 
1201.12 1.69336e-07 
1201.13 1.66414e-07 
1201.14 1.63519e-07 
1201.15 1.6065e-07 
1201.16 1.57807e-07 
1201.17 1.54991e-07 
1201.18 1.52201e-07 
1201.19 1.49439e-07 
1201.2 1.46704e-07 
1201.21 1.43996e-07 
1201.22 1.41316e-07 
1201.23 1.38631e-07 
1201.24 1.36007e-07 
1201.25 1.33411e-07 
1201.26 1.30844e-07 
1201.27 1.28305e-07 
1201.28 1.25795e-07 
1201.28 1.23313e-07 
1201.29 1.20861e-07 
1201.3 1.18438e-07 
1201.31 1.16044e-07 
1201.32 1.13679e-07 
1201.33 1.11343e-07 
1201.34 1.09037e-07 
1201.35 1.06761e-07 
1201.36 1.04514e-07 
1201.37 1.02297e-07 
1201.38 1.0011e-07 
1201.39 9.79529e-08 
1201.4 9.58254e-08 
1201.41 9.37278e-08 
1201.42 9.166e-08 
1201.43 8.96222e-08 
1201.44 8.76142e-08 
1201.45 8.56361e-08 
1201.46 8.36879e-08 
1201.47 8.17694e-08 
1201.48 7.98572e-08 
1201.49 7.79985e-08 
1201.5 7.61694e-08 
1201.51 7.43698e-08 
1201.52 7.25996e-08 
1201.53 7.08587e-08 
1201.54 6.9147e-08 
1201.55 6.74644e-08 
1201.56 6.58108e-08 
1201.57 6.4186e-08 
1201.58 6.25898e-08 
1201.59 6.10221e-08 
1201.6 5.94827e-08 
1201.61 5.80073e-08 
1201.62 5.65231e-08 
1201.63 5.50667e-08 
1201.64 5.36379e-08 
1201.65 5.22364e-08 
1201.66 5.08621e-08 
1201.67 4.95147e-08 
1201.68 4.8194e-08 
1201.69 4.68997e-08 
1201.7 4.56316e-08 
1201.7 4.43895e-08 
1201.71 4.31731e-08 
1201.72 4.19673e-08 
1201.73 4.08018e-08 
1201.74 3.96611e-08 
1201.75 3.8545e-08 
1201.76 3.74532e-08 
1201.77 3.63855e-08 
1201.78 3.53414e-08 
1201.79 3.43208e-08 
1201.8 3.33233e-08 
1201.81 3.23486e-08 
1201.82 3.13964e-08 
1201.83 3.04665e-08 
1201.84 2.95584e-08 
1201.85 2.86719e-08 
1201.86 2.78066e-08 
1201.87 2.69623e-08 
1201.88 2.61385e-08 
1201.89 2.53351e-08 
1201.9 2.45516e-08 
1201.91 2.37878e-08 
1201.92 2.30433e-08 
1201.93 2.23177e-08 
1201.94 2.16108e-08 
1201.95 2.09223e-08 
1201.96 2.02518e-08 
1201.97 1.9599e-08 
1201.98 1.89556e-08 
1201.99 1.83374e-08 
1202 1.77359e-08 
1202.01 1.71508e-08 
1202.02 1.65818e-08 
1202.03 1.60285e-08 
1202.04 1.54906e-08 
1202.05 1.49679e-08 
1202.06 1.446e-08 
1202.07 1.39666e-08 
1202.08 1.34874e-08 
1202.09 1.30221e-08 
1202.1 1.25704e-08 
1202.11 1.2132e-08 
1202.12 1.17066e-08 
1202.13 1.12939e-08 
1202.13 1.08936e-08 
1202.14 1.05054e-08 
1202.15 1.01291e-08 
1202.16 9.76431e-09 
1202.17 9.41083e-09 
1202.18 9.06835e-09 
1202.19 8.73663e-09 
1202.2 8.41538e-09 
1202.21 8.10435e-09 
1202.22 7.79964e-09 
1202.23 7.50833e-09 
1202.24 7.22653e-09 
1202.25 6.95394e-09 
1202.26 6.6903e-09 
1202.27 6.4354e-09 
1202.28 6.18898e-09 
1202.29 5.95082e-09 
1202.3 5.7207e-09 
1202.31 5.49839e-09 
1202.32 5.28367e-09 
1202.33 5.07634e-09 
1202.34 4.87617e-09 
1202.35 4.68298e-09 
1202.36 4.49654e-09 
1202.37 4.31668e-09 
1202.38 4.14318e-09 
1202.39 3.97587e-09 
1202.4 3.81457e-09 
1202.41 3.65908e-09 
1202.42 3.50923e-09 
1202.43 3.36485e-09 
1202.44 3.22578e-09 
1202.45 3.09183e-09 
1202.46 2.96286e-09 
1202.47 2.83871e-09 
1202.48 2.71776e-09 
1202.49 2.60283e-09 
1202.5 2.49227e-09 
1202.51 2.38594e-09 
1202.52 2.28368e-09 
1202.53 2.18538e-09 
1202.54 2.09089e-09 
1202.55 2.00009e-09 
1202.56 1.91285e-09 
1202.56 1.82905e-09 
1202.57 1.74857e-09 
1202.58 1.67131e-09 
1202.59 1.59714e-09 
1202.6 1.52595e-09 
1202.61 1.45855e-09 
1202.62 1.39299e-09 
1202.63 1.33011e-09 
1202.64 1.26982e-09 
1202.65 1.21202e-09 
1202.66 1.15661e-09 
1202.67 1.10353e-09 
1202.68 1.05266e-09 
1202.69 1.00395e-09 
1202.7 9.57292e-10 
1202.71 9.12624e-10 
1202.72 8.69867e-10 
1202.73 8.28447e-10 
1202.74 7.89317e-10 
1202.75 7.51885e-10 
1202.76 7.16085e-10 
1202.77 6.81854e-10 
1202.78 6.49129e-10 
1202.79 6.17852e-10 
1202.8 5.87964e-10 
1202.81 5.59411e-10 
1202.82 5.32138e-10 
1202.83 5.06093e-10 
1202.84 4.81227e-10 
1202.85 4.57492e-10 
1202.86 4.3484e-10 
1202.87 4.13227e-10 
1202.88 3.9261e-10 
1202.89 3.72948e-10 
1202.9 3.54199e-10 
1202.91 3.36325e-10 
1202.92 3.1929e-10 
1202.93 3.03057e-10 
1202.94 2.87592e-10 
1202.95 2.72861e-10 
1202.96 2.58834e-10 
1202.97 2.45478e-10 
1202.98 2.32765e-10 
1202.98 2.20519e-10 
1202.99 2.09014e-10 
1203 1.9807e-10 
1203.01 1.87662e-10 
1203.02 1.77765e-10 
1203.03 1.68356e-10 
1203.04 1.59413e-10 
1203.05 1.50915e-10 
1203.06 1.42842e-10 
1203.07 1.35173e-10 
1203.08 1.27891e-10 
1203.09 1.20977e-10 
1203.1 1.14413e-10 
1203.11 1.08184e-10 
1203.12 1.02274e-10 
1203.13 9.66674e-11 
1203.14 9.13497e-11 
1203.15 8.63074e-11 
1203.16 8.1527e-11 
1203.17 7.6996e-11 
1203.18 7.27022e-11 
1203.19 6.86342e-11 
1203.2 6.47808e-11 
1203.21 6.11315e-11 
1203.22 5.76763e-11 
1203.23 5.43657e-11 
1203.24 5.12722e-11 
1203.25 4.83451e-11 
1203.26 4.55759e-11 
1203.27 4.29568e-11 
1203.28 4.04801e-11 
1203.29 3.81385e-11 
1203.3 3.59252e-11 
1203.31 3.38336e-11 
1203.32 3.18573e-11 
1203.33 2.99905e-11 
1203.34 2.82274e-11 
1203.35 2.65627e-11 
1203.36 2.49911e-11 
1203.37 2.35078e-11 
1203.38 2.21082e-11 
1203.39 2.07877e-11 
1203.4 1.95421e-11 
1203.41 1.83675e-11 
1203.41 1.72601e-11 
1203.42 1.62161e-11 
1203.43 1.52323e-11 
1203.44 1.43053e-11 
1203.45 1.3432e-11 
1203.46 1.26095e-11 
1203.47 1.1835e-11 
1203.48 1.1097e-11 
1203.49 1.04112e-11 
1203.5 9.7658e-12 
1203.51 9.15859e-12 
1203.52 8.58742e-12 
1203.53 8.05025e-12 
1203.54 7.54518e-12 
1203.55 7.07038e-12 
1203.56 6.62413e-12 
1203.57 6.2048e-12 
1203.58 5.81085e-12 
1203.59 5.44082e-12 
1203.6 5.09334e-12 
1203.61 4.77003e-12 
1203.62 4.4636e-12 
1203.63 4.17602e-12 
1203.64 3.90618e-12 
1203.65 3.65304e-12 
1203.66 3.41563e-12 
1203.67 3.19301e-12 
1203.68 2.98429e-12 
1203.69 2.78867e-12 
1203.7 2.60534e-12 
1203.71 2.43358e-12 
1203.72 2.27268e-12 
1203.73 2.12018e-12 
1203.74 1.97921e-12 
1203.75 1.84724e-12 
1203.76 1.72372e-12 
1203.77 1.60815e-12 
1203.78 1.50002e-12 
1203.79 1.39888e-12 
1203.8 1.30429e-12 
1203.81 1.21586e-12 
1203.82 1.1332e-12 
1203.83 1.05595e-12 
1203.83 9.83765e-13 
1203.84 9.16332e-13 
1203.85 8.5335e-13 
1203.86 7.94538e-13 
1203.87 7.3963e-13 
1203.88 6.88379e-13 
1203.89 6.40551e-13 
1203.9 5.95927e-13 
1203.91 5.543e-13 
1203.92 5.15478e-13 
1203.93 4.79279e-13 
1203.94 4.45532e-13 
1203.95 4.14079e-13 
1203.96 3.84769e-13 
1203.97 3.57462e-13 
1203.98 3.3172e-13 
1203.99 3.08053e-13 
1204 2.86018e-13 
1204.01 2.65506e-13 
1204.02 2.46415e-13 
1204.03 2.28651e-13 
1204.04 2.12126e-13 
1204.05 1.96755e-13 
1204.06 1.82461e-13 
1204.07 1.69172e-13 
1204.08 1.5682e-13 
1204.09 1.4534e-13 
1204.1 1.34673e-13 
1204.11 1.24765e-13 
1204.12 1.15562e-13 
1204.13 1.07016e-13 
1204.14 9.9083e-14 
1204.15 9.17194e-14 
1204.16 8.4886e-14 
1204.17 7.85459e-14 
1204.18 7.26648e-14 
1204.19 6.72106e-14 
1204.2 6.21533e-14 
1204.21 5.74651e-14 
1204.22 5.31198e-14 
1204.23 4.90448e-14 
1204.24 4.5318e-14 
1204.25 4.18659e-14 
1204.26 3.86691e-14 
1204.26 3.57092e-14 
1204.27 3.29692e-14 
1204.28 3.04334e-14 
1204.29 2.8087e-14 
1204.3 2.59163e-14 
1204.31 2.39086e-14 
1204.32 2.2052e-14 
1204.33 2.03355e-14 
1204.34 1.87488e-14 
1204.35 1.72825e-14 
1204.36 1.59277e-14 
1204.37 1.46761e-14 
1204.38 1.35202e-14 
1204.39 1.24528e-14 
1204.4 1.14674e-14 
1204.41 1.05578e-14 
1204.42 9.71845e-15 
1204.43 8.94402e-15 
1204.44 8.22966e-15 
1204.45 7.57083e-15 
1204.46 6.96336e-15 
1204.47 6.40334e-15 
1204.48 5.88099e-15 
1204.49 5.40583e-15 
1204.5 4.96808e-15 
1204.51 4.56485e-15 
1204.52 4.19351e-15 
1204.53 3.85161e-15 
1204.54 3.53687e-15 
1204.55 3.24721e-15 
1204.56 2.98066e-15 
1204.57 2.73545e-15 
1204.58 2.50991e-15 
1204.59 2.3025e-15 
1204.6 2.11181e-15 
1204.61 1.93652e-15 
1204.62 1.77652e-15 
1204.63 1.62841e-15 
1204.64 1.49235e-15 
1204.65 1.36738e-15 
1204.66 1.25263e-15 
1204.67 1.14728e-15 
1204.68 1.05057e-15 
1204.68 9.61827e-16 
1204.69 8.80403e-16 
1204.7 8.05709e-16 
1204.71 7.37205e-16 
1204.72 6.73639e-16 
1204.73 6.16116e-16 
1204.74 5.63391e-16 
1204.75 5.15075e-16 
1204.76 4.70808e-16 
1204.77 4.3026e-16 
1204.78 3.93124e-16 
1204.79 3.59122e-16 
1204.8 3.27995e-16 
1204.81 2.99506e-16 
1204.82 2.73437e-16 
1204.83 2.49586e-16 
1204.84 2.27771e-16 
1204.85 2.0782e-16 
1204.86 1.89579e-16 
1204.87 1.72905e-16 
1204.88 1.57665e-16 
1204.89 1.4374e-16 
1204.9 1.31018e-16 
1204.91 1.19399e-16 
1204.92 1.08788e-16 
1204.93 9.90999e-17 
1204.94 9.02567e-17 
1204.95 8.21861e-17 
1204.96 7.48222e-17 
1204.97 6.81045e-17 
1204.98 6.19044e-17 
1204.99 5.63237e-17 
1205 5.12359e-17 
1205.01 4.65983e-17 
1205.02 4.2372e-17 
1205.03 3.85212e-17 
1205.04 3.50134e-17 
1205.05 3.18187e-17 
1205.06 2.89096e-17 
1205.07 2.62613e-17 
1205.08 2.38507e-17 
1205.09 2.16571e-17 
1205.1 1.96613e-17 
1205.11 1.78459e-17 
1205.11 1.61948e-17 
1205.12 1.46935e-17 
1205.13 1.33288e-17 
1205.14 1.20884e-17 
1205.15 1.09612e-17 
1205.16 9.93709e-18 
1205.17 9.00689e-18 
1205.18 8.16212e-18 
1205.19 7.39511e-18 
1205.2 6.69883e-18 
1205.21 6.06689e-18 
1205.22 5.48696e-18 
1205.23 4.96705e-18 
1205.24 4.49576e-18 
1205.25 4.06838e-18 
1205.26 3.68088e-18 
1205.27 3.32963e-18 
1205.28 3.01129e-18 
1205.29 2.72284e-18 
1205.3 2.46152e-18 
1205.31 2.22484e-18 
1205.32 2.01052e-18 
1205.33 1.81647e-18 
1205.34 1.64083e-18 
1205.35 1.48187e-18 
1205.36 1.33804e-18 
1205.37 1.20793e-18 
1205.38 1.09026e-18 
1205.39 9.83846e-19 
1205.4 8.87644e-19 
1205.41 8.00688e-19 
1205.42 7.22106e-19 
1205.43 6.51106e-19 
1205.44 5.86969e-19 
1205.45 5.29043e-19 
1205.46 4.76739e-19 
1205.47 4.29519e-19 
1205.48 3.86419e-19 
1205.49 3.47982e-19 
1205.5 3.13326e-19 
1205.51 2.82065e-19 
1205.52 2.53872e-19 
1205.53 2.28451e-19 
1205.54 2.05535e-19 
1205.54 1.8488e-19 
1205.55 1.66267e-19 
1205.56 1.49499e-19 
1205.57 1.34394e-19 
1205.58 1.20792e-19 
1205.59 1.08544e-19 
1205.6 9.75187e-20 
1205.61 8.76496e-20 
1205.62 7.8715e-20 
1205.63 7.06771e-20 
1205.64 6.34472e-20 
1205.65 5.69454e-20 
1205.66 5.10997e-20 
1205.67 4.58449e-20 
1205.68 4.11222e-20 
1205.69 3.68786e-20 
1205.7 3.30663e-20 
1205.71 2.96422e-20 
1205.72 2.65673e-20 
1205.73 2.37739e-20 
1205.74 2.12992e-20 
1205.75 1.90782e-20 
1205.76 1.70854e-20 
1205.77 1.52977e-20 
1205.78 1.36943e-20 
1205.79 1.22565e-20 
1205.8 1.09674e-20 
1205.81 9.812e-21 
1205.82 8.77653e-21 
1205.83 7.84876e-21 
1205.84 7.01766e-21 
1205.85 6.2733e-21 
1205.86 5.60678e-21 
1205.87 5.01006e-21 
1205.88 4.47596e-21 
1205.89 3.99799e-21 
1205.9 3.57035e-21 
1205.91 3.18781e-21 
1205.92 2.84568e-21 
1205.93 2.53977e-21 
1205.94 2.26628e-21 
1205.95 2.02184e-21 
1205.96 1.80341e-21 
1205.96 1.60825e-21 
1205.97 1.43392e-21 
1205.98 1.2764e-21 
1205.99 1.13758e-21 
1206 1.01366e-21 
1206.01 9.03055e-22 
1206.02 8.04359e-22 
1206.03 7.16306e-22 
1206.04 6.37764e-22 
1206.05 5.6772e-22 
1206.06 5.05268e-22 
1206.07 4.49595e-22 
1206.08 3.99977e-22 
1206.09 3.55763e-22 
1206.1 3.16373e-22 
1206.11 2.81288e-22 
1206.12 2.50044e-22 
1206.13 2.22226e-22 
1206.14 1.97463e-22 
1206.15 1.75424e-22 
1206.16 1.55813e-22 
1206.17 1.38368e-22 
1206.18 1.2285e-22 
1206.19 1.09052e-22 
1206.2 9.67832e-23 
1206.21 8.58778e-23 
1206.22 7.6186e-23 
1206.23 6.7473e-23 
1206.24 5.98342e-23 
1206.25 5.30494e-23 
1206.26 4.70246e-23 
1206.27 4.16757e-23 
1206.28 3.69278e-23 
1206.29 3.27143e-23 
1206.3 2.89757e-23 
1206.31 2.56592e-23 
1206.32 2.27177e-23 
1206.33 2.01094e-23 
1206.34 1.7797e-23 
1206.35 1.57474e-23 
1206.36 1.3931e-23 
1206.37 1.23217e-23 
1206.38 1.08961e-23 
1206.39 9.63345e-24 
1206.39 8.51545e-24 
1206.4 7.52568e-24 
1206.41 6.64963e-24 
1206.42 5.87438e-24 
1206.43 5.18847e-24 
1206.44 4.58173e-24 
1206.45 4.04513e-24 
1206.46 3.57066e-24 
1206.47 3.15121e-24 
1206.48 2.77613e-24 
1206.49 2.44902e-24 
1206.5 2.16003e-24 
1206.51 1.90475e-24 
1206.52 1.67931e-24 
1206.53 1.48026e-24 
1206.54 1.30453e-24 
1206.55 1.14944e-24 
1206.56 1.01258e-24 
1206.57 8.91842e-25 
1206.58 7.8534e-25 
1206.59 6.91418e-25 
1206.6 0 
