#energy geo_1 
1186.6 7.37063e-07 
1186.61 7.36602e-07 
1186.62 7.3614e-07 
1186.63 7.35679e-07 
1186.64 7.35218e-07 
1186.65 7.34758e-07 
1186.66 7.34297e-07 
1186.67 7.33837e-07 
1186.68 7.33377e-07 
1186.69 7.32917e-07 
1186.7 7.32457e-07 
1186.71 7.31998e-07 
1186.72 7.31539e-07 
1186.73 7.3108e-07 
1186.74 7.30621e-07 
1186.75 7.30162e-07 
1186.76 7.29704e-07 
1186.77 7.29246e-07 
1186.78 7.28788e-07 
1186.79 7.28331e-07 
1186.8 7.27874e-07 
1186.81 7.27416e-07 
1186.81 7.2696e-07 
1186.82 7.26502e-07 
1186.83 7.26046e-07 
1186.84 7.2559e-07 
1186.85 7.25134e-07 
1186.86 7.24678e-07 
1186.87 7.24222e-07 
1186.88 7.23766e-07 
1186.89 7.23312e-07 
1186.9 7.22856e-07 
1186.91 7.22401e-07 
1186.92 7.21947e-07 
1186.93 7.21492e-07 
1186.94 7.21039e-07 
1186.95 7.20585e-07 
1186.96 7.2013e-07 
1186.97 7.19677e-07 
1186.98 7.19224e-07 
1186.99 7.1877e-07 
1187 7.18318e-07 
1187.01 7.17864e-07 
1187.02 7.17412e-07 
1187.03 7.1696e-07 
1187.04 7.16508e-07 
1187.05 7.16057e-07 
1187.06 7.15604e-07 
1187.07 7.15153e-07 
1187.08 7.14702e-07 
1187.09 7.14251e-07 
1187.1 7.138e-07 
1187.11 7.1335e-07 
1187.12 7.12899e-07 
1187.13 7.12449e-07 
1187.14 7.11999e-07 
1187.15 7.11549e-07 
1187.16 7.11099e-07 
1187.17 7.1065e-07 
1187.18 7.10201e-07 
1187.19 7.09752e-07 
1187.2 7.09303e-07 
1187.21 7.08855e-07 
1187.22 7.08407e-07 
1187.23 7.07958e-07 
1187.24 7.0751e-07 
1187.24 7.07063e-07 
1187.25 7.06616e-07 
1187.26 7.06168e-07 
1187.27 7.05721e-07 
1187.28 7.05274e-07 
1187.29 7.04827e-07 
1187.3 7.04381e-07 
1187.31 7.03934e-07 
1187.32 7.03488e-07 
1187.33 7.03042e-07 
1187.34 7.02596e-07 
1187.35 7.02151e-07 
1187.36 7.01706e-07 
1187.37 7.01261e-07 
1187.38 7.00816e-07 
1187.39 7.00371e-07 
1187.4 6.99927e-07 
1187.41 6.99482e-07 
1187.42 6.99038e-07 
1187.43 6.98594e-07 
1187.44 6.9815e-07 
1187.45 6.97706e-07 
1187.46 6.97264e-07 
1187.47 6.96821e-07 
1187.48 6.96377e-07 
1187.49 6.95934e-07 
1187.5 6.95492e-07 
1187.51 6.95049e-07 
1187.52 6.94607e-07 
1187.53 6.94165e-07 
1187.54 6.93723e-07 
1187.55 6.93282e-07 
1187.56 6.9284e-07 
1187.57 6.92399e-07 
1187.58 6.91958e-07 
1187.59 6.91517e-07 
1187.6 6.91076e-07 
1187.61 6.91067e-07 
1187.62 6.90627e-07 
1187.63 6.90187e-07 
1187.64 6.89747e-07 
1187.65 6.89307e-07 
1187.66 6.88867e-07 
1187.66 6.88427e-07 
1187.67 6.87987e-07 
1187.68 6.87548e-07 
1187.69 6.87109e-07 
1187.7 6.8667e-07 
1187.71 6.86231e-07 
1187.72 6.85792e-07 
1187.73 6.85354e-07 
1187.74 6.84916e-07 
1187.75 6.84478e-07 
1187.76 6.84039e-07 
1187.77 6.83601e-07 
1187.78 6.83164e-07 
1187.79 6.82727e-07 
1187.8 6.82289e-07 
1187.81 6.81852e-07 
1187.82 6.81415e-07 
1187.83 6.80979e-07 
1187.84 6.80542e-07 
1187.85 6.80106e-07 
1187.86 6.79669e-07 
1187.87 6.79234e-07 
1187.88 6.78798e-07 
1187.89 6.78362e-07 
1187.9 6.77927e-07 
1187.91 6.77491e-07 
1187.92 6.77056e-07 
1187.93 6.76621e-07 
1187.94 6.76186e-07 
1187.95 6.75751e-07 
1187.96 6.75317e-07 
1187.97 6.74883e-07 
1187.98 6.74448e-07 
1187.99 6.74015e-07 
1188 6.73581e-07 
1188.01 6.73147e-07 
1188.02 6.72713e-07 
1188.03 6.7228e-07 
1188.04 6.71846e-07 
1188.05 6.71414e-07 
1188.06 6.70981e-07 
1188.07 6.70548e-07 
1188.08 6.70115e-07 
1188.09 6.69682e-07 
1188.09 6.6925e-07 
1188.1 6.68818e-07 
1188.11 6.68386e-07 
1188.12 6.67954e-07 
1188.13 6.67523e-07 
1188.14 6.67091e-07 
1188.15 6.66659e-07 
1188.16 6.66228e-07 
1188.17 6.65796e-07 
1188.18 6.65366e-07 
1188.19 6.64935e-07 
1188.2 6.64505e-07 
1188.21 6.64074e-07 
1188.22 6.63644e-07 
1188.23 6.63213e-07 
1188.24 6.62783e-07 
1188.25 6.62353e-07 
1188.26 6.61923e-07 
1188.27 6.61493e-07 
1188.28 6.61063e-07 
1188.29 6.60634e-07 
1188.3 6.60205e-07 
1188.31 6.59776e-07 
1188.32 6.59347e-07 
1188.33 6.58918e-07 
1188.34 6.58488e-07 
1188.35 6.5806e-07 
1188.36 6.57631e-07 
1188.37 6.57203e-07 
1188.38 6.56775e-07 
1188.39 6.56346e-07 
1188.4 6.55918e-07 
1188.41 6.5549e-07 
1188.42 6.55062e-07 
1188.43 6.54635e-07 
1188.44 6.54207e-07 
1188.45 6.53779e-07 
1188.46 6.53352e-07 
1188.47 6.52925e-07 
1188.48 6.52498e-07 
1188.49 6.5207e-07 
1188.5 6.51644e-07 
1188.51 6.51217e-07 
1188.52 6.5079e-07 
1188.52 6.50363e-07 
1188.53 6.49938e-07 
1188.54 6.49511e-07 
1188.55 6.49085e-07 
1188.56 6.48659e-07 
1188.57 6.48233e-07 
1188.58 6.47806e-07 
1188.59 6.47381e-07 
1188.6 6.47359e-07 
1188.61 6.46933e-07 
1188.62 6.46508e-07 
1188.63 6.46082e-07 
1188.64 6.45656e-07 
1188.65 6.4523e-07 
1188.66 6.44805e-07 
1188.67 6.4438e-07 
1188.68 6.43955e-07 
1188.69 6.43529e-07 
1188.7 6.43105e-07 
1188.71 6.42679e-07 
1188.72 6.42254e-07 
1188.73 6.4183e-07 
1188.74 6.41405e-07 
1188.75 6.4098e-07 
1188.76 6.40556e-07 
1188.77 6.40131e-07 
1188.78 6.39706e-07 
1188.79 6.39283e-07 
1188.8 6.38858e-07 
1188.81 6.38434e-07 
1188.82 6.3801e-07 
1188.83 6.37586e-07 
1188.84 6.37162e-07 
1188.85 6.36738e-07 
1188.86 6.36314e-07 
1188.87 6.3589e-07 
1188.88 6.35467e-07 
1188.89 6.35043e-07 
1188.9 6.34619e-07 
1188.91 6.34196e-07 
1188.92 6.33772e-07 
1188.93 6.33349e-07 
1188.94 6.32926e-07 
1188.94 6.32502e-07 
1188.95 6.32079e-07 
1188.96 6.31656e-07 
1188.97 6.31233e-07 
1188.98 6.3081e-07 
1188.99 6.30386e-07 
1189 6.29963e-07 
1189.01 6.29541e-07 
1189.02 6.29117e-07 
1189.03 6.28695e-07 
1189.04 6.28272e-07 
1189.05 6.27849e-07 
1189.06 6.27426e-07 
1189.07 6.27004e-07 
1189.08 6.26581e-07 
1189.09 6.26158e-07 
1189.1 6.25736e-07 
1189.11 6.25313e-07 
1189.12 6.24891e-07 
1189.13 6.24468e-07 
1189.14 6.24045e-07 
1189.15 6.23623e-07 
1189.16 6.232e-07 
1189.17 6.22778e-07 
1189.18 6.22356e-07 
1189.19 6.21933e-07 
1189.2 6.2151e-07 
1189.21 6.21088e-07 
1189.22 6.20665e-07 
1189.23 6.20243e-07 
1189.24 6.19821e-07 
1189.25 6.19399e-07 
1189.26 6.18977e-07 
1189.27 6.18554e-07 
1189.28 6.18132e-07 
1189.29 6.17709e-07 
1189.3 6.17287e-07 
1189.31 6.16865e-07 
1189.32 6.16442e-07 
1189.33 6.1602e-07 
1189.34 6.15598e-07 
1189.35 6.15175e-07 
1189.36 6.14753e-07 
1189.36 6.1433e-07 
1189.37 6.13908e-07 
1189.38 6.13485e-07 
1189.39 6.13063e-07 
1189.4 6.1264e-07 
1189.41 6.12217e-07 
1189.42 6.11795e-07 
1189.43 6.11373e-07 
1189.44 6.1095e-07 
1189.45 6.10527e-07 
1189.46 6.10105e-07 
1189.47 6.09682e-07 
1189.48 6.09259e-07 
1189.49 6.08837e-07 
1189.5 6.08414e-07 
1189.51 6.07991e-07 
1189.52 6.07568e-07 
1189.53 6.07145e-07 
1189.54 6.06722e-07 
1189.55 6.06299e-07 
1189.56 6.05876e-07 
1189.57 6.05453e-07 
1189.58 6.0503e-07 
1189.59 6.04606e-07 
1189.6 6.04184e-07 
1189.61 6.04137e-07 
1189.62 6.03713e-07 
1189.63 6.03289e-07 
1189.64 6.02865e-07 
1189.65 6.02442e-07 
1189.66 6.02017e-07 
1189.67 6.01593e-07 
1189.68 6.01169e-07 
1189.69 6.00745e-07 
1189.7 6.00321e-07 
1189.71 5.99896e-07 
1189.72 5.99472e-07 
1189.73 5.99047e-07 
1189.74 5.98622e-07 
1189.75 5.98198e-07 
1189.76 5.97773e-07 
1189.77 5.97348e-07 
1189.78 5.96923e-07 
1189.79 5.96498e-07 
1189.79 5.96073e-07 
1189.8 5.95648e-07 
1189.81 5.95222e-07 
1189.82 5.94797e-07 
1189.83 5.94371e-07 
1189.84 5.93945e-07 
1189.85 5.9352e-07 
1189.86 5.93093e-07 
1189.87 5.92667e-07 
1189.88 5.92241e-07 
1189.89 5.91815e-07 
1189.9 5.91389e-07 
1189.91 5.90962e-07 
1189.92 5.90534e-07 
1189.93 5.90108e-07 
1189.94 5.89681e-07 
1189.95 5.89254e-07 
1189.96 5.88827e-07 
1189.97 5.88399e-07 
1189.98 5.87971e-07 
1189.99 5.87544e-07 
1190 5.87116e-07 
1190.01 5.86688e-07 
1190.02 5.86259e-07 
1190.03 5.85831e-07 
1190.04 5.85403e-07 
1190.05 5.84974e-07 
1190.06 5.84545e-07 
1190.07 5.84116e-07 
1190.08 5.83687e-07 
1190.09 5.83258e-07 
1190.1 5.82828e-07 
1190.11 5.82399e-07 
1190.12 5.81969e-07 
1190.13 5.81539e-07 
1190.14 5.81109e-07 
1190.15 5.80678e-07 
1190.16 5.80248e-07 
1190.17 5.79817e-07 
1190.18 5.79386e-07 
1190.19 5.78955e-07 
1190.2 5.78523e-07 
1190.21 5.78092e-07 
1190.21 5.7766e-07 
1190.22 5.77228e-07 
1190.23 5.76796e-07 
1190.24 5.76364e-07 
1190.25 5.75931e-07 
1190.26 5.75498e-07 
1190.27 5.75065e-07 
1190.28 5.74632e-07 
1190.29 5.74199e-07 
1190.3 5.73765e-07 
1190.31 5.73331e-07 
1190.32 5.72896e-07 
1190.33 5.72463e-07 
1190.34 5.72027e-07 
1190.35 5.71593e-07 
1190.36 5.71158e-07 
1190.37 5.70723e-07 
1190.38 5.70287e-07 
1190.39 5.69851e-07 
1190.4 5.69415e-07 
1190.41 5.68979e-07 
1190.42 5.68542e-07 
1190.43 5.68105e-07 
1190.44 5.67668e-07 
1190.45 5.67231e-07 
1190.46 5.66793e-07 
1190.47 5.66355e-07 
1190.48 5.65917e-07 
1190.49 5.65479e-07 
1190.5 5.6504e-07 
1190.51 5.64601e-07 
1190.52 5.64162e-07 
1190.53 5.63722e-07 
1190.54 5.63282e-07 
1190.55 5.62841e-07 
1190.56 5.62402e-07 
1190.57 5.61961e-07 
1190.58 5.6152e-07 
1190.59 5.61078e-07 
1190.6 5.60637e-07 
1190.61 5.60544e-07 
1190.62 5.60101e-07 
1190.63 5.59659e-07 
1190.64 5.59215e-07 
1190.64 5.58772e-07 
1190.65 5.58328e-07 
1190.66 5.57884e-07 
1190.67 5.5744e-07 
1190.68 5.56995e-07 
1190.69 5.5655e-07 
1190.7 5.56104e-07 
1190.71 5.55658e-07 
1190.72 5.55212e-07 
1190.73 5.54765e-07 
1190.74 5.54319e-07 
1190.75 5.53871e-07 
1190.76 5.53424e-07 
1190.77 5.52975e-07 
1190.78 5.52528e-07 
1190.79 5.52079e-07 
1190.8 5.5163e-07 
1190.81 5.5118e-07 
1190.82 5.50731e-07 
1190.83 5.5028e-07 
1190.84 5.4983e-07 
1190.85 5.49379e-07 
1190.86 5.48928e-07 
1190.87 5.48476e-07 
1190.88 5.48024e-07 
1190.89 5.47572e-07 
1190.9 5.47118e-07 
1190.91 5.46665e-07 
1190.92 5.46212e-07 
1190.93 5.45758e-07 
1190.94 5.45303e-07 
1190.95 5.44849e-07 
1190.96 5.44393e-07 
1190.97 5.43937e-07 
1190.98 5.43482e-07 
1190.99 5.43025e-07 
1191 5.42568e-07 
1191.01 5.4211e-07 
1191.02 5.41653e-07 
1191.03 5.41195e-07 
1191.04 5.40736e-07 
1191.05 5.40277e-07 
1191.06 5.39817e-07 
1191.07 5.39357e-07 
1191.07 5.38897e-07 
1191.08 5.38436e-07 
1191.09 5.37975e-07 
1191.1 5.37513e-07 
1191.11 5.37051e-07 
1191.12 5.36588e-07 
1191.13 5.36125e-07 
1191.14 5.35661e-07 
1191.15 5.35197e-07 
1191.16 5.34732e-07 
1191.17 5.34267e-07 
1191.18 5.33802e-07 
1191.19 5.33335e-07 
1191.2 5.32869e-07 
1191.21 5.32402e-07 
1191.22 5.31934e-07 
1191.23 5.31466e-07 
1191.24 5.30997e-07 
1191.25 5.30528e-07 
1191.26 5.30059e-07 
1191.27 5.29589e-07 
1191.28 5.29118e-07 
1191.29 5.28647e-07 
1191.3 5.28176e-07 
1191.31 5.27704e-07 
1191.32 5.27231e-07 
1191.33 5.26758e-07 
1191.34 5.26284e-07 
1191.35 5.25811e-07 
1191.36 5.25336e-07 
1191.37 5.2486e-07 
1191.38 5.24385e-07 
1191.39 5.23908e-07 
1191.4 5.23431e-07 
1191.41 5.22954e-07 
1191.42 5.22476e-07 
1191.43 5.21997e-07 
1191.44 5.21518e-07 
1191.45 5.21038e-07 
1191.46 5.20558e-07 
1191.47 5.20077e-07 
1191.48 5.19596e-07 
1191.49 5.19114e-07 
1191.49 5.18631e-07 
1191.5 5.18148e-07 
1191.51 5.17664e-07 
1191.52 5.1718e-07 
1191.53 5.16695e-07 
1191.54 5.1621e-07 
1191.55 5.15723e-07 
1191.56 5.15237e-07 
1191.57 5.1475e-07 
1191.58 5.14261e-07 
1191.59 5.13773e-07 
1191.6 5.13604e-07 
1191.61 5.13114e-07 
1191.62 5.12623e-07 
1191.63 5.12132e-07 
1191.64 5.1164e-07 
1191.65 5.11147e-07 
1191.66 5.10654e-07 
1191.67 5.1016e-07 
1191.68 5.09666e-07 
1191.69 5.09171e-07 
1191.7 5.08676e-07 
1191.71 5.08179e-07 
1191.72 5.07682e-07 
1191.73 5.07184e-07 
1191.74 5.06686e-07 
1191.75 5.06187e-07 
1191.76 5.05688e-07 
1191.77 5.05187e-07 
1191.78 5.04687e-07 
1191.79 5.04185e-07 
1191.8 5.03682e-07 
1191.81 5.03179e-07 
1191.82 5.02676e-07 
1191.83 5.02171e-07 
1191.84 5.01666e-07 
1191.85 5.01161e-07 
1191.86 5.00654e-07 
1191.87 5.00147e-07 
1191.88 4.99639e-07 
1191.89 4.99131e-07 
1191.9 4.98622e-07 
1191.91 4.98113e-07 
1191.92 4.97602e-07 
1191.92 4.97091e-07 
1191.93 4.96579e-07 
1191.94 4.96066e-07 
1191.95 4.95553e-07 
1191.96 4.95039e-07 
1191.97 4.94524e-07 
1191.98 4.94009e-07 
1191.99 4.93493e-07 
1192 4.92976e-07 
1192.01 4.92458e-07 
1192.02 4.91939e-07 
1192.03 4.91421e-07 
1192.04 4.90901e-07 
1192.05 4.9038e-07 
1192.06 4.89859e-07 
1192.07 4.89337e-07 
1192.08 4.88814e-07 
1192.09 4.88291e-07 
1192.1 4.87767e-07 
1192.11 4.87242e-07 
1192.12 4.86717e-07 
1192.13 4.86191e-07 
1192.14 4.85664e-07 
1192.15 4.85136e-07 
1192.16 4.84608e-07 
1192.17 4.84079e-07 
1192.18 4.8355e-07 
1192.19 4.83019e-07 
1192.2 4.82488e-07 
1192.21 4.81956e-07 
1192.22 4.81424e-07 
1192.23 4.80891e-07 
1192.24 4.80358e-07 
1192.25 4.79824e-07 
1192.26 4.79289e-07 
1192.27 4.78753e-07 
1192.28 4.78217e-07 
1192.29 4.77681e-07 
1192.3 4.77144e-07 
1192.31 4.76607e-07 
1192.32 4.76068e-07 
1192.33 4.7553e-07 
1192.34 4.74991e-07 
1192.34 4.74452e-07 
1192.35 4.73912e-07 
1192.36 4.73372e-07 
1192.37 4.72832e-07 
1192.38 4.72292e-07 
1192.39 4.71751e-07 
1192.4 4.7121e-07 
1192.41 4.7067e-07 
1192.42 4.70128e-07 
1192.43 4.69587e-07 
1192.44 4.69047e-07 
1192.45 4.68506e-07 
1192.46 4.67966e-07 
1192.47 4.67426e-07 
1192.48 4.66887e-07 
1192.49 4.66348e-07 
1192.5 4.6581e-07 
1192.51 4.65272e-07 
1192.52 4.64736e-07 
1192.53 4.64201e-07 
1192.54 4.63666e-07 
1192.55 4.63134e-07 
1192.56 4.62602e-07 
1192.57 4.62072e-07 
1192.58 4.61545e-07 
1192.59 4.61019e-07 
1192.6 4.60496e-07 
1192.61 4.60261e-07 
1192.62 4.59742e-07 
1192.63 4.59227e-07 
1192.64 4.58715e-07 
1192.65 4.58206e-07 
1192.66 4.57702e-07 
1192.67 4.57201e-07 
1192.68 4.56705e-07 
1192.69 4.56215e-07 
1192.7 4.55729e-07 
1192.71 4.5525e-07 
1192.72 4.54776e-07 
1192.73 4.54311e-07 
1192.74 4.53852e-07 
1192.75 4.534e-07 
1192.76 4.52957e-07 
1192.77 4.52523e-07 
1192.77 4.52098e-07 
1192.78 4.51683e-07 
1192.79 4.51279e-07 
1192.8 4.50887e-07 
1192.81 4.50507e-07 
1192.82 4.50141e-07 
1192.83 4.49789e-07 
1192.84 4.49451e-07 
1192.85 4.4913e-07 
1192.86 4.48826e-07 
1192.87 4.4854e-07 
1192.88 4.48272e-07 
1192.89 4.48025e-07 
1192.9 4.47799e-07 
1192.91 4.47597e-07 
1192.92 4.47418e-07 
1192.93 4.47265e-07 
1192.94 4.47138e-07 
1192.95 4.4704e-07 
1192.96 4.46972e-07 
1192.97 4.46935e-07 
1192.98 4.4694e-07 
1192.99 4.46973e-07 
1193 4.47042e-07 
1193.01 4.47151e-07 
1193.02 4.473e-07 
1193.03 4.47493e-07 
1193.04 4.47731e-07 
1193.05 4.48016e-07 
1193.06 4.48351e-07 
1193.07 4.48739e-07 
1193.08 4.49181e-07 
1193.09 4.49681e-07 
1193.1 4.50241e-07 
1193.11 4.50863e-07 
1193.12 4.51552e-07 
1193.13 4.52309e-07 
1193.14 4.53138e-07 
1193.15 4.54041e-07 
1193.16 4.55023e-07 
1193.17 4.56087e-07 
1193.18 4.57235e-07 
1193.19 4.58471e-07 
1193.19 4.598e-07 
1193.2 4.61224e-07 
1193.21 4.62747e-07 
1193.22 4.64404e-07 
1193.23 4.66139e-07 
1193.24 4.67986e-07 
1193.25 4.69948e-07 
1193.26 4.7203e-07 
1193.27 4.74236e-07 
1193.28 4.76569e-07 
1193.29 4.79036e-07 
1193.3 4.8164e-07 
1193.31 4.84386e-07 
1193.32 4.87277e-07 
1193.33 4.9032e-07 
1193.34 4.93518e-07 
1193.35 4.96876e-07 
1193.36 5.004e-07 
1193.37 5.04093e-07 
1193.38 5.07962e-07 
1193.39 5.1201e-07 
1193.4 5.16242e-07 
1193.41 5.20663e-07 
1193.42 5.25279e-07 
1193.43 5.30093e-07 
1193.44 5.35112e-07 
1193.45 5.40338e-07 
1193.46 5.45778e-07 
1193.47 5.51436e-07 
1193.48 5.574e-07 
1193.49 5.6351e-07 
1193.5 5.69852e-07 
1193.51 5.7643e-07 
1193.52 5.83248e-07 
1193.53 5.9031e-07 
1193.54 5.97621e-07 
1193.55 6.05183e-07 
1193.56 6.13001e-07 
1193.57 6.21079e-07 
1193.58 6.29419e-07 
1193.59 6.38025e-07 
1193.6 6.469e-07 
1193.61 6.56455e-07 
1193.62 6.6588e-07 
1193.62 6.75583e-07 
1193.63 6.85563e-07 
1193.64 6.95823e-07 
1193.65 7.06365e-07 
1193.66 7.17188e-07 
1193.67 7.28295e-07 
1193.68 7.39686e-07 
1193.69 7.51361e-07 
1193.7 7.63318e-07 
1193.71 7.75559e-07 
1193.72 7.88081e-07 
1193.73 8.01054e-07 
1193.74 8.14139e-07 
1193.75 8.27501e-07 
1193.76 8.41136e-07 
1193.77 8.55041e-07 
1193.78 8.69215e-07 
1193.79 8.83651e-07 
1193.8 8.98346e-07 
1193.81 9.13295e-07 
1193.82 9.28493e-07 
1193.83 9.43934e-07 
1193.84 9.59611e-07 
1193.85 9.75519e-07 
1193.86 9.91648e-07 
1193.87 1.00799e-06 
1193.88 1.02454e-06 
1193.89 1.04129e-06 
1193.9 1.05823e-06 
1193.91 1.07535e-06 
1193.92 1.09263e-06 
1193.93 1.11008e-06 
1193.94 1.12767e-06 
1193.95 1.1454e-06 
1193.96 1.16325e-06 
1193.97 1.18121e-06 
1193.98 1.1995e-06 
1193.99 1.21765e-06 
1194 1.23587e-06 
1194.01 1.25414e-06 
1194.02 1.27246e-06 
1194.03 1.2908e-06 
1194.04 1.30916e-06 
1194.05 1.32751e-06 
1194.05 1.34584e-06 
1194.06 1.36414e-06 
1194.07 1.38239e-06 
1194.08 1.40056e-06 
1194.09 1.41866e-06 
1194.1 1.43665e-06 
1194.11 1.45452e-06 
1194.12 1.47225e-06 
1194.13 1.48983e-06 
1194.14 1.50723e-06 
1194.15 1.52445e-06 
1194.16 1.54145e-06 
1194.17 1.55823e-06 
1194.18 1.57477e-06 
1194.19 1.59105e-06 
1194.2 1.60704e-06 
1194.21 1.62274e-06 
1194.22 1.63812e-06 
1194.23 1.65337e-06 
1194.24 1.66807e-06 
1194.25 1.68241e-06 
1194.26 1.69636e-06 
1194.27 1.70991e-06 
1194.28 1.72305e-06 
1194.29 1.73576e-06 
1194.3 1.74803e-06 
1194.31 1.75983e-06 
1194.32 1.77116e-06 
1194.33 1.782e-06 
1194.34 1.79234e-06 
1194.35 1.80216e-06 
1194.36 1.81146e-06 
1194.37 1.82022e-06 
1194.38 1.82842e-06 
1194.39 1.83607e-06 
1194.4 1.84315e-06 
1194.41 1.84964e-06 
1194.42 1.85555e-06 
1194.43 1.86086e-06 
1194.44 1.86557e-06 
1194.45 1.86967e-06 
1194.46 1.87315e-06 
1194.47 1.87601e-06 
1194.47 1.87827e-06 
1194.48 1.87987e-06 
1194.49 1.88084e-06 
1194.5 1.88117e-06 
1194.51 1.88087e-06 
1194.52 1.87993e-06 
1194.53 1.87836e-06 
1194.54 1.87615e-06 
1194.55 1.87332e-06 
1194.56 1.86985e-06 
1194.57 1.86576e-06 
1194.58 1.86105e-06 
1194.59 1.85573e-06 
1194.6 1.84979e-06 
1194.61 1.8444e-06 
1194.62 1.83726e-06 
1194.63 1.82953e-06 
1194.64 1.82123e-06 
1194.65 1.81235e-06 
1194.66 1.80291e-06 
1194.67 1.79293e-06 
1194.68 1.7824e-06 
1194.69 1.77135e-06 
1194.7 1.75979e-06 
1194.71 1.74773e-06 
1194.72 1.73518e-06 
1194.73 1.722e-06 
1194.74 1.70851e-06 
1194.75 1.69458e-06 
1194.76 1.68022e-06 
1194.77 1.66545e-06 
1194.78 1.65028e-06 
1194.79 1.63474e-06 
1194.8 1.61883e-06 
1194.81 1.60258e-06 
1194.82 1.586e-06 
1194.83 1.5691e-06 
1194.84 1.55192e-06 
1194.85 1.53446e-06 
1194.86 1.51674e-06 
1194.87 1.49878e-06 
1194.88 1.4806e-06 
1194.89 1.46222e-06 
1194.9 1.44365e-06 
1194.9 1.42491e-06 
1194.91 1.40603e-06 
1194.92 1.38701e-06 
1194.93 1.36788e-06 
1194.94 1.34866e-06 
1194.95 1.32935e-06 
1194.96 1.30999e-06 
1194.97 1.29058e-06 
1194.98 1.2709e-06 
1194.99 1.25146e-06 
1195 1.23202e-06 
1195.01 1.2126e-06 
1195.02 1.19322e-06 
1195.03 1.17389e-06 
1195.04 1.15463e-06 
1195.05 1.13545e-06 
1195.06 1.11637e-06 
1195.07 1.0974e-06 
1195.08 1.07855e-06 
1195.09 1.05985e-06 
1195.1 1.04129e-06 
1195.11 1.02289e-06 
1195.12 1.00467e-06 
1195.13 9.86633e-07 
1195.14 9.68794e-07 
1195.15 9.51161e-07 
1195.16 9.33744e-07 
1195.17 9.16554e-07 
1195.18 8.996e-07 
1195.19 8.82889e-07 
1195.2 8.6643e-07 
1195.21 8.50231e-07 
1195.22 8.34299e-07 
1195.23 8.18454e-07 
1195.24 8.03079e-07 
1195.25 7.8799e-07 
1195.26 7.73194e-07 
1195.27 7.58694e-07 
1195.28 7.44496e-07 
1195.29 7.30603e-07 
1195.3 7.17019e-07 
1195.31 7.03748e-07 
1195.32 6.90793e-07 
1195.32 6.78156e-07 
1195.33 6.65841e-07 
1195.34 6.53849e-07 
1195.35 6.42181e-07 
1195.36 6.3084e-07 
1195.37 6.19825e-07 
1195.38 6.09138e-07 
1195.39 5.98779e-07 
1195.4 5.88749e-07 
1195.41 5.79048e-07 
1195.42 5.69674e-07 
1195.43 5.60628e-07 
1195.44 5.51909e-07 
1195.45 5.43516e-07 
1195.46 5.35448e-07 
1195.47 5.27703e-07 
1195.48 5.20197e-07 
1195.49 5.13098e-07 
1195.5 5.06318e-07 
1195.51 4.99854e-07 
1195.52 4.93705e-07 
1195.53 4.87869e-07 
1195.54 4.82342e-07 
1195.55 4.77124e-07 
1195.56 4.7221e-07 
1195.57 4.676e-07 
1195.58 4.6329e-07 
1195.59 4.59278e-07 
1195.6 4.55561e-07 
1195.61 4.52418e-07 
1195.62 4.49282e-07 
1195.63 4.46433e-07 
1195.64 4.43868e-07 
1195.65 4.41586e-07 
1195.66 4.39583e-07 
1195.67 4.37856e-07 
1195.68 4.36404e-07 
1195.69 4.35222e-07 
1195.7 4.34309e-07 
1195.71 4.33662e-07 
1195.72 4.33278e-07 
1195.73 4.33163e-07 
1195.74 4.33302e-07 
1195.75 4.33695e-07 
1195.75 4.34343e-07 
1195.76 4.3524e-07 
1195.77 4.36386e-07 
1195.78 4.37778e-07 
1195.79 4.39414e-07 
1195.8 4.4129e-07 
1195.81 4.43406e-07 
1195.82 4.45758e-07 
1195.83 4.48345e-07 
1195.84 4.51164e-07 
1195.85 4.54213e-07 
1195.86 4.57489e-07 
1195.87 4.60992e-07 
1195.88 4.64718e-07 
1195.89 4.68665e-07 
1195.9 4.72832e-07 
1195.91 4.77215e-07 
1195.92 4.81815e-07 
1195.93 4.86626e-07 
1195.94 4.91648e-07 
1195.95 4.96879e-07 
1195.96 5.02317e-07 
1195.97 5.07958e-07 
1195.98 5.13884e-07 
1195.99 5.1993e-07 
1196 5.26173e-07 
1196.01 5.3261e-07 
1196.02 5.39241e-07 
1196.03 5.46061e-07 
1196.04 5.53069e-07 
1196.05 5.60262e-07 
1196.06 5.67637e-07 
1196.07 5.75192e-07 
1196.08 5.82924e-07 
1196.09 5.90829e-07 
1196.1 5.98905e-07 
1196.11 6.07149e-07 
1196.12 6.15557e-07 
1196.13 6.24127e-07 
1196.14 6.32855e-07 
1196.15 6.41738e-07 
1196.16 6.50771e-07 
1196.17 6.59952e-07 
1196.17 6.69276e-07 
1196.18 6.7874e-07 
1196.19 6.8834e-07 
1196.2 6.98071e-07 
1196.21 7.07929e-07 
1196.22 7.18045e-07 
1196.23 7.28146e-07 
1196.24 7.38361e-07 
1196.25 7.48686e-07 
1196.26 7.59114e-07 
1196.27 7.69642e-07 
1196.28 7.80264e-07 
1196.29 7.90975e-07 
1196.3 8.01771e-07 
1196.31 8.12645e-07 
1196.32 8.23592e-07 
1196.33 8.34607e-07 
1196.34 8.45682e-07 
1196.35 8.56815e-07 
1196.36 8.67997e-07 
1196.37 8.79223e-07 
1196.38 8.90488e-07 
1196.39 9.01784e-07 
1196.4 9.13107e-07 
1196.41 9.24449e-07 
1196.42 9.35805e-07 
1196.43 9.47168e-07 
1196.44 9.5853e-07 
1196.45 9.69888e-07 
1196.46 9.81232e-07 
1196.47 9.92559e-07 
1196.48 1.00401e-06 
1196.49 1.01528e-06 
1196.5 1.02651e-06 
1196.51 1.03769e-06 
1196.52 1.04883e-06 
1196.53 1.05991e-06 
1196.54 1.07092e-06 
1196.55 1.08186e-06 
1196.56 1.09273e-06 
1196.57 1.10351e-06 
1196.58 1.1142e-06 
1196.59 1.1248e-06 
1196.6 1.1353e-06 
1196.6 1.1464e-06 
1196.61 1.15668e-06 
1196.62 1.16685e-06 
1196.63 1.17689e-06 
1196.64 1.1868e-06 
1196.65 1.19658e-06 
1196.66 1.20622e-06 
1196.67 1.21571e-06 
1196.68 1.22506e-06 
1196.69 1.23426e-06 
1196.7 1.24329e-06 
1196.71 1.25216e-06 
1196.72 1.26087e-06 
1196.73 1.26952e-06 
1196.74 1.27789e-06 
1196.75 1.28608e-06 
1196.76 1.29409e-06 
1196.77 1.30192e-06 
1196.78 1.30956e-06 
1196.79 1.31702e-06 
1196.8 1.32429e-06 
1196.81 1.33137e-06 
1196.82 1.33827e-06 
1196.83 1.34497e-06 
1196.84 1.35148e-06 
1196.85 1.35779e-06 
1196.86 1.36392e-06 
1196.87 1.36985e-06 
1196.88 1.37559e-06 
1196.89 1.38114e-06 
1196.9 1.3865e-06 
1196.91 1.39167e-06 
1196.92 1.39665e-06 
1196.93 1.40145e-06 
1196.94 1.40607e-06 
1196.95 1.41051e-06 
1196.96 1.41477e-06 
1196.97 1.41886e-06 
1196.98 1.42283e-06 
1196.99 1.42658e-06 
1197 1.43016e-06 
1197.01 1.43359e-06 
1197.02 1.43686e-06 
1197.03 1.43999e-06 
1197.03 1.44297e-06 
1197.04 1.44582e-06 
1197.05 1.44853e-06 
1197.06 1.45111e-06 
1197.07 1.45358e-06 
1197.08 1.45593e-06 
1197.09 1.45817e-06 
1197.1 1.46032e-06 
1197.11 1.46236e-06 
1197.12 1.46432e-06 
1197.13 1.4662e-06 
1197.14 1.46801e-06 
1197.15 1.46975e-06 
1197.16 1.47143e-06 
1197.17 1.47306e-06 
1197.18 1.47465e-06 
1197.19 1.4762e-06 
1197.2 1.47773e-06 
1197.21 1.47923e-06 
1197.22 1.48073e-06 
1197.23 1.48224e-06 
1197.24 1.48373e-06 
1197.25 1.48524e-06 
1197.26 1.48676e-06 
1197.27 1.48831e-06 
1197.28 1.4899e-06 
1197.29 1.49153e-06 
1197.3 1.4932e-06 
1197.31 1.49493e-06 
1197.32 1.49673e-06 
1197.33 1.4986e-06 
1197.34 1.50054e-06 
1197.35 1.50257e-06 
1197.36 1.50469e-06 
1197.37 1.50691e-06 
1197.38 1.50923e-06 
1197.39 1.51166e-06 
1197.4 1.5142e-06 
1197.41 1.51686e-06 
1197.42 1.51964e-06 
1197.43 1.52255e-06 
1197.44 1.5256e-06 
1197.45 1.52878e-06 
1197.45 1.53211e-06 
1197.46 1.53558e-06 
1197.47 1.53919e-06 
1197.48 1.54301e-06 
1197.49 1.54692e-06 
1197.5 1.55099e-06 
1197.51 1.55522e-06 
1197.52 1.5596e-06 
1197.53 1.56413e-06 
1197.54 1.56883e-06 
1197.55 1.57368e-06 
1197.56 1.57868e-06 
1197.57 1.58384e-06 
1197.58 1.58916e-06 
1197.59 1.59462e-06 
1197.6 1.60024e-06 
1197.61 1.60699e-06 
1197.62 1.6129e-06 
1197.63 1.61895e-06 
1197.64 1.62514e-06 
1197.65 1.63145e-06 
1197.66 1.63789e-06 
1197.67 1.64446e-06 
1197.68 1.65114e-06 
1197.69 1.65793e-06 
1197.7 1.66482e-06 
1197.71 1.67181e-06 
1197.72 1.6789e-06 
1197.73 1.68616e-06 
1197.74 1.6934e-06 
1197.75 1.7007e-06 
1197.76 1.70807e-06 
1197.77 1.71548e-06 
1197.78 1.72294e-06 
1197.79 1.73042e-06 
1197.8 1.73793e-06 
1197.81 1.74545e-06 
1197.82 1.75296e-06 
1197.83 1.76047e-06 
1197.84 1.76797e-06 
1197.85 1.77543e-06 
1197.86 1.78284e-06 
1197.87 1.79021e-06 
1197.88 1.79751e-06 
1197.88 1.80474e-06 
1197.89 1.81188e-06 
1197.9 1.81893e-06 
1197.91 1.82586e-06 
1197.92 1.83268e-06 
1197.93 1.83936e-06 
1197.94 1.84589e-06 
1197.95 1.85228e-06 
1197.96 1.85849e-06 
1197.97 1.86453e-06 
1197.98 1.87045e-06 
1197.99 1.87609e-06 
1198 1.88152e-06 
1198.01 1.88672e-06 
1198.02 1.89168e-06 
1198.03 1.89641e-06 
1198.04 1.90087e-06 
1198.05 1.90507e-06 
1198.06 1.90899e-06 
1198.07 1.91262e-06 
1198.08 1.91595e-06 
1198.09 1.91898e-06 
1198.1 1.92169e-06 
1198.11 1.92408e-06 
1198.12 1.92613e-06 
1198.13 1.92784e-06 
1198.14 1.9292e-06 
1198.15 1.9302e-06 
1198.16 1.93085e-06 
1198.17 1.93112e-06 
1198.18 1.93101e-06 
1198.19 1.93052e-06 
1198.2 1.92964e-06 
1198.21 1.92837e-06 
1198.22 1.92669e-06 
1198.23 1.9246e-06 
1198.24 1.92211e-06 
1198.25 1.91922e-06 
1198.26 1.9159e-06 
1198.27 1.91218e-06 
1198.28 1.90804e-06 
1198.29 1.90347e-06 
1198.3 1.89849e-06 
1198.3 1.89309e-06 
1198.31 1.88726e-06 
1198.32 1.88102e-06 
1198.33 1.87435e-06 
1198.34 1.86727e-06 
1198.35 1.85977e-06 
1198.36 1.85186e-06 
1198.37 1.84353e-06 
1198.38 1.83479e-06 
1198.39 1.82565e-06 
1198.4 1.81611e-06 
1198.41 1.80617e-06 
1198.42 1.79584e-06 
1198.43 1.78512e-06 
1198.44 1.77402e-06 
1198.45 1.76254e-06 
1198.46 1.7507e-06 
1198.47 1.73849e-06 
1198.48 1.72578e-06 
1198.49 1.71286e-06 
1198.5 1.69961e-06 
1198.51 1.68602e-06 
1198.52 1.67211e-06 
1198.53 1.65789e-06 
1198.54 1.64336e-06 
1198.55 1.62853e-06 
1198.56 1.61342e-06 
1198.57 1.59803e-06 
1198.58 1.58238e-06 
1198.59 1.56647e-06 
1198.6 1.55031e-06 
1198.61 1.53487e-06 
1198.62 1.51824e-06 
1198.63 1.5014e-06 
1198.64 1.48435e-06 
1198.65 1.46711e-06 
1198.66 1.44969e-06 
1198.67 1.43211e-06 
1198.68 1.41436e-06 
1198.69 1.39647e-06 
1198.7 1.37845e-06 
1198.71 1.3603e-06 
1198.72 1.34204e-06 
1198.73 1.32345e-06 
1198.73 1.305e-06 
1198.74 1.28647e-06 
1198.75 1.26788e-06 
1198.76 1.24924e-06 
1198.77 1.23055e-06 
1198.78 1.21183e-06 
1198.79 1.19309e-06 
1198.8 1.17433e-06 
1198.81 1.15559e-06 
1198.82 1.13685e-06 
1198.83 1.11814e-06 
1198.84 1.09946e-06 
1198.85 1.08083e-06 
1198.86 1.06225e-06 
1198.87 1.04373e-06 
1198.88 1.02529e-06 
1198.89 1.00693e-06 
1198.9 9.88669e-07 
1198.91 9.70507e-07 
1198.92 9.52457e-07 
1198.93 9.34528e-07 
1198.94 9.16726e-07 
1198.95 8.99063e-07 
1198.96 8.81545e-07 
1198.97 8.64179e-07 
1198.98 8.46764e-07 
1198.99 8.29731e-07 
1199 8.12873e-07 
1199.01 7.96196e-07 
1199.02 7.7971e-07 
1199.03 7.63419e-07 
1199.04 7.47329e-07 
1199.05 7.31447e-07 
1199.06 7.15779e-07 
1199.07 7.00329e-07 
1199.08 6.85104e-07 
1199.09 6.70108e-07 
1199.1 6.55345e-07 
1199.11 6.40821e-07 
1199.12 6.26538e-07 
1199.13 6.12503e-07 
1199.14 5.98718e-07 
1199.15 5.85188e-07 
1199.15 5.71914e-07 
1199.16 5.58901e-07 
1199.17 5.46153e-07 
1199.18 5.3367e-07 
1199.19 5.21456e-07 
1199.2 5.09513e-07 
1199.21 4.97844e-07 
1199.22 4.86317e-07 
1199.23 4.75203e-07 
1199.24 4.64369e-07 
1199.25 4.53817e-07 
1199.26 4.43547e-07 
1199.27 4.3356e-07 
1199.28 4.23858e-07 
1199.29 4.14442e-07 
1199.3 4.05312e-07 
1199.31 3.96468e-07 
1199.32 3.87913e-07 
1199.33 3.79646e-07 
1199.34 3.71668e-07 
1199.35 3.63979e-07 
1199.36 3.5658e-07 
1199.37 3.49469e-07 
1199.38 3.42649e-07 
1199.39 3.36118e-07 
1199.4 3.29877e-07 
1199.41 3.23926e-07 
1199.42 3.18264e-07 
1199.43 3.12891e-07 
1199.44 3.07808e-07 
1199.45 3.03013e-07 
1199.46 2.98508e-07 
1199.47 2.9429e-07 
1199.48 2.90318e-07 
1199.49 2.8668e-07 
1199.5 2.8333e-07 
1199.51 2.80267e-07 
1199.52 2.7749e-07 
1199.53 2.75e-07 
1199.54 2.72796e-07 
1199.55 2.70878e-07 
1199.56 2.69246e-07 
1199.57 2.67898e-07 
1199.58 2.66836e-07 
1199.58 2.66058e-07 
1199.59 2.65564e-07 
1199.6 2.65355e-07 
1199.61 2.65594e-07 
1199.62 2.65953e-07 
1199.63 2.66594e-07 
1199.64 2.6752e-07 
1199.65 2.68729e-07 
1199.66 2.7022e-07 
1199.67 2.71995e-07 
1199.68 2.74052e-07 
1199.69 2.76392e-07 
1199.7 2.79014e-07 
1199.71 2.81918e-07 
1199.72 2.85105e-07 
1199.73 2.88624e-07 
1199.74 2.92379e-07 
1199.75 2.96414e-07 
1199.76 3.00732e-07 
1199.77 3.05331e-07 
1199.78 3.10211e-07 
1199.79 3.15373e-07 
1199.8 3.20815e-07 
1199.81 3.26538e-07 
1199.82 3.3254e-07 
1199.83 3.38822e-07 
1199.84 3.45383e-07 
1199.85 3.52223e-07 
1199.86 3.59342e-07 
1199.87 3.66737e-07 
1199.88 3.74411e-07 
1199.89 3.8236e-07 
1199.9 3.90584e-07 
1199.91 3.99083e-07 
1199.92 4.07855e-07 
1199.93 4.16899e-07 
1199.94 4.26214e-07 
1199.95 4.35799e-07 
1199.96 4.45651e-07 
1199.97 4.55769e-07 
1199.98 4.6629e-07 
1199.99 4.76938e-07 
1200 4.87847e-07 
1200.01 4.99015e-07 
1200.01 5.10439e-07 
1200.02 5.22117e-07 
1200.03 5.34044e-07 
1200.04 5.4622e-07 
1200.05 5.58641e-07 
1200.06 5.71303e-07 
1200.07 5.84203e-07 
1200.08 5.97338e-07 
1200.09 6.10702e-07 
1200.1 6.24294e-07 
1200.11 6.38107e-07 
1200.12 6.52139e-07 
1200.13 6.66384e-07 
1200.14 6.80836e-07 
1200.15 6.95492e-07 
1200.16 7.10345e-07 
1200.17 7.2539e-07 
1200.18 7.40623e-07 
1200.19 7.56034e-07 
1200.2 7.71621e-07 
1200.21 7.87374e-07 
1200.22 8.0329e-07 
1200.23 8.19565e-07 
1200.24 8.35781e-07 
1200.25 8.52137e-07 
1200.26 8.68625e-07 
1200.27 8.85236e-07 
1200.28 9.01964e-07 
1200.29 9.18799e-07 
1200.3 9.35731e-07 
1200.31 9.52755e-07 
1200.32 9.69859e-07 
1200.33 9.87035e-07 
1200.34 1.00427e-06 
1200.35 1.02157e-06 
1200.36 1.0389e-06 
1200.37 1.05627e-06 
1200.38 1.07366e-06 
1200.39 1.09107e-06 
1200.4 1.10848e-06 
1200.41 1.12588e-06 
1200.42 1.14326e-06 
1200.43 1.16061e-06 
1200.43 1.17792e-06 
1200.44 1.19518e-06 
1200.45 1.21238e-06 
1200.46 1.2295e-06 
1200.47 1.24654e-06 
1200.48 1.2637e-06 
1200.49 1.28053e-06 
1200.5 1.29724e-06 
1200.51 1.31382e-06 
1200.52 1.33026e-06 
1200.53 1.34654e-06 
1200.54 1.36265e-06 
1200.55 1.37859e-06 
1200.56 1.39434e-06 
1200.57 1.40988e-06 
1200.58 1.42521e-06 
1200.59 1.44032e-06 
1200.6 1.45519e-06 
1200.61 1.47073e-06 
1200.62 1.4851e-06 
1200.63 1.49921e-06 
1200.64 1.51303e-06 
1200.65 1.52657e-06 
1200.66 1.5398e-06 
1200.67 1.55272e-06 
1200.68 1.56531e-06 
1200.69 1.57757e-06 
1200.7 1.58949e-06 
1200.71 1.60106e-06 
1200.72 1.61226e-06 
1200.73 1.62323e-06 
1200.74 1.63368e-06 
1200.75 1.64373e-06 
1200.76 1.65339e-06 
1200.77 1.66265e-06 
1200.78 1.67149e-06 
1200.79 1.67991e-06 
1200.8 1.6879e-06 
1200.81 1.69545e-06 
1200.82 1.70257e-06 
1200.83 1.70923e-06 
1200.84 1.71545e-06 
1200.85 1.7212e-06 
1200.85 1.72649e-06 
1200.86 1.73131e-06 
1200.87 1.73565e-06 
1200.88 1.73953e-06 
1200.89 1.74291e-06 
1200.9 1.74582e-06 
1200.91 1.74824e-06 
1200.92 1.75017e-06 
1200.93 1.75161e-06 
1200.94 1.75256e-06 
1200.95 1.75302e-06 
1200.96 1.75298e-06 
1200.97 1.75245e-06 
1200.98 1.75142e-06 
1200.99 1.7499e-06 
1201 1.74788e-06 
1201.01 1.74538e-06 
1201.02 1.74239e-06 
1201.03 1.73892e-06 
1201.04 1.73496e-06 
1201.05 1.73052e-06 
1201.06 1.72561e-06 
1201.07 1.72022e-06 
1201.08 1.71437e-06 
1201.09 1.70805e-06 
1201.1 1.70128e-06 
1201.11 1.69405e-06 
1201.12 1.68638e-06 
1201.13 1.67827e-06 
1201.14 1.66973e-06 
1201.15 1.66076e-06 
1201.16 1.65137e-06 
1201.17 1.64157e-06 
1201.18 1.63136e-06 
1201.19 1.62077e-06 
1201.2 1.60978e-06 
1201.21 1.59841e-06 
1201.22 1.58668e-06 
1201.23 1.57443e-06 
1201.24 1.56199e-06 
1201.25 1.5492e-06 
1201.26 1.53608e-06 
1201.27 1.52264e-06 
1201.28 1.50889e-06 
1201.28 1.49484e-06 
1201.29 1.4805e-06 
1201.3 1.46588e-06 
1201.31 1.451e-06 
1201.32 1.43586e-06 
1201.33 1.42048e-06 
1201.34 1.40486e-06 
1201.35 1.38902e-06 
1201.36 1.37297e-06 
1201.37 1.35672e-06 
1201.38 1.34028e-06 
1201.39 1.32366e-06 
1201.4 1.30688e-06 
1201.41 1.28995e-06 
1201.42 1.27287e-06 
1201.43 1.25567e-06 
1201.44 1.23834e-06 
1201.45 1.22091e-06 
1201.46 1.20338e-06 
1201.47 1.18577e-06 
1201.48 1.16786e-06 
1201.49 1.15011e-06 
1201.5 1.13231e-06 
1201.51 1.11446e-06 
1201.52 1.09659e-06 
1201.53 1.0787e-06 
1201.54 1.06079e-06 
1201.55 1.04289e-06 
1201.56 1.025e-06 
1201.57 1.00713e-06 
1201.58 9.89289e-07 
1201.59 9.71489e-07 
1201.6 9.53737e-07 
1201.61 9.36625e-07 
1201.62 9.18989e-07 
1201.63 9.0143e-07 
1201.64 8.83954e-07 
1201.65 8.6657e-07 
1201.66 8.49288e-07 
1201.67 8.32112e-07 
1201.68 8.15054e-07 
1201.69 7.98118e-07 
1201.7 7.81311e-07 
1201.7 7.64642e-07 
1201.71 7.48116e-07 
1201.72 7.31535e-07 
1201.73 7.15314e-07 
1201.74 6.99255e-07 
1201.75 6.83361e-07 
1201.76 6.67639e-07 
1201.77 6.52094e-07 
1201.78 6.36729e-07 
1201.79 6.2155e-07 
1201.8 6.0656e-07 
1201.81 5.91764e-07 
1201.82 5.77164e-07 
1201.83 5.62764e-07 
1201.84 5.48568e-07 
1201.85 5.34578e-07 
1201.86 5.20795e-07 
1201.87 5.07225e-07 
1201.88 4.93867e-07 
1201.89 4.80726e-07 
1201.9 4.678e-07 
1201.91 4.55092e-07 
1201.92 4.42604e-07 
1201.93 4.30336e-07 
1201.94 4.1829e-07 
1201.95 4.06464e-07 
1201.96 3.94861e-07 
1201.97 3.8348e-07 
1201.98 3.72183e-07 
1201.99 3.61249e-07 
1202 3.50536e-07 
1202.01 3.40044e-07 
1202.02 3.29773e-07 
1202.03 3.19721e-07 
1202.04 3.09886e-07 
1202.05 3.0027e-07 
1202.06 2.90869e-07 
1202.07 2.81682e-07 
1202.08 2.72707e-07 
1202.09 2.63944e-07 
1202.1 2.55389e-07 
1202.11 2.47041e-07 
1202.12 2.38899e-07 
1202.13 2.30959e-07 
1202.13 2.23219e-07 
1202.14 2.15677e-07 
1202.15 2.08331e-07 
1202.16 2.01178e-07 
1202.17 1.94215e-07 
1202.18 1.8744e-07 
1202.19 1.8085e-07 
1202.2 1.74441e-07 
1202.21 1.68212e-07 
1202.22 1.62086e-07 
1202.23 1.56208e-07 
1202.24 1.50501e-07 
1202.25 1.44961e-07 
1202.26 1.39586e-07 
1202.27 1.34372e-07 
1202.28 1.29315e-07 
1202.29 1.24414e-07 
1202.3 1.19664e-07 
1202.31 1.15063e-07 
1202.32 1.10607e-07 
1202.33 1.06294e-07 
1202.34 1.02119e-07 
1202.35 9.8081e-08 
1202.36 9.41756e-08 
1202.37 9.04e-08 
1202.38 8.67511e-08 
1202.39 8.32258e-08 
1202.4 7.9821e-08 
1202.41 7.65337e-08 
1202.42 7.33611e-08 
1202.43 7.02998e-08 
1202.44 6.73471e-08 
1202.45 6.45002e-08 
1202.46 6.17559e-08 
1202.47 5.91116e-08 
1202.48 5.65333e-08 
1202.49 5.40816e-08 
1202.5 5.17216e-08 
1202.51 4.94505e-08 
1202.52 4.72656e-08 
1202.53 4.51644e-08 
1202.54 4.31444e-08 
1202.55 4.1203e-08 
1202.56 3.93377e-08 
1202.56 3.75462e-08 
1202.57 3.58262e-08 
1202.58 3.41751e-08 
1202.59 3.25909e-08 
1202.6 3.10713e-08 
1202.61 2.96324e-08 
1202.62 2.82346e-08 
1202.63 2.68952e-08 
1202.64 2.5612e-08 
1202.65 2.43831e-08 
1202.66 2.32065e-08 
1202.67 2.20804e-08 
1202.68 2.1003e-08 
1202.69 1.99725e-08 
1202.7 1.89871e-08 
1202.71 1.80452e-08 
1202.72 1.71452e-08 
1202.73 1.62749e-08 
1202.74 1.54543e-08 
1202.75 1.46709e-08 
1202.76 1.39233e-08 
1202.77 1.32099e-08 
1202.78 1.25296e-08 
1202.79 1.18809e-08 
1202.8 1.12626e-08 
1202.81 1.06735e-08 
1202.82 1.01123e-08 
1202.83 9.57784e-09 
1202.84 9.06907e-09 
1202.85 8.58489e-09 
1202.86 8.12424e-09 
1202.87 7.68612e-09 
1202.88 7.26956e-09 
1202.89 6.87362e-09 
1202.9 6.49739e-09 
1202.91 6.14001e-09 
1202.92 5.80064e-09 
1202.93 5.47846e-09 
1202.94 5.17271e-09 
1202.95 4.88263e-09 
1202.96 4.60751e-09 
1202.97 4.34665e-09 
1202.98 4.09939e-09 
1202.98 3.86225e-09 
1202.99 3.64046e-09 
1203 3.43044e-09 
1203.01 3.23161e-09 
1203.02 3.04343e-09 
1203.03 2.86541e-09 
1203.04 2.69702e-09 
1203.05 2.53781e-09 
1203.06 2.38731e-09 
1203.07 2.24511e-09 
1203.08 2.11077e-09 
1203.09 1.98391e-09 
1203.1 1.86414e-09 
1203.11 1.7511e-09 
1203.12 1.64445e-09 
1203.13 1.54386e-09 
1203.14 1.449e-09 
1203.15 1.35959e-09 
1203.16 1.27533e-09 
1203.17 1.19595e-09 
1203.18 1.1212e-09 
1203.19 1.05082e-09 
1203.2 9.84573e-10 
1203.21 9.22242e-10 
1203.22 8.63612e-10 
1203.23 8.07811e-10 
1203.24 7.56022e-10 
1203.25 7.07352e-10 
1203.26 6.61627e-10 
1203.27 6.18682e-10 
1203.28 5.7836e-10 
1203.29 5.40511e-10 
1203.3 5.04996e-10 
1203.31 4.7168e-10 
1203.32 4.40437e-10 
1203.33 4.11146e-10 
1203.34 3.83694e-10 
1203.35 3.57973e-10 
1203.36 3.33881e-10 
1203.37 3.11322e-10 
1203.38 2.90205e-10 
1203.39 2.70443e-10 
1203.4 2.51955e-10 
1203.41 2.34664e-10 
1203.41 2.18498e-10 
1203.42 2.03387e-10 
1203.43 1.89267e-10 
1203.44 1.76078e-10 
1203.45 1.63761e-10 
1203.46 1.52262e-10 
1203.47 1.41531e-10 
1203.48 1.31398e-10 
1203.49 1.22067e-10 
1203.5 1.13366e-10 
1203.51 1.05256e-10 
1203.52 9.76978e-11 
1203.53 9.06568e-11 
1203.54 8.40992e-11 
1203.55 7.79937e-11 
1203.56 7.2311e-11 
1203.57 6.70232e-11 
1203.58 6.21044e-11 
1203.59 5.75303e-11 
1203.6 5.32778e-11 
1203.61 4.93562e-11 
1203.62 4.56819e-11 
1203.63 4.22692e-11 
1203.64 3.91002e-11 
1203.65 3.61586e-11 
1203.66 3.34287e-11 
1203.67 3.08962e-11 
1203.68 2.85474e-11 
1203.69 2.63696e-11 
1203.7 2.43511e-11 
1203.71 2.24806e-11 
1203.72 2.0748e-11 
1203.73 1.91241e-11 
1203.74 1.76401e-11 
1203.75 1.62665e-11 
1203.76 1.49956e-11 
1203.77 1.38201e-11 
1203.78 1.27332e-11 
1203.79 1.17283e-11 
1203.8 1.07997e-11 
1203.81 9.94182e-12 
1203.82 9.14946e-12 
1203.83 8.41785e-12 
1203.83 7.74254e-12 
1203.84 7.11938e-12 
1203.85 6.5445e-12 
1203.86 6.01434e-12 
1203.87 5.52556e-12 
1203.88 5.07505e-12 
1203.89 4.65994e-12 
1203.9 4.27757e-12 
1203.91 3.92546e-12 
1203.92 3.60131e-12 
1203.93 3.30299e-12 
1203.94 3.02851e-12 
1203.95 2.77606e-12 
1203.96 2.54392e-12 
1203.97 2.33053e-12 
1203.98 2.13209e-12 
1203.99 1.95213e-12 
1204 1.78685e-12 
1204.01 1.6351e-12 
1204.02 1.49581e-12 
1204.03 1.36799e-12 
1204.04 1.25075e-12 
1204.05 1.14322e-12 
1204.06 1.04464e-12 
1204.07 9.54295e-13 
1204.08 8.71512e-13 
1204.09 7.95683e-13 
1204.1 7.26245e-13 
1204.11 6.62679e-13 
1204.12 6.04504e-13 
1204.13 5.5128e-13 
1204.14 5.02598e-13 
1204.15 4.58085e-13 
1204.16 4.17396e-13 
1204.17 3.80212e-13 
1204.18 3.46242e-13 
1204.19 3.15218e-13 
1204.2 2.86892e-13 
1204.21 2.61037e-13 
1204.22 2.37445e-13 
1204.23 2.15666e-13 
1204.24 1.96062e-13 
1204.25 1.78189e-13 
1204.26 1.619e-13 
1204.26 1.47057e-13 
1204.27 1.33537e-13 
1204.28 1.21226e-13 
1204.29 1.10019e-13 
1204.3 9.98188e-14 
1204.31 9.05388e-14 
1204.32 8.20982e-14 
1204.33 7.44233e-14 
1204.34 6.74467e-14 
1204.35 6.11067e-14 
1204.36 5.53469e-14 
1204.37 5.01157e-14 
1204.38 4.53661e-14 
1204.39 4.10549e-14 
1204.4 3.71428e-14 
1204.41 3.3594e-14 
1204.42 3.03756e-14 
1204.43 2.74577e-14 
1204.44 2.4813e-14 
1204.45 2.24167e-14 
1204.46 2.0246e-14 
1204.47 1.82803e-14 
1204.48 1.64797e-14 
1204.49 1.48712e-14 
1204.5 1.34158e-14 
1204.51 1.20995e-14 
1204.52 1.09092e-14 
1204.53 9.83316e-15 
1204.54 8.86077e-15 
1204.55 7.98226e-15 
1204.56 7.1888e-15 
1204.57 6.47238e-15 
1204.58 5.82569e-15 
1204.59 5.24213e-15 
1204.6 4.71568e-15 
1204.61 4.24089e-15 
1204.62 3.81517e-15 
1204.63 3.4291e-15 
1204.64 3.08122e-15 
1204.65 2.76784e-15 
1204.66 2.48562e-15 
1204.67 2.23155e-15 
1204.68 2.00288e-15 
1204.68 1.79713e-15 
1204.69 1.61205e-15 
1204.7 1.44562e-15 
1204.71 1.29601e-15 
1204.72 1.15996e-15 
1204.73 1.03931e-15 
1204.74 9.30953e-16 
1204.75 8.33652e-16 
1204.76 7.46309e-16 
1204.77 6.67926e-16 
1204.78 5.97606e-16 
1204.79 5.34537e-16 
1204.8 4.77988e-16 
1204.81 4.273e-16 
1204.82 3.81878e-16 
1204.83 3.41187e-16 
1204.84 3.04746e-16 
1204.85 2.72119e-16 
1204.86 2.42916e-16 
1204.87 2.16786e-16 
1204.88 1.93411e-16 
1204.89 1.72507e-16 
1204.9 1.53819e-16 
1204.91 1.37117e-16 
1204.92 1.22193e-16 
1204.93 1.08862e-16 
1204.94 9.69587e-17 
1204.95 8.6332e-17 
1204.96 7.68481e-17 
1204.97 6.83866e-17 
1204.98 6.07505e-17 
1204.99 5.40305e-17 
1205 4.80402e-17 
1205.01 4.27018e-17 
1205.02 3.79459e-17 
1205.03 3.37101e-17 
1205.04 2.99385e-17 
1205.05 2.65814e-17 
1205.06 2.3594e-17 
1205.07 2.09364e-17 
1205.08 1.85729e-17 
1205.09 1.64715e-17 
1205.1 1.46036e-17 
1205.11 1.2944e-17 
1205.11 1.14696e-17 
1205.12 1.01603e-17 
1205.13 8.99794e-18 
1205.14 7.96627e-18 
1205.15 7.05087e-18 
1205.16 6.23888e-18 
1205.17 5.51883e-18 
1205.18 4.8805e-18 
1205.19 4.31477e-18 
1205.2 3.81354e-18 
1205.21 3.36957e-18 
1205.22 2.97209e-18 
1205.23 2.62434e-18 
1205.24 2.31683e-18 
1205.25 2.04477e-18 
1205.26 1.80414e-18 
1205.27 1.59138e-18 
1205.28 1.40331e-18 
1205.29 1.23711e-18 
1205.3 1.09029e-18 
1205.31 9.60615e-19 
1205.32 8.46125e-19 
1205.33 7.45068e-19 
1205.34 6.55894e-19 
1205.35 5.77228e-19 
1205.36 5.07853e-19 
1205.37 4.46689e-19 
1205.38 3.92779e-19 
1205.39 3.45278e-19 
1205.4 3.03434e-19 
1205.41 2.66586e-19 
1205.42 2.34146e-19 
1205.43 2.05594e-19 
1205.44 1.80473e-19 
1205.45 1.58377e-19 
1205.46 1.38946e-19 
1205.47 1.21864e-19 
1205.48 1.06688e-19 
1205.49 9.35086e-20 
1205.5 8.19427e-20 
1205.51 7.17869e-20 
1205.52 6.28719e-20 
1205.53 5.50483e-20 
1205.54 4.81846e-20 
1205.54 4.21647e-20 
1205.55 3.68863e-20 
1205.56 3.22596e-20 
1205.57 2.82052e-20 
1205.58 2.46533e-20 
1205.59 2.15425e-20 
1205.6 1.8819e-20 
1205.61 1.64452e-20 
1205.62 1.43579e-20 
1205.63 1.2532e-20 
1205.64 1.09351e-20 
1205.65 9.53903e-21 
1205.66 8.31881e-21 
1205.67 7.25262e-21 
1205.68 6.32128e-21 
1205.69 5.50797e-21 
1205.7 4.79793e-21 
1205.71 4.17824e-21 
1205.72 3.63755e-21 
1205.73 3.16043e-21 
1205.74 2.74988e-21 
1205.75 2.39197e-21 
1205.76 2.08006e-21 
1205.77 1.80831e-21 
1205.78 1.57161e-21 
1205.79 1.3655e-21 
1205.8 1.18609e-21 
1205.81 1.02996e-21 
1205.82 8.94125e-22 
1205.83 7.75984e-22 
1205.84 6.73261e-22 
1205.85 5.8397e-22 
1205.86 5.06377e-22 
1205.87 4.38969e-22 
1205.88 3.80426e-22 
1205.89 3.29597e-22 
1205.9 2.85478e-22 
1205.91 2.47194e-22 
1205.92 2.13983e-22 
1205.93 1.85182e-22 
1205.94 1.60211e-22 
1205.95 1.38568e-22 
1205.96 1.19815e-22 
1205.96 1.0357e-22 
1205.97 8.95025e-23 
1205.98 7.71822e-23 
1205.99 6.66605e-23 
1206 5.75568e-23 
1206.01 4.96822e-23 
1206.02 4.28728e-23 
1206.03 3.69861e-23 
1206.04 3.18987e-23 
1206.05 2.75031e-23 
1206.06 2.37066e-23 
1206.07 2.04283e-23 
1206.08 1.75983e-23 
1206.09 1.5156e-23 
1206.1 1.3049e-23 
1206.11 1.12317e-23 
1206.12 9.66474e-24 
1206.13 8.31403e-24 
1206.14 7.15005e-24 
1206.15 6.14728e-24 
1206.16 5.28364e-24 
1206.17 4.54004e-24 
1206.18 3.89998e-24 
1206.19 3.34921e-24 
1206.2 2.8754e-24 
1206.21 2.46791e-24 
1206.22 2.11757e-24 
1206.23 1.81297e-24 
1206.24 1.55471e-24 
1206.25 1.33286e-24 
1206.26 1.14235e-24 
1206.27 9.78785e-25 
1206.28 8.38402e-25 
1206.29 7.1795e-25 
1206.3 6.14627e-25 
1206.31 5.26025e-25 
1206.32 4.50067e-25 
1206.33 3.84968e-25 
1206.34 3.29191e-25 
1206.35 2.81415e-25 
1206.36 2.40505e-25 
1206.37 2.05483e-25 
1206.38 1.75512e-25 
1206.39 1.49869e-25 
1206.39 1.27936e-25 
1206.4 1.09182e-25 
1206.41 9.31504e-26 
1206.42 7.94503e-26 
1206.43 6.77458e-26 
1206.44 5.77492e-26 
1206.45 4.92136e-26 
1206.46 4.19277e-26 
1206.47 3.57103e-26 
1206.48 3.03451e-26 
1206.49 2.58304e-26 
1206.5 2.19812e-26 
1206.51 1.87002e-26 
1206.52 1.59045e-26 
1206.53 1.35229e-26 
1206.54 1.14946e-26 
1206.55 9.76776e-27 
1206.56 8.29798e-27 
1206.57 7.04737e-27 
1206.58 5.98354e-27 
1206.59 5.07886e-27 
1206.6 0 
