#energy geo_1 
1186.6 0 
1186.61 0 
1186.62 0 
1186.63 0 
1186.64 0 
1186.65 0 
1186.66 0 
1186.67 0 
1186.68 1.4013e-45 
1186.69 1.4013e-45 
1186.7 1.4013e-45 
1186.71 1.4013e-45 
1186.72 1.4013e-45 
1186.73 1.4013e-45 
1186.74 2.8026e-45 
1186.75 2.8026e-45 
1186.76 2.8026e-45 
1186.77 2.8026e-45 
1186.78 2.8026e-45 
1186.79 2.8026e-45 
1186.8 4.2039e-45 
1186.81 5.60519e-45 
1186.81 5.60519e-45 
1186.82 7.00649e-45 
1186.83 8.40779e-45 
1186.84 9.80909e-45 
1186.85 1.12104e-44 
1186.86 1.4013e-44 
1186.87 1.54143e-44 
1186.88 1.82169e-44 
1186.89 2.10195e-44 
1186.9 2.38221e-44 
1186.91 2.94273e-44 
1186.92 3.36312e-44 
1186.93 3.92364e-44 
1186.94 4.48416e-44 
1186.95 5.32493e-44 
1186.96 6.16571e-44 
1186.97 7.14662e-44 
1186.98 8.40779e-44 
1186.99 9.80909e-44 
1187 1.13505e-43 
1187.01 1.33123e-43 
1187.02 1.55544e-43 
1187.03 1.82169e-43 
1187.04 2.11596e-43 
1187.05 2.46629e-43 
1187.06 2.88667e-43 
1187.07 3.36312e-43 
1187.08 3.90962e-43 
1187.09 4.56823e-43 
1187.1 5.31092e-43 
1187.11 6.17973e-43 
1187.12 7.20267e-43 
1187.13 8.40779e-43 
1187.14 9.78106e-43 
1187.15 1.13645e-42 
1187.16 1.32563e-42 
1187.17 1.54003e-42 
1187.18 1.79366e-42 
1187.19 2.08653e-42 
1187.2 2.42705e-42 
1187.21 2.82222e-42 
1187.22 3.28324e-42 
1187.23 3.82414e-42 
1187.24 4.44492e-42 
1187.24 5.16659e-42 
1187.25 6.00456e-42 
1187.26 6.97707e-42 
1187.27 8.10371e-42 
1187.28 9.41392e-42 
1187.29 1.09329e-41 
1187.3 1.26944e-41 
1187.31 1.47375e-41 
1187.32 1.71057e-41 
1187.33 1.98536e-41 
1187.34 2.30359e-41 
1187.35 2.6727e-41 
1187.36 3.10023e-41 
1187.37 3.59587e-41 
1187.38 4.1697e-41 
1187.39 4.83434e-41 
1187.4 5.60421e-41 
1187.41 6.49544e-41 
1187.42 7.52721e-41 
1187.43 8.72154e-41 
1187.44 1.01038e-40 
1187.45 1.17029e-40 
1187.46 1.35529e-40 
1187.47 1.56931e-40 
1187.48 1.82013e-40 
1187.49 2.10682e-40 
1187.5 2.43829e-40 
1187.51 2.82144e-40 
1187.52 3.26427e-40 
1187.53 3.77597e-40 
1187.54 4.36717e-40 
1187.55 5.0501e-40 
1187.56 5.83887e-40 
1187.57 6.74973e-40 
1187.58 7.80141e-40 
1187.59 9.01546e-40 
1187.6 1.04167e-39 
1187.61 1.20413e-39 
1187.62 1.39084e-39 
1187.63 1.60623e-39 
1187.64 1.85467e-39 
1187.65 2.14118e-39 
1187.66 2.47155e-39 
1187.66 2.85243e-39 
1187.67 3.29146e-39 
1187.68 3.79744e-39 
1187.69 4.38049e-39 
1187.7 5.05222e-39 
1187.71 5.82601e-39 
1187.72 6.71721e-39 
1187.73 7.75723e-39 
1187.74 8.94088e-39 
1187.75 1.03035e-38 
1187.76 1.18718e-38 
1187.77 1.36765e-38 
1187.78 1.5753e-38 
1187.79 1.81419e-38 
1187.8 2.08895e-38 
1187.81 2.40494e-38 
1187.82 2.76827e-38 
1187.83 3.18596e-38 
1187.84 3.66608e-38 
1187.85 4.21786e-38 
1187.86 4.8519e-38 
1187.87 5.58032e-38 
1187.88 6.41705e-38 
1187.89 7.37804e-38 
1187.9 8.48154e-38 
1187.91 9.74849e-38 
1187.92 1.12029e-37 
1187.93 1.28721e-37 
1187.94 1.47876e-37 
1187.95 1.69854e-37 
1187.96 1.95066e-37 
1187.97 2.23984e-37 
1187.98 2.57591e-37 
1187.99 2.9568e-37 
1188 3.39346e-37 
1188.01 3.89396e-37 
1188.02 4.46755e-37 
1188.03 5.12479e-37 
1188.04 5.87776e-37 
1188.05 6.74025e-37 
1188.06 7.72803e-37 
1188.07 8.85911e-37 
1188.08 1.01541e-36 
1188.09 1.16364e-36 
1188.09 1.3333e-36 
1188.1 1.52744e-36 
1188.11 1.74956e-36 
1188.12 2.00366e-36 
1188.13 2.29428e-36 
1188.14 2.62663e-36 
1188.15 3.00662e-36 
1188.16 3.44102e-36 
1188.17 3.93754e-36 
1188.18 4.50497e-36 
1188.19 5.15332e-36 
1188.2 5.89401e-36 
1188.21 6.74006e-36 
1188.22 7.70629e-36 
1188.23 8.82433e-36 
1188.24 1.0086e-35 
1188.25 1.15262e-35 
1188.26 1.31699e-35 
1188.27 1.50455e-35 
1188.28 1.71854e-35 
1188.29 1.96264e-35 
1188.3 2.24105e-35 
1188.31 2.55853e-35 
1188.32 2.92051e-35 
1188.33 3.33316e-35 
1188.34 3.80348e-35 
1188.35 4.33946e-35 
1188.36 4.95015e-35 
1188.37 5.64586e-35 
1188.38 6.43829e-35 
1188.39 7.34074e-35 
1188.4 8.36831e-35 
1188.41 9.53816e-35 
1188.42 1.08698e-34 
1188.43 1.23852e-34 
1188.44 1.41097e-34 
1188.45 1.60716e-34 
1188.46 1.83033e-34 
1188.47 2.08415e-34 
1188.48 2.37662e-34 
1188.49 2.7053e-34 
1188.5 3.07893e-34 
1188.51 3.50359e-34 
1188.52 3.98616e-34 
1188.52 4.53446e-34 
1188.53 5.15733e-34 
1188.54 5.8648e-34 
1188.55 6.66822e-34 
1188.56 7.58046e-34 
1188.57 8.61609e-34 
1188.58 9.79159e-34 
1188.59 1.11256e-33 
1188.6 1.26473e-33 
1188.61 1.43657e-33 
1188.62 1.63149e-33 
1188.63 1.85255e-33 
1188.64 2.10323e-33 
1188.65 2.38743e-33 
1188.66 2.70959e-33 
1188.67 3.07472e-33 
1188.68 3.48848e-33 
1188.69 3.95726e-33 
1188.7 4.48831e-33 
1188.71 5.08979e-33 
1188.72 5.77092e-33 
1188.73 6.55239e-33 
1188.74 7.42681e-33 
1188.75 8.41653e-33 
1188.76 9.53658e-33 
1188.77 1.08039e-32 
1188.78 1.22376e-32 
1188.79 1.38594e-32 
1188.8 1.56934e-32 
1188.81 1.77673e-32 
1188.82 2.01119e-32 
1188.83 2.27622e-32 
1188.84 2.57575e-32 
1188.85 2.91422e-32 
1188.86 3.29662e-32 
1188.87 3.72859e-32 
1188.88 4.21647e-32 
1188.89 4.76741e-32 
1188.9 5.38944e-32 
1188.91 6.09165e-32 
1188.92 6.88421e-32 
1188.93 7.77861e-32 
1188.94 8.78778e-32 
1188.94 9.92624e-32 
1188.95 1.12103e-31 
1188.96 1.26585e-31 
1188.97 1.42914e-31 
1188.98 1.61567e-31 
1188.99 1.82348e-31 
1189 2.05768e-31 
1189.01 2.32158e-31 
1189.02 2.6189e-31 
1189.03 2.9538e-31 
1189.04 3.33099e-31 
1189.05 3.75573e-31 
1189.06 4.23394e-31 
1189.07 4.77225e-31 
1189.08 5.37811e-31 
1189.09 6.0599e-31 
1189.1 6.827e-31 
1189.11 7.68995e-31 
1189.12 8.66055e-31 
1189.13 9.75206e-31 
1189.14 1.09793e-30 
1189.15 1.2359e-30 
1189.16 1.39098e-30 
1189.17 1.56526e-30 
1189.18 1.76109e-30 
1189.19 1.98109e-30 
1189.2 2.22821e-30 
1189.21 2.50575e-30 
1189.22 2.81739e-30 
1189.23 3.17191e-30 
1189.24 3.56522e-30 
1189.25 4.00665e-30 
1189.26 4.50199e-30 
1189.27 5.05775e-30 
1189.28 5.68117e-30 
1189.29 6.3804e-30 
1189.3 7.16451e-30 
1189.31 8.04366e-30 
1189.32 9.02921e-30 
1189.33 1.01338e-29 
1189.34 1.13718e-29 
1189.35 1.27588e-29 
1189.36 1.43127e-29 
1189.36 1.60532e-29 
1189.37 1.80023e-29 
1189.38 2.01849e-29 
1189.39 2.26283e-29 
1189.4 2.53634e-29 
1189.41 2.84243e-29 
1189.42 3.18495e-29 
1189.43 3.56815e-29 
1189.44 3.9968e-29 
1189.45 4.47622e-29 
1189.46 5.01232e-29 
1189.47 5.6117e-29 
1189.48 6.29058e-29 
1189.49 7.04049e-29 
1189.5 7.87851e-29 
1189.51 8.81484e-29 
1189.52 9.86082e-29 
1189.53 1.10291e-28 
1189.54 1.23338e-28 
1189.55 1.37905e-28 
1189.56 1.54168e-28 
1189.57 1.72321e-28 
1189.58 1.92579e-28 
1189.59 2.15183e-28 
1189.6 2.40401e-28 
1189.61 2.68698e-28 
1189.62 3.00089e-28 
1189.63 3.35093e-28 
1189.64 3.74118e-28 
1189.65 4.1762e-28 
1189.66 4.66104e-28 
1189.67 5.2013e-28 
1189.68 5.80324e-28 
1189.69 6.47378e-28 
1189.7 7.22061e-28 
1189.71 8.05228e-28 
1189.72 8.97826e-28 
1189.73 1.00227e-27 
1189.74 1.11716e-27 
1189.75 1.24501e-27 
1189.76 1.38727e-27 
1189.77 1.54553e-27 
1189.78 1.72156e-27 
1189.79 1.91732e-27 
1189.79 2.135e-27 
1189.8 2.377e-27 
1189.81 2.646e-27 
1189.82 2.94495e-27 
1189.83 3.27714e-27 
1189.84 3.64621e-27 
1189.85 4.05617e-27 
1189.86 4.51149e-27 
1189.87 5.0171e-27 
1189.88 5.57845e-27 
1189.89 6.2016e-27 
1189.9 6.89322e-27 
1189.91 7.66072e-27 
1189.92 8.51228e-27 
1189.93 9.45694e-27 
1189.94 1.05047e-26 
1189.95 1.16667e-26 
1189.96 1.2955e-26 
1189.97 1.43833e-26 
1189.98 1.59872e-26 
1189.99 1.77439e-26 
1190 1.96904e-26 
1190.01 2.18468e-26 
1190.02 2.42354e-26 
1190.03 2.68808e-26 
1190.04 2.981e-26 
1190.05 3.3053e-26 
1190.06 3.66428e-26 
1190.07 4.06158e-26 
1190.08 4.50122e-26 
1190.09 4.98763e-26 
1190.1 5.52569e-26 
1190.11 6.1208e-26 
1190.12 6.77888e-26 
1190.13 7.50649e-26 
1190.14 8.31083e-26 
1190.15 9.19985e-26 
1190.16 1.01823e-25 
1190.17 1.12678e-25 
1190.18 1.2467e-25 
1190.19 1.37915e-25 
1190.2 1.52543e-25 
1190.21 1.68695e-25 
1190.21 1.86526e-25 
1190.22 2.06466e-25 
1190.23 2.28215e-25 
1190.24 2.52212e-25 
1190.25 2.78688e-25 
1190.26 3.07892e-25 
1190.27 3.401e-25 
1190.28 3.75617e-25 
1190.29 4.14774e-25 
1190.3 4.57938e-25 
1190.31 5.05511e-25 
1190.32 5.57935e-25 
1190.33 6.15694e-25 
1190.34 6.79321e-25 
1190.35 7.494e-25 
1190.36 8.26574e-25 
1190.37 9.11545e-25 
1190.38 1.00509e-24 
1190.39 1.10804e-24 
1190.4 1.22135e-24 
1190.41 1.34602e-24 
1190.42 1.48317e-24 
1190.43 1.63403e-24 
1190.44 1.79994e-24 
1190.45 1.98237e-24 
1190.46 2.18293e-24 
1190.47 2.40338e-24 
1190.48 2.64884e-24 
1190.49 2.91539e-24 
1190.5 3.20823e-24 
1190.51 3.52991e-24 
1190.52 3.88321e-24 
1190.53 4.27116e-24 
1190.54 4.6971e-24 
1190.55 5.16467e-24 
1190.56 5.67786e-24 
1190.57 6.24101e-24 
1190.58 6.85889e-24 
1190.59 7.53671e-24 
1190.6 8.28015e-24 
1190.61 9.1011e-24 
1190.62 9.99558e-24 
1190.63 1.09762e-23 
1190.64 1.2051e-23 
1190.64 1.32289e-23 
1190.65 1.45195e-23 
1190.66 1.59334e-23 
1190.67 1.74822e-23 
1190.68 1.91783e-23 
1190.69 2.10356e-23 
1190.7 2.30689e-23 
1190.71 2.52947e-23 
1190.72 2.77306e-23 
1190.73 3.0431e-23 
1190.74 3.33505e-23 
1190.75 3.65442e-23 
1190.76 4.00371e-23 
1190.77 4.38567e-23 
1190.78 4.80327e-23 
1190.79 5.25978e-23 
1190.8 5.75874e-23 
1190.81 6.30398e-23 
1190.82 6.89972e-23 
1190.83 7.55053e-23 
1190.84 8.26136e-23 
1190.85 9.03762e-23 
1190.86 9.88521e-23 
1190.87 1.08105e-22 
1190.88 1.18205e-22 
1190.89 1.29227e-22 
1190.9 1.41254e-22 
1190.91 1.54374e-22 
1190.92 1.68686e-22 
1190.93 1.84295e-22 
1190.94 2.01314e-22 
1190.95 2.19869e-22 
1190.96 2.40095e-22 
1190.97 2.62139e-22 
1190.98 2.86473e-22 
1190.99 3.12671e-22 
1191 3.41209e-22 
1191.01 3.72291e-22 
1191.02 4.06138e-22 
1191.03 4.42989e-22 
1191.04 4.83104e-22 
1191.05 5.26766e-22 
1191.06 5.74279e-22 
1191.07 6.25976e-22 
1191.07 6.82214e-22 
1191.08 7.43383e-22 
1191.09 8.09903e-22 
1191.1 8.82231e-22 
1191.11 9.6086e-22 
1191.12 1.04633e-21 
1191.13 1.13921e-21 
1191.14 1.24013e-21 
1191.15 1.34977e-21 
1191.16 1.46886e-21 
1191.17 1.5982e-21 
1191.18 1.73865e-21 
1191.19 1.89112e-21 
1191.2 2.05663e-21 
1191.21 2.23626e-21 
1191.22 2.43117e-21 
1191.23 2.6454e-21 
1191.24 2.87502e-21 
1191.25 3.12407e-21 
1191.26 3.39414e-21 
1191.27 3.68694e-21 
1191.28 4.00435e-21 
1191.29 4.34837e-21 
1191.3 4.72117e-21 
1191.31 5.12509e-21 
1191.32 5.56266e-21 
1191.33 6.03659e-21 
1191.34 6.54983e-21 
1191.35 7.10554e-21 
1191.36 7.70713e-21 
1191.37 8.35828e-21 
1191.38 9.06296e-21 
1191.39 9.82544e-21 
1191.4 1.06503e-20 
1191.41 1.15426e-20 
1191.42 1.25075e-20 
1191.43 1.35509e-20 
1191.44 1.46789e-20 
1191.45 1.58982e-20 
1191.46 1.72159e-20 
1191.47 1.86398e-20 
1191.48 2.0199e-20 
1191.49 2.18615e-20 
1191.49 2.3658e-20 
1191.5 2.55979e-20 
1191.51 2.76923e-20 
1191.52 2.99531e-20 
1191.53 3.23932e-20 
1191.54 3.50263e-20 
1191.55 3.78673e-20 
1191.56 4.0932e-20 
1191.57 4.42374e-20 
1191.58 4.78019e-20 
1191.59 5.16452e-20 
1191.6 5.5823e-20 
1191.61 6.02914e-20 
1191.62 6.51068e-20 
1191.63 7.02952e-20 
1191.64 7.58847e-20 
1191.65 8.19051e-20 
1191.66 8.83887e-20 
1191.67 9.53699e-20 
1191.68 1.02886e-19 
1191.69 1.10975e-19 
1191.7 1.19682e-19 
1191.71 1.2905e-19 
1191.72 1.39128e-19 
1191.73 1.5011e-19 
1191.74 1.61779e-19 
1191.75 1.74328e-19 
1191.76 1.87819e-19 
1191.77 2.02321e-19 
1191.78 2.17906e-19 
1191.79 2.34654e-19 
1191.8 2.52648e-19 
1191.81 2.71976e-19 
1191.82 2.92736e-19 
1191.83 3.15028e-19 
1191.84 3.38962e-19 
1191.85 3.64655e-19 
1191.86 3.92231e-19 
1191.87 4.21823e-19 
1191.88 4.53573e-19 
1191.89 4.87633e-19 
1191.9 5.24165e-19 
1191.91 5.63341e-19 
1191.92 6.05346e-19 
1191.92 6.50376e-19 
1191.93 6.98641e-19 
1191.94 7.50365e-19 
1191.95 8.05785e-19 
1191.96 8.65158e-19 
1191.97 9.28752e-19 
1191.98 9.97738e-19 
1191.99 1.07072e-18 
1192 1.14886e-18 
1192.01 1.2325e-18 
1192.02 1.32201e-18 
1192.03 1.41778e-18 
1192.04 1.52025e-18 
1192.05 1.62985e-18 
1192.06 1.74707e-18 
1192.07 1.87241e-18 
1192.08 2.00642e-18 
1192.09 2.14966e-18 
1192.1 2.30275e-18 
1192.11 2.46634e-18 
1192.12 2.64112e-18 
1192.13 2.82782e-18 
1192.14 3.02722e-18 
1192.15 3.24015e-18 
1192.16 3.46748e-18 
1192.17 3.71016e-18 
1192.18 3.96917e-18 
1192.19 4.24557e-18 
1192.2 4.54047e-18 
1192.21 4.85505e-18 
1192.22 5.19058e-18 
1192.23 5.55301e-18 
1192.24 5.93482e-18 
1192.25 6.34183e-18 
1192.26 6.77565e-18 
1192.27 7.23796e-18 
1192.28 7.73054e-18 
1192.29 8.25529e-18 
1192.3 8.81421e-18 
1192.31 9.40943e-18 
1192.32 1.00432e-17 
1192.33 1.07179e-17 
1192.34 1.1436e-17 
1192.34 1.22003e-17 
1192.35 1.30135e-17 
1192.36 1.38786e-17 
1192.37 1.47988e-17 
1192.38 1.57775e-17 
1192.39 1.68181e-17 
1192.4 1.79243e-17 
1192.41 1.91003e-17 
1192.42 2.035e-17 
1192.43 2.16779e-17 
1192.44 2.30887e-17 
1192.45 2.45873e-17 
1192.46 2.61789e-17 
1192.47 2.78689e-17 
1192.48 2.96862e-17 
1192.49 3.15922e-17 
1192.5 3.36151e-17 
1192.51 3.57616e-17 
1192.52 3.80389e-17 
1192.53 4.04546e-17 
1192.54 4.30167e-17 
1192.55 4.57335e-17 
1192.56 4.86139e-17 
1192.57 5.16673e-17 
1192.58 5.49034e-17 
1192.59 5.83327e-17 
1192.6 6.1966e-17 
1192.61 6.58557e-17 
1192.62 6.99346e-17 
1192.63 7.42539e-17 
1192.64 7.88271e-17 
1192.65 8.36682e-17 
1192.66 8.87921e-17 
1192.67 9.42143e-17 
1192.68 9.99512e-17 
1192.69 1.0602e-16 
1192.7 1.12439e-16 
1192.71 1.19227e-16 
1192.72 1.26404e-16 
1192.73 1.34088e-16 
1192.74 1.42113e-16 
1192.75 1.50593e-16 
1192.76 1.59553e-16 
1192.77 1.69019e-16 
1192.77 1.79016e-16 
1192.78 1.89574e-16 
1192.79 2.00721e-16 
1192.8 2.1249e-16 
1192.81 2.24911e-16 
1192.82 2.38019e-16 
1192.83 2.5185e-16 
1192.84 2.66441e-16 
1192.85 2.81831e-16 
1192.86 2.98061e-16 
1192.87 3.15174e-16 
1192.88 3.33214e-16 
1192.89 3.5223e-16 
1192.9 3.7227e-16 
1192.91 3.93385e-16 
1192.92 4.1563e-16 
1192.93 4.3906e-16 
1192.94 4.63736e-16 
1192.95 4.89717e-16 
1192.96 5.1707e-16 
1192.97 5.45861e-16 
1192.98 5.76548e-16 
1192.99 6.0845e-16 
1193 6.42011e-16 
1193.01 6.77313e-16 
1193.02 7.14438e-16 
1193.03 7.53475e-16 
1193.04 7.94514e-16 
1193.05 8.37651e-16 
1193.06 8.82985e-16 
1193.07 9.3062e-16 
1193.08 9.80664e-16 
1193.09 1.03323e-15 
1193.1 1.08843e-15 
1193.11 1.1464e-15 
1193.12 1.20725e-15 
1193.13 1.27113e-15 
1193.14 1.33817e-15 
1193.15 1.40851e-15 
1193.16 1.4823e-15 
1193.17 1.55971e-15 
1193.18 1.64089e-15 
1193.19 1.72601e-15 
1193.19 1.81524e-15 
1193.2 1.90878e-15 
1193.21 2.00681e-15 
1193.22 2.11088e-15 
1193.23 2.21852e-15 
1193.24 2.3313e-15 
1193.25 2.44942e-15 
1193.26 2.57309e-15 
1193.27 2.70257e-15 
1193.28 2.8381e-15 
1193.29 2.97994e-15 
1193.3 3.12835e-15 
1193.31 3.28361e-15 
1193.32 3.44601e-15 
1193.33 3.61585e-15 
1193.34 3.79345e-15 
1193.35 3.97911e-15 
1193.36 4.17317e-15 
1193.37 4.37598e-15 
1193.38 4.58789e-15 
1193.39 4.80927e-15 
1193.4 5.04051e-15 
1193.41 5.28201e-15 
1193.42 5.53416e-15 
1193.43 5.7974e-15 
1193.44 6.07216e-15 
1193.45 6.35891e-15 
1193.46 6.6581e-15 
1193.47 6.97022e-15 
1193.48 7.29994e-15 
1193.49 7.63963e-15 
1193.5 7.99382e-15 
1193.51 8.36305e-15 
1193.52 8.74791e-15 
1193.53 9.14897e-15 
1193.54 9.56685e-15 
1193.55 1.00022e-14 
1193.56 1.04556e-14 
1193.57 1.09278e-14 
1193.58 1.14194e-14 
1193.59 1.19312e-14 
1193.6 1.24639e-14 
1193.61 1.30263e-14 
1193.62 1.36034e-14 
1193.62 1.42038e-14 
1193.63 1.48282e-14 
1193.64 1.54775e-14 
1193.65 1.61526e-14 
1193.66 1.68544e-14 
1193.67 1.75838e-14 
1193.68 1.83417e-14 
1193.69 1.91292e-14 
1193.7 1.99472e-14 
1193.71 2.07968e-14 
1193.72 2.1679e-14 
1193.73 2.26066e-14 
1193.74 2.35578e-14 
1193.75 2.4545e-14 
1193.76 2.55693e-14 
1193.77 2.66321e-14 
1193.78 2.77344e-14 
1193.79 2.88777e-14 
1193.8 3.00631e-14 
1193.81 3.12921e-14 
1193.82 3.2566e-14 
1193.83 3.38862e-14 
1193.84 3.52541e-14 
1193.85 3.66712e-14 
1193.86 3.8139e-14 
1193.87 3.96591e-14 
1193.88 4.1233e-14 
1193.89 4.28622e-14 
1193.9 4.45486e-14 
1193.91 4.62937e-14 
1193.92 4.80993e-14 
1193.93 4.99672e-14 
1193.94 5.1899e-14 
1193.95 5.38967e-14 
1193.96 5.59621e-14 
1193.97 5.80971e-14 
1193.98 6.03317e-14 
1193.99 6.26127e-14 
1194 6.49693e-14 
1194.01 6.74036e-14 
1194.02 6.99176e-14 
1194.03 7.25134e-14 
1194.04 7.51933e-14 
1194.05 7.79594e-14 
1194.05 8.08141e-14 
1194.06 8.37595e-14 
1194.07 8.6798e-14 
1194.08 8.9932e-14 
1194.09 9.31639e-14 
1194.1 9.6496e-14 
1194.11 9.9931e-14 
1194.12 1.03471e-13 
1194.13 1.07119e-13 
1194.14 1.10878e-13 
1194.15 1.14749e-13 
1194.16 1.18737e-13 
1194.17 1.22842e-13 
1194.18 1.27069e-13 
1194.19 1.3142e-13 
1194.2 1.35897e-13 
1194.21 1.40504e-13 
1194.22 1.45243e-13 
1194.23 1.50179e-13 
1194.24 1.55193e-13 
1194.25 1.60349e-13 
1194.26 1.65648e-13 
1194.27 1.71094e-13 
1194.28 1.76691e-13 
1194.29 1.82441e-13 
1194.3 1.88346e-13 
1194.31 1.94412e-13 
1194.32 2.00639e-13 
1194.33 2.07032e-13 
1194.34 2.13594e-13 
1194.35 2.20327e-13 
1194.36 2.27236e-13 
1194.37 2.34322e-13 
1194.38 2.4159e-13 
1194.39 2.49043e-13 
1194.4 2.56683e-13 
1194.41 2.64515e-13 
1194.42 2.7254e-13 
1194.43 2.80763e-13 
1194.44 2.89187e-13 
1194.45 2.97814e-13 
1194.46 3.06649e-13 
1194.47 3.15694e-13 
1194.47 3.2507e-13 
1194.48 3.34547e-13 
1194.49 3.44244e-13 
1194.5 3.54165e-13 
1194.51 3.64311e-13 
1194.52 3.74687e-13 
1194.53 3.85295e-13 
1194.54 3.96138e-13 
1194.55 4.0722e-13 
1194.56 4.18543e-13 
1194.57 4.30111e-13 
1194.58 4.41925e-13 
1194.59 4.5399e-13 
1194.6 4.66307e-13 
1194.61 4.79178e-13 
1194.62 4.92017e-13 
1194.63 5.05118e-13 
1194.64 5.18482e-13 
1194.65 5.32112e-13 
1194.66 5.46012e-13 
1194.67 5.60182e-13 
1194.68 5.74626e-13 
1194.69 5.89346e-13 
1194.7 6.04343e-13 
1194.71 6.19621e-13 
1194.72 6.3518e-13 
1194.73 6.51223e-13 
1194.74 6.67356e-13 
1194.75 6.83776e-13 
1194.76 7.00486e-13 
1194.77 7.17485e-13 
1194.78 7.34777e-13 
1194.79 7.52362e-13 
1194.8 7.70242e-13 
1194.81 7.88417e-13 
1194.82 8.06889e-13 
1194.83 8.25658e-13 
1194.84 8.44725e-13 
1194.85 8.6409e-13 
1194.86 8.83755e-13 
1194.87 9.03719e-13 
1194.88 9.23982e-13 
1194.89 9.44544e-13 
1194.9 9.65406e-13 
1194.9 9.86567e-13 
1194.91 1.00803e-12 
1194.92 1.02978e-12 
1194.93 1.05184e-12 
1194.94 1.07419e-12 
1194.95 1.09683e-12 
1194.96 1.11977e-12 
1194.97 1.143e-12 
1194.98 1.16682e-12 
1194.99 1.19063e-12 
1195 1.21473e-12 
1195.01 1.23912e-12 
1195.02 1.26379e-12 
1195.03 1.28873e-12 
1195.04 1.31396e-12 
1195.05 1.33946e-12 
1195.06 1.36523e-12 
1195.07 1.39126e-12 
1195.08 1.41756e-12 
1195.09 1.44413e-12 
1195.1 1.47094e-12 
1195.11 1.49801e-12 
1195.12 1.52533e-12 
1195.13 1.55289e-12 
1195.14 1.58069e-12 
1195.15 1.60873e-12 
1195.16 1.63699e-12 
1195.17 1.66548e-12 
1195.18 1.69418e-12 
1195.19 1.7231e-12 
1195.2 1.75223e-12 
1195.21 1.78155e-12 
1195.22 1.81107e-12 
1195.23 1.84115e-12 
1195.24 1.87103e-12 
1195.25 1.9011e-12 
1195.26 1.93133e-12 
1195.27 1.96171e-12 
1195.28 1.99225e-12 
1195.29 2.02294e-12 
1195.3 2.05376e-12 
1195.31 2.08471e-12 
1195.32 2.11578e-12 
1195.32 2.14696e-12 
1195.33 2.17824e-12 
1195.34 2.20962e-12 
1195.35 2.24108e-12 
1195.36 2.27262e-12 
1195.37 2.30423e-12 
1195.38 2.33589e-12 
1195.39 2.3676e-12 
1195.4 2.39935e-12 
1195.41 2.43113e-12 
1195.42 2.46293e-12 
1195.43 2.49473e-12 
1195.44 2.52654e-12 
1195.45 2.55833e-12 
1195.46 2.5901e-12 
1195.47 2.62184e-12 
1195.48 2.65393e-12 
1195.49 2.68557e-12 
1195.5 2.71714e-12 
1195.51 2.74864e-12 
1195.52 2.78005e-12 
1195.53 2.81136e-12 
1195.54 2.84257e-12 
1195.55 2.87365e-12 
1195.56 2.9046e-12 
1195.57 2.93541e-12 
1195.58 2.96607e-12 
1195.59 2.99656e-12 
1195.6 3.02688e-12 
1195.61 3.05891e-12 
1195.62 3.08886e-12 
1195.63 3.1186e-12 
1195.64 3.14812e-12 
1195.65 3.17741e-12 
1195.66 3.20646e-12 
1195.67 3.23526e-12 
1195.68 3.26379e-12 
1195.69 3.29206e-12 
1195.7 3.32003e-12 
1195.71 3.34772e-12 
1195.72 3.3751e-12 
1195.73 3.4025e-12 
1195.74 3.42924e-12 
1195.75 3.45565e-12 
1195.75 3.48172e-12 
1195.76 3.50743e-12 
1195.77 3.53279e-12 
1195.78 3.55778e-12 
1195.79 3.5824e-12 
1195.8 3.60663e-12 
1195.81 3.63048e-12 
1195.82 3.65393e-12 
1195.83 3.67697e-12 
1195.84 3.69961e-12 
1195.85 3.72183e-12 
1195.86 3.74364e-12 
1195.87 3.76503e-12 
1195.88 3.78599e-12 
1195.89 3.80652e-12 
1195.9 3.82662e-12 
1195.91 3.84628e-12 
1195.92 3.86552e-12 
1195.93 3.88432e-12 
1195.94 3.90269e-12 
1195.95 3.92063e-12 
1195.96 3.93814e-12 
1195.97 3.95523e-12 
1195.98 3.97211e-12 
1195.99 3.98836e-12 
1196 4.00421e-12 
1196.01 4.01966e-12 
1196.02 4.03473e-12 
1196.03 4.04943e-12 
1196.04 4.06376e-12 
1196.05 4.07775e-12 
1196.06 4.09141e-12 
1196.07 4.10475e-12 
1196.08 4.11781e-12 
1196.09 4.1306e-12 
1196.1 4.14315e-12 
1196.11 4.15548e-12 
1196.12 4.16763e-12 
1196.13 4.17963e-12 
1196.14 4.1915e-12 
1196.15 4.2033e-12 
1196.16 4.21507e-12 
1196.17 4.22684e-12 
1196.17 4.23867e-12 
1196.18 4.25061e-12 
1196.19 4.26272e-12 
1196.2 4.27505e-12 
1196.21 4.28768e-12 
1196.22 4.30085e-12 
1196.23 4.31429e-12 
1196.24 4.32826e-12 
1196.25 4.34284e-12 
1196.26 4.35814e-12 
1196.27 4.37424e-12 
1196.28 4.39126e-12 
1196.29 4.40932e-12 
1196.3 4.42853e-12 
1196.31 4.44904e-12 
1196.32 4.47098e-12 
1196.33 4.49451e-12 
1196.34 4.51979e-12 
1196.35 4.54699e-12 
1196.36 4.5763e-12 
1196.37 4.60792e-12 
1196.38 4.64206e-12 
1196.39 4.67894e-12 
1196.4 4.71882e-12 
1196.41 4.76193e-12 
1196.42 4.80857e-12 
1196.43 4.85901e-12 
1196.44 4.91358e-12 
1196.45 4.9726e-12 
1196.46 5.03643e-12 
1196.47 5.10544e-12 
1196.48 5.18101e-12 
1196.49 5.26171e-12 
1196.5 5.34888e-12 
1196.51 5.443e-12 
1196.52 5.54461e-12 
1196.53 5.65423e-12 
1196.54 5.77247e-12 
1196.55 5.89994e-12 
1196.56 6.03729e-12 
1196.57 6.18524e-12 
1196.58 6.34453e-12 
1196.59 6.51595e-12 
1196.6 6.70035e-12 
1196.6 6.90289e-12 
1196.61 7.11611e-12 
1196.62 7.34518e-12 
1196.63 7.59116e-12 
1196.64 7.8552e-12 
1196.65 8.13851e-12 
1196.66 8.44237e-12 
1196.67 8.76814e-12 
1196.68 9.11728e-12 
1196.69 9.49131e-12 
1196.7 9.89186e-12 
1196.71 1.03207e-11 
1196.72 1.07795e-11 
1196.73 1.12768e-11 
1196.74 1.18021e-11 
1196.75 1.23638e-11 
1196.76 1.2964e-11 
1196.77 1.36053e-11 
1196.78 1.42902e-11 
1196.79 1.50214e-11 
1196.8 1.58018e-11 
1196.81 1.66346e-11 
1196.82 1.75229e-11 
1196.83 1.84702e-11 
1196.84 1.94801e-11 
1196.85 2.05565e-11 
1196.86 2.17035e-11 
1196.87 2.29252e-11 
1196.88 2.42263e-11 
1196.89 2.56116e-11 
1196.9 2.7086e-11 
1196.91 2.8655e-11 
1196.92 3.03243e-11 
1196.93 3.20997e-11 
1196.94 3.39875e-11 
1196.95 3.59945e-11 
1196.96 3.81276e-11 
1196.97 4.03942e-11 
1196.98 4.28331e-11 
1196.99 4.53925e-11 
1197 4.81101e-11 
1197.01 5.09952e-11 
1197.02 5.40574e-11 
1197.03 5.73068e-11 
1197.03 6.07541e-11 
1197.04 6.44107e-11 
1197.05 6.82882e-11 
1197.06 7.23993e-11 
1197.07 7.6757e-11 
1197.08 8.13752e-11 
1197.09 8.62685e-11 
1197.1 9.1452e-11 
1197.11 9.69419e-11 
1197.12 1.02755e-10 
1197.13 1.08909e-10 
1197.14 1.15423e-10 
1197.15 1.22317e-10 
1197.16 1.2961e-10 
1197.17 1.37325e-10 
1197.18 1.45485e-10 
1197.19 1.54112e-10 
1197.2 1.63233e-10 
1197.21 1.72874e-10 
1197.22 1.83061e-10 
1197.23 1.93963e-10 
1197.24 2.05341e-10 
1197.25 2.17357e-10 
1197.26 2.30045e-10 
1197.27 2.4344e-10 
1197.28 2.57578e-10 
1197.29 2.72498e-10 
1197.3 2.8824e-10 
1197.31 3.04846e-10 
1197.32 3.2236e-10 
1197.33 3.40828e-10 
1197.34 3.60298e-10 
1197.35 3.8082e-10 
1197.36 4.02447e-10 
1197.37 4.25235e-10 
1197.38 4.49241e-10 
1197.39 4.74525e-10 
1197.4 5.01149e-10 
1197.41 5.29181e-10 
1197.42 5.58687e-10 
1197.43 5.89741e-10 
1197.44 6.22416e-10 
1197.45 6.56791e-10 
1197.45 6.92947e-10 
1197.46 7.3097e-10 
1197.47 7.70947e-10 
1197.48 8.1351e-10 
1197.49 8.57705e-10 
1197.5 9.04146e-10 
1197.51 9.52936e-10 
1197.52 1.00418e-09 
1197.53 1.05801e-09 
1197.54 1.11452e-09 
1197.55 1.17384e-09 
1197.56 1.23611e-09 
1197.57 1.30145e-09 
1197.58 1.37001e-09 
1197.59 1.44192e-09 
1197.6 1.51734e-09 
1197.61 1.59741e-09 
1197.62 1.68037e-09 
1197.63 1.76733e-09 
1197.64 1.85846e-09 
1197.65 1.95394e-09 
1197.66 2.05396e-09 
1197.67 2.15871e-09 
1197.68 2.26841e-09 
1197.69 2.38326e-09 
1197.7 2.50348e-09 
1197.71 2.62929e-09 
1197.72 2.76093e-09 
1197.73 2.90041e-09 
1197.74 3.04453e-09 
1197.75 3.19525e-09 
1197.76 3.35283e-09 
1197.77 3.51755e-09 
1197.78 3.6897e-09 
1197.79 3.86959e-09 
1197.8 4.05752e-09 
1197.81 4.25382e-09 
1197.82 4.45881e-09 
1197.83 4.67285e-09 
1197.84 4.89628e-09 
1197.85 5.12948e-09 
1197.86 5.37282e-09 
1197.87 5.6267e-09 
1197.88 5.89152e-09 
1197.88 6.16769e-09 
1197.89 6.45565e-09 
1197.9 6.75585e-09 
1197.91 7.06873e-09 
1197.92 7.39478e-09 
1197.93 7.73448e-09 
1197.94 8.08833e-09 
1197.95 8.45685e-09 
1197.96 8.84058e-09 
1197.97 9.24005e-09 
1197.98 9.66115e-09 
1197.99 1.00941e-08 
1198 1.05445e-08 
1198.01 1.1013e-08 
1198.02 1.15003e-08 
1198.03 1.2007e-08 
1198.04 1.25337e-08 
1198.05 1.30812e-08 
1198.06 1.36502e-08 
1198.07 1.42414e-08 
1198.08 1.48555e-08 
1198.09 1.54932e-08 
1198.1 1.61555e-08 
1198.11 1.68431e-08 
1198.12 1.75567e-08 
1198.13 1.82973e-08 
1198.14 1.90658e-08 
1198.15 1.98629e-08 
1198.16 2.06896e-08 
1198.17 2.15469e-08 
1198.18 2.24356e-08 
1198.19 2.33568e-08 
1198.2 2.43115e-08 
1198.21 2.53007e-08 
1198.22 2.63253e-08 
1198.23 2.74e-08 
1198.24 2.84994e-08 
1198.25 2.96376e-08 
1198.26 3.08156e-08 
1198.27 3.20348e-08 
1198.28 3.32962e-08 
1198.29 3.4601e-08 
1198.3 3.59505e-08 
1198.3 3.7346e-08 
1198.31 3.87886e-08 
1198.32 4.02797e-08 
1198.33 4.18207e-08 
1198.34 4.34128e-08 
1198.35 4.50574e-08 
1198.36 4.67559e-08 
1198.37 4.85098e-08 
1198.38 5.03203e-08 
1198.39 5.21892e-08 
1198.4 5.41176e-08 
1198.41 5.61073e-08 
1198.42 5.81597e-08 
1198.43 6.02764e-08 
1198.44 6.24589e-08 
1198.45 6.47088e-08 
1198.46 6.70277e-08 
1198.47 6.94173e-08 
1198.48 7.19104e-08 
1198.49 7.44472e-08 
1198.5 7.70596e-08 
1198.51 7.97495e-08 
1198.52 8.25184e-08 
1198.53 8.53682e-08 
1198.54 8.83006e-08 
1198.55 9.13173e-08 
1198.56 9.44202e-08 
1198.57 9.76111e-08 
1198.58 1.00892e-07 
1198.59 1.04264e-07 
1198.6 1.0773e-07 
1198.61 1.1136e-07 
1198.62 1.1502e-07 
1198.63 1.18779e-07 
1198.64 1.2264e-07 
1198.65 1.26603e-07 
1198.66 1.30671e-07 
1198.67 1.34846e-07 
1198.68 1.39129e-07 
1198.69 1.43522e-07 
1198.7 1.48028e-07 
1198.71 1.52648e-07 
1198.72 1.57385e-07 
1198.73 1.623e-07 
1198.73 1.67276e-07 
1198.74 1.72374e-07 
1198.75 1.77595e-07 
1198.76 1.82942e-07 
1198.77 1.88416e-07 
1198.78 1.9402e-07 
1198.79 1.99754e-07 
1198.8 2.05622e-07 
1198.81 2.11625e-07 
1198.82 2.17764e-07 
1198.83 2.24041e-07 
1198.84 2.30458e-07 
1198.85 2.37017e-07 
1198.86 2.4372e-07 
1198.87 2.50568e-07 
1198.88 2.57562e-07 
1198.89 2.64705e-07 
1198.9 2.71998e-07 
1198.91 2.79443e-07 
1198.92 2.87041e-07 
1198.93 2.94793e-07 
1198.94 3.02701e-07 
1198.95 3.10766e-07 
1198.96 3.1899e-07 
1198.97 3.27374e-07 
1198.98 3.36028e-07 
1198.99 3.44737e-07 
1199 3.53611e-07 
1199.01 3.62649e-07 
1199.02 3.71853e-07 
1199.03 3.81224e-07 
1199.04 3.90763e-07 
1199.05 4.0047e-07 
1199.06 4.10346e-07 
1199.07 4.20393e-07 
1199.08 4.3061e-07 
1199.09 4.40999e-07 
1199.1 4.5156e-07 
1199.11 4.62294e-07 
1199.12 4.732e-07 
1199.13 4.8428e-07 
1199.14 4.95533e-07 
1199.15 5.06959e-07 
1199.15 5.1856e-07 
1199.16 5.30334e-07 
1199.17 5.42282e-07 
1199.18 5.54404e-07 
1199.19 5.66699e-07 
1199.2 5.79167e-07 
1199.21 5.91808e-07 
1199.22 6.04783e-07 
1199.23 6.17769e-07 
1199.24 6.30927e-07 
1199.25 6.44256e-07 
1199.26 6.57753e-07 
1199.27 6.7142e-07 
1199.28 6.85253e-07 
1199.29 6.99254e-07 
1199.3 7.13419e-07 
1199.31 7.27749e-07 
1199.32 7.42241e-07 
1199.33 7.56895e-07 
1199.34 7.71708e-07 
1199.35 7.86679e-07 
1199.36 8.01806e-07 
1199.37 8.17088e-07 
1199.38 8.32522e-07 
1199.39 8.48108e-07 
1199.4 8.63841e-07 
1199.41 8.7972e-07 
1199.42 8.95744e-07 
1199.43 9.11909e-07 
1199.44 9.28214e-07 
1199.45 9.44655e-07 
1199.46 9.6123e-07 
1199.47 9.77937e-07 
1199.48 9.94984e-07 
1199.49 1.01195e-06 
1199.5 1.02903e-06 
1199.51 1.04624e-06 
1199.52 1.06356e-06 
1199.53 1.081e-06 
1199.54 1.09854e-06 
1199.55 1.1162e-06 
1199.56 1.13395e-06 
1199.57 1.15181e-06 
1199.58 1.16977e-06 
1199.58 1.18782e-06 
1199.59 1.20595e-06 
1199.6 1.22418e-06 
1199.61 1.24325e-06 
1199.62 1.26165e-06 
1199.63 1.28012e-06 
1199.64 1.29867e-06 
1199.65 1.31728e-06 
1199.66 1.33596e-06 
1199.67 1.35469e-06 
1199.68 1.37348e-06 
1199.69 1.39233e-06 
1199.7 1.41122e-06 
1199.71 1.43015e-06 
1199.72 1.44913e-06 
1199.73 1.46838e-06 
1199.74 1.48742e-06 
1199.75 1.50649e-06 
1199.76 1.52559e-06 
1199.77 1.5447e-06 
1199.78 1.56383e-06 
1199.79 1.58298e-06 
1199.8 1.60213e-06 
1199.81 1.62128e-06 
1199.82 1.64044e-06 
1199.83 1.65959e-06 
1199.84 1.67873e-06 
1199.85 1.69786e-06 
1199.86 1.71698e-06 
1199.87 1.73608e-06 
1199.88 1.75515e-06 
1199.89 1.7742e-06 
1199.9 1.79321e-06 
1199.91 1.8122e-06 
1199.92 1.83114e-06 
1199.93 1.85005e-06 
1199.94 1.86891e-06 
1199.95 1.88772e-06 
1199.96 1.90648e-06 
1199.97 1.92518e-06 
1199.98 1.94407e-06 
1199.99 1.96265e-06 
1200 1.98118e-06 
1200.01 1.99964e-06 
1200.01 2.01802e-06 
1200.02 2.03634e-06 
1200.03 2.05458e-06 
1200.04 2.07274e-06 
1200.05 2.09083e-06 
1200.06 2.10883e-06 
1200.07 2.12674e-06 
1200.08 2.14457e-06 
1200.09 2.16231e-06 
1200.1 2.17995e-06 
1200.11 2.19751e-06 
1200.12 2.21496e-06 
1200.13 2.23232e-06 
1200.14 2.24958e-06 
1200.15 2.26674e-06 
1200.16 2.28379e-06 
1200.17 2.30074e-06 
1200.18 2.31759e-06 
1200.19 2.33432e-06 
1200.2 2.35095e-06 
1200.21 2.36747e-06 
1200.22 2.38388e-06 
1200.23 2.40038e-06 
1200.24 2.41656e-06 
1200.25 2.43262e-06 
1200.26 2.44857e-06 
1200.27 2.46441e-06 
1200.28 2.48013e-06 
1200.29 2.49572e-06 
1200.3 2.51121e-06 
1200.31 2.52657e-06 
1200.32 2.54181e-06 
1200.33 2.55693e-06 
1200.34 2.57193e-06 
1200.35 2.58682e-06 
1200.36 2.60157e-06 
1200.37 2.61621e-06 
1200.38 2.63072e-06 
1200.39 2.64511e-06 
1200.4 2.65938e-06 
1200.41 2.67352e-06 
1200.42 2.68754e-06 
1200.43 2.70144e-06 
1200.43 2.7152e-06 
1200.44 2.72885e-06 
1200.45 2.74237e-06 
1200.46 2.75576e-06 
1200.47 2.76902e-06 
1200.48 2.78232e-06 
1200.49 2.79533e-06 
1200.5 2.80821e-06 
1200.51 2.82096e-06 
1200.52 2.83358e-06 
1200.53 2.84607e-06 
1200.54 2.85843e-06 
1200.55 2.87065e-06 
1200.56 2.88275e-06 
1200.57 2.89471e-06 
1200.58 2.90653e-06 
1200.59 2.91822e-06 
1200.6 2.92977e-06 
1200.61 2.94301e-06 
1200.62 2.95429e-06 
1200.63 2.96542e-06 
1200.64 2.97642e-06 
1200.65 2.98727e-06 
1200.66 2.99798e-06 
1200.67 3.00854e-06 
1200.68 3.01894e-06 
1200.69 3.0292e-06 
1200.7 3.0393e-06 
1200.71 3.04924e-06 
1200.72 3.05903e-06 
1200.73 3.06877e-06 
1200.74 3.07823e-06 
1200.75 3.08752e-06 
1200.76 3.09665e-06 
1200.77 3.1056e-06 
1200.78 3.11437e-06 
1200.79 3.12297e-06 
1200.8 3.13138e-06 
1200.81 3.13961e-06 
1200.82 3.14766e-06 
1200.83 3.15551e-06 
1200.84 3.16316e-06 
1200.85 3.17062e-06 
1200.85 3.17787e-06 
1200.86 3.18492e-06 
1200.87 3.19175e-06 
1200.88 3.19837e-06 
1200.89 3.20477e-06 
1200.9 3.21095e-06 
1200.91 3.21689e-06 
1200.92 3.22261e-06 
1200.93 3.22809e-06 
1200.94 3.23333e-06 
1200.95 3.23832e-06 
1200.96 3.24306e-06 
1200.97 3.24755e-06 
1200.98 3.25183e-06 
1200.99 3.25579e-06 
1201 3.25947e-06 
1201.01 3.26289e-06 
1201.02 3.26602e-06 
1201.03 3.26888e-06 
1201.04 3.27144e-06 
1201.05 3.27371e-06 
1201.06 3.27568e-06 
1201.07 3.27735e-06 
1201.08 3.27871e-06 
1201.09 3.27976e-06 
1201.1 3.28049e-06 
1201.11 3.2809e-06 
1201.12 3.28098e-06 
1201.13 3.28073e-06 
1201.14 3.28015e-06 
1201.15 3.27923e-06 
1201.16 3.27796e-06 
1201.17 3.27635e-06 
1201.18 3.27439e-06 
1201.19 3.27207e-06 
1201.2 3.26939e-06 
1201.21 3.26635e-06 
1201.22 3.26294e-06 
1201.23 3.25912e-06 
1201.24 3.25496e-06 
1201.25 3.25044e-06 
1201.26 3.24553e-06 
1201.27 3.24024e-06 
1201.28 3.23457e-06 
1201.28 3.22852e-06 
1201.29 3.22207e-06 
1201.3 3.21524e-06 
1201.31 3.20801e-06 
1201.32 3.2004e-06 
1201.33 3.19239e-06 
1201.34 3.18398e-06 
1201.35 3.17518e-06 
1201.36 3.16599e-06 
1201.37 3.15639e-06 
1201.38 3.14641e-06 
1201.39 3.13602e-06 
1201.4 3.12524e-06 
1201.41 3.11407e-06 
1201.42 3.1025e-06 
1201.43 3.09054e-06 
1201.44 3.07818e-06 
1201.45 3.06544e-06 
1201.46 3.05231e-06 
1201.47 3.0388e-06 
1201.48 3.02473e-06 
1201.49 3.01045e-06 
1201.5 2.99579e-06 
1201.51 2.98076e-06 
1201.52 2.96536e-06 
1201.53 2.94959e-06 
1201.54 2.93347e-06 
1201.55 2.91698e-06 
1201.56 2.90014e-06 
1201.57 2.88296e-06 
1201.58 2.86543e-06 
1201.59 2.84756e-06 
1201.6 2.82936e-06 
1201.61 2.81258e-06 
1201.62 2.79372e-06 
1201.63 2.77455e-06 
1201.64 2.75507e-06 
1201.65 2.7353e-06 
1201.66 2.71523e-06 
1201.67 2.69487e-06 
1201.68 2.67423e-06 
1201.69 2.65332e-06 
1201.7 2.63215e-06 
1201.7 2.61072e-06 
1201.71 2.58904e-06 
1201.72 2.56685e-06 
1201.73 2.5447e-06 
1201.74 2.52233e-06 
1201.75 2.49974e-06 
1201.76 2.47694e-06 
1201.77 2.45395e-06 
1201.78 2.43077e-06 
1201.79 2.40742e-06 
1201.8 2.38389e-06 
1201.81 2.3602e-06 
1201.82 2.33637e-06 
1201.83 2.31239e-06 
1201.84 2.28828e-06 
1201.85 2.26405e-06 
1201.86 2.2397e-06 
1201.87 2.21525e-06 
1201.88 2.19071e-06 
1201.89 2.16609e-06 
1201.9 2.14139e-06 
1201.91 2.11662e-06 
1201.92 2.0918e-06 
1201.93 2.06694e-06 
1201.94 2.04204e-06 
1201.95 2.01711e-06 
1201.96 1.99217e-06 
1201.97 1.96721e-06 
1201.98 1.94195e-06 
1201.99 1.91701e-06 
1202 1.89209e-06 
1202.01 1.8672e-06 
1202.02 1.84235e-06 
1202.03 1.81754e-06 
1202.04 1.7928e-06 
1202.05 1.76811e-06 
1202.06 1.7435e-06 
1202.07 1.71897e-06 
1202.08 1.69452e-06 
1202.09 1.67018e-06 
1202.1 1.64594e-06 
1202.11 1.62181e-06 
1202.12 1.5978e-06 
1202.13 1.57392e-06 
1202.13 1.55017e-06 
1202.14 1.52657e-06 
1202.15 1.50312e-06 
1202.16 1.47981e-06 
1202.17 1.45668e-06 
1202.18 1.4337e-06 
1202.19 1.41091e-06 
1202.2 1.38829e-06 
1202.21 1.36586e-06 
1202.22 1.34334e-06 
1202.23 1.32129e-06 
1202.24 1.29945e-06 
1202.25 1.27781e-06 
1202.26 1.25638e-06 
1202.27 1.23517e-06 
1202.28 1.21417e-06 
1202.29 1.1934e-06 
1202.3 1.17285e-06 
1202.31 1.15253e-06 
1202.32 1.13244e-06 
1202.33 1.11259e-06 
1202.34 1.09297e-06 
1202.35 1.0736e-06 
1202.36 1.05447e-06 
1202.37 1.03558e-06 
1202.38 1.01695e-06 
1202.39 9.98555e-07 
1202.4 9.80415e-07 
1202.41 9.62526e-07 
1202.42 9.4489e-07 
1202.43 9.27507e-07 
1202.44 9.10377e-07 
1202.45 8.93503e-07 
1202.46 8.76883e-07 
1202.47 8.60518e-07 
1202.48 8.44209e-07 
1202.49 8.28357e-07 
1202.5 8.12759e-07 
1202.51 7.97415e-07 
1202.52 7.82324e-07 
1202.53 7.67485e-07 
1202.54 7.52897e-07 
1202.55 7.38559e-07 
1202.56 7.2447e-07 
1202.56 7.10627e-07 
1202.57 6.9703e-07 
1202.58 6.83677e-07 
1202.59 6.70566e-07 
1202.6 6.57694e-07 
1202.61 6.45458e-07 
1202.62 6.33053e-07 
1202.63 6.2088e-07 
1202.64 6.08939e-07 
1202.65 5.97226e-07 
1202.66 5.85739e-07 
1202.67 5.74475e-07 
1202.68 5.63431e-07 
1202.69 5.52606e-07 
1202.7 5.41995e-07 
1202.71 5.31596e-07 
1202.72 5.21405e-07 
1202.73 5.11297e-07 
1202.74 5.01518e-07 
1202.75 4.91938e-07 
1202.76 4.82554e-07 
1202.77 4.73363e-07 
1202.78 4.64362e-07 
1202.79 4.55548e-07 
1202.8 4.46916e-07 
1202.81 4.38464e-07 
1202.82 4.30189e-07 
1202.83 4.22087e-07 
1202.84 4.14155e-07 
1202.85 4.06389e-07 
1202.86 3.98786e-07 
1202.87 3.91343e-07 
1202.88 3.84056e-07 
1202.89 3.76923e-07 
1202.9 3.69939e-07 
1202.91 3.63102e-07 
1202.92 3.56408e-07 
1202.93 3.49853e-07 
1202.94 3.43436e-07 
1202.95 3.37153e-07 
1202.96 3.30999e-07 
1202.97 3.24973e-07 
1202.98 3.19072e-07 
1202.98 3.1322e-07 
1202.99 3.07559e-07 
1203 3.02014e-07 
1203.01 2.96581e-07 
1203.02 2.91257e-07 
1203.03 2.86041e-07 
1203.04 2.80928e-07 
1203.05 2.75916e-07 
1203.06 2.71003e-07 
1203.07 2.66186e-07 
1203.08 2.61463e-07 
1203.09 2.5683e-07 
1203.1 2.52286e-07 
1203.11 2.47828e-07 
1203.12 2.43453e-07 
1203.13 2.39161e-07 
1203.14 2.34947e-07 
1203.15 2.30811e-07 
1203.16 2.2675e-07 
1203.17 2.22762e-07 
1203.18 2.18844e-07 
1203.19 2.14996e-07 
1203.2 2.11215e-07 
1203.21 2.075e-07 
1203.22 2.03848e-07 
1203.23 2.00214e-07 
1203.24 1.96685e-07 
1203.25 1.93215e-07 
1203.26 1.89802e-07 
1203.27 1.86444e-07 
1203.28 1.83141e-07 
1203.29 1.7989e-07 
1203.3 1.76691e-07 
1203.31 1.73543e-07 
1203.32 1.70443e-07 
1203.33 1.67391e-07 
1203.34 1.64385e-07 
1203.35 1.61426e-07 
1203.36 1.5851e-07 
1203.37 1.55638e-07 
1203.38 1.52809e-07 
1203.39 1.50021e-07 
1203.4 1.47274e-07 
1203.41 1.44566e-07 
1203.41 1.41898e-07 
1203.42 1.39268e-07 
1203.43 1.36675e-07 
1203.44 1.34119e-07 
1203.45 1.316e-07 
1203.46 1.29116e-07 
1203.47 1.26666e-07 
1203.48 1.24221e-07 
1203.49 1.21841e-07 
1203.5 1.19493e-07 
1203.51 1.17178e-07 
1203.52 1.14896e-07 
1203.53 1.12645e-07 
1203.54 1.10425e-07 
1203.55 1.08237e-07 
1203.56 1.06079e-07 
1203.57 1.03952e-07 
1203.58 1.01854e-07 
1203.59 9.97854e-08 
1203.6 9.77464e-08 
1203.61 9.57953e-08 
1203.62 9.38125e-08 
1203.63 9.18581e-08 
1203.64 8.99318e-08 
1203.65 8.80334e-08 
1203.66 8.61625e-08 
1203.67 8.4319e-08 
1203.68 8.25027e-08 
1203.69 8.07132e-08 
1203.7 7.89506e-08 
1203.71 7.72144e-08 
1203.72 7.55046e-08 
1203.73 7.38e-08 
1203.74 7.21425e-08 
1203.75 7.05109e-08 
1203.76 6.89048e-08 
1203.77 6.73242e-08 
1203.78 6.57688e-08 
1203.79 6.42384e-08 
1203.8 6.2733e-08 
1203.81 6.12523e-08 
1203.82 5.97962e-08 
1203.83 5.83644e-08 
1203.83 5.69569e-08 
1203.84 5.55734e-08 
1203.85 5.42138e-08 
1203.86 5.28779e-08 
1203.87 5.15656e-08 
1203.88 5.02766e-08 
1203.89 4.90109e-08 
1203.9 4.77681e-08 
1203.91 4.65482e-08 
1203.92 4.53509e-08 
1203.93 4.4176e-08 
1203.94 4.30235e-08 
1203.95 4.1893e-08 
1203.96 4.07844e-08 
1203.97 3.96975e-08 
1203.98 3.86189e-08 
1203.99 3.7575e-08 
1204 3.65522e-08 
1204.01 3.55503e-08 
1204.02 3.4569e-08 
1204.03 3.36081e-08 
1204.04 3.26675e-08 
1204.05 3.17469e-08 
1204.06 3.0846e-08 
1204.07 2.99647e-08 
1204.08 2.91027e-08 
1204.09 2.82598e-08 
1204.1 2.74357e-08 
1204.11 2.66303e-08 
1204.12 2.58432e-08 
1204.13 2.50742e-08 
1204.14 2.43232e-08 
1204.15 2.35898e-08 
1204.16 2.28738e-08 
1204.17 2.21749e-08 
1204.18 2.14929e-08 
1204.19 2.08276e-08 
1204.2 2.01787e-08 
1204.21 1.95459e-08 
1204.22 1.8929e-08 
1204.23 1.83203e-08 
1204.24 1.77346e-08 
1204.25 1.7164e-08 
1204.26 1.66082e-08 
1204.26 1.60671e-08 
1204.27 1.55403e-08 
1204.28 1.50276e-08 
1204.29 1.45287e-08 
1204.3 1.40434e-08 
1204.31 1.35715e-08 
1204.32 1.31126e-08 
1204.33 1.26665e-08 
1204.34 1.22329e-08 
1204.35 1.18117e-08 
1204.36 1.14026e-08 
1204.37 1.10052e-08 
1204.38 1.06194e-08 
1204.39 1.02449e-08 
1204.4 9.88156e-09 
1204.41 9.52901e-09 
1204.42 9.18705e-09 
1204.43 8.85545e-09 
1204.44 8.53397e-09 
1204.45 8.22238e-09 
1204.46 7.92046e-09 
1204.47 7.62797e-09 
1204.48 7.3412e-09 
1204.49 7.06701e-09 
1204.5 6.80158e-09 
1204.51 6.5447e-09 
1204.52 6.29615e-09 
1204.53 6.05572e-09 
1204.54 5.82321e-09 
1204.55 5.59839e-09 
1204.56 5.38109e-09 
1204.57 5.17109e-09 
1204.58 4.96819e-09 
1204.59 4.77222e-09 
1204.6 4.58297e-09 
1204.61 4.40027e-09 
1204.62 4.22652e-09 
1204.63 4.05625e-09 
1204.64 3.89198e-09 
1204.65 3.73355e-09 
1204.66 3.58078e-09 
1204.67 3.4335e-09 
1204.68 3.29157e-09 
1204.68 3.1548e-09 
1204.69 3.02305e-09 
1204.7 2.89617e-09 
1204.71 2.77401e-09 
1204.72 2.65497e-09 
1204.73 2.54185e-09 
1204.74 2.43301e-09 
1204.75 2.32832e-09 
1204.76 2.22765e-09 
1204.77 2.13086e-09 
1204.78 2.03782e-09 
1204.79 1.94842e-09 
1204.8 1.86253e-09 
1204.81 1.78003e-09 
1204.82 1.70081e-09 
1204.83 1.62476e-09 
1204.84 1.55177e-09 
1204.85 1.48172e-09 
1204.86 1.41453e-09 
1204.87 1.35008e-09 
1204.88 1.28829e-09 
1204.89 1.22905e-09 
1204.9 1.17228e-09 
1204.91 1.11788e-09 
1204.92 1.06577e-09 
1204.93 1.01587e-09 
1204.94 9.68086e-10 
1204.95 9.22346e-10 
1204.96 8.78574e-10 
1204.97 8.36693e-10 
1204.98 7.96143e-10 
1204.99 7.57854e-10 
1205 7.21247e-10 
1205.01 6.86255e-10 
1205.02 6.52817e-10 
1205.03 6.2087e-10 
1205.04 5.90356e-10 
1205.05 5.61218e-10 
1205.06 5.33399e-10 
1205.07 5.06846e-10 
1205.08 4.81509e-10 
1205.09 4.57337e-10 
1205.1 4.34282e-10 
1205.11 4.12298e-10 
1205.11 3.91339e-10 
1205.12 3.71364e-10 
1205.13 3.5233e-10 
1205.14 3.34198e-10 
1205.15 3.16928e-10 
1205.16 3.00484e-10 
1205.17 2.84831e-10 
1205.18 2.69932e-10 
1205.19 2.55756e-10 
1205.2 2.42271e-10 
1205.21 2.29446e-10 
1205.22 2.17107e-10 
1205.23 2.05519e-10 
1205.24 1.94509e-10 
1205.25 1.84048e-10 
1205.26 1.74111e-10 
1205.27 1.64674e-10 
1205.28 1.55714e-10 
1205.29 1.47209e-10 
1205.3 1.39138e-10 
1205.31 1.31479e-10 
1205.32 1.24215e-10 
1205.33 1.17326e-10 
1205.34 1.10795e-10 
1205.35 1.04603e-10 
1205.36 9.87363e-11 
1205.37 9.31775e-11 
1205.38 8.79121e-11 
1205.39 8.29259e-11 
1205.4 7.82051e-11 
1205.41 7.37366e-11 
1205.42 6.9508e-11 
1205.43 6.55074e-11 
1205.44 6.17233e-11 
1205.45 5.81449e-11 
1205.46 5.47617e-11 
1205.47 5.15639e-11 
1205.48 4.85064e-11 
1205.49 4.56526e-11 
1205.5 4.2958e-11 
1205.51 4.04134e-11 
1205.52 3.80111e-11 
1205.53 3.57437e-11 
1205.54 3.36041e-11 
1205.54 3.15855e-11 
1205.55 2.96815e-11 
1205.56 2.78862e-11 
1205.57 2.61936e-11 
1205.58 2.45983e-11 
1205.59 2.3095e-11 
1205.6 2.16787e-11 
1205.61 2.03573e-11 
1205.62 1.91005e-11 
1205.63 1.79172e-11 
1205.64 1.68035e-11 
1205.65 1.57556e-11 
1205.66 1.47697e-11 
1205.67 1.38424e-11 
1205.68 1.29705e-11 
1205.69 1.21507e-11 
1205.7 1.13803e-11 
1205.71 1.06563e-11 
1205.72 9.9762e-12 
1205.73 9.32967e-12 
1205.74 8.73031e-12 
1205.75 8.16763e-12 
1205.76 7.63952e-12 
1205.77 7.14397e-12 
1205.78 6.67908e-12 
1205.79 6.24305e-12 
1205.8 5.83419e-12 
1205.81 5.45089e-12 
1205.82 5.09165e-12 
1205.83 4.75502e-12 
1205.84 4.43966e-12 
1205.85 4.14429e-12 
1205.86 3.86772e-12 
1205.87 3.6088e-12 
1205.88 3.36646e-12 
1205.89 3.1397e-12 
1205.9 2.92756e-12 
1205.91 2.72915e-12 
1205.92 2.54362e-12 
1205.93 2.37017e-12 
1205.94 2.20806e-12 
1205.95 2.05658e-12 
1205.96 1.91507e-12 
1205.96 1.7829e-12 
1205.97 1.65948e-12 
1205.98 1.54287e-12 
1205.99 1.43542e-12 
1206 1.33516e-12 
1206.01 1.24163e-12 
1206.02 1.15439e-12 
1206.03 1.07304e-12 
1206.04 9.97206e-13 
1206.05 9.26523e-13 
1206.06 8.60658e-13 
1206.07 7.99298e-13 
1206.08 7.42147e-13 
1206.09 6.8893e-13 
1206.1 6.39386e-13 
1206.11 5.93273e-13 
1206.12 5.50364e-13 
1206.13 5.10444e-13 
1206.14 4.73315e-13 
1206.15 4.38789e-13 
1206.16 4.06691e-13 
1206.17 3.76857e-13 
1206.18 3.49134e-13 
1206.19 3.23378e-13 
1206.2 2.99456e-13 
1206.21 2.77242e-13 
1206.22 2.56618e-13 
1206.23 2.37246e-13 
1206.24 2.19499e-13 
1206.25 2.03035e-13 
1206.26 1.87764e-13 
1206.27 1.73603e-13 
1206.28 1.60475e-13 
1206.29 1.48306e-13 
1206.3 1.37029e-13 
1206.31 1.26582e-13 
1206.32 1.16905e-13 
1206.33 1.07944e-13 
1206.34 9.96477e-14 
1206.35 9.19686e-14 
1206.36 8.48623e-14 
1206.37 7.82878e-14 
1206.38 7.22065e-14 
1206.39 6.65828e-14 
1206.39 6.13834e-14 
1206.4 5.65775e-14 
1206.41 5.21362e-14 
1206.42 4.80329e-14 
1206.43 4.42427e-14 
1206.44 4.07425e-14 
1206.45 3.75109e-14 
1206.46 3.45279e-14 
1206.47 3.1775e-14 
1206.48 2.92047e-14 
1206.49 2.68643e-14 
1206.5 2.47059e-14 
1206.51 2.27158e-14 
1206.52 2.08815e-14 
1206.53 1.91909e-14 
1206.54 1.76334e-14 
1206.55 1.61986e-14 
1206.56 1.48773e-14 
1206.57 1.36607e-14 
1206.58 1.25408e-14 
1206.59 1.15101e-14 
1206.6 0 
