#energy geo_1 
1186.6 5.37885e-07 
1186.61 5.37548e-07 
1186.62 5.37211e-07 
1186.63 5.36874e-07 
1186.64 5.36538e-07 
1186.65 5.36202e-07 
1186.66 5.35865e-07 
1186.67 5.3553e-07 
1186.68 5.35194e-07 
1186.69 5.34859e-07 
1186.7 5.34523e-07 
1186.71 5.34189e-07 
1186.72 5.33853e-07 
1186.73 5.33518e-07 
1186.74 5.33183e-07 
1186.75 5.3285e-07 
1186.76 5.32514e-07 
1186.77 5.32181e-07 
1186.78 5.31846e-07 
1186.79 5.31513e-07 
1186.8 5.31179e-07 
1186.81 5.30846e-07 
1186.81 5.30512e-07 
1186.82 5.3018e-07 
1186.83 5.29847e-07 
1186.84 5.29514e-07 
1186.85 5.29182e-07 
1186.86 5.28849e-07 
1186.87 5.28517e-07 
1186.88 5.28186e-07 
1186.89 5.27854e-07 
1186.9 5.27522e-07 
1186.91 5.27191e-07 
1186.92 5.2686e-07 
1186.93 5.26529e-07 
1186.94 5.26197e-07 
1186.95 5.25866e-07 
1186.96 5.25536e-07 
1186.97 5.25206e-07 
1186.98 5.24876e-07 
1186.99 5.24545e-07 
1187 5.24215e-07 
1187.01 5.23886e-07 
1187.02 5.23557e-07 
1187.03 5.23227e-07 
1187.04 5.22898e-07 
1187.05 5.2257e-07 
1187.06 5.22241e-07 
1187.07 5.21912e-07 
1187.08 5.21584e-07 
1187.09 5.21256e-07 
1187.1 5.20928e-07 
1187.11 5.206e-07 
1187.12 5.20272e-07 
1187.13 5.19945e-07 
1187.14 5.19617e-07 
1187.15 5.1929e-07 
1187.16 5.18963e-07 
1187.17 5.18636e-07 
1187.18 5.18311e-07 
1187.19 5.17984e-07 
1187.2 5.17657e-07 
1187.21 5.17331e-07 
1187.22 5.17006e-07 
1187.23 5.1668e-07 
1187.24 5.16354e-07 
1187.24 5.16029e-07 
1187.25 5.15704e-07 
1187.26 5.15379e-07 
1187.27 5.15054e-07 
1187.28 5.1473e-07 
1187.29 5.14406e-07 
1187.3 5.14081e-07 
1187.31 5.13757e-07 
1187.32 5.13433e-07 
1187.33 5.13109e-07 
1187.34 5.12786e-07 
1187.35 5.12463e-07 
1187.36 5.12139e-07 
1187.37 5.11816e-07 
1187.38 5.11493e-07 
1187.39 5.11171e-07 
1187.4 5.10848e-07 
1187.41 5.10526e-07 
1187.42 5.10204e-07 
1187.43 5.09882e-07 
1187.44 5.09561e-07 
1187.45 5.09239e-07 
1187.46 5.08917e-07 
1187.47 5.08597e-07 
1187.48 5.08275e-07 
1187.49 5.07955e-07 
1187.5 5.07634e-07 
1187.51 5.07313e-07 
1187.52 5.06993e-07 
1187.53 5.06673e-07 
1187.54 5.06353e-07 
1187.55 5.06033e-07 
1187.56 5.05714e-07 
1187.57 5.05394e-07 
1187.58 5.05075e-07 
1187.59 5.04756e-07 
1187.6 5.04438e-07 
1187.61 5.04434e-07 
1187.62 5.04116e-07 
1187.63 5.03797e-07 
1187.64 5.03478e-07 
1187.65 5.0316e-07 
1187.66 5.02842e-07 
1187.66 5.02525e-07 
1187.67 5.02207e-07 
1187.68 5.0189e-07 
1187.69 5.01572e-07 
1187.7 5.01256e-07 
1187.71 5.00938e-07 
1187.72 5.00622e-07 
1187.73 5.00306e-07 
1187.74 4.99989e-07 
1187.75 4.99673e-07 
1187.76 4.99357e-07 
1187.77 4.99041e-07 
1187.78 4.98725e-07 
1187.79 4.98409e-07 
1187.8 4.98094e-07 
1187.81 4.97779e-07 
1187.82 4.97465e-07 
1187.83 4.9715e-07 
1187.84 4.96835e-07 
1187.85 4.96521e-07 
1187.86 4.96206e-07 
1187.87 4.95892e-07 
1187.88 4.95578e-07 
1187.89 4.95265e-07 
1187.9 4.94951e-07 
1187.91 4.94638e-07 
1187.92 4.94325e-07 
1187.93 4.94012e-07 
1187.94 4.93699e-07 
1187.95 4.93386e-07 
1187.96 4.93074e-07 
1187.97 4.92761e-07 
1187.98 4.92449e-07 
1187.99 4.92137e-07 
1188 4.91825e-07 
1188.01 4.91514e-07 
1188.02 4.91203e-07 
1188.03 4.90891e-07 
1188.04 4.9058e-07 
1188.05 4.90269e-07 
1188.06 4.89959e-07 
1188.07 4.89648e-07 
1188.08 4.89338e-07 
1188.09 4.89028e-07 
1188.09 4.88717e-07 
1188.1 4.88407e-07 
1188.11 4.88098e-07 
1188.12 4.87789e-07 
1188.13 4.87479e-07 
1188.14 4.8717e-07 
1188.15 4.86861e-07 
1188.16 4.86553e-07 
1188.17 4.86244e-07 
1188.18 4.85935e-07 
1188.19 4.85628e-07 
1188.2 4.8532e-07 
1188.21 4.85011e-07 
1188.22 4.84703e-07 
1188.23 4.84396e-07 
1188.24 4.84088e-07 
1188.25 4.83781e-07 
1188.26 4.83474e-07 
1188.27 4.83167e-07 
1188.28 4.82861e-07 
1188.29 4.82554e-07 
1188.3 4.82247e-07 
1188.31 4.81941e-07 
1188.32 4.81635e-07 
1188.33 4.81329e-07 
1188.34 4.81024e-07 
1188.35 4.80718e-07 
1188.36 4.80413e-07 
1188.37 4.80107e-07 
1188.38 4.79803e-07 
1188.39 4.79498e-07 
1188.4 4.79193e-07 
1188.41 4.78889e-07 
1188.42 4.78584e-07 
1188.43 4.7828e-07 
1188.44 4.77976e-07 
1188.45 4.77672e-07 
1188.46 4.77369e-07 
1188.47 4.77065e-07 
1188.48 4.76762e-07 
1188.49 4.76459e-07 
1188.5 4.76155e-07 
1188.51 4.75853e-07 
1188.52 4.7555e-07 
1188.52 4.75247e-07 
1188.53 4.74945e-07 
1188.54 4.74643e-07 
1188.55 4.74341e-07 
1188.56 4.74039e-07 
1188.57 4.73737e-07 
1188.58 4.73436e-07 
1188.59 4.73134e-07 
1188.6 4.73129e-07 
1188.61 4.72827e-07 
1188.62 4.72527e-07 
1188.63 4.72225e-07 
1188.64 4.71924e-07 
1188.65 4.71624e-07 
1188.66 4.71323e-07 
1188.67 4.71023e-07 
1188.68 4.70724e-07 
1188.69 4.70424e-07 
1188.7 4.70123e-07 
1188.71 4.69824e-07 
1188.72 4.69524e-07 
1188.73 4.69225e-07 
1188.74 4.68926e-07 
1188.75 4.68627e-07 
1188.76 4.68328e-07 
1188.77 4.68029e-07 
1188.78 4.67731e-07 
1188.79 4.67433e-07 
1188.8 4.67134e-07 
1188.81 4.66836e-07 
1188.82 4.66538e-07 
1188.83 4.66241e-07 
1188.84 4.65943e-07 
1188.85 4.65645e-07 
1188.86 4.65348e-07 
1188.87 4.65051e-07 
1188.88 4.64754e-07 
1188.89 4.64457e-07 
1188.9 4.6416e-07 
1188.91 4.63864e-07 
1188.92 4.63568e-07 
1188.93 4.63271e-07 
1188.94 4.62975e-07 
1188.94 4.62679e-07 
1188.95 4.62383e-07 
1188.96 4.62087e-07 
1188.97 4.61793e-07 
1188.98 4.61497e-07 
1188.99 4.61202e-07 
1189 4.60907e-07 
1189.01 4.60612e-07 
1189.02 4.60317e-07 
1189.03 4.60022e-07 
1189.04 4.59728e-07 
1189.05 4.59433e-07 
1189.06 4.59139e-07 
1189.07 4.58845e-07 
1189.08 4.58552e-07 
1189.09 4.58258e-07 
1189.1 4.57964e-07 
1189.11 4.5767e-07 
1189.12 4.57377e-07 
1189.13 4.57084e-07 
1189.14 4.56791e-07 
1189.15 4.56498e-07 
1189.16 4.56205e-07 
1189.17 4.55913e-07 
1189.18 4.5562e-07 
1189.19 4.55328e-07 
1189.2 4.55036e-07 
1189.21 4.54743e-07 
1189.22 4.54451e-07 
1189.23 4.5416e-07 
1189.24 4.53868e-07 
1189.25 4.53577e-07 
1189.26 4.53285e-07 
1189.27 4.52994e-07 
1189.28 4.52702e-07 
1189.29 4.52411e-07 
1189.3 4.5212e-07 
1189.31 4.51829e-07 
1189.32 4.51539e-07 
1189.33 4.51249e-07 
1189.34 4.50958e-07 
1189.35 4.50668e-07 
1189.36 4.50378e-07 
1189.36 4.50088e-07 
1189.37 4.49798e-07 
1189.38 4.49508e-07 
1189.39 4.49218e-07 
1189.4 4.48928e-07 
1189.41 4.48639e-07 
1189.42 4.4835e-07 
1189.43 4.48061e-07 
1189.44 4.47772e-07 
1189.45 4.47483e-07 
1189.46 4.47194e-07 
1189.47 4.46905e-07 
1189.48 4.46617e-07 
1189.49 4.46328e-07 
1189.5 4.4604e-07 
1189.51 4.45752e-07 
1189.52 4.45463e-07 
1189.53 4.45175e-07 
1189.54 4.44887e-07 
1189.55 4.44599e-07 
1189.56 4.44312e-07 
1189.57 4.44024e-07 
1189.58 4.43737e-07 
1189.59 4.43449e-07 
1189.6 4.43162e-07 
1189.61 4.43152e-07 
1189.62 4.42864e-07 
1189.63 4.42577e-07 
1189.64 4.4229e-07 
1189.65 4.42003e-07 
1189.66 4.41716e-07 
1189.67 4.4143e-07 
1189.68 4.41143e-07 
1189.69 4.40857e-07 
1189.7 4.4057e-07 
1189.71 4.40284e-07 
1189.72 4.39997e-07 
1189.73 4.39711e-07 
1189.74 4.39425e-07 
1189.75 4.3914e-07 
1189.76 4.38853e-07 
1189.77 4.38568e-07 
1189.78 4.38282e-07 
1189.79 4.37996e-07 
1189.79 4.37711e-07 
1189.8 4.37426e-07 
1189.81 4.3714e-07 
1189.82 4.36855e-07 
1189.83 4.3657e-07 
1189.84 4.36285e-07 
1189.85 4.36e-07 
1189.86 4.35715e-07 
1189.87 4.3543e-07 
1189.88 4.35146e-07 
1189.89 4.34861e-07 
1189.9 4.34576e-07 
1189.91 4.34292e-07 
1189.92 4.34007e-07 
1189.93 4.33723e-07 
1189.94 4.33439e-07 
1189.95 4.33154e-07 
1189.96 4.3287e-07 
1189.97 4.32586e-07 
1189.98 4.32302e-07 
1189.99 4.32018e-07 
1190 4.31734e-07 
1190.01 4.3145e-07 
1190.02 4.31167e-07 
1190.03 4.30883e-07 
1190.04 4.30599e-07 
1190.05 4.30316e-07 
1190.06 4.30032e-07 
1190.07 4.29749e-07 
1190.08 4.29465e-07 
1190.09 4.29182e-07 
1190.1 4.28899e-07 
1190.11 4.28615e-07 
1190.12 4.28332e-07 
1190.13 4.28049e-07 
1190.14 4.27767e-07 
1190.15 4.27483e-07 
1190.16 4.272e-07 
1190.17 4.26917e-07 
1190.18 4.26634e-07 
1190.19 4.26351e-07 
1190.2 4.26069e-07 
1190.21 4.25786e-07 
1190.21 4.25503e-07 
1190.22 4.2522e-07 
1190.23 4.24938e-07 
1190.24 4.24655e-07 
1190.25 4.24373e-07 
1190.26 4.2409e-07 
1190.27 4.23808e-07 
1190.28 4.23525e-07 
1190.29 4.23243e-07 
1190.3 4.2296e-07 
1190.31 4.22678e-07 
1190.32 4.22395e-07 
1190.33 4.22113e-07 
1190.34 4.21831e-07 
1190.35 4.21548e-07 
1190.36 4.21266e-07 
1190.37 4.20984e-07 
1190.38 4.20701e-07 
1190.39 4.20419e-07 
1190.4 4.20137e-07 
1190.41 4.19855e-07 
1190.42 4.19572e-07 
1190.43 4.1929e-07 
1190.44 4.19008e-07 
1190.45 4.18726e-07 
1190.46 4.18444e-07 
1190.47 4.18161e-07 
1190.48 4.17879e-07 
1190.49 4.17597e-07 
1190.5 4.17315e-07 
1190.51 4.17032e-07 
1190.52 4.1675e-07 
1190.53 4.16468e-07 
1190.54 4.16186e-07 
1190.55 4.15904e-07 
1190.56 4.15621e-07 
1190.57 4.15339e-07 
1190.58 4.15057e-07 
1190.59 4.14775e-07 
1190.6 4.14492e-07 
1190.61 4.14468e-07 
1190.62 4.14186e-07 
1190.63 4.13903e-07 
1190.64 4.13621e-07 
1190.64 4.13338e-07 
1190.65 4.13055e-07 
1190.66 4.12773e-07 
1190.67 4.1249e-07 
1190.68 4.12207e-07 
1190.69 4.11925e-07 
1190.7 4.11642e-07 
1190.71 4.11359e-07 
1190.72 4.11076e-07 
1190.73 4.10793e-07 
1190.74 4.1051e-07 
1190.75 4.10227e-07 
1190.76 4.09944e-07 
1190.77 4.09661e-07 
1190.78 4.09378e-07 
1190.79 4.09094e-07 
1190.8 4.08811e-07 
1190.81 4.08527e-07 
1190.82 4.08244e-07 
1190.83 4.07961e-07 
1190.84 4.07677e-07 
1190.85 4.07393e-07 
1190.86 4.0711e-07 
1190.87 4.06826e-07 
1190.88 4.06542e-07 
1190.89 4.06259e-07 
1190.9 4.05974e-07 
1190.91 4.0569e-07 
1190.92 4.05406e-07 
1190.93 4.05122e-07 
1190.94 4.04837e-07 
1190.95 4.04553e-07 
1190.96 4.04269e-07 
1190.97 4.03984e-07 
1190.98 4.03699e-07 
1190.99 4.03415e-07 
1191 4.0313e-07 
1191.01 4.02845e-07 
1191.02 4.0256e-07 
1191.03 4.02274e-07 
1191.04 4.01989e-07 
1191.05 4.01704e-07 
1191.06 4.01418e-07 
1191.07 4.01133e-07 
1191.07 4.00847e-07 
1191.08 4.00561e-07 
1191.09 4.00275e-07 
1191.1 3.99989e-07 
1191.11 3.99703e-07 
1191.12 3.99417e-07 
1191.13 3.9913e-07 
1191.14 3.98844e-07 
1191.15 3.98557e-07 
1191.16 3.9827e-07 
1191.17 3.97983e-07 
1191.18 3.97696e-07 
1191.19 3.97409e-07 
1191.2 3.97121e-07 
1191.21 3.96834e-07 
1191.22 3.96546e-07 
1191.23 3.96258e-07 
1191.24 3.9597e-07 
1191.25 3.95682e-07 
1191.26 3.95394e-07 
1191.27 3.95105e-07 
1191.28 3.94816e-07 
1191.29 3.94527e-07 
1191.3 3.94239e-07 
1191.31 3.93949e-07 
1191.32 3.9366e-07 
1191.33 3.93371e-07 
1191.34 3.93081e-07 
1191.35 3.92791e-07 
1191.36 3.92501e-07 
1191.37 3.92211e-07 
1191.38 3.9192e-07 
1191.39 3.9163e-07 
1191.4 3.91339e-07 
1191.41 3.91048e-07 
1191.42 3.90757e-07 
1191.43 3.90465e-07 
1191.44 3.90174e-07 
1191.45 3.89882e-07 
1191.46 3.8959e-07 
1191.47 3.89298e-07 
1191.48 3.89005e-07 
1191.49 3.88713e-07 
1191.49 3.8842e-07 
1191.5 3.88127e-07 
1191.51 3.87833e-07 
1191.52 3.8754e-07 
1191.53 3.87246e-07 
1191.54 3.86952e-07 
1191.55 3.86657e-07 
1191.56 3.86363e-07 
1191.57 3.86069e-07 
1191.58 3.85774e-07 
1191.59 3.85478e-07 
1191.6 3.85423e-07 
1191.61 3.85127e-07 
1191.62 3.84831e-07 
1191.63 3.84535e-07 
1191.64 3.84238e-07 
1191.65 3.83941e-07 
1191.66 3.83644e-07 
1191.67 3.83346e-07 
1191.68 3.83049e-07 
1191.69 3.8275e-07 
1191.7 3.82452e-07 
1191.71 3.82154e-07 
1191.72 3.81855e-07 
1191.73 3.81555e-07 
1191.74 3.81256e-07 
1191.75 3.80957e-07 
1191.76 3.80656e-07 
1191.77 3.80356e-07 
1191.78 3.80056e-07 
1191.79 3.79754e-07 
1191.8 3.79453e-07 
1191.81 3.79151e-07 
1191.82 3.7885e-07 
1191.83 3.78548e-07 
1191.84 3.78245e-07 
1191.85 3.77942e-07 
1191.86 3.77639e-07 
1191.87 3.77335e-07 
1191.88 3.77032e-07 
1191.89 3.76727e-07 
1191.9 3.76423e-07 
1191.91 3.76118e-07 
1191.92 3.75813e-07 
1191.92 3.75507e-07 
1191.93 3.75202e-07 
1191.94 3.74895e-07 
1191.95 3.74588e-07 
1191.96 3.74281e-07 
1191.97 3.73974e-07 
1191.98 3.73666e-07 
1191.99 3.73358e-07 
1192 3.7305e-07 
1192.01 3.72741e-07 
1192.02 3.72432e-07 
1192.03 3.72122e-07 
1192.04 3.71812e-07 
1192.05 3.71502e-07 
1192.06 3.71191e-07 
1192.07 3.7088e-07 
1192.08 3.70568e-07 
1192.09 3.70256e-07 
1192.1 3.69944e-07 
1192.11 3.69631e-07 
1192.12 3.69318e-07 
1192.13 3.69004e-07 
1192.14 3.6869e-07 
1192.15 3.68376e-07 
1192.16 3.68061e-07 
1192.17 3.67746e-07 
1192.18 3.6743e-07 
1192.19 3.67114e-07 
1192.2 3.66797e-07 
1192.21 3.6648e-07 
1192.22 3.66162e-07 
1192.23 3.65844e-07 
1192.24 3.65526e-07 
1192.25 3.65207e-07 
1192.26 3.64887e-07 
1192.27 3.64568e-07 
1192.28 3.64248e-07 
1192.29 3.63927e-07 
1192.3 3.63605e-07 
1192.31 3.63284e-07 
1192.32 3.62961e-07 
1192.33 3.62639e-07 
1192.34 3.62316e-07 
1192.34 3.61992e-07 
1192.35 3.61668e-07 
1192.36 3.61343e-07 
1192.37 3.61018e-07 
1192.38 3.60692e-07 
1192.39 3.60366e-07 
1192.4 3.60039e-07 
1192.41 3.59712e-07 
1192.42 3.59384e-07 
1192.43 3.59056e-07 
1192.44 3.58727e-07 
1192.45 3.58398e-07 
1192.46 3.58068e-07 
1192.47 3.57738e-07 
1192.48 3.57407e-07 
1192.49 3.57075e-07 
1192.5 3.56743e-07 
1192.51 3.5641e-07 
1192.52 3.56077e-07 
1192.53 3.55744e-07 
1192.54 3.55409e-07 
1192.55 3.55074e-07 
1192.56 3.54739e-07 
1192.57 3.54403e-07 
1192.58 3.54066e-07 
1192.59 3.53729e-07 
1192.6 3.53391e-07 
1192.61 3.53273e-07 
1192.62 3.52934e-07 
1192.63 3.52594e-07 
1192.64 3.52254e-07 
1192.65 3.51913e-07 
1192.66 3.51571e-07 
1192.67 3.51229e-07 
1192.68 3.50887e-07 
1192.69 3.50543e-07 
1192.7 3.50199e-07 
1192.71 3.49855e-07 
1192.72 3.49509e-07 
1192.73 3.49163e-07 
1192.74 3.48817e-07 
1192.75 3.4847e-07 
1192.76 3.48122e-07 
1192.77 3.47774e-07 
1192.77 3.47425e-07 
1192.78 3.47075e-07 
1192.79 3.46725e-07 
1192.8 3.46373e-07 
1192.81 3.46022e-07 
1192.82 3.45669e-07 
1192.83 3.45316e-07 
1192.84 3.44963e-07 
1192.85 3.44609e-07 
1192.86 3.44254e-07 
1192.87 3.43898e-07 
1192.88 3.43541e-07 
1192.89 3.43184e-07 
1192.9 3.42827e-07 
1192.91 3.42468e-07 
1192.92 3.42109e-07 
1192.93 3.4175e-07 
1192.94 3.41389e-07 
1192.95 3.41028e-07 
1192.96 3.40666e-07 
1192.97 3.40303e-07 
1192.98 3.3994e-07 
1192.99 3.39576e-07 
1193 3.39212e-07 
1193.01 3.38846e-07 
1193.02 3.3848e-07 
1193.03 3.38113e-07 
1193.04 3.37746e-07 
1193.05 3.37377e-07 
1193.06 3.37008e-07 
1193.07 3.36639e-07 
1193.08 3.36268e-07 
1193.09 3.35897e-07 
1193.1 3.35525e-07 
1193.11 3.35152e-07 
1193.12 3.34779e-07 
1193.13 3.34405e-07 
1193.14 3.3403e-07 
1193.15 3.33654e-07 
1193.16 3.33278e-07 
1193.17 3.32901e-07 
1193.18 3.32523e-07 
1193.19 3.32144e-07 
1193.19 3.31765e-07 
1193.2 3.31385e-07 
1193.21 3.31004e-07 
1193.22 3.30622e-07 
1193.23 3.3024e-07 
1193.24 3.29857e-07 
1193.25 3.29473e-07 
1193.26 3.29088e-07 
1193.27 3.28703e-07 
1193.28 3.28316e-07 
1193.29 3.27929e-07 
1193.3 3.27541e-07 
1193.31 3.27153e-07 
1193.32 3.26763e-07 
1193.33 3.26373e-07 
1193.34 3.25982e-07 
1193.35 3.2559e-07 
1193.36 3.25198e-07 
1193.37 3.24804e-07 
1193.38 3.2441e-07 
1193.39 3.24015e-07 
1193.4 3.23619e-07 
1193.41 3.23222e-07 
1193.42 3.22825e-07 
1193.43 3.22427e-07 
1193.44 3.22027e-07 
1193.45 3.21627e-07 
1193.46 3.21227e-07 
1193.47 3.20825e-07 
1193.48 3.20423e-07 
1193.49 3.2002e-07 
1193.5 3.19615e-07 
1193.51 3.19211e-07 
1193.52 3.18805e-07 
1193.53 3.18398e-07 
1193.54 3.1799e-07 
1193.55 3.17582e-07 
1193.56 3.17173e-07 
1193.57 3.16763e-07 
1193.58 3.16352e-07 
1193.59 3.1594e-07 
1193.6 3.15527e-07 
1193.61 3.15309e-07 
1193.62 3.14894e-07 
1193.62 3.14478e-07 
1193.63 3.14062e-07 
1193.64 3.13644e-07 
1193.65 3.13225e-07 
1193.66 3.12806e-07 
1193.67 3.12385e-07 
1193.68 3.11964e-07 
1193.69 3.11541e-07 
1193.7 3.11118e-07 
1193.71 3.10694e-07 
1193.72 3.10269e-07 
1193.73 3.09842e-07 
1193.74 3.09415e-07 
1193.75 3.08987e-07 
1193.76 3.08557e-07 
1193.77 3.08127e-07 
1193.78 3.07696e-07 
1193.79 3.07263e-07 
1193.8 3.0683e-07 
1193.81 3.06395e-07 
1193.82 3.0596e-07 
1193.83 3.05523e-07 
1193.84 3.05086e-07 
1193.85 3.04647e-07 
1193.86 3.04207e-07 
1193.87 3.03766e-07 
1193.88 3.03324e-07 
1193.89 3.02881e-07 
1193.9 3.02436e-07 
1193.91 3.01991e-07 
1193.92 3.01544e-07 
1193.93 3.01096e-07 
1193.94 3.00647e-07 
1193.95 3.00198e-07 
1193.96 2.99746e-07 
1193.97 2.99293e-07 
1193.98 2.9884e-07 
1193.99 2.98385e-07 
1194 2.97929e-07 
1194.01 2.97472e-07 
1194.02 2.97013e-07 
1194.03 2.96553e-07 
1194.04 2.96092e-07 
1194.05 2.9563e-07 
1194.05 2.95166e-07 
1194.06 2.94702e-07 
1194.07 2.94236e-07 
1194.08 2.93768e-07 
1194.09 2.933e-07 
1194.1 2.9283e-07 
1194.11 2.92359e-07 
1194.12 2.91886e-07 
1194.13 2.91413e-07 
1194.14 2.90938e-07 
1194.15 2.90462e-07 
1194.16 2.89984e-07 
1194.17 2.89505e-07 
1194.18 2.89026e-07 
1194.19 2.88544e-07 
1194.2 2.88062e-07 
1194.21 2.87578e-07 
1194.22 2.87093e-07 
1194.23 2.86607e-07 
1194.24 2.8612e-07 
1194.25 2.85632e-07 
1194.26 2.85142e-07 
1194.27 2.84652e-07 
1194.28 2.8416e-07 
1194.29 2.83667e-07 
1194.3 2.83173e-07 
1194.31 2.82678e-07 
1194.32 2.82183e-07 
1194.33 2.81686e-07 
1194.34 2.81189e-07 
1194.35 2.8069e-07 
1194.36 2.80191e-07 
1194.37 2.79692e-07 
1194.38 2.79191e-07 
1194.39 2.7869e-07 
1194.4 2.78189e-07 
1194.41 2.77687e-07 
1194.42 2.77185e-07 
1194.43 2.76683e-07 
1194.44 2.76181e-07 
1194.45 2.75679e-07 
1194.46 2.75177e-07 
1194.47 2.74676e-07 
1194.47 2.74175e-07 
1194.48 2.73674e-07 
1194.49 2.73175e-07 
1194.5 2.72676e-07 
1194.51 2.72179e-07 
1194.52 2.71683e-07 
1194.53 2.71189e-07 
1194.54 2.70696e-07 
1194.55 2.70206e-07 
1194.56 2.69719e-07 
1194.57 2.69234e-07 
1194.58 2.68752e-07 
1194.59 2.68273e-07 
1194.6 2.67799e-07 
1194.61 2.67495e-07 
1194.62 2.67029e-07 
1194.63 2.66567e-07 
1194.64 2.66112e-07 
1194.65 2.65662e-07 
1194.66 2.65219e-07 
1194.67 2.64783e-07 
1194.68 2.64355e-07 
1194.69 2.63935e-07 
1194.7 2.63524e-07 
1194.71 2.63123e-07 
1194.72 2.62732e-07 
1194.73 2.62355e-07 
1194.74 2.61988e-07 
1194.75 2.61634e-07 
1194.76 2.61294e-07 
1194.77 2.60968e-07 
1194.78 2.60659e-07 
1194.79 2.60367e-07 
1194.8 2.60093e-07 
1194.81 2.59839e-07 
1194.82 2.59605e-07 
1194.83 2.59394e-07 
1194.84 2.59205e-07 
1194.85 2.59042e-07 
1194.86 2.58906e-07 
1194.87 2.58798e-07 
1194.88 2.58719e-07 
1194.89 2.58672e-07 
1194.9 2.58659e-07 
1194.9 2.58681e-07 
1194.91 2.58741e-07 
1194.92 2.5884e-07 
1194.93 2.58982e-07 
1194.94 2.59167e-07 
1194.95 2.594e-07 
1194.96 2.59681e-07 
1194.97 2.60014e-07 
1194.98 2.60414e-07 
1194.99 2.60859e-07 
1195 2.61364e-07 
1195.01 2.61933e-07 
1195.02 2.62567e-07 
1195.03 2.63272e-07 
1195.04 2.64049e-07 
1195.05 2.64902e-07 
1195.06 2.65836e-07 
1195.07 2.66853e-07 
1195.08 2.67957e-07 
1195.09 2.69152e-07 
1195.1 2.70443e-07 
1195.11 2.71832e-07 
1195.12 2.73326e-07 
1195.13 2.74927e-07 
1195.14 2.7664e-07 
1195.15 2.7847e-07 
1195.16 2.80422e-07 
1195.17 2.82499e-07 
1195.18 2.84708e-07 
1195.19 2.87053e-07 
1195.2 2.89538e-07 
1195.21 2.92169e-07 
1195.22 2.94952e-07 
1195.23 2.97936e-07 
1195.24 3.01038e-07 
1195.25 3.04308e-07 
1195.26 3.0775e-07 
1195.27 3.1137e-07 
1195.28 3.15173e-07 
1195.29 3.19165e-07 
1195.3 3.23351e-07 
1195.31 3.27738e-07 
1195.32 3.3233e-07 
1195.32 3.37133e-07 
1195.33 3.42153e-07 
1195.34 3.47395e-07 
1195.35 3.52865e-07 
1195.36 3.58568e-07 
1195.37 3.64509e-07 
1195.38 3.70693e-07 
1195.39 3.77126e-07 
1195.4 3.83814e-07 
1195.41 3.90759e-07 
1195.42 3.97969e-07 
1195.43 4.05446e-07 
1195.44 4.13196e-07 
1195.45 4.21223e-07 
1195.46 4.29531e-07 
1195.47 4.38124e-07 
1195.48 4.47126e-07 
1195.49 4.56303e-07 
1195.5 4.65775e-07 
1195.51 4.75546e-07 
1195.52 4.85616e-07 
1195.53 4.95989e-07 
1195.54 5.06666e-07 
1195.55 5.17651e-07 
1195.56 5.28941e-07 
1195.57 5.4054e-07 
1195.58 5.52447e-07 
1195.59 5.64664e-07 
1195.6 5.77188e-07 
1195.61 5.90386e-07 
1195.62 6.03531e-07 
1195.63 6.16981e-07 
1195.64 6.30732e-07 
1195.65 6.44782e-07 
1195.66 6.59129e-07 
1195.67 6.73767e-07 
1195.68 6.88693e-07 
1195.69 7.03901e-07 
1195.7 7.19387e-07 
1195.71 7.35145e-07 
1195.72 7.51167e-07 
1195.73 7.6766e-07 
1195.74 7.84193e-07 
1195.75 8.00967e-07 
1195.75 8.17974e-07 
1195.76 8.35205e-07 
1195.77 8.5265e-07 
1195.78 8.70298e-07 
1195.79 8.88138e-07 
1195.8 9.06156e-07 
1195.81 9.24345e-07 
1195.82 9.42689e-07 
1195.83 9.61174e-07 
1195.84 9.79789e-07 
1195.85 9.98516e-07 
1195.86 1.01735e-06 
1195.87 1.03626e-06 
1195.88 1.05524e-06 
1195.89 1.07427e-06 
1195.9 1.09334e-06 
1195.91 1.11243e-06 
1195.92 1.13152e-06 
1195.93 1.1506e-06 
1195.94 1.16964e-06 
1195.95 1.18863e-06 
1195.96 1.20756e-06 
1195.97 1.22639e-06 
1195.98 1.24536e-06 
1195.99 1.26396e-06 
1196 1.28241e-06 
1196.01 1.3007e-06 
1196.02 1.31881e-06 
1196.03 1.33671e-06 
1196.04 1.3544e-06 
1196.05 1.37184e-06 
1196.06 1.38902e-06 
1196.07 1.40593e-06 
1196.08 1.42253e-06 
1196.09 1.43882e-06 
1196.1 1.45478e-06 
1196.11 1.47039e-06 
1196.12 1.48563e-06 
1196.13 1.50049e-06 
1196.14 1.51494e-06 
1196.15 1.52898e-06 
1196.16 1.54258e-06 
1196.17 1.55573e-06 
1196.17 1.56843e-06 
1196.18 1.58064e-06 
1196.19 1.59237e-06 
1196.2 1.60359e-06 
1196.21 1.6143e-06 
1196.22 1.62462e-06 
1196.23 1.63426e-06 
1196.24 1.64336e-06 
1196.25 1.65191e-06 
1196.26 1.6599e-06 
1196.27 1.66733e-06 
1196.28 1.67417e-06 
1196.29 1.68045e-06 
1196.3 1.68614e-06 
1196.31 1.69124e-06 
1196.32 1.69577e-06 
1196.33 1.6997e-06 
1196.34 1.70305e-06 
1196.35 1.70581e-06 
1196.36 1.70799e-06 
1196.37 1.70959e-06 
1196.38 1.71061e-06 
1196.39 1.71107e-06 
1196.4 1.71095e-06 
1196.41 1.71028e-06 
1196.42 1.70907e-06 
1196.43 1.70731e-06 
1196.44 1.70502e-06 
1196.45 1.70221e-06 
1196.46 1.69889e-06 
1196.47 1.69509e-06 
1196.48 1.69075e-06 
1196.49 1.68599e-06 
1196.5 1.68078e-06 
1196.51 1.67513e-06 
1196.52 1.66907e-06 
1196.53 1.66261e-06 
1196.54 1.65577e-06 
1196.55 1.64857e-06 
1196.56 1.64102e-06 
1196.57 1.63316e-06 
1196.58 1.62499e-06 
1196.59 1.61655e-06 
1196.6 1.60784e-06 
1196.6 1.5999e-06 
1196.61 1.59074e-06 
1196.62 1.5814e-06 
1196.63 1.57188e-06 
1196.64 1.56222e-06 
1196.65 1.55244e-06 
1196.66 1.54257e-06 
1196.67 1.53262e-06 
1196.68 1.52263e-06 
1196.69 1.5126e-06 
1196.7 1.50258e-06 
1196.71 1.49258e-06 
1196.72 1.48262e-06 
1196.73 1.47261e-06 
1196.74 1.46282e-06 
1196.75 1.45313e-06 
1196.76 1.44358e-06 
1196.77 1.43419e-06 
1196.78 1.42498e-06 
1196.79 1.41597e-06 
1196.8 1.40717e-06 
1196.81 1.39862e-06 
1196.82 1.39032e-06 
1196.83 1.38231e-06 
1196.84 1.37458e-06 
1196.85 1.36717e-06 
1196.86 1.36008e-06 
1196.87 1.35334e-06 
1196.88 1.34696e-06 
1196.89 1.34095e-06 
1196.9 1.33533e-06 
1196.91 1.3301e-06 
1196.92 1.32528e-06 
1196.93 1.32088e-06 
1196.94 1.31691e-06 
1196.95 1.31337e-06 
1196.96 1.31028e-06 
1196.97 1.30764e-06 
1196.98 1.30544e-06 
1196.99 1.30372e-06 
1197 1.30247e-06 
1197.01 1.30168e-06 
1197.02 1.30136e-06 
1197.03 1.30151e-06 
1197.03 1.30213e-06 
1197.04 1.30322e-06 
1197.05 1.30477e-06 
1197.06 1.30678e-06 
1197.07 1.30925e-06 
1197.08 1.31217e-06 
1197.09 1.31553e-06 
1197.1 1.31934e-06 
1197.11 1.32357e-06 
1197.12 1.32822e-06 
1197.13 1.33329e-06 
1197.14 1.33875e-06 
1197.15 1.34461e-06 
1197.16 1.35084e-06 
1197.17 1.35743e-06 
1197.18 1.36438e-06 
1197.19 1.37166e-06 
1197.2 1.37926e-06 
1197.21 1.38717e-06 
1197.22 1.39536e-06 
1197.23 1.40395e-06 
1197.24 1.41267e-06 
1197.25 1.42163e-06 
1197.26 1.43081e-06 
1197.27 1.44018e-06 
1197.28 1.44974e-06 
1197.29 1.45946e-06 
1197.3 1.46931e-06 
1197.31 1.47929e-06 
1197.32 1.48936e-06 
1197.33 1.49951e-06 
1197.34 1.50972e-06 
1197.35 1.51997e-06 
1197.36 1.53023e-06 
1197.37 1.54049e-06 
1197.38 1.55072e-06 
1197.39 1.56091e-06 
1197.4 1.57102e-06 
1197.41 1.58105e-06 
1197.42 1.59096e-06 
1197.43 1.60075e-06 
1197.44 1.61038e-06 
1197.45 1.61984e-06 
1197.45 1.62911e-06 
1197.46 1.63818e-06 
1197.47 1.64701e-06 
1197.48 1.6557e-06 
1197.49 1.66402e-06 
1197.5 1.67205e-06 
1197.51 1.67977e-06 
1197.52 1.68718e-06 
1197.53 1.69426e-06 
1197.54 1.70098e-06 
1197.55 1.70733e-06 
1197.56 1.71331e-06 
1197.57 1.71889e-06 
1197.58 1.72407e-06 
1197.59 1.72882e-06 
1197.6 1.73315e-06 
1197.61 1.73811e-06 
1197.62 1.74154e-06 
1197.63 1.74451e-06 
1197.64 1.747e-06 
1197.65 1.74902e-06 
1197.66 1.75055e-06 
1197.67 1.75159e-06 
1197.68 1.75212e-06 
1197.69 1.75216e-06 
1197.7 1.75169e-06 
1197.71 1.7507e-06 
1197.72 1.74921e-06 
1197.73 1.74718e-06 
1197.74 1.74465e-06 
1197.75 1.7416e-06 
1197.76 1.73805e-06 
1197.77 1.73398e-06 
1197.78 1.7294e-06 
1197.79 1.72432e-06 
1197.8 1.71874e-06 
1197.81 1.71267e-06 
1197.82 1.7061e-06 
1197.83 1.69905e-06 
1197.84 1.69153e-06 
1197.85 1.68355e-06 
1197.86 1.6751e-06 
1197.87 1.6662e-06 
1197.88 1.65687e-06 
1197.88 1.64712e-06 
1197.89 1.63695e-06 
1197.9 1.62637e-06 
1197.91 1.61541e-06 
1197.92 1.60408e-06 
1197.93 1.59238e-06 
1197.94 1.58034e-06 
1197.95 1.56796e-06 
1197.96 1.55527e-06 
1197.97 1.54228e-06 
1197.98 1.52885e-06 
1197.99 1.51531e-06 
1198 1.50152e-06 
1198.01 1.4875e-06 
1198.02 1.47327e-06 
1198.03 1.45885e-06 
1198.04 1.44425e-06 
1198.05 1.4295e-06 
1198.06 1.41461e-06 
1198.07 1.3996e-06 
1198.08 1.3845e-06 
1198.09 1.36931e-06 
1198.1 1.35407e-06 
1198.11 1.3388e-06 
1198.12 1.3235e-06 
1198.13 1.3082e-06 
1198.14 1.29293e-06 
1198.15 1.2777e-06 
1198.16 1.26253e-06 
1198.17 1.24743e-06 
1198.18 1.23244e-06 
1198.19 1.21757e-06 
1198.2 1.20284e-06 
1198.21 1.18827e-06 
1198.22 1.17387e-06 
1198.23 1.15949e-06 
1198.24 1.14551e-06 
1198.25 1.13175e-06 
1198.26 1.11824e-06 
1198.27 1.105e-06 
1198.28 1.09204e-06 
1198.29 1.07939e-06 
1198.3 1.06704e-06 
1198.3 1.05503e-06 
1198.31 1.04337e-06 
1198.32 1.03206e-06 
1198.33 1.02113e-06 
1198.34 1.01059e-06 
1198.35 1.00045e-06 
1198.36 9.90731e-07 
1198.37 9.81434e-07 
1198.38 9.72575e-07 
1198.39 9.64166e-07 
1198.4 9.56215e-07 
1198.41 9.48734e-07 
1198.42 9.41731e-07 
1198.43 9.35214e-07 
1198.44 9.29192e-07 
1198.45 9.23672e-07 
1198.46 9.18659e-07 
1198.47 9.1416e-07 
1198.48 9.10138e-07 
1198.49 9.06688e-07 
1198.5 9.03765e-07 
1198.51 9.01372e-07 
1198.52 8.99512e-07 
1198.53 8.98186e-07 
1198.54 8.97395e-07 
1198.55 8.97139e-07 
1198.56 8.97419e-07 
1198.57 8.98233e-07 
1198.58 8.99578e-07 
1198.59 9.01453e-07 
1198.6 9.03854e-07 
1198.61 9.07341e-07 
1198.62 9.10784e-07 
1198.63 9.1474e-07 
1198.64 9.19203e-07 
1198.65 9.24166e-07 
1198.66 9.29621e-07 
1198.67 9.35561e-07 
1198.68 9.41976e-07 
1198.69 9.4886e-07 
1198.7 9.56199e-07 
1198.71 9.63986e-07 
1198.72 9.72206e-07 
1198.73 9.80966e-07 
1198.73 9.90026e-07 
1198.74 9.99485e-07 
1198.75 1.00933e-06 
1198.76 1.01954e-06 
1198.77 1.03011e-06 
1198.78 1.04102e-06 
1198.79 1.05226e-06 
1198.8 1.0638e-06 
1198.81 1.07564e-06 
1198.82 1.08776e-06 
1198.83 1.10013e-06 
1198.84 1.11274e-06 
1198.85 1.12558e-06 
1198.86 1.13863e-06 
1198.87 1.15186e-06 
1198.88 1.16526e-06 
1198.89 1.1788e-06 
1198.9 1.19248e-06 
1198.91 1.20626e-06 
1198.92 1.22014e-06 
1198.93 1.23408e-06 
1198.94 1.24807e-06 
1198.95 1.26209e-06 
1198.96 1.27612e-06 
1198.97 1.29014e-06 
1198.98 1.3043e-06 
1198.99 1.31824e-06 
1199 1.3321e-06 
1199.01 1.34586e-06 
1199.02 1.35952e-06 
1199.03 1.37303e-06 
1199.04 1.3864e-06 
1199.05 1.39959e-06 
1199.06 1.41258e-06 
1199.07 1.42537e-06 
1199.08 1.43792e-06 
1199.09 1.45022e-06 
1199.1 1.46226e-06 
1199.11 1.474e-06 
1199.12 1.48544e-06 
1199.13 1.49656e-06 
1199.14 1.50734e-06 
1199.15 1.51776e-06 
1199.15 1.52781e-06 
1199.16 1.53747e-06 
1199.17 1.54673e-06 
1199.18 1.55557e-06 
1199.19 1.56398e-06 
1199.2 1.57195e-06 
1199.21 1.57946e-06 
1199.22 1.58658e-06 
1199.23 1.59314e-06 
1199.24 1.5992e-06 
1199.25 1.60475e-06 
1199.26 1.6098e-06 
1199.27 1.61433e-06 
1199.28 1.61832e-06 
1199.29 1.62179e-06 
1199.3 1.62471e-06 
1199.31 1.62708e-06 
1199.32 1.62889e-06 
1199.33 1.63016e-06 
1199.34 1.63085e-06 
1199.35 1.63099e-06 
1199.36 1.63056e-06 
1199.37 1.62956e-06 
1199.38 1.62799e-06 
1199.39 1.62586e-06 
1199.4 1.62316e-06 
1199.41 1.61989e-06 
1199.42 1.61607e-06 
1199.43 1.61168e-06 
1199.44 1.60674e-06 
1199.45 1.60125e-06 
1199.46 1.59521e-06 
1199.47 1.58864e-06 
1199.48 1.58144e-06 
1199.49 1.5738e-06 
1199.5 1.56565e-06 
1199.51 1.55699e-06 
1199.52 1.54784e-06 
1199.53 1.5382e-06 
1199.54 1.52808e-06 
1199.55 1.51749e-06 
1199.56 1.50646e-06 
1199.57 1.49498e-06 
1199.58 1.48307e-06 
1199.58 1.47075e-06 
1199.59 1.45804e-06 
1199.6 1.44493e-06 
1199.61 1.43234e-06 
1199.62 1.4185e-06 
1199.63 1.40432e-06 
1199.64 1.38981e-06 
1199.65 1.37499e-06 
1199.66 1.35988e-06 
1199.67 1.3445e-06 
1199.68 1.32885e-06 
1199.69 1.31297e-06 
1199.7 1.29686e-06 
1199.71 1.28054e-06 
1199.72 1.26403e-06 
1199.73 1.24714e-06 
1199.74 1.23031e-06 
1199.75 1.21334e-06 
1199.76 1.19624e-06 
1199.77 1.17905e-06 
1199.78 1.16177e-06 
1199.79 1.14443e-06 
1199.8 1.12703e-06 
1199.81 1.10961e-06 
1199.82 1.09217e-06 
1199.83 1.07473e-06 
1199.84 1.05732e-06 
1199.85 1.03993e-06 
1199.86 1.0226e-06 
1199.87 1.00534e-06 
1199.88 9.8816e-07 
1199.89 9.71079e-07 
1199.9 9.5411e-07 
1199.91 9.37271e-07 
1199.92 9.20575e-07 
1199.93 9.04034e-07 
1199.94 8.87663e-07 
1199.95 8.71475e-07 
1199.96 8.55482e-07 
1199.97 8.39697e-07 
1199.98 8.23941e-07 
1199.99 8.08607e-07 
1200 7.93514e-07 
1200.01 7.78673e-07 
1200.01 7.64093e-07 
1200.02 7.49783e-07 
1200.03 7.35751e-07 
1200.04 7.22005e-07 
1200.05 7.08554e-07 
1200.06 6.95402e-07 
1200.07 6.82559e-07 
1200.08 6.70027e-07 
1200.09 6.57815e-07 
1200.1 6.45924e-07 
1200.11 6.34361e-07 
1200.12 6.23128e-07 
1200.13 6.12228e-07 
1200.14 6.01664e-07 
1200.15 5.91437e-07 
1200.16 5.81549e-07 
1200.17 5.72001e-07 
1200.18 5.62792e-07 
1200.19 5.53922e-07 
1200.2 5.45391e-07 
1200.21 5.37196e-07 
1200.22 5.29337e-07 
1200.23 5.21719e-07 
1200.24 5.14526e-07 
1200.25 5.07659e-07 
1200.26 5.01113e-07 
1200.27 4.94886e-07 
1200.28 4.88972e-07 
1200.29 4.83365e-07 
1200.3 4.78061e-07 
1200.31 4.73052e-07 
1200.32 4.68333e-07 
1200.33 4.63896e-07 
1200.34 4.59734e-07 
1200.35 4.55841e-07 
1200.36 4.52207e-07 
1200.37 4.48826e-07 
1200.38 4.45687e-07 
1200.39 4.42784e-07 
1200.4 4.40105e-07 
1200.41 4.37644e-07 
1200.42 4.35389e-07 
1200.43 4.33332e-07 
1200.43 4.31463e-07 
1200.44 4.29772e-07 
1200.45 4.28248e-07 
1200.46 4.26882e-07 
1200.47 4.25664e-07 
1200.48 4.24571e-07 
1200.49 4.23619e-07 
1200.5 4.22782e-07 
1200.51 4.22052e-07 
1200.52 4.21418e-07 
1200.53 4.20869e-07 
1200.54 4.20396e-07 
1200.55 4.19988e-07 
1200.56 4.19635e-07 
1200.57 4.19327e-07 
1200.58 4.19054e-07 
1200.59 4.18808e-07 
1200.6 4.18577e-07 
1200.61 4.18613e-07 
1200.62 4.18387e-07 
1200.63 4.18151e-07 
1200.64 4.17894e-07 
1200.65 4.1761e-07 
1200.66 4.17291e-07 
1200.67 4.16926e-07 
1200.68 4.16511e-07 
1200.69 4.16037e-07 
1200.7 4.15497e-07 
1200.71 4.14885e-07 
1200.72 4.14194e-07 
1200.73 4.13409e-07 
1200.74 4.12543e-07 
1200.75 4.11581e-07 
1200.76 4.1052e-07 
1200.77 4.09353e-07 
1200.78 4.08077e-07 
1200.79 4.06689e-07 
1200.8 4.05184e-07 
1200.81 4.03561e-07 
1200.82 4.01815e-07 
1200.83 3.99946e-07 
1200.84 3.9795e-07 
1200.85 3.95827e-07 
1200.85 3.93575e-07 
1200.86 3.91194e-07 
1200.87 3.88683e-07 
1200.88 3.86042e-07 
1200.89 3.8327e-07 
1200.9 3.8037e-07 
1200.91 3.77341e-07 
1200.92 3.74184e-07 
1200.93 3.70902e-07 
1200.94 3.67496e-07 
1200.95 3.63969e-07 
1200.96 3.60322e-07 
1200.97 3.56559e-07 
1200.98 3.52633e-07 
1200.99 3.48644e-07 
1201 3.44548e-07 
1201.01 3.40348e-07 
1201.02 3.36049e-07 
1201.03 3.31655e-07 
1201.04 3.27169e-07 
1201.05 3.22595e-07 
1201.06 3.17939e-07 
1201.07 3.13205e-07 
1201.08 3.08398e-07 
1201.09 3.03523e-07 
1201.1 2.98584e-07 
1201.11 2.93587e-07 
1201.12 2.88537e-07 
1201.13 2.83438e-07 
1201.14 2.78297e-07 
1201.15 2.73118e-07 
1201.16 2.67906e-07 
1201.17 2.62667e-07 
1201.18 2.57405e-07 
1201.19 2.52127e-07 
1201.2 2.46837e-07 
1201.21 2.4154e-07 
1201.22 2.36241e-07 
1201.23 2.30878e-07 
1201.24 2.25591e-07 
1201.25 2.20315e-07 
1201.26 2.15057e-07 
1201.27 2.09821e-07 
1201.28 2.04611e-07 
1201.28 1.99432e-07 
1201.29 1.94287e-07 
1201.3 1.89181e-07 
1201.31 1.84117e-07 
1201.32 1.791e-07 
1201.33 1.74133e-07 
1201.34 1.69219e-07 
1201.35 1.64361e-07 
1201.36 1.59564e-07 
1201.37 1.54828e-07 
1201.38 1.50158e-07 
1201.39 1.45556e-07 
1201.4 1.41023e-07 
1201.41 1.36564e-07 
1201.42 1.32179e-07 
1201.43 1.2787e-07 
1201.44 1.2364e-07 
1201.45 1.19489e-07 
1201.46 1.1542e-07 
1201.47 1.11433e-07 
1201.48 1.07481e-07 
1201.49 1.03663e-07 
1201.5 9.99296e-08 
1201.51 9.62823e-08 
1201.52 9.27212e-08 
1201.53 8.92468e-08 
1201.54 8.58591e-08 
1201.55 8.25582e-08 
1201.56 7.9344e-08 
1201.57 7.62164e-08 
1201.58 7.3175e-08 
1201.59 7.02194e-08 
1201.6 6.7349e-08 
1201.61 6.46031e-08 
1201.62 6.18995e-08 
1201.63 5.9279e-08 
1201.64 5.67406e-08 
1201.65 5.42834e-08 
1201.66 5.19062e-08 
1201.67 4.96079e-08 
1201.68 4.73874e-08 
1201.69 4.52432e-08 
1201.7 4.31741e-08 
1201.7 4.11788e-08 
1201.71 3.92557e-08 
1201.72 3.73807e-08 
1201.73 3.55986e-08 
1201.74 3.38842e-08 
1201.75 3.2236e-08 
1201.76 3.06523e-08 
1201.77 2.91317e-08 
1201.78 2.76724e-08 
1201.79 2.62729e-08 
1201.8 2.49314e-08 
1201.81 2.36464e-08 
1201.82 2.24163e-08 
1201.83 2.12393e-08 
1201.84 2.01139e-08 
1201.85 1.90385e-08 
1201.86 1.80113e-08 
1201.87 1.7031e-08 
1201.88 1.60958e-08 
1201.89 1.52042e-08 
1201.9 1.43547e-08 
1201.91 1.35457e-08 
1201.92 1.27759e-08 
1201.93 1.20436e-08 
1201.94 1.13476e-08 
1201.95 1.06863e-08 
1201.96 1.00585e-08 
1201.97 9.46268e-09 
1201.98 8.8908e-09 
1201.99 8.35562e-09 
1202 7.84865e-09 
1202.01 7.3687e-09 
1202.02 6.91457e-09 
1202.03 6.48513e-09 
1202.04 6.07926e-09 
1202.05 5.69589e-09 
1202.06 5.33398e-09 
1202.07 4.99253e-09 
1202.08 4.67055e-09 
1202.09 4.36711e-09 
1202.1 4.08131e-09 
1202.11 3.81227e-09 
1202.12 3.55915e-09 
1202.13 3.32115e-09 
1202.13 3.09748e-09 
1202.14 2.88741e-09 
1202.15 2.69021e-09 
1202.16 2.5052e-09 
1202.17 2.33173e-09 
1202.18 2.16917e-09 
1202.19 2.01691e-09 
1202.2 1.87438e-09 
1202.21 1.74104e-09 
1202.22 1.61491e-09 
1202.23 1.49844e-09 
1202.24 1.38971e-09 
1202.25 1.28821e-09 
1202.26 1.19352e-09 
1202.27 1.10522e-09 
1202.28 1.02294e-09 
1202.29 9.46296e-10 
1202.3 8.74951e-10 
1202.31 8.08573e-10 
1202.32 7.46851e-10 
1202.33 6.89489e-10 
1202.34 6.36208e-10 
1202.35 5.86745e-10 
1202.36 5.40853e-10 
1202.37 4.98296e-10 
1202.38 4.58854e-10 
1202.39 4.22318e-10 
1202.4 3.88494e-10 
1202.41 3.57197e-10 
1202.42 3.28254e-10 
1202.43 3.01502e-10 
1202.44 2.76789e-10 
1202.45 2.53973e-10 
1202.46 2.32919e-10 
1202.47 2.13501e-10 
1202.48 1.95388e-10 
1202.49 1.78915e-10 
1202.5 1.63748e-10 
1202.51 1.49791e-10 
1202.52 1.36953e-10 
1202.53 1.25152e-10 
1202.54 1.14309e-10 
1202.55 1.04353e-10 
1202.56 9.52147e-11 
1202.56 8.68329e-11 
1202.57 7.91486e-11 
1202.58 7.21075e-11 
1202.59 6.56594e-11 
1202.6 5.97574e-11 
1202.61 5.43919e-11 
1202.62 4.94523e-11 
1202.63 4.49384e-11 
1202.64 4.08157e-11 
1202.65 3.70524e-11 
1202.66 3.36189e-11 
1202.67 3.0488e-11 
1202.68 2.76347e-11 
1202.69 2.50356e-11 
1202.7 2.26694e-11 
1202.71 2.05164e-11 
1202.72 1.85584e-11 
1202.73 1.67575e-11 
1202.74 1.51427e-11 
1202.75 1.36766e-11 
1202.76 1.23461e-11 
1202.77 1.11393e-11 
1202.78 1.00454e-11 
1202.79 9.05434e-12 
1202.8 8.15686e-12 
1202.81 7.3446e-12 
1202.82 6.60986e-12 
1202.83 5.94559e-12 
1202.84 5.34536e-12 
1202.85 4.80327e-12 
1202.86 4.31396e-12 
1202.87 3.87251e-12 
1202.88 3.47448e-12 
1202.89 3.11576e-12 
1202.9 2.79266e-12 
1202.91 2.50179e-12 
1202.92 2.24007e-12 
1202.93 2.00471e-12 
1202.94 1.79316e-12 
1202.95 1.60312e-12 
1202.96 1.4325e-12 
1202.97 1.27938e-12 
1202.98 1.14204e-12 
1202.98 1.01747e-12 
1202.99 9.0732e-13 
1203 8.08682e-13 
1203.01 7.20399e-13 
1203.02 6.41427e-13 
1203.03 5.70821e-13 
1203.04 5.07729e-13 
1203.05 4.51379e-13 
1203.06 4.0108e-13 
1203.07 3.56204e-13 
1203.08 3.16188e-13 
1203.09 2.80524e-13 
1203.1 2.48756e-13 
1203.11 2.20474e-13 
1203.12 1.95307e-13 
1203.13 1.72925e-13 
1203.14 1.5303e-13 
1203.15 1.35355e-13 
1203.16 1.1966e-13 
1203.17 1.05732e-13 
1203.18 9.33766e-14 
1203.19 8.24233e-14 
1203.2 7.27179e-14 
1203.21 6.41226e-14 
1203.22 5.65144e-14 
1203.23 4.97046e-14 
1203.24 4.37622e-14 
1203.25 3.85107e-14 
1203.26 3.38721e-14 
1203.27 2.9777e-14 
1203.28 2.61637e-14 
1203.29 2.29771e-14 
1203.3 2.01683e-14 
1203.31 1.76939e-14 
1203.32 1.55152e-14 
1203.33 1.35978e-14 
1203.34 1.19113e-14 
1203.35 1.04286e-14 
1203.36 9.12587e-15 
1203.37 7.98179e-15 
1203.38 6.97759e-15 
1203.39 6.09661e-15 
1203.4 5.32416e-15 
1203.41 4.64721e-15 
1203.41 4.05426e-15 
1203.42 3.53517e-15 
1203.43 3.08097e-15 
1203.44 2.68376e-15 
1203.45 2.33656e-15 
1203.46 2.03325e-15 
1203.47 1.76841e-15 
1203.48 1.53459e-15 
1203.49 1.33333e-15 
1203.5 1.15788e-15 
1203.51 1.005e-15 
1203.52 8.71867e-16 
1203.53 7.55982e-16 
1203.54 6.55166e-16 
1203.55 5.67506e-16 
1203.56 4.91324e-16 
1203.57 4.25152e-16 
1203.58 3.67704e-16 
1203.59 3.17857e-16 
1203.6 2.74628e-16 
1203.61 2.37304e-16 
1203.62 2.04821e-16 
1203.63 1.76694e-16 
1203.64 1.52352e-16 
1203.65 1.31297e-16 
1203.66 1.13094e-16 
1203.67 9.7365e-17 
1203.68 8.37809e-17 
1203.69 7.20552e-17 
1203.7 6.19391e-17 
1203.71 5.32161e-17 
1203.72 4.56983e-17 
1203.73 3.91475e-17 
1203.74 3.35827e-17 
1203.75 2.87943e-17 
1203.76 2.4676e-17 
1203.77 2.1136e-17 
1203.78 1.80946e-17 
1203.79 1.54829e-17 
1203.8 1.32415e-17 
1203.81 1.13188e-17 
1203.82 9.67031e-18 
1203.83 8.25772e-18 
1203.83 7.04788e-18 
1203.84 6.01223e-18 
1203.85 5.12615e-18 
1203.86 4.36844e-18 
1203.87 3.72083e-18 
1203.88 3.16761e-18 
1203.89 2.69527e-18 
1203.9 2.2922e-18 
1203.91 1.94841e-18 
1203.92 1.65534e-18 
1203.93 1.40563e-18 
1203.94 1.19299e-18 
1203.95 1.012e-18 
1203.96 8.58026e-19 
1203.97 7.27111e-19 
1203.98 6.14578e-19 
1203.99 5.20274e-19 
1204 4.40216e-19 
1204.01 3.72287e-19 
1204.02 3.1468e-19 
1204.03 2.65851e-19 
1204.04 2.24485e-19 
1204.05 1.89459e-19 
1204.06 1.59816e-19 
1204.07 1.34743e-19 
1204.08 1.13545e-19 
1204.09 9.56335e-20 
1204.1 8.05065e-20 
1204.11 6.77377e-20 
1204.12 5.6965e-20 
1204.13 4.78812e-20 
1204.14 4.02254e-20 
1204.15 3.37765e-20 
1204.16 2.8347e-20 
1204.17 2.37782e-20 
1204.18 1.99356e-20 
1204.19 1.67055e-20 
1204.2 1.39916e-20 
1204.21 1.17126e-20 
1204.22 9.79982e-21 
1204.23 8.17692e-21 
1204.24 6.83455e-21 
1204.25 5.70963e-21 
1204.26 4.76744e-21 
1204.26 3.9787e-21 
1204.27 3.31876e-21 
1204.28 2.76687e-21 
1204.29 2.30558e-21 
1204.3 1.92022e-21 
1204.31 1.59846e-21 
1204.32 1.32993e-21 
1204.33 1.10595e-21 
1204.34 9.19224e-22 
1204.35 7.63635e-22 
1204.36 6.34058e-22 
1204.37 5.26199e-22 
1204.38 4.36466e-22 
1204.39 3.61851e-22 
1204.4 2.99839e-22 
1204.41 2.48327e-22 
1204.42 2.0556e-22 
1204.43 1.70072e-22 
1204.44 1.40639e-22 
1204.45 1.1624e-22 
1204.46 9.60255e-23 
1204.47 7.92858e-23 
1204.48 6.52737e-23 
1204.49 5.38396e-23 
1204.5 4.43858e-23 
1204.51 3.65733e-23 
1204.52 3.01206e-23 
1204.53 2.47937e-23 
1204.54 2.03985e-23 
1204.55 1.67739e-23 
1204.56 1.37863e-23 
1204.57 1.13251e-23 
1204.58 9.2985e-24 
1204.59 7.63069e-24 
1204.6 6.25882e-24 
1204.61 5.13098e-24 
1204.62 4.20683e-24 
1204.63 3.44524e-24 
1204.64 2.8201e-24 
1204.65 2.30721e-24 
1204.66 1.88663e-24 
1204.67 1.54194e-24 
1204.68 1.25958e-24 
1204.68 1.0284e-24 
1204.69 8.39227e-25 
1204.7 6.84501e-25 
1204.71 5.58018e-25 
1204.72 4.5351e-25 
1204.73 3.6933e-25 
1204.74 3.00623e-25 
1204.75 2.44572e-25 
1204.76 1.98871e-25 
1204.77 1.61627e-25 
1204.78 1.31291e-25 
1204.79 1.06595e-25 
1204.8 8.64999e-26 
1204.81 7.01573e-26 
1204.82 5.68734e-26 
1204.83 4.60813e-26 
1204.84 3.7318e-26 
1204.85 3.02059e-26 
1204.86 2.44367e-26 
1204.87 1.97593e-26 
1204.88 1.59691e-26 
1204.89 1.28994e-26 
1204.9 1.04144e-26 
1204.91 8.40387e-27 
1204.92 6.77802e-27 
1204.93 5.46393e-27 
1204.94 4.40236e-27 
1204.95 3.54524e-27 
1204.96 2.85354e-27 
1204.97 2.29562e-27 
1204.98 1.84082e-27 
1204.99 1.47939e-27 
1205 1.18832e-27 
1205.01 9.5403e-28 
1205.02 7.65543e-28 
1205.03 6.13983e-28 
1205.04 4.92177e-28 
1205.05 3.94335e-28 
1205.06 3.15782e-28 
1205.07 2.52749e-28 
1205.08 2.02194e-28 
1205.09 1.61669e-28 
1205.1 1.29201e-28 
1205.11 1.032e-28 
1205.11 8.23902e-29 
1205.12 6.5743e-29 
1205.13 5.24326e-29 
1205.14 4.17958e-29 
1205.15 3.32998e-29 
1205.16 2.65174e-29 
1205.17 2.11056e-29 
1205.18 1.67897e-29 
1205.19 1.33496e-29 
1205.2 1.06089e-29 
1205.21 8.42659e-30 
1205.22 6.67254e-30 
1205.23 5.29291e-30 
1205.24 4.19768e-30 
1205.25 3.32739e-30 
1205.26 2.63619e-30 
1205.27 2.0875e-30 
1205.28 1.65218e-30 
1205.29 1.30697e-30 
1205.3 1.03336e-30 
1205.31 8.16619e-31 
1205.32 6.45006e-31 
1205.33 5.09199e-31 
1205.34 4.01781e-31 
1205.35 3.16862e-31 
1205.36 2.49764e-31 
1205.37 1.96774e-31 
1205.38 1.54948e-31 
1205.39 1.2195e-31 
1205.4 9.59302e-32 
1205.41 7.54238e-32 
1205.42 5.92707e-32 
1205.43 4.65533e-32 
1205.44 3.6546e-32 
1205.45 2.86753e-32 
1205.46 2.24882e-32 
1205.47 1.76271e-32 
1205.48 1.37723e-32 
1205.49 1.07805e-32 
1205.5 8.43715e-33 
1205.51 6.59984e-33 
1205.52 5.16e-33 
1205.53 4.03222e-33 
1205.54 3.14933e-33 
1205.54 2.4585e-33 
1205.55 1.91823e-33 
1205.56 1.49593e-33 
1205.57 1.166e-33 
1205.58 9.08375e-34 
1205.59 7.07312e-34 
1205.6 5.50472e-34 
1205.61 4.28456e-34 
1205.62 3.3311e-34 
1205.63 2.5885e-34 
1205.64 2.01043e-34 
1205.65 1.56065e-34 
1205.66 1.21088e-34 
1205.67 9.39026e-35 
1205.68 7.27833e-35 
1205.69 5.63851e-35 
1205.7 4.36592e-35 
1205.71 3.37883e-35 
1205.72 2.61357e-35 
1205.73 2.01411e-35 
1205.74 1.55635e-35 
1205.75 1.20201e-35 
1205.76 9.27877e-36 
1205.77 7.15896e-36 
1205.78 5.52062e-36 
1205.79 4.25506e-36 
1205.8 3.27794e-36 
1205.81 2.52392e-36 
1205.82 1.94235e-36 
1205.83 1.49403e-36 
1205.84 1.1486e-36 
1205.85 8.82591e-37 
1205.86 6.77841e-37 
1205.87 5.20324e-37 
1205.88 3.99208e-37 
1205.89 3.06128e-37 
1205.9 2.34631e-37 
1205.91 1.79741e-37 
1205.92 1.37622e-37 
1205.93 1.05319e-37 
1205.94 8.05571e-38 
1205.95 6.15857e-38 
1205.96 4.70582e-38 
1205.96 3.59392e-38 
1205.97 2.74335e-38 
1205.98 2.08594e-38 
1205.99 1.59063e-38 
1206 1.21231e-38 
1206.01 9.23504e-39 
1206.02 7.0314e-39 
1206.03 5.35086e-39 
1206.04 4.0699e-39 
1206.05 3.09402e-39 
1206.06 2.35094e-39 
1206.07 1.78541e-39 
1206.08 1.35523e-39 
1206.09 1.02817e-39 
1206.1 7.7965e-40 
1206.11 5.90897e-40 
1206.12 4.47611e-40 
1206.13 3.38898e-40 
1206.14 2.56459e-40 
1206.15 1.93973e-40 
1206.16 1.46639e-40 
1206.17 1.10798e-40 
1206.18 8.36757e-41 
1206.19 6.31579e-41 
1206.2 4.76498e-41 
1206.21 3.59293e-41 
1206.22 2.70787e-41 
1206.23 2.03258e-41 
1206.24 1.53036e-41 
1206.25 1.15145e-41 
1206.26 8.66002e-42 
1206.27 6.51183e-42 
1206.28 4.89053e-42 
1206.29 3.6742e-42 
1206.3 2.75776e-42 
1206.31 2.06972e-42 
1206.32 1.55124e-42 
1206.33 1.16308e-42 
1206.34 8.70206e-43 
1206.35 6.51604e-43 
1206.36 4.87652e-43 
1206.37 3.64338e-43 
1206.38 2.71852e-43 
1206.39 2.03188e-43 
1206.39 1.52742e-43 
1206.4 1.13505e-43 
1206.41 8.40779e-44 
1206.42 6.30584e-44 
1206.43 4.62428e-44 
1206.44 3.50325e-44 
1206.45 2.52234e-44 
1206.46 1.82169e-44 
1206.47 1.4013e-44 
1206.48 1.12104e-44 
1206.49 8.40779e-45 
1206.5 5.60519e-45 
1206.51 4.2039e-45 
1206.52 2.8026e-45 
1206.53 2.8026e-45 
1206.54 2.8026e-45 
1206.55 1.4013e-45 
1206.56 1.4013e-45 
1206.57 1.4013e-45 
1206.58 0 
1206.59 0 
1206.6 0 
