#energy geo_1 
1186.6 8.88044e-07 
1186.61 8.87508e-07 
1186.62 8.86974e-07 
1186.63 8.86436e-07 
1186.64 8.85902e-07 
1186.65 8.85366e-07 
1186.66 8.84831e-07 
1186.67 8.84296e-07 
1186.68 8.83762e-07 
1186.69 8.83228e-07 
1186.7 8.82694e-07 
1186.71 8.8216e-07 
1186.72 8.81627e-07 
1186.73 8.81094e-07 
1186.74 8.8056e-07 
1186.75 8.80028e-07 
1186.76 8.79495e-07 
1186.77 8.78962e-07 
1186.78 8.78431e-07 
1186.79 8.77899e-07 
1186.8 8.77366e-07 
1186.81 8.76836e-07 
1186.81 8.76303e-07 
1186.82 8.75773e-07 
1186.83 8.75242e-07 
1186.84 8.74713e-07 
1186.85 8.74182e-07 
1186.86 8.73652e-07 
1186.87 8.73122e-07 
1186.88 8.72591e-07 
1186.89 8.72063e-07 
1186.9 8.71533e-07 
1186.91 8.71005e-07 
1186.92 8.70476e-07 
1186.93 8.69947e-07 
1186.94 8.6942e-07 
1186.95 8.68891e-07 
1186.96 8.68365e-07 
1186.97 8.67836e-07 
1186.98 8.67309e-07 
1186.99 8.66782e-07 
1187 8.66255e-07 
1187.01 8.65729e-07 
1187.02 8.65202e-07 
1187.03 8.64677e-07 
1187.04 8.6415e-07 
1187.05 8.63624e-07 
1187.06 8.631e-07 
1187.07 8.62574e-07 
1187.08 8.62049e-07 
1187.09 8.61524e-07 
1187.1 8.61001e-07 
1187.11 8.60477e-07 
1187.12 8.59953e-07 
1187.13 8.59429e-07 
1187.14 8.58905e-07 
1187.15 8.58381e-07 
1187.16 8.57859e-07 
1187.17 8.57336e-07 
1187.18 8.56813e-07 
1187.19 8.5629e-07 
1187.2 8.5577e-07 
1187.21 8.55246e-07 
1187.22 8.54726e-07 
1187.23 8.54204e-07 
1187.24 8.53683e-07 
1187.24 8.53162e-07 
1187.25 8.52642e-07 
1187.26 8.52121e-07 
1187.27 8.51601e-07 
1187.28 8.51081e-07 
1187.29 8.50561e-07 
1187.3 8.50041e-07 
1187.31 8.49523e-07 
1187.32 8.49003e-07 
1187.33 8.48484e-07 
1187.34 8.47966e-07 
1187.35 8.47448e-07 
1187.36 8.46929e-07 
1187.37 8.46411e-07 
1187.38 8.45894e-07 
1187.39 8.45377e-07 
1187.4 8.4486e-07 
1187.41 8.44342e-07 
1187.42 8.43827e-07 
1187.43 8.43309e-07 
1187.44 8.42794e-07 
1187.45 8.42278e-07 
1187.46 8.41762e-07 
1187.47 8.41246e-07 
1187.48 8.40731e-07 
1187.49 8.40216e-07 
1187.5 8.39702e-07 
1187.51 8.39186e-07 
1187.52 8.38673e-07 
1187.53 8.3816e-07 
1187.54 8.37645e-07 
1187.55 8.37131e-07 
1187.56 8.36618e-07 
1187.57 8.36105e-07 
1187.58 8.35592e-07 
1187.59 8.3508e-07 
1187.6 8.34567e-07 
1187.61 8.34575e-07 
1187.62 8.34062e-07 
1187.63 8.3355e-07 
1187.64 8.33039e-07 
1187.65 8.32528e-07 
1187.66 8.32016e-07 
1187.66 8.31505e-07 
1187.67 8.30994e-07 
1187.68 8.30484e-07 
1187.69 8.29973e-07 
1187.7 8.29464e-07 
1187.71 8.28953e-07 
1187.72 8.28445e-07 
1187.73 8.27934e-07 
1187.74 8.27425e-07 
1187.75 8.26917e-07 
1187.76 8.26409e-07 
1187.77 8.259e-07 
1187.78 8.25392e-07 
1187.79 8.24884e-07 
1187.8 8.24376e-07 
1187.81 8.23869e-07 
1187.82 8.23361e-07 
1187.83 8.22855e-07 
1187.84 8.22348e-07 
1187.85 8.21841e-07 
1187.86 8.21336e-07 
1187.87 8.20831e-07 
1187.88 8.20323e-07 
1187.89 8.19818e-07 
1187.9 8.19313e-07 
1187.91 8.18808e-07 
1187.92 8.18303e-07 
1187.93 8.17799e-07 
1187.94 8.17294e-07 
1187.95 8.16791e-07 
1187.96 8.16287e-07 
1187.97 8.15783e-07 
1187.98 8.1528e-07 
1187.99 8.14776e-07 
1188 8.14274e-07 
1188.01 8.13771e-07 
1188.02 8.13268e-07 
1188.03 8.12767e-07 
1188.04 8.12265e-07 
1188.05 8.11763e-07 
1188.06 8.11262e-07 
1188.07 8.10762e-07 
1188.08 8.1026e-07 
1188.09 8.09759e-07 
1188.09 8.09259e-07 
1188.1 8.08759e-07 
1188.11 8.08259e-07 
1188.12 8.07759e-07 
1188.13 8.07259e-07 
1188.14 8.06761e-07 
1188.15 8.06262e-07 
1188.16 8.05763e-07 
1188.17 8.05265e-07 
1188.18 8.04767e-07 
1188.19 8.04269e-07 
1188.2 8.0377e-07 
1188.21 8.03273e-07 
1188.22 8.02776e-07 
1188.23 8.02279e-07 
1188.24 8.01782e-07 
1188.25 8.01285e-07 
1188.26 8.00789e-07 
1188.27 8.00294e-07 
1188.28 7.99797e-07 
1188.29 7.99302e-07 
1188.3 7.98807e-07 
1188.31 7.98311e-07 
1188.32 7.97816e-07 
1188.33 7.97322e-07 
1188.34 7.96827e-07 
1188.35 7.96333e-07 
1188.36 7.95839e-07 
1188.37 7.95346e-07 
1188.38 7.94853e-07 
1188.39 7.9436e-07 
1188.4 7.93867e-07 
1188.41 7.93375e-07 
1188.42 7.92881e-07 
1188.43 7.9239e-07 
1188.44 7.91897e-07 
1188.45 7.91406e-07 
1188.46 7.90915e-07 
1188.47 7.90423e-07 
1188.48 7.89932e-07 
1188.49 7.89442e-07 
1188.5 7.88951e-07 
1188.51 7.88461e-07 
1188.52 7.87972e-07 
1188.52 7.87482e-07 
1188.53 7.86992e-07 
1188.54 7.86502e-07 
1188.55 7.86014e-07 
1188.56 7.85525e-07 
1188.57 7.85036e-07 
1188.58 7.84549e-07 
1188.59 7.8406e-07 
1188.6 7.84061e-07 
1188.61 7.83573e-07 
1188.62 7.83084e-07 
1188.63 7.82597e-07 
1188.64 7.82111e-07 
1188.65 7.81623e-07 
1188.66 7.81137e-07 
1188.67 7.8065e-07 
1188.68 7.80164e-07 
1188.69 7.79679e-07 
1188.7 7.79192e-07 
1188.71 7.78707e-07 
1188.72 7.78223e-07 
1188.73 7.77737e-07 
1188.74 7.77253e-07 
1188.75 7.76768e-07 
1188.76 7.76284e-07 
1188.77 7.75801e-07 
1188.78 7.75317e-07 
1188.79 7.74834e-07 
1188.8 7.7435e-07 
1188.81 7.73867e-07 
1188.82 7.73384e-07 
1188.83 7.72902e-07 
1188.84 7.7242e-07 
1188.85 7.71937e-07 
1188.86 7.71456e-07 
1188.87 7.70975e-07 
1188.88 7.70493e-07 
1188.89 7.70012e-07 
1188.9 7.69531e-07 
1188.91 7.69051e-07 
1188.92 7.68571e-07 
1188.93 7.68091e-07 
1188.94 7.6761e-07 
1188.94 7.67131e-07 
1188.95 7.66652e-07 
1188.96 7.66173e-07 
1188.97 7.65694e-07 
1188.98 7.65215e-07 
1188.99 7.64737e-07 
1189 7.64259e-07 
1189.01 7.63781e-07 
1189.02 7.63303e-07 
1189.03 7.62826e-07 
1189.04 7.62349e-07 
1189.05 7.61872e-07 
1189.06 7.61396e-07 
1189.07 7.60919e-07 
1189.08 7.60443e-07 
1189.09 7.59966e-07 
1189.1 7.59491e-07 
1189.11 7.59016e-07 
1189.12 7.58541e-07 
1189.13 7.58066e-07 
1189.14 7.57591e-07 
1189.15 7.57117e-07 
1189.16 7.56643e-07 
1189.17 7.56168e-07 
1189.18 7.55695e-07 
1189.19 7.55221e-07 
1189.2 7.54748e-07 
1189.21 7.54274e-07 
1189.22 7.53802e-07 
1189.23 7.53329e-07 
1189.24 7.52857e-07 
1189.25 7.52385e-07 
1189.26 7.51913e-07 
1189.27 7.51442e-07 
1189.28 7.50969e-07 
1189.29 7.50498e-07 
1189.3 7.50028e-07 
1189.31 7.49557e-07 
1189.32 7.49088e-07 
1189.33 7.48617e-07 
1189.34 7.48147e-07 
1189.35 7.47677e-07 
1189.36 7.47208e-07 
1189.36 7.46739e-07 
1189.37 7.46271e-07 
1189.38 7.45801e-07 
1189.39 7.45332e-07 
1189.4 7.44864e-07 
1189.41 7.44396e-07 
1189.42 7.43929e-07 
1189.43 7.43461e-07 
1189.44 7.42994e-07 
1189.45 7.42527e-07 
1189.46 7.4206e-07 
1189.47 7.41593e-07 
1189.48 7.41127e-07 
1189.49 7.40661e-07 
1189.5 7.40195e-07 
1189.51 7.39729e-07 
1189.52 7.39264e-07 
1189.53 7.38799e-07 
1189.54 7.38334e-07 
1189.55 7.3787e-07 
1189.56 7.37405e-07 
1189.57 7.36941e-07 
1189.58 7.36477e-07 
1189.59 7.36013e-07 
1189.6 7.35549e-07 
1189.61 7.35544e-07 
1189.62 7.3508e-07 
1189.63 7.34617e-07 
1189.64 7.34154e-07 
1189.65 7.33692e-07 
1189.66 7.33229e-07 
1189.67 7.32767e-07 
1189.68 7.32305e-07 
1189.69 7.31843e-07 
1189.7 7.31382e-07 
1189.71 7.30921e-07 
1189.72 7.30459e-07 
1189.73 7.29999e-07 
1189.74 7.29538e-07 
1189.75 7.29078e-07 
1189.76 7.28618e-07 
1189.77 7.28158e-07 
1189.78 7.27698e-07 
1189.79 7.27239e-07 
1189.79 7.2678e-07 
1189.8 7.26321e-07 
1189.81 7.25862e-07 
1189.82 7.25404e-07 
1189.83 7.24945e-07 
1189.84 7.24488e-07 
1189.85 7.2403e-07 
1189.86 7.23573e-07 
1189.87 7.23115e-07 
1189.88 7.22658e-07 
1189.89 7.22201e-07 
1189.9 7.21745e-07 
1189.91 7.21288e-07 
1189.92 7.20832e-07 
1189.93 7.20376e-07 
1189.94 7.1992e-07 
1189.95 7.19464e-07 
1189.96 7.19009e-07 
1189.97 7.18554e-07 
1189.98 7.181e-07 
1189.99 7.17645e-07 
1190 7.1719e-07 
1190.01 7.16736e-07 
1190.02 7.16282e-07 
1190.03 7.15829e-07 
1190.04 7.15375e-07 
1190.05 7.14922e-07 
1190.06 7.14468e-07 
1190.07 7.14016e-07 
1190.08 7.13563e-07 
1190.09 7.1311e-07 
1190.1 7.12659e-07 
1190.11 7.12207e-07 
1190.12 7.11755e-07 
1190.13 7.11303e-07 
1190.14 7.10852e-07 
1190.15 7.10401e-07 
1190.16 7.0995e-07 
1190.17 7.09499e-07 
1190.18 7.09048e-07 
1190.19 7.08598e-07 
1190.2 7.08149e-07 
1190.21 7.07699e-07 
1190.21 7.0725e-07 
1190.22 7.068e-07 
1190.23 7.06351e-07 
1190.24 7.05902e-07 
1190.25 7.05453e-07 
1190.26 7.05005e-07 
1190.27 7.04556e-07 
1190.28 7.04108e-07 
1190.29 7.0366e-07 
1190.3 7.03213e-07 
1190.31 7.02766e-07 
1190.32 7.02318e-07 
1190.33 7.01871e-07 
1190.34 7.01424e-07 
1190.35 7.00978e-07 
1190.36 7.00531e-07 
1190.37 7.00085e-07 
1190.38 6.99639e-07 
1190.39 6.99194e-07 
1190.4 6.98748e-07 
1190.41 6.98302e-07 
1190.42 6.97857e-07 
1190.43 6.97412e-07 
1190.44 6.96968e-07 
1190.45 6.96523e-07 
1190.46 6.96079e-07 
1190.47 6.95635e-07 
1190.48 6.9519e-07 
1190.49 6.94746e-07 
1190.5 6.94303e-07 
1190.51 6.9386e-07 
1190.52 6.93416e-07 
1190.53 6.92973e-07 
1190.54 6.92531e-07 
1190.55 6.92088e-07 
1190.56 6.91646e-07 
1190.57 6.91204e-07 
1190.58 6.90762e-07 
1190.59 6.9032e-07 
1190.6 6.89879e-07 
1190.61 6.89866e-07 
1190.62 6.89425e-07 
1190.63 6.88983e-07 
1190.64 6.88542e-07 
1190.64 6.88101e-07 
1190.65 6.8766e-07 
1190.66 6.8722e-07 
1190.67 6.8678e-07 
1190.68 6.86339e-07 
1190.69 6.859e-07 
1190.7 6.8546e-07 
1190.71 6.8502e-07 
1190.72 6.84581e-07 
1190.73 6.84142e-07 
1190.74 6.83703e-07 
1190.75 6.83264e-07 
1190.76 6.82825e-07 
1190.77 6.82387e-07 
1190.78 6.81949e-07 
1190.79 6.81511e-07 
1190.8 6.81073e-07 
1190.81 6.80636e-07 
1190.82 6.80198e-07 
1190.83 6.79761e-07 
1190.84 6.79323e-07 
1190.85 6.78886e-07 
1190.86 6.7845e-07 
1190.87 6.78013e-07 
1190.88 6.77576e-07 
1190.89 6.7714e-07 
1190.9 6.76704e-07 
1190.91 6.76268e-07 
1190.92 6.75832e-07 
1190.93 6.75397e-07 
1190.94 6.74961e-07 
1190.95 6.74526e-07 
1190.96 6.7409e-07 
1190.97 6.73656e-07 
1190.98 6.73221e-07 
1190.99 6.72786e-07 
1191 6.72352e-07 
1191.01 6.71917e-07 
1191.02 6.71483e-07 
1191.03 6.71049e-07 
1191.04 6.70615e-07 
1191.05 6.70181e-07 
1191.06 6.69748e-07 
1191.07 6.69315e-07 
1191.07 6.68882e-07 
1191.08 6.68448e-07 
1191.09 6.68016e-07 
1191.1 6.67583e-07 
1191.11 6.67151e-07 
1191.12 6.66719e-07 
1191.13 6.66286e-07 
1191.14 6.65854e-07 
1191.15 6.65421e-07 
1191.16 6.6499e-07 
1191.17 6.64559e-07 
1191.18 6.64128e-07 
1191.19 6.63695e-07 
1191.2 6.63265e-07 
1191.21 6.62834e-07 
1191.22 6.62402e-07 
1191.23 6.61972e-07 
1191.24 6.61542e-07 
1191.25 6.6111e-07 
1191.26 6.6068e-07 
1191.27 6.6025e-07 
1191.28 6.5982e-07 
1191.29 6.5939e-07 
1191.3 6.5896e-07 
1191.31 6.58531e-07 
1191.32 6.58101e-07 
1191.33 6.57672e-07 
1191.34 6.57243e-07 
1191.35 6.56814e-07 
1191.36 6.56384e-07 
1191.37 6.55955e-07 
1191.38 6.55527e-07 
1191.39 6.55098e-07 
1191.4 6.5467e-07 
1191.41 6.54242e-07 
1191.42 6.53813e-07 
1191.43 6.53385e-07 
1191.44 6.52956e-07 
1191.45 6.52529e-07 
1191.46 6.52101e-07 
1191.47 6.51673e-07 
1191.48 6.51246e-07 
1191.49 6.50818e-07 
1191.49 6.50391e-07 
1191.5 6.49964e-07 
1191.51 6.49537e-07 
1191.52 6.4911e-07 
1191.53 6.48682e-07 
1191.54 6.48256e-07 
1191.55 6.47829e-07 
1191.56 6.47403e-07 
1191.57 6.46976e-07 
1191.58 6.4655e-07 
1191.59 6.46123e-07 
1191.6 6.46098e-07 
1191.61 6.45671e-07 
1191.62 6.45246e-07 
1191.63 6.44819e-07 
1191.64 6.44393e-07 
1191.65 6.43968e-07 
1191.66 6.43542e-07 
1191.67 6.43116e-07 
1191.68 6.4269e-07 
1191.69 6.42264e-07 
1191.7 6.41839e-07 
1191.71 6.41413e-07 
1191.72 6.40988e-07 
1191.73 6.40562e-07 
1191.74 6.40138e-07 
1191.75 6.39713e-07 
1191.76 6.39287e-07 
1191.77 6.38862e-07 
1191.78 6.38437e-07 
1191.79 6.38012e-07 
1191.8 6.37588e-07 
1191.81 6.37162e-07 
1191.82 6.36738e-07 
1191.83 6.36314e-07 
1191.84 6.35888e-07 
1191.85 6.35464e-07 
1191.86 6.3504e-07 
1191.87 6.34616e-07 
1191.88 6.34191e-07 
1191.89 6.33767e-07 
1191.9 6.33343e-07 
1191.91 6.32919e-07 
1191.92 6.32495e-07 
1191.92 6.3207e-07 
1191.93 6.31647e-07 
1191.94 6.31223e-07 
1191.95 6.30799e-07 
1191.96 6.30375e-07 
1191.97 6.29951e-07 
1191.98 6.29527e-07 
1191.99 6.29104e-07 
1192 6.2868e-07 
1192.01 6.28256e-07 
1192.02 6.27833e-07 
1192.03 6.27409e-07 
1192.04 6.26985e-07 
1192.05 6.26562e-07 
1192.06 6.26138e-07 
1192.07 6.25715e-07 
1192.08 6.25291e-07 
1192.09 6.24868e-07 
1192.1 6.24445e-07 
1192.11 6.2402e-07 
1192.12 6.23597e-07 
1192.13 6.23174e-07 
1192.14 6.2275e-07 
1192.15 6.22328e-07 
1192.16 6.21904e-07 
1192.17 6.21481e-07 
1192.18 6.21058e-07 
1192.19 6.20634e-07 
1192.2 6.20211e-07 
1192.21 6.19787e-07 
1192.22 6.19364e-07 
1192.23 6.18941e-07 
1192.24 6.18517e-07 
1192.25 6.18094e-07 
1192.26 6.1767e-07 
1192.27 6.17247e-07 
1192.28 6.16824e-07 
1192.29 6.164e-07 
1192.3 6.15977e-07 
1192.31 6.15553e-07 
1192.32 6.1513e-07 
1192.33 6.14706e-07 
1192.34 6.14283e-07 
1192.34 6.13859e-07 
1192.35 6.13436e-07 
1192.36 6.13012e-07 
1192.37 6.12588e-07 
1192.38 6.12165e-07 
1192.39 6.11741e-07 
1192.4 6.11317e-07 
1192.41 6.10894e-07 
1192.42 6.10469e-07 
1192.43 6.10046e-07 
1192.44 6.09621e-07 
1192.45 6.09197e-07 
1192.46 6.08773e-07 
1192.47 6.08349e-07 
1192.48 6.07925e-07 
1192.49 6.07501e-07 
1192.5 6.07077e-07 
1192.51 6.06652e-07 
1192.52 6.06228e-07 
1192.53 6.05803e-07 
1192.54 6.05379e-07 
1192.55 6.04954e-07 
1192.56 6.04529e-07 
1192.57 6.04104e-07 
1192.58 6.03679e-07 
1192.59 6.03255e-07 
1192.6 6.0283e-07 
1192.61 6.02778e-07 
1192.62 6.02353e-07 
1192.63 6.01927e-07 
1192.64 6.01502e-07 
1192.65 6.01076e-07 
1192.66 6.0065e-07 
1192.67 6.00224e-07 
1192.68 5.99798e-07 
1192.69 5.99372e-07 
1192.7 5.98945e-07 
1192.71 5.98519e-07 
1192.72 5.98092e-07 
1192.73 5.97666e-07 
1192.74 5.97239e-07 
1192.75 5.96812e-07 
1192.76 5.96385e-07 
1192.77 5.95958e-07 
1192.77 5.95531e-07 
1192.78 5.95104e-07 
1192.79 5.94676e-07 
1192.8 5.94249e-07 
1192.81 5.9382e-07 
1192.82 5.93392e-07 
1192.83 5.92965e-07 
1192.84 5.92536e-07 
1192.85 5.92108e-07 
1192.86 5.9168e-07 
1192.87 5.91251e-07 
1192.88 5.90822e-07 
1192.89 5.90393e-07 
1192.9 5.89964e-07 
1192.91 5.89535e-07 
1192.92 5.89105e-07 
1192.93 5.88676e-07 
1192.94 5.88246e-07 
1192.95 5.87816e-07 
1192.96 5.87386e-07 
1192.97 5.86956e-07 
1192.98 5.86525e-07 
1192.99 5.86095e-07 
1193 5.85663e-07 
1193.01 5.85233e-07 
1193.02 5.84802e-07 
1193.03 5.8437e-07 
1193.04 5.83938e-07 
1193.05 5.83506e-07 
1193.06 5.83074e-07 
1193.07 5.82642e-07 
1193.08 5.8221e-07 
1193.09 5.81777e-07 
1193.1 5.81344e-07 
1193.11 5.80911e-07 
1193.12 5.80478e-07 
1193.13 5.80044e-07 
1193.14 5.79611e-07 
1193.15 5.79177e-07 
1193.16 5.78743e-07 
1193.17 5.78309e-07 
1193.18 5.77873e-07 
1193.19 5.77438e-07 
1193.19 5.77003e-07 
1193.2 5.76568e-07 
1193.21 5.76132e-07 
1193.22 5.75696e-07 
1193.23 5.7526e-07 
1193.24 5.74824e-07 
1193.25 5.74387e-07 
1193.26 5.7395e-07 
1193.27 5.73513e-07 
1193.28 5.73075e-07 
1193.29 5.72638e-07 
1193.3 5.72199e-07 
1193.31 5.71761e-07 
1193.32 5.71323e-07 
1193.33 5.70884e-07 
1193.34 5.70445e-07 
1193.35 5.70005e-07 
1193.36 5.69566e-07 
1193.37 5.69126e-07 
1193.38 5.68685e-07 
1193.39 5.68244e-07 
1193.4 5.67804e-07 
1193.41 5.67363e-07 
1193.42 5.66921e-07 
1193.43 5.66479e-07 
1193.44 5.66037e-07 
1193.45 5.65595e-07 
1193.46 5.65152e-07 
1193.47 5.64709e-07 
1193.48 5.64266e-07 
1193.49 5.63823e-07 
1193.5 5.63378e-07 
1193.51 5.62934e-07 
1193.52 5.62489e-07 
1193.53 5.62044e-07 
1193.54 5.61599e-07 
1193.55 5.61153e-07 
1193.56 5.60707e-07 
1193.57 5.60261e-07 
1193.58 5.59814e-07 
1193.59 5.59367e-07 
1193.6 5.5892e-07 
1193.61 5.58818e-07 
1193.62 5.58369e-07 
1193.62 5.57921e-07 
1193.63 5.57472e-07 
1193.64 5.57022e-07 
1193.65 5.56572e-07 
1193.66 5.56122e-07 
1193.67 5.55672e-07 
1193.68 5.5522e-07 
1193.69 5.54769e-07 
1193.7 5.54317e-07 
1193.71 5.53865e-07 
1193.72 5.53413e-07 
1193.73 5.5296e-07 
1193.74 5.52507e-07 
1193.75 5.52053e-07 
1193.76 5.51599e-07 
1193.77 5.51145e-07 
1193.78 5.50691e-07 
1193.79 5.50235e-07 
1193.8 5.4978e-07 
1193.81 5.49324e-07 
1193.82 5.48868e-07 
1193.83 5.48411e-07 
1193.84 5.47954e-07 
1193.85 5.47497e-07 
1193.86 5.47039e-07 
1193.87 5.46581e-07 
1193.88 5.46123e-07 
1193.89 5.45664e-07 
1193.9 5.45205e-07 
1193.91 5.44745e-07 
1193.92 5.44285e-07 
1193.93 5.43825e-07 
1193.94 5.43365e-07 
1193.95 5.42904e-07 
1193.96 5.42442e-07 
1193.97 5.41981e-07 
1193.98 5.41519e-07 
1193.99 5.41057e-07 
1194 5.40594e-07 
1194.01 5.40131e-07 
1194.02 5.39668e-07 
1194.03 5.39204e-07 
1194.04 5.3874e-07 
1194.05 5.38276e-07 
1194.05 5.37812e-07 
1194.06 5.37347e-07 
1194.07 5.36883e-07 
1194.08 5.36417e-07 
1194.09 5.35952e-07 
1194.1 5.35486e-07 
1194.11 5.35021e-07 
1194.12 5.34554e-07 
1194.13 5.34088e-07 
1194.14 5.33622e-07 
1194.15 5.33156e-07 
1194.16 5.32689e-07 
1194.17 5.32223e-07 
1194.18 5.31756e-07 
1194.19 5.31289e-07 
1194.2 5.30822e-07 
1194.21 5.30356e-07 
1194.22 5.29888e-07 
1194.23 5.29422e-07 
1194.24 5.28955e-07 
1194.25 5.28488e-07 
1194.26 5.28022e-07 
1194.27 5.27555e-07 
1194.28 5.27089e-07 
1194.29 5.26623e-07 
1194.3 5.26157e-07 
1194.31 5.25692e-07 
1194.32 5.25227e-07 
1194.33 5.24762e-07 
1194.34 5.24298e-07 
1194.35 5.23833e-07 
1194.36 5.23371e-07 
1194.37 5.22907e-07 
1194.38 5.22445e-07 
1194.39 5.21983e-07 
1194.4 5.21522e-07 
1194.41 5.21062e-07 
1194.42 5.20603e-07 
1194.43 5.20144e-07 
1194.44 5.19686e-07 
1194.45 5.1923e-07 
1194.46 5.18774e-07 
1194.47 5.1832e-07 
1194.47 5.17867e-07 
1194.48 5.17415e-07 
1194.49 5.16965e-07 
1194.5 5.16516e-07 
1194.51 5.16068e-07 
1194.52 5.15622e-07 
1194.53 5.15178e-07 
1194.54 5.14736e-07 
1194.55 5.14295e-07 
1194.56 5.13857e-07 
1194.57 5.13421e-07 
1194.58 5.12987e-07 
1194.59 5.12556e-07 
1194.6 5.12127e-07 
1194.61 5.12017e-07 
1194.62 5.11593e-07 
1194.63 5.11172e-07 
1194.64 5.10754e-07 
1194.65 5.10339e-07 
1194.66 5.09927e-07 
1194.67 5.09519e-07 
1194.68 5.09114e-07 
1194.69 5.08713e-07 
1194.7 5.08316e-07 
1194.71 5.07923e-07 
1194.72 5.07534e-07 
1194.73 5.07152e-07 
1194.74 5.06772e-07 
1194.75 5.06397e-07 
1194.76 5.06027e-07 
1194.77 5.05663e-07 
1194.78 5.05303e-07 
1194.79 5.0495e-07 
1194.8 5.04602e-07 
1194.81 5.0426e-07 
1194.82 5.03926e-07 
1194.83 5.03597e-07 
1194.84 5.03275e-07 
1194.85 5.0296e-07 
1194.86 5.02652e-07 
1194.87 5.02352e-07 
1194.88 5.0206e-07 
1194.89 5.01776e-07 
1194.9 5.015e-07 
1194.9 5.01233e-07 
1194.91 5.00975e-07 
1194.92 5.00727e-07 
1194.93 5.00488e-07 
1194.94 5.00259e-07 
1194.95 5.0004e-07 
1194.96 4.99831e-07 
1194.97 4.99634e-07 
1194.98 4.99452e-07 
1194.99 4.99278e-07 
1195 4.99116e-07 
1195.01 4.98967e-07 
1195.02 4.9883e-07 
1195.03 4.98706e-07 
1195.04 4.98596e-07 
1195.05 4.98499e-07 
1195.06 4.98417e-07 
1195.07 4.9835e-07 
1195.08 4.98298e-07 
1195.09 4.98262e-07 
1195.1 4.98242e-07 
1195.11 4.98238e-07 
1195.12 4.98252e-07 
1195.13 4.98282e-07 
1195.14 4.98331e-07 
1195.15 4.98398e-07 
1195.16 4.98484e-07 
1195.17 4.9859e-07 
1195.18 4.98715e-07 
1195.19 4.98861e-07 
1195.2 4.99027e-07 
1195.21 4.99215e-07 
1195.22 4.99425e-07 
1195.23 4.99667e-07 
1195.24 4.99923e-07 
1195.25 5.00202e-07 
1195.26 5.00505e-07 
1195.27 5.00833e-07 
1195.28 5.01186e-07 
1195.29 5.01565e-07 
1195.3 5.0197e-07 
1195.31 5.02401e-07 
1195.32 5.02861e-07 
1195.32 5.03348e-07 
1195.33 5.03864e-07 
1195.34 5.04409e-07 
1195.35 5.04984e-07 
1195.36 5.05589e-07 
1195.37 5.06225e-07 
1195.38 5.06892e-07 
1195.39 5.07592e-07 
1195.4 5.08324e-07 
1195.41 5.0909e-07 
1195.42 5.0989e-07 
1195.43 5.10723e-07 
1195.44 5.11593e-07 
1195.45 5.12497e-07 
1195.46 5.13438e-07 
1195.47 5.14415e-07 
1195.48 5.15451e-07 
1195.49 5.16504e-07 
1195.5 5.17596e-07 
1195.51 5.18727e-07 
1195.52 5.19897e-07 
1195.53 5.21108e-07 
1195.54 5.22359e-07 
1195.55 5.23652e-07 
1195.56 5.24987e-07 
1195.57 5.26364e-07 
1195.58 5.27783e-07 
1195.59 5.29246e-07 
1195.6 5.30752e-07 
1195.61 5.32633e-07 
1195.62 5.3423e-07 
1195.63 5.35872e-07 
1195.64 5.37559e-07 
1195.65 5.39293e-07 
1195.66 5.41073e-07 
1195.67 5.429e-07 
1195.68 5.44775e-07 
1195.69 5.46697e-07 
1195.7 5.48667e-07 
1195.71 5.50685e-07 
1195.72 5.52752e-07 
1195.73 5.54903e-07 
1195.74 5.57068e-07 
1195.75 5.59284e-07 
1195.75 5.61549e-07 
1195.76 5.63863e-07 
1195.77 5.66228e-07 
1195.78 5.68643e-07 
1195.79 5.71109e-07 
1195.8 5.73624e-07 
1195.81 5.76191e-07 
1195.82 5.78808e-07 
1195.83 5.81475e-07 
1195.84 5.84193e-07 
1195.85 5.86962e-07 
1195.86 5.89782e-07 
1195.87 5.92651e-07 
1195.88 5.95571e-07 
1195.89 5.98541e-07 
1195.9 6.01561e-07 
1195.91 6.04631e-07 
1195.92 6.0775e-07 
1195.93 6.10919e-07 
1195.94 6.14136e-07 
1195.95 6.17402e-07 
1195.96 6.20716e-07 
1195.97 6.24078e-07 
1195.98 6.27538e-07 
1195.99 6.30994e-07 
1196 6.34498e-07 
1196.01 6.38046e-07 
1196.02 6.4164e-07 
1196.03 6.45278e-07 
1196.04 6.4896e-07 
1196.05 6.52685e-07 
1196.06 6.56452e-07 
1196.07 6.6026e-07 
1196.08 6.6411e-07 
1196.09 6.67999e-07 
1196.1 6.71927e-07 
1196.11 6.75894e-07 
1196.12 6.79897e-07 
1196.13 6.83936e-07 
1196.14 6.88011e-07 
1196.15 6.92119e-07 
1196.16 6.96259e-07 
1196.17 7.00432e-07 
1196.17 7.04634e-07 
1196.18 7.08866e-07 
1196.19 7.13126e-07 
1196.2 7.17412e-07 
1196.21 7.21724e-07 
1196.22 7.26121e-07 
1196.23 7.30479e-07 
1196.24 7.34858e-07 
1196.25 7.39256e-07 
1196.26 7.43672e-07 
1196.27 7.48105e-07 
1196.28 7.52553e-07 
1196.29 7.57013e-07 
1196.3 7.61486e-07 
1196.31 7.65967e-07 
1196.32 7.70458e-07 
1196.33 7.74954e-07 
1196.34 7.79456e-07 
1196.35 7.8396e-07 
1196.36 7.88466e-07 
1196.37 7.92972e-07 
1196.38 7.97474e-07 
1196.39 8.01973e-07 
1196.4 8.06465e-07 
1196.41 8.10949e-07 
1196.42 8.15424e-07 
1196.43 8.19886e-07 
1196.44 8.24334e-07 
1196.45 8.28767e-07 
1196.46 8.33182e-07 
1196.47 8.37577e-07 
1196.48 8.42014e-07 
1196.49 8.46364e-07 
1196.5 8.50688e-07 
1196.51 8.54984e-07 
1196.52 8.59252e-07 
1196.53 8.63486e-07 
1196.54 8.67688e-07 
1196.55 8.71854e-07 
1196.56 8.75982e-07 
1196.57 8.80072e-07 
1196.58 8.84119e-07 
1196.59 8.88122e-07 
1196.6 8.92081e-07 
1196.6 8.96547e-07 
1196.61 9.00412e-07 
1196.62 9.04225e-07 
1196.63 9.07985e-07 
1196.64 9.1169e-07 
1196.65 9.15338e-07 
1196.66 9.18928e-07 
1196.67 9.22458e-07 
1196.68 9.25924e-07 
1196.69 9.29327e-07 
1196.7 9.32665e-07 
1196.71 9.35935e-07 
1196.72 9.39136e-07 
1196.73 9.42315e-07 
1196.74 9.45372e-07 
1196.75 9.48357e-07 
1196.76 9.51265e-07 
1196.77 9.54097e-07 
1196.78 9.56851e-07 
1196.79 9.59525e-07 
1196.8 9.62119e-07 
1196.81 9.64631e-07 
1196.82 9.67059e-07 
1196.83 9.69402e-07 
1196.84 9.7166e-07 
1196.85 9.73831e-07 
1196.86 9.75914e-07 
1196.87 9.77909e-07 
1196.88 9.79814e-07 
1196.89 9.81628e-07 
1196.9 9.83351e-07 
1196.91 9.84981e-07 
1196.92 9.86518e-07 
1196.93 9.87962e-07 
1196.94 9.89314e-07 
1196.95 9.90568e-07 
1196.96 9.91729e-07 
1196.97 9.92793e-07 
1196.98 9.93781e-07 
1196.99 9.94653e-07 
1197 9.95428e-07 
1197.01 9.96105e-07 
1197.02 9.96687e-07 
1197.03 9.97172e-07 
1197.03 9.9756e-07 
1197.04 9.97851e-07 
1197.05 9.98047e-07 
1197.06 9.98146e-07 
1197.07 9.98149e-07 
1197.08 9.98056e-07 
1197.09 9.97868e-07 
1197.1 9.97586e-07 
1197.11 9.97209e-07 
1197.12 9.9674e-07 
1197.13 9.96177e-07 
1197.14 9.95522e-07 
1197.15 9.94776e-07 
1197.16 9.93941e-07 
1197.17 9.93014e-07 
1197.18 9.92e-07 
1197.19 9.90897e-07 
1197.2 9.89709e-07 
1197.21 9.88435e-07 
1197.22 9.87078e-07 
1197.23 9.85628e-07 
1197.24 9.84106e-07 
1197.25 9.82503e-07 
1197.26 9.80821e-07 
1197.27 9.79063e-07 
1197.28 9.77229e-07 
1197.29 9.75321e-07 
1197.3 9.73341e-07 
1197.31 9.71291e-07 
1197.32 9.69171e-07 
1197.33 9.66985e-07 
1197.34 9.64734e-07 
1197.35 9.62419e-07 
1197.36 9.60043e-07 
1197.37 9.57608e-07 
1197.38 9.55115e-07 
1197.39 9.52567e-07 
1197.4 9.49966e-07 
1197.41 9.47314e-07 
1197.42 9.44613e-07 
1197.43 9.41865e-07 
1197.44 9.39073e-07 
1197.45 9.36239e-07 
1197.45 9.33365e-07 
1197.46 9.30453e-07 
1197.47 9.27507e-07 
1197.48 9.24499e-07 
1197.49 9.21489e-07 
1197.5 9.18452e-07 
1197.51 9.15388e-07 
1197.52 9.12303e-07 
1197.53 9.09197e-07 
1197.54 9.06072e-07 
1197.55 9.02933e-07 
1197.56 8.99782e-07 
1197.57 8.9662e-07 
1197.58 8.93451e-07 
1197.59 8.90277e-07 
1197.6 8.87101e-07 
1197.61 8.84472e-07 
1197.62 8.81298e-07 
1197.63 8.7813e-07 
1197.64 8.74971e-07 
1197.65 8.71823e-07 
1197.66 8.68689e-07 
1197.67 8.65572e-07 
1197.68 8.62474e-07 
1197.69 8.594e-07 
1197.7 8.5635e-07 
1197.71 8.53329e-07 
1197.72 8.50338e-07 
1197.73 8.47352e-07 
1197.74 8.44432e-07 
1197.75 8.4155e-07 
1197.76 8.3871e-07 
1197.77 8.35917e-07 
1197.78 8.33169e-07 
1197.79 8.30473e-07 
1197.8 8.27829e-07 
1197.81 8.25241e-07 
1197.82 8.22713e-07 
1197.83 8.20246e-07 
1197.84 8.17844e-07 
1197.85 8.15509e-07 
1197.86 8.13245e-07 
1197.87 8.11053e-07 
1197.88 8.08938e-07 
1197.88 8.06902e-07 
1197.89 8.04946e-07 
1197.9 8.03076e-07 
1197.91 8.01293e-07 
1197.92 7.99601e-07 
1197.93 7.98e-07 
1197.94 7.96497e-07 
1197.95 7.95092e-07 
1197.96 7.93789e-07 
1197.97 7.9259e-07 
1197.98 7.91495e-07 
1197.99 7.90516e-07 
1198 7.89649e-07 
1198.01 7.88899e-07 
1198.02 7.88268e-07 
1198.03 7.87758e-07 
1198.04 7.87373e-07 
1198.05 7.87115e-07 
1198.06 7.86988e-07 
1198.07 7.86994e-07 
1198.08 7.87136e-07 
1198.09 7.87417e-07 
1198.1 7.87841e-07 
1198.11 7.88409e-07 
1198.12 7.89124e-07 
1198.13 7.8999e-07 
1198.14 7.91009e-07 
1198.15 7.92184e-07 
1198.16 7.93519e-07 
1198.17 7.95014e-07 
1198.18 7.96675e-07 
1198.19 7.98503e-07 
1198.2 8.00501e-07 
1198.21 8.02672e-07 
1198.22 8.05019e-07 
1198.23 8.07587e-07 
1198.24 8.10295e-07 
1198.25 8.13189e-07 
1198.26 8.16268e-07 
1198.27 8.19537e-07 
1198.28 8.22998e-07 
1198.29 8.26653e-07 
1198.3 8.30506e-07 
1198.3 8.34558e-07 
1198.31 8.38813e-07 
1198.32 8.43272e-07 
1198.33 8.47939e-07 
1198.34 8.52815e-07 
1198.35 8.57903e-07 
1198.36 8.63205e-07 
1198.37 8.68724e-07 
1198.38 8.74462e-07 
1198.39 8.80422e-07 
1198.4 8.86604e-07 
1198.41 8.93011e-07 
1198.42 8.99645e-07 
1198.43 9.06508e-07 
1198.44 9.13602e-07 
1198.45 9.20929e-07 
1198.46 9.2849e-07 
1198.47 9.36286e-07 
1198.48 9.44433e-07 
1198.49 9.52709e-07 
1198.5 9.61225e-07 
1198.51 9.69982e-07 
1198.52 9.78982e-07 
1198.53 9.88225e-07 
1198.54 9.97713e-07 
1198.55 1.00745e-06 
1198.56 1.01742e-06 
1198.57 1.02765e-06 
1198.58 1.03812e-06 
1198.59 1.04884e-06 
1198.6 1.0598e-06 
1198.61 1.07168e-06 
1198.62 1.08315e-06 
1198.63 1.09486e-06 
1198.64 1.10682e-06 
1198.65 1.11903e-06 
1198.66 1.13148e-06 
1198.67 1.14417e-06 
1198.68 1.15711e-06 
1198.69 1.17029e-06 
1198.7 1.18371e-06 
1198.71 1.19736e-06 
1198.72 1.21126e-06 
1198.73 1.22558e-06 
1198.73 1.23994e-06 
1198.74 1.25453e-06 
1198.75 1.26936e-06 
1198.76 1.2844e-06 
1198.77 1.29967e-06 
1198.78 1.31515e-06 
1198.79 1.33086e-06 
1198.8 1.34677e-06 
1198.81 1.36289e-06 
1198.82 1.37921e-06 
1198.83 1.39573e-06 
1198.84 1.41245e-06 
1198.85 1.42936e-06 
1198.86 1.44645e-06 
1198.87 1.46372e-06 
1198.88 1.48116e-06 
1198.89 1.49878e-06 
1198.9 1.51656e-06 
1198.91 1.53449e-06 
1198.92 1.55258e-06 
1198.93 1.57081e-06 
1198.94 1.58917e-06 
1198.95 1.60767e-06 
1198.96 1.62629e-06 
1198.97 1.64503e-06 
1198.98 1.66413e-06 
1198.99 1.68307e-06 
1199 1.70212e-06 
1199.01 1.72124e-06 
1199.02 1.74044e-06 
1199.03 1.75972e-06 
1199.04 1.77905e-06 
1199.05 1.79843e-06 
1199.06 1.81785e-06 
1199.07 1.8373e-06 
1199.08 1.85677e-06 
1199.09 1.87626e-06 
1199.1 1.89576e-06 
1199.11 1.91524e-06 
1199.12 1.93471e-06 
1199.13 1.95416e-06 
1199.14 1.97356e-06 
1199.15 1.99292e-06 
1199.15 2.01222e-06 
1199.16 2.03145e-06 
1199.17 2.0506e-06 
1199.18 2.06966e-06 
1199.19 2.08862e-06 
1199.2 2.10747e-06 
1199.21 2.12619e-06 
1199.22 2.14502e-06 
1199.23 2.16347e-06 
1199.24 2.18175e-06 
1199.25 2.19987e-06 
1199.26 2.21781e-06 
1199.27 2.23557e-06 
1199.28 2.25311e-06 
1199.29 2.27045e-06 
1199.3 2.28756e-06 
1199.31 2.30444e-06 
1199.32 2.32108e-06 
1199.33 2.33745e-06 
1199.34 2.35356e-06 
1199.35 2.3694e-06 
1199.36 2.38494e-06 
1199.37 2.40018e-06 
1199.38 2.41512e-06 
1199.39 2.42974e-06 
1199.4 2.44402e-06 
1199.41 2.45796e-06 
1199.42 2.47156e-06 
1199.43 2.4848e-06 
1199.44 2.49766e-06 
1199.45 2.51015e-06 
1199.46 2.52225e-06 
1199.47 2.53396e-06 
1199.48 2.5454e-06 
1199.49 2.55629e-06 
1199.5 2.56674e-06 
1199.51 2.57678e-06 
1199.52 2.58637e-06 
1199.53 2.59552e-06 
1199.54 2.60422e-06 
1199.55 2.61246e-06 
1199.56 2.62024e-06 
1199.57 2.62755e-06 
1199.58 2.63438e-06 
1199.58 2.64073e-06 
1199.59 2.64659e-06 
1199.6 2.65196e-06 
1199.61 2.65848e-06 
1199.62 2.66286e-06 
1199.63 2.66673e-06 
1199.64 2.6701e-06 
1199.65 2.67295e-06 
1199.66 2.6753e-06 
1199.67 2.67712e-06 
1199.68 2.67844e-06 
1199.69 2.67923e-06 
1199.7 2.6795e-06 
1199.71 2.67925e-06 
1199.72 2.67848e-06 
1199.73 2.67718e-06 
1199.74 2.67536e-06 
1199.75 2.67303e-06 
1199.76 2.67017e-06 
1199.77 2.6668e-06 
1199.78 2.66291e-06 
1199.79 2.65851e-06 
1199.8 2.6536e-06 
1199.81 2.64819e-06 
1199.82 2.64227e-06 
1199.83 2.63585e-06 
1199.84 2.62894e-06 
1199.85 2.62153e-06 
1199.86 2.61365e-06 
1199.87 2.60528e-06 
1199.88 2.59643e-06 
1199.89 2.58712e-06 
1199.9 2.57735e-06 
1199.91 2.56712e-06 
1199.92 2.55644e-06 
1199.93 2.54532e-06 
1199.94 2.53377e-06 
1199.95 2.52179e-06 
1199.96 2.5094e-06 
1199.97 2.4966e-06 
1199.98 2.48323e-06 
1199.99 2.46963e-06 
1200 2.45565e-06 
1200.01 2.4413e-06 
1200.01 2.42659e-06 
1200.02 2.41152e-06 
1200.03 2.39611e-06 
1200.04 2.38037e-06 
1200.05 2.36431e-06 
1200.06 2.34794e-06 
1200.07 2.33126e-06 
1200.08 2.3143e-06 
1200.09 2.29707e-06 
1200.1 2.27957e-06 
1200.11 2.26181e-06 
1200.12 2.24381e-06 
1200.13 2.22558e-06 
1200.14 2.20713e-06 
1200.15 2.18847e-06 
1200.16 2.16962e-06 
1200.17 2.15058e-06 
1200.18 2.13137e-06 
1200.19 2.11201e-06 
1200.2 2.09249e-06 
1200.21 2.07284e-06 
1200.22 2.05306e-06 
1200.23 2.03293e-06 
1200.24 2.01295e-06 
1200.25 1.99287e-06 
1200.26 1.97272e-06 
1200.27 1.95251e-06 
1200.28 1.93224e-06 
1200.29 1.91193e-06 
1200.3 1.8916e-06 
1200.31 1.87124e-06 
1200.32 1.85088e-06 
1200.33 1.83053e-06 
1200.34 1.81019e-06 
1200.35 1.78987e-06 
1200.36 1.7696e-06 
1200.37 1.74937e-06 
1200.38 1.7292e-06 
1200.39 1.7091e-06 
1200.4 1.68908e-06 
1200.41 1.66915e-06 
1200.42 1.64931e-06 
1200.43 1.62959e-06 
1200.43 1.60998e-06 
1200.44 1.59049e-06 
1200.45 1.57114e-06 
1200.46 1.55194e-06 
1200.47 1.53288e-06 
1200.48 1.51376e-06 
1200.49 1.49503e-06 
1200.5 1.47648e-06 
1200.51 1.45812e-06 
1200.52 1.43994e-06 
1200.53 1.42196e-06 
1200.54 1.40418e-06 
1200.55 1.38661e-06 
1200.56 1.36926e-06 
1200.57 1.35213e-06 
1200.58 1.33522e-06 
1200.59 1.31855e-06 
1200.6 1.30212e-06 
1200.61 1.28672e-06 
1200.62 1.27076e-06 
1200.63 1.25506e-06 
1200.64 1.23961e-06 
1200.65 1.22441e-06 
1200.66 1.20948e-06 
1200.67 1.19482e-06 
1200.68 1.18042e-06 
1200.69 1.16629e-06 
1200.7 1.15244e-06 
1200.71 1.13886e-06 
1200.72 1.12556e-06 
1200.73 1.11238e-06 
1200.74 1.09964e-06 
1200.75 1.08718e-06 
1200.76 1.075e-06 
1200.77 1.06311e-06 
1200.78 1.0515e-06 
1200.79 1.04017e-06 
1200.8 1.02913e-06 
1200.81 1.01837e-06 
1200.82 1.00789e-06 
1200.83 9.97699e-07 
1200.84 9.87786e-07 
1200.85 9.78156e-07 
1200.85 9.68804e-07 
1200.86 9.59731e-07 
1200.87 9.50935e-07 
1200.88 9.42414e-07 
1200.89 9.34167e-07 
1200.9 9.2619e-07 
1200.91 9.18484e-07 
1200.92 9.11044e-07 
1200.93 9.03869e-07 
1200.94 8.96955e-07 
1200.95 8.90301e-07 
1200.96 8.83904e-07 
1200.97 8.7776e-07 
1200.98 8.71801e-07 
1200.99 8.66159e-07 
1201 8.60761e-07 
1201.01 8.55603e-07 
1201.02 8.50684e-07 
1201.03 8.45999e-07 
1201.04 8.41544e-07 
1201.05 8.37317e-07 
1201.06 8.33313e-07 
1201.07 8.29528e-07 
1201.08 8.2596e-07 
1201.09 8.22605e-07 
1201.1 8.19456e-07 
1201.11 8.16513e-07 
1201.12 8.1377e-07 
1201.13 8.11225e-07 
1201.14 8.08872e-07 
1201.15 8.06709e-07 
1201.16 8.04729e-07 
1201.17 8.02932e-07 
1201.18 8.01312e-07 
1201.19 7.99865e-07 
1201.2 7.98588e-07 
1201.21 7.97477e-07 
1201.22 7.96528e-07 
1201.23 7.95734e-07 
1201.24 7.95099e-07 
1201.25 7.94614e-07 
1201.26 7.94277e-07 
1201.27 7.94083e-07 
1201.28 7.94029e-07 
1201.28 7.94111e-07 
1201.29 7.94326e-07 
1201.3 7.94671e-07 
1201.31 7.95142e-07 
1201.32 7.95735e-07 
1201.33 7.96448e-07 
1201.34 7.97278e-07 
1201.35 7.98221e-07 
1201.36 7.99275e-07 
1201.37 8.00436e-07 
1201.38 8.01702e-07 
1201.39 8.0307e-07 
1201.4 8.04538e-07 
1201.41 8.06102e-07 
1201.42 8.0776e-07 
1201.43 8.09511e-07 
1201.44 8.11351e-07 
1201.45 8.13278e-07 
1201.46 8.15292e-07 
1201.47 8.17388e-07 
1201.48 8.19598e-07 
1201.49 8.21855e-07 
1201.5 8.24191e-07 
1201.51 8.26601e-07 
1201.52 8.29086e-07 
1201.53 8.31644e-07 
1201.54 8.34272e-07 
1201.55 8.36971e-07 
1201.56 8.39739e-07 
1201.57 8.42573e-07 
1201.58 8.45475e-07 
1201.59 8.48442e-07 
1201.6 8.51472e-07 
1201.61 8.55094e-07 
1201.62 8.58253e-07 
1201.63 8.61475e-07 
1201.64 8.64757e-07 
1201.65 8.68101e-07 
1201.66 8.71504e-07 
1201.67 8.74968e-07 
1201.68 8.78492e-07 
1201.69 8.82074e-07 
1201.7 8.85716e-07 
1201.7 8.89416e-07 
1201.71 8.93175e-07 
1201.72 8.97044e-07 
1201.73 9.00921e-07 
1201.74 9.04855e-07 
1201.75 9.08848e-07 
1201.76 9.129e-07 
1201.77 9.1701e-07 
1201.78 9.21179e-07 
1201.79 9.25406e-07 
1201.8 9.29692e-07 
1201.81 9.34039e-07 
1201.82 9.38443e-07 
1201.83 9.42908e-07 
1201.84 9.47431e-07 
1201.85 9.52015e-07 
1201.86 9.56659e-07 
1201.87 9.61364e-07 
1201.88 9.66129e-07 
1201.89 9.70954e-07 
1201.9 9.75841e-07 
1201.91 9.80789e-07 
1201.92 9.85798e-07 
1201.93 9.90866e-07 
1201.94 9.95997e-07 
1201.95 1.00119e-06 
1201.96 1.00644e-06 
1201.97 1.01176e-06 
1201.98 1.01721e-06 
1201.99 1.02264e-06 
1202 1.02814e-06 
1202.01 1.0337e-06 
1202.02 1.03932e-06 
1202.03 1.045e-06 
1202.04 1.05074e-06 
1202.05 1.05653e-06 
1202.06 1.06239e-06 
1202.07 1.0683e-06 
1202.08 1.07427e-06 
1202.09 1.08029e-06 
1202.1 1.08637e-06 
1202.11 1.09251e-06 
1202.12 1.09869e-06 
1202.13 1.10493e-06 
1202.13 1.11122e-06 
1202.14 1.11756e-06 
1202.15 1.12394e-06 
1202.16 1.13037e-06 
1202.17 1.13685e-06 
1202.18 1.14337e-06 
1202.19 1.14993e-06 
1202.2 1.15652e-06 
1202.21 1.16316e-06 
1202.22 1.16991e-06 
1202.23 1.17661e-06 
1202.24 1.18334e-06 
1202.25 1.1901e-06 
1202.26 1.19688e-06 
1202.27 1.20368e-06 
1202.28 1.21051e-06 
1202.29 1.21735e-06 
1202.3 1.2242e-06 
1202.31 1.23106e-06 
1202.32 1.23793e-06 
1202.33 1.2448e-06 
1202.34 1.25167e-06 
1202.35 1.25854e-06 
1202.36 1.2654e-06 
1202.37 1.27225e-06 
1202.38 1.27909e-06 
1202.39 1.2859e-06 
1202.4 1.2927e-06 
1202.41 1.29947e-06 
1202.42 1.3062e-06 
1202.43 1.3129e-06 
1202.44 1.31956e-06 
1202.45 1.32618e-06 
1202.46 1.33275e-06 
1202.47 1.33927e-06 
1202.48 1.34582e-06 
1202.49 1.35221e-06 
1202.5 1.35855e-06 
1202.51 1.36481e-06 
1202.52 1.37099e-06 
1202.53 1.3771e-06 
1202.54 1.38311e-06 
1202.55 1.38904e-06 
1202.56 1.39487e-06 
1202.56 1.40061e-06 
1202.57 1.40624e-06 
1202.58 1.41175e-06 
1202.59 1.41716e-06 
1202.6 1.42244e-06 
1202.61 1.42848e-06 
1202.62 1.43352e-06 
1202.63 1.43842e-06 
1202.64 1.44318e-06 
1202.65 1.44779e-06 
1202.66 1.45226e-06 
1202.67 1.45658e-06 
1202.68 1.46073e-06 
1202.69 1.46473e-06 
1202.7 1.46856e-06 
1202.71 1.47221e-06 
1202.72 1.47569e-06 
1202.73 1.47903e-06 
1202.74 1.48215e-06 
1202.75 1.48507e-06 
1202.76 1.4878e-06 
1202.77 1.49034e-06 
1202.78 1.49267e-06 
1202.79 1.4948e-06 
1202.8 1.49672e-06 
1202.81 1.49843e-06 
1202.82 1.49993e-06 
1202.83 1.5012e-06 
1202.84 1.50226e-06 
1202.85 1.50309e-06 
1202.86 1.50369e-06 
1202.87 1.50406e-06 
1202.88 1.5042e-06 
1202.89 1.50411e-06 
1202.9 1.50378e-06 
1202.91 1.5032e-06 
1202.92 1.50239e-06 
1202.93 1.50133e-06 
1202.94 1.50003e-06 
1202.95 1.49848e-06 
1202.96 1.49669e-06 
1202.97 1.49464e-06 
1202.98 1.49235e-06 
1202.98 1.48977e-06 
1202.99 1.48697e-06 
1203 1.48392e-06 
1203.01 1.48062e-06 
1203.02 1.47706e-06 
1203.03 1.47325e-06 
1203.04 1.46919e-06 
1203.05 1.46488e-06 
1203.06 1.46032e-06 
1203.07 1.45551e-06 
1203.08 1.45045e-06 
1203.09 1.44515e-06 
1203.1 1.43959e-06 
1203.11 1.4338e-06 
1203.12 1.42776e-06 
1203.13 1.42148e-06 
1203.14 1.41496e-06 
1203.15 1.40821e-06 
1203.16 1.40122e-06 
1203.17 1.394e-06 
1203.18 1.38655e-06 
1203.19 1.37887e-06 
1203.2 1.37098e-06 
1203.21 1.36286e-06 
1203.22 1.35453e-06 
1203.23 1.34588e-06 
1203.24 1.33712e-06 
1203.25 1.32816e-06 
1203.26 1.319e-06 
1203.27 1.30964e-06 
1203.28 1.30009e-06 
1203.29 1.29035e-06 
1203.3 1.28043e-06 
1203.31 1.27033e-06 
1203.32 1.26005e-06 
1203.33 1.24961e-06 
1203.34 1.239e-06 
1203.35 1.22823e-06 
1203.36 1.2173e-06 
1203.37 1.20623e-06 
1203.38 1.19501e-06 
1203.39 1.18365e-06 
1203.4 1.17216e-06 
1203.41 1.16054e-06 
1203.41 1.1488e-06 
1203.42 1.13694e-06 
1203.43 1.12496e-06 
1203.44 1.11289e-06 
1203.45 1.10071e-06 
1203.46 1.08844e-06 
1203.47 1.07608e-06 
1203.48 1.06348e-06 
1203.49 1.05095e-06 
1203.5 1.03836e-06 
1203.51 1.0257e-06 
1203.52 1.01298e-06 
1203.53 1.0002e-06 
1203.54 9.87378e-07 
1203.55 9.74512e-07 
1203.56 9.61608e-07 
1203.57 9.48672e-07 
1203.58 9.3571e-07 
1203.59 9.22727e-07 
1203.6 9.0973e-07 
1203.61 8.97276e-07 
1203.62 8.84257e-07 
1203.63 8.7124e-07 
1203.64 8.58228e-07 
1203.65 8.4523e-07 
1203.66 8.32246e-07 
1203.67 8.19286e-07 
1203.68 8.06353e-07 
1203.69 7.93452e-07 
1203.7 7.80588e-07 
1203.71 7.67766e-07 
1203.72 7.54989e-07 
1203.73 7.42106e-07 
1203.74 7.29437e-07 
1203.75 7.16827e-07 
1203.76 7.04283e-07 
1203.77 6.91805e-07 
1203.78 6.794e-07 
1203.79 6.67071e-07 
1203.8 6.54823e-07 
1203.81 6.42658e-07 
1203.82 6.30581e-07 
1203.83 6.18595e-07 
1203.83 6.06703e-07 
1203.84 5.94909e-07 
1203.85 5.83215e-07 
1203.86 5.71625e-07 
1203.87 5.60142e-07 
1203.88 5.48769e-07 
1203.89 5.37507e-07 
1203.9 5.2636e-07 
1203.91 5.1533e-07 
1203.92 5.0442e-07 
1203.93 4.93631e-07 
1203.94 4.82967e-07 
1203.95 4.72427e-07 
1203.96 4.62015e-07 
1203.97 4.51732e-07 
1203.98 4.41454e-07 
1203.99 4.31436e-07 
1204 4.21551e-07 
1204.01 4.11802e-07 
1204.02 4.02187e-07 
1204.03 3.9271e-07 
1204.04 3.83371e-07 
1204.05 3.74171e-07 
1204.06 3.65109e-07 
1204.07 3.56188e-07 
1204.08 3.47407e-07 
1204.09 3.38767e-07 
1204.1 3.30268e-07 
1204.11 3.2191e-07 
1204.12 3.13694e-07 
1204.13 3.05618e-07 
1204.14 2.97685e-07 
1204.15 2.89892e-07 
1204.16 2.82239e-07 
1204.17 2.74728e-07 
1204.18 2.67356e-07 
1204.19 2.60124e-07 
1204.2 2.5303e-07 
1204.21 2.46075e-07 
1204.22 2.39257e-07 
1204.23 2.32494e-07 
1204.24 2.2595e-07 
1204.25 2.19541e-07 
1204.26 2.13266e-07 
1204.26 2.07124e-07 
1204.27 2.01114e-07 
1204.28 1.95234e-07 
1204.29 1.89483e-07 
1204.3 1.8386e-07 
1204.31 1.78364e-07 
1204.32 1.72994e-07 
1204.33 1.67747e-07 
1204.34 1.62623e-07 
1204.35 1.57619e-07 
1204.36 1.52736e-07 
1204.37 1.4797e-07 
1204.38 1.4332e-07 
1204.39 1.38786e-07 
1204.4 1.34364e-07 
1204.41 1.30054e-07 
1204.42 1.25854e-07 
1204.43 1.21762e-07 
1204.44 1.17777e-07 
1204.45 1.13896e-07 
1204.46 1.10118e-07 
1204.47 1.06442e-07 
1204.48 1.02821e-07 
1204.49 9.93426e-08 
1204.5 9.59606e-08 
1204.51 9.26726e-08 
1204.52 8.94772e-08 
1204.53 8.63723e-08 
1204.54 8.33563e-08 
1204.55 8.04276e-08 
1204.56 7.7584e-08 
1204.57 7.48242e-08 
1204.58 7.21462e-08 
1204.59 6.95483e-08 
1204.6 6.70287e-08 
1204.61 6.45858e-08 
1204.62 6.22562e-08 
1204.63 5.99601e-08 
1204.64 5.77356e-08 
1204.65 5.5581e-08 
1204.66 5.34947e-08 
1204.67 5.14751e-08 
1204.68 4.95205e-08 
1204.68 4.76293e-08 
1204.69 4.58e-08 
1204.7 4.40309e-08 
1204.71 4.23206e-08 
1204.72 4.06472e-08 
1204.73 3.90505e-08 
1204.74 3.7508e-08 
1204.75 3.60183e-08 
1204.76 3.45799e-08 
1204.77 3.31914e-08 
1204.78 3.18515e-08 
1204.79 3.05586e-08 
1204.8 2.93117e-08 
1204.81 2.81092e-08 
1204.82 2.695e-08 
1204.83 2.58327e-08 
1204.84 2.47561e-08 
1204.85 2.37189e-08 
1204.86 2.27201e-08 
1204.87 2.17584e-08 
1204.88 2.08327e-08 
1204.89 1.99418e-08 
1204.9 1.90847e-08 
1204.91 1.82603e-08 
1204.92 1.74675e-08 
1204.93 1.67053e-08 
1204.94 1.59728e-08 
1204.95 1.5269e-08 
1204.96 1.45928e-08 
1204.97 1.39434e-08 
1204.98 1.33123e-08 
1204.99 1.27141e-08 
1205 1.214e-08 
1205.01 1.15892e-08 
1205.02 1.10608e-08 
1205.03 1.05542e-08 
1205.04 1.00685e-08 
1205.05 9.60291e-09 
1205.06 9.15681e-09 
1205.07 8.72944e-09 
1205.08 8.32013e-09 
1205.09 7.92821e-09 
1205.1 7.55303e-09 
1205.11 7.19398e-09 
1205.11 6.85043e-09 
1205.12 6.52181e-09 
1205.13 6.20754e-09 
1205.14 5.90706e-09 
1205.15 5.61986e-09 
1205.16 5.34541e-09 
1205.17 5.0832e-09 
1205.18 4.83276e-09 
1205.19 4.59361e-09 
1205.2 4.3653e-09 
1205.21 4.14739e-09 
1205.22 3.93699e-09 
1205.23 3.7387e-09 
1205.24 3.54964e-09 
1205.25 3.36938e-09 
1205.26 3.19754e-09 
1205.27 3.03377e-09 
1205.28 2.87774e-09 
1205.29 2.72911e-09 
1205.3 2.58757e-09 
1205.31 2.45282e-09 
1205.32 2.32455e-09 
1205.33 2.20249e-09 
1205.34 2.08636e-09 
1205.35 1.9759e-09 
1205.36 1.87087e-09 
1205.37 1.77102e-09 
1205.38 1.67612e-09 
1205.39 1.58594e-09 
1205.4 1.50027e-09 
1205.41 1.4189e-09 
1205.42 1.34165e-09 
1205.43 1.26831e-09 
1205.44 1.19871e-09 
1205.45 1.13267e-09 
1205.46 1.07002e-09 
1205.47 1.01061e-09 
1205.48 9.53612e-10 
1205.49 9.00235e-10 
1205.5 8.49668e-10 
1205.51 8.01759e-10 
1205.52 7.56379e-10 
1205.53 7.13405e-10 
1205.54 6.7272e-10 
1205.54 6.34211e-10 
1205.55 5.9777e-10 
1205.56 5.63294e-10 
1205.57 5.30686e-10 
1205.58 4.99853e-10 
1205.59 4.70703e-10 
1205.6 4.43152e-10 
1205.61 4.17376e-10 
1205.62 3.92768e-10 
1205.63 3.69526e-10 
1205.64 3.47581e-10 
1205.65 3.26864e-10 
1205.66 3.07312e-10 
1205.67 2.88865e-10 
1205.68 2.71462e-10 
1205.69 2.5505e-10 
1205.7 2.39576e-10 
1205.71 2.24989e-10 
1205.72 2.11243e-10 
1205.73 1.98134e-10 
1205.74 1.85943e-10 
1205.75 1.74462e-10 
1205.76 1.63653e-10 
1205.77 1.53479e-10 
1205.78 1.43904e-10 
1205.79 1.34896e-10 
1205.8 1.26423e-10 
1205.81 1.18455e-10 
1205.82 1.10965e-10 
1205.83 1.03924e-10 
1205.84 9.73078e-11 
1205.85 9.10921e-11 
1205.86 8.52539e-11 
1205.87 7.97719e-11 
1205.88 7.46254e-11 
1205.89 6.97949e-11 
1205.9 6.52623e-11 
1205.91 6.10102e-11 
1205.92 5.70221e-11 
1205.93 5.32825e-11 
1205.94 4.97769e-11 
1205.95 4.64913e-11 
1205.96 4.34127e-11 
1205.96 4.05288e-11 
1205.97 3.78278e-11 
1205.98 3.52682e-11 
1205.99 3.29027e-11 
1206 3.06889e-11 
1206.01 2.86175e-11 
1206.02 2.66799e-11 
1206.03 2.48678e-11 
1206.04 2.31735e-11 
1206.05 2.15897e-11 
1206.06 2.01095e-11 
1206.07 1.87266e-11 
1206.08 1.74348e-11 
1206.09 1.62284e-11 
1206.1 1.51021e-11 
1206.11 1.40507e-11 
1206.12 1.30696e-11 
1206.13 1.21542e-11 
1206.14 1.13003e-11 
1206.15 1.0504e-11 
1206.16 9.76167e-12 
1206.17 9.06969e-12 
1206.18 8.42484e-12 
1206.19 7.82406e-12 
1206.2 7.26446e-12 
1206.21 6.74336e-12 
1206.22 6.25821e-12 
1206.23 5.8012e-12 
1206.24 5.38136e-12 
1206.25 4.99077e-12 
1206.26 4.62748e-12 
1206.27 4.28965e-12 
1206.28 3.97559e-12 
1206.29 3.68367e-12 
1206.3 3.41242e-12 
1206.31 3.16042e-12 
1206.32 2.92636e-12 
1206.33 2.70902e-12 
1206.34 2.50725e-12 
1206.35 2.31998e-12 
1206.36 2.14621e-12 
1206.37 1.985e-12 
1206.38 1.83548e-12 
1206.39 1.69684e-12 
1206.39 1.56831e-12 
1206.4 1.44919e-12 
1206.41 1.33881e-12 
1206.42 1.23656e-12 
1206.43 1.14185e-12 
1206.44 1.05416e-12 
1206.45 9.72986e-13 
1206.46 8.97856e-13 
1206.47 8.28338e-13 
1206.48 7.63256e-13 
1206.49 7.03837e-13 
1206.5 6.48896e-13 
1206.51 5.98108e-13 
1206.52 5.5117e-13 
1206.53 5.078e-13 
1206.54 4.67737e-13 
1206.55 4.30736e-13 
1206.56 3.96573e-13 
1206.57 3.65036e-13 
1206.58 3.35931e-13 
1206.59 3.09077e-13 
1206.6 0 
