#energy geo_1 
1186.6 5.00925e-40 
1186.61 5.89669e-40 
1186.62 6.93993e-40 
1186.63 8.16608e-40 
1186.64 9.6069e-40 
1186.65 1.12996e-39 
1186.66 1.32878e-39 
1186.67 1.56227e-39 
1186.68 1.83641e-39 
1186.69 2.15822e-39 
1186.7 2.53589e-39 
1186.71 2.97905e-39 
1186.72 3.49893e-39 
1186.73 4.11695e-39 
1186.74 4.83342e-39 
1186.75 5.67341e-39 
1186.76 6.65802e-39 
1186.77 7.81191e-39 
1186.78 9.16391e-39 
1186.79 1.07477e-38 
1186.8 1.26026e-38 
1186.81 1.47746e-38 
1186.81 1.73175e-38 
1186.82 2.02938e-38 
1186.83 2.37767e-38 
1186.84 2.78518e-38 
1186.85 3.26186e-38 
1186.86 3.81933e-38 
1186.87 4.47117e-38 
1186.88 5.23319e-38 
1186.89 6.12382e-38 
1186.9 7.16457e-38 
1186.91 8.38046e-38 
1186.92 9.80071e-38 
1186.93 1.14593e-37 
1186.94 1.33958e-37 
1186.95 1.56564e-37 
1186.96 1.82947e-37 
1186.97 2.13732e-37 
1186.98 2.50132e-37 
1186.99 2.92102e-37 
1187 3.41045e-37 
1187.01 3.98107e-37 
1187.02 4.64621e-37 
1187.03 5.42136e-37 
1187.04 6.32455e-37 
1187.05 7.3767e-37 
1187.06 8.60212e-37 
1187.07 1.0029e-36 
1187.08 1.16903e-36 
1187.09 1.36239e-36 
1187.1 1.58741e-36 
1187.11 1.84922e-36 
1187.12 2.15376e-36 
1187.13 2.50795e-36 
1187.14 2.91978e-36 
1187.15 3.39855e-36 
1187.16 3.95501e-36 
1187.17 4.60164e-36 
1187.18 5.3529e-36 
1187.19 6.22554e-36 
1187.2 7.23894e-36 
1187.21 8.41559e-36 
1187.22 9.78149e-36 
1187.23 1.13881e-35 
1187.24 1.3231e-35 
1187.24 1.5369e-35 
1187.25 1.78488e-35 
1187.26 2.07245e-35 
1187.27 2.40586e-35 
1187.28 2.79234e-35 
1187.29 3.24023e-35 
1187.3 3.7592e-35 
1187.31 4.36039e-35 
1187.32 5.05669e-35 
1187.33 5.86299e-35 
1187.34 6.79646e-35 
1187.35 7.87693e-35 
1187.36 9.12731e-35 
1187.37 1.0574e-34 
1187.38 1.22475e-34 
1187.39 1.41829e-34 
1187.4 1.64209e-34 
1187.41 1.9008e-34 
1187.42 2.19983e-34 
1187.43 2.54538e-34 
1187.44 2.9446e-34 
1187.45 3.40574e-34 
1187.46 3.9383e-34 
1187.47 4.55319e-34 
1187.48 5.27255e-34 
1187.49 6.09325e-34 
1187.5 7.04026e-34 
1187.51 8.13279e-34 
1187.52 9.39294e-34 
1187.53 1.08461e-33 
1187.54 1.25216e-33 
1187.55 1.44528e-33 
1187.56 1.66786e-33 
1187.57 1.92432e-33 
1187.58 2.21975e-33 
1187.59 2.56002e-33 
1187.6 2.95185e-33 
1187.61 3.40507e-33 
1187.62 3.92463e-33 
1187.63 4.52254e-33 
1187.64 5.21047e-33 
1187.65 6.00182e-33 
1187.66 6.91194e-33 
1187.66 7.95843e-33 
1187.67 9.1615e-33 
1187.68 1.05443e-32 
1187.69 1.21333e-32 
1187.7 1.39589e-32 
1187.71 1.60559e-32 
1187.72 1.84641e-32 
1187.73 2.12662e-32 
1187.74 2.44459e-32 
1187.75 2.80952e-32 
1187.76 3.22827e-32 
1187.77 3.70868e-32 
1187.78 4.2597e-32 
1187.79 4.89159e-32 
1187.8 5.61606e-32 
1187.81 6.44651e-32 
1187.82 7.39825e-32 
1187.83 8.48876e-32 
1187.84 9.73802e-32 
1187.85 1.11688e-31 
1187.86 1.28073e-31 
1187.87 1.4683e-31 
1187.88 1.68301e-31 
1187.89 1.92871e-31 
1187.9 2.20984e-31 
1187.91 2.53142e-31 
1187.92 2.89921e-31 
1187.93 3.31975e-31 
1187.94 3.80052e-31 
1187.95 4.35001e-31 
1187.96 4.97794e-31 
1187.97 5.69535e-31 
1187.98 6.52575e-31 
1187.99 7.46315e-31 
1188 8.53345e-31 
1188.01 9.75524e-31 
1188.02 1.11497e-30 
1188.03 1.27408e-30 
1188.04 1.45561e-30 
1188.05 1.66266e-30 
1188.06 1.89877e-30 
1188.07 2.16796e-30 
1188.08 2.47482e-30 
1188.09 2.82452e-30 
1188.09 3.22298e-30 
1188.1 3.6769e-30 
1188.11 4.1939e-30 
1188.12 4.7826e-30 
1188.13 5.45283e-30 
1188.14 6.2157e-30 
1188.15 7.08386e-30 
1188.16 8.07162e-30 
1188.17 9.19523e-30 
1188.18 1.04731e-29 
1188.19 1.19261e-29 
1188.2 1.3578e-29 
1188.21 1.54554e-29 
1188.22 1.75889e-29 
1188.23 2.0045e-29 
1188.24 2.28026e-29 
1188.25 2.59343e-29 
1188.26 2.949e-29 
1188.27 3.35263e-29 
1188.28 3.81073e-29 
1188.29 4.33054e-29 
1188.3 4.92025e-29 
1188.31 5.58911e-29 
1188.32 6.34761e-29 
1188.33 7.20755e-29 
1188.34 8.18233e-29 
1188.35 9.28704e-29 
1188.36 1.05387e-28 
1188.37 1.19567e-28 
1188.38 1.35626e-28 
1188.39 1.53811e-28 
1188.4 1.74399e-28 
1188.41 1.97702e-28 
1188.42 2.24072e-28 
1188.43 2.53908e-28 
1188.44 2.87658e-28 
1188.45 3.25828e-28 
1188.46 3.68986e-28 
1188.47 4.17775e-28 
1188.48 4.73652e-28 
1188.49 5.3606e-28 
1188.5 6.06567e-28 
1188.51 6.86207e-28 
1188.52 7.76144e-28 
1188.52 8.7769e-28 
1188.53 9.92317e-28 
1188.54 1.12169e-27 
1188.55 1.26766e-27 
1188.56 1.43234e-27 
1188.57 1.61808e-27 
1188.58 1.82753e-27 
1188.59 2.06367e-27 
1188.6 2.33129e-27 
1188.61 2.63145e-27 
1188.62 2.96964e-27 
1188.63 3.35062e-27 
1188.64 3.77969e-27 
1188.65 4.26284e-27 
1188.66 4.80676e-27 
1188.67 5.41897e-27 
1188.68 6.10791e-27 
1188.69 6.88302e-27 
1188.7 7.75492e-27 
1188.71 8.73547e-27 
1188.72 9.83798e-27 
1188.73 1.10938e-26 
1188.74 1.24888e-26 
1188.75 1.40564e-26 
1188.76 1.58175e-26 
1188.77 1.77956e-26 
1188.78 2.00169e-26 
1188.79 2.25109e-26 
1188.8 2.53105e-26 
1188.81 2.84524e-26 
1188.82 3.19778e-26 
1188.83 3.59327e-26 
1188.84 4.03684e-26 
1188.85 4.53424e-26 
1188.86 5.09189e-26 
1188.87 5.71694e-26 
1188.88 6.41741e-26 
1188.89 7.20223e-26 
1188.9 8.08138e-26 
1188.91 9.06598e-26 
1188.92 1.01685e-25 
1188.93 1.14027e-25 
1188.94 1.27841e-25 
1188.94 1.43299e-25 
1188.95 1.60594e-25 
1188.96 1.79938e-25 
1188.97 2.01572e-25 
1188.98 2.26081e-25 
1188.99 2.53158e-25 
1189 2.8342e-25 
1189.01 3.17235e-25 
1189.02 3.55011e-25 
1189.03 3.97205e-25 
1189.04 4.44322e-25 
1189.05 4.96926e-25 
1189.06 5.55645e-25 
1189.07 6.21175e-25 
1189.08 6.94292e-25 
1189.09 7.75855e-25 
1189.1 8.66823e-25 
1189.11 9.68259e-25 
1189.12 1.08134e-24 
1189.13 1.20739e-24 
1189.14 1.34785e-24 
1189.15 1.50434e-24 
1189.16 1.67866e-24 
1189.17 1.87279e-24 
1189.18 2.08895e-24 
1189.19 2.32958e-24 
1189.2 2.5974e-24 
1189.21 2.89541e-24 
1189.22 3.22696e-24 
1189.23 3.60059e-24 
1189.24 4.01123e-24 
1189.25 4.46779e-24 
1189.26 4.97529e-24 
1189.27 5.53931e-24 
1189.28 6.166e-24 
1189.29 6.86219e-24 
1189.3 7.63543e-24 
1189.31 8.49405e-24 
1189.32 9.44729e-24 
1189.33 1.05054e-23 
1189.34 1.16795e-23 
1189.35 1.29823e-23 
1189.36 1.44274e-23 
1189.36 1.60301e-23 
1189.37 1.78072e-23 
1189.38 1.97772e-23 
1189.39 2.19607e-23 
1189.4 2.43802e-23 
1189.41 2.70608e-23 
1189.42 3.003e-23 
1189.43 3.33181e-23 
1189.44 3.69588e-23 
1189.45 4.09888e-23 
1189.46 4.54489e-23 
1189.47 5.03841e-23 
1189.48 5.59155e-23 
1189.49 6.19616e-23 
1189.5 6.86475e-23 
1189.51 7.60392e-23 
1189.52 8.42096e-23 
1189.53 9.32388e-23 
1189.54 1.03215e-22 
1189.55 1.14235e-22 
1189.56 1.26406e-22 
1189.57 1.39845e-22 
1189.58 1.54681e-22 
1189.59 1.71057e-22 
1189.6 1.89127e-22 
1189.61 2.09192e-22 
1189.62 2.31196e-22 
1189.63 2.55462e-22 
1189.64 2.82217e-22 
1189.65 3.11711e-22 
1189.66 3.44216e-22 
1189.67 3.80033e-22 
1189.68 4.1949e-22 
1189.69 4.6295e-22 
1189.7 5.10808e-22 
1189.71 5.63498e-22 
1189.72 6.21495e-22 
1189.73 6.86159e-22 
1189.74 7.56469e-22 
1189.75 8.33814e-22 
1189.76 9.18878e-22 
1189.77 1.01241e-21 
1189.78 1.11524e-21 
1189.79 1.22826e-21 
1189.79 1.35246e-21 
1189.8 1.48891e-21 
1189.81 1.63879e-21 
1189.82 1.80339e-21 
1189.83 1.98412e-21 
1189.84 2.18251e-21 
1189.85 2.40024e-21 
1189.86 2.63916e-21 
1189.87 2.90126e-21 
1189.88 3.18875e-21 
1189.89 3.504e-21 
1189.9 3.84963e-21 
1189.91 4.22849e-21 
1189.92 4.64368e-21 
1189.93 5.09859e-21 
1189.94 5.59693e-21 
1189.95 6.14271e-21 
1189.96 6.74033e-21 
1189.97 7.39459e-21 
1189.98 8.12005e-21 
1189.99 8.90456e-21 
1190 9.76286e-21 
1190.01 1.07017e-20 
1190.02 1.17284e-20 
1190.03 1.2851e-20 
1190.04 1.40782e-20 
1190.05 1.54194e-20 
1190.06 1.68849e-20 
1190.07 1.84859e-20 
1190.08 2.02345e-20 
1190.09 2.21441e-20 
1190.1 2.42288e-20 
1190.11 2.65045e-20 
1190.12 2.89879e-20 
1190.13 3.16975e-20 
1190.14 3.46533e-20 
1190.15 3.7877e-20 
1190.16 4.13921e-20 
1190.17 4.52242e-20 
1190.18 4.94009e-20 
1190.19 5.39523e-20 
1190.2 5.8911e-20 
1190.21 6.43122e-20 
1190.21 7.01943e-20 
1190.22 7.66822e-20 
1190.23 8.36612e-20 
1190.24 9.12567e-20 
1190.25 9.95213e-20 
1190.26 1.08512e-19 
1190.27 1.18291e-19 
1190.28 1.28925e-19 
1190.29 1.40486e-19 
1190.3 1.53052e-19 
1190.31 1.66709e-19 
1190.32 1.81546e-19 
1190.33 1.97664e-19 
1190.34 2.15169e-19 
1190.35 2.34175e-19 
1190.36 2.54809e-19 
1190.37 2.77204e-19 
1190.38 3.01505e-19 
1190.39 3.2787e-19 
1190.4 3.56467e-19 
1190.41 3.87479e-19 
1190.42 4.21103e-19 
1190.43 4.5755e-19 
1190.44 4.97051e-19 
1190.45 5.39851e-19 
1190.46 5.86217e-19 
1190.47 6.36434e-19 
1190.48 6.9152e-19 
1190.49 7.50448e-19 
1190.5 8.14232e-19 
1190.51 8.83256e-19 
1190.52 9.57936e-19 
1190.53 1.03872e-18 
1190.54 1.12608e-18 
1190.55 1.22054e-18 
1190.56 1.32265e-18 
1190.57 1.43301e-18 
1190.58 1.55227e-18 
1190.59 1.6811e-18 
1190.6 1.82025e-18 
1190.61 1.97174e-18 
1190.62 2.13408e-18 
1190.63 2.30931e-18 
1190.64 2.49842e-18 
1190.64 2.70245e-18 
1190.65 2.92256e-18 
1190.66 3.15994e-18 
1190.67 3.4159e-18 
1190.68 3.69185e-18 
1190.69 3.98926e-18 
1190.7 4.30976e-18 
1190.71 4.65505e-18 
1190.72 5.02697e-18 
1190.73 5.43269e-18 
1190.74 5.86433e-18 
1190.75 6.32897e-18 
1190.76 6.82902e-18 
1190.77 7.36707e-18 
1190.78 7.94589e-18 
1190.79 8.56843e-18 
1190.8 9.23785e-18 
1190.81 9.95753e-18 
1190.82 1.07311e-17 
1190.83 1.15624e-17 
1190.84 1.24555e-17 
1190.85 1.34149e-17 
1190.86 1.44452e-17 
1190.87 1.55514e-17 
1190.88 1.67389e-17 
1190.89 1.80135e-17 
1190.9 1.93811e-17 
1190.91 2.08483e-17 
1190.92 2.24219e-17 
1190.93 2.41094e-17 
1190.94 2.59186e-17 
1190.95 2.78578e-17 
1190.96 2.9936e-17 
1190.97 3.21627e-17 
1190.98 3.45788e-17 
1190.99 3.71355e-17 
1191 3.9873e-17 
1191.01 4.28036e-17 
1191.02 4.59402e-17 
1191.03 4.92965e-17 
1191.04 5.28873e-17 
1191.05 5.67279e-17 
1191.06 6.0835e-17 
1191.07 6.52261e-17 
1191.07 6.99198e-17 
1191.08 7.4936e-17 
1191.09 8.02956e-17 
1191.1 8.60209e-17 
1191.11 9.21355e-17 
1191.12 9.86646e-17 
1191.13 1.05635e-16 
1191.14 1.13074e-16 
1191.15 1.21013e-16 
1191.16 1.29482e-16 
1191.17 1.38516e-16 
1191.18 1.4815e-16 
1191.19 1.58421e-16 
1191.2 1.6937e-16 
1191.21 1.81038e-16 
1191.22 1.93471e-16 
1191.23 2.06886e-16 
1191.24 2.21002e-16 
1191.25 2.36034e-16 
1191.26 2.52036e-16 
1191.27 2.69068e-16 
1191.28 2.87193e-16 
1191.29 3.06475e-16 
1191.3 3.26985e-16 
1191.31 3.48797e-16 
1191.32 3.71987e-16 
1191.33 3.96637e-16 
1191.34 4.22835e-16 
1191.35 4.50671e-16 
1191.36 4.80241e-16 
1191.37 5.11646e-16 
1191.38 5.44994e-16 
1191.39 5.80396e-16 
1191.4 6.17971e-16 
1191.41 6.57845e-16 
1191.42 7.00147e-16 
1191.43 7.45018e-16 
1191.44 7.92602e-16 
1191.45 8.43053e-16 
1191.46 8.96532e-16 
1191.47 9.53207e-16 
1191.48 1.01405e-15 
1191.49 1.07769e-15 
1191.49 1.14511e-15 
1191.5 1.2165e-15 
1191.51 1.29208e-15 
1191.52 1.37207e-15 
1191.53 1.45672e-15 
1191.54 1.54627e-15 
1191.55 1.64099e-15 
1191.56 1.74116e-15 
1191.57 1.84706e-15 
1191.58 1.95901e-15 
1191.59 2.07731e-15 
1191.6 2.20368e-15 
1191.61 2.3358e-15 
1191.62 2.47534e-15 
1191.63 2.62268e-15 
1191.64 2.77822e-15 
1191.65 2.94238e-15 
1191.66 3.11561e-15 
1191.67 3.29836e-15 
1191.68 3.49111e-15 
1191.69 3.69438e-15 
1191.7 3.90868e-15 
1191.71 4.13457e-15 
1191.72 4.37261e-15 
1191.73 4.62664e-15 
1191.74 4.891e-15 
1191.75 5.16942e-15 
1191.76 5.46257e-15 
1191.77 5.77116e-15 
1191.78 6.09594e-15 
1191.79 6.43768e-15 
1191.8 6.79719e-15 
1191.81 7.17531e-15 
1191.82 7.57293e-15 
1191.83 7.99094e-15 
1191.84 8.4303e-15 
1191.85 8.89201e-15 
1191.86 9.37709e-15 
1191.87 9.88662e-15 
1191.88 1.04217e-14 
1191.89 1.09835e-14 
1191.9 1.15732e-14 
1191.91 1.21922e-14 
1191.92 1.28415e-14 
1191.92 1.35228e-14 
1191.93 1.42372e-14 
1191.94 1.49864e-14 
1191.95 1.57718e-14 
1191.96 1.65949e-14 
1191.97 1.74574e-14 
1191.98 1.83726e-14 
1191.99 1.93197e-14 
1192 2.03114e-14 
1192.01 2.13497e-14 
1192.02 2.24365e-14 
1192.03 2.35739e-14 
1192.04 2.47638e-14 
1192.05 2.60086e-14 
1192.06 2.73104e-14 
1192.07 2.86715e-14 
1192.08 3.00944e-14 
1192.09 3.15815e-14 
1192.1 3.31354e-14 
1192.11 3.47586e-14 
1192.12 3.64541e-14 
1192.13 3.82245e-14 
1192.14 4.00728e-14 
1192.15 4.20019e-14 
1192.16 4.40151e-14 
1192.17 4.61155e-14 
1192.18 4.83064e-14 
1192.19 5.05912e-14 
1192.2 5.29734e-14 
1192.21 5.54566e-14 
1192.22 5.80446e-14 
1192.23 6.07755e-14 
1192.24 6.35861e-14 
1192.25 6.65133e-14 
1192.26 6.95614e-14 
1192.27 7.27346e-14 
1192.28 7.60375e-14 
1192.29 7.94745e-14 
1192.3 8.30503e-14 
1192.31 8.67699e-14 
1192.32 9.0638e-14 
1192.33 9.46598e-14 
1192.34 9.88406e-14 
1192.34 1.03186e-13 
1192.35 1.07701e-13 
1192.36 1.12391e-13 
1192.37 1.17263e-13 
1192.38 1.22321e-13 
1192.39 1.27574e-13 
1192.4 1.33026e-13 
1192.41 1.38683e-13 
1192.42 1.44554e-13 
1192.43 1.50644e-13 
1192.44 1.5696e-13 
1192.45 1.6351e-13 
1192.46 1.70301e-13 
1192.47 1.77339e-13 
1192.48 1.84727e-13 
1192.49 1.92288e-13 
1192.5 2.00121e-13 
1192.51 2.08235e-13 
1192.52 2.16636e-13 
1192.53 2.25335e-13 
1192.54 2.3434e-13 
1192.55 2.43659e-13 
1192.56 2.53303e-13 
1192.57 2.6328e-13 
1192.58 2.73601e-13 
1192.59 2.84276e-13 
1192.6 2.95314e-13 
1192.61 3.06916e-13 
1192.62 3.1872e-13 
1192.63 3.30921e-13 
1192.64 3.43528e-13 
1192.65 3.56555e-13 
1192.66 3.70013e-13 
1192.67 3.83914e-13 
1192.68 3.98271e-13 
1192.69 4.13096e-13 
1192.7 4.28403e-13 
1192.71 4.44205e-13 
1192.72 4.60517e-13 
1192.73 4.77567e-13 
1192.74 4.94948e-13 
1192.75 5.12884e-13 
1192.76 5.3139e-13 
1192.77 5.50482e-13 
1192.77 5.70177e-13 
1192.78 5.90493e-13 
1192.79 6.11448e-13 
1192.8 6.33059e-13 
1192.81 6.55347e-13 
1192.82 6.78332e-13 
1192.83 7.02034e-13 
1192.84 7.26474e-13 
1192.85 7.51676e-13 
1192.86 7.77662e-13 
1192.87 8.04457e-13 
1192.88 8.32085e-13 
1192.89 8.60574e-13 
1192.9 8.89951e-13 
1192.91 9.20243e-13 
1192.92 9.51483e-13 
1192.93 9.837e-13 
1192.94 1.01693e-12 
1192.95 1.0512e-12 
1192.96 1.08656e-12 
1192.97 1.12303e-12 
1192.98 1.16114e-12 
1192.99 1.2e-12 
1193 1.24009e-12 
1193.01 1.28149e-12 
1193.02 1.32422e-12 
1193.03 1.36835e-12 
1193.04 1.41393e-12 
1193.05 1.46102e-12 
1193.06 1.50967e-12 
1193.07 1.55996e-12 
1193.08 1.61195e-12 
1193.09 1.66571e-12 
1193.1 1.72133e-12 
1193.11 1.77888e-12 
1193.12 1.83845e-12 
1193.13 1.90013e-12 
1193.14 1.96401e-12 
1193.15 2.03021e-12 
1193.16 2.09882e-12 
1193.17 2.16997e-12 
1193.18 2.24378e-12 
1193.19 2.32038e-12 
1193.19 2.3999e-12 
1193.2 2.4825e-12 
1193.21 2.56833e-12 
1193.22 2.65871e-12 
1193.23 2.75154e-12 
1193.24 2.84815e-12 
1193.25 2.94872e-12 
1193.26 3.05346e-12 
1193.27 3.16261e-12 
1193.28 3.2764e-12 
1193.29 3.39507e-12 
1193.3 3.51891e-12 
1193.31 3.6482e-12 
1193.32 3.78325e-12 
1193.33 3.92437e-12 
1193.34 4.07191e-12 
1193.35 4.22623e-12 
1193.36 4.38773e-12 
1193.37 4.5568e-12 
1193.38 4.7339e-12 
1193.39 4.91947e-12 
1193.4 5.11402e-12 
1193.41 5.31806e-12 
1193.42 5.53214e-12 
1193.43 5.75685e-12 
1193.44 5.99281e-12 
1193.45 6.24068e-12 
1193.46 6.50115e-12 
1193.47 6.77497e-12 
1193.48 7.0666e-12 
1193.49 7.36969e-12 
1193.5 7.68863e-12 
1193.51 8.02433e-12 
1193.52 8.3778e-12 
1193.53 8.75007e-12 
1193.54 9.14224e-12 
1193.55 9.55548e-12 
1193.56 9.99101e-12 
1193.57 1.04502e-11 
1193.58 1.09343e-11 
1193.59 1.14448e-11 
1193.6 1.19834e-11 
1193.61 1.25592e-11 
1193.62 1.31591e-11 
1193.62 1.3792e-11 
1193.63 1.446e-11 
1193.64 1.51651e-11 
1193.65 1.59093e-11 
1193.66 1.6695e-11 
1193.67 1.75245e-11 
1193.68 1.84003e-11 
1193.69 1.9325e-11 
1193.7 2.03015e-11 
1193.71 2.13325e-11 
1193.72 2.24212e-11 
1193.73 2.35856e-11 
1193.74 2.48004e-11 
1193.75 2.60831e-11 
1193.76 2.74375e-11 
1193.77 2.88676e-11 
1193.78 3.03775e-11 
1193.79 3.19717e-11 
1193.8 3.36546e-11 
1193.81 3.54312e-11 
1193.82 3.73065e-11 
1193.83 3.92859e-11 
1193.84 4.1375e-11 
1193.85 4.35796e-11 
1193.86 4.59058e-11 
1193.87 4.83603e-11 
1193.88 5.09496e-11 
1193.89 5.36811e-11 
1193.9 5.6562e-11 
1193.91 5.96002e-11 
1193.92 6.28039e-11 
1193.93 6.61816e-11 
1193.94 6.97423e-11 
1193.95 7.34955e-11 
1193.96 7.74508e-11 
1193.97 8.16186e-11 
1193.98 8.60661e-11 
1193.99 9.06946e-11 
1194 9.55696e-11 
1194.01 1.00703e-10 
1194.02 1.06108e-10 
1194.03 1.11798e-10 
1194.04 1.17787e-10 
1194.05 1.2409e-10 
1194.05 1.30721e-10 
1194.06 1.37697e-10 
1194.07 1.45034e-10 
1194.08 1.5275e-10 
1194.09 1.60863e-10 
1194.1 1.69391e-10 
1194.11 1.78354e-10 
1194.12 1.87773e-10 
1194.13 1.97669e-10 
1194.14 2.08064e-10 
1194.15 2.18981e-10 
1194.16 2.30444e-10 
1194.17 2.42478e-10 
1194.18 2.55109e-10 
1194.19 2.68364e-10 
1194.2 2.82272e-10 
1194.21 2.9686e-10 
1194.22 3.12161e-10 
1194.23 3.2841e-10 
1194.24 3.4524e-10 
1194.25 3.62879e-10 
1194.26 3.81365e-10 
1194.27 4.00733e-10 
1194.28 4.2102e-10 
1194.29 4.42268e-10 
1194.3 4.64515e-10 
1194.31 4.87806e-10 
1194.32 5.12183e-10 
1194.33 5.37692e-10 
1194.34 5.64379e-10 
1194.35 5.92294e-10 
1194.36 6.21488e-10 
1194.37 6.52011e-10 
1194.38 6.83919e-10 
1194.39 7.17266e-10 
1194.4 7.52111e-10 
1194.41 7.88514e-10 
1194.42 8.26535e-10 
1194.43 8.66239e-10 
1194.44 9.07691e-10 
1194.45 9.50959e-10 
1194.46 9.96113e-10 
1194.47 1.04323e-09 
1194.47 1.09301e-09 
1194.48 1.14428e-09 
1194.49 1.19775e-09 
1194.5 1.2535e-09 
1194.51 1.3116e-09 
1194.52 1.37215e-09 
1194.53 1.43522e-09 
1194.54 1.50092e-09 
1194.55 1.56935e-09 
1194.56 1.64058e-09 
1194.57 1.71474e-09 
1194.58 1.79191e-09 
1194.59 1.87221e-09 
1194.6 1.95575e-09 
1194.61 2.0439e-09 
1194.62 2.1343e-09 
1194.63 2.22828e-09 
1194.64 2.32597e-09 
1194.65 2.42749e-09 
1194.66 2.53296e-09 
1194.67 2.64252e-09 
1194.68 2.7563e-09 
1194.69 2.87444e-09 
1194.7 2.99708e-09 
1194.71 3.12437e-09 
1194.72 3.25644e-09 
1194.73 3.39521e-09 
1194.74 3.5374e-09 
1194.75 3.68485e-09 
1194.76 3.83772e-09 
1194.77 3.99619e-09 
1194.78 4.16041e-09 
1194.79 4.33056e-09 
1194.8 4.50683e-09 
1194.81 4.68939e-09 
1194.82 4.87843e-09 
1194.83 5.07413e-09 
1194.84 5.27669e-09 
1194.85 5.48631e-09 
1194.86 5.70319e-09 
1194.87 5.92753e-09 
1194.88 6.15953e-09 
1194.89 6.39943e-09 
1194.9 6.64742e-09 
1194.9 6.90373e-09 
1194.91 7.16859e-09 
1194.92 7.44222e-09 
1194.93 7.72485e-09 
1194.94 8.01673e-09 
1194.95 8.3181e-09 
1194.96 8.62919e-09 
1194.97 8.95026e-09 
1194.98 9.28577e-09 
1194.99 9.62769e-09 
1195 9.98035e-09 
1195.01 1.0344e-08 
1195.02 1.0719e-08 
1195.03 1.11055e-08 
1195.04 1.15039e-08 
1195.05 1.19143e-08 
1195.06 1.23372e-08 
1195.07 1.27728e-08 
1195.08 1.32213e-08 
1195.09 1.36831e-08 
1195.1 1.41584e-08 
1195.11 1.46477e-08 
1195.12 1.51511e-08 
1195.13 1.5669e-08 
1195.14 1.62017e-08 
1195.15 1.67495e-08 
1195.16 1.73127e-08 
1195.17 1.78917e-08 
1195.18 1.84868e-08 
1195.19 1.90984e-08 
1195.2 1.97266e-08 
1195.21 2.0372e-08 
1195.22 2.10348e-08 
1195.23 2.17239e-08 
1195.24 2.24228e-08 
1195.25 2.31402e-08 
1195.26 2.38764e-08 
1195.27 2.46317e-08 
1195.28 2.54066e-08 
1195.29 2.62014e-08 
1195.3 2.70164e-08 
1195.31 2.7852e-08 
1195.32 2.87087e-08 
1195.32 2.95866e-08 
1195.33 3.04863e-08 
1195.34 3.14081e-08 
1195.35 3.23524e-08 
1195.36 3.33196e-08 
1195.37 3.43099e-08 
1195.38 3.53239e-08 
1195.39 3.63619e-08 
1195.4 3.74243e-08 
1195.41 3.85115e-08 
1195.42 3.96239e-08 
1195.43 4.07618e-08 
1195.44 4.19258e-08 
1195.45 4.3116e-08 
1195.46 4.43331e-08 
1195.47 4.55773e-08 
1195.48 4.68651e-08 
1195.49 4.81653e-08 
1195.5 4.94938e-08 
1195.51 5.08511e-08 
1195.52 5.22376e-08 
1195.53 5.36537e-08 
1195.54 5.50999e-08 
1195.55 5.65766e-08 
1195.56 5.80841e-08 
1195.57 5.9623e-08 
1195.58 6.11936e-08 
1195.59 6.27963e-08 
1195.6 6.44316e-08 
1195.61 6.61408e-08 
1195.62 6.78436e-08 
1195.63 6.95804e-08 
1195.64 7.13514e-08 
1195.65 7.31573e-08 
1195.66 7.49984e-08 
1195.67 7.68752e-08 
1195.68 7.87881e-08 
1195.69 8.07376e-08 
1195.7 8.27242e-08 
1195.71 8.47482e-08 
1195.72 8.68103e-08 
1195.73 8.89372e-08 
1195.74 9.10771e-08 
1195.75 9.32564e-08 
1195.75 9.54755e-08 
1195.76 9.7735e-08 
1195.77 1.00035e-07 
1195.78 1.02377e-07 
1195.79 1.04761e-07 
1195.8 1.07187e-07 
1195.81 1.09655e-07 
1195.82 1.12167e-07 
1195.83 1.14723e-07 
1195.84 1.17324e-07 
1195.85 1.19969e-07 
1195.86 1.2266e-07 
1195.87 1.25397e-07 
1195.88 1.28181e-07 
1195.89 1.31011e-07 
1195.9 1.3389e-07 
1195.91 1.36817e-07 
1195.92 1.39792e-07 
1195.93 1.42818e-07 
1195.94 1.45893e-07 
1195.95 1.49019e-07 
1195.96 1.52196e-07 
1195.97 1.55425e-07 
1195.98 1.58749e-07 
1195.99 1.62084e-07 
1196 1.65474e-07 
1196.01 1.68918e-07 
1196.02 1.72418e-07 
1196.03 1.75973e-07 
1196.04 1.79585e-07 
1196.05 1.83254e-07 
1196.06 1.86981e-07 
1196.07 1.90767e-07 
1196.08 1.94613e-07 
1196.09 1.98519e-07 
1196.1 2.02485e-07 
1196.11 2.06514e-07 
1196.12 2.10605e-07 
1196.13 2.14759e-07 
1196.14 2.18977e-07 
1196.15 2.23261e-07 
1196.16 2.2761e-07 
1196.17 2.32026e-07 
1196.17 2.36509e-07 
1196.18 2.4106e-07 
1196.19 2.4568e-07 
1196.2 2.50371e-07 
1196.21 2.55132e-07 
1196.22 2.60027e-07 
1196.23 2.64933e-07 
1196.24 2.69913e-07 
1196.25 2.74968e-07 
1196.26 2.80098e-07 
1196.27 2.85304e-07 
1196.28 2.90588e-07 
1196.29 2.9595e-07 
1196.3 3.01391e-07 
1196.31 3.06912e-07 
1196.32 3.12514e-07 
1196.33 3.18199e-07 
1196.34 3.23966e-07 
1196.35 3.29817e-07 
1196.36 3.35753e-07 
1196.37 3.41775e-07 
1196.38 3.47884e-07 
1196.39 3.5408e-07 
1196.4 3.60366e-07 
1196.41 3.66741e-07 
1196.42 3.73207e-07 
1196.43 3.79764e-07 
1196.44 3.86414e-07 
1196.45 3.93158e-07 
1196.46 3.99996e-07 
1196.47 4.06929e-07 
1196.48 4.14048e-07 
1196.49 4.21176e-07 
1196.5 4.28402e-07 
1196.51 4.35727e-07 
1196.52 4.43152e-07 
1196.53 4.50678e-07 
1196.54 4.58305e-07 
1196.55 4.66035e-07 
1196.56 4.73867e-07 
1196.57 4.81804e-07 
1196.58 4.89844e-07 
1196.59 4.9799e-07 
1196.6 5.06242e-07 
1196.6 5.14919e-07 
1196.61 5.2339e-07 
1196.62 5.31968e-07 
1196.63 5.40655e-07 
1196.64 5.49451e-07 
1196.65 5.58356e-07 
1196.66 5.6737e-07 
1196.67 5.76495e-07 
1196.68 5.8573e-07 
1196.69 5.95076e-07 
1196.7 6.04533e-07 
1196.71 6.14101e-07 
1196.72 6.2378e-07 
1196.73 6.33694e-07 
1196.74 6.43597e-07 
1196.75 6.53611e-07 
1196.76 6.63737e-07 
1196.77 6.73974e-07 
1196.78 6.84322e-07 
1196.79 6.9478e-07 
1196.8 7.05349e-07 
1196.81 7.16027e-07 
1196.82 7.26815e-07 
1196.83 7.37712e-07 
1196.84 7.48717e-07 
1196.85 7.59829e-07 
1196.86 7.71048e-07 
1196.87 7.82372e-07 
1196.88 7.93802e-07 
1196.89 8.05335e-07 
1196.9 8.16971e-07 
1196.91 8.28709e-07 
1196.92 8.40547e-07 
1196.93 8.52484e-07 
1196.94 8.64519e-07 
1196.95 8.76649e-07 
1196.96 8.88874e-07 
1196.97 9.01191e-07 
1196.98 9.13755e-07 
1196.99 9.26253e-07 
1197 9.38838e-07 
1197.01 9.51508e-07 
1197.02 9.64261e-07 
1197.03 9.77094e-07 
1197.03 9.90005e-07 
1197.04 1.00299e-06 
1197.05 1.01605e-06 
1197.06 1.02918e-06 
1197.07 1.04238e-06 
1197.08 1.05564e-06 
1197.09 1.06896e-06 
1197.1 1.08235e-06 
1197.11 1.09578e-06 
1197.12 1.10927e-06 
1197.13 1.12281e-06 
1197.14 1.1364e-06 
1197.15 1.15003e-06 
1197.16 1.16369e-06 
1197.17 1.17739e-06 
1197.18 1.19112e-06 
1197.19 1.20488e-06 
1197.2 1.21866e-06 
1197.21 1.23246e-06 
1197.22 1.24628e-06 
1197.23 1.26028e-06 
1197.24 1.27411e-06 
1197.25 1.28794e-06 
1197.26 1.30178e-06 
1197.27 1.3156e-06 
1197.28 1.32942e-06 
1197.29 1.34321e-06 
1197.3 1.35699e-06 
1197.31 1.37074e-06 
1197.32 1.38446e-06 
1197.33 1.39814e-06 
1197.34 1.41179e-06 
1197.35 1.42539e-06 
1197.36 1.43893e-06 
1197.37 1.45243e-06 
1197.38 1.46586e-06 
1197.39 1.47922e-06 
1197.4 1.49251e-06 
1197.41 1.50573e-06 
1197.42 1.51886e-06 
1197.43 1.53191e-06 
1197.44 1.54486e-06 
1197.45 1.55771e-06 
1197.45 1.57046e-06 
1197.46 1.5831e-06 
1197.47 1.59563e-06 
1197.48 1.60819e-06 
1197.49 1.62047e-06 
1197.5 1.63262e-06 
1197.51 1.64463e-06 
1197.52 1.6565e-06 
1197.53 1.66822e-06 
1197.54 1.67979e-06 
1197.55 1.6912e-06 
1197.56 1.70244e-06 
1197.57 1.71352e-06 
1197.58 1.72442e-06 
1197.59 1.73515e-06 
1197.6 1.74569e-06 
1197.61 1.75712e-06 
1197.62 1.76728e-06 
1197.63 1.77724e-06 
1197.64 1.78699e-06 
1197.65 1.79654e-06 
1197.66 1.80587e-06 
1197.67 1.81498e-06 
1197.68 1.82386e-06 
1197.69 1.83252e-06 
1197.7 1.84094e-06 
1197.71 1.84913e-06 
1197.72 1.85707e-06 
1197.73 1.86486e-06 
1197.74 1.8723e-06 
1197.75 1.87949e-06 
1197.76 1.88642e-06 
1197.77 1.89308e-06 
1197.78 1.89948e-06 
1197.79 1.90561e-06 
1197.8 1.91146e-06 
1197.81 1.91704e-06 
1197.82 1.92234e-06 
1197.83 1.92736e-06 
1197.84 1.93209e-06 
1197.85 1.93653e-06 
1197.86 1.94068e-06 
1197.87 1.94454e-06 
1197.88 1.9481e-06 
1197.88 1.95136e-06 
1197.89 1.95432e-06 
1197.9 1.95698e-06 
1197.91 1.95933e-06 
1197.92 1.96138e-06 
1197.93 1.96312e-06 
1197.94 1.96455e-06 
1197.95 1.96568e-06 
1197.96 1.96649e-06 
1197.97 1.96699e-06 
1197.98 1.96718e-06 
1197.99 1.96705e-06 
1198 1.9666e-06 
1198.01 1.96585e-06 
1198.02 1.96478e-06 
1198.03 1.9634e-06 
1198.04 1.9617e-06 
1198.05 1.9597e-06 
1198.06 1.95738e-06 
1198.07 1.95475e-06 
1198.08 1.95181e-06 
1198.09 1.94856e-06 
1198.1 1.94501e-06 
1198.11 1.94115e-06 
1198.12 1.93698e-06 
1198.13 1.93252e-06 
1198.14 1.92775e-06 
1198.15 1.92268e-06 
1198.16 1.91732e-06 
1198.17 1.91167e-06 
1198.18 1.90572e-06 
1198.19 1.89949e-06 
1198.2 1.89297e-06 
1198.21 1.88617e-06 
1198.22 1.87909e-06 
1198.23 1.87164e-06 
1198.24 1.86401e-06 
1198.25 1.85611e-06 
1198.26 1.84794e-06 
1198.27 1.83952e-06 
1198.28 1.83084e-06 
1198.29 1.8219e-06 
1198.3 1.81272e-06 
1198.3 1.80329e-06 
1198.31 1.79362e-06 
1198.32 1.78372e-06 
1198.33 1.77359e-06 
1198.34 1.76323e-06 
1198.35 1.75266e-06 
1198.36 1.74186e-06 
1198.37 1.73086e-06 
1198.38 1.71965e-06 
1198.39 1.70824e-06 
1198.4 1.69664e-06 
1198.41 1.68485e-06 
1198.42 1.67288e-06 
1198.43 1.66073e-06 
1198.44 1.64841e-06 
1198.45 1.63593e-06 
1198.46 1.62328e-06 
1198.47 1.61048e-06 
1198.48 1.59737e-06 
1198.49 1.58428e-06 
1198.5 1.57106e-06 
1198.51 1.55771e-06 
1198.52 1.54423e-06 
1198.53 1.53064e-06 
1198.54 1.51694e-06 
1198.55 1.50314e-06 
1198.56 1.48924e-06 
1198.57 1.47526e-06 
1198.58 1.46119e-06 
1198.59 1.44704e-06 
1198.6 1.43283e-06 
1198.61 1.41942e-06 
1198.62 1.40508e-06 
1198.63 1.39069e-06 
1198.64 1.37626e-06 
1198.65 1.36179e-06 
1198.66 1.34729e-06 
1198.67 1.33277e-06 
1198.68 1.31824e-06 
1198.69 1.30371e-06 
1198.7 1.28917e-06 
1198.71 1.27464e-06 
1198.72 1.26013e-06 
1198.73 1.24545e-06 
1198.73 1.23099e-06 
1198.74 1.21657e-06 
1198.75 1.20219e-06 
1198.76 1.18786e-06 
1198.77 1.17359e-06 
1198.78 1.15939e-06 
1198.79 1.14526e-06 
1198.8 1.13121e-06 
1198.81 1.11726e-06 
1198.82 1.1034e-06 
1198.83 1.08964e-06 
1198.84 1.076e-06 
1198.85 1.06248e-06 
1198.86 1.04909e-06 
1198.87 1.03584e-06 
1198.88 1.02273e-06 
1198.89 1.00977e-06 
1198.9 9.96974e-07 
1198.91 9.84348e-07 
1198.92 9.719e-07 
1198.93 9.59638e-07 
1198.94 9.47571e-07 
1198.95 9.35708e-07 
1198.96 9.24057e-07 
1198.97 9.12627e-07 
1198.98 9.01289e-07 
1198.99 8.90332e-07 
1199 8.79624e-07 
1199.01 8.69173e-07 
1199.02 8.5899e-07 
1199.03 8.49084e-07 
1199.04 8.39464e-07 
1199.05 8.30141e-07 
1199.06 8.21124e-07 
1199.07 8.12424e-07 
1199.08 8.0405e-07 
1199.09 7.96014e-07 
1199.1 7.88325e-07 
1199.11 7.80995e-07 
1199.12 7.74034e-07 
1199.13 7.67454e-07 
1199.14 7.61265e-07 
1199.15 7.55479e-07 
1199.15 7.50108e-07 
1199.16 7.45163e-07 
1199.17 7.40657e-07 
1199.18 7.366e-07 
1199.19 7.33007e-07 
1199.2 7.29888e-07 
1199.21 7.27257e-07 
1199.22 7.25106e-07 
1199.23 7.23491e-07 
1199.24 7.22407e-07 
1199.25 7.21863e-07 
1199.26 7.21872e-07 
1199.27 7.22449e-07 
1199.28 7.23606e-07 
1199.29 7.25359e-07 
1199.3 7.27721e-07 
1199.31 7.30706e-07 
1199.32 7.34329e-07 
1199.33 7.38604e-07 
1199.34 7.43547e-07 
1199.35 7.49172e-07 
1199.36 7.55494e-07 
1199.37 7.62528e-07 
1199.38 7.7029e-07 
1199.39 7.78794e-07 
1199.4 7.88056e-07 
1199.41 7.98091e-07 
1199.42 8.08915e-07 
1199.43 8.20543e-07 
1199.44 8.32991e-07 
1199.45 8.46274e-07 
1199.46 8.60408e-07 
1199.47 8.75408e-07 
1199.48 8.91494e-07 
1199.49 9.08284e-07 
1199.5 9.25986e-07 
1199.51 9.44616e-07 
1199.52 9.64188e-07 
1199.53 9.84718e-07 
1199.54 1.00622e-06 
1199.55 1.02871e-06 
1199.56 1.0522e-06 
1199.57 1.0767e-06 
1199.58 1.10224e-06 
1199.58 1.12881e-06 
1199.59 1.15644e-06 
1199.6 1.18514e-06 
1199.61 1.21567e-06 
1199.62 1.24656e-06 
1199.63 1.27856e-06 
1199.64 1.31167e-06 
1199.65 1.3459e-06 
1199.66 1.38128e-06 
1199.67 1.4178e-06 
1199.68 1.45547e-06 
1199.69 1.49431e-06 
1199.7 1.53431e-06 
1199.71 1.5755e-06 
1199.72 1.61786e-06 
1199.73 1.66197e-06 
1199.74 1.70673e-06 
1199.75 1.75269e-06 
1199.76 1.79985e-06 
1199.77 1.84821e-06 
1199.78 1.89778e-06 
1199.79 1.94854e-06 
1199.8 2.00051e-06 
1199.81 2.05368e-06 
1199.82 2.10804e-06 
1199.83 2.1636e-06 
1199.84 2.22034e-06 
1199.85 2.27827e-06 
1199.86 2.33737e-06 
1199.87 2.39763e-06 
1199.88 2.45905e-06 
1199.89 2.52162e-06 
1199.9 2.58531e-06 
1199.91 2.65012e-06 
1199.92 2.71604e-06 
1199.93 2.78304e-06 
1199.94 2.85111e-06 
1199.95 2.92023e-06 
1199.96 2.99038e-06 
1199.97 3.06154e-06 
1199.98 3.1346e-06 
1199.99 3.20771e-06 
1200 3.28176e-06 
1200.01 3.35672e-06 
1200.01 3.43255e-06 
1200.02 3.50924e-06 
1200.03 3.58673e-06 
1200.04 3.66502e-06 
1200.05 3.74405e-06 
1200.06 3.8238e-06 
1200.07 3.90422e-06 
1200.08 3.98528e-06 
1200.09 4.06694e-06 
1200.1 4.14915e-06 
1200.11 4.23188e-06 
1200.12 4.31508e-06 
1200.13 4.39871e-06 
1200.14 4.48272e-06 
1200.15 4.56706e-06 
1200.16 4.65168e-06 
1200.17 4.73654e-06 
1200.18 4.82158e-06 
1200.19 4.90676e-06 
1200.2 4.99201e-06 
1200.21 5.07729e-06 
1200.22 5.16254e-06 
1200.23 5.24877e-06 
1200.24 5.3338e-06 
1200.25 5.41862e-06 
1200.26 5.50319e-06 
1200.27 5.58745e-06 
1200.28 5.67133e-06 
1200.29 5.75478e-06 
1200.3 5.83774e-06 
1200.31 5.92014e-06 
1200.32 6.00193e-06 
1200.33 6.08305e-06 
1200.34 6.16343e-06 
1200.35 6.24302e-06 
1200.36 6.32175e-06 
1200.37 6.39956e-06 
1200.38 6.4764e-06 
1200.39 6.55219e-06 
1200.4 6.62688e-06 
1200.41 6.70042e-06 
1200.42 6.77273e-06 
1200.43 6.84377e-06 
1200.43 6.91347e-06 
1200.44 6.98177e-06 
1200.45 7.04862e-06 
1200.46 7.11397e-06 
1200.47 7.17774e-06 
1200.48 7.24067e-06 
1200.49 7.30114e-06 
1200.5 7.35988e-06 
1200.51 7.41685e-06 
1200.52 7.47199e-06 
1200.53 7.52526e-06 
1200.54 7.5766e-06 
1200.55 7.62598e-06 
1200.56 7.67335e-06 
1200.57 7.71867e-06 
1200.58 7.76189e-06 
1200.59 7.80297e-06 
1200.6 7.84189e-06 
1200.61 7.88345e-06 
1200.62 7.91794e-06 
1200.63 7.95016e-06 
1200.64 7.98008e-06 
1200.65 8.00766e-06 
1200.66 8.0329e-06 
1200.67 8.05575e-06 
1200.68 8.07619e-06 
1200.69 8.09423e-06 
1200.7 8.10982e-06 
1200.71 8.12296e-06 
1200.72 8.13364e-06 
1200.73 8.14192e-06 
1200.74 8.14761e-06 
1200.75 8.15081e-06 
1200.76 8.15152e-06 
1200.77 8.14973e-06 
1200.78 8.14546e-06 
1200.79 8.1387e-06 
1200.8 8.12945e-06 
1200.81 8.11773e-06 
1200.82 8.10354e-06 
1200.83 8.08691e-06 
1200.84 8.06784e-06 
1200.85 8.04635e-06 
1200.85 8.02246e-06 
1200.86 7.99619e-06 
1200.87 7.96757e-06 
1200.88 7.93662e-06 
1200.89 7.90337e-06 
1200.9 7.86784e-06 
1200.91 7.83008e-06 
1200.92 7.79011e-06 
1200.93 7.74797e-06 
1200.94 7.7037e-06 
1200.95 7.65734e-06 
1200.96 7.60892e-06 
1200.97 7.55849e-06 
1200.98 7.50542e-06 
1200.99 7.45108e-06 
1201 7.39487e-06 
1201.01 7.33683e-06 
1201.02 7.27701e-06 
1201.03 7.21547e-06 
1201.04 7.15226e-06 
1201.05 7.08743e-06 
1201.06 7.02103e-06 
1201.07 6.95312e-06 
1201.08 6.88376e-06 
1201.09 6.813e-06 
1201.1 6.7409e-06 
1201.11 6.66752e-06 
1201.12 6.59291e-06 
1201.13 6.51714e-06 
1201.14 6.44027e-06 
1201.15 6.36235e-06 
1201.16 6.28345e-06 
1201.17 6.20362e-06 
1201.18 6.12293e-06 
1201.19 6.04143e-06 
1201.2 5.95919e-06 
1201.21 5.87627e-06 
1201.22 5.79273e-06 
1201.23 5.70756e-06 
1201.24 5.62294e-06 
1201.25 5.53788e-06 
1201.26 5.45243e-06 
1201.27 5.36665e-06 
1201.28 5.2806e-06 
1201.28 5.19434e-06 
1201.29 5.10792e-06 
1201.3 5.0214e-06 
1201.31 4.93483e-06 
1201.32 4.84826e-06 
1201.33 4.76175e-06 
1201.34 4.67535e-06 
1201.35 4.58911e-06 
1201.36 4.50308e-06 
1201.37 4.4173e-06 
1201.38 4.33183e-06 
1201.39 4.24671e-06 
1201.4 4.16199e-06 
1201.41 4.0777e-06 
1201.42 3.9939e-06 
1201.43 3.91062e-06 
1201.44 3.8279e-06 
1201.45 3.74578e-06 
1201.46 3.6643e-06 
1201.47 3.58349e-06 
1201.48 3.50239e-06 
1201.49 3.42304e-06 
1201.5 3.34446e-06 
1201.51 3.26668e-06 
1201.52 3.18973e-06 
1201.53 3.11364e-06 
1201.54 3.03843e-06 
1201.55 2.96412e-06 
1201.56 2.89075e-06 
1201.57 2.81833e-06 
1201.58 2.74688e-06 
1201.59 2.67642e-06 
1201.6 2.60697e-06 
1201.61 2.5401e-06 
1201.62 2.47267e-06 
1201.63 2.40628e-06 
1201.64 2.34097e-06 
1201.65 2.27672e-06 
1201.66 2.21356e-06 
1201.67 2.15149e-06 
1201.68 2.09053e-06 
1201.69 2.03066e-06 
1201.7 1.97191e-06 
1201.7 1.91426e-06 
1201.71 1.85773e-06 
1201.72 1.80164e-06 
1201.73 1.74736e-06 
1201.74 1.69419e-06 
1201.75 1.64214e-06 
1201.76 1.5912e-06 
1201.77 1.54136e-06 
1201.78 1.49263e-06 
1201.79 1.445e-06 
1201.8 1.39845e-06 
1201.81 1.35299e-06 
1201.82 1.30861e-06 
1201.83 1.26529e-06 
1201.84 1.22304e-06 
1201.85 1.18183e-06 
1201.86 1.14166e-06 
1201.87 1.10251e-06 
1201.88 1.06438e-06 
1201.89 1.02726e-06 
1201.9 9.91125e-07 
1201.91 9.55969e-07 
1201.92 9.21776e-07 
1201.93 8.88534e-07 
1201.94 8.56228e-07 
1201.95 8.24843e-07 
1201.96 7.94365e-07 
1201.97 7.64779e-07 
1201.98 7.35715e-07 
1201.99 7.07875e-07 
1202 6.8088e-07 
1202.01 6.54714e-07 
1202.02 6.2936e-07 
1202.03 6.04802e-07 
1202.04 5.81024e-07 
1202.05 5.5801e-07 
1202.06 5.35743e-07 
1202.07 5.14206e-07 
1202.08 4.93384e-07 
1202.09 4.7326e-07 
1202.1 4.53818e-07 
1202.11 4.3504e-07 
1202.12 4.16912e-07 
1202.13 3.99416e-07 
1202.13 3.82537e-07 
1202.14 3.66259e-07 
1202.15 3.50567e-07 
1202.16 3.35443e-07 
1202.17 3.20874e-07 
1202.18 3.06843e-07 
1202.19 2.93335e-07 
1202.2 2.80337e-07 
1202.21 2.67832e-07 
1202.22 2.55662e-07 
1202.23 2.44104e-07 
1202.24 2.32999e-07 
1202.25 2.22332e-07 
1202.26 2.12088e-07 
1202.27 2.02254e-07 
1202.28 1.92817e-07 
1202.29 1.83763e-07 
1202.3 1.75081e-07 
1202.31 1.66758e-07 
1202.32 1.58782e-07 
1202.33 1.51141e-07 
1202.34 1.43824e-07 
1202.35 1.36819e-07 
1202.36 1.30115e-07 
1202.37 1.23701e-07 
1202.38 1.17568e-07 
1202.39 1.11705e-07 
1202.4 1.06101e-07 
1202.41 1.00747e-07 
1202.42 9.56348e-08 
1202.43 9.07537e-08 
1202.44 8.60953e-08 
1202.45 8.16509e-08 
1202.46 7.74123e-08 
1202.47 7.33711e-08 
1202.48 6.94726e-08 
1202.49 6.58053e-08 
1202.5 6.23124e-08 
1202.51 5.89868e-08 
1202.52 5.58216e-08 
1202.53 5.281e-08 
1202.54 4.99456e-08 
1202.55 4.7222e-08 
1202.56 4.46333e-08 
1202.56 4.21735e-08 
1202.57 3.9837e-08 
1202.58 3.76185e-08 
1202.59 3.55126e-08 
1202.6 3.35143e-08 
1202.61 3.16382e-08 
1202.62 2.98396e-08 
1202.63 2.81346e-08 
1202.64 2.65189e-08 
1202.65 2.49883e-08 
1202.66 2.35389e-08 
1202.67 2.21667e-08 
1202.68 2.08681e-08 
1202.69 1.96395e-08 
1202.7 1.84776e-08 
1202.71 1.73791e-08 
1202.72 1.63409e-08 
1202.73 1.53481e-08 
1202.74 1.44223e-08 
1202.75 1.35482e-08 
1202.76 1.27232e-08 
1202.77 1.19447e-08 
1202.78 1.12104e-08 
1202.79 1.05181e-08 
1202.8 9.86546e-09 
1202.81 9.25049e-09 
1202.82 8.6712e-09 
1202.83 8.12568e-09 
1202.84 7.61215e-09 
1202.85 7.12889e-09 
1202.86 6.67425e-09 
1202.87 6.2467e-09 
1202.88 5.84474e-09 
1202.89 5.46696e-09 
1202.9 5.11204e-09 
1202.91 4.77869e-09 
1202.92 4.46571e-09 
1202.93 4.17194e-09 
1202.94 3.89631e-09 
1202.95 3.63777e-09 
1202.96 3.39534e-09 
1202.97 3.16809e-09 
1202.98 2.95515e-09 
1202.98 2.75327e-09 
1202.99 2.56662e-09 
1203 2.39189e-09 
1203.01 2.22838e-09 
1203.02 2.0754e-09 
1203.03 1.93234e-09 
1203.04 1.79858e-09 
1203.05 1.67357e-09 
1203.06 1.55677e-09 
1203.07 1.44768e-09 
1203.08 1.34582e-09 
1203.09 1.25074e-09 
1203.1 1.16202e-09 
1203.11 1.07927e-09 
1203.12 1.0021e-09 
1203.13 9.30159e-10 
1203.14 8.63121e-10 
1203.15 8.00669e-10 
1203.16 7.42507e-10 
1203.17 6.8836e-10 
1203.18 6.37965e-10 
1203.19 5.91078e-10 
1203.2 5.47469e-10 
1203.21 5.06922e-10 
1203.22 4.69234e-10 
1203.23 4.33793e-10 
1203.24 4.01294e-10 
1203.25 3.71115e-10 
1203.26 3.43101e-10 
1203.27 3.17105e-10 
1203.28 2.92988e-10 
1203.29 2.70622e-10 
1203.3 2.49887e-10 
1203.31 2.3067e-10 
1203.32 2.12865e-10 
1203.33 1.96375e-10 
1203.34 1.81106e-10 
1203.35 1.66973e-10 
1203.36 1.53896e-10 
1203.37 1.41799e-10 
1203.38 1.30614e-10 
1203.39 1.20273e-10 
1203.4 1.10718e-10 
1203.41 1.0189e-10 
1203.41 9.37374e-11 
1203.42 8.62106e-11 
1203.43 7.92639e-11 
1203.44 7.28545e-11 
1203.45 6.69429e-11 
1203.46 6.14921e-11 
1203.47 5.64678e-11 
1203.48 5.17826e-11 
1203.49 4.75222e-11 
1203.5 4.3599e-11 
1203.51 3.99874e-11 
1203.52 3.66637e-11 
1203.53 3.3606e-11 
1203.54 3.07938e-11 
1203.55 2.82083e-11 
1203.56 2.5832e-11 
1203.57 2.36486e-11 
1203.58 2.16431e-11 
1203.59 1.98015e-11 
1203.6 1.81112e-11 
1203.61 1.65702e-11 
1203.62 1.51463e-11 
1203.63 1.38406e-11 
1203.64 1.26436e-11 
1203.65 1.15465e-11 
1203.66 1.05414e-11 
1203.67 9.62082e-12 
1203.68 8.77795e-12 
1203.69 8.00646e-12 
1203.7 7.30054e-12 
1203.71 6.65482e-12 
1203.72 6.06435e-12 
1203.73 5.51813e-12 
1203.74 5.02541e-12 
1203.75 4.57529e-12 
1203.76 4.1642e-12 
1203.77 3.78888e-12 
1203.78 3.44634e-12 
1203.79 3.1338e-12 
1203.8 2.84873e-12 
1203.81 2.5888e-12 
1203.82 2.35186e-12 
1203.83 2.13595e-12 
1203.83 1.93927e-12 
1203.84 1.76016e-12 
1203.85 1.5971e-12 
1203.86 1.44871e-12 
1203.87 1.31369e-12 
1203.88 1.1909e-12 
1203.89 1.07925e-12 
1203.9 9.77768e-13 
1203.91 8.85557e-13 
1203.92 8.01797e-13 
1203.93 7.25736e-13 
1203.94 6.56688e-13 
1203.95 5.94028e-13 
1203.96 5.37182e-13 
1203.97 4.85627e-13 
1203.98 4.38329e-13 
1203.99 3.96016e-13 
1204 3.57679e-13 
1204.01 3.22953e-13 
1204.02 2.91509e-13 
1204.03 2.63046e-13 
1204.04 2.3729e-13 
1204.05 2.13989e-13 
1204.06 1.92918e-13 
1204.07 1.73868e-13 
1204.08 1.56651e-13 
1204.09 1.41095e-13 
1204.1 1.27045e-13 
1204.11 1.1436e-13 
1204.12 1.02909e-13 
1204.13 9.25764e-14 
1204.14 8.32557e-14 
1204.15 7.48505e-14 
1204.16 6.72732e-14 
1204.17 6.04444e-14 
1204.18 5.42921e-14 
1204.19 4.87511e-14 
1204.2 4.37621e-14 
1204.21 3.92716e-14 
1204.22 3.52311e-14 
1204.23 3.15536e-14 
1204.24 2.82897e-14 
1204.25 2.53557e-14 
1204.26 2.27189e-14 
1204.26 2.03501e-14 
1204.27 1.82227e-14 
1204.28 1.63127e-14 
1204.29 1.45984e-14 
1204.3 1.30603e-14 
1204.31 1.16806e-14 
1204.32 1.04435e-14 
1204.33 9.33453e-15 
1204.34 8.34077e-15 
1204.35 7.45051e-15 
1204.36 6.65324e-15 
1204.37 5.93945e-15 
1204.38 5.30062e-15 
1204.39 4.72905e-15 
1204.4 4.21782e-15 
1204.41 3.76069e-15 
1204.42 3.35209e-15 
1204.43 2.98696e-15 
1204.44 2.66079e-15 
1204.45 2.3695e-15 
1204.46 2.10946e-15 
1204.47 1.87738e-15 
1204.48 1.66788e-15 
1204.49 1.48346e-15 
1204.5 1.31904e-15 
1204.51 1.17247e-15 
1204.52 1.04187e-15 
1204.53 9.25539e-16 
1204.54 8.21942e-16 
1204.55 7.29716e-16 
1204.56 6.4764e-16 
1204.57 5.74619e-16 
1204.58 5.09675e-16 
1204.59 4.51932e-16 
1204.6 4.00608e-16 
1204.61 3.55004e-16 
1204.62 3.14688e-16 
1204.63 2.78693e-16 
1204.64 2.4674e-16 
1204.65 2.18384e-16 
1204.66 1.93227e-16 
1204.67 1.70915e-16 
1204.68 1.51134e-16 
1204.68 1.33601e-16 
1204.69 1.18065e-16 
1204.7 1.04304e-16 
1204.71 9.21192e-17 
1204.72 8.12058e-17 
1204.73 7.16748e-17 
1204.74 6.3243e-17 
1204.75 5.57859e-17 
1204.76 4.91931e-17 
1204.77 4.33661e-17 
1204.78 3.82175e-17 
1204.79 3.36699e-17 
1204.8 2.96543e-17 
1204.81 2.61097e-17 
1204.82 2.29816e-17 
1204.83 2.02222e-17 
1204.84 1.77885e-17 
1204.85 1.5643e-17 
1204.86 1.3752e-17 
1204.87 1.20859e-17 
1204.88 1.06184e-17 
1204.89 9.32624e-18 
1204.9 8.1888e-18 
1204.91 7.18787e-18 
1204.92 6.30735e-18 
1204.93 5.533e-18 
1204.94 4.85223e-18 
1204.95 4.25391e-18 
1204.96 3.72822e-18 
1204.97 3.2665e-18 
1204.98 2.85634e-18 
1204.99 2.50105e-18 
1205 2.18928e-18 
1205.01 1.91578e-18 
1205.02 1.67594e-18 
1205.03 1.46568e-18 
1205.04 1.2814e-18 
1205.05 1.11995e-18 
1205.06 9.78535e-19 
1205.07 8.54717e-19 
1205.08 7.46338e-19 
1205.09 6.51501e-19 
1205.1 5.6854e-19 
1205.11 4.95992e-19 
1205.11 4.32568e-19 
1205.12 3.77138e-19 
1205.13 3.28711e-19 
1205.14 2.86414e-19 
1205.15 2.49483e-19 
1205.16 2.17247e-19 
1205.17 1.89118e-19 
1205.18 1.64581e-19 
1205.19 1.43184e-19 
1205.2 1.2453e-19 
1205.21 1.08273e-19 
1205.22 9.39558e-20 
1205.23 8.16304e-20 
1205.24 7.09084e-20 
1205.25 6.15758e-20 
1205.26 5.34551e-20 
1205.27 4.63911e-20 
1205.28 4.02482e-20 
1205.29 3.49081e-20 
1205.3 3.02672e-20 
1205.31 2.62352e-20 
1205.32 2.27334e-20 
1205.33 1.96929e-20 
1205.34 1.70539e-20 
1205.35 1.47639e-20 
1205.36 1.27776e-20 
1205.37 1.10551e-20 
1205.38 9.56183e-21 
1205.39 8.26776e-21 
1205.4 7.14662e-21 
1205.41 6.17562e-21 
1205.42 5.33491e-21 
1205.43 4.60724e-21 
1205.44 3.9776e-21 
1205.45 3.43295e-21 
1205.46 2.96197e-21 
1205.47 2.55483e-21 
1205.48 2.19917e-21 
1205.49 1.89546e-21 
1205.5 1.6334e-21 
1205.51 1.40715e-21 
1205.52 1.21186e-21 
1205.53 1.04335e-21 
1205.54 8.97999e-22 
1205.54 7.7266e-22 
1205.55 6.64611e-22 
1205.56 5.71496e-22 
1205.57 4.91276e-22 
1205.58 4.22187e-22 
1205.59 3.62703e-22 
1205.6 3.11504e-22 
1205.61 2.67615e-22 
1205.62 2.29697e-22 
1205.63 1.97092e-22 
1205.64 1.69063e-22 
1205.65 1.44976e-22 
1205.66 1.24282e-22 
1205.67 1.06509e-22 
1205.68 9.12503e-23 
1205.69 7.81534e-23 
1205.7 6.69156e-23 
1205.71 5.72762e-23 
1205.72 4.90104e-23 
1205.73 4.18427e-23 
1205.74 3.5782e-23 
1205.75 3.05898e-23 
1205.76 2.6143e-23 
1205.77 2.23358e-23 
1205.78 1.90771e-23 
1205.79 1.62889e-23 
1205.8 1.39039e-23 
1205.81 1.18645e-23 
1205.82 1.01211e-23 
1205.83 8.63127e-24 
1205.84 7.35847e-24 
1205.85 6.27143e-24 
1205.86 5.34334e-24 
1205.87 4.55119e-24 
1205.88 3.87529e-24 
1205.89 3.29876e-24 
1205.9 2.80714e-24 
1205.91 2.38805e-24 
1205.92 2.03091e-24 
1205.93 1.72664e-24 
1205.94 1.46752e-24 
1205.95 1.24689e-24 
1205.96 1.05911e-24 
1205.96 8.99337e-25 
1205.97 7.6343e-25 
1205.98 6.46533e-25 
1205.99 5.48491e-25 
1206 4.65173e-25 
1206.01 3.9439e-25 
1206.02 3.34276e-25 
1206.03 2.83237e-25 
1206.04 2.39918e-25 
1206.05 2.03162e-25 
1206.06 1.71984e-25 
1206.07 1.45546e-25 
1206.08 1.23134e-25 
1206.09 1.04142e-25 
1206.1 8.80515e-26 
1206.11 7.44246e-26 
1206.12 6.28872e-26 
1206.13 5.31221e-26 
1206.14 4.48595e-26 
1206.15 3.78705e-26 
1206.16 3.19605e-26 
1206.17 2.69645e-26 
1206.18 2.27426e-26 
1206.19 1.91758e-26 
1206.2 1.61634e-26 
1206.21 1.36201e-26 
1206.22 1.14734e-26 
1206.23 9.64137e-27 
1206.24 8.11678e-27 
1206.25 6.83118e-27 
1206.26 5.74744e-27 
1206.27 4.83414e-27 
1206.28 4.06473e-27 
1206.29 3.41673e-27 
1206.3 2.87115e-27 
1206.31 2.41195e-27 
1206.32 2.02557e-27 
1206.33 1.70056e-27 
1206.34 1.42727e-27 
1206.35 1.19752e-27 
1206.36 1.00445e-27 
1206.37 8.42253e-28 
1206.38 7.06028e-28 
1206.39 5.91655e-28 
1206.39 4.95657e-28 
1206.4 4.15108e-28 
1206.41 3.47542e-28 
1206.42 2.90884e-28 
1206.43 2.43388e-28 
1206.44 2.03585e-28 
1206.45 1.70239e-28 
1206.46 1.42311e-28 
1206.47 1.18929e-28 
1206.48 9.9134e-29 
1206.49 8.27944e-29 
1206.5 6.91268e-29 
1206.51 5.76977e-29 
1206.52 4.81435e-29 
1206.53 4.0159e-29 
1206.54 3.34884e-29 
1206.55 2.79173e-29 
1206.56 2.32659e-29 
1206.57 1.93835e-29 
1206.58 1.6144e-29 
1206.59 1.34418e-29 
1206.6 0 
