#energy geo_1 
1186.6 0 
1186.61 0 
1186.62 0 
1186.63 0 
1186.64 0 
1186.65 0 
1186.66 0 
1186.67 0 
1186.68 0 
1186.69 0 
1186.7 0 
1186.71 0 
1186.72 0 
1186.73 0 
1186.74 0 
1186.75 0 
1186.76 0 
1186.77 0 
1186.78 0 
1186.79 0 
1186.8 0 
1186.81 0 
1186.81 0 
1186.82 0 
1186.83 0 
1186.84 0 
1186.85 0 
1186.86 0 
1186.87 0 
1186.88 0 
1186.89 0 
1186.9 0 
1186.91 0 
1186.92 0 
1186.93 0 
1186.94 0 
1186.95 0 
1186.96 0 
1186.97 0 
1186.98 0 
1186.99 0 
1187 0 
1187.01 0 
1187.02 0 
1187.03 0 
1187.04 0 
1187.05 0 
1187.06 0 
1187.07 0 
1187.08 0 
1187.09 0 
1187.1 0 
1187.11 0 
1187.12 0 
1187.13 0 
1187.14 0 
1187.15 0 
1187.16 0 
1187.17 0 
1187.18 0 
1187.19 0 
1187.2 0 
1187.21 0 
1187.22 0 
1187.23 0 
1187.24 0 
1187.24 0 
1187.25 0 
1187.26 0 
1187.27 0 
1187.28 0 
1187.29 0 
1187.3 0 
1187.31 0 
1187.32 0 
1187.33 0 
1187.34 0 
1187.35 0 
1187.36 0 
1187.37 0 
1187.38 0 
1187.39 0 
1187.4 0 
1187.41 0 
1187.42 0 
1187.43 0 
1187.44 0 
1187.45 0 
1187.46 0 
1187.47 0 
1187.48 0 
1187.49 0 
1187.5 0 
1187.51 0 
1187.52 0 
1187.53 0 
1187.54 0 
1187.55 0 
1187.56 0 
1187.57 0 
1187.58 0 
1187.59 0 
1187.6 0 
1187.61 0 
1187.62 0 
1187.63 0 
1187.64 0 
1187.65 1.4013e-45 
1187.66 1.4013e-45 
1187.66 1.4013e-45 
1187.67 1.4013e-45 
1187.68 1.4013e-45 
1187.69 2.8026e-45 
1187.7 2.8026e-45 
1187.71 2.8026e-45 
1187.72 4.2039e-45 
1187.73 4.2039e-45 
1187.74 7.00649e-45 
1187.75 8.40779e-45 
1187.76 9.80909e-45 
1187.77 1.26117e-44 
1187.78 1.4013e-44 
1187.79 1.82169e-44 
1187.8 2.38221e-44 
1187.81 2.8026e-44 
1187.82 3.50325e-44 
1187.83 4.48416e-44 
1187.84 5.46506e-44 
1187.85 6.72623e-44 
1187.86 8.40779e-44 
1187.87 1.03696e-43 
1187.88 1.27518e-43 
1187.89 1.58347e-43 
1187.9 1.9478e-43 
1187.91 2.41023e-43 
1187.92 2.99878e-43 
1187.93 3.71344e-43 
1187.94 4.58225e-43 
1187.95 5.67526e-43 
1187.96 7.02051e-43 
1187.97 8.67404e-43 
1187.98 1.07339e-42 
1187.99 1.32563e-42 
1188 1.63672e-42 
1188.01 2.02207e-42 
1188.02 2.49291e-42 
1188.03 3.07445e-42 
1188.04 3.79191e-42 
1188.05 4.67333e-42 
1188.06 5.75934e-42 
1188.07 7.09618e-42 
1188.08 8.7385e-42 
1188.09 1.07578e-41 
1188.09 1.32409e-41 
1188.1 1.62901e-41 
1188.11 2.00358e-41 
1188.12 2.46348e-41 
1188.13 3.02807e-41 
1188.14 3.72101e-41 
1188.15 4.57076e-41 
1188.16 5.61304e-41 
1188.17 6.89075e-41 
1188.18 8.4567e-41 
1188.19 1.03752e-40 
1188.2 1.27248e-40 
1188.21 1.56019e-40 
1188.22 1.91234e-40 
1188.23 2.34918e-40 
1188.24 2.87759e-40 
1188.25 3.52373e-40 
1188.26 4.31365e-40 
1188.27 5.27897e-40 
1188.28 6.45826e-40 
1188.29 7.89852e-40 
1188.3 9.65695e-40 
1188.31 1.18032e-39 
1188.32 1.44218e-39 
1188.33 1.76159e-39 
1188.34 2.15107e-39 
1188.35 2.62583e-39 
1188.36 3.20437e-39 
1188.37 3.90915e-39 
1188.38 4.76744e-39 
1188.39 5.81236e-39 
1188.4 7.08408e-39 
1188.41 8.63133e-39 
1188.42 1.05132e-38 
1188.43 1.28014e-38 
1188.44 1.55827e-38 
1188.45 1.89623e-38 
1188.46 2.30677e-38 
1188.47 2.80531e-38 
1188.48 3.41885e-38 
1188.49 4.1551e-38 
1188.5 5.04832e-38 
1188.51 6.13163e-38 
1188.52 7.44507e-38 
1188.52 9.03701e-38 
1188.53 1.09659e-37 
1188.54 1.33023e-37 
1188.55 1.61315e-37 
1188.56 1.95563e-37 
1188.57 2.37007e-37 
1188.58 2.87143e-37 
1188.59 3.47777e-37 
1188.6 4.21344e-37 
1188.61 5.09995e-37 
1188.62 6.17104e-37 
1188.63 7.46474e-37 
1188.64 9.02682e-37 
1188.65 1.09124e-36 
1188.66 1.31876e-36 
1188.67 1.59322e-36 
1188.68 1.9242e-36 
1188.69 2.32321e-36 
1188.7 2.80408e-36 
1188.71 3.38342e-36 
1188.72 4.08118e-36 
1188.73 4.9328e-36 
1188.74 5.94631e-36 
1188.75 7.16582e-36 
1188.76 8.63273e-36 
1188.77 1.03967e-35 
1188.78 1.25171e-35 
1188.79 1.50652e-35 
1188.8 1.81264e-35 
1188.81 2.18028e-35 
1188.82 2.62166e-35 
1188.83 3.1514e-35 
1188.84 3.78699e-35 
1188.85 4.54934e-35 
1188.86 5.46345e-35 
1188.87 6.55917e-35 
1188.88 7.87216e-35 
1188.89 9.44503e-35 
1188.9 1.13286e-34 
1188.91 1.35835e-34 
1188.92 1.62822e-34 
1188.93 1.95109e-34 
1188.94 2.33724e-34 
1188.94 2.79895e-34 
1188.95 3.35081e-34 
1188.96 4.01021e-34 
1188.97 4.79788e-34 
1188.98 5.7513e-34 
1188.99 6.87659e-34 
1189 8.21948e-34 
1189.01 9.82153e-34 
1189.02 1.17321e-33 
1189.03 1.401e-33 
1189.04 1.6725e-33 
1189.05 1.99597e-33 
1189.06 2.38126e-33 
1189.07 2.84004e-33 
1189.08 3.38614e-33 
1189.09 4.03597e-33 
1189.1 4.80901e-33 
1189.11 5.72831e-33 
1189.12 6.82121e-33 
1189.13 8.12007e-33 
1189.14 9.66322e-33 
1189.15 1.1496e-32 
1189.16 1.36722e-32 
1189.17 1.62551e-32 
1189.18 1.932e-32 
1189.19 2.29555e-32 
1189.2 2.72666e-32 
1189.21 3.23771e-32 
1189.22 3.84334e-32 
1189.23 4.57059e-32 
1189.24 5.42212e-32 
1189.25 6.43027e-32 
1189.26 7.62348e-32 
1189.27 9.03526e-32 
1189.28 1.07051e-31 
1189.29 1.26796e-31 
1189.3 1.50136e-31 
1189.31 1.77716e-31 
1189.32 2.10297e-31 
1189.33 2.48773e-31 
1189.34 2.94195e-31 
1189.35 3.47802e-31 
1189.36 4.11048e-31 
1189.36 4.85643e-31 
1189.37 5.73594e-31 
1189.38 6.7726e-31 
1189.39 7.99412e-31 
1189.4 9.43298e-31 
1189.41 1.11273e-30 
1189.42 1.31219e-30 
1189.43 1.54691e-30 
1189.44 1.82305e-30 
1189.45 2.14781e-30 
1189.46 2.52963e-30 
1189.47 2.97838e-30 
1189.48 3.51279e-30 
1189.49 4.13335e-30 
1189.5 4.862e-30 
1189.51 5.71731e-30 
1189.52 6.72097e-30 
1189.53 7.89835e-30 
1189.54 9.27906e-30 
1189.55 1.08977e-29 
1189.56 1.27947e-29 
1189.57 1.50172e-29 
1189.58 1.76202e-29 
1189.59 2.06679e-29 
1189.6 2.42352e-29 
1189.61 2.8427e-29 
1189.62 3.33125e-29 
1189.63 3.90255e-29 
1189.64 4.57038e-29 
1189.65 5.35082e-29 
1189.66 6.26255e-29 
1189.67 7.32734e-29 
1189.68 8.57048e-29 
1189.69 1.00214e-28 
1189.7 1.17142e-28 
1189.71 1.36887e-28 
1189.72 1.5991e-28 
1189.73 1.87109e-28 
1189.74 2.1844e-28 
1189.75 2.54939e-28 
1189.76 2.97441e-28 
1189.77 3.46921e-28 
1189.78 4.04506e-28 
1189.79 4.715e-28 
1189.79 5.49417e-28 
1189.8 6.40009e-28 
1189.81 7.45305e-28 
1189.82 8.67653e-28 
1189.83 1.00977e-27 
1189.84 1.17479e-27 
1189.85 1.36635e-27 
1189.86 1.58865e-27 
1189.87 1.84654e-27 
1189.88 2.14561e-27 
1189.89 2.49235e-27 
1189.9 2.8942e-27 
1189.91 3.3598e-27 
1189.92 3.89907e-27 
1189.93 4.52348e-27 
1189.94 5.24623e-27 
1189.95 6.08256e-27 
1189.96 7.05e-27 
1189.97 8.16874e-27 
1189.98 9.47942e-27 
1189.99 1.09767e-26 
1190 1.27066e-26 
1190.01 1.47044e-26 
1190.02 1.7011e-26 
1190.03 1.96733e-26 
1190.04 2.2745e-26 
1190.05 2.62881e-26 
1190.06 3.03736e-26 
1190.07 3.50831e-26 
1190.08 4.051e-26 
1190.09 4.67617e-26 
1190.1 5.39612e-26 
1190.11 6.22496e-26 
1190.12 7.17887e-26 
1190.13 8.27634e-26 
1190.14 9.5386e-26 
1190.15 1.09899e-25 
1190.16 1.26581e-25 
1190.17 1.45749e-25 
1190.18 1.67767e-25 
1190.19 1.9305e-25 
1190.2 2.22074e-25 
1190.21 2.55382e-25 
1190.21 2.93593e-25 
1190.22 3.38001e-25 
1190.23 3.88329e-25 
1190.24 4.46009e-25 
1190.25 5.12097e-25 
1190.26 5.87792e-25 
1190.27 6.74465e-25 
1190.28 7.73674e-25 
1190.29 8.87199e-25 
1190.3 1.01706e-24 
1190.31 1.16557e-24 
1190.32 1.33534e-24 
1190.33 1.52935e-24 
1190.34 1.75101e-24 
1190.35 2.00417e-24 
1190.36 2.2932e-24 
1190.37 2.62309e-24 
1190.38 2.9995e-24 
1190.39 3.42885e-24 
1190.4 3.91842e-24 
1190.41 4.47648e-24 
1190.42 5.11243e-24 
1190.43 5.83688e-24 
1190.44 6.6619e-24 
1190.45 7.60114e-24 
1190.46 8.67008e-24 
1190.47 9.88625e-24 
1190.48 1.12879e-23 
1190.49 1.28631e-23 
1190.5 1.46536e-23 
1190.51 1.6688e-23 
1190.52 1.8999e-23 
1190.53 2.16231e-23 
1190.54 2.4602e-23 
1190.55 2.79825e-23 
1190.56 3.18174e-23 
1190.57 3.61666e-23 
1190.58 4.10974e-23 
1190.59 4.66858e-23 
1190.6 5.30174e-23 
1190.61 6.02263e-23 
1190.62 6.83514e-23 
1190.63 7.75482e-23 
1190.64 8.79549e-23 
1190.64 9.97268e-23 
1190.65 1.13039e-22 
1190.66 1.28088e-22 
1190.67 1.45094e-22 
1190.68 1.64307e-22 
1190.69 1.86006e-22 
1190.7 2.10504e-22 
1190.71 2.38154e-22 
1190.72 2.69351e-22 
1190.73 3.05006e-22 
1190.74 3.44743e-22 
1190.75 3.89534e-22 
1190.76 4.40007e-22 
1190.77 4.96864e-22 
1190.78 5.60891e-22 
1190.79 6.3297e-22 
1190.8 7.14088e-22 
1190.81 8.05348e-22 
1190.82 9.07987e-22 
1190.83 1.02338e-21 
1190.84 1.15309e-21 
1190.85 1.29882e-21 
1190.86 1.46251e-21 
1190.87 1.64631e-21 
1190.88 1.85264e-21 
1190.89 2.08416e-21 
1190.9 2.34388e-21 
1190.91 2.63515e-21 
1190.92 2.96167e-21 
1190.93 3.32761e-21 
1190.94 3.73759e-21 
1190.95 4.19677e-21 
1190.96 4.71087e-21 
1190.97 5.2863e-21 
1190.98 5.93867e-21 
1190.99 6.65985e-21 
1191 7.46628e-21 
1191.01 8.36772e-21 
1191.02 9.37506e-21 
1191.03 1.05004e-20 
1191.04 1.17571e-20 
1191.05 1.316e-20 
1191.06 1.47258e-20 
1191.07 1.64726e-20 
1191.07 1.84209e-20 
1191.08 2.05932e-20 
1191.09 2.30144e-20 
1191.1 2.57122e-20 
1191.11 2.87172e-20 
1191.12 3.20634e-20 
1191.13 3.57882e-20 
1191.14 3.99331e-20 
1191.15 4.45442e-20 
1191.16 4.96721e-20 
1191.17 5.53729e-20 
1191.18 6.17087e-20 
1191.19 6.87478e-20 
1191.2 7.65657e-20 
1191.21 8.5246e-20 
1191.22 9.48806e-20 
1191.23 1.05712e-19 
1191.24 1.17585e-19 
1191.25 1.30751e-19 
1191.26 1.45345e-19 
1191.27 1.61518e-19 
1191.28 1.79433e-19 
1191.29 1.99274e-19 
1191.3 2.21239e-19 
1191.31 2.45547e-19 
1191.32 2.72441e-19 
1191.33 3.02186e-19 
1191.34 3.35073e-19 
1191.35 3.71423e-19 
1191.36 4.11587e-19 
1191.37 4.5595e-19 
1191.38 5.04937e-19 
1191.39 5.59011e-19 
1191.4 6.18682e-19 
1191.41 6.84508e-19 
1191.42 7.57099e-19 
1191.43 8.37126e-19 
1191.44 9.25321e-19 
1191.45 1.02249e-18 
1191.46 1.1295e-18 
1191.47 1.24732e-18 
1191.48 1.37879e-18 
1191.49 1.52156e-18 
1191.49 1.67869e-18 
1191.5 1.85147e-18 
1191.51 2.04139e-18 
1191.52 2.25009e-18 
1191.53 2.47934e-18 
1191.54 2.73109e-18 
1191.55 3.00746e-18 
1191.56 3.31075e-18 
1191.57 3.64349e-18 
1191.58 4.00841e-18 
1191.59 4.4085e-18 
1191.6 4.85001e-18 
1191.61 5.33075e-18 
1191.62 5.85731e-18 
1191.63 6.43385e-18 
1191.64 7.06492e-18 
1191.65 7.75547e-18 
1191.66 8.51083e-18 
1191.67 9.33683e-18 
1191.68 1.02398e-17 
1191.69 1.12265e-17 
1191.7 1.23045e-17 
1191.71 1.34818e-17 
1191.72 1.4767e-17 
1191.73 1.6188e-17 
1191.74 1.77201e-17 
1191.75 1.9391e-17 
1191.76 2.12129e-17 
1191.77 2.31986e-17 
1191.78 2.53623e-17 
1191.79 2.7719e-17 
1191.8 3.02853e-17 
1191.81 3.30787e-17 
1191.82 3.61185e-17 
1191.83 3.94252e-17 
1191.84 4.30212e-17 
1191.85 4.69304e-17 
1191.86 5.11788e-17 
1191.87 5.57942e-17 
1191.88 6.08068e-17 
1191.89 6.6249e-17 
1191.9 7.21555e-17 
1191.91 7.8564e-17 
1191.92 8.55148e-17 
1191.92 9.30514e-17 
1191.93 1.0122e-16 
1191.94 1.10072e-16 
1191.95 1.1966e-16 
1191.96 1.30043e-16 
1191.97 1.41282e-16 
1191.98 1.53602e-16 
1191.99 1.66772e-16 
1192 1.81014e-16 
1192.01 1.96411e-16 
1192.02 2.13051e-16 
1192.03 2.31028e-16 
1192.04 2.50443e-16 
1192.05 2.71404e-16 
1192.06 2.94028e-16 
1192.07 3.18438e-16 
1192.08 3.44766e-16 
1192.09 3.73154e-16 
1192.1 4.03752e-16 
1192.11 4.36723e-16 
1192.12 4.72237e-16 
1192.13 5.1048e-16 
1192.14 5.51647e-16 
1192.15 5.95947e-16 
1192.16 6.43602e-16 
1192.17 6.9485e-16 
1192.18 7.49944e-16 
1192.19 8.09152e-16 
1192.2 8.72762e-16 
1192.21 9.41077e-16 
1192.22 1.01442e-15 
1192.23 1.09416e-15 
1192.24 1.17869e-15 
1192.25 1.26935e-15 
1192.26 1.36656e-15 
1192.27 1.47076e-15 
1192.28 1.5824e-15 
1192.29 1.70198e-15 
1192.3 1.83003e-15 
1192.31 1.96709e-15 
1192.32 2.11376e-15 
1192.33 2.27065e-15 
1192.34 2.43843e-15 
1192.34 2.61778e-15 
1192.35 2.80944e-15 
1192.36 3.0142e-15 
1192.37 3.23286e-15 
1192.38 3.46631e-15 
1192.39 3.71545e-15 
1192.4 3.98125e-15 
1192.41 4.26473e-15 
1192.42 4.56697e-15 
1192.43 4.88911e-15 
1192.44 5.23233e-15 
1192.45 5.59789e-15 
1192.46 5.98713e-15 
1192.47 6.40144e-15 
1192.48 6.84796e-15 
1192.49 7.31724e-15 
1192.5 7.81624e-15 
1192.51 8.34667e-15 
1192.52 8.91031e-15 
1192.53 9.50906e-15 
1192.54 1.01449e-14 
1192.55 1.08198e-14 
1192.56 1.15361e-14 
1192.57 1.2296e-14 
1192.58 1.31019e-14 
1192.59 1.39562e-14 
1192.6 1.48616e-14 
1192.61 1.58307e-14 
1192.62 1.68473e-14 
1192.63 1.79236e-14 
1192.64 1.90628e-14 
1192.65 2.02681e-14 
1192.66 2.15429e-14 
1192.67 2.28908e-14 
1192.68 2.43156e-14 
1192.69 2.58211e-14 
1192.7 2.74113e-14 
1192.71 2.90905e-14 
1192.72 3.08631e-14 
1192.73 3.27576e-14 
1192.74 3.47321e-14 
1192.75 3.68143e-14 
1192.76 3.90095e-14 
1192.77 4.13228e-14 
1192.77 4.376e-14 
1192.78 4.63267e-14 
1192.79 4.9029e-14 
1192.8 5.18732e-14 
1192.81 5.48657e-14 
1192.82 5.80133e-14 
1192.83 6.13228e-14 
1192.84 6.48015e-14 
1192.85 6.84569e-14 
1192.86 7.22966e-14 
1192.87 7.63289e-14 
1192.88 8.05618e-14 
1192.89 8.50041e-14 
1192.9 8.96646e-14 
1192.91 9.45524e-14 
1192.92 9.96771e-14 
1192.93 1.05048e-13 
1192.94 1.10677e-13 
1192.95 1.16572e-13 
1192.96 1.22745e-13 
1192.97 1.29208e-13 
1192.98 1.36058e-13 
1192.99 1.43138e-13 
1193 1.50542e-13 
1193.01 1.58285e-13 
1193.02 1.66378e-13 
1193.03 1.74835e-13 
1193.04 1.8367e-13 
1193.05 1.92897e-13 
1193.06 2.02531e-13 
1193.07 2.12587e-13 
1193.08 2.23081e-13 
1193.09 2.34029e-13 
1193.1 2.45447e-13 
1193.11 2.57353e-13 
1193.12 2.69763e-13 
1193.13 2.82698e-13 
1193.14 2.96174e-13 
1193.15 3.10212e-13 
1193.16 3.24832e-13 
1193.17 3.40054e-13 
1193.18 3.559e-13 
1193.19 3.72391e-13 
1193.19 3.89551e-13 
1193.2 4.07402e-13 
1193.21 4.25971e-13 
1193.22 4.45532e-13 
1193.23 4.65615e-13 
1193.24 4.86498e-13 
1193.25 5.08205e-13 
1193.26 5.30764e-13 
1193.27 5.54208e-13 
1193.28 5.78566e-13 
1193.29 6.03872e-13 
1193.3 6.30162e-13 
1193.31 6.57469e-13 
1193.32 6.85833e-13 
1193.33 7.15292e-13 
1193.34 7.45887e-13 
1193.35 7.77662e-13 
1193.36 8.10662e-13 
1193.37 8.44934e-13 
1193.38 8.80528e-13 
1193.39 9.17498e-13 
1193.4 9.55897e-13 
1193.41 9.95785e-13 
1193.42 1.03722e-12 
1193.43 1.08028e-12 
1193.44 1.12502e-12 
1193.45 1.17152e-12 
1193.46 1.21985e-12 
1193.47 1.2701e-12 
1193.48 1.32303e-12 
1193.49 1.37742e-12 
1193.5 1.434e-12 
1193.51 1.49289e-12 
1193.52 1.55421e-12 
1193.53 1.61806e-12 
1193.54 1.68457e-12 
1193.55 1.75389e-12 
1193.56 1.82617e-12 
1193.57 1.90154e-12 
1193.58 1.9802e-12 
1193.59 2.06231e-12 
1193.6 2.14806e-12 
1193.61 2.23905e-12 
1193.62 2.33279e-12 
1193.62 2.43083e-12 
1193.63 2.53343e-12 
1193.64 2.64086e-12 
1193.65 2.75341e-12 
1193.66 2.8714e-12 
1193.67 2.99514e-12 
1193.68 3.12501e-12 
1193.69 3.26138e-12 
1193.7 3.40467e-12 
1193.71 3.5553e-12 
1193.72 3.71376e-12 
1193.73 3.88268e-12 
1193.74 4.05844e-12 
1193.75 4.24366e-12 
1193.76 4.43896e-12 
1193.77 4.64499e-12 
1193.78 4.86247e-12 
1193.79 5.09217e-12 
1193.8 5.3349e-12 
1193.81 5.59153e-12 
1193.82 5.86301e-12 
1193.83 6.15033e-12 
1193.84 6.45455e-12 
1193.85 6.77684e-12 
1193.86 7.1184e-12 
1193.87 7.48056e-12 
1193.88 7.8647e-12 
1193.89 8.27232e-12 
1193.9 8.70501e-12 
1193.91 9.16449e-12 
1193.92 9.65255e-12 
1193.93 1.01712e-11 
1193.94 1.07224e-11 
1193.95 1.13084e-11 
1193.96 1.19316e-11 
1193.97 1.25945e-11 
1193.98 1.33088e-11 
1193.99 1.40598e-11 
1194 1.48591e-11 
1194.01 1.57099e-11 
1194.02 1.66157e-11 
1194.03 1.758e-11 
1194.04 1.86069e-11 
1194.05 1.97004e-11 
1194.05 2.0865e-11 
1194.06 2.21053e-11 
1194.07 2.34262e-11 
1194.08 2.48332e-11 
1194.09 2.63318e-11 
1194.1 2.79279e-11 
1194.11 2.96278e-11 
1194.12 3.14383e-11 
1194.13 3.33665e-11 
1194.14 3.54198e-11 
1194.15 3.76063e-11 
1194.16 3.99345e-11 
1194.17 4.24132e-11 
1194.18 4.50519e-11 
1194.19 4.78608e-11 
1194.2 5.08504e-11 
1194.21 5.40319e-11 
1194.22 5.74173e-11 
1194.23 6.10655e-11 
1194.24 6.48999e-11 
1194.25 6.89782e-11 
1194.26 7.33152e-11 
1194.27 7.79266e-11 
1194.28 8.28288e-11 
1194.29 8.80394e-11 
1194.3 9.35767e-11 
1194.31 9.94601e-11 
1194.32 1.0571e-10 
1194.33 1.12348e-10 
1194.34 1.19397e-10 
1194.35 1.26881e-10 
1194.36 1.34824e-10 
1194.37 1.43254e-10 
1194.38 1.52198e-10 
1194.39 1.61686e-10 
1194.4 1.71748e-10 
1194.41 1.82418e-10 
1194.42 1.93728e-10 
1194.43 2.05715e-10 
1194.44 2.18416e-10 
1194.45 2.31872e-10 
1194.46 2.46123e-10 
1194.47 2.61212e-10 
1194.47 2.77398e-10 
1194.48 2.9431e-10 
1194.49 3.12212e-10 
1194.5 3.31149e-10 
1194.51 3.51177e-10 
1194.52 3.72353e-10 
1194.53 3.94738e-10 
1194.54 4.18395e-10 
1194.55 4.43391e-10 
1194.56 4.69794e-10 
1194.57 4.97676e-10 
1194.58 5.27114e-10 
1194.59 5.58186e-10 
1194.6 5.90975e-10 
1194.61 6.25956e-10 
1194.62 6.62463e-10 
1194.63 7.00959e-10 
1194.64 7.4154e-10 
1194.65 7.8431e-10 
1194.66 8.29374e-10 
1194.67 8.76844e-10 
1194.68 9.26835e-10 
1194.69 9.79468e-10 
1194.7 1.03487e-09 
1194.71 1.09317e-09 
1194.72 1.1545e-09 
1194.73 1.21983e-09 
1194.74 1.2877e-09 
1194.75 1.35904e-09 
1194.76 1.43402e-09 
1194.77 1.5128e-09 
1194.78 1.59555e-09 
1194.79 1.68245e-09 
1194.8 1.77367e-09 
1194.81 1.86942e-09 
1194.82 1.9699e-09 
1194.83 2.07529e-09 
1194.84 2.18583e-09 
1194.85 2.30172e-09 
1194.86 2.4232e-09 
1194.87 2.55051e-09 
1194.88 2.68387e-09 
1194.89 2.82356e-09 
1194.9 2.96983e-09 
1194.9 3.12295e-09 
1194.91 3.28319e-09 
1194.92 3.45085e-09 
1194.93 3.62622e-09 
1194.94 3.80961e-09 
1194.95 4.00133e-09 
1194.96 4.20171e-09 
1194.97 4.41109e-09 
1194.98 4.6326e-09 
1194.99 4.86113e-09 
1195 5.09974e-09 
1195.01 5.34878e-09 
1195.02 5.60866e-09 
1195.03 5.87977e-09 
1195.04 6.16253e-09 
1195.05 6.45734e-09 
1195.06 6.76465e-09 
1195.07 7.0849e-09 
1195.08 7.41854e-09 
1195.09 7.76603e-09 
1195.1 8.12787e-09 
1195.11 8.50454e-09 
1195.12 8.89653e-09 
1195.13 9.30438e-09 
1195.14 9.72858e-09 
1195.15 1.01697e-08 
1195.16 1.06283e-08 
1195.17 1.11049e-08 
1195.18 1.16001e-08 
1195.19 1.21144e-08 
1195.2 1.26486e-08 
1195.21 1.32031e-08 
1195.22 1.37786e-08 
1195.23 1.43834e-08 
1195.24 1.50032e-08 
1195.25 1.56458e-08 
1195.26 1.63121e-08 
1195.27 1.70027e-08 
1195.28 1.77183e-08 
1195.29 1.84596e-08 
1195.3 1.92272e-08 
1195.31 2.0022e-08 
1195.32 2.08446e-08 
1195.32 2.16958e-08 
1195.33 2.25763e-08 
1195.34 2.34869e-08 
1195.35 2.44283e-08 
1195.36 2.54014e-08 
1195.37 2.64069e-08 
1195.38 2.74456e-08 
1195.39 2.85182e-08 
1195.4 2.96257e-08 
1195.41 3.07688e-08 
1195.42 3.19483e-08 
1195.43 3.3165e-08 
1195.44 3.44198e-08 
1195.45 3.57134e-08 
1195.46 3.70468e-08 
1195.47 3.84207e-08 
1195.48 3.98538e-08 
1195.49 4.13118e-08 
1195.5 4.28128e-08 
1195.51 4.43576e-08 
1195.52 4.59472e-08 
1195.53 4.75822e-08 
1195.54 4.92635e-08 
1195.55 5.0992e-08 
1195.56 5.27684e-08 
1195.57 5.45935e-08 
1195.58 5.64682e-08 
1195.59 5.83932e-08 
1195.6 6.03692e-08 
1195.61 6.24358e-08 
1195.62 6.45176e-08 
1195.63 6.66527e-08 
1195.64 6.88419e-08 
1195.65 7.10859e-08 
1195.66 7.33853e-08 
1195.67 7.57409e-08 
1195.68 7.81533e-08 
1195.69 8.0623e-08 
1195.7 8.31508e-08 
1195.71 8.57372e-08 
1195.72 8.83827e-08 
1195.73 9.11221e-08 
1195.74 9.38883e-08 
1195.75 9.67151e-08 
1195.75 9.9603e-08 
1195.76 1.02553e-07 
1195.77 1.05564e-07 
1195.78 1.08637e-07 
1195.79 1.11774e-07 
1195.8 1.14973e-07 
1195.81 1.18235e-07 
1195.82 1.2156e-07 
1195.83 1.24949e-07 
1195.84 1.28401e-07 
1195.85 1.31917e-07 
1195.86 1.35496e-07 
1195.87 1.3914e-07 
1195.88 1.42846e-07 
1195.89 1.46616e-07 
1195.9 1.5045e-07 
1195.91 1.54346e-07 
1195.92 1.58305e-07 
1195.93 1.62326e-07 
1195.94 1.6641e-07 
1195.95 1.70555e-07 
1195.96 1.74761e-07 
1195.97 1.79028e-07 
1195.98 1.8341e-07 
1195.99 1.87797e-07 
1196 1.92242e-07 
1196.01 1.96746e-07 
1196.02 2.01306e-07 
1196.03 2.05923e-07 
1196.04 2.10594e-07 
1196.05 2.1532e-07 
1196.06 2.20099e-07 
1196.07 2.2493e-07 
1196.08 2.29811e-07 
1196.09 2.34741e-07 
1196.1 2.3972e-07 
1196.11 2.44745e-07 
1196.12 2.49816e-07 
1196.13 2.54929e-07 
1196.14 2.60085e-07 
1196.15 2.65282e-07 
1196.16 2.70517e-07 
1196.17 2.75789e-07 
1196.17 2.81095e-07 
1196.18 2.86435e-07 
1196.19 2.91806e-07 
1196.2 2.97206e-07 
1196.21 3.02634e-07 
1196.22 3.08154e-07 
1196.23 3.13629e-07 
1196.24 3.19124e-07 
1196.25 3.24637e-07 
1196.26 3.30166e-07 
1196.27 3.35709e-07 
1196.28 3.41262e-07 
1196.29 3.46823e-07 
1196.3 3.5239e-07 
1196.31 3.5796e-07 
1196.32 3.63531e-07 
1196.33 3.69099e-07 
1196.34 3.74662e-07 
1196.35 3.80218e-07 
1196.36 3.85763e-07 
1196.37 3.91295e-07 
1196.38 3.9681e-07 
1196.39 4.02306e-07 
1196.4 4.0778e-07 
1196.41 4.13229e-07 
1196.42 4.18649e-07 
1196.43 4.24039e-07 
1196.44 4.29395e-07 
1196.45 4.34713e-07 
1196.46 4.39991e-07 
1196.47 4.45226e-07 
1196.48 4.5048e-07 
1196.49 4.55619e-07 
1196.5 4.60705e-07 
1196.51 4.65736e-07 
1196.52 4.70709e-07 
1196.53 4.7562e-07 
1196.54 4.80466e-07 
1196.55 4.85245e-07 
1196.56 4.89954e-07 
1196.57 4.94589e-07 
1196.58 4.99147e-07 
1196.59 5.03626e-07 
1196.6 5.08023e-07 
1196.6 5.12653e-07 
1196.61 5.16879e-07 
1196.62 5.21015e-07 
1196.63 5.25058e-07 
1196.64 5.29004e-07 
1196.65 5.32852e-07 
1196.66 5.36598e-07 
1196.67 5.40241e-07 
1196.68 5.43777e-07 
1196.69 5.47205e-07 
1196.7 5.50521e-07 
1196.71 5.53724e-07 
1196.72 5.56812e-07 
1196.73 5.59818e-07 
1196.74 5.62667e-07 
1196.75 5.65394e-07 
1196.76 5.67998e-07 
1196.77 5.70476e-07 
1196.78 5.72826e-07 
1196.79 5.75049e-07 
1196.8 5.7714e-07 
1196.81 5.791e-07 
1196.82 5.80926e-07 
1196.83 5.82618e-07 
1196.84 5.84174e-07 
1196.85 5.85594e-07 
1196.86 5.86875e-07 
1196.87 5.88018e-07 
1196.88 5.8902e-07 
1196.89 5.89883e-07 
1196.9 5.90605e-07 
1196.91 5.91185e-07 
1196.92 5.91624e-07 
1196.93 5.9192e-07 
1196.94 5.92074e-07 
1196.95 5.92086e-07 
1196.96 5.91955e-07 
1196.97 5.91682e-07 
1196.98 5.9126e-07 
1196.99 5.90702e-07 
1197 5.90001e-07 
1197.01 5.8916e-07 
1197.02 5.88179e-07 
1197.03 5.87059e-07 
1197.03 5.858e-07 
1197.04 5.84403e-07 
1197.05 5.8287e-07 
1197.06 5.81201e-07 
1197.07 5.79398e-07 
1197.08 5.77462e-07 
1197.09 5.75395e-07 
1197.1 5.73197e-07 
1197.11 5.70872e-07 
1197.12 5.68419e-07 
1197.13 5.65842e-07 
1197.14 5.63142e-07 
1197.15 5.60321e-07 
1197.16 5.57381e-07 
1197.17 5.54324e-07 
1197.18 5.51152e-07 
1197.19 5.47868e-07 
1197.2 5.44474e-07 
1197.21 5.40973e-07 
1197.22 5.37366e-07 
1197.23 5.3361e-07 
1197.24 5.298e-07 
1197.25 5.25893e-07 
1197.26 5.21891e-07 
1197.27 5.17798e-07 
1197.28 5.13616e-07 
1197.29 5.09349e-07 
1197.3 5.04999e-07 
1197.31 5.00568e-07 
1197.32 4.96061e-07 
1197.33 4.91481e-07 
1197.34 4.8683e-07 
1197.35 4.82112e-07 
1197.36 4.77329e-07 
1197.37 4.72486e-07 
1197.38 4.67586e-07 
1197.39 4.62631e-07 
1197.4 4.57625e-07 
1197.41 4.52572e-07 
1197.42 4.47475e-07 
1197.43 4.42336e-07 
1197.44 4.37161e-07 
1197.45 4.31952e-07 
1197.45 4.26712e-07 
1197.46 4.21445e-07 
1197.47 4.16154e-07 
1197.48 4.10777e-07 
1197.49 4.0545e-07 
1197.5 4.00109e-07 
1197.51 3.94759e-07 
1197.52 3.89403e-07 
1197.53 3.84044e-07 
1197.54 3.78685e-07 
1197.55 3.73331e-07 
1197.56 3.67985e-07 
1197.57 3.6265e-07 
1197.58 3.57329e-07 
1197.59 3.52026e-07 
1197.6 3.46745e-07 
1197.61 3.41701e-07 
1197.62 3.3647e-07 
1197.63 3.31271e-07 
1197.64 3.26106e-07 
1197.65 3.20981e-07 
1197.66 3.15897e-07 
1197.67 3.10859e-07 
1197.68 3.05869e-07 
1197.69 3.00931e-07 
1197.7 2.96048e-07 
1197.71 2.91224e-07 
1197.72 2.86463e-07 
1197.73 2.81708e-07 
1197.74 2.7708e-07 
1197.75 2.72525e-07 
1197.76 2.68045e-07 
1197.77 2.63643e-07 
1197.78 2.59324e-07 
1197.79 2.55089e-07 
1197.8 2.50942e-07 
1197.81 2.46887e-07 
1197.82 2.42927e-07 
1197.83 2.39064e-07 
1197.84 2.35304e-07 
1197.85 2.31647e-07 
1197.86 2.28099e-07 
1197.87 2.24661e-07 
1197.88 2.21338e-07 
1197.88 2.18133e-07 
1197.89 2.15049e-07 
1197.9 2.12088e-07 
1197.91 2.09256e-07 
1197.92 2.06554e-07 
1197.93 2.03986e-07 
1197.94 2.01556e-07 
1197.95 1.99266e-07 
1197.96 1.97121e-07 
1197.97 1.95123e-07 
1197.98 1.93254e-07 
1197.99 1.91564e-07 
1198 1.90031e-07 
1198.01 1.88659e-07 
1198.02 1.87452e-07 
1198.03 1.86413e-07 
1198.04 1.85546e-07 
1198.05 1.84853e-07 
1198.06 1.84339e-07 
1198.07 1.84007e-07 
1198.08 1.8386e-07 
1198.09 1.83903e-07 
1198.1 1.84138e-07 
1198.11 1.84568e-07 
1198.12 1.85199e-07 
1198.13 1.86032e-07 
1198.14 1.87072e-07 
1198.15 1.88322e-07 
1198.16 1.89786e-07 
1198.17 1.91467e-07 
1198.18 1.93369e-07 
1198.19 1.95495e-07 
1198.2 1.97849e-07 
1198.21 2.00434e-07 
1198.22 2.03253e-07 
1198.23 2.0635e-07 
1198.24 2.09652e-07 
1198.25 2.13199e-07 
1198.26 2.16993e-07 
1198.27 2.21039e-07 
1198.28 2.25339e-07 
1198.29 2.29897e-07 
1198.3 2.34715e-07 
1198.3 2.39797e-07 
1198.31 2.45145e-07 
1198.32 2.50763e-07 
1198.33 2.56653e-07 
1198.34 2.62817e-07 
1198.35 2.69259e-07 
1198.36 2.7598e-07 
1198.37 2.82984e-07 
1198.38 2.90271e-07 
1198.39 2.97844e-07 
1198.4 3.05706e-07 
1198.41 3.13857e-07 
1198.42 3.22299e-07 
1198.43 3.31034e-07 
1198.44 3.40064e-07 
1198.45 3.49388e-07 
1198.46 3.59008e-07 
1198.47 3.68925e-07 
1198.48 3.79268e-07 
1198.49 3.89783e-07 
1198.5 4.00594e-07 
1198.51 4.11704e-07 
1198.52 4.23109e-07 
1198.53 4.34811e-07 
1198.54 4.46808e-07 
1198.55 4.59098e-07 
1198.56 4.71681e-07 
1198.57 4.84554e-07 
1198.58 4.97716e-07 
1198.59 5.11164e-07 
1198.6 5.24896e-07 
1198.61 5.39242e-07 
1198.62 5.53541e-07 
1198.63 5.68114e-07 
1198.64 5.82957e-07 
1198.65 5.98067e-07 
1198.66 6.13438e-07 
1198.67 6.29066e-07 
1198.68 6.44946e-07 
1198.69 6.61072e-07 
1198.7 6.77439e-07 
1198.71 6.9404e-07 
1198.72 7.1087e-07 
1198.73 7.28135e-07 
1198.73 7.45402e-07 
1198.74 7.62876e-07 
1198.75 7.80548e-07 
1198.76 7.98412e-07 
1198.77 8.16457e-07 
1198.78 8.34677e-07 
1198.79 8.5306e-07 
1198.8 8.716e-07 
1198.81 8.90284e-07 
1198.82 9.09105e-07 
1198.83 9.2805e-07 
1198.84 9.4711e-07 
1198.85 9.66275e-07 
1198.86 9.85533e-07 
1198.87 1.00487e-06 
1198.88 1.02428e-06 
1198.89 1.04375e-06 
1198.9 1.06327e-06 
1198.91 1.08282e-06 
1198.92 1.10239e-06 
1198.93 1.12197e-06 
1198.94 1.14155e-06 
1198.95 1.16111e-06 
1198.96 1.18064e-06 
1198.97 1.20014e-06 
1198.98 1.21982e-06 
1198.99 1.23918e-06 
1199 1.25847e-06 
1199.01 1.27766e-06 
1199.02 1.29675e-06 
1199.03 1.31571e-06 
1199.04 1.33454e-06 
1199.05 1.35323e-06 
1199.06 1.37175e-06 
1199.07 1.3901e-06 
1199.08 1.40826e-06 
1199.09 1.42622e-06 
1199.1 1.44398e-06 
1199.11 1.46151e-06 
1199.12 1.4788e-06 
1199.13 1.49585e-06 
1199.14 1.51263e-06 
1199.15 1.52915e-06 
1199.15 1.54538e-06 
1199.16 1.56133e-06 
1199.17 1.57697e-06 
1199.18 1.59229e-06 
1199.19 1.6073e-06 
1199.2 1.62197e-06 
1199.21 1.63631e-06 
1199.22 1.65046e-06 
1199.23 1.66409e-06 
1199.24 1.67736e-06 
1199.25 1.69025e-06 
1199.26 1.70276e-06 
1199.27 1.7149e-06 
1199.28 1.72665e-06 
1199.29 1.738e-06 
1199.3 1.74897e-06 
1199.31 1.75953e-06 
1199.32 1.76969e-06 
1199.33 1.77945e-06 
1199.34 1.78881e-06 
1199.35 1.79776e-06 
1199.36 1.8063e-06 
1199.37 1.81444e-06 
1199.38 1.82218e-06 
1199.39 1.82952e-06 
1199.4 1.83647e-06 
1199.41 1.84301e-06 
1199.42 1.84917e-06 
1199.43 1.85495e-06 
1199.44 1.86035e-06 
1199.45 1.86537e-06 
1199.46 1.87003e-06 
1199.47 1.87434e-06 
1199.48 1.87834e-06 
1199.49 1.88196e-06 
1199.5 1.88525e-06 
1199.51 1.88822e-06 
1199.52 1.89088e-06 
1199.53 1.89325e-06 
1199.54 1.89534e-06 
1199.55 1.89717e-06 
1199.56 1.89874e-06 
1199.57 1.90008e-06 
1199.58 1.90119e-06 
1199.58 1.9021e-06 
1199.59 1.90282e-06 
1199.6 1.90336e-06 
1199.61 1.90494e-06 
1199.62 1.90519e-06 
1199.63 1.90533e-06 
1199.64 1.90538e-06 
1199.65 1.90534e-06 
1199.66 1.90525e-06 
1199.67 1.90512e-06 
1199.68 1.90497e-06 
1199.69 1.90483e-06 
1199.7 1.90472e-06 
1199.71 1.90465e-06 
1199.72 1.90466e-06 
1199.73 1.90476e-06 
1199.74 1.90497e-06 
1199.75 1.90532e-06 
1199.76 1.90584e-06 
1199.77 1.90653e-06 
1199.78 1.90744e-06 
1199.79 1.90857e-06 
1199.8 1.90996e-06 
1199.81 1.91162e-06 
1199.82 1.91358e-06 
1199.83 1.91586e-06 
1199.84 1.91848e-06 
1199.85 1.92147e-06 
1199.86 1.92484e-06 
1199.87 1.92863e-06 
1199.88 1.93284e-06 
1199.89 1.93751e-06 
1199.9 1.94264e-06 
1199.91 1.94827e-06 
1199.92 1.95441e-06 
1199.93 1.96109e-06 
1199.94 1.96831e-06 
1199.95 1.9761e-06 
1199.96 1.98448e-06 
1199.97 1.99346e-06 
1199.98 2.00318e-06 
1199.99 2.01342e-06 
1200 2.02431e-06 
1200.01 2.03587e-06 
1200.01 2.0481e-06 
1200.02 2.06102e-06 
1200.03 2.07465e-06 
1200.04 2.08899e-06 
1200.05 2.10405e-06 
1200.06 2.11984e-06 
1200.07 2.13637e-06 
1200.08 2.15366e-06 
1200.09 2.17169e-06 
1200.1 2.19049e-06 
1200.11 2.21005e-06 
1200.12 2.23038e-06 
1200.13 2.25147e-06 
1200.14 2.27334e-06 
1200.15 2.29598e-06 
1200.16 2.31939e-06 
1200.17 2.34356e-06 
1200.18 2.3685e-06 
1200.19 2.39421e-06 
1200.2 2.42067e-06 
1200.21 2.44787e-06 
1200.22 2.47582e-06 
1200.23 2.50487e-06 
1200.24 2.53428e-06 
1200.25 2.56441e-06 
1200.26 2.59524e-06 
1200.27 2.62675e-06 
1200.28 2.65894e-06 
1200.29 2.69179e-06 
1200.3 2.72528e-06 
1200.31 2.75939e-06 
1200.32 2.79411e-06 
1200.33 2.82942e-06 
1200.34 2.86529e-06 
1200.35 2.90171e-06 
1200.36 2.93865e-06 
1200.37 2.97609e-06 
1200.38 3.01401e-06 
1200.39 3.05237e-06 
1200.4 3.09116e-06 
1200.41 3.13034e-06 
1200.42 3.16989e-06 
1200.43 3.20978e-06 
1200.43 3.24998e-06 
1200.44 3.29047e-06 
1200.45 3.3312e-06 
1200.46 3.37215e-06 
1200.47 3.41328e-06 
1200.48 3.45508e-06 
1200.49 3.49649e-06 
1200.5 3.53798e-06 
1200.51 3.57953e-06 
1200.52 3.62109e-06 
1200.53 3.66262e-06 
1200.54 3.70411e-06 
1200.55 3.7455e-06 
1200.56 3.78676e-06 
1200.57 3.82786e-06 
1200.58 3.86876e-06 
1200.59 3.90942e-06 
1200.6 3.94981e-06 
1200.61 3.99235e-06 
1200.62 4.0321e-06 
1200.63 4.07146e-06 
1200.64 4.1104e-06 
1200.65 4.14888e-06 
1200.66 4.18687e-06 
1200.67 4.22432e-06 
1200.68 4.2612e-06 
1200.69 4.29747e-06 
1200.7 4.33311e-06 
1200.71 4.36806e-06 
1200.72 4.40231e-06 
1200.73 4.43623e-06 
1200.74 4.46894e-06 
1200.75 4.50084e-06 
1200.76 4.5319e-06 
1200.77 4.56208e-06 
1200.78 4.59135e-06 
1200.79 4.61968e-06 
1200.8 4.64705e-06 
1200.81 4.67342e-06 
1200.82 4.69876e-06 
1200.83 4.72305e-06 
1200.84 4.74627e-06 
1200.85 4.76838e-06 
1200.85 4.78936e-06 
1200.86 4.8092e-06 
1200.87 4.82786e-06 
1200.88 4.84533e-06 
1200.89 4.86158e-06 
1200.9 4.87661e-06 
1200.91 4.89038e-06 
1200.92 4.90289e-06 
1200.93 4.91411e-06 
1200.94 4.92404e-06 
1200.95 4.93266e-06 
1200.96 4.93996e-06 
1200.97 4.94593e-06 
1200.98 4.95062e-06 
1200.99 4.95388e-06 
1201 4.9558e-06 
1201.01 4.95635e-06 
1201.02 4.95554e-06 
1201.03 4.95337e-06 
1201.04 4.94983e-06 
1201.05 4.94492e-06 
1201.06 4.93865e-06 
1201.07 4.93102e-06 
1201.08 4.92202e-06 
1201.09 4.91167e-06 
1201.1 4.89997e-06 
1201.11 4.88694e-06 
1201.12 4.87257e-06 
1201.13 4.85688e-06 
1201.14 4.83988e-06 
1201.15 4.82158e-06 
1201.16 4.802e-06 
1201.17 4.78115e-06 
1201.18 4.75905e-06 
1201.19 4.73571e-06 
1201.2 4.71115e-06 
1201.21 4.68539e-06 
1201.22 4.65845e-06 
1201.23 4.62999e-06 
1201.24 4.60074e-06 
1201.25 4.57038e-06 
1201.26 4.53892e-06 
1201.27 4.5064e-06 
1201.28 4.47284e-06 
1201.28 4.43826e-06 
1201.29 4.4027e-06 
1201.3 4.36618e-06 
1201.31 4.32872e-06 
1201.32 4.29036e-06 
1201.33 4.25112e-06 
1201.34 4.21104e-06 
1201.35 4.17015e-06 
1201.36 4.12847e-06 
1201.37 4.08604e-06 
1201.38 4.04289e-06 
1201.39 3.99905e-06 
1201.4 3.95455e-06 
1201.41 3.90942e-06 
1201.42 3.86371e-06 
1201.43 3.81743e-06 
1201.44 3.77063e-06 
1201.45 3.72333e-06 
1201.46 3.67557e-06 
1201.47 3.62739e-06 
1201.48 3.57819e-06 
1201.49 3.52924e-06 
1201.5 3.47997e-06 
1201.51 3.43039e-06 
1201.52 3.38055e-06 
1201.53 3.33048e-06 
1201.54 3.2802e-06 
1201.55 3.22976e-06 
1201.56 3.17918e-06 
1201.57 3.12849e-06 
1201.58 3.07773e-06 
1201.59 3.02691e-06 
1201.6 2.97609e-06 
1201.61 2.92708e-06 
1201.62 2.87627e-06 
1201.63 2.82554e-06 
1201.64 2.7749e-06 
1201.65 2.72438e-06 
1201.66 2.67401e-06 
1201.67 2.62382e-06 
1201.68 2.57384e-06 
1201.69 2.52408e-06 
1201.7 2.47456e-06 
1201.7 2.42532e-06 
1201.71 2.37638e-06 
1201.72 2.32715e-06 
1201.73 2.27887e-06 
1201.74 2.23095e-06 
1201.75 2.1834e-06 
1201.76 2.13626e-06 
1201.77 2.08953e-06 
1201.78 2.04324e-06 
1201.79 1.99739e-06 
1201.8 1.95202e-06 
1201.81 1.90712e-06 
1201.82 1.86272e-06 
1201.83 1.81883e-06 
1201.84 1.77547e-06 
1201.85 1.73264e-06 
1201.86 1.69035e-06 
1201.87 1.64862e-06 
1201.88 1.60746e-06 
1201.89 1.56688e-06 
1201.9 1.52688e-06 
1201.91 1.48747e-06 
1201.92 1.44867e-06 
1201.93 1.41047e-06 
1201.94 1.37288e-06 
1201.95 1.33591e-06 
1201.96 1.29956e-06 
1201.97 1.26383e-06 
1201.98 1.2283e-06 
1201.99 1.19384e-06 
1202 1.16002e-06 
1202.01 1.12683e-06 
1202.02 1.09427e-06 
1202.03 1.06235e-06 
1202.04 1.03106e-06 
1202.05 1.0004e-06 
1202.06 9.70382e-07 
1202.07 9.40989e-07 
1202.08 9.12223e-07 
1202.09 8.84082e-07 
1202.1 8.56563e-07 
1202.11 8.29662e-07 
1202.12 8.03373e-07 
1202.13 7.77694e-07 
1202.13 7.52619e-07 
1202.14 7.28142e-07 
1202.15 7.04259e-07 
1202.16 6.80963e-07 
1202.17 6.58248e-07 
1202.18 6.36108e-07 
1202.19 6.14535e-07 
1202.2 5.93522e-07 
1202.21 5.73064e-07 
1202.22 5.52908e-07 
1202.23 5.33537e-07 
1202.24 5.14699e-07 
1202.25 4.96383e-07 
1202.26 4.78581e-07 
1202.27 4.61285e-07 
1202.28 4.44486e-07 
1202.29 4.28175e-07 
1202.3 4.12344e-07 
1202.31 3.96984e-07 
1202.32 3.82086e-07 
1202.33 3.67641e-07 
1202.34 3.53641e-07 
1202.35 3.40075e-07 
1202.36 3.26936e-07 
1202.37 3.14214e-07 
1202.38 3.019e-07 
1202.39 2.89985e-07 
1202.4 2.7846e-07 
1202.41 2.67317e-07 
1202.42 2.56545e-07 
1202.43 2.46136e-07 
1202.44 2.36082e-07 
1202.45 2.26373e-07 
1202.46 2.17001e-07 
1202.47 2.07957e-07 
1202.48 1.99126e-07 
1202.49 1.90716e-07 
1202.5 1.82609e-07 
1202.51 1.74796e-07 
1202.52 1.6727e-07 
1202.53 1.60021e-07 
1202.54 1.53042e-07 
1202.55 1.46326e-07 
1202.56 1.39864e-07 
1202.56 1.33649e-07 
1202.57 1.27673e-07 
1202.58 1.2193e-07 
1202.59 1.16411e-07 
1202.6 1.1111e-07 
1202.61 1.06085e-07 
1202.62 1.01196e-07 
1202.63 9.65043e-08 
1202.64 9.20038e-08 
1202.65 8.76878e-08 
1202.66 8.35503e-08 
1202.67 7.9585e-08 
1202.68 7.57861e-08 
1202.69 7.21478e-08 
1202.7 6.86643e-08 
1202.71 6.53303e-08 
1202.72 6.21402e-08 
1202.73 5.90515e-08 
1202.74 5.61355e-08 
1202.75 5.33481e-08 
1202.76 5.06845e-08 
1202.77 4.814e-08 
1202.78 4.571e-08 
1202.79 4.33903e-08 
1202.8 4.11764e-08 
1202.81 3.90642e-08 
1202.82 3.70497e-08 
1202.83 3.5129e-08 
1202.84 3.32982e-08 
1202.85 3.15537e-08 
1202.86 2.98921e-08 
1202.87 2.83098e-08 
1202.88 2.68035e-08 
1202.89 2.53701e-08 
1202.9 2.40064e-08 
1202.91 2.27094e-08 
1202.92 2.14764e-08 
1202.93 2.03044e-08 
1202.94 1.91909e-08 
1202.95 1.81332e-08 
1202.96 1.71289e-08 
1202.97 1.61755e-08 
1202.98 1.52708e-08 
1202.98 1.44021e-08 
1202.99 1.35887e-08 
1203 1.28176e-08 
1203.01 1.20867e-08 
1203.02 1.13942e-08 
1203.03 1.07384e-08 
1203.04 1.01173e-08 
1203.05 9.52942e-09 
1203.06 8.97312e-09 
1203.07 8.44686e-09 
1203.08 7.94917e-09 
1203.09 7.47865e-09 
1203.1 7.03396e-09 
1203.11 6.6138e-09 
1203.12 6.21695e-09 
1203.13 5.84223e-09 
1203.14 5.48851e-09 
1203.15 5.15473e-09 
1203.16 4.83985e-09 
1203.17 4.54289e-09 
1203.18 4.26293e-09 
1203.19 3.99907e-09 
1203.2 3.75046e-09 
1203.21 3.51629e-09 
1203.22 3.2958e-09 
1203.23 3.08572e-09 
1203.24 2.89055e-09 
1203.25 2.70694e-09 
1203.26 2.53427e-09 
1203.27 2.37192e-09 
1203.28 2.21934e-09 
1203.29 2.07598e-09 
1203.3 1.94131e-09 
1203.31 1.81486e-09 
1203.32 1.69616e-09 
1203.33 1.58476e-09 
1203.34 1.48026e-09 
1203.35 1.38224e-09 
1203.36 1.29035e-09 
1203.37 1.20422e-09 
1203.38 1.12351e-09 
1203.39 1.04791e-09 
1203.4 9.77118e-10 
1203.41 9.10844e-10 
1203.41 8.48821e-10 
1203.42 7.90794e-10 
1203.43 7.36521e-10 
1203.44 6.85775e-10 
1203.45 6.38342e-10 
1203.46 5.94019e-10 
1203.47 5.52614e-10 
1203.48 5.1348e-10 
1203.49 4.77412e-10 
1203.5 4.4375e-10 
1203.51 4.12342e-10 
1203.52 3.83047e-10 
1203.53 3.55731e-10 
1203.54 3.30268e-10 
1203.55 3.06539e-10 
1203.56 2.84433e-10 
1203.57 2.63845e-10 
1203.58 2.44677e-10 
1203.59 2.26836e-10 
1203.6 2.10235e-10 
1203.61 1.94914e-10 
1203.62 1.80545e-10 
1203.63 1.67188e-10 
1203.64 1.54774e-10 
1203.65 1.43241e-10 
1203.66 1.32529e-10 
1203.67 1.22582e-10 
1203.68 1.1335e-10 
1203.69 1.04782e-10 
1203.7 9.68348e-11 
1203.71 8.94642e-11 
1203.72 8.26308e-11 
1203.73 7.62213e-11 
1203.74 7.03586e-11 
1203.75 6.49282e-11 
1203.76 5.98996e-11 
1203.77 5.52446e-11 
1203.78 5.09366e-11 
1203.79 4.69511e-11 
1203.8 4.3265e-11 
1203.81 3.98567e-11 
1203.82 3.67064e-11 
1203.83 3.37954e-11 
1203.83 3.11062e-11 
1203.84 2.86228e-11 
1203.85 2.63301e-11 
1203.86 2.4214e-11 
1203.87 2.22616e-11 
1203.88 2.04608e-11 
1203.89 1.88002e-11 
1203.9 1.72693e-11 
1203.91 1.58586e-11 
1203.92 1.45589e-11 
1203.93 1.33619e-11 
1203.94 1.22598e-11 
1203.95 1.12453e-11 
1203.96 1.03118e-11 
1203.97 9.45311e-12 
1203.98 8.65395e-12 
1203.99 7.92869e-12 
1204 7.26212e-12 
1204.01 6.64968e-12 
1204.02 6.08713e-12 
1204.03 5.57056e-12 
1204.04 5.09637e-12 
1204.05 4.6612e-12 
1204.06 4.26196e-12 
1204.07 3.89579e-12 
1204.08 3.56006e-12 
1204.09 3.25232e-12 
1204.1 2.97033e-12 
1204.11 2.712e-12 
1204.12 2.47543e-12 
1204.13 2.25885e-12 
1204.14 2.06062e-12 
1204.15 1.87925e-12 
1204.16 1.71334e-12 
1204.17 1.56164e-12 
1204.18 1.42295e-12 
1204.19 1.29621e-12 
1204.2 1.18042e-12 
1204.21 1.07466e-12 
1204.22 9.78096e-13 
1204.23 8.889e-13 
1204.24 8.08558e-13 
1204.25 7.35266e-13 
1204.26 6.68425e-13 
1204.26 6.07486e-13 
1204.27 5.51943e-13 
1204.28 5.01334e-13 
1204.29 4.55234e-13 
1204.3 4.13254e-13 
1204.31 3.75038e-13 
1204.32 3.40257e-13 
1204.33 3.08614e-13 
1204.34 2.79832e-13 
1204.35 2.53662e-13 
1204.36 2.29873e-13 
1204.37 2.08254e-13 
1204.38 1.88615e-13 
1204.39 1.70778e-13 
1204.4 1.54584e-13 
1204.41 1.39885e-13 
1204.42 1.26548e-13 
1204.43 1.14449e-13 
1204.44 1.03476e-13 
1204.45 9.35294e-14 
1204.46 8.45141e-14 
1204.47 7.63459e-14 
1204.48 6.88593e-14 
1204.49 6.2168e-14 
1204.5 5.61108e-14 
1204.51 5.06292e-14 
1204.52 4.56699e-14 
1204.53 4.11845e-14 
1204.54 3.7129e-14 
1204.55 3.34632e-14 
1204.56 3.01506e-14 
1204.57 2.71581e-14 
1204.58 2.44556e-14 
1204.59 2.20157e-14 
1204.6 1.98135e-14 
1204.61 1.78264e-14 
1204.62 1.60439e-14 
1204.63 1.44266e-14 
1204.64 1.29686e-14 
1204.65 1.16545e-14 
1204.66 1.04706e-14 
1204.67 9.40428e-15 
1204.68 8.4441e-15 
1204.68 7.57978e-15 
1204.69 6.80196e-15 
1204.7 6.1022e-15 
1204.71 5.47285e-15 
1204.72 4.9003e-15 
1204.73 4.39237e-15 
1204.74 3.93595e-15 
1204.75 3.52594e-15 
1204.76 3.15773e-15 
1204.77 2.82716e-15 
1204.78 2.53047e-15 
1204.79 2.26426e-15 
1204.8 2.02547e-15 
1204.81 1.81135e-15 
1204.82 1.61939e-15 
1204.83 1.44736e-15 
1204.84 1.29323e-15 
1204.85 1.15518e-15 
1204.86 1.03157e-15 
1204.87 9.20926e-16 
1204.88 8.2191e-16 
1204.89 7.33328e-16 
1204.9 6.54105e-16 
1204.91 5.83273e-16 
1204.92 5.19961e-16 
1204.93 4.63388e-16 
1204.94 4.12851e-16 
1204.95 3.6772e-16 
1204.96 3.27428e-16 
1204.97 2.91467e-16 
1204.98 2.59003e-16 
1204.99 2.30423e-16 
1205 2.04938e-16 
1205.01 1.82219e-16 
1205.02 1.61972e-16 
1205.03 1.43934e-16 
1205.04 1.27867e-16 
1205.05 1.13561e-16 
1205.06 1.00827e-16 
1205.07 8.94948e-17 
1205.08 7.94134e-17 
1205.09 7.04474e-17 
1205.1 6.24756e-17 
1205.11 5.539e-17 
1205.11 4.90939e-17 
1205.12 4.35009e-17 
1205.13 3.85339e-17 
1205.14 3.41243e-17 
1205.15 3.02106e-17 
1205.16 2.6738e-17 
1205.17 2.36578e-17 
1205.18 2.09264e-17 
1205.19 1.8505e-17 
1205.2 1.63591e-17 
1205.21 1.44579e-17 
1205.22 1.27553e-17 
1205.23 1.12653e-17 
1205.24 9.94746e-18 
1205.25 8.78122e-18 
1205.26 7.74949e-18 
1205.27 6.837e-18 
1205.28 6.03022e-18 
1205.29 5.31711e-18 
1205.3 4.68698e-18 
1205.31 4.13034e-18 
1205.32 3.63876e-18 
1205.33 3.20476e-18 
1205.34 2.82171e-18 
1205.35 2.48373e-18 
1205.36 2.1856e-18 
1205.37 1.92271e-18 
1205.38 1.69095e-18 
1205.39 1.48669e-18 
1205.4 1.30674e-18 
1205.41 1.14823e-18 
1205.42 1.00866e-18 
1205.43 8.85803e-19 
1205.44 7.77685e-19 
1205.45 6.82566e-19 
1205.46 5.98909e-19 
1205.47 5.25354e-19 
1205.48 4.5999e-19 
1205.49 4.03221e-19 
1205.5 3.53392e-19 
1205.51 3.09632e-19 
1205.52 2.71213e-19 
1205.53 2.37492e-19 
1205.54 2.07904e-19 
1205.54 1.8195e-19 
1205.55 1.5919e-19 
1205.56 1.39237e-19 
1205.57 1.21749e-19 
1205.58 1.06428e-19 
1205.59 9.30076e-20 
1205.6 8.12562e-20 
1205.61 7.10129e-20 
1205.62 6.20048e-20 
1205.63 5.41238e-20 
1205.64 4.72309e-20 
1205.65 4.12039e-20 
1205.66 3.59357e-20 
1205.67 3.1332e-20 
1205.68 2.73103e-20 
1205.69 2.37979e-20 
1205.7 2.07313e-20 
1205.71 1.80546e-20 
1205.72 1.5719e-20 
1205.73 1.36579e-20 
1205.74 1.18841e-20 
1205.75 1.03378e-20 
1205.76 8.99008e-21 
1205.77 7.8158e-21 
1205.78 6.79295e-21 
1205.79 5.90226e-21 
1205.8 5.12688e-21 
1205.81 4.45208e-21 
1205.82 3.86498e-21 
1205.83 3.35434e-21 
1205.84 2.91033e-21 
1205.85 2.52436e-21 
1205.86 2.18895e-21 
1205.87 1.89756e-21 
1205.88 1.64448e-21 
1205.89 1.42475e-21 
1205.9 1.23402e-21 
1205.91 1.06851e-21 
1205.92 9.24942e-22 
1205.93 8.00429e-22 
1205.94 6.92479e-22 
1205.95 5.98915e-22 
1205.96 5.17843e-22 
1205.96 4.47617e-22 
1205.97 3.86803e-22 
1205.98 3.33544e-22 
1205.99 2.88061e-22 
1206 2.48709e-22 
1206.01 2.1467e-22 
1206.02 1.85237e-22 
1206.03 1.59794e-22 
1206.04 1.37805e-22 
1206.05 1.18808e-22 
1206.06 1.02401e-22 
1206.07 8.82334e-23 
1206.08 7.60044e-23 
1206.09 6.54515e-23 
1206.1 5.63475e-23 
1206.11 4.84959e-23 
1206.12 4.17264e-23 
1206.13 3.58914e-23 
1206.14 3.08636e-23 
1206.15 2.65324e-23 
1206.16 2.28024e-23 
1206.17 1.95912e-23 
1206.18 1.68274e-23 
1206.19 1.44493e-23 
1206.2 1.24037e-23 
1206.21 1.06446e-23 
1206.22 9.13238e-24 
1206.23 7.81771e-24 
1206.24 6.7032e-24 
1206.25 5.74592e-24 
1206.26 4.92393e-24 
1206.27 4.21832e-24 
1206.28 3.61278e-24 
1206.29 3.09328e-24 
1206.3 2.64772e-24 
1206.31 2.26568e-24 
1206.32 1.93821e-24 
1206.33 1.65759e-24 
1206.34 1.41719e-24 
1206.35 1.21131e-24 
1206.36 1.03504e-24 
1206.37 8.84167e-25 
1206.38 7.55067e-25 
1206.39 6.44632e-25 
1206.39 5.50191e-25 
1206.4 4.6945e-25 
1206.41 4.00443e-25 
1206.42 3.41481e-25 
1206.43 2.91117e-25 
1206.44 2.48109e-25 
1206.45 2.11395e-25 
1206.46 1.80061e-25 
1206.47 1.53328e-25 
1206.48 1.30263e-25 
1206.49 1.10859e-25 
1206.5 9.43178e-26 
1206.51 8.02218e-26 
1206.52 6.82128e-26 
1206.53 5.79848e-26 
1206.54 4.92763e-26 
1206.55 4.18636e-26 
1206.56 3.55557e-26 
1206.57 3.01896e-26 
1206.58 2.5626e-26 
1206.59 2.1746e-26 
1206.6 0 
