#energy geo_1 
1186.6 4.40164e-31 
1186.61 5.13911e-31 
1186.62 5.99886e-31 
1186.63 7.00092e-31 
1186.64 8.16863e-31 
1186.65 9.52905e-31 
1186.66 1.11136e-30 
1186.67 1.2959e-30 
1186.68 1.51074e-30 
1186.69 1.76083e-30 
1186.7 2.05188e-30 
1186.71 2.39052e-30 
1186.72 2.78445e-30 
1186.73 3.24878e-30 
1186.74 3.78251e-30 
1186.75 4.40297e-30 
1186.76 5.12411e-30 
1186.77 5.96208e-30 
1186.78 6.93561e-30 
1186.79 8.06635e-30 
1186.8 9.37944e-30 
1186.81 1.09039e-29 
1186.81 1.26735e-29 
1186.82 1.47271e-29 
1186.83 1.71097e-29 
1186.84 1.98735e-29 
1186.85 2.30789e-29 
1186.86 2.67955e-29 
1186.87 3.11039e-29 
1186.88 3.60973e-29 
1186.89 4.18833e-29 
1186.9 4.85863e-29 
1186.91 5.635e-29 
1186.92 6.53402e-29 
1186.93 7.57485e-29 
1186.94 8.77958e-29 
1186.95 1.01737e-28 
1186.96 1.17867e-28 
1186.97 1.36526e-28 
1186.98 1.58393e-28 
1186.99 1.83387e-28 
1187 2.12279e-28 
1187.01 2.45671e-28 
1187.02 2.84254e-28 
1187.03 3.28825e-28 
1187.04 3.80304e-28 
1187.05 4.39747e-28 
1187.06 5.08373e-28 
1187.07 5.87581e-28 
1187.08 6.78985e-28 
1187.09 7.8444e-28 
1187.1 9.06078e-28 
1187.11 1.04635e-27 
1187.12 1.20808e-27 
1187.13 1.39451e-27 
1187.14 1.60937e-27 
1187.15 1.85693e-27 
1187.16 2.14211e-27 
1187.17 2.47055e-27 
1187.18 2.84874e-27 
1187.19 3.28412e-27 
1187.2 3.78523e-27 
1187.21 4.36186e-27 
1187.22 5.02525e-27 
1187.23 5.79852e-27 
1187.24 6.67753e-27 
1187.24 7.68813e-27 
1187.25 8.84978e-27 
1187.26 1.01848e-26 
1187.27 1.17186e-26 
1187.28 1.34806e-26 
1187.29 1.55041e-26 
1187.3 1.78275e-26 
1187.31 2.04948e-26 
1187.32 2.3556e-26 
1187.33 2.70687e-26 
1187.34 3.10985e-26 
1187.35 3.57205e-26 
1187.36 4.10207e-26 
1187.37 4.70972e-26 
1187.38 5.40622e-26 
1187.39 6.20439e-26 
1187.4 7.11887e-26 
1187.41 8.16639e-26 
1187.42 9.36603e-26 
1187.43 1.07396e-25 
1187.44 1.23119e-25 
1187.45 1.41115e-25 
1187.46 1.61705e-25 
1187.47 1.85261e-25 
1187.48 2.12562e-25 
1187.49 2.4342e-25 
1187.5 2.78698e-25 
1187.51 3.19021e-25 
1187.52 3.65099e-25 
1187.53 4.17742e-25 
1187.54 4.77873e-25 
1187.55 5.46543e-25 
1187.56 6.24945e-25 
1187.57 7.14442e-25 
1187.58 8.16579e-25 
1187.59 9.33117e-25 
1187.6 1.06606e-24 
1187.61 1.21844e-24 
1187.62 1.39143e-24 
1187.63 1.58864e-24 
1187.64 1.81342e-24 
1187.65 2.06955e-24 
1187.66 2.36136e-24 
1187.66 2.69372e-24 
1187.67 3.07221e-24 
1187.68 3.50313e-24 
1187.69 3.99363e-24 
1187.7 4.55183e-24 
1187.71 5.18694e-24 
1187.72 5.90939e-24 
1187.73 6.74198e-24 
1187.74 7.67771e-24 
1187.75 8.74142e-24 
1187.76 9.95037e-24 
1187.77 1.13241e-23 
1187.78 1.28847e-23 
1187.79 1.46572e-23 
1187.8 1.667e-23 
1187.81 1.89551e-23 
1187.82 2.15488e-23 
1187.83 2.44922e-23 
1187.84 2.78316e-23 
1187.85 3.16196e-23 
1187.86 3.59154e-23 
1187.87 4.0786e-23 
1187.88 4.63073e-23 
1187.89 5.25646e-23 
1187.9 5.96547e-23 
1187.91 6.76865e-23 
1187.92 7.67833e-23 
1187.93 8.70839e-23 
1187.94 9.8745e-23 
1187.95 1.11944e-22 
1187.96 1.26879e-22 
1187.97 1.43777e-22 
1187.98 1.63144e-22 
1187.99 1.84791e-22 
1188 2.09265e-22 
1188.01 2.3693e-22 
1188.02 2.68195e-22 
1188.03 3.0352e-22 
1188.04 3.43424e-22 
1188.05 3.88491e-22 
1188.06 4.39378e-22 
1188.07 4.96823e-22 
1188.08 5.61658e-22 
1188.09 6.34817e-22 
1188.09 7.17352e-22 
1188.1 8.10444e-22 
1188.11 9.15419e-22 
1188.12 1.03377e-21 
1188.13 1.16717e-21 
1188.14 1.3175e-21 
1188.15 1.48688e-21 
1188.16 1.67767e-21 
1188.17 1.89253e-21 
1188.18 2.13445e-21 
1188.19 2.40678e-21 
1188.2 2.71328e-21 
1188.21 3.05815e-21 
1188.22 3.44611e-21 
1188.23 3.88824e-21 
1188.24 4.37961e-21 
1188.25 4.93202e-21 
1188.26 5.55292e-21 
1188.27 6.25063e-21 
1188.28 7.03451e-21 
1188.29 7.91498e-21 
1188.3 8.90375e-21 
1188.31 1.00139e-20 
1188.32 1.126e-20 
1188.33 1.26585e-20 
1188.34 1.42276e-20 
1188.35 1.59878e-20 
1188.36 1.79619e-20 
1188.37 2.01754e-20 
1188.38 2.26568e-20 
1188.39 2.54379e-20 
1188.4 2.85543e-20 
1188.41 3.20455e-20 
1188.42 3.59559e-20 
1188.43 4.03349e-20 
1188.44 4.52374e-20 
1188.45 5.07248e-20 
1188.46 5.68657e-20 
1188.47 6.37364e-20 
1188.48 7.15234e-20 
1188.49 8.01304e-20 
1188.5 8.97538e-20 
1188.51 1.00511e-19 
1188.52 1.12534e-19 
1188.52 1.25968e-19 
1188.53 1.40975e-19 
1188.54 1.57736e-19 
1188.55 1.76452e-19 
1188.56 1.97347e-19 
1188.57 2.20668e-19 
1188.58 2.46692e-19 
1188.59 2.75726e-19 
1188.6 3.08303e-19 
1188.61 3.4444e-19 
1188.62 3.8473e-19 
1188.63 4.29641e-19 
1188.64 4.79691e-19 
1188.65 5.35456e-19 
1188.66 5.97576e-19 
1188.67 6.6676e-19 
1188.68 7.43793e-19 
1188.69 8.29548e-19 
1188.7 9.24992e-19 
1188.71 1.03119e-18 
1188.72 1.14934e-18 
1188.73 1.28249e-18 
1188.74 1.42881e-18 
1188.75 1.59149e-18 
1188.76 1.77231e-18 
1188.77 1.97324e-18 
1188.78 2.19649e-18 
1188.79 2.44447e-18 
1188.8 2.71986e-18 
1188.81 3.02562e-18 
1188.82 3.36504e-18 
1188.83 3.74173e-18 
1188.84 4.15969e-18 
1188.85 4.62334e-18 
1188.86 5.13757e-18 
1188.87 5.70777e-18 
1188.88 6.33989e-18 
1188.89 7.04051e-18 
1188.9 7.81687e-18 
1188.91 8.67698e-18 
1188.92 9.62965e-18 
1188.93 1.06846e-17 
1188.94 1.18526e-17 
1188.94 1.31455e-17 
1188.95 1.45763e-17 
1188.96 1.61593e-17 
1188.97 1.79104e-17 
1188.98 1.98724e-17 
1188.99 2.20163e-17 
1189 2.43863e-17 
1189.01 2.70056e-17 
1189.02 2.98998e-17 
1189.03 3.30971e-17 
1189.04 3.66283e-17 
1189.05 4.05277e-17 
1189.06 4.48326e-17 
1189.07 4.9584e-17 
1189.08 5.48272e-17 
1189.09 6.06119e-17 
1189.1 6.69924e-17 
1189.11 7.40288e-17 
1189.12 8.17866e-17 
1189.13 9.0338e-17 
1189.14 9.9762e-17 
1189.15 1.10146e-16 
1189.16 1.21584e-16 
1189.17 1.34181e-16 
1189.18 1.48051e-16 
1189.19 1.6332e-16 
1189.2 1.80125e-16 
1189.21 1.98617e-16 
1189.22 2.1896e-16 
1189.23 2.41628e-16 
1189.24 2.66262e-16 
1189.25 2.93343e-16 
1189.26 3.2311e-16 
1189.27 3.5582e-16 
1189.28 3.91758e-16 
1189.29 4.31233e-16 
1189.3 4.74584e-16 
1189.31 5.2218e-16 
1189.32 5.74426e-16 
1189.33 6.31765e-16 
1189.34 6.94677e-16 
1189.35 7.6369e-16 
1189.36 8.39379e-16 
1189.36 9.22371e-16 
1189.37 1.01335e-15 
1189.38 1.11307e-15 
1189.39 1.22233e-15 
1189.4 1.34203e-15 
1189.41 1.47314e-15 
1189.42 1.61671e-15 
1189.43 1.77389e-15 
1189.44 1.94593e-15 
1189.45 2.1342e-15 
1189.46 2.34018e-15 
1189.47 2.56549e-15 
1189.48 2.81511e-15 
1189.49 3.08482e-15 
1189.5 3.37963e-15 
1189.51 3.70183e-15 
1189.52 4.05387e-15 
1189.53 4.43844e-15 
1189.54 4.85844e-15 
1189.55 5.31705e-15 
1189.56 5.81769e-15 
1189.57 6.36411e-15 
1189.58 6.96035e-15 
1189.59 7.61082e-15 
1189.6 8.32029e-15 
1189.61 9.09962e-15 
1189.62 9.9436e-15 
1189.63 1.08635e-14 
1189.64 1.1866e-14 
1189.65 1.29582e-14 
1189.66 1.41479e-14 
1189.67 1.54435e-14 
1189.68 1.68541e-14 
1189.69 1.83897e-14 
1189.7 2.00608e-14 
1189.71 2.1879e-14 
1189.72 2.3857e-14 
1189.73 2.60362e-14 
1189.74 2.83777e-14 
1189.75 3.09231e-14 
1189.76 3.36896e-14 
1189.77 3.66958e-14 
1189.78 3.99616e-14 
1189.79 4.35086e-14 
1189.79 4.73604e-14 
1189.8 5.1542e-14 
1189.81 5.60808e-14 
1189.82 6.10062e-14 
1189.83 6.63499e-14 
1189.84 7.21462e-14 
1189.85 7.8432e-14 
1189.86 8.52472e-14 
1189.87 9.26346e-14 
1189.88 1.00641e-13 
1189.89 1.09315e-13 
1189.9 1.18712e-13 
1189.91 1.28888e-13 
1189.92 1.39907e-13 
1189.93 1.51835e-13 
1189.94 1.64745e-13 
1189.95 1.78714e-13 
1189.96 1.93826e-13 
1189.97 2.10171e-13 
1189.98 2.28075e-13 
1189.99 2.47201e-13 
1190 2.67873e-13 
1190.01 2.90212e-13 
1190.02 3.14345e-13 
1190.03 3.40413e-13 
1190.04 3.68563e-13 
1190.05 3.98955e-13 
1190.06 4.31761e-13 
1190.07 4.67164e-13 
1190.08 5.05361e-13 
1190.09 5.46564e-13 
1190.1 5.90999e-13 
1190.11 6.3891e-13 
1190.12 6.90556e-13 
1190.13 7.46217e-13 
1190.14 8.0619e-13 
1190.15 8.70797e-13 
1190.16 9.40379e-13 
1190.17 1.0153e-12 
1190.18 1.09596e-12 
1190.19 1.18277e-12 
1190.2 1.27619e-12 
1190.21 1.37668e-12 
1190.21 1.48477e-12 
1190.22 1.60251e-12 
1190.23 1.72759e-12 
1190.24 1.86202e-12 
1190.25 2.00649e-12 
1190.26 2.1617e-12 
1190.27 2.32841e-12 
1190.28 2.50745e-12 
1190.29 2.69967e-12 
1190.3 2.906e-12 
1190.31 3.12743e-12 
1190.32 3.36501e-12 
1190.33 3.61986e-12 
1190.34 3.89317e-12 
1190.35 4.18623e-12 
1190.36 4.50037e-12 
1190.37 4.83704e-12 
1190.38 5.19779e-12 
1190.39 5.58424e-12 
1190.4 5.99814e-12 
1190.41 6.44133e-12 
1190.42 6.91577e-12 
1190.43 7.42357e-12 
1190.44 7.96695e-12 
1190.45 8.54826e-12 
1190.46 9.17001e-12 
1190.47 9.83488e-12 
1190.48 1.05549e-11 
1190.49 1.13152e-11 
1190.5 1.21278e-11 
1190.51 1.29959e-11 
1190.52 1.39232e-11 
1190.53 1.49134e-11 
1190.54 1.59706e-11 
1190.55 1.7099e-11 
1190.56 1.83033e-11 
1190.57 1.95882e-11 
1190.58 2.09588e-11 
1190.59 2.24204e-11 
1190.6 2.39789e-11 
1190.61 2.56561e-11 
1190.62 2.74277e-11 
1190.63 2.93153e-11 
1190.64 3.13261e-11 
1190.64 3.34676e-11 
1190.65 3.57478e-11 
1190.66 3.81751e-11 
1190.67 4.07586e-11 
1190.68 4.35075e-11 
1190.69 4.64318e-11 
1190.7 4.95421e-11 
1190.71 5.28493e-11 
1190.72 5.63652e-11 
1190.73 6.01503e-11 
1190.74 6.41241e-11 
1190.75 6.83458e-11 
1190.76 7.28299e-11 
1190.77 7.75914e-11 
1190.78 8.26465e-11 
1190.79 8.8012e-11 
1190.8 9.37057e-11 
1190.81 9.97463e-11 
1190.82 1.06154e-10 
1190.83 1.12948e-10 
1190.84 1.20152e-10 
1190.85 1.27787e-10 
1190.86 1.35879e-10 
1190.87 1.44452e-10 
1190.88 1.53532e-10 
1190.89 1.63149e-10 
1190.9 1.73331e-10 
1190.91 1.84108e-10 
1190.92 1.95514e-10 
1190.93 2.07582e-10 
1190.94 2.20347e-10 
1190.95 2.33847e-10 
1190.96 2.4812e-10 
1190.97 2.63209e-10 
1190.98 2.79359e-10 
1190.99 2.96219e-10 
1191 3.14029e-10 
1191.01 3.32839e-10 
1191.02 3.52699e-10 
1191.03 3.73664e-10 
1191.04 3.9579e-10 
1191.05 4.19136e-10 
1191.06 4.43764e-10 
1191.07 4.69737e-10 
1191.07 4.97125e-10 
1191.08 5.25996e-10 
1191.09 5.56425e-10 
1191.1 5.88487e-10 
1191.11 6.22263e-10 
1191.12 6.57836e-10 
1191.13 6.95293e-10 
1191.14 7.34725e-10 
1191.15 7.76227e-10 
1191.16 8.19897e-10 
1191.17 8.65838e-10 
1191.18 9.14157e-10 
1191.19 9.64964e-10 
1191.2 1.01838e-09 
1191.21 1.07452e-09 
1191.22 1.1335e-09 
1191.23 1.19627e-09 
1191.24 1.2614e-09 
1191.25 1.32979e-09 
1191.26 1.40158e-09 
1191.27 1.47693e-09 
1191.28 1.556e-09 
1191.29 1.63895e-09 
1191.3 1.72596e-09 
1191.31 1.81719e-09 
1191.32 1.91283e-09 
1191.33 2.01307e-09 
1191.34 2.11811e-09 
1191.35 2.22815e-09 
1191.36 2.34341e-09 
1191.37 2.4641e-09 
1191.38 2.59045e-09 
1191.39 2.72269e-09 
1191.4 2.86107e-09 
1191.41 3.00583e-09 
1191.42 3.15724e-09 
1191.43 3.31557e-09 
1191.44 3.48109e-09 
1191.45 3.65408e-09 
1191.46 3.83485e-09 
1191.47 4.0237e-09 
1191.48 4.22351e-09 
1191.49 4.42952e-09 
1191.49 4.64465e-09 
1191.5 4.86917e-09 
1191.51 5.10345e-09 
1191.52 5.34786e-09 
1191.53 5.60276e-09 
1191.54 5.86856e-09 
1191.55 6.14564e-09 
1191.56 6.43442e-09 
1191.57 6.73533e-09 
1191.58 7.04879e-09 
1191.59 7.37526e-09 
1191.6 7.72e-09 
1191.61 8.07409e-09 
1191.62 8.4426e-09 
1191.63 8.82603e-09 
1191.64 9.2249e-09 
1191.65 9.63971e-09 
1191.66 1.0071e-08 
1191.67 1.05194e-08 
1191.68 1.09853e-08 
1191.69 1.14694e-08 
1191.7 1.19723e-08 
1191.71 1.24946e-08 
1191.72 1.30368e-08 
1191.73 1.36068e-08 
1191.74 1.41912e-08 
1191.75 1.47974e-08 
1191.76 1.54263e-08 
1191.77 1.60784e-08 
1191.78 1.67545e-08 
1191.79 1.74553e-08 
1191.8 1.81815e-08 
1191.81 1.89338e-08 
1191.82 1.9713e-08 
1191.83 2.05199e-08 
1191.84 2.13552e-08 
1191.85 2.22197e-08 
1191.86 2.31143e-08 
1191.87 2.40397e-08 
1191.88 2.49968e-08 
1191.89 2.59865e-08 
1191.9 2.70095e-08 
1191.91 2.80667e-08 
1191.92 2.91591e-08 
1191.92 3.02875e-08 
1191.93 3.14527e-08 
1191.94 3.26558e-08 
1191.95 3.38977e-08 
1191.96 3.51792e-08 
1191.97 3.65013e-08 
1191.98 3.78822e-08 
1191.99 3.92889e-08 
1192 4.07391e-08 
1192.01 4.22337e-08 
1192.02 4.37738e-08 
1192.03 4.53602e-08 
1192.04 4.69941e-08 
1192.05 4.86764e-08 
1192.06 5.0408e-08 
1192.07 5.219e-08 
1192.08 5.40235e-08 
1192.09 5.59093e-08 
1192.1 5.78485e-08 
1192.11 5.98421e-08 
1192.12 6.18911e-08 
1192.13 6.39966e-08 
1192.14 6.61594e-08 
1192.15 6.83807e-08 
1192.16 7.06613e-08 
1192.17 7.30023e-08 
1192.18 7.54047e-08 
1192.19 7.78694e-08 
1192.2 8.03974e-08 
1192.21 8.29896e-08 
1192.22 8.5647e-08 
1192.23 8.8405e-08 
1192.24 9.11963e-08 
1192.25 9.40556e-08 
1192.26 9.69837e-08 
1192.27 9.99815e-08 
1192.28 1.0305e-07 
1192.29 1.06189e-07 
1192.3 1.09401e-07 
1192.31 1.12686e-07 
1192.32 1.16044e-07 
1192.33 1.19477e-07 
1192.34 1.22985e-07 
1192.34 1.26569e-07 
1192.35 1.30229e-07 
1192.36 1.33966e-07 
1192.37 1.37781e-07 
1192.38 1.41674e-07 
1192.39 1.45646e-07 
1192.4 1.49697e-07 
1192.41 1.53827e-07 
1192.42 1.58038e-07 
1192.43 1.62329e-07 
1192.44 1.66701e-07 
1192.45 1.71153e-07 
1192.46 1.75687e-07 
1192.47 1.80302e-07 
1192.48 1.85058e-07 
1192.49 1.89837e-07 
1192.5 1.94698e-07 
1192.51 1.99641e-07 
1192.52 2.04664e-07 
1192.53 2.0977e-07 
1192.54 2.14956e-07 
1192.55 2.20223e-07 
1192.56 2.25571e-07 
1192.57 2.30999e-07 
1192.58 2.36507e-07 
1192.59 2.42094e-07 
1192.6 2.4776e-07 
1192.61 2.53662e-07 
1192.62 2.59487e-07 
1192.63 2.65389e-07 
1192.64 2.71367e-07 
1192.65 2.7742e-07 
1192.66 2.83547e-07 
1192.67 2.89747e-07 
1192.68 2.96019e-07 
1192.69 3.02362e-07 
1192.7 3.08774e-07 
1192.71 3.15255e-07 
1192.72 3.21802e-07 
1192.73 3.28498e-07 
1192.74 3.35176e-07 
1192.75 3.41916e-07 
1192.76 3.48716e-07 
1192.77 3.55576e-07 
1192.77 3.62492e-07 
1192.78 3.69463e-07 
1192.79 3.76488e-07 
1192.8 3.83564e-07 
1192.81 3.90689e-07 
1192.82 3.9786e-07 
1192.83 4.05077e-07 
1192.84 4.12335e-07 
1192.85 4.19634e-07 
1192.86 4.2697e-07 
1192.87 4.34341e-07 
1192.88 4.41744e-07 
1192.89 4.49177e-07 
1192.9 4.56637e-07 
1192.91 4.64121e-07 
1192.92 4.71626e-07 
1192.93 4.7915e-07 
1192.94 4.86689e-07 
1192.95 4.94241e-07 
1192.96 5.01802e-07 
1192.97 5.09369e-07 
1192.98 5.17034e-07 
1192.99 5.24604e-07 
1193 5.32171e-07 
1193.01 5.39731e-07 
1193.02 5.4728e-07 
1193.03 5.54816e-07 
1193.04 5.62335e-07 
1193.05 5.69834e-07 
1193.06 5.77308e-07 
1193.07 5.84755e-07 
1193.08 5.92171e-07 
1193.09 5.99552e-07 
1193.1 6.06894e-07 
1193.11 6.14195e-07 
1193.12 6.21449e-07 
1193.13 6.28655e-07 
1193.14 6.35807e-07 
1193.15 6.42903e-07 
1193.16 6.49938e-07 
1193.17 6.5691e-07 
1193.18 6.63813e-07 
1193.19 6.70645e-07 
1193.19 6.77401e-07 
1193.2 6.84079e-07 
1193.21 6.90674e-07 
1193.22 6.97264e-07 
1193.23 7.03682e-07 
1193.24 7.10007e-07 
1193.25 7.16235e-07 
1193.26 7.22362e-07 
1193.27 7.28386e-07 
1193.28 7.34301e-07 
1193.29 7.40106e-07 
1193.3 7.45797e-07 
1193.31 7.5137e-07 
1193.32 7.56822e-07 
1193.33 7.6215e-07 
1193.34 7.67351e-07 
1193.35 7.72422e-07 
1193.36 7.77359e-07 
1193.37 7.8216e-07 
1193.38 7.86821e-07 
1193.39 7.91341e-07 
1193.4 7.95716e-07 
1193.41 7.99943e-07 
1193.42 8.0402e-07 
1193.43 8.07944e-07 
1193.44 8.11714e-07 
1193.45 8.15326e-07 
1193.46 8.18778e-07 
1193.47 8.22069e-07 
1193.48 8.25234e-07 
1193.49 8.28193e-07 
1193.5 8.30984e-07 
1193.51 8.33606e-07 
1193.52 8.36057e-07 
1193.53 8.38336e-07 
1193.54 8.40441e-07 
1193.55 8.4237e-07 
1193.56 8.44123e-07 
1193.57 8.45698e-07 
1193.58 8.47094e-07 
1193.59 8.48311e-07 
1193.6 8.49348e-07 
1193.61 8.50733e-07 
1193.62 8.51409e-07 
1193.62 8.51902e-07 
1193.63 8.52213e-07 
1193.64 8.52342e-07 
1193.65 8.52288e-07 
1193.66 8.52053e-07 
1193.67 8.51635e-07 
1193.68 8.51035e-07 
1193.69 8.50254e-07 
1193.7 8.49292e-07 
1193.71 8.4815e-07 
1193.72 8.46829e-07 
1193.73 8.45309e-07 
1193.74 8.4363e-07 
1193.75 8.41774e-07 
1193.76 8.39744e-07 
1193.77 8.37539e-07 
1193.78 8.35163e-07 
1193.79 8.32615e-07 
1193.8 8.29899e-07 
1193.81 8.27016e-07 
1193.82 8.23967e-07 
1193.83 8.20755e-07 
1193.84 8.17382e-07 
1193.85 8.1385e-07 
1193.86 8.10161e-07 
1193.87 8.06318e-07 
1193.88 8.02323e-07 
1193.89 7.98178e-07 
1193.9 7.93887e-07 
1193.91 7.89452e-07 
1193.92 7.84876e-07 
1193.93 7.80162e-07 
1193.94 7.75313e-07 
1193.95 7.70331e-07 
1193.96 7.6522e-07 
1193.97 7.59983e-07 
1193.98 7.54556e-07 
1193.99 7.49076e-07 
1194 7.4348e-07 
1194.01 7.37771e-07 
1194.02 7.31952e-07 
1194.03 7.26029e-07 
1194.04 7.20003e-07 
1194.05 7.13879e-07 
1194.05 7.0766e-07 
1194.06 7.01349e-07 
1194.07 6.94951e-07 
1194.08 6.8847e-07 
1194.09 6.81908e-07 
1194.1 6.7527e-07 
1194.11 6.6856e-07 
1194.12 6.61781e-07 
1194.13 6.54936e-07 
1194.14 6.48031e-07 
1194.15 6.41069e-07 
1194.16 6.34053e-07 
1194.17 6.26988e-07 
1194.18 6.19876e-07 
1194.19 6.12723e-07 
1194.2 6.05531e-07 
1194.21 5.98306e-07 
1194.22 5.91049e-07 
1194.23 5.83674e-07 
1194.24 5.76367e-07 
1194.25 5.69041e-07 
1194.26 5.61699e-07 
1194.27 5.54345e-07 
1194.28 5.46982e-07 
1194.29 5.39614e-07 
1194.3 5.32245e-07 
1194.31 5.24878e-07 
1194.32 5.17516e-07 
1194.33 5.10164e-07 
1194.34 5.02823e-07 
1194.35 4.95498e-07 
1194.36 4.88193e-07 
1194.37 4.80909e-07 
1194.38 4.7365e-07 
1194.39 4.6642e-07 
1194.4 4.59221e-07 
1194.41 4.52057e-07 
1194.42 4.4493e-07 
1194.43 4.37842e-07 
1194.44 4.30798e-07 
1194.45 4.238e-07 
1194.46 4.1685e-07 
1194.47 4.0995e-07 
1194.47 4.0302e-07 
1194.48 3.9623e-07 
1194.49 3.895e-07 
1194.5 3.8283e-07 
1194.51 3.76223e-07 
1194.52 3.69681e-07 
1194.53 3.63207e-07 
1194.54 3.56802e-07 
1194.55 3.50468e-07 
1194.56 3.44208e-07 
1194.57 3.38023e-07 
1194.58 3.31915e-07 
1194.59 3.25885e-07 
1194.6 3.19936e-07 
1194.61 3.14264e-07 
1194.62 3.08476e-07 
1194.63 3.02774e-07 
1194.64 2.97157e-07 
1194.65 2.91628e-07 
1194.66 2.86188e-07 
1194.67 2.80838e-07 
1194.68 2.75579e-07 
1194.69 2.70413e-07 
1194.7 2.65339e-07 
1194.71 2.6036e-07 
1194.72 2.55475e-07 
1194.73 2.50628e-07 
1194.74 2.45937e-07 
1194.75 2.41343e-07 
1194.76 2.36848e-07 
1194.77 2.32451e-07 
1194.78 2.28153e-07 
1194.79 2.23955e-07 
1194.8 2.19857e-07 
1194.81 2.15859e-07 
1194.82 2.11962e-07 
1194.83 2.08167e-07 
1194.84 2.04472e-07 
1194.85 2.0088e-07 
1194.86 1.9739e-07 
1194.87 1.94001e-07 
1194.88 1.90715e-07 
1194.89 1.87531e-07 
1194.9 1.8445e-07 
1194.9 1.81471e-07 
1194.91 1.78594e-07 
1194.92 1.7582e-07 
1194.93 1.73149e-07 
1194.94 1.7058e-07 
1194.95 1.68113e-07 
1194.96 1.65749e-07 
1194.97 1.63487e-07 
1194.98 1.613e-07 
1194.99 1.59243e-07 
1195 1.57288e-07 
1195.01 1.55435e-07 
1195.02 1.53683e-07 
1195.03 1.52033e-07 
1195.04 1.50483e-07 
1195.05 1.49035e-07 
1195.06 1.47688e-07 
1195.07 1.46442e-07 
1195.08 1.45297e-07 
1195.09 1.44252e-07 
1195.1 1.43308e-07 
1195.11 1.42464e-07 
1195.12 1.41721e-07 
1195.13 1.41077e-07 
1195.14 1.40534e-07 
1195.15 1.40091e-07 
1195.16 1.39748e-07 
1195.17 1.39505e-07 
1195.18 1.39363e-07 
1195.19 1.3932e-07 
1195.2 1.39378e-07 
1195.21 1.39536e-07 
1195.22 1.39795e-07 
1195.23 1.40159e-07 
1195.24 1.4062e-07 
1195.25 1.41183e-07 
1195.26 1.41846e-07 
1195.27 1.42612e-07 
1195.28 1.43479e-07 
1195.29 1.44448e-07 
1195.3 1.4552e-07 
1195.31 1.46695e-07 
1195.32 1.47974e-07 
1195.32 1.49356e-07 
1195.33 1.50844e-07 
1195.34 1.52436e-07 
1195.35 1.54134e-07 
1195.36 1.55939e-07 
1195.37 1.57851e-07 
1195.38 1.5987e-07 
1195.39 1.61999e-07 
1195.4 1.64236e-07 
1195.41 1.66585e-07 
1195.42 1.69045e-07 
1195.43 1.71616e-07 
1195.44 1.74302e-07 
1195.45 1.77101e-07 
1195.46 1.80016e-07 
1195.47 1.83048e-07 
1195.48 1.86237e-07 
1195.49 1.89507e-07 
1195.5 1.92897e-07 
1195.51 1.96409e-07 
1195.52 2.00043e-07 
1195.53 2.03801e-07 
1195.54 2.07685e-07 
1195.55 2.11697e-07 
1195.56 2.15836e-07 
1195.57 2.20106e-07 
1195.58 2.24507e-07 
1195.59 2.29041e-07 
1195.6 2.3371e-07 
1195.61 2.38664e-07 
1195.62 2.43611e-07 
1195.63 2.48697e-07 
1195.64 2.53925e-07 
1195.65 2.59296e-07 
1195.66 2.64812e-07 
1195.67 2.70474e-07 
1195.68 2.76286e-07 
1195.69 2.82247e-07 
1195.7 2.88361e-07 
1195.71 2.94628e-07 
1195.72 3.01052e-07 
1195.73 3.07716e-07 
1195.74 3.14458e-07 
1195.75 3.21362e-07 
1195.75 3.28429e-07 
1195.76 3.3566e-07 
1195.77 3.43058e-07 
1195.78 3.50625e-07 
1195.79 3.58362e-07 
1195.8 3.66271e-07 
1195.81 3.74355e-07 
1195.82 3.82613e-07 
1195.83 3.91049e-07 
1195.84 3.99664e-07 
1195.85 4.08459e-07 
1195.86 4.17436e-07 
1195.87 4.26597e-07 
1195.88 4.35943e-07 
1195.89 4.45477e-07 
1195.9 4.55198e-07 
1195.91 4.65108e-07 
1195.92 4.7521e-07 
1195.93 4.85503e-07 
1195.94 4.9599e-07 
1195.95 5.06671e-07 
1195.96 5.17548e-07 
1195.97 5.28621e-07 
1195.98 5.40033e-07 
1195.99 5.51504e-07 
1196 5.63174e-07 
1196.01 5.75043e-07 
1196.02 5.87113e-07 
1196.03 5.99383e-07 
1196.04 6.11854e-07 
1196.05 6.24527e-07 
1196.06 6.374e-07 
1196.07 6.50476e-07 
1196.08 6.63752e-07 
1196.09 6.7723e-07 
1196.1 6.90909e-07 
1196.11 7.04789e-07 
1196.12 7.18869e-07 
1196.13 7.33148e-07 
1196.14 7.47625e-07 
1196.15 7.62301e-07 
1196.16 7.77173e-07 
1196.17 7.9224e-07 
1196.17 8.07502e-07 
1196.18 8.22956e-07 
1196.19 8.38602e-07 
1196.2 8.54437e-07 
1196.21 8.7046e-07 
1196.22 8.86872e-07 
1196.23 9.03265e-07 
1196.24 9.19839e-07 
1196.25 9.36591e-07 
1196.26 9.5352e-07 
1196.27 9.7062e-07 
1196.28 9.87892e-07 
1196.29 1.00533e-06 
1196.3 1.02293e-06 
1196.31 1.04069e-06 
1196.32 1.05861e-06 
1196.33 1.07668e-06 
1196.34 1.0949e-06 
1196.35 1.11326e-06 
1196.36 1.13176e-06 
1196.37 1.1504e-06 
1196.38 1.16917e-06 
1196.39 1.18806e-06 
1196.4 1.20708e-06 
1196.41 1.22621e-06 
1196.42 1.24546e-06 
1196.43 1.26481e-06 
1196.44 1.28426e-06 
1196.45 1.3038e-06 
1196.46 1.32343e-06 
1196.47 1.34315e-06 
1196.48 1.36319e-06 
1196.49 1.38305e-06 
1196.5 1.40297e-06 
1196.51 1.42295e-06 
1196.52 1.44298e-06 
1196.53 1.46306e-06 
1196.54 1.48317e-06 
1196.55 1.50331e-06 
1196.56 1.52347e-06 
1196.57 1.54364e-06 
1196.58 1.56382e-06 
1196.59 1.58401e-06 
1196.6 1.60418e-06 
1196.6 1.62534e-06 
1196.61 1.64549e-06 
1196.62 1.6656e-06 
1196.63 1.68567e-06 
1196.64 1.70569e-06 
1196.65 1.72566e-06 
1196.66 1.74556e-06 
1196.67 1.76538e-06 
1196.68 1.78513e-06 
1196.69 1.80478e-06 
1196.7 1.82434e-06 
1196.71 1.84378e-06 
1196.72 1.86311e-06 
1196.73 1.88256e-06 
1196.74 1.90163e-06 
1196.75 1.92055e-06 
1196.76 1.93933e-06 
1196.77 1.95795e-06 
1196.78 1.97639e-06 
1196.79 1.99466e-06 
1196.8 2.01274e-06 
1196.81 2.03063e-06 
1196.82 2.04832e-06 
1196.83 2.06579e-06 
1196.84 2.08304e-06 
1196.85 2.10007e-06 
1196.86 2.11685e-06 
1196.87 2.13339e-06 
1196.88 2.14968e-06 
1196.89 2.1657e-06 
1196.9 2.18146e-06 
1196.91 2.19693e-06 
1196.92 2.21212e-06 
1196.93 2.22701e-06 
1196.94 2.24161e-06 
1196.95 2.25589e-06 
1196.96 2.26986e-06 
1196.97 2.2835e-06 
1196.98 2.29698e-06 
1196.99 2.30995e-06 
1197 2.32257e-06 
1197.01 2.33485e-06 
1197.02 2.34677e-06 
1197.03 2.35832e-06 
1197.03 2.3695e-06 
1197.04 2.38031e-06 
1197.05 2.39073e-06 
1197.06 2.40077e-06 
1197.07 2.41041e-06 
1197.08 2.41966e-06 
1197.09 2.4285e-06 
1197.1 2.43694e-06 
1197.11 2.44496e-06 
1197.12 2.45258e-06 
1197.13 2.45977e-06 
1197.14 2.46653e-06 
1197.15 2.47287e-06 
1197.16 2.47879e-06 
1197.17 2.48426e-06 
1197.18 2.48931e-06 
1197.19 2.49391e-06 
1197.2 2.49808e-06 
1197.21 2.5018e-06 
1197.22 2.50508e-06 
1197.23 2.50795e-06 
1197.24 2.51034e-06 
1197.25 2.51228e-06 
1197.26 2.51377e-06 
1197.27 2.51482e-06 
1197.28 2.51541e-06 
1197.29 2.51557e-06 
1197.3 2.51527e-06 
1197.31 2.51453e-06 
1197.32 2.51335e-06 
1197.33 2.51173e-06 
1197.34 2.50966e-06 
1197.35 2.50715e-06 
1197.36 2.50421e-06 
1197.37 2.50084e-06 
1197.38 2.49703e-06 
1197.39 2.4928e-06 
1197.4 2.48814e-06 
1197.41 2.48306e-06 
1197.42 2.47757e-06 
1197.43 2.47166e-06 
1197.44 2.46535e-06 
1197.45 2.45863e-06 
1197.45 2.45151e-06 
1197.46 2.444e-06 
1197.47 2.43611e-06 
1197.48 2.42772e-06 
1197.49 2.41906e-06 
1197.5 2.41003e-06 
1197.51 2.40063e-06 
1197.52 2.39088e-06 
1197.53 2.38078e-06 
1197.54 2.37034e-06 
1197.55 2.35956e-06 
1197.56 2.34845e-06 
1197.57 2.33702e-06 
1197.58 2.32527e-06 
1197.59 2.31322e-06 
1197.6 2.30088e-06 
1197.61 2.28966e-06 
1197.62 2.27673e-06 
1197.63 2.26354e-06 
1197.64 2.25007e-06 
1197.65 2.23636e-06 
1197.66 2.22239e-06 
1197.67 2.20819e-06 
1197.68 2.19377e-06 
1197.69 2.17912e-06 
1197.7 2.16426e-06 
1197.71 2.1492e-06 
1197.72 2.13396e-06 
1197.73 2.11833e-06 
1197.74 2.10273e-06 
1197.75 2.08696e-06 
1197.76 2.07105e-06 
1197.77 2.05498e-06 
1197.78 2.03879e-06 
1197.79 2.02247e-06 
1197.8 2.00604e-06 
1197.81 1.9895e-06 
1197.82 1.97287e-06 
1197.83 1.95616e-06 
1197.84 1.93937e-06 
1197.85 1.92251e-06 
1197.86 1.9056e-06 
1197.87 1.88863e-06 
1197.88 1.87164e-06 
1197.88 1.85461e-06 
1197.89 1.83756e-06 
1197.9 1.82051e-06 
1197.91 1.80345e-06 
1197.92 1.7864e-06 
1197.93 1.76937e-06 
1197.94 1.75236e-06 
1197.95 1.73538e-06 
1197.96 1.71845e-06 
1197.97 1.70157e-06 
1197.98 1.68453e-06 
1197.99 1.66778e-06 
1198 1.6511e-06 
1198.01 1.6345e-06 
1198.02 1.61798e-06 
1198.03 1.60157e-06 
1198.04 1.58526e-06 
1198.05 1.56906e-06 
1198.06 1.55298e-06 
1198.07 1.53702e-06 
1198.08 1.52119e-06 
1198.09 1.5055e-06 
1198.1 1.48995e-06 
1198.11 1.47455e-06 
1198.12 1.4593e-06 
1198.13 1.44421e-06 
1198.14 1.42929e-06 
1198.15 1.41453e-06 
1198.16 1.39995e-06 
1198.17 1.38554e-06 
1198.18 1.37132e-06 
1198.19 1.35728e-06 
1198.2 1.34344e-06 
1198.21 1.32979e-06 
1198.22 1.31633e-06 
1198.23 1.30291e-06 
1198.24 1.28986e-06 
1198.25 1.27702e-06 
1198.26 1.26438e-06 
1198.27 1.25196e-06 
1198.28 1.23974e-06 
1198.29 1.22775e-06 
1198.3 1.21597e-06 
1198.3 1.2044e-06 
1198.31 1.19306e-06 
1198.32 1.18193e-06 
1198.33 1.17103e-06 
1198.34 1.16034e-06 
1198.35 1.14988e-06 
1198.36 1.13964e-06 
1198.37 1.12963e-06 
1198.38 1.11984e-06 
1198.39 1.11027e-06 
1198.4 1.10092e-06 
1198.41 1.09179e-06 
1198.42 1.08288e-06 
1198.43 1.0742e-06 
1198.44 1.06573e-06 
1198.45 1.05748e-06 
1198.46 1.04945e-06 
1198.47 1.04164e-06 
1198.48 1.03395e-06 
1198.49 1.02656e-06 
1198.5 1.01939e-06 
1198.51 1.01243e-06 
1198.52 1.00567e-06 
1198.53 9.99123e-07 
1198.54 9.9278e-07 
1198.55 9.86639e-07 
1198.56 9.80699e-07 
1198.57 9.74957e-07 
1198.58 9.69412e-07 
1198.59 9.64061e-07 
1198.6 9.58903e-07 
1198.61 9.54526e-07 
1198.62 9.49743e-07 
1198.63 9.45145e-07 
1198.64 9.40731e-07 
1198.65 9.36499e-07 
1198.66 9.32445e-07 
1198.67 9.28569e-07 
1198.68 9.24867e-07 
1198.69 9.21339e-07 
1198.7 9.17981e-07 
1198.71 9.14791e-07 
1198.72 9.11768e-07 
1198.73 9.08874e-07 
1198.73 9.0618e-07 
1198.74 9.03646e-07 
1198.75 9.01271e-07 
1198.76 8.99053e-07 
1198.77 8.96989e-07 
1198.78 8.95079e-07 
1198.79 8.93321e-07 
1198.8 8.91712e-07 
1198.81 8.90253e-07 
1198.82 8.8894e-07 
1198.83 8.87773e-07 
1198.84 8.8675e-07 
1198.85 8.85871e-07 
1198.86 8.85133e-07 
1198.87 8.84536e-07 
1198.88 8.84079e-07 
1198.89 8.83761e-07 
1198.9 8.83581e-07 
1198.91 8.83537e-07 
1198.92 8.8363e-07 
1198.93 8.83858e-07 
1198.94 8.84221e-07 
1198.95 8.84719e-07 
1198.96 8.85349e-07 
1198.97 8.86113e-07 
1198.98 8.87022e-07 
1198.99 8.88052e-07 
1199 8.89214e-07 
1199.01 8.90507e-07 
1199.02 8.91932e-07 
1199.03 8.93487e-07 
1199.04 8.95173e-07 
1199.05 8.96989e-07 
1199.06 8.98935e-07 
1199.07 9.01011e-07 
1199.08 9.03216e-07 
1199.09 9.05551e-07 
1199.1 9.08015e-07 
1199.11 9.10607e-07 
1199.12 9.13328e-07 
1199.13 9.16178e-07 
1199.14 9.19155e-07 
1199.15 9.22259e-07 
1199.15 9.25491e-07 
1199.16 9.28849e-07 
1199.17 9.32334e-07 
1199.18 9.35944e-07 
1199.19 9.39679e-07 
1199.2 9.43538e-07 
1199.21 9.47521e-07 
1199.22 9.51679e-07 
1199.23 9.55907e-07 
1199.24 9.60256e-07 
1199.25 9.64725e-07 
1199.26 9.69312e-07 
1199.27 9.74015e-07 
1199.28 9.78834e-07 
1199.29 9.83768e-07 
1199.3 9.88813e-07 
1199.31 9.93969e-07 
1199.32 9.99234e-07 
1199.33 1.0046e-06 
1199.34 1.01008e-06 
1199.35 1.01566e-06 
1199.36 1.02133e-06 
1199.37 1.02711e-06 
1199.38 1.03298e-06 
1199.39 1.03893e-06 
1199.4 1.04498e-06 
1199.41 1.05112e-06 
1199.42 1.05733e-06 
1199.43 1.06362e-06 
1199.44 1.06999e-06 
1199.45 1.07643e-06 
1199.46 1.08294e-06 
1199.47 1.08951e-06 
1199.48 1.09622e-06 
1199.49 1.10291e-06 
1199.5 1.10964e-06 
1199.51 1.11642e-06 
1199.52 1.12324e-06 
1199.53 1.1301e-06 
1199.54 1.13699e-06 
1199.55 1.1439e-06 
1199.56 1.15084e-06 
1199.57 1.15779e-06 
1199.58 1.16475e-06 
1199.58 1.17171e-06 
1199.59 1.17867e-06 
1199.6 1.18563e-06 
1199.61 1.19331e-06 
1199.62 1.20024e-06 
1199.63 1.20714e-06 
1199.64 1.21402e-06 
1199.65 1.22085e-06 
1199.66 1.22764e-06 
1199.67 1.23438e-06 
1199.68 1.24107e-06 
1199.69 1.24769e-06 
1199.7 1.25424e-06 
1199.71 1.26072e-06 
1199.72 1.26712e-06 
1199.73 1.2735e-06 
1199.74 1.27971e-06 
1199.75 1.28582e-06 
1199.76 1.29182e-06 
1199.77 1.29771e-06 
1199.78 1.30347e-06 
1199.79 1.30911e-06 
1199.8 1.31461e-06 
1199.81 1.31998e-06 
1199.82 1.3252e-06 
1199.83 1.33026e-06 
1199.84 1.33517e-06 
1199.85 1.33991e-06 
1199.86 1.34448e-06 
1199.87 1.34887e-06 
1199.88 1.35308e-06 
1199.89 1.35711e-06 
1199.9 1.36094e-06 
1199.91 1.36457e-06 
1199.92 1.368e-06 
1199.93 1.37122e-06 
1199.94 1.37422e-06 
1199.95 1.37701e-06 
1199.96 1.37957e-06 
1199.97 1.38191e-06 
1199.98 1.38404e-06 
1199.99 1.3859e-06 
1200 1.38753e-06 
1200.01 1.38891e-06 
1200.01 1.39004e-06 
1200.02 1.39092e-06 
1200.03 1.39155e-06 
1200.04 1.39192e-06 
1200.05 1.39203e-06 
1200.06 1.39188e-06 
1200.07 1.39147e-06 
1200.08 1.39079e-06 
1200.09 1.38984e-06 
1200.1 1.38862e-06 
1200.11 1.38713e-06 
1200.12 1.38537e-06 
1200.13 1.38334e-06 
1200.14 1.38103e-06 
1200.15 1.37845e-06 
1200.16 1.37559e-06 
1200.17 1.37246e-06 
1200.18 1.36906e-06 
1200.19 1.36538e-06 
1200.2 1.36143e-06 
1200.21 1.3572e-06 
1200.22 1.35271e-06 
1200.23 1.34789e-06 
1200.24 1.34285e-06 
1200.25 1.33755e-06 
1200.26 1.33199e-06 
1200.27 1.32616e-06 
1200.28 1.32008e-06 
1200.29 1.31374e-06 
1200.3 1.30714e-06 
1200.31 1.3003e-06 
1200.32 1.29321e-06 
1200.33 1.28587e-06 
1200.34 1.2783e-06 
1200.35 1.27049e-06 
1200.36 1.26245e-06 
1200.37 1.25418e-06 
1200.38 1.24568e-06 
1200.39 1.23697e-06 
1200.4 1.22805e-06 
1200.41 1.21891e-06 
1200.42 1.20958e-06 
1200.43 1.20004e-06 
1200.43 1.19031e-06 
1200.44 1.18039e-06 
1200.45 1.17029e-06 
1200.46 1.16001e-06 
1200.47 1.14956e-06 
1200.48 1.13881e-06 
1200.49 1.12803e-06 
1200.5 1.1171e-06 
1200.51 1.10602e-06 
1200.52 1.0948e-06 
1200.53 1.08345e-06 
1200.54 1.07196e-06 
1200.55 1.06035e-06 
1200.56 1.04863e-06 
1200.57 1.0368e-06 
1200.58 1.02486e-06 
1200.59 1.01283e-06 
1200.6 1.0007e-06 
1200.61 9.89104e-07 
1200.62 9.76809e-07 
1200.63 9.64443e-07 
1200.64 9.52012e-07 
1200.65 9.39521e-07 
1200.66 9.26979e-07 
1200.67 9.1439e-07 
1200.68 9.01762e-07 
1200.69 8.891e-07 
1200.7 8.76411e-07 
1200.71 8.637e-07 
1200.72 8.50975e-07 
1200.73 8.38081e-07 
1200.74 8.25343e-07 
1200.75 8.12608e-07 
1200.76 7.99882e-07 
1200.77 7.8717e-07 
1200.78 7.74478e-07 
1200.79 7.61811e-07 
1200.8 7.49175e-07 
1200.81 7.36575e-07 
1200.82 7.24016e-07 
1200.83 7.11504e-07 
1200.84 6.99043e-07 
1200.85 6.86638e-07 
1200.85 6.74295e-07 
1200.86 6.62016e-07 
1200.87 6.49808e-07 
1200.88 6.37674e-07 
1200.89 6.25619e-07 
1200.9 6.13647e-07 
1200.91 6.01762e-07 
1200.92 5.89967e-07 
1200.93 5.78266e-07 
1200.94 5.66664e-07 
1200.95 5.55163e-07 
1200.96 5.43766e-07 
1200.97 5.32477e-07 
1200.98 5.2116e-07 
1200.99 5.10097e-07 
1201 4.99151e-07 
1201.01 4.88324e-07 
1201.02 4.77618e-07 
1201.03 4.67036e-07 
1201.04 4.5658e-07 
1201.05 4.46253e-07 
1201.06 4.36056e-07 
1201.07 4.2599e-07 
1201.08 4.16059e-07 
1201.09 4.06262e-07 
1201.1 3.96602e-07 
1201.11 3.87079e-07 
1201.12 3.77696e-07 
1201.13 3.68452e-07 
1201.14 3.59349e-07 
1201.15 3.50388e-07 
1201.16 3.41569e-07 
1201.17 3.32893e-07 
1201.18 3.24361e-07 
1201.19 3.15972e-07 
1201.2 3.07726e-07 
1201.21 2.99625e-07 
1201.22 2.91668e-07 
1201.23 2.83757e-07 
1201.24 2.76089e-07 
1201.25 2.68564e-07 
1201.26 2.61183e-07 
1201.27 2.53943e-07 
1201.28 2.46846e-07 
1201.28 2.3989e-07 
1201.29 2.33074e-07 
1201.3 2.26399e-07 
1201.31 2.19862e-07 
1201.32 2.13463e-07 
1201.33 2.07201e-07 
1201.34 2.01075e-07 
1201.35 1.95084e-07 
1201.36 1.89226e-07 
1201.37 1.835e-07 
1201.38 1.77905e-07 
1201.39 1.7244e-07 
1201.4 1.67103e-07 
1201.41 1.61893e-07 
1201.42 1.56807e-07 
1201.43 1.51846e-07 
1201.44 1.47006e-07 
1201.45 1.42287e-07 
1201.46 1.37686e-07 
1201.47 1.33203e-07 
1201.48 1.28781e-07 
1201.49 1.24528e-07 
1201.5 1.20386e-07 
1201.51 1.16355e-07 
1201.52 1.12432e-07 
1201.53 1.08615e-07 
1201.54 1.04903e-07 
1201.55 1.01293e-07 
1201.56 9.7785e-08 
1201.57 9.43756e-08 
1201.58 9.10634e-08 
1201.59 8.78465e-08 
1201.6 8.47231e-08 
1201.61 8.17418e-08 
1201.62 7.87979e-08 
1201.63 7.5942e-08 
1201.64 7.31721e-08 
1201.65 7.04865e-08 
1201.66 6.78833e-08 
1201.67 6.53607e-08 
1201.68 6.29168e-08 
1201.69 6.05499e-08 
1201.7 5.82581e-08 
1201.7 5.60398e-08 
1201.71 5.38931e-08 
1201.72 5.17907e-08 
1201.73 4.97829e-08 
1201.74 4.78416e-08 
1201.75 4.5965e-08 
1201.76 4.41515e-08 
1201.77 4.23994e-08 
1201.78 4.07072e-08 
1201.79 3.90732e-08 
1201.8 3.74959e-08 
1201.81 3.59737e-08 
1201.82 3.45051e-08 
1201.83 3.30885e-08 
1201.84 3.17226e-08 
1201.85 3.04057e-08 
1201.86 2.91367e-08 
1201.87 2.79139e-08 
1201.88 2.67361e-08 
1201.89 2.56019e-08 
1201.9 2.45099e-08 
1201.91 2.3459e-08 
1201.92 2.24477e-08 
1201.93 2.1475e-08 
1201.94 2.05395e-08 
1201.95 1.96401e-08 
1201.96 1.87756e-08 
1201.97 1.79448e-08 
1201.98 1.7137e-08 
1201.99 1.63709e-08 
1202 1.56354e-08 
1202.01 1.49293e-08 
1202.02 1.42518e-08 
1202.03 1.36017e-08 
1202.04 1.29782e-08 
1202.05 1.23803e-08 
1202.06 1.18072e-08 
1202.07 1.12579e-08 
1202.08 1.07316e-08 
1202.09 1.02275e-08 
1202.1 9.74476e-09 
1202.11 9.28257e-09 
1202.12 8.84021e-09 
1202.13 8.41692e-09 
1202.13 8.01199e-09 
1202.14 7.62472e-09 
1202.15 7.25445e-09 
1202.16 6.90051e-09 
1202.17 6.56228e-09 
1202.18 6.23914e-09 
1202.19 5.9305e-09 
1202.2 5.63579e-09 
1202.21 5.35445e-09 
1202.22 5.08274e-09 
1202.23 4.82662e-09 
1202.24 4.58238e-09 
1202.25 4.34947e-09 
1202.26 4.12741e-09 
1202.27 3.91576e-09 
1202.28 3.71407e-09 
1202.29 3.52194e-09 
1202.3 3.33895e-09 
1202.31 3.16471e-09 
1202.32 2.99885e-09 
1202.33 2.84101e-09 
1202.34 2.69083e-09 
1202.35 2.54799e-09 
1202.36 2.41215e-09 
1202.37 2.28301e-09 
1202.38 2.16027e-09 
1202.39 2.04365e-09 
1202.4 1.93286e-09 
1202.41 1.82764e-09 
1202.42 1.72773e-09 
1202.43 1.6329e-09 
1202.44 1.54291e-09 
1202.45 1.45753e-09 
1202.46 1.37654e-09 
1202.47 1.29975e-09 
1202.48 1.22606e-09 
1202.49 1.15711e-09 
1202.5 1.09177e-09 
1202.51 1.02988e-09 
1202.52 9.71265e-10 
1202.53 9.15768e-10 
1202.54 8.63237e-10 
1202.55 8.13525e-10 
1202.56 7.66494e-10 
1202.56 7.22009e-10 
1202.57 6.79945e-10 
1202.58 6.40178e-10 
1202.59 6.02594e-10 
1202.6 5.67082e-10 
1202.61 5.33864e-10 
1202.62 5.02163e-10 
1202.63 4.72232e-10 
1202.64 4.43978e-10 
1202.65 4.17316e-10 
1202.66 3.92162e-10 
1202.67 3.68436e-10 
1202.68 3.46063e-10 
1202.69 3.24971e-10 
1202.7 3.05092e-10 
1202.71 2.86361e-10 
1202.72 2.68716e-10 
1202.73 2.51897e-10 
1202.74 2.36262e-10 
1202.75 2.21545e-10 
1202.76 2.07695e-10 
1202.77 1.94665e-10 
1202.78 1.82409e-10 
1202.79 1.70883e-10 
1202.8 1.60048e-10 
1202.81 1.49864e-10 
1202.82 1.40295e-10 
1202.83 1.31305e-10 
1202.84 1.22863e-10 
1202.85 1.14935e-10 
1202.86 1.07494e-10 
1202.87 1.0051e-10 
1202.88 9.39582e-11 
1202.89 8.78122e-11 
1202.9 8.20487e-11 
1202.91 7.66452e-11 
1202.92 7.15805e-11 
1202.93 6.68346e-11 
1202.94 6.23885e-11 
1202.95 5.82243e-11 
1202.96 5.4325e-11 
1202.97 5.06749e-11 
1202.98 4.72588e-11 
1202.98 4.40238e-11 
1202.99 4.10363e-11 
1203 3.82425e-11 
1203.01 3.56304e-11 
1203.02 3.31888e-11 
1203.03 3.09072e-11 
1203.04 2.87755e-11 
1203.05 2.67845e-11 
1203.06 2.49254e-11 
1203.07 2.31897e-11 
1203.08 2.15698e-11 
1203.09 2.00582e-11 
1203.1 1.86482e-11 
1203.11 1.73331e-11 
1203.12 1.6107e-11 
1203.13 1.4964e-11 
1203.14 1.38988e-11 
1203.15 1.29063e-11 
1203.16 1.19819e-11 
1203.17 1.11211e-11 
1203.18 1.03196e-11 
1203.19 9.5736e-12 
1203.2 8.87942e-12 
1203.21 8.23362e-12 
1203.22 7.63297e-12 
1203.23 7.06772e-12 
1203.24 6.54898e-12 
1203.25 6.06687e-12 
1203.26 5.61892e-12 
1203.27 5.2028e-12 
1203.28 4.81635e-12 
1203.29 4.45754e-12 
1203.3 4.12448e-12 
1203.31 3.8154e-12 
1203.32 3.52863e-12 
1203.33 3.26265e-12 
1203.34 3.016e-12 
1203.35 2.78732e-12 
1203.36 2.57538e-12 
1203.37 2.37898e-12 
1203.38 2.19704e-12 
1203.39 2.02853e-12 
1203.4 1.87249e-12 
1203.41 1.72805e-12 
1203.41 1.59437e-12 
1203.42 1.47068e-12 
1203.43 1.35627e-12 
1203.44 1.25046e-12 
1203.45 1.15262e-12 
1203.46 1.06219e-12 
1203.47 9.78624e-13 
1203.48 9.00488e-13 
1203.49 8.29244e-13 
1203.5 7.63455e-13 
1203.51 7.02718e-13 
1203.52 6.46658e-13 
1203.53 5.94929e-13 
1203.54 5.47208e-13 
1203.55 5.03195e-13 
1203.56 4.62612e-13 
1203.57 4.25201e-13 
1203.58 3.90721e-13 
1203.59 3.58953e-13 
1203.6 3.29689e-13 
1203.61 3.02925e-13 
1203.62 2.78097e-13 
1203.63 2.55242e-13 
1203.64 2.3421e-13 
1203.65 2.1486e-13 
1203.66 1.97061e-13 
1203.67 1.80694e-13 
1203.68 1.65647e-13 
1203.69 1.51816e-13 
1203.7 1.39108e-13 
1203.71 1.27433e-13 
1203.72 1.1671e-13 
1203.73 1.06745e-13 
1203.74 9.77163e-14 
1203.75 8.94296e-14 
1203.76 8.18261e-14 
1203.77 7.48513e-14 
1203.78 6.84546e-14 
1203.79 6.25898e-14 
1203.8 5.72138e-14 
1203.81 5.2287e-14 
1203.82 4.77732e-14 
1203.83 4.36386e-14 
1203.83 3.98524e-14 
1203.84 3.6386e-14 
1203.85 3.32132e-14 
1203.86 3.03099e-14 
1203.87 2.76537e-14 
1203.88 2.52244e-14 
1203.89 2.30029e-14 
1203.9 2.09721e-14 
1203.91 1.91161e-14 
1203.92 1.74201e-14 
1203.93 1.58708e-14 
1203.94 1.44559e-14 
1203.95 1.3164e-14 
1203.96 1.19847e-14 
1203.97 1.09084e-14 
1203.98 9.91476e-15 
1203.99 9.02006e-15 
1204 8.20414e-15 
1204.01 7.46026e-15 
1204.02 6.78221e-15 
1204.03 6.16431e-15 
1204.04 5.60138e-15 
1204.05 5.08864e-15 
1204.06 4.62174e-15 
1204.07 4.19668e-15 
1204.08 3.8098e-15 
1204.09 3.45776e-15 
1204.1 3.13751e-15 
1204.11 2.84624e-15 
1204.12 2.58139e-15 
1204.13 2.34064e-15 
1204.14 2.12183e-15 
1204.15 1.92302e-15 
1204.16 1.74242e-15 
1204.17 1.5784e-15 
1204.18 1.42949e-15 
1204.19 1.29431e-15 
1204.2 1.17164e-15 
1204.21 1.06034e-15 
1204.22 9.59391e-16 
1204.23 8.66754e-16 
1204.24 7.83857e-16 
1204.25 7.08719e-16 
1204.26 6.40631e-16 
1204.26 5.78946e-16 
1204.27 5.23076e-16 
1204.28 4.72486e-16 
1204.29 4.26686e-16 
1204.3 3.85235e-16 
1204.31 3.47727e-16 
1204.32 3.13797e-16 
1204.33 2.8311e-16 
1204.34 2.55363e-16 
1204.35 2.30281e-16 
1204.36 2.07613e-16 
1204.37 1.87131e-16 
1204.38 1.6863e-16 
1204.39 1.51922e-16 
1204.4 1.36837e-16 
1204.41 1.23221e-16 
1204.42 1.10933e-16 
1204.43 9.98462e-17 
1204.44 8.98463e-17 
1204.45 8.08287e-17 
1204.46 7.26989e-17 
1204.47 6.53712e-17 
1204.48 5.86898e-17 
1204.49 5.27489e-17 
1204.5 4.7398e-17 
1204.51 4.25798e-17 
1204.52 3.82423e-17 
1204.53 3.43385e-17 
1204.54 3.08258e-17 
1204.55 2.76659e-17 
1204.56 2.48239e-17 
1204.57 2.22686e-17 
1204.58 1.99716e-17 
1204.59 1.79073e-17 
1204.6 1.60525e-17 
1204.61 1.43864e-17 
1204.62 1.28981e-17 
1204.63 1.15539e-17 
1204.64 1.03473e-17 
1204.65 9.26453e-18 
1204.66 8.29308e-18 
1204.67 7.42172e-18 
1204.68 6.64034e-18 
1204.68 5.93981e-18 
1204.69 5.31191e-18 
1204.7 4.74926e-18 
1204.71 4.2452e-18 
1204.72 3.7884e-18 
1204.73 3.38469e-18 
1204.74 3.02329e-18 
1204.75 2.69983e-18 
1204.76 2.4104e-18 
1204.77 2.15149e-18 
1204.78 1.91993e-18 
1204.79 1.71289e-18 
1204.8 1.52781e-18 
1204.81 1.3624e-18 
1204.82 1.21462e-18 
1204.83 1.0826e-18 
1204.84 9.64705e-19 
1204.85 8.59443e-19 
1204.86 7.65484e-19 
1204.87 6.81635e-19 
1204.88 6.06827e-19 
1204.89 5.40099e-19 
1204.9 4.80595e-19 
1204.91 4.27545e-19 
1204.92 3.8026e-19 
1204.93 3.38124e-19 
1204.94 3.00585e-19 
1204.95 2.6715e-19 
1204.96 2.37378e-19 
1204.97 2.10874e-19 
1204.98 1.87006e-19 
1204.99 1.66047e-19 
1205 1.47401e-19 
1205.01 1.30818e-19 
1205.02 1.16073e-19 
1205.03 1.02965e-19 
1205.04 9.13158e-20 
1205.05 8.09653e-20 
1205.06 7.1771e-20 
1205.07 6.36055e-20 
1205.08 5.63557e-20 
1205.09 4.99203e-20 
1205.1 4.42092e-20 
1205.11 3.91422e-20 
1205.11 3.46477e-20 
1205.12 3.0662e-20 
1205.13 2.71283e-20 
1205.14 2.39961e-20 
1205.15 2.12206e-20 
1205.16 1.87616e-20 
1205.17 1.65835e-20 
1205.18 1.46549e-20 
1205.19 1.29475e-20 
1205.2 1.14362e-20 
1205.21 1.0099e-20 
1205.22 8.90291e-21 
1205.23 7.8574e-21 
1205.24 6.93365e-21 
1205.25 6.11705e-21 
1205.26 5.39534e-21 
1205.27 4.75764e-21 
1205.28 4.19432e-21 
1205.29 3.69682e-21 
1205.3 3.25755e-21 
1205.31 2.86979e-21 
1205.32 2.52759e-21 
1205.33 2.22566e-21 
1205.34 1.95933e-21 
1205.35 1.72446e-21 
1205.36 1.51739e-21 
1205.37 1.33486e-21 
1205.38 1.17401e-21 
1205.39 1.03229e-21 
1205.4 9.07468e-22 
1205.41 7.97547e-22 
1205.42 7.00774e-22 
1205.43 6.15597e-22 
1205.44 5.40644e-22 
1205.45 4.74704e-22 
1205.46 4.16708e-22 
1205.47 3.65709e-22 
1205.48 3.20384e-22 
1205.49 2.81011e-22 
1205.5 2.46443e-22 
1205.51 2.16076e-22 
1205.52 1.89406e-22 
1205.53 1.65988e-22 
1205.54 1.4543e-22 
1205.54 1.27389e-22 
1205.55 1.11559e-22 
1205.56 9.76727e-23 
1205.57 8.54947e-23 
1205.58 7.48172e-23 
1205.59 6.54577e-23 
1205.6 5.72553e-23 
1205.61 5.00998e-23 
1205.62 4.38011e-23 
1205.63 3.82851e-23 
1205.64 3.34558e-23 
1205.65 2.92288e-23 
1205.66 2.55297e-23 
1205.67 2.22935e-23 
1205.68 1.94628e-23 
1205.69 1.69875e-23 
1205.7 1.48235e-23 
1205.71 1.29321e-23 
1205.72 1.12794e-23 
1205.73 9.81864e-24 
1205.74 8.55968e-24 
1205.75 7.46037e-24 
1205.76 6.5007e-24 
1205.77 5.66313e-24 
1205.78 4.9323e-24 
1205.79 4.29476e-24 
1205.8 3.73873e-24 
1205.81 3.25392e-24 
1205.82 2.8313e-24 
1205.83 2.46298e-24 
1205.84 2.14207e-24 
1205.85 1.86253e-24 
1205.86 1.61908e-24 
1205.87 1.40712e-24 
1205.88 1.22261e-24 
1205.89 1.06205e-24 
1205.9 9.2235e-25 
1205.91 8.00837e-25 
1205.92 6.95167e-25 
1205.93 6.03296e-25 
1205.94 5.23442e-25 
1205.95 4.54049e-25 
1205.96 3.93763e-25 
1205.96 3.41399e-25 
1205.97 2.95928e-25 
1205.98 2.55994e-25 
1205.99 2.21792e-25 
1206 1.92114e-25 
1206.01 1.66367e-25 
1206.02 1.44037e-25 
1206.03 1.24674e-25 
1206.04 1.07889e-25 
1206.05 9.33409e-26 
1206.06 8.07354e-26 
1206.07 6.98157e-26 
1206.08 6.03585e-26 
1206.09 5.217e-26 
1206.1 4.50816e-26 
1206.11 3.8947e-26 
1206.12 3.36393e-26 
1206.13 2.90479e-26 
1206.14 2.50772e-26 
1206.15 2.16442e-26 
1206.16 1.86767e-26 
1206.17 1.61122e-26 
1206.18 1.38965e-26 
1206.19 1.19827e-26 
1206.2 1.03299e-26 
1206.21 8.90306e-27 
1206.22 7.67144e-27 
1206.23 6.5963e-27 
1206.24 5.68107e-27 
1206.25 4.89166e-27 
1206.26 4.21094e-27 
1206.27 3.62408e-27 
1206.28 3.11827e-27 
1206.29 2.68242e-27 
1206.3 2.30694e-27 
1206.31 1.98354e-27 
1206.32 1.70507e-27 
1206.33 1.46535e-27 
1206.34 1.25903e-27 
1206.35 1.08151e-27 
1206.36 9.28791e-28 
1206.37 7.97449e-28 
1206.38 6.84518e-28 
1206.39 5.87439e-28 
1206.39 5.04008e-28 
1206.4 4.32324e-28 
1206.41 3.70746e-28 
1206.42 3.17864e-28 
1206.43 2.7246e-28 
1206.44 2.33486e-28 
1206.45 2.00039e-28 
1206.46 1.71343e-28 
1206.47 1.46728e-28 
1206.48 1.25376e-28 
1206.49 1.07313e-28 
1206.5 9.18308e-29 
1206.51 7.85636e-29 
1206.52 6.7197e-29 
1206.53 5.74614e-29 
1206.54 4.91245e-29 
1206.55 4.19872e-29 
1206.56 3.58783e-29 
1206.57 3.0651e-29 
1206.58 2.6179e-29 
1206.59 2.23541e-29 
1206.6 0 
