#energy geo_1 
1186.6 8.6412e-07 
1186.61 8.63578e-07 
1186.62 8.63036e-07 
1186.63 8.62494e-07 
1186.64 8.61951e-07 
1186.65 8.61409e-07 
1186.66 8.60868e-07 
1186.67 8.60328e-07 
1186.68 8.59786e-07 
1186.69 8.59245e-07 
1186.7 8.58705e-07 
1186.71 8.58165e-07 
1186.72 8.57625e-07 
1186.73 8.57086e-07 
1186.74 8.56547e-07 
1186.75 8.56006e-07 
1186.76 8.55467e-07 
1186.77 8.54929e-07 
1186.78 8.54391e-07 
1186.79 8.53852e-07 
1186.8 8.53313e-07 
1186.81 8.52775e-07 
1186.81 8.52239e-07 
1186.82 8.51701e-07 
1186.83 8.51163e-07 
1186.84 8.50626e-07 
1186.85 8.50089e-07 
1186.86 8.49553e-07 
1186.87 8.49017e-07 
1186.88 8.48481e-07 
1186.89 8.47946e-07 
1186.9 8.4741e-07 
1186.91 8.46875e-07 
1186.92 8.46339e-07 
1186.93 8.45805e-07 
1186.94 8.45272e-07 
1186.95 8.44735e-07 
1186.96 8.44201e-07 
1186.97 8.43669e-07 
1186.98 8.43134e-07 
1186.99 8.42601e-07 
1187 8.42068e-07 
1187.01 8.41534e-07 
1187.02 8.41002e-07 
1187.03 8.4047e-07 
1187.04 8.39937e-07 
1187.05 8.39405e-07 
1187.06 8.38873e-07 
1187.07 8.38342e-07 
1187.08 8.3781e-07 
1187.09 8.37279e-07 
1187.1 8.36748e-07 
1187.11 8.36217e-07 
1187.12 8.35687e-07 
1187.13 8.35157e-07 
1187.14 8.34627e-07 
1187.15 8.34097e-07 
1187.16 8.33567e-07 
1187.17 8.33038e-07 
1187.18 8.32508e-07 
1187.19 8.31979e-07 
1187.2 8.31451e-07 
1187.21 8.30923e-07 
1187.22 8.30393e-07 
1187.23 8.29866e-07 
1187.24 8.29338e-07 
1187.24 8.28811e-07 
1187.25 8.28283e-07 
1187.26 8.27756e-07 
1187.27 8.27228e-07 
1187.28 8.26702e-07 
1187.29 8.26175e-07 
1187.3 8.25648e-07 
1187.31 8.25122e-07 
1187.32 8.24597e-07 
1187.33 8.24072e-07 
1187.34 8.23546e-07 
1187.35 8.23021e-07 
1187.36 8.22496e-07 
1187.37 8.2197e-07 
1187.38 8.21446e-07 
1187.39 8.20921e-07 
1187.4 8.20397e-07 
1187.41 8.19873e-07 
1187.42 8.19349e-07 
1187.43 8.18826e-07 
1187.44 8.18301e-07 
1187.45 8.17779e-07 
1187.46 8.17256e-07 
1187.47 8.16733e-07 
1187.48 8.1621e-07 
1187.49 8.15688e-07 
1187.5 8.15166e-07 
1187.51 8.14644e-07 
1187.52 8.14122e-07 
1187.53 8.136e-07 
1187.54 8.13078e-07 
1187.55 8.12558e-07 
1187.56 8.12037e-07 
1187.57 8.11516e-07 
1187.58 8.10995e-07 
1187.59 8.10475e-07 
1187.6 8.09955e-07 
1187.61 8.09939e-07 
1187.62 8.09419e-07 
1187.63 8.08899e-07 
1187.64 8.08379e-07 
1187.65 8.0786e-07 
1187.66 8.0734e-07 
1187.66 8.0682e-07 
1187.67 8.06301e-07 
1187.68 8.05783e-07 
1187.69 8.05265e-07 
1187.7 8.04746e-07 
1187.71 8.04227e-07 
1187.72 8.0371e-07 
1187.73 8.03191e-07 
1187.74 8.02673e-07 
1187.75 8.02156e-07 
1187.76 8.01638e-07 
1187.77 8.01122e-07 
1187.78 8.00605e-07 
1187.79 8.00087e-07 
1187.8 7.99571e-07 
1187.81 7.99055e-07 
1187.82 7.98539e-07 
1187.83 7.98023e-07 
1187.84 7.97506e-07 
1187.85 7.96989e-07 
1187.86 7.96475e-07 
1187.87 7.9596e-07 
1187.88 7.95444e-07 
1187.89 7.94929e-07 
1187.9 7.94414e-07 
1187.91 7.93899e-07 
1187.92 7.93385e-07 
1187.93 7.92871e-07 
1187.94 7.92357e-07 
1187.95 7.91842e-07 
1187.96 7.91328e-07 
1187.97 7.90815e-07 
1187.98 7.90301e-07 
1187.99 7.89787e-07 
1188 7.89274e-07 
1188.01 7.88761e-07 
1188.02 7.88248e-07 
1188.03 7.87736e-07 
1188.04 7.87223e-07 
1188.05 7.86711e-07 
1188.06 7.86198e-07 
1188.07 7.85686e-07 
1188.08 7.85174e-07 
1188.09 7.84662e-07 
1188.09 7.8415e-07 
1188.1 7.83639e-07 
1188.11 7.83127e-07 
1188.12 7.82616e-07 
1188.13 7.82104e-07 
1188.14 7.81594e-07 
1188.15 7.81083e-07 
1188.16 7.80572e-07 
1188.17 7.80062e-07 
1188.18 7.79552e-07 
1188.19 7.79042e-07 
1188.2 7.78531e-07 
1188.21 7.78021e-07 
1188.22 7.77512e-07 
1188.23 7.77003e-07 
1188.24 7.76492e-07 
1188.25 7.75983e-07 
1188.26 7.75474e-07 
1188.27 7.74965e-07 
1188.28 7.74455e-07 
1188.29 7.73947e-07 
1188.3 7.73438e-07 
1188.31 7.72929e-07 
1188.32 7.72421e-07 
1188.33 7.71912e-07 
1188.34 7.71404e-07 
1188.35 7.70896e-07 
1188.36 7.70388e-07 
1188.37 7.6988e-07 
1188.38 7.69372e-07 
1188.39 7.68864e-07 
1188.4 7.68357e-07 
1188.41 7.6785e-07 
1188.42 7.67342e-07 
1188.43 7.66835e-07 
1188.44 7.66328e-07 
1188.45 7.65821e-07 
1188.46 7.65314e-07 
1188.47 7.64808e-07 
1188.48 7.64301e-07 
1188.49 7.63794e-07 
1188.5 7.63288e-07 
1188.51 7.62781e-07 
1188.52 7.62275e-07 
1188.52 7.61768e-07 
1188.53 7.61264e-07 
1188.54 7.60756e-07 
1188.55 7.60251e-07 
1188.56 7.59745e-07 
1188.57 7.5924e-07 
1188.58 7.58734e-07 
1188.59 7.58229e-07 
1188.6 7.58195e-07 
1188.61 7.57689e-07 
1188.62 7.57184e-07 
1188.63 7.56678e-07 
1188.64 7.56172e-07 
1188.65 7.55667e-07 
1188.66 7.55163e-07 
1188.67 7.54657e-07 
1188.68 7.54151e-07 
1188.69 7.53647e-07 
1188.7 7.53141e-07 
1188.71 7.52637e-07 
1188.72 7.52133e-07 
1188.73 7.51628e-07 
1188.74 7.51123e-07 
1188.75 7.50619e-07 
1188.76 7.50114e-07 
1188.77 7.4961e-07 
1188.78 7.49105e-07 
1188.79 7.48602e-07 
1188.8 7.48097e-07 
1188.81 7.47593e-07 
1188.82 7.47088e-07 
1188.83 7.46585e-07 
1188.84 7.4608e-07 
1188.85 7.45577e-07 
1188.86 7.45072e-07 
1188.87 7.44569e-07 
1188.88 7.44065e-07 
1188.89 7.43561e-07 
1188.9 7.43057e-07 
1188.91 7.42554e-07 
1188.92 7.4205e-07 
1188.93 7.41546e-07 
1188.94 7.41042e-07 
1188.94 7.40539e-07 
1188.95 7.40036e-07 
1188.96 7.39532e-07 
1188.97 7.39029e-07 
1188.98 7.38525e-07 
1188.99 7.38022e-07 
1189 7.37519e-07 
1189.01 7.37015e-07 
1189.02 7.36512e-07 
1189.03 7.36009e-07 
1189.04 7.35505e-07 
1189.05 7.35002e-07 
1189.06 7.34499e-07 
1189.07 7.33996e-07 
1189.08 7.33492e-07 
1189.09 7.32989e-07 
1189.1 7.32485e-07 
1189.11 7.31984e-07 
1189.12 7.3148e-07 
1189.13 7.30977e-07 
1189.14 7.30473e-07 
1189.15 7.2997e-07 
1189.16 7.29468e-07 
1189.17 7.28964e-07 
1189.18 7.28461e-07 
1189.19 7.27957e-07 
1189.2 7.27454e-07 
1189.21 7.26951e-07 
1189.22 7.26448e-07 
1189.23 7.25945e-07 
1189.24 7.25441e-07 
1189.25 7.24937e-07 
1189.26 7.24435e-07 
1189.27 7.23931e-07 
1189.28 7.23428e-07 
1189.29 7.22924e-07 
1189.3 7.2242e-07 
1189.31 7.21917e-07 
1189.32 7.21414e-07 
1189.33 7.20911e-07 
1189.34 7.20407e-07 
1189.35 7.19903e-07 
1189.36 7.194e-07 
1189.36 7.18897e-07 
1189.37 7.18393e-07 
1189.38 7.17889e-07 
1189.39 7.17385e-07 
1189.4 7.16882e-07 
1189.41 7.16378e-07 
1189.42 7.15874e-07 
1189.43 7.1537e-07 
1189.44 7.14865e-07 
1189.45 7.14361e-07 
1189.46 7.13856e-07 
1189.47 7.13353e-07 
1189.48 7.12848e-07 
1189.49 7.12344e-07 
1189.5 7.11839e-07 
1189.51 7.11334e-07 
1189.52 7.1083e-07 
1189.53 7.10325e-07 
1189.54 7.0982e-07 
1189.55 7.09317e-07 
1189.56 7.08811e-07 
1189.57 7.08306e-07 
1189.58 7.078e-07 
1189.59 7.07296e-07 
1189.6 7.0679e-07 
1189.61 7.06723e-07 
1189.62 7.06217e-07 
1189.63 7.05712e-07 
1189.64 7.05205e-07 
1189.65 7.04699e-07 
1189.66 7.04193e-07 
1189.67 7.03687e-07 
1189.68 7.0318e-07 
1189.69 7.02674e-07 
1189.7 7.02167e-07 
1189.71 7.0166e-07 
1189.72 7.01153e-07 
1189.73 7.00646e-07 
1189.74 7.0014e-07 
1189.75 6.99632e-07 
1189.76 6.99125e-07 
1189.77 6.98617e-07 
1189.78 6.98109e-07 
1189.79 6.97601e-07 
1189.79 6.97094e-07 
1189.8 6.96585e-07 
1189.81 6.96077e-07 
1189.82 6.95569e-07 
1189.83 6.9506e-07 
1189.84 6.94552e-07 
1189.85 6.94043e-07 
1189.86 6.93534e-07 
1189.87 6.93025e-07 
1189.88 6.92515e-07 
1189.89 6.92006e-07 
1189.9 6.91496e-07 
1189.91 6.90986e-07 
1189.92 6.90476e-07 
1189.93 6.89966e-07 
1189.94 6.89456e-07 
1189.95 6.88945e-07 
1189.96 6.88435e-07 
1189.97 6.87924e-07 
1189.98 6.87412e-07 
1189.99 6.86902e-07 
1190 6.8639e-07 
1190.01 6.85879e-07 
1190.02 6.85367e-07 
1190.03 6.84855e-07 
1190.04 6.84342e-07 
1190.05 6.83831e-07 
1190.06 6.83318e-07 
1190.07 6.82805e-07 
1190.08 6.82292e-07 
1190.09 6.81779e-07 
1190.1 6.81265e-07 
1190.11 6.80752e-07 
1190.12 6.80238e-07 
1190.13 6.79724e-07 
1190.14 6.79209e-07 
1190.15 6.78694e-07 
1190.16 6.7818e-07 
1190.17 6.77666e-07 
1190.18 6.7715e-07 
1190.19 6.76634e-07 
1190.2 6.76119e-07 
1190.21 6.75603e-07 
1190.21 6.75086e-07 
1190.22 6.7457e-07 
1190.23 6.74053e-07 
1190.24 6.73536e-07 
1190.25 6.7302e-07 
1190.26 6.72502e-07 
1190.27 6.71984e-07 
1190.28 6.71467e-07 
1190.29 6.70948e-07 
1190.3 6.70429e-07 
1190.31 6.69911e-07 
1190.32 6.69391e-07 
1190.33 6.68872e-07 
1190.34 6.68353e-07 
1190.35 6.67833e-07 
1190.36 6.67313e-07 
1190.37 6.66792e-07 
1190.38 6.66271e-07 
1190.39 6.65751e-07 
1190.4 6.65229e-07 
1190.41 6.64708e-07 
1190.42 6.64186e-07 
1190.43 6.63664e-07 
1190.44 6.63142e-07 
1190.45 6.62618e-07 
1190.46 6.62095e-07 
1190.47 6.61572e-07 
1190.48 6.61049e-07 
1190.49 6.60524e-07 
1190.5 6.6e-07 
1190.51 6.59475e-07 
1190.52 6.58951e-07 
1190.53 6.58425e-07 
1190.54 6.57899e-07 
1190.55 6.57373e-07 
1190.56 6.56847e-07 
1190.57 6.5632e-07 
1190.58 6.55793e-07 
1190.59 6.55266e-07 
1190.6 6.54738e-07 
1190.61 6.54616e-07 
1190.62 6.54087e-07 
1190.63 6.53559e-07 
1190.64 6.53029e-07 
1190.64 6.525e-07 
1190.65 6.5197e-07 
1190.66 6.51439e-07 
1190.67 6.50908e-07 
1190.68 6.50377e-07 
1190.69 6.49845e-07 
1190.7 6.49313e-07 
1190.71 6.48781e-07 
1190.72 6.48248e-07 
1190.73 6.47714e-07 
1190.74 6.47181e-07 
1190.75 6.46647e-07 
1190.76 6.46113e-07 
1190.77 6.45579e-07 
1190.78 6.45044e-07 
1190.79 6.44508e-07 
1190.8 6.43972e-07 
1190.81 6.43435e-07 
1190.82 6.42898e-07 
1190.83 6.42361e-07 
1190.84 6.41824e-07 
1190.85 6.41286e-07 
1190.86 6.40747e-07 
1190.87 6.40209e-07 
1190.88 6.3967e-07 
1190.89 6.3913e-07 
1190.9 6.3859e-07 
1190.91 6.38049e-07 
1190.92 6.37508e-07 
1190.93 6.36967e-07 
1190.94 6.36425e-07 
1190.95 6.35883e-07 
1190.96 6.3534e-07 
1190.97 6.34797e-07 
1190.98 6.34253e-07 
1190.99 6.33709e-07 
1191 6.33165e-07 
1191.01 6.3262e-07 
1191.02 6.32074e-07 
1191.03 6.31528e-07 
1191.04 6.30982e-07 
1191.05 6.30436e-07 
1191.06 6.29887e-07 
1191.07 6.2934e-07 
1191.07 6.28792e-07 
1191.08 6.28243e-07 
1191.09 6.27694e-07 
1191.1 6.27144e-07 
1191.11 6.26594e-07 
1191.12 6.26043e-07 
1191.13 6.25492e-07 
1191.14 6.24941e-07 
1191.15 6.24388e-07 
1191.16 6.23836e-07 
1191.17 6.23283e-07 
1191.18 6.22728e-07 
1191.19 6.22175e-07 
1191.2 6.2162e-07 
1191.21 6.21065e-07 
1191.22 6.2051e-07 
1191.23 6.19953e-07 
1191.24 6.19396e-07 
1191.25 6.18839e-07 
1191.26 6.1828e-07 
1191.27 6.17723e-07 
1191.28 6.17163e-07 
1191.29 6.16604e-07 
1191.3 6.16045e-07 
1191.31 6.15484e-07 
1191.32 6.14923e-07 
1191.33 6.14361e-07 
1191.34 6.13799e-07 
1191.35 6.13236e-07 
1191.36 6.12673e-07 
1191.37 6.12109e-07 
1191.38 6.11546e-07 
1191.39 6.1098e-07 
1191.4 6.10415e-07 
1191.41 6.09849e-07 
1191.42 6.09282e-07 
1191.43 6.08715e-07 
1191.44 6.08147e-07 
1191.45 6.07579e-07 
1191.46 6.0701e-07 
1191.47 6.0644e-07 
1191.48 6.0587e-07 
1191.49 6.053e-07 
1191.49 6.04728e-07 
1191.5 6.04157e-07 
1191.51 6.03584e-07 
1191.52 6.03011e-07 
1191.53 6.02438e-07 
1191.54 6.01863e-07 
1191.55 6.01288e-07 
1191.56 6.00713e-07 
1191.57 6.00137e-07 
1191.58 5.99561e-07 
1191.59 5.98983e-07 
1191.6 5.98777e-07 
1191.61 5.98198e-07 
1191.62 5.97619e-07 
1191.63 5.97038e-07 
1191.64 5.96458e-07 
1191.65 5.95876e-07 
1191.66 5.95295e-07 
1191.67 5.94712e-07 
1191.68 5.94129e-07 
1191.69 5.93545e-07 
1191.7 5.92961e-07 
1191.71 5.92375e-07 
1191.72 5.9179e-07 
1191.73 5.91204e-07 
1191.74 5.90617e-07 
1191.75 5.9003e-07 
1191.76 5.89441e-07 
1191.77 5.88852e-07 
1191.78 5.88262e-07 
1191.79 5.87672e-07 
1191.8 5.87081e-07 
1191.81 5.8649e-07 
1191.82 5.85898e-07 
1191.83 5.85305e-07 
1191.84 5.84711e-07 
1191.85 5.84117e-07 
1191.86 5.83522e-07 
1191.87 5.82927e-07 
1191.88 5.82331e-07 
1191.89 5.81733e-07 
1191.9 5.81136e-07 
1191.91 5.80538e-07 
1191.92 5.79939e-07 
1191.92 5.79339e-07 
1191.93 5.78739e-07 
1191.94 5.78138e-07 
1191.95 5.77536e-07 
1191.96 5.76934e-07 
1191.97 5.76331e-07 
1191.98 5.75727e-07 
1191.99 5.75123e-07 
1192 5.74517e-07 
1192.01 5.73911e-07 
1192.02 5.73305e-07 
1192.03 5.72697e-07 
1192.04 5.72089e-07 
1192.05 5.71481e-07 
1192.06 5.70871e-07 
1192.07 5.70261e-07 
1192.08 5.6965e-07 
1192.09 5.69039e-07 
1192.1 5.68426e-07 
1192.11 5.67813e-07 
1192.12 5.672e-07 
1192.13 5.66585e-07 
1192.14 5.6597e-07 
1192.15 5.65354e-07 
1192.16 5.64737e-07 
1192.17 5.6412e-07 
1192.18 5.63502e-07 
1192.19 5.62883e-07 
1192.2 5.62264e-07 
1192.21 5.61644e-07 
1192.22 5.61022e-07 
1192.23 5.60401e-07 
1192.24 5.59778e-07 
1192.25 5.59155e-07 
1192.26 5.58531e-07 
1192.27 5.57906e-07 
1192.28 5.57281e-07 
1192.29 5.56655e-07 
1192.3 5.56028e-07 
1192.31 5.554e-07 
1192.32 5.54772e-07 
1192.33 5.54143e-07 
1192.34 5.53513e-07 
1192.34 5.52883e-07 
1192.35 5.52251e-07 
1192.36 5.51619e-07 
1192.37 5.50986e-07 
1192.38 5.50353e-07 
1192.39 5.49718e-07 
1192.4 5.49083e-07 
1192.41 5.48448e-07 
1192.42 5.47811e-07 
1192.43 5.47173e-07 
1192.44 5.46536e-07 
1192.45 5.45897e-07 
1192.46 5.45258e-07 
1192.47 5.44618e-07 
1192.48 5.43977e-07 
1192.49 5.43336e-07 
1192.5 5.42693e-07 
1192.51 5.42051e-07 
1192.52 5.41407e-07 
1192.53 5.40763e-07 
1192.54 5.40118e-07 
1192.55 5.39473e-07 
1192.56 5.38827e-07 
1192.57 5.3818e-07 
1192.58 5.37533e-07 
1192.59 5.36886e-07 
1192.6 5.36239e-07 
1192.61 5.35922e-07 
1192.62 5.35273e-07 
1192.63 5.34624e-07 
1192.64 5.33975e-07 
1192.65 5.33325e-07 
1192.66 5.32676e-07 
1192.67 5.32026e-07 
1192.68 5.31377e-07 
1192.69 5.30728e-07 
1192.7 5.30078e-07 
1192.71 5.2943e-07 
1192.72 5.28783e-07 
1192.73 5.28136e-07 
1192.74 5.27491e-07 
1192.75 5.26847e-07 
1192.76 5.26204e-07 
1192.77 5.25563e-07 
1192.77 5.24925e-07 
1192.78 5.24288e-07 
1192.79 5.23655e-07 
1192.8 5.23024e-07 
1192.81 5.22398e-07 
1192.82 5.21775e-07 
1192.83 5.21158e-07 
1192.84 5.20545e-07 
1192.85 5.19938e-07 
1192.86 5.19338e-07 
1192.87 5.18746e-07 
1192.88 5.18161e-07 
1192.89 5.17586e-07 
1192.9 5.1702e-07 
1192.91 5.16466e-07 
1192.92 5.15925e-07 
1192.93 5.15397e-07 
1192.94 5.14884e-07 
1192.95 5.14389e-07 
1192.96 5.13911e-07 
1192.97 5.13454e-07 
1192.98 5.13022e-07 
1192.99 5.12611e-07 
1193 5.12228e-07 
1193.01 5.11873e-07 
1193.02 5.1155e-07 
1193.03 5.11261e-07 
1193.04 5.1101e-07 
1193.05 5.10801e-07 
1193.06 5.10636e-07 
1193.07 5.10519e-07 
1193.08 5.10455e-07 
1193.09 5.10448e-07 
1193.1 5.10503e-07 
1193.11 5.10624e-07 
1193.12 5.10818e-07 
1193.13 5.11089e-07 
1193.14 5.11444e-07 
1193.15 5.1189e-07 
1193.16 5.12432e-07 
1193.17 5.13079e-07 
1193.18 5.13838e-07 
1193.19 5.14717e-07 
1193.19 5.15725e-07 
1193.2 5.16871e-07 
1193.21 5.18165e-07 
1193.22 5.19644e-07 
1193.23 5.21264e-07 
1193.24 5.23064e-07 
1193.25 5.25056e-07 
1193.26 5.2725e-07 
1193.27 5.2966e-07 
1193.28 5.32299e-07 
1193.29 5.35181e-07 
1193.3 5.38319e-07 
1193.31 5.41731e-07 
1193.32 5.45429e-07 
1193.33 5.49432e-07 
1193.34 5.53755e-07 
1193.35 5.58415e-07 
1193.36 5.63431e-07 
1193.37 5.6882e-07 
1193.38 5.74601e-07 
1193.39 5.80793e-07 
1193.4 5.87416e-07 
1193.41 5.94488e-07 
1193.42 6.02033e-07 
1193.43 6.10069e-07 
1193.44 6.18618e-07 
1193.45 6.277e-07 
1193.46 6.37338e-07 
1193.47 6.47553e-07 
1193.48 6.58514e-07 
1193.49 6.69955e-07 
1193.5 6.82038e-07 
1193.51 6.94784e-07 
1193.52 7.08215e-07 
1193.53 7.22352e-07 
1193.54 7.37216e-07 
1193.55 7.52826e-07 
1193.56 7.69201e-07 
1193.57 7.86363e-07 
1193.58 8.04328e-07 
1193.59 8.23113e-07 
1193.6 8.42735e-07 
1193.61 8.63746e-07 
1193.62 8.85101e-07 
1193.62 9.07336e-07 
1193.63 9.30464e-07 
1193.64 9.54492e-07 
1193.65 9.79431e-07 
1193.66 1.00529e-06 
1193.67 1.03207e-06 
1193.68 1.05977e-06 
1193.69 1.0884e-06 
1193.7 1.11795e-06 
1193.71 1.14842e-06 
1193.72 1.17981e-06 
1193.73 1.21252e-06 
1193.74 1.24572e-06 
1193.75 1.2798e-06 
1193.76 1.31475e-06 
1193.77 1.35054e-06 
1193.78 1.38716e-06 
1193.79 1.42457e-06 
1193.8 1.46276e-06 
1193.81 1.50169e-06 
1193.82 1.54132e-06 
1193.83 1.58163e-06 
1193.84 1.62256e-06 
1193.85 1.66409e-06 
1193.86 1.70615e-06 
1193.87 1.74871e-06 
1193.88 1.79172e-06 
1193.89 1.83511e-06 
1193.9 1.87884e-06 
1193.91 1.92284e-06 
1193.92 1.96704e-06 
1193.93 2.0114e-06 
1193.94 2.05584e-06 
1193.95 2.10028e-06 
1193.96 2.14467e-06 
1193.97 2.18893e-06 
1193.98 2.23354e-06 
1193.99 2.2773e-06 
1194 2.3207e-06 
1194.01 2.36367e-06 
1194.02 2.40612e-06 
1194.03 2.44798e-06 
1194.04 2.48916e-06 
1194.05 2.52959e-06 
1194.05 2.56919e-06 
1194.06 2.60787e-06 
1194.07 2.64556e-06 
1194.08 2.68218e-06 
1194.09 2.71766e-06 
1194.1 2.75192e-06 
1194.11 2.78488e-06 
1194.12 2.81648e-06 
1194.13 2.84665e-06 
1194.14 2.87531e-06 
1194.15 2.90242e-06 
1194.16 2.92789e-06 
1194.17 2.95169e-06 
1194.18 2.97375e-06 
1194.19 2.99402e-06 
1194.2 3.01245e-06 
1194.21 3.029e-06 
1194.22 3.04364e-06 
1194.23 3.05647e-06 
1194.24 3.06715e-06 
1194.25 3.07581e-06 
1194.26 3.08244e-06 
1194.27 3.08703e-06 
1194.28 3.08955e-06 
1194.29 3.09001e-06 
1194.3 3.08839e-06 
1194.31 3.08471e-06 
1194.32 3.07896e-06 
1194.33 3.07117e-06 
1194.34 3.06135e-06 
1194.35 3.04951e-06 
1194.36 3.03569e-06 
1194.37 3.01991e-06 
1194.38 3.00222e-06 
1194.39 2.98265e-06 
1194.4 2.96123e-06 
1194.41 2.93803e-06 
1194.42 2.91309e-06 
1194.43 2.88646e-06 
1194.44 2.85821e-06 
1194.45 2.82838e-06 
1194.46 2.79706e-06 
1194.47 2.7643e-06 
1194.47 2.72974e-06 
1194.48 2.6943e-06 
1194.49 2.65764e-06 
1194.5 2.61984e-06 
1194.51 2.58096e-06 
1194.52 2.54109e-06 
1194.53 2.5003e-06 
1194.54 2.45868e-06 
1194.55 2.4163e-06 
1194.56 2.37324e-06 
1194.57 2.32959e-06 
1194.58 2.28542e-06 
1194.59 2.24081e-06 
1194.6 2.19584e-06 
1194.61 2.15192e-06 
1194.62 2.10642e-06 
1194.63 2.0608e-06 
1194.64 2.0151e-06 
1194.65 1.96942e-06 
1194.66 1.92382e-06 
1194.67 1.87836e-06 
1194.68 1.83311e-06 
1194.69 1.78813e-06 
1194.7 1.74347e-06 
1194.71 1.69921e-06 
1194.72 1.65539e-06 
1194.73 1.61152e-06 
1194.74 1.56874e-06 
1194.75 1.52655e-06 
1194.76 1.48498e-06 
1194.77 1.44409e-06 
1194.78 1.4039e-06 
1194.79 1.36445e-06 
1194.8 1.32577e-06 
1194.81 1.28789e-06 
1194.82 1.25083e-06 
1194.83 1.21462e-06 
1194.84 1.17928e-06 
1194.85 1.14481e-06 
1194.86 1.11124e-06 
1194.87 1.07858e-06 
1194.88 1.04683e-06 
1194.89 1.016e-06 
1194.9 9.861e-07 
1194.9 9.57122e-07 
1194.91 9.29069e-07 
1194.92 9.01937e-07 
1194.93 8.75723e-07 
1194.94 8.5042e-07 
1194.95 8.26019e-07 
1194.96 8.02511e-07 
1194.97 7.79883e-07 
1194.98 7.57863e-07 
1194.99 7.36967e-07 
1195 7.1691e-07 
1195.01 6.97674e-07 
1195.02 6.79243e-07 
1195.03 6.61598e-07 
1195.04 6.4472e-07 
1195.05 6.2859e-07 
1195.06 6.13186e-07 
1195.07 5.9849e-07 
1195.08 5.84479e-07 
1195.09 5.71133e-07 
1195.1 5.58429e-07 
1195.11 5.46347e-07 
1195.12 5.34864e-07 
1195.13 5.23958e-07 
1195.14 5.13609e-07 
1195.15 5.03795e-07 
1195.16 4.94495e-07 
1195.17 4.85687e-07 
1195.18 4.77351e-07 
1195.19 4.69466e-07 
1195.2 4.62012e-07 
1195.21 4.54971e-07 
1195.22 4.48322e-07 
1195.23 4.41977e-07 
1195.24 4.36063e-07 
1195.25 4.30485e-07 
1195.26 4.25229e-07 
1195.27 4.20276e-07 
1195.28 4.15612e-07 
1195.29 4.11219e-07 
1195.3 4.07084e-07 
1195.31 4.03192e-07 
1195.32 3.99529e-07 
1195.32 3.96082e-07 
1195.33 3.92837e-07 
1195.34 3.89784e-07 
1195.35 3.86909e-07 
1195.36 3.84203e-07 
1195.37 3.81654e-07 
1195.38 3.79252e-07 
1195.39 3.76989e-07 
1195.4 3.74853e-07 
1195.41 3.72838e-07 
1195.42 3.70935e-07 
1195.43 3.69136e-07 
1195.44 3.67434e-07 
1195.45 3.65821e-07 
1195.46 3.64292e-07 
1195.47 3.62841e-07 
1195.48 3.61451e-07 
1195.49 3.60138e-07 
1195.5 3.58887e-07 
1195.51 3.57692e-07 
1195.52 3.56549e-07 
1195.53 3.55453e-07 
1195.54 3.54402e-07 
1195.55 3.53391e-07 
1195.56 3.52418e-07 
1195.57 3.51478e-07 
1195.58 3.5057e-07 
1195.59 3.4969e-07 
1195.6 3.48835e-07 
1195.61 3.4822e-07 
1195.62 3.4741e-07 
1195.63 3.46621e-07 
1195.64 3.45848e-07 
1195.65 3.45092e-07 
1195.66 3.4435e-07 
1195.67 3.43621e-07 
1195.68 3.42904e-07 
1195.69 3.42198e-07 
1195.7 3.41501e-07 
1195.71 3.40812e-07 
1195.72 3.40131e-07 
1195.73 3.39456e-07 
1195.74 3.38788e-07 
1195.75 3.38125e-07 
1195.75 3.37466e-07 
1195.76 3.36812e-07 
1195.77 3.36161e-07 
1195.78 3.35514e-07 
1195.79 3.34869e-07 
1195.8 3.34226e-07 
1195.81 3.33585e-07 
1195.82 3.32946e-07 
1195.83 3.32309e-07 
1195.84 3.31672e-07 
1195.85 3.31037e-07 
1195.86 3.30402e-07 
1195.87 3.29769e-07 
1195.88 3.29135e-07 
1195.89 3.28503e-07 
1195.9 3.27871e-07 
1195.91 3.27239e-07 
1195.92 3.26609e-07 
1195.93 3.25978e-07 
1195.94 3.25348e-07 
1195.95 3.24719e-07 
1195.96 3.24091e-07 
1195.97 3.23463e-07 
1195.98 3.22836e-07 
1195.99 3.22211e-07 
1196 3.21586e-07 
1196.01 3.20964e-07 
1196.02 3.20343e-07 
1196.03 3.19724e-07 
1196.04 3.19108e-07 
1196.05 3.18494e-07 
1196.06 3.17883e-07 
1196.07 3.17276e-07 
1196.08 3.16672e-07 
1196.09 3.16073e-07 
1196.1 3.15479e-07 
1196.11 3.14889e-07 
1196.12 3.14306e-07 
1196.13 3.1373e-07 
1196.14 3.13161e-07 
1196.15 3.126e-07 
1196.16 3.12047e-07 
1196.17 3.11505e-07 
1196.17 3.10973e-07 
1196.18 3.10453e-07 
1196.19 3.09945e-07 
1196.2 3.09451e-07 
1196.21 3.08972e-07 
1196.22 3.08512e-07 
1196.23 3.08067e-07 
1196.24 3.07641e-07 
1196.25 3.07236e-07 
1196.26 3.06852e-07 
1196.27 3.06493e-07 
1196.28 3.06159e-07 
1196.29 3.05853e-07 
1196.3 3.05576e-07 
1196.31 3.05331e-07 
1196.32 3.0512e-07 
1196.33 3.04945e-07 
1196.34 3.04809e-07 
1196.35 3.04714e-07 
1196.36 3.04663e-07 
1196.37 3.04659e-07 
1196.38 3.04704e-07 
1196.39 3.04803e-07 
1196.4 3.04957e-07 
1196.41 3.05171e-07 
1196.42 3.05448e-07 
1196.43 3.05791e-07 
1196.44 3.06204e-07 
1196.45 3.06691e-07 
1196.46 3.07257e-07 
1196.47 3.07904e-07 
1196.48 3.08657e-07 
1196.49 3.09483e-07 
1196.5 3.10404e-07 
1196.51 3.11425e-07 
1196.52 3.12551e-07 
1196.53 3.13786e-07 
1196.54 3.15136e-07 
1196.55 3.16605e-07 
1196.56 3.18199e-07 
1196.57 3.19922e-07 
1196.58 3.2178e-07 
1196.59 3.23779e-07 
1196.6 3.25922e-07 
1196.6 3.2842e-07 
1196.61 3.30873e-07 
1196.62 3.33487e-07 
1196.63 3.36269e-07 
1196.64 3.39223e-07 
1196.65 3.42354e-07 
1196.66 3.45669e-07 
1196.67 3.49171e-07 
1196.68 3.52867e-07 
1196.69 3.5676e-07 
1196.7 3.60857e-07 
1196.71 3.65161e-07 
1196.72 3.69677e-07 
1196.73 3.74479e-07 
1196.74 3.79433e-07 
1196.75 3.84611e-07 
1196.76 3.90016e-07 
1196.77 3.95651e-07 
1196.78 4.01518e-07 
1196.79 4.07621e-07 
1196.8 4.13962e-07 
1196.81 4.2054e-07 
1196.82 4.2736e-07 
1196.83 4.3442e-07 
1196.84 4.4172e-07 
1196.85 4.49262e-07 
1196.86 4.57042e-07 
1196.87 4.65061e-07 
1196.88 4.73317e-07 
1196.89 4.81806e-07 
1196.9 4.90526e-07 
1196.91 4.99472e-07 
1196.92 5.08642e-07 
1196.93 5.18028e-07 
1196.94 5.27626e-07 
1196.95 5.37429e-07 
1196.96 5.47429e-07 
1196.97 5.5762e-07 
1196.98 5.68134e-07 
1196.99 5.7868e-07 
1197 5.89389e-07 
1197.01 6.0025e-07 
1197.02 6.1125e-07 
1197.03 6.22378e-07 
1197.03 6.33623e-07 
1197.04 6.44969e-07 
1197.05 6.56403e-07 
1197.06 6.6791e-07 
1197.07 6.79476e-07 
1197.08 6.91084e-07 
1197.09 7.02718e-07 
1197.1 7.14362e-07 
1197.11 7.25997e-07 
1197.12 7.37607e-07 
1197.13 7.49172e-07 
1197.14 7.60675e-07 
1197.15 7.72097e-07 
1197.16 7.83418e-07 
1197.17 7.94619e-07 
1197.18 8.0568e-07 
1197.19 8.16582e-07 
1197.2 8.27305e-07 
1197.21 8.3783e-07 
1197.22 8.48136e-07 
1197.23 8.58339e-07 
1197.24 8.68146e-07 
1197.25 8.77676e-07 
1197.26 8.8691e-07 
1197.27 8.95827e-07 
1197.28 9.04413e-07 
1197.29 9.12647e-07 
1197.3 9.20512e-07 
1197.31 9.27991e-07 
1197.32 9.3507e-07 
1197.33 9.41731e-07 
1197.34 9.4796e-07 
1197.35 9.53742e-07 
1197.36 9.59065e-07 
1197.37 9.63915e-07 
1197.38 9.68281e-07 
1197.39 9.72153e-07 
1197.4 9.75521e-07 
1197.41 9.78376e-07 
1197.42 9.80709e-07 
1197.43 9.82516e-07 
1197.44 9.83789e-07 
1197.45 9.84525e-07 
1197.45 9.84721e-07 
1197.46 9.84373e-07 
1197.47 9.83482e-07 
1197.48 9.82035e-07 
1197.49 9.8005e-07 
1197.5 9.77523e-07 
1197.51 9.7446e-07 
1197.52 9.70864e-07 
1197.53 9.66741e-07 
1197.54 9.62098e-07 
1197.55 9.56941e-07 
1197.56 9.51282e-07 
1197.57 9.45129e-07 
1197.58 9.38492e-07 
1197.59 9.31383e-07 
1197.6 9.23816e-07 
1197.61 9.16369e-07 
1197.62 9.0792e-07 
1197.63 8.99054e-07 
1197.64 8.89787e-07 
1197.65 8.80136e-07 
1197.66 8.70118e-07 
1197.67 8.5975e-07 
1197.68 8.49049e-07 
1197.69 8.38035e-07 
1197.7 8.26727e-07 
1197.71 8.15143e-07 
1197.72 8.03303e-07 
1197.73 7.91086e-07 
1197.74 7.78792e-07 
1197.75 7.66302e-07 
1197.76 7.53635e-07 
1197.77 7.40814e-07 
1197.78 7.27856e-07 
1197.79 7.14783e-07 
1197.8 7.01614e-07 
1197.81 6.88369e-07 
1197.82 6.75068e-07 
1197.83 6.61729e-07 
1197.84 6.48373e-07 
1197.85 6.35017e-07 
1197.86 6.2168e-07 
1197.87 6.0838e-07 
1197.88 5.95134e-07 
1197.88 5.81961e-07 
1197.89 5.68876e-07 
1197.9 5.55898e-07 
1197.91 5.43041e-07 
1197.92 5.30321e-07 
1197.93 5.17754e-07 
1197.94 5.05354e-07 
1197.95 4.93137e-07 
1197.96 4.81117e-07 
1197.97 4.69307e-07 
1197.98 4.57591e-07 
1197.99 4.46248e-07 
1198 4.35156e-07 
1198.01 4.24329e-07 
1198.02 4.13781e-07 
1198.03 4.03525e-07 
1198.04 3.93573e-07 
1198.05 3.8394e-07 
1198.06 3.74638e-07 
1198.07 3.65683e-07 
1198.08 3.57088e-07 
1198.09 3.48869e-07 
1198.1 3.4104e-07 
1198.11 3.33618e-07 
1198.12 3.26621e-07 
1198.13 3.20065e-07 
1198.14 3.13969e-07 
1198.15 3.08354e-07 
1198.16 3.03241e-07 
1198.17 2.98652e-07 
1198.18 2.94612e-07 
1198.19 2.91146e-07 
1198.2 2.88282e-07 
1198.21 2.86048e-07 
1198.22 2.84477e-07 
1198.23 2.83607e-07 
1198.24 2.83472e-07 
1198.25 2.84106e-07 
1198.26 2.8555e-07 
1198.27 2.87846e-07 
1198.28 2.9104e-07 
1198.29 2.9518e-07 
1198.3 3.00316e-07 
1198.3 3.06502e-07 
1198.31 3.13795e-07 
1198.32 3.22254e-07 
1198.33 3.3194e-07 
1198.34 3.42919e-07 
1198.35 3.55259e-07 
1198.36 3.6903e-07 
1198.37 3.84304e-07 
1198.38 4.01159e-07 
1198.39 4.19672e-07 
1198.4 4.39923e-07 
1198.41 4.61996e-07 
1198.42 4.85976e-07 
1198.43 5.11948e-07 
1198.44 5.4e-07 
1198.45 5.70223e-07 
1198.46 6.02706e-07 
1198.47 6.37538e-07 
1198.48 6.75303e-07 
1198.49 7.15138e-07 
1198.5 7.57592e-07 
1198.51 8.02756e-07 
1198.52 8.50715e-07 
1198.53 9.01551e-07 
1198.54 9.55346e-07 
1198.55 1.01218e-06 
1198.56 1.07212e-06 
1198.57 1.13523e-06 
1198.58 1.20159e-06 
1198.59 1.27125e-06 
1198.6 1.34425e-06 
1198.61 1.42152e-06 
1198.62 1.50138e-06 
1198.63 1.5847e-06 
1198.64 1.67148e-06 
1198.65 1.76173e-06 
1198.66 1.85545e-06 
1198.67 1.95262e-06 
1198.68 2.05321e-06 
1198.69 2.15718e-06 
1198.7 2.26447e-06 
1198.71 2.37502e-06 
1198.72 2.48874e-06 
1198.73 2.60702e-06 
1198.73 2.72682e-06 
1198.74 2.84945e-06 
1198.75 2.97478e-06 
1198.76 3.10263e-06 
1198.77 3.23286e-06 
1198.78 3.36525e-06 
1198.79 3.49961e-06 
1198.8 3.63573e-06 
1198.81 3.77336e-06 
1198.82 3.91227e-06 
1198.83 4.05219e-06 
1198.84 4.19284e-06 
1198.85 4.33396e-06 
1198.86 4.47522e-06 
1198.87 4.61633e-06 
1198.88 4.75698e-06 
1198.89 4.89683e-06 
1198.9 5.03556e-06 
1198.91 5.17281e-06 
1198.92 5.30826e-06 
1198.93 5.44156e-06 
1198.94 5.57235e-06 
1198.95 5.70029e-06 
1198.96 5.82502e-06 
1198.97 5.94621e-06 
1198.98 6.06497e-06 
1198.99 6.17799e-06 
1199 6.28646e-06 
1199.01 6.39005e-06 
1199.02 6.48846e-06 
1199.03 6.58139e-06 
1199.04 6.66855e-06 
1199.05 6.74968e-06 
1199.06 6.82453e-06 
1199.07 6.89285e-06 
1199.08 6.95443e-06 
1199.09 7.00909e-06 
1199.1 7.05662e-06 
1199.11 7.09691e-06 
1199.12 7.1298e-06 
1199.13 7.15519e-06 
1199.14 7.17299e-06 
1199.15 7.18315e-06 
1199.15 7.18563e-06 
1199.16 7.18041e-06 
1199.17 7.16753e-06 
1199.18 7.14701e-06 
1199.19 7.11892e-06 
1199.2 7.08335e-06 
1199.21 7.04042e-06 
1199.22 6.98955e-06 
1199.23 6.93226e-06 
1199.24 6.86804e-06 
1199.25 6.79713e-06 
1199.26 6.71975e-06 
1199.27 6.63613e-06 
1199.28 6.54656e-06 
1199.29 6.45127e-06 
1199.3 6.35056e-06 
1199.31 6.24474e-06 
1199.32 6.13412e-06 
1199.33 6.01902e-06 
1199.34 5.89976e-06 
1199.35 5.77669e-06 
1199.36 5.65015e-06 
1199.37 5.52049e-06 
1199.38 5.38804e-06 
1199.39 5.25317e-06 
1199.4 5.11623e-06 
1199.41 4.97755e-06 
1199.42 4.83749e-06 
1199.43 4.69637e-06 
1199.44 4.55454e-06 
1199.45 4.41232e-06 
1199.46 4.27001e-06 
1199.47 4.12794e-06 
1199.48 3.98463e-06 
1199.49 3.8439e-06 
1199.5 3.70425e-06 
1199.51 3.56595e-06 
1199.52 3.42923e-06 
1199.53 3.29433e-06 
1199.54 3.16147e-06 
1199.55 3.03083e-06 
1199.56 2.90262e-06 
1199.57 2.777e-06 
1199.58 2.65413e-06 
1199.58 2.53415e-06 
1199.59 2.41718e-06 
1199.6 2.30333e-06 
1199.61 2.19405e-06 
1199.62 2.08666e-06 
1199.63 1.98263e-06 
1199.64 1.88202e-06 
1199.65 1.78488e-06 
1199.66 1.69123e-06 
1199.67 1.60109e-06 
1199.68 1.51446e-06 
1199.69 1.43134e-06 
1199.7 1.3517e-06 
1199.71 1.27553e-06 
1199.72 1.20279e-06 
1199.73 1.13259e-06 
1199.74 1.06662e-06 
1199.75 1.00393e-06 
1199.76 9.44452e-07 
1199.77 8.88128e-07 
1199.78 8.34882e-07 
1199.79 7.84639e-07 
1199.8 7.37317e-07 
1199.81 6.92835e-07 
1199.82 6.51108e-07 
1199.83 6.12049e-07 
1199.84 5.7557e-07 
1199.85 5.41582e-07 
1199.86 5.09997e-07 
1199.87 4.80726e-07 
1199.88 4.5368e-07 
1199.89 4.28773e-07 
1199.9 4.05918e-07 
1199.91 3.85031e-07 
1199.92 3.66028e-07 
1199.93 3.48828e-07 
1199.94 3.33353e-07 
1199.95 3.19525e-07 
1199.96 3.07271e-07 
1199.97 2.96519e-07 
1199.98 2.87103e-07 
1199.99 2.79159e-07 
1200 2.72527e-07 
1200.01 2.67135e-07 
1200.01 2.62928e-07 
1200.02 2.5985e-07 
1200.03 2.57849e-07 
1200.04 2.56874e-07 
1200.05 2.56879e-07 
1200.06 2.57819e-07 
1200.07 2.59653e-07 
1200.08 2.6234e-07 
1200.09 2.65843e-07 
1200.1 2.70128e-07 
1200.11 2.75161e-07 
1200.12 2.80911e-07 
1200.13 2.87349e-07 
1200.14 2.94447e-07 
1200.15 3.02179e-07 
1200.16 3.10522e-07 
1200.17 3.19452e-07 
1200.18 3.28947e-07 
1200.19 3.38987e-07 
1200.2 3.49553e-07 
1200.21 3.60624e-07 
1200.22 3.72185e-07 
1200.23 3.84373e-07 
1200.24 3.96865e-07 
1200.25 4.09796e-07 
1200.26 4.23151e-07 
1200.27 4.36912e-07 
1200.28 4.51066e-07 
1200.29 4.65596e-07 
1200.3 4.8049e-07 
1200.31 4.95731e-07 
1200.32 5.11303e-07 
1200.33 5.27194e-07 
1200.34 5.43386e-07 
1200.35 5.59864e-07 
1200.36 5.76611e-07 
1200.37 5.93613e-07 
1200.38 6.10852e-07 
1200.39 6.28312e-07 
1200.4 6.45975e-07 
1200.41 6.63823e-07 
1200.42 6.81838e-07 
1200.43 7.00002e-07 
1200.43 7.18293e-07 
1200.44 7.36696e-07 
1200.45 7.55187e-07 
1200.46 7.73748e-07 
1200.47 7.92356e-07 
1200.48 8.11225e-07 
1200.49 8.29865e-07 
1200.5 8.48486e-07 
1200.51 8.67068e-07 
1200.52 8.85585e-07 
1200.53 9.04017e-07 
1200.54 9.22337e-07 
1200.55 9.40525e-07 
1200.56 9.58554e-07 
1200.57 9.76402e-07 
1200.58 9.94045e-07 
1200.59 1.01146e-06 
1200.6 1.02862e-06 
1200.61 1.04614e-06 
1200.62 1.06273e-06 
1200.63 1.07899e-06 
1200.64 1.0949e-06 
1200.65 1.11044e-06 
1200.66 1.12558e-06 
1200.67 1.1403e-06 
1200.68 1.15458e-06 
1200.69 1.16839e-06 
1200.7 1.18172e-06 
1200.71 1.19455e-06 
1200.72 1.20684e-06 
1200.73 1.21874e-06 
1200.74 1.22991e-06 
1200.75 1.24051e-06 
1200.76 1.2505e-06 
1200.77 1.25988e-06 
1200.78 1.26863e-06 
1200.79 1.27673e-06 
1200.8 1.28416e-06 
1200.81 1.29093e-06 
1200.82 1.29701e-06 
1200.83 1.3024e-06 
1200.84 1.30709e-06 
1200.85 1.31106e-06 
1200.85 1.31432e-06 
1200.86 1.31685e-06 
1200.87 1.31865e-06 
1200.88 1.31973e-06 
1200.89 1.32007e-06 
1200.9 1.31967e-06 
1200.91 1.31854e-06 
1200.92 1.31668e-06 
1200.93 1.31409e-06 
1200.94 1.31078e-06 
1200.95 1.30675e-06 
1200.96 1.302e-06 
1200.97 1.29655e-06 
1200.98 1.29032e-06 
1200.99 1.28348e-06 
1201 1.27596e-06 
1201.01 1.26778e-06 
1201.02 1.25895e-06 
1201.03 1.24949e-06 
1201.04 1.2394e-06 
1201.05 1.22871e-06 
1201.06 1.21744e-06 
1201.07 1.20559e-06 
1201.08 1.1932e-06 
1201.09 1.18027e-06 
1201.1 1.16683e-06 
1201.11 1.1529e-06 
1201.12 1.13851e-06 
1201.13 1.12366e-06 
1201.14 1.10839e-06 
1201.15 1.09272e-06 
1201.16 1.07666e-06 
1201.17 1.06025e-06 
1201.18 1.04351e-06 
1201.19 1.02646e-06 
1201.2 1.00913e-06 
1201.21 9.91528e-07 
1201.22 9.73695e-07 
1201.23 9.55421e-07 
1201.24 9.37183e-07 
1201.25 9.18779e-07 
1201.26 9.00233e-07 
1201.27 8.81571e-07 
1201.28 8.62812e-07 
1201.28 8.43981e-07 
1201.29 8.25099e-07 
1201.3 8.0619e-07 
1201.31 7.87274e-07 
1201.32 7.68372e-07 
1201.33 7.49506e-07 
1201.34 7.30693e-07 
1201.35 7.11956e-07 
1201.36 6.93311e-07 
1201.37 6.74778e-07 
1201.38 6.56372e-07 
1201.39 6.38113e-07 
1201.4 6.20014e-07 
1201.41 6.02092e-07 
1201.42 5.84362e-07 
1201.43 5.66837e-07 
1201.44 5.4953e-07 
1201.45 5.32454e-07 
1201.46 5.1562e-07 
1201.47 4.99039e-07 
1201.48 4.8252e-07 
1201.49 4.66479e-07 
1201.5 4.50719e-07 
1201.51 4.35248e-07 
1201.52 4.20073e-07 
1201.53 4.05201e-07 
1201.54 3.90637e-07 
1201.55 3.76385e-07 
1201.56 3.62451e-07 
1201.57 3.48838e-07 
1201.58 3.35549e-07 
1201.59 3.22585e-07 
1201.6 3.09949e-07 
1201.61 2.97825e-07 
1201.62 2.85838e-07 
1201.63 2.74181e-07 
1201.64 2.62853e-07 
1201.65 2.51851e-07 
1201.66 2.41175e-07 
1201.67 2.30823e-07 
1201.68 2.20792e-07 
1201.69 2.11078e-07 
1201.7 2.01679e-07 
1201.7 1.92591e-07 
1201.71 1.83809e-07 
1201.72 1.75226e-07 
1201.73 1.67048e-07 
1201.74 1.59163e-07 
1201.75 1.51565e-07 
1201.76 1.44249e-07 
1201.77 1.3721e-07 
1201.78 1.30441e-07 
1201.79 1.23937e-07 
1201.8 1.17691e-07 
1201.81 1.11698e-07 
1201.82 1.0595e-07 
1201.83 1.00442e-07 
1201.84 9.51675e-08 
1201.85 9.01192e-08 
1201.86 8.52911e-08 
1201.87 8.06764e-08 
1201.88 7.62687e-08 
1201.89 7.20617e-08 
1201.9 6.80486e-08 
1201.91 6.4223e-08 
1201.92 6.05787e-08 
1201.93 5.71091e-08 
1201.94 5.38083e-08 
1201.95 5.06698e-08 
1201.96 4.76877e-08 
1201.97 4.4856e-08 
1201.98 4.21363e-08 
1201.99 3.95896e-08 
1202 3.71761e-08 
1202.01 3.48903e-08 
1202.02 3.27266e-08 
1202.03 3.068e-08 
1202.04 2.87453e-08 
1202.05 2.69176e-08 
1202.06 2.51919e-08 
1202.07 2.35637e-08 
1202.08 2.20284e-08 
1202.09 2.05817e-08 
1202.1 1.92191e-08 
1202.11 1.79368e-08 
1202.12 1.67307e-08 
1202.13 1.55969e-08 
1202.13 1.45319e-08 
1202.14 1.3532e-08 
1202.15 1.25938e-08 
1202.16 1.17142e-08 
1202.17 1.08899e-08 
1202.18 1.01179e-08 
1202.19 9.39542e-09 
1202.2 8.71963e-09 
1202.21 8.08793e-09 
1202.22 7.49092e-09 
1202.23 6.9402e-09 
1202.24 6.42657e-09 
1202.25 5.94763e-09 
1202.26 5.50131e-09 
1202.27 5.08563e-09 
1202.28 4.69873e-09 
1202.29 4.33885e-09 
1202.3 4.00428e-09 
1202.31 3.69345e-09 
1202.32 3.40484e-09 
1202.33 3.13703e-09 
1202.34 2.88866e-09 
1202.35 2.65848e-09 
1202.36 2.44526e-09 
1202.37 2.24789e-09 
1202.38 2.0653e-09 
1202.39 1.89647e-09 
1202.4 1.74048e-09 
1202.41 1.59642e-09 
1202.42 1.46346e-09 
1202.43 1.34083e-09 
1202.44 1.22779e-09 
1202.45 1.12365e-09 
1202.46 1.02777e-09 
1202.47 9.39542e-10 
1202.48 8.57437e-10 
1202.49 7.82951e-10 
1202.5 7.14536e-10 
1202.51 6.51734e-10 
1202.52 5.9412e-10 
1202.53 5.41296e-10 
1202.54 4.92893e-10 
1202.55 4.48567e-10 
1202.56 4.07999e-10 
1202.56 3.70892e-10 
1202.57 3.36972e-10 
1202.58 3.05983e-10 
1202.59 2.77688e-10 
1202.6 2.51869e-10 
1202.61 2.28463e-10 
1202.62 2.06989e-10 
1202.63 1.87429e-10 
1202.64 1.69622e-10 
1202.65 1.53421e-10 
1202.66 1.3869e-10 
1202.67 1.25303e-10 
1202.68 1.13145e-10 
1202.69 1.0211e-10 
1202.7 9.20993e-11 
1202.71 8.30236e-11 
1202.72 7.48004e-11 
1202.73 6.72656e-11 
1202.74 6.0535e-11 
1202.75 5.44474e-11 
1202.76 4.89447e-11 
1202.77 4.39734e-11 
1202.78 3.9485e-11 
1202.79 3.54349e-11 
1202.8 3.17825e-11 
1202.81 2.84906e-11 
1202.82 2.55254e-11 
1202.83 2.28559e-11 
1202.84 2.04543e-11 
1202.85 1.82947e-11 
1202.86 1.6354e-11 
1202.87 1.4611e-11 
1202.88 1.30465e-11 
1202.89 1.1643e-11 
1202.9 1.03846e-11 
1202.91 9.2571e-12 
1202.92 8.24739e-12 
1202.93 7.3437e-12 
1202.94 6.53538e-12 
1202.95 5.81277e-12 
1202.96 5.16717e-12 
1202.97 4.59071e-12 
1202.98 4.07628e-12 
1202.98 3.61206e-12 
1202.99 3.20369e-12 
1203 2.83989e-12 
1203.01 2.51601e-12 
1203.02 2.22781e-12 
1203.03 1.97152e-12 
1203.04 1.74374e-12 
1203.05 1.54142e-12 
1203.06 1.3618e-12 
1203.07 1.20245e-12 
1203.08 1.06115e-12 
1203.09 9.35925e-13 
1203.1 8.2502e-13 
1203.11 7.26849e-13 
1203.12 6.40003e-13 
1203.13 5.63218e-13 
1203.14 4.95368e-13 
1203.15 4.35448e-13 
1203.16 3.82562e-13 
1203.17 3.35911e-13 
1203.18 2.94784e-13 
1203.19 2.58548e-13 
1203.2 2.26639e-13 
1203.21 1.98558e-13 
1203.22 1.73858e-13 
1203.23 1.51892e-13 
1203.24 1.32848e-13 
1203.25 1.16126e-13 
1203.26 1.01453e-13 
1203.27 8.85839e-14 
1203.28 7.7304e-14 
1203.29 6.74229e-14 
1203.3 5.87718e-14 
1203.31 5.12021e-14 
1203.32 4.45825e-14 
1203.33 3.87969e-14 
1203.34 3.37433e-14 
1203.35 2.93315e-14 
1203.36 2.54823e-14 
1203.37 2.21259e-14 
1203.38 1.92008e-14 
1203.39 1.66531e-14 
1203.4 1.44354e-14 
1203.41 1.2506e-14 
1203.41 1.08284e-14 
1203.42 9.37064e-15 
1203.43 8.10458e-15 
1203.44 7.00565e-15 
1203.45 6.05235e-15 
1203.46 5.22584e-15 
1203.47 4.50968e-15 
1203.48 3.88229e-15 
1203.49 3.34648e-15 
1203.5 2.88301e-15 
1203.51 2.48234e-15 
1203.52 2.13616e-15 
1203.53 1.83722e-15 
1203.54 1.57924e-15 
1203.55 1.35672e-15 
1203.56 1.16491e-15 
1203.57 9.99654e-16 
1203.58 8.57361e-16 
1203.59 7.34912e-16 
1203.6 6.296e-16 
1203.61 5.39408e-16 
1203.62 4.61594e-16 
1203.63 3.94784e-16 
1203.64 3.37456e-16 
1203.65 2.88291e-16 
1203.66 2.46152e-16 
1203.67 2.10054e-16 
1203.68 1.7915e-16 
1203.69 1.52707e-16 
1203.7 1.30094e-16 
1203.71 1.10768e-16 
1203.72 9.42603e-17 
1203.73 8.00054e-17 
1203.74 6.80055e-17 
1203.75 5.77732e-17 
1203.76 4.90529e-17 
1203.77 4.16257e-17 
1203.78 3.53032e-17 
1203.79 2.99244e-17 
1203.8 2.53508e-17 
1203.81 2.14643e-17 
1203.82 1.81635e-17 
1203.83 1.53616e-17 
1203.83 1.29847e-17 
1203.84 1.09695e-17 
1203.85 9.26181e-18 
1203.86 7.81561e-18 
1203.87 6.59155e-18 
1203.88 5.55608e-18 
1203.89 4.68066e-18 
1203.9 3.94096e-18 
1203.91 3.31631e-18 
1203.92 2.7891e-18 
1203.93 2.3444e-18 
1203.94 1.9695e-18 
1203.95 1.65362e-18 
1203.96 1.38763e-18 
1203.97 1.16377e-18 
1203.98 9.73333e-19 
1203.99 8.15394e-19 
1204 6.82702e-19 
1204.01 5.71283e-19 
1204.02 4.77781e-19 
1204.03 3.99359e-19 
1204.04 3.33622e-19 
1204.05 2.7855e-19 
1204.06 2.32439e-19 
1204.07 1.93853e-19 
1204.08 1.61582e-19 
1204.09 1.34608e-19 
1204.1 1.12074e-19 
1204.11 9.326e-20 
1204.12 7.7561e-20 
1204.13 6.44687e-20 
1204.14 5.35564e-20 
1204.15 4.44663e-20 
1204.16 3.68984e-20 
1204.17 3.06014e-20 
1204.18 2.53649e-20 
1204.19 2.10126e-20 
1204.2 1.73975e-20 
1204.21 1.43962e-20 
1204.22 1.1906e-20 
1204.23 9.81766e-21 
1204.24 8.11033e-21 
1204.25 6.69616e-21 
1204.26 5.52549e-21 
1204.26 4.55693e-21 
1204.27 3.75605e-21 
1204.28 3.09419e-21 
1204.29 2.54753e-21 
1204.3 2.09628e-21 
1204.31 1.724e-21 
1204.32 1.41704e-21 
1204.33 1.16408e-21 
1204.34 9.55742e-22 
1204.35 7.84253e-22 
1204.36 6.43175e-22 
1204.37 5.27179e-22 
1204.38 4.31862e-22 
1204.39 3.53581e-22 
1204.4 2.89328e-22 
1204.41 2.36618e-22 
1204.42 1.93403e-22 
1204.43 1.57992e-22 
1204.44 1.28993e-22 
1204.45 1.05257e-22 
1204.46 8.58409e-23 
1204.47 6.99673e-23 
1204.48 5.6851e-23 
1204.49 4.6286e-23 
1204.5 3.76633e-23 
1204.51 3.06298e-23 
1204.52 2.48959e-23 
1204.53 2.0224e-23 
1204.54 1.64197e-23 
1204.55 1.33235e-23 
1204.56 1.08051e-23 
1204.57 8.75787e-24 
1204.58 7.09454e-24 
1204.59 5.7439e-24 
1204.6 4.64779e-24 
1204.61 3.75875e-24 
1204.62 3.03993e-24 
1204.63 2.4557e-24 
1204.64 1.98264e-24 
1204.65 1.59981e-24 
1204.66 1.29018e-24 
1204.67 1.03989e-24 
1204.68 8.37695e-25 
1204.68 6.74434e-25 
1204.69 5.42687e-25 
1204.7 4.36433e-25 
1204.71 3.50786e-25 
1204.72 2.81018e-25 
1204.73 2.25616e-25 
1204.74 1.81035e-25 
1204.75 1.45182e-25 
1204.76 1.16364e-25 
1204.77 9.32146e-26 
1204.78 7.46286e-26 
1204.79 5.9715e-26 
1204.8 4.7755e-26 
1204.81 3.81691e-26 
1204.82 3.04903e-26 
1204.83 2.43427e-26 
1204.84 1.94237e-26 
1204.85 1.54901e-26 
1204.86 1.23461e-26 
1204.87 9.83481e-27 
1204.88 7.82994e-27 
1204.89 6.23028e-27 
1204.9 4.95466e-27 
1204.91 3.93802e-27 
1204.92 3.12823e-27 
1204.93 2.48357e-27 
1204.94 1.97065e-27 
1204.95 1.5628e-27 
1204.96 1.23866e-27 
1204.97 9.81199e-28 
1204.98 7.74552e-28 
1204.99 6.12869e-28 
1205 4.84666e-28 
1205.01 3.83066e-28 
1205.02 3.02595e-28 
1205.03 2.38895e-28 
1205.04 1.88499e-28 
1205.05 1.48652e-28 
1205.06 1.17162e-28 
1205.07 9.22912e-29 
1205.08 7.26593e-29 
1205.09 5.71715e-29 
1205.1 4.49598e-29 
1205.11 3.53368e-29 
1205.11 2.77579e-29 
1205.12 2.17923e-29 
1205.13 1.70992e-29 
1205.14 1.34093e-29 
1205.15 1.05098e-29 
1205.16 8.23264e-30 
1205.17 6.44527e-30 
1205.18 5.04312e-30 
1205.19 3.94381e-30 
1205.2 3.0824e-30 
1205.21 2.40779e-30 
1205.22 1.87462e-30 
1205.23 1.46218e-30 
1205.24 1.14025e-30 
1205.25 8.88702e-31 
1205.26 6.92259e-31 
1205.27 5.38937e-31 
1205.28 4.19339e-31 
1205.29 3.26099e-31 
1205.3 2.53449e-31 
1205.31 1.96874e-31 
1205.32 1.52842e-31 
1205.33 1.18592e-31 
1205.34 9.19655e-32 
1205.35 7.12773e-32 
1205.36 5.52122e-32 
1205.37 4.2744e-32 
1205.38 3.30729e-32 
1205.39 2.55757e-32 
1205.4 1.97669e-32 
1205.41 1.52689e-32 
1205.42 1.17878e-32 
1205.43 9.09531e-33 
1205.44 7.01387e-33 
1205.45 5.40574e-33 
1205.46 4.16399e-33 
1205.47 3.20569e-33 
1205.48 2.45944e-33 
1205.49 1.89055e-33 
1205.5 1.45301e-33 
1205.51 1.1161e-33 
1205.52 8.56837e-34 
1205.53 6.57429e-34 
1205.54 5.04147e-34 
1205.54 3.86387e-34 
1205.55 2.95968e-34 
1205.56 2.26581e-34 
1205.57 1.73364e-34 
1205.58 1.32573e-34 
1205.59 1.01322e-34 
1205.6 7.73948e-35 
1205.61 5.91212e-35 
1205.62 4.51092e-35 
1205.63 3.43989e-35 
1205.64 2.62168e-35 
1205.65 1.99698e-35 
1205.66 1.52028e-35 
1205.67 1.15673e-35 
1205.68 8.7962e-36 
1205.69 6.68523e-36 
1205.7 5.07803e-36 
1205.71 3.85506e-36 
1205.72 2.92498e-36 
1205.73 2.2104e-36 
1205.74 1.67523e-36 
1205.75 1.26892e-36 
1205.76 9.60623e-37 
1205.77 7.26822e-37 
1205.78 5.49617e-37 
1205.79 4.15384e-37 
1205.8 3.13759e-37 
1205.81 2.36864e-37 
1205.82 1.78715e-37 
1205.83 1.34765e-37 
1205.84 1.01567e-37 
1205.85 7.65041e-38 
1205.86 5.75935e-38 
1205.87 4.33331e-38 
1205.88 3.25853e-38 
1205.89 2.44897e-38 
1205.9 1.8395e-38 
1205.91 1.38094e-38 
1205.92 1.03611e-38 
1205.93 7.76952e-39 
1205.94 5.82291e-39 
1205.95 4.36157e-39 
1205.96 3.26515e-39 
1205.96 2.44298e-39 
1205.97 1.82681e-39 
1205.98 1.36032e-39 
1205.99 1.01608e-39 
1206 7.58524e-40 
1206.01 5.65938e-40 
1206.02 4.22012e-40 
1206.03 3.14513e-40 
1206.04 2.34266e-40 
1206.05 1.74396e-40 
1206.06 1.29755e-40 
1206.07 9.64864e-41 
1206.08 7.17072e-41 
1206.09 5.3262e-41 
1206.1 3.9539e-41 
1206.11 2.93362e-41 
1206.12 2.17538e-41 
1206.13 1.61219e-41 
1206.14 1.19419e-41 
1206.15 8.84079e-42 
1206.16 6.54126e-42 
1206.17 4.83588e-42 
1206.18 3.57471e-42 
1206.19 2.63865e-42 
1206.2 1.94921e-42 
1206.21 1.43773e-42 
1206.22 1.06078e-42 
1206.23 7.79122e-43 
1206.24 5.74532e-43 
1206.25 4.21791e-43 
1206.26 3.09687e-43 
1206.27 2.28412e-43 
1206.28 1.66755e-43 
1206.29 1.23314e-43 
1206.3 9.10844e-44 
1206.31 6.5861e-44 
1206.32 4.90454e-44 
1206.33 3.50325e-44 
1206.34 2.66247e-44 
1206.35 1.82169e-44 
1206.36 1.4013e-44 
1206.37 9.80909e-45 
1206.38 8.40779e-45 
1206.39 5.60519e-45 
1206.39 4.2039e-45 
1206.4 2.8026e-45 
1206.41 2.8026e-45 
1206.42 1.4013e-45 
1206.43 1.4013e-45 
1206.44 1.4013e-45 
1206.45 1.4013e-45 
1206.46 0 
1206.47 0 
1206.48 0 
1206.49 0 
1206.5 0 
1206.51 0 
1206.52 0 
1206.53 0 
1206.54 0 
1206.55 0 
1206.56 0 
1206.57 0 
1206.58 0 
1206.59 0 
1206.6 0 
