#energy geo_1 
1186.6 1.11935e-06 
1186.61 1.11869e-06 
1186.62 1.11803e-06 
1186.63 1.11737e-06 
1186.64 1.11672e-06 
1186.65 1.11606e-06 
1186.66 1.1154e-06 
1186.67 1.11475e-06 
1186.68 1.11409e-06 
1186.69 1.11343e-06 
1186.7 1.11278e-06 
1186.71 1.11212e-06 
1186.72 1.11147e-06 
1186.73 1.11081e-06 
1186.74 1.11016e-06 
1186.75 1.1095e-06 
1186.76 1.10885e-06 
1186.77 1.1082e-06 
1186.78 1.10754e-06 
1186.79 1.10689e-06 
1186.8 1.10624e-06 
1186.81 1.10558e-06 
1186.81 1.10493e-06 
1186.82 1.10428e-06 
1186.83 1.10363e-06 
1186.84 1.10297e-06 
1186.85 1.10232e-06 
1186.86 1.10167e-06 
1186.87 1.10102e-06 
1186.88 1.10037e-06 
1186.89 1.09972e-06 
1186.9 1.09907e-06 
1186.91 1.09842e-06 
1186.92 1.09777e-06 
1186.93 1.09712e-06 
1186.94 1.09647e-06 
1186.95 1.09582e-06 
1186.96 1.09517e-06 
1186.97 1.09452e-06 
1186.98 1.09387e-06 
1186.99 1.09323e-06 
1187 1.09258e-06 
1187.01 1.09193e-06 
1187.02 1.09128e-06 
1187.03 1.09064e-06 
1187.04 1.08999e-06 
1187.05 1.08934e-06 
1187.06 1.0887e-06 
1187.07 1.08805e-06 
1187.08 1.0874e-06 
1187.09 1.08676e-06 
1187.1 1.08611e-06 
1187.11 1.08547e-06 
1187.12 1.08482e-06 
1187.13 1.08418e-06 
1187.14 1.08353e-06 
1187.15 1.08289e-06 
1187.16 1.08225e-06 
1187.17 1.0816e-06 
1187.18 1.08096e-06 
1187.19 1.08032e-06 
1187.2 1.07967e-06 
1187.21 1.07903e-06 
1187.22 1.07839e-06 
1187.23 1.07775e-06 
1187.24 1.0771e-06 
1187.24 1.07646e-06 
1187.25 1.07582e-06 
1187.26 1.07518e-06 
1187.27 1.07454e-06 
1187.28 1.0739e-06 
1187.29 1.07326e-06 
1187.3 1.07262e-06 
1187.31 1.07198e-06 
1187.32 1.07134e-06 
1187.33 1.0707e-06 
1187.34 1.07006e-06 
1187.35 1.06942e-06 
1187.36 1.06878e-06 
1187.37 1.06814e-06 
1187.38 1.0675e-06 
1187.39 1.06687e-06 
1187.4 1.06623e-06 
1187.41 1.06559e-06 
1187.42 1.06495e-06 
1187.43 1.06432e-06 
1187.44 1.06368e-06 
1187.45 1.06305e-06 
1187.46 1.06241e-06 
1187.47 1.06177e-06 
1187.48 1.06114e-06 
1187.49 1.0605e-06 
1187.5 1.05987e-06 
1187.51 1.05923e-06 
1187.52 1.0586e-06 
1187.53 1.05796e-06 
1187.54 1.05733e-06 
1187.55 1.0567e-06 
1187.56 1.05606e-06 
1187.57 1.05543e-06 
1187.58 1.0548e-06 
1187.59 1.05416e-06 
1187.6 1.05353e-06 
1187.61 1.05356e-06 
1187.62 1.05292e-06 
1187.63 1.05229e-06 
1187.64 1.05166e-06 
1187.65 1.05103e-06 
1187.66 1.0504e-06 
1187.66 1.04977e-06 
1187.67 1.04913e-06 
1187.68 1.0485e-06 
1187.69 1.04787e-06 
1187.7 1.04724e-06 
1187.71 1.04662e-06 
1187.72 1.04598e-06 
1187.73 1.04536e-06 
1187.74 1.04473e-06 
1187.75 1.0441e-06 
1187.76 1.04347e-06 
1187.77 1.04284e-06 
1187.78 1.04221e-06 
1187.79 1.04158e-06 
1187.8 1.04096e-06 
1187.81 1.04033e-06 
1187.82 1.0397e-06 
1187.83 1.03908e-06 
1187.84 1.03845e-06 
1187.85 1.03782e-06 
1187.86 1.0372e-06 
1187.87 1.03657e-06 
1187.88 1.03595e-06 
1187.89 1.03532e-06 
1187.9 1.0347e-06 
1187.91 1.03407e-06 
1187.92 1.03345e-06 
1187.93 1.03282e-06 
1187.94 1.0322e-06 
1187.95 1.03157e-06 
1187.96 1.03095e-06 
1187.97 1.03033e-06 
1187.98 1.02971e-06 
1187.99 1.02908e-06 
1188 1.02846e-06 
1188.01 1.02784e-06 
1188.02 1.02722e-06 
1188.03 1.02659e-06 
1188.04 1.02597e-06 
1188.05 1.02535e-06 
1188.06 1.02473e-06 
1188.07 1.02411e-06 
1188.08 1.02349e-06 
1188.09 1.02287e-06 
1188.09 1.02225e-06 
1188.1 1.02163e-06 
1188.11 1.02101e-06 
1188.12 1.02039e-06 
1188.13 1.01977e-06 
1188.14 1.01915e-06 
1188.15 1.01854e-06 
1188.16 1.01792e-06 
1188.17 1.0173e-06 
1188.18 1.01668e-06 
1188.19 1.01607e-06 
1188.2 1.01545e-06 
1188.21 1.01483e-06 
1188.22 1.01422e-06 
1188.23 1.0136e-06 
1188.24 1.01299e-06 
1188.25 1.01237e-06 
1188.26 1.01175e-06 
1188.27 1.01114e-06 
1188.28 1.01052e-06 
1188.29 1.00991e-06 
1188.3 1.00929e-06 
1188.31 1.00868e-06 
1188.32 1.00807e-06 
1188.33 1.00745e-06 
1188.34 1.00684e-06 
1188.35 1.00623e-06 
1188.36 1.00561e-06 
1188.37 1.005e-06 
1188.38 1.00439e-06 
1188.39 1.00378e-06 
1188.4 1.00317e-06 
1188.41 1.00255e-06 
1188.42 1.00194e-06 
1188.43 1.00133e-06 
1188.44 1.00072e-06 
1188.45 1.00011e-06 
1188.46 9.995e-07 
1188.47 9.98891e-07 
1188.48 9.98281e-07 
1188.49 9.97672e-07 
1188.5 9.97062e-07 
1188.51 9.96454e-07 
1188.52 9.95846e-07 
1188.52 9.95237e-07 
1188.53 9.9463e-07 
1188.54 9.94021e-07 
1188.55 9.93414e-07 
1188.56 9.92807e-07 
1188.57 9.92201e-07 
1188.58 9.91594e-07 
1188.59 9.90987e-07 
1188.6 9.90999e-07 
1188.61 9.90393e-07 
1188.62 9.89787e-07 
1188.63 9.89181e-07 
1188.64 9.88576e-07 
1188.65 9.87971e-07 
1188.66 9.87366e-07 
1188.67 9.8676e-07 
1188.68 9.86157e-07 
1188.69 9.85552e-07 
1188.7 9.84948e-07 
1188.71 9.84345e-07 
1188.72 9.83742e-07 
1188.73 9.83139e-07 
1188.74 9.82535e-07 
1188.75 9.81933e-07 
1188.76 9.8133e-07 
1188.77 9.80729e-07 
1188.78 9.80127e-07 
1188.79 9.79525e-07 
1188.8 9.78925e-07 
1188.81 9.78323e-07 
1188.82 9.77723e-07 
1188.83 9.77123e-07 
1188.84 9.76523e-07 
1188.85 9.75922e-07 
1188.86 9.75323e-07 
1188.87 9.74725e-07 
1188.88 9.74124e-07 
1188.89 9.73526e-07 
1188.9 9.72928e-07 
1188.91 9.72329e-07 
1188.92 9.71731e-07 
1188.93 9.71134e-07 
1188.94 9.70537e-07 
1188.94 9.69939e-07 
1188.95 9.69343e-07 
1188.96 9.68747e-07 
1188.97 9.68149e-07 
1188.98 9.67553e-07 
1188.99 9.66957e-07 
1189 9.66362e-07 
1189.01 9.65768e-07 
1189.02 9.65172e-07 
1189.03 9.64577e-07 
1189.04 9.63983e-07 
1189.05 9.6339e-07 
1189.06 9.62795e-07 
1189.07 9.62202e-07 
1189.08 9.61608e-07 
1189.09 9.61016e-07 
1189.1 9.60421e-07 
1189.11 9.5983e-07 
1189.12 9.59237e-07 
1189.13 9.58646e-07 
1189.14 9.58054e-07 
1189.15 9.57461e-07 
1189.16 9.56872e-07 
1189.17 9.5628e-07 
1189.18 9.5569e-07 
1189.19 9.55101e-07 
1189.2 9.5451e-07 
1189.21 9.5392e-07 
1189.22 9.53332e-07 
1189.23 9.52742e-07 
1189.24 9.52153e-07 
1189.25 9.51564e-07 
1189.26 9.50976e-07 
1189.27 9.50386e-07 
1189.28 9.498e-07 
1189.29 9.49213e-07 
1189.3 9.48625e-07 
1189.31 9.48038e-07 
1189.32 9.47451e-07 
1189.33 9.46864e-07 
1189.34 9.46279e-07 
1189.35 9.45694e-07 
1189.36 9.45107e-07 
1189.36 9.44522e-07 
1189.37 9.43939e-07 
1189.38 9.43352e-07 
1189.39 9.42767e-07 
1189.4 9.42184e-07 
1189.41 9.416e-07 
1189.42 9.41016e-07 
1189.43 9.40432e-07 
1189.44 9.39851e-07 
1189.45 9.39265e-07 
1189.46 9.38684e-07 
1189.47 9.38102e-07 
1189.48 9.3752e-07 
1189.49 9.36938e-07 
1189.5 9.36357e-07 
1189.51 9.35775e-07 
1189.52 9.35195e-07 
1189.53 9.34615e-07 
1189.54 9.34034e-07 
1189.55 9.33453e-07 
1189.56 9.32874e-07 
1189.57 9.32295e-07 
1189.58 9.31715e-07 
1189.59 9.31136e-07 
1189.6 9.30558e-07 
1189.61 9.3056e-07 
1189.62 9.29981e-07 
1189.63 9.29404e-07 
1189.64 9.28824e-07 
1189.65 9.28248e-07 
1189.66 9.27672e-07 
1189.67 9.27094e-07 
1189.68 9.26517e-07 
1189.69 9.2594e-07 
1189.7 9.25364e-07 
1189.71 9.24788e-07 
1189.72 9.24213e-07 
1189.73 9.23638e-07 
1189.74 9.23063e-07 
1189.75 9.2249e-07 
1189.76 9.21912e-07 
1189.77 9.21339e-07 
1189.78 9.20767e-07 
1189.79 9.20192e-07 
1189.79 9.19619e-07 
1189.8 9.19045e-07 
1189.81 9.18473e-07 
1189.82 9.17901e-07 
1189.83 9.17328e-07 
1189.84 9.16757e-07 
1189.85 9.16185e-07 
1189.86 9.15614e-07 
1189.87 9.15042e-07 
1189.88 9.14472e-07 
1189.89 9.13901e-07 
1189.9 9.1333e-07 
1189.91 9.12761e-07 
1189.92 9.12191e-07 
1189.93 9.11623e-07 
1189.94 9.11053e-07 
1189.95 9.10484e-07 
1189.96 9.09916e-07 
1189.97 9.09347e-07 
1189.98 9.0878e-07 
1189.99 9.08213e-07 
1190 9.07646e-07 
1190.01 9.07077e-07 
1190.02 9.06512e-07 
1190.03 9.05945e-07 
1190.04 9.05379e-07 
1190.05 9.04814e-07 
1190.06 9.04247e-07 
1190.07 9.03681e-07 
1190.08 9.03117e-07 
1190.09 9.02553e-07 
1190.1 9.01989e-07 
1190.11 9.01424e-07 
1190.12 9.00861e-07 
1190.13 9.00298e-07 
1190.14 8.99735e-07 
1190.15 8.99172e-07 
1190.16 8.98609e-07 
1190.17 8.98045e-07 
1190.18 8.97484e-07 
1190.19 8.96922e-07 
1190.2 8.9636e-07 
1190.21 8.95801e-07 
1190.21 8.9524e-07 
1190.22 8.94677e-07 
1190.23 8.94117e-07 
1190.24 8.93557e-07 
1190.25 8.92997e-07 
1190.26 8.92438e-07 
1190.27 8.91879e-07 
1190.28 8.91319e-07 
1190.29 8.90762e-07 
1190.3 8.90203e-07 
1190.31 8.89645e-07 
1190.32 8.89087e-07 
1190.33 8.8853e-07 
1190.34 8.87973e-07 
1190.35 8.87417e-07 
1190.36 8.8686e-07 
1190.37 8.86303e-07 
1190.38 8.85749e-07 
1190.39 8.85192e-07 
1190.4 8.84636e-07 
1190.41 8.84081e-07 
1190.42 8.83528e-07 
1190.43 8.82973e-07 
1190.44 8.82418e-07 
1190.45 8.81864e-07 
1190.46 8.81311e-07 
1190.47 8.80758e-07 
1190.48 8.80204e-07 
1190.49 8.79652e-07 
1190.5 8.79098e-07 
1190.51 8.78548e-07 
1190.52 8.77996e-07 
1190.53 8.77444e-07 
1190.54 8.76893e-07 
1190.55 8.76341e-07 
1190.56 8.75792e-07 
1190.57 8.75241e-07 
1190.58 8.7469e-07 
1190.59 8.7414e-07 
1190.6 8.73592e-07 
1190.61 8.73587e-07 
1190.62 8.73037e-07 
1190.63 8.72488e-07 
1190.64 8.71939e-07 
1190.64 8.71392e-07 
1190.65 8.70843e-07 
1190.66 8.70295e-07 
1190.67 8.69748e-07 
1190.68 8.69202e-07 
1190.69 8.68655e-07 
1190.7 8.68108e-07 
1190.71 8.67561e-07 
1190.72 8.67015e-07 
1190.73 8.6647e-07 
1190.74 8.65924e-07 
1190.75 8.65379e-07 
1190.76 8.64834e-07 
1190.77 8.6429e-07 
1190.78 8.63746e-07 
1190.79 8.63202e-07 
1190.8 8.62659e-07 
1190.81 8.62114e-07 
1190.82 8.61572e-07 
1190.83 8.61031e-07 
1190.84 8.60487e-07 
1190.85 8.59945e-07 
1190.86 8.59403e-07 
1190.87 8.58862e-07 
1190.88 8.5832e-07 
1190.89 8.57779e-07 
1190.9 8.57239e-07 
1190.91 8.567e-07 
1190.92 8.5616e-07 
1190.93 8.5562e-07 
1190.94 8.5508e-07 
1190.95 8.54542e-07 
1190.96 8.54003e-07 
1190.97 8.53464e-07 
1190.98 8.52926e-07 
1190.99 8.52387e-07 
1191 8.51849e-07 
1191.01 8.51313e-07 
1191.02 8.50777e-07 
1191.03 8.50239e-07 
1191.04 8.49702e-07 
1191.05 8.49168e-07 
1191.06 8.48632e-07 
1191.07 8.48096e-07 
1191.07 8.4756e-07 
1191.08 8.47026e-07 
1191.09 8.46493e-07 
1191.1 8.45958e-07 
1191.11 8.45423e-07 
1191.12 8.44889e-07 
1191.13 8.44356e-07 
1191.14 8.43823e-07 
1191.15 8.43291e-07 
1191.16 8.42758e-07 
1191.17 8.42226e-07 
1191.18 8.41694e-07 
1191.19 8.41162e-07 
1191.2 8.40632e-07 
1191.21 8.401e-07 
1191.22 8.3957e-07 
1191.23 8.3904e-07 
1191.24 8.38509e-07 
1191.25 8.37979e-07 
1191.26 8.37449e-07 
1191.27 8.36921e-07 
1191.28 8.36392e-07 
1191.29 8.35864e-07 
1191.3 8.35336e-07 
1191.31 8.34807e-07 
1191.32 8.34281e-07 
1191.33 8.33753e-07 
1191.34 8.33225e-07 
1191.35 8.32698e-07 
1191.36 8.32172e-07 
1191.37 8.31647e-07 
1191.38 8.3112e-07 
1191.39 8.30594e-07 
1191.4 8.3007e-07 
1191.41 8.29544e-07 
1191.42 8.2902e-07 
1191.43 8.28495e-07 
1191.44 8.27971e-07 
1191.45 8.27447e-07 
1191.46 8.26924e-07 
1191.47 8.26401e-07 
1191.48 8.25878e-07 
1191.49 8.25355e-07 
1191.49 8.24834e-07 
1191.5 8.24313e-07 
1191.51 8.2379e-07 
1191.52 8.23268e-07 
1191.53 8.22747e-07 
1191.54 8.22227e-07 
1191.55 8.21706e-07 
1191.56 8.21186e-07 
1191.57 8.20666e-07 
1191.58 8.20146e-07 
1191.59 8.19627e-07 
1191.6 8.19619e-07 
1191.61 8.19099e-07 
1191.62 8.18581e-07 
1191.63 8.18062e-07 
1191.64 8.17545e-07 
1191.65 8.17027e-07 
1191.66 8.1651e-07 
1191.67 8.15992e-07 
1191.68 8.15475e-07 
1191.69 8.14959e-07 
1191.7 8.14443e-07 
1191.71 8.13926e-07 
1191.72 8.13411e-07 
1191.73 8.12896e-07 
1191.74 8.12381e-07 
1191.75 8.11867e-07 
1191.76 8.11351e-07 
1191.77 8.10837e-07 
1191.78 8.10323e-07 
1191.79 8.0981e-07 
1191.8 8.09297e-07 
1191.81 8.08784e-07 
1191.82 8.08271e-07 
1191.83 8.07759e-07 
1191.84 8.07247e-07 
1191.85 8.06734e-07 
1191.86 8.06224e-07 
1191.87 8.05712e-07 
1191.88 8.05201e-07 
1191.89 8.04691e-07 
1191.9 8.0418e-07 
1191.91 8.03671e-07 
1191.92 8.0316e-07 
1191.92 8.02651e-07 
1191.93 8.02142e-07 
1191.94 8.01634e-07 
1191.95 8.01124e-07 
1191.96 8.00616e-07 
1191.97 8.00109e-07 
1191.98 7.996e-07 
1191.99 7.99093e-07 
1192 7.98586e-07 
1192.01 7.98079e-07 
1192.02 7.97573e-07 
1192.03 7.97067e-07 
1192.04 7.96561e-07 
1192.05 7.96056e-07 
1192.06 7.95551e-07 
1192.07 7.95046e-07 
1192.08 7.9454e-07 
1192.09 7.94036e-07 
1192.1 7.93532e-07 
1192.11 7.93028e-07 
1192.12 7.92525e-07 
1192.13 7.92021e-07 
1192.14 7.91518e-07 
1192.15 7.91015e-07 
1192.16 7.90512e-07 
1192.17 7.90012e-07 
1192.18 7.89509e-07 
1192.19 7.89008e-07 
1192.2 7.88506e-07 
1192.21 7.88005e-07 
1192.22 7.87505e-07 
1192.23 7.87003e-07 
1192.24 7.86505e-07 
1192.25 7.86004e-07 
1192.26 7.85505e-07 
1192.27 7.85006e-07 
1192.28 7.84507e-07 
1192.29 7.84008e-07 
1192.3 7.8351e-07 
1192.31 7.83012e-07 
1192.32 7.82514e-07 
1192.33 7.82017e-07 
1192.34 7.81519e-07 
1192.34 7.81022e-07 
1192.35 7.80525e-07 
1192.36 7.80029e-07 
1192.37 7.79533e-07 
1192.38 7.79036e-07 
1192.39 7.78541e-07 
1192.4 7.78046e-07 
1192.41 7.77551e-07 
1192.42 7.77057e-07 
1192.43 7.76562e-07 
1192.44 7.76068e-07 
1192.45 7.75574e-07 
1192.46 7.75081e-07 
1192.47 7.74588e-07 
1192.48 7.74094e-07 
1192.49 7.73601e-07 
1192.5 7.73109e-07 
1192.51 7.72617e-07 
1192.52 7.72125e-07 
1192.53 7.71633e-07 
1192.54 7.71143e-07 
1192.55 7.70652e-07 
1192.56 7.7016e-07 
1192.57 7.69669e-07 
1192.58 7.69179e-07 
1192.59 7.68689e-07 
1192.6 7.682e-07 
1192.61 7.68189e-07 
1192.62 7.67699e-07 
1192.63 7.67209e-07 
1192.64 7.66721e-07 
1192.65 7.66232e-07 
1192.66 7.65743e-07 
1192.67 7.65255e-07 
1192.68 7.64767e-07 
1192.69 7.64279e-07 
1192.7 7.63792e-07 
1192.71 7.63306e-07 
1192.72 7.62819e-07 
1192.73 7.62332e-07 
1192.74 7.61846e-07 
1192.75 7.6136e-07 
1192.76 7.60874e-07 
1192.77 7.60388e-07 
1192.77 7.59904e-07 
1192.78 7.59418e-07 
1192.79 7.58934e-07 
1192.8 7.5845e-07 
1192.81 7.57965e-07 
1192.82 7.5748e-07 
1192.83 7.56997e-07 
1192.84 7.56514e-07 
1192.85 7.56031e-07 
1192.86 7.55548e-07 
1192.87 7.55066e-07 
1192.88 7.54583e-07 
1192.89 7.54101e-07 
1192.9 7.53619e-07 
1192.91 7.53137e-07 
1192.92 7.52656e-07 
1192.93 7.52175e-07 
1192.94 7.51694e-07 
1192.95 7.51214e-07 
1192.96 7.50733e-07 
1192.97 7.50252e-07 
1192.98 7.49773e-07 
1192.99 7.49293e-07 
1193 7.48814e-07 
1193.01 7.48335e-07 
1193.02 7.47855e-07 
1193.03 7.47378e-07 
1193.04 7.46898e-07 
1193.05 7.4642e-07 
1193.06 7.45943e-07 
1193.07 7.45465e-07 
1193.08 7.44988e-07 
1193.09 7.4451e-07 
1193.1 7.44033e-07 
1193.11 7.43556e-07 
1193.12 7.4308e-07 
1193.13 7.42603e-07 
1193.14 7.42128e-07 
1193.15 7.41651e-07 
1193.16 7.41176e-07 
1193.17 7.407e-07 
1193.18 7.40226e-07 
1193.19 7.3975e-07 
1193.19 7.39275e-07 
1193.2 7.38801e-07 
1193.21 7.38327e-07 
1193.22 7.37853e-07 
1193.23 7.37379e-07 
1193.24 7.36906e-07 
1193.25 7.36432e-07 
1193.26 7.35959e-07 
1193.27 7.35487e-07 
1193.28 7.35014e-07 
1193.29 7.34542e-07 
1193.3 7.34069e-07 
1193.31 7.33597e-07 
1193.32 7.33125e-07 
1193.33 7.32654e-07 
1193.34 7.32182e-07 
1193.35 7.31711e-07 
1193.36 7.31241e-07 
1193.37 7.3077e-07 
1193.38 7.30299e-07 
1193.39 7.29829e-07 
1193.4 7.29359e-07 
1193.41 7.28889e-07 
1193.42 7.28419e-07 
1193.43 7.27949e-07 
1193.44 7.2748e-07 
1193.45 7.27011e-07 
1193.46 7.26542e-07 
1193.47 7.26074e-07 
1193.48 7.25604e-07 
1193.49 7.25136e-07 
1193.5 7.24668e-07 
1193.51 7.242e-07 
1193.52 7.23732e-07 
1193.53 7.23265e-07 
1193.54 7.22797e-07 
1193.55 7.2233e-07 
1193.56 7.21863e-07 
1193.57 7.21396e-07 
1193.58 7.2093e-07 
1193.59 7.20463e-07 
1193.6 7.19997e-07 
1193.61 7.19978e-07 
1193.62 7.19512e-07 
1193.62 7.19046e-07 
1193.63 7.1858e-07 
1193.64 7.18114e-07 
1193.65 7.17649e-07 
1193.66 7.17184e-07 
1193.67 7.16718e-07 
1193.68 7.16253e-07 
1193.69 7.15789e-07 
1193.7 7.15324e-07 
1193.71 7.1486e-07 
1193.72 7.14395e-07 
1193.73 7.1393e-07 
1193.74 7.13466e-07 
1193.75 7.13002e-07 
1193.76 7.12539e-07 
1193.77 7.12076e-07 
1193.78 7.11612e-07 
1193.79 7.11149e-07 
1193.8 7.10685e-07 
1193.81 7.10222e-07 
1193.82 7.09759e-07 
1193.83 7.09296e-07 
1193.84 7.08834e-07 
1193.85 7.08372e-07 
1193.86 7.07909e-07 
1193.87 7.07447e-07 
1193.88 7.06985e-07 
1193.89 7.06523e-07 
1193.9 7.06061e-07 
1193.91 7.056e-07 
1193.92 7.05138e-07 
1193.93 7.04676e-07 
1193.94 7.04216e-07 
1193.95 7.03755e-07 
1193.96 7.03293e-07 
1193.97 7.02833e-07 
1193.98 7.02372e-07 
1193.99 7.01911e-07 
1194 7.01451e-07 
1194.01 7.0099e-07 
1194.02 7.0053e-07 
1194.03 7.00069e-07 
1194.04 6.9961e-07 
1194.05 6.99149e-07 
1194.05 6.9869e-07 
1194.06 6.9823e-07 
1194.07 6.9777e-07 
1194.08 6.9731e-07 
1194.09 6.9685e-07 
1194.1 6.96391e-07 
1194.11 6.95933e-07 
1194.12 6.95473e-07 
1194.13 6.95014e-07 
1194.14 6.94554e-07 
1194.15 6.94096e-07 
1194.16 6.93636e-07 
1194.17 6.93177e-07 
1194.18 6.92719e-07 
1194.19 6.9226e-07 
1194.2 6.91802e-07 
1194.21 6.91343e-07 
1194.22 6.90885e-07 
1194.23 6.90426e-07 
1194.24 6.89967e-07 
1194.25 6.8951e-07 
1194.26 6.89051e-07 
1194.27 6.88593e-07 
1194.28 6.88135e-07 
1194.29 6.87677e-07 
1194.3 6.87219e-07 
1194.31 6.86761e-07 
1194.32 6.86303e-07 
1194.33 6.85845e-07 
1194.34 6.85387e-07 
1194.35 6.8493e-07 
1194.36 6.84471e-07 
1194.37 6.84014e-07 
1194.38 6.83556e-07 
1194.39 6.83099e-07 
1194.4 6.82641e-07 
1194.41 6.82183e-07 
1194.42 6.81725e-07 
1194.43 6.81267e-07 
1194.44 6.80811e-07 
1194.45 6.80352e-07 
1194.46 6.79895e-07 
1194.47 6.79438e-07 
1194.47 6.7898e-07 
1194.48 6.78522e-07 
1194.49 6.78065e-07 
1194.5 6.77607e-07 
1194.51 6.7715e-07 
1194.52 6.76692e-07 
1194.53 6.76234e-07 
1194.54 6.75777e-07 
1194.55 6.75319e-07 
1194.56 6.74862e-07 
1194.57 6.74404e-07 
1194.58 6.73946e-07 
1194.59 6.73489e-07 
1194.6 6.7303e-07 
1194.61 6.72991e-07 
1194.62 6.72533e-07 
1194.63 6.72075e-07 
1194.64 6.71617e-07 
1194.65 6.71158e-07 
1194.66 6.707e-07 
1194.67 6.70242e-07 
1194.68 6.69784e-07 
1194.69 6.69325e-07 
1194.7 6.68867e-07 
1194.71 6.68408e-07 
1194.72 6.67949e-07 
1194.73 6.67491e-07 
1194.74 6.67032e-07 
1194.75 6.66574e-07 
1194.76 6.66115e-07 
1194.77 6.65656e-07 
1194.78 6.65196e-07 
1194.79 6.64737e-07 
1194.8 6.64279e-07 
1194.81 6.63819e-07 
1194.82 6.6336e-07 
1194.83 6.629e-07 
1194.84 6.62441e-07 
1194.85 6.61981e-07 
1194.86 6.61522e-07 
1194.87 6.6106e-07 
1194.88 6.60601e-07 
1194.89 6.60141e-07 
1194.9 6.59681e-07 
1194.9 6.5922e-07 
1194.91 6.58759e-07 
1194.92 6.58299e-07 
1194.93 6.57838e-07 
1194.94 6.57377e-07 
1194.95 6.56916e-07 
1194.96 6.56455e-07 
1194.97 6.55993e-07 
1194.98 6.55532e-07 
1194.99 6.55071e-07 
1195 6.54609e-07 
1195.01 6.54146e-07 
1195.02 6.53684e-07 
1195.03 6.53223e-07 
1195.04 6.5276e-07 
1195.05 6.52297e-07 
1195.06 6.51835e-07 
1195.07 6.51371e-07 
1195.08 6.50908e-07 
1195.09 6.50445e-07 
1195.1 6.49981e-07 
1195.11 6.49517e-07 
1195.12 6.49054e-07 
1195.13 6.48589e-07 
1195.14 6.48124e-07 
1195.15 6.4766e-07 
1195.16 6.47196e-07 
1195.17 6.4673e-07 
1195.18 6.46265e-07 
1195.19 6.458e-07 
1195.2 6.45334e-07 
1195.21 6.44868e-07 
1195.22 6.44401e-07 
1195.23 6.43935e-07 
1195.24 6.43469e-07 
1195.25 6.43002e-07 
1195.26 6.42534e-07 
1195.27 6.42067e-07 
1195.28 6.41599e-07 
1195.29 6.4113e-07 
1195.3 6.40663e-07 
1195.31 6.40194e-07 
1195.32 6.39725e-07 
1195.32 6.39256e-07 
1195.33 6.38787e-07 
1195.34 6.38317e-07 
1195.35 6.37847e-07 
1195.36 6.37377e-07 
1195.37 6.36906e-07 
1195.38 6.36436e-07 
1195.39 6.35964e-07 
1195.4 6.35493e-07 
1195.41 6.35021e-07 
1195.42 6.34548e-07 
1195.43 6.34077e-07 
1195.44 6.33604e-07 
1195.45 6.3313e-07 
1195.46 6.32657e-07 
1195.47 6.32183e-07 
1195.48 6.31708e-07 
1195.49 6.31234e-07 
1195.5 6.30759e-07 
1195.51 6.30284e-07 
1195.52 6.29808e-07 
1195.53 6.29332e-07 
1195.54 6.28856e-07 
1195.55 6.28379e-07 
1195.56 6.27902e-07 
1195.57 6.27424e-07 
1195.58 6.26946e-07 
1195.59 6.26468e-07 
1195.6 6.25989e-07 
1195.61 6.25898e-07 
1195.62 6.25419e-07 
1195.63 6.24938e-07 
1195.64 6.24458e-07 
1195.65 6.23976e-07 
1195.66 6.23495e-07 
1195.67 6.23013e-07 
1195.68 6.2253e-07 
1195.69 6.22047e-07 
1195.7 6.21564e-07 
1195.71 6.2108e-07 
1195.72 6.20596e-07 
1195.73 6.20111e-07 
1195.74 6.19626e-07 
1195.75 6.1914e-07 
1195.75 6.18654e-07 
1195.76 6.18167e-07 
1195.77 6.1768e-07 
1195.78 6.17192e-07 
1195.79 6.16704e-07 
1195.8 6.16215e-07 
1195.81 6.15726e-07 
1195.82 6.15236e-07 
1195.83 6.14746e-07 
1195.84 6.14255e-07 
1195.85 6.13764e-07 
1195.86 6.13272e-07 
1195.87 6.1278e-07 
1195.88 6.12287e-07 
1195.89 6.11794e-07 
1195.9 6.11299e-07 
1195.91 6.10805e-07 
1195.92 6.1031e-07 
1195.93 6.09814e-07 
1195.94 6.09317e-07 
1195.95 6.0882e-07 
1195.96 6.08323e-07 
1195.97 6.07825e-07 
1195.98 6.07326e-07 
1195.99 6.06827e-07 
1196 6.06327e-07 
1196.01 6.05826e-07 
1196.02 6.05325e-07 
1196.03 6.04823e-07 
1196.04 6.04321e-07 
1196.05 6.03818e-07 
1196.06 6.03314e-07 
1196.07 6.0281e-07 
1196.08 6.02305e-07 
1196.09 6.01799e-07 
1196.1 6.01293e-07 
1196.11 6.00786e-07 
1196.12 6.00278e-07 
1196.13 5.9977e-07 
1196.14 5.9926e-07 
1196.15 5.98751e-07 
1196.16 5.9824e-07 
1196.17 5.97729e-07 
1196.17 5.97217e-07 
1196.18 5.96705e-07 
1196.19 5.96191e-07 
1196.2 5.95677e-07 
1196.21 5.95162e-07 
1196.22 5.94647e-07 
1196.23 5.94131e-07 
1196.24 5.93614e-07 
1196.25 5.93096e-07 
1196.26 5.92577e-07 
1196.27 5.92058e-07 
1196.28 5.91538e-07 
1196.29 5.91017e-07 
1196.3 5.90496e-07 
1196.31 5.89973e-07 
1196.32 5.8945e-07 
1196.33 5.88926e-07 
1196.34 5.88401e-07 
1196.35 5.87875e-07 
1196.36 5.87349e-07 
1196.37 5.86822e-07 
1196.38 5.86294e-07 
1196.39 5.85765e-07 
1196.4 5.85235e-07 
1196.41 5.84705e-07 
1196.42 5.84173e-07 
1196.43 5.83641e-07 
1196.44 5.83108e-07 
1196.45 5.82574e-07 
1196.46 5.82039e-07 
1196.47 5.81503e-07 
1196.48 5.80967e-07 
1196.49 5.80429e-07 
1196.5 5.79891e-07 
1196.51 5.79351e-07 
1196.52 5.78812e-07 
1196.53 5.7827e-07 
1196.54 5.77728e-07 
1196.55 5.77185e-07 
1196.56 5.76641e-07 
1196.57 5.76096e-07 
1196.58 5.75551e-07 
1196.59 5.75004e-07 
1196.6 5.74456e-07 
1196.6 5.74264e-07 
1196.61 5.73714e-07 
1196.62 5.73163e-07 
1196.63 5.72612e-07 
1196.64 5.72059e-07 
1196.65 5.71505e-07 
1196.66 5.70951e-07 
1196.67 5.70395e-07 
1196.68 5.69838e-07 
1196.69 5.69281e-07 
1196.7 5.68722e-07 
1196.71 5.68163e-07 
1196.72 5.67602e-07 
1196.73 5.67041e-07 
1196.74 5.66478e-07 
1196.75 5.65915e-07 
1196.76 5.65351e-07 
1196.77 5.64785e-07 
1196.78 5.64219e-07 
1196.79 5.63652e-07 
1196.8 5.63083e-07 
1196.81 5.62514e-07 
1196.82 5.61943e-07 
1196.83 5.61372e-07 
1196.84 5.608e-07 
1196.85 5.60226e-07 
1196.86 5.59652e-07 
1196.87 5.59076e-07 
1196.88 5.58501e-07 
1196.89 5.57923e-07 
1196.9 5.57345e-07 
1196.91 5.56766e-07 
1196.92 5.56186e-07 
1196.93 5.55605e-07 
1196.94 5.55023e-07 
1196.95 5.5444e-07 
1196.96 5.53856e-07 
1196.97 5.53271e-07 
1196.98 5.52686e-07 
1196.99 5.52099e-07 
1197 5.51512e-07 
1197.01 5.50923e-07 
1197.02 5.50334e-07 
1197.03 5.49744e-07 
1197.03 5.49154e-07 
1197.04 5.48561e-07 
1197.05 5.47969e-07 
1197.06 5.47376e-07 
1197.07 5.46782e-07 
1197.08 5.46187e-07 
1197.09 5.45592e-07 
1197.1 5.44996e-07 
1197.11 5.44399e-07 
1197.12 5.43802e-07 
1197.13 5.43203e-07 
1197.14 5.42605e-07 
1197.15 5.42005e-07 
1197.16 5.41406e-07 
1197.17 5.40806e-07 
1197.18 5.40205e-07 
1197.19 5.39605e-07 
1197.2 5.39003e-07 
1197.21 5.38402e-07 
1197.22 5.378e-07 
1197.23 5.37198e-07 
1197.24 5.36596e-07 
1197.25 5.35994e-07 
1197.26 5.35391e-07 
1197.27 5.34789e-07 
1197.28 5.34187e-07 
1197.29 5.33585e-07 
1197.3 5.32983e-07 
1197.31 5.32381e-07 
1197.32 5.3178e-07 
1197.33 5.3118e-07 
1197.34 5.30579e-07 
1197.35 5.29979e-07 
1197.36 5.29381e-07 
1197.37 5.28783e-07 
1197.38 5.28185e-07 
1197.39 5.27589e-07 
1197.4 5.26994e-07 
1197.41 5.264e-07 
1197.42 5.25807e-07 
1197.43 5.25215e-07 
1197.44 5.24626e-07 
1197.45 5.24037e-07 
1197.45 5.23451e-07 
1197.46 5.22866e-07 
1197.47 5.22284e-07 
1197.48 5.21705e-07 
1197.49 5.21127e-07 
1197.5 5.20552e-07 
1197.51 5.1998e-07 
1197.52 5.1941e-07 
1197.53 5.18844e-07 
1197.54 5.18281e-07 
1197.55 5.17721e-07 
1197.56 5.17165e-07 
1197.57 5.16612e-07 
1197.58 5.16064e-07 
1197.59 5.1552e-07 
1197.6 5.14981e-07 
1197.61 5.14765e-07 
1197.62 5.14235e-07 
1197.63 5.1371e-07 
1197.64 5.13191e-07 
1197.65 5.12677e-07 
1197.66 5.1217e-07 
1197.67 5.11668e-07 
1197.68 5.11173e-07 
1197.69 5.10686e-07 
1197.7 5.10205e-07 
1197.71 5.09732e-07 
1197.72 5.09267e-07 
1197.73 5.08813e-07 
1197.74 5.08365e-07 
1197.75 5.07925e-07 
1197.76 5.07495e-07 
1197.77 5.07075e-07 
1197.78 5.06665e-07 
1197.79 5.06265e-07 
1197.8 5.05876e-07 
1197.81 5.05498e-07 
1197.82 5.05132e-07 
1197.83 5.04779e-07 
1197.84 5.04437e-07 
1197.85 5.04109e-07 
1197.86 5.03795e-07 
1197.87 5.03495e-07 
1197.88 5.03209e-07 
1197.88 5.02938e-07 
1197.89 5.02683e-07 
1197.9 5.02444e-07 
1197.91 5.02221e-07 
1197.92 5.02016e-07 
1197.93 5.01829e-07 
1197.94 5.01661e-07 
1197.95 5.01511e-07 
1197.96 5.01381e-07 
1197.97 5.01271e-07 
1197.98 5.0119e-07 
1197.99 5.01123e-07 
1198 5.01078e-07 
1198.01 5.01056e-07 
1198.02 5.01058e-07 
1198.03 5.01083e-07 
1198.04 5.01134e-07 
1198.05 5.01211e-07 
1198.06 5.01314e-07 
1198.07 5.01444e-07 
1198.08 5.01602e-07 
1198.09 5.01789e-07 
1198.1 5.02005e-07 
1198.11 5.02251e-07 
1198.12 5.02529e-07 
1198.13 5.02838e-07 
1198.14 5.0318e-07 
1198.15 5.03556e-07 
1198.16 5.03966e-07 
1198.17 5.04411e-07 
1198.18 5.04892e-07 
1198.19 5.0541e-07 
1198.2 5.05966e-07 
1198.21 5.0656e-07 
1198.22 5.07195e-07 
1198.23 5.07888e-07 
1198.24 5.08605e-07 
1198.25 5.09363e-07 
1198.26 5.10165e-07 
1198.27 5.1101e-07 
1198.28 5.11901e-07 
1198.29 5.12838e-07 
1198.3 5.13822e-07 
1198.3 5.14853e-07 
1198.31 5.15933e-07 
1198.32 5.17062e-07 
1198.33 5.18243e-07 
1198.34 5.19474e-07 
1198.35 5.20758e-07 
1198.36 5.22095e-07 
1198.37 5.23487e-07 
1198.38 5.24933e-07 
1198.39 5.26436e-07 
1198.4 5.27995e-07 
1198.41 5.29613e-07 
1198.42 5.31289e-07 
1198.43 5.33024e-07 
1198.44 5.3482e-07 
1198.45 5.36678e-07 
1198.46 5.38597e-07 
1198.47 5.40579e-07 
1198.48 5.42663e-07 
1198.49 5.44774e-07 
1198.5 5.46951e-07 
1198.51 5.49195e-07 
1198.52 5.51505e-07 
1198.53 5.53882e-07 
1198.54 5.56328e-07 
1198.55 5.58844e-07 
1198.56 5.61429e-07 
1198.57 5.64084e-07 
1198.58 5.6681e-07 
1198.59 5.69608e-07 
1198.6 5.72477e-07 
1198.61 5.75776e-07 
1198.62 5.78793e-07 
1198.63 5.81885e-07 
1198.64 5.85049e-07 
1198.65 5.88288e-07 
1198.66 5.91603e-07 
1198.67 5.94992e-07 
1198.68 5.98457e-07 
1198.69 6.01998e-07 
1198.7 6.05614e-07 
1198.71 6.09306e-07 
1198.72 6.13075e-07 
1198.73 6.1698e-07 
1198.73 6.20902e-07 
1198.74 6.24901e-07 
1198.75 6.28975e-07 
1198.76 6.33126e-07 
1198.77 6.37353e-07 
1198.78 6.41656e-07 
1198.79 6.46034e-07 
1198.8 6.50488e-07 
1198.81 6.55017e-07 
1198.82 6.5962e-07 
1198.83 6.64296e-07 
1198.84 6.69047e-07 
1198.85 6.7387e-07 
1198.86 6.78766e-07 
1198.87 6.83733e-07 
1198.88 6.88771e-07 
1198.89 6.93879e-07 
1198.9 6.99057e-07 
1198.91 7.04302e-07 
1198.92 7.09615e-07 
1198.93 7.14994e-07 
1198.94 7.20438e-07 
1198.95 7.25945e-07 
1198.96 7.31516e-07 
1198.97 7.37148e-07 
1198.98 7.42924e-07 
1198.99 7.48675e-07 
1199 7.54484e-07 
1199.01 7.60348e-07 
1199.02 7.66266e-07 
1199.03 7.72236e-07 
1199.04 7.78256e-07 
1199.05 7.84326e-07 
1199.06 7.90443e-07 
1199.07 7.96604e-07 
1199.08 8.02809e-07 
1199.09 8.09055e-07 
1199.1 8.15341e-07 
1199.11 8.21661e-07 
1199.12 8.28018e-07 
1199.13 8.34407e-07 
1199.14 8.40825e-07 
1199.15 8.47272e-07 
1199.15 8.53745e-07 
1199.16 8.6024e-07 
1199.17 8.66755e-07 
1199.18 8.73289e-07 
1199.19 8.79837e-07 
1199.2 8.864e-07 
1199.21 8.92972e-07 
1199.22 8.99645e-07 
1199.23 9.06229e-07 
1199.24 9.12815e-07 
1199.25 9.19401e-07 
1199.26 9.25981e-07 
1199.27 9.32557e-07 
1199.28 9.39122e-07 
1199.29 9.45675e-07 
1199.3 9.52211e-07 
1199.31 9.5873e-07 
1199.32 9.65229e-07 
1199.33 9.71703e-07 
1199.34 9.78149e-07 
1199.35 9.84566e-07 
1199.36 9.9095e-07 
1199.37 9.97297e-07 
1199.38 1.00361e-06 
1199.39 1.00987e-06 
1199.4 1.01609e-06 
1199.41 1.02227e-06 
1199.42 1.02839e-06 
1199.43 1.03446e-06 
1199.44 1.04047e-06 
1199.45 1.04642e-06 
1199.46 1.05231e-06 
1199.47 1.05814e-06 
1199.48 1.06398e-06 
1199.49 1.06967e-06 
1199.5 1.07528e-06 
1199.51 1.08082e-06 
1199.52 1.08627e-06 
1199.53 1.09165e-06 
1199.54 1.09694e-06 
1199.55 1.10215e-06 
1199.56 1.10727e-06 
1199.57 1.1123e-06 
1199.58 1.11723e-06 
1199.58 1.12207e-06 
1199.59 1.12682e-06 
1199.6 1.13146e-06 
1199.61 1.13671e-06 
1199.62 1.14116e-06 
1199.63 1.14549e-06 
1199.64 1.14973e-06 
1199.65 1.15386e-06 
1199.66 1.15788e-06 
1199.67 1.16179e-06 
1199.68 1.16558e-06 
1199.69 1.16927e-06 
1199.7 1.17284e-06 
1199.71 1.1763e-06 
1199.72 1.17964e-06 
1199.73 1.18292e-06 
1199.74 1.18603e-06 
1199.75 1.18903e-06 
1199.76 1.19191e-06 
1199.77 1.19467e-06 
1199.78 1.19732e-06 
1199.79 1.19985e-06 
1199.8 1.20227e-06 
1199.81 1.20457e-06 
1199.82 1.20676e-06 
1199.83 1.20883e-06 
1199.84 1.21079e-06 
1199.85 1.21264e-06 
1199.86 1.21439e-06 
1199.87 1.21602e-06 
1199.88 1.21754e-06 
1199.89 1.21897e-06 
1199.9 1.22028e-06 
1199.91 1.2215e-06 
1199.92 1.22262e-06 
1199.93 1.22364e-06 
1199.94 1.22457e-06 
1199.95 1.22541e-06 
1199.96 1.22615e-06 
1199.97 1.22682e-06 
1199.98 1.22742e-06 
1199.99 1.22792e-06 
1200 1.22835e-06 
1200.01 1.2287e-06 
1200.01 1.22899e-06 
1200.02 1.22921e-06 
1200.03 1.22938e-06 
1200.04 1.22949e-06 
1200.05 1.22955e-06 
1200.06 1.22956e-06 
1200.07 1.22953e-06 
1200.08 1.22947e-06 
1200.09 1.22937e-06 
1200.1 1.22925e-06 
1200.11 1.2291e-06 
1200.12 1.22894e-06 
1200.13 1.22877e-06 
1200.14 1.22859e-06 
1200.15 1.22842e-06 
1200.16 1.22825e-06 
1200.17 1.2281e-06 
1200.18 1.22796e-06 
1200.19 1.22785e-06 
1200.2 1.22777e-06 
1200.21 1.22773e-06 
1200.22 1.22774e-06 
1200.23 1.22781e-06 
1200.24 1.22792e-06 
1200.25 1.2281e-06 
1200.26 1.22835e-06 
1200.27 1.22868e-06 
1200.28 1.2291e-06 
1200.29 1.2296e-06 
1200.3 1.23021e-06 
1200.31 1.23092e-06 
1200.32 1.23174e-06 
1200.33 1.23269e-06 
1200.34 1.23376e-06 
1200.35 1.23496e-06 
1200.36 1.23631e-06 
1200.37 1.23781e-06 
1200.38 1.23946e-06 
1200.39 1.24128e-06 
1200.4 1.24327e-06 
1200.41 1.24543e-06 
1200.42 1.24778e-06 
1200.43 1.25032e-06 
1200.43 1.25305e-06 
1200.44 1.256e-06 
1200.45 1.25915e-06 
1200.46 1.26252e-06 
1200.47 1.26612e-06 
1200.48 1.27001e-06 
1200.49 1.27408e-06 
1200.5 1.27839e-06 
1200.51 1.28295e-06 
1200.52 1.28777e-06 
1200.53 1.29286e-06 
1200.54 1.29821e-06 
1200.55 1.30383e-06 
1200.56 1.30973e-06 
1200.57 1.31592e-06 
1200.58 1.3224e-06 
1200.59 1.32917e-06 
1200.6 1.33624e-06 
1200.61 1.34445e-06 
1200.62 1.35214e-06 
1200.63 1.36014e-06 
1200.64 1.36846e-06 
1200.65 1.3771e-06 
1200.66 1.38607e-06 
1200.67 1.39536e-06 
1200.68 1.40498e-06 
1200.69 1.41494e-06 
1200.7 1.42524e-06 
1200.71 1.43587e-06 
1200.72 1.44684e-06 
1200.73 1.45832e-06 
1200.74 1.46998e-06 
1200.75 1.482e-06 
1200.76 1.49435e-06 
1200.77 1.50706e-06 
1200.78 1.52011e-06 
1200.79 1.53352e-06 
1200.8 1.54727e-06 
1200.81 1.56137e-06 
1200.82 1.57582e-06 
1200.83 1.59061e-06 
1200.84 1.60575e-06 
1200.85 1.62123e-06 
1200.85 1.63705e-06 
1200.86 1.65322e-06 
1200.87 1.66972e-06 
1200.88 1.68656e-06 
1200.89 1.70372e-06 
1200.9 1.72122e-06 
1200.91 1.73904e-06 
1200.92 1.75719e-06 
1200.93 1.77565e-06 
1200.94 1.79442e-06 
1200.95 1.8135e-06 
1200.96 1.83288e-06 
1200.97 1.85256e-06 
1200.98 1.8728e-06 
1200.99 1.89306e-06 
1201 1.9136e-06 
1201.01 1.93442e-06 
1201.02 1.9555e-06 
1201.03 1.97684e-06 
1201.04 1.99843e-06 
1201.05 2.02027e-06 
1201.06 2.04235e-06 
1201.07 2.06466e-06 
1201.08 2.08718e-06 
1201.09 2.10993e-06 
1201.1 2.13287e-06 
1201.11 2.15601e-06 
1201.12 2.17934e-06 
1201.13 2.20285e-06 
1201.14 2.22653e-06 
1201.15 2.25036e-06 
1201.16 2.27435e-06 
1201.17 2.29847e-06 
1201.18 2.32273e-06 
1201.19 2.34711e-06 
1201.2 2.37159e-06 
1201.21 2.39618e-06 
1201.22 2.42086e-06 
1201.23 2.44593e-06 
1201.24 2.47076e-06 
1201.25 2.49564e-06 
1201.26 2.52057e-06 
1201.27 2.54553e-06 
1201.28 2.57053e-06 
1201.28 2.59553e-06 
1201.29 2.62054e-06 
1201.3 2.64555e-06 
1201.31 2.67053e-06 
1201.32 2.69549e-06 
1201.33 2.72041e-06 
1201.34 2.74529e-06 
1201.35 2.7701e-06 
1201.36 2.79484e-06 
1201.37 2.81949e-06 
1201.38 2.84406e-06 
1201.39 2.86853e-06 
1201.4 2.89288e-06 
1201.41 2.91712e-06 
1201.42 2.94121e-06 
1201.43 2.96517e-06 
1201.44 2.98898e-06 
1201.45 3.01262e-06 
1201.46 3.03609e-06 
1201.47 3.05939e-06 
1201.48 3.08279e-06 
1201.49 3.1057e-06 
1201.5 3.1284e-06 
1201.51 3.15087e-06 
1201.52 3.17313e-06 
1201.53 3.19516e-06 
1201.54 3.21694e-06 
1201.55 3.23848e-06 
1201.56 3.25977e-06 
1201.57 3.28078e-06 
1201.58 3.30154e-06 
1201.59 3.32201e-06 
1201.6 3.3422e-06 
1201.61 3.36419e-06 
1201.62 3.38381e-06 
1201.63 3.40313e-06 
1201.64 3.42214e-06 
1201.65 3.44084e-06 
1201.66 3.45923e-06 
1201.67 3.47728e-06 
1201.68 3.49502e-06 
1201.69 3.51243e-06 
1201.7 3.5295e-06 
1201.7 3.54623e-06 
1201.71 3.56262e-06 
1201.72 3.57887e-06 
1201.73 3.59457e-06 
1201.74 3.60991e-06 
1201.75 3.62489e-06 
1201.76 3.63953e-06 
1201.77 3.6538e-06 
1201.78 3.66772e-06 
1201.79 3.68127e-06 
1201.8 3.69446e-06 
1201.81 3.70728e-06 
1201.82 3.71975e-06 
1201.83 3.73184e-06 
1201.84 3.74357e-06 
1201.85 3.75493e-06 
1201.86 3.76593e-06 
1201.87 3.77656e-06 
1201.88 3.78682e-06 
1201.89 3.79672e-06 
1201.9 3.80625e-06 
1201.91 3.81541e-06 
1201.92 3.82422e-06 
1201.93 3.83265e-06 
1201.94 3.84073e-06 
1201.95 3.84845e-06 
1201.96 3.85581e-06 
1201.97 3.86281e-06 
1201.98 3.86954e-06 
1201.99 3.87582e-06 
1202 3.88176e-06 
1202.01 3.88734e-06 
1202.02 3.89257e-06 
1202.03 3.89745e-06 
1202.04 3.90199e-06 
1202.05 3.90618e-06 
1202.06 3.91004e-06 
1202.07 3.91355e-06 
1202.08 3.91673e-06 
1202.09 3.91957e-06 
1202.1 3.92208e-06 
1202.11 3.92425e-06 
1202.12 3.9261e-06 
1202.13 3.92762e-06 
1202.13 3.92882e-06 
1202.14 3.9297e-06 
1202.15 3.93025e-06 
1202.16 3.93049e-06 
1202.17 3.93041e-06 
1202.18 3.93001e-06 
1202.19 3.9293e-06 
1202.2 3.92828e-06 
1202.21 3.92695e-06 
1202.22 3.9253e-06 
1202.23 3.92335e-06 
1202.24 3.92109e-06 
1202.25 3.91854e-06 
1202.26 3.91568e-06 
1202.27 3.91252e-06 
1202.28 3.90907e-06 
1202.29 3.90531e-06 
1202.3 3.90125e-06 
1202.31 3.8969e-06 
1202.32 3.89226e-06 
1202.33 3.88732e-06 
1202.34 3.88208e-06 
1202.35 3.87655e-06 
1202.36 3.87072e-06 
1202.37 3.86461e-06 
1202.38 3.8582e-06 
1202.39 3.8515e-06 
1202.4 3.84451e-06 
1202.41 3.83722e-06 
1202.42 3.82965e-06 
1202.43 3.82179e-06 
1202.44 3.81363e-06 
1202.45 3.80518e-06 
1202.46 3.79643e-06 
1202.47 3.7874e-06 
1202.48 3.77796e-06 
1202.49 3.76834e-06 
1202.5 3.75843e-06 
1202.51 3.74822e-06 
1202.52 3.73772e-06 
1202.53 3.72693e-06 
1202.54 3.71584e-06 
1202.55 3.70446e-06 
1202.56 3.69277e-06 
1202.56 3.6808e-06 
1202.57 3.66854e-06 
1202.58 3.65597e-06 
1202.59 3.64312e-06 
1202.6 3.62996e-06 
1202.61 3.61874e-06 
1202.62 3.60498e-06 
1202.63 3.59092e-06 
1202.64 3.57657e-06 
1202.65 3.56192e-06 
1202.66 3.54698e-06 
1202.67 3.53174e-06 
1202.68 3.5162e-06 
1202.69 3.50036e-06 
1202.7 3.48423e-06 
1202.71 3.46781e-06 
1202.72 3.45108e-06 
1202.73 3.43386e-06 
1202.74 3.41655e-06 
1202.75 3.39895e-06 
1202.76 3.38105e-06 
1202.77 3.36287e-06 
1202.78 3.3444e-06 
1202.79 3.32565e-06 
1202.8 3.30661e-06 
1202.81 3.28729e-06 
1202.82 3.26768e-06 
1202.83 3.2478e-06 
1202.84 3.22764e-06 
1202.85 3.20721e-06 
1202.86 3.18651e-06 
1202.87 3.16554e-06 
1202.88 3.1443e-06 
1202.89 3.12281e-06 
1202.9 3.10105e-06 
1202.91 3.07904e-06 
1202.92 3.05678e-06 
1202.93 3.03427e-06 
1202.94 3.01152e-06 
1202.95 2.98853e-06 
1202.96 2.9653e-06 
1202.97 2.94184e-06 
1202.98 2.91816e-06 
1202.98 2.89397e-06 
1202.99 2.86984e-06 
1203 2.84551e-06 
1203.01 2.82097e-06 
1203.02 2.79624e-06 
1203.03 2.77131e-06 
1203.04 2.7462e-06 
1203.05 2.7209e-06 
1203.06 2.69543e-06 
1203.07 2.66979e-06 
1203.08 2.64399e-06 
1203.09 2.61803e-06 
1203.1 2.59191e-06 
1203.11 2.56566e-06 
1203.12 2.53928e-06 
1203.13 2.51276e-06 
1203.14 2.48612e-06 
1203.15 2.45937e-06 
1203.16 2.43251e-06 
1203.17 2.40555e-06 
1203.18 2.3785e-06 
1203.19 2.35136e-06 
1203.2 2.32415e-06 
1203.21 2.29687e-06 
1203.22 2.26953e-06 
1203.23 2.24179e-06 
1203.24 2.21435e-06 
1203.25 2.18687e-06 
1203.26 2.15936e-06 
1203.27 2.13182e-06 
1203.28 2.10428e-06 
1203.29 2.07673e-06 
1203.3 2.04917e-06 
1203.31 2.02163e-06 
1203.32 1.99411e-06 
1203.33 1.96661e-06 
1203.34 1.93915e-06 
1203.35 1.91172e-06 
1203.36 1.88435e-06 
1203.37 1.85703e-06 
1203.38 1.82978e-06 
1203.39 1.80259e-06 
1203.4 1.77549e-06 
1203.41 1.74848e-06 
1203.41 1.72155e-06 
1203.42 1.69473e-06 
1203.43 1.66802e-06 
1203.44 1.64143e-06 
1203.45 1.61495e-06 
1203.46 1.58861e-06 
1203.47 1.5624e-06 
1203.48 1.53601e-06 
1203.49 1.5101e-06 
1203.5 1.48434e-06 
1203.51 1.45875e-06 
1203.52 1.43332e-06 
1203.53 1.40807e-06 
1203.54 1.38299e-06 
1203.55 1.3581e-06 
1203.56 1.3334e-06 
1203.57 1.3089e-06 
1203.58 1.2846e-06 
1203.59 1.26051e-06 
1203.6 1.23663e-06 
1203.61 1.21371e-06 
1203.62 1.19025e-06 
1203.63 1.16701e-06 
1203.64 1.14401e-06 
1203.65 1.12123e-06 
1203.66 1.09869e-06 
1203.67 1.0764e-06 
1203.68 1.05434e-06 
1203.69 1.03254e-06 
1203.7 1.01098e-06 
1203.71 9.89678e-07 
1203.72 9.68631e-07 
1203.73 9.47584e-07 
1203.74 9.27059e-07 
1203.75 9.06796e-07 
1203.76 8.86799e-07 
1203.77 8.67067e-07 
1203.78 8.47604e-07 
1203.79 8.28411e-07 
1203.8 8.09489e-07 
1203.81 7.90839e-07 
1203.82 7.72463e-07 
1203.83 7.5436e-07 
1203.83 7.36532e-07 
1203.84 7.1898e-07 
1203.85 7.01702e-07 
1203.86 6.847e-07 
1203.87 6.67974e-07 
1203.88 6.51523e-07 
1203.89 6.35347e-07 
1203.9 6.19446e-07 
1203.91 6.03819e-07 
1203.92 5.88466e-07 
1203.93 5.73385e-07 
1203.94 5.58575e-07 
1203.95 5.44037e-07 
1203.96 5.29768e-07 
1203.97 5.15765e-07 
1203.98 5.01861e-07 
1203.99 4.88393e-07 
1204 4.75189e-07 
1204.01 4.62246e-07 
1204.02 4.49563e-07 
1204.03 4.37137e-07 
1204.04 4.24966e-07 
1204.05 4.13048e-07 
1204.06 4.01381e-07 
1204.07 3.89963e-07 
1204.08 3.7879e-07 
1204.09 3.67861e-07 
1204.1 3.57173e-07 
1204.11 3.46723e-07 
1204.12 3.36509e-07 
1204.13 3.26527e-07 
1204.14 3.16775e-07 
1204.15 3.0725e-07 
1204.16 2.9795e-07 
1204.17 2.8887e-07 
1204.18 2.80008e-07 
1204.19 2.71361e-07 
1204.2 2.62927e-07 
1204.21 2.54701e-07 
1204.22 2.4668e-07 
1204.23 2.38766e-07 
1204.24 2.3115e-07 
1204.25 2.23729e-07 
1204.26 2.16501e-07 
1204.26 2.09463e-07 
1204.27 2.02611e-07 
1204.28 1.95942e-07 
1204.29 1.89452e-07 
1204.3 1.83139e-07 
1204.31 1.76999e-07 
1204.32 1.71028e-07 
1204.33 1.65224e-07 
1204.34 1.59584e-07 
1204.35 1.54103e-07 
1204.36 1.4878e-07 
1204.37 1.43609e-07 
1204.38 1.3859e-07 
1204.39 1.33717e-07 
1204.4 1.28989e-07 
1204.41 1.24401e-07 
1204.42 1.19951e-07 
1204.43 1.15636e-07 
1204.44 1.11452e-07 
1204.45 1.07398e-07 
1204.46 1.03468e-07 
1204.47 9.96617e-08 
1204.48 9.59295e-08 
1204.49 9.23609e-08 
1204.5 8.89061e-08 
1204.51 8.55625e-08 
1204.52 8.23271e-08 
1204.53 7.91972e-08 
1204.54 7.61702e-08 
1204.55 7.32434e-08 
1204.56 7.04141e-08 
1204.57 6.76796e-08 
1204.58 6.50376e-08 
1204.59 6.24855e-08 
1204.6 6.00207e-08 
1204.61 5.76409e-08 
1204.62 5.53778e-08 
1204.63 5.31596e-08 
1204.64 5.10193e-08 
1204.65 4.89548e-08 
1204.66 4.69638e-08 
1204.67 4.50442e-08 
1204.68 4.31939e-08 
1204.68 4.14109e-08 
1204.69 3.96929e-08 
1204.7 3.80382e-08 
1204.71 3.64446e-08 
1204.72 3.48916e-08 
1204.73 3.34156e-08 
1204.74 3.19952e-08 
1204.75 3.06287e-08 
1204.76 2.93143e-08 
1204.77 2.80503e-08 
1204.78 2.68351e-08 
1204.79 2.56671e-08 
1204.8 2.45447e-08 
1204.81 2.34663e-08 
1204.82 2.24306e-08 
1204.83 2.1436e-08 
1204.84 2.04812e-08 
1204.85 1.95647e-08 
1204.86 1.86852e-08 
1204.87 1.78415e-08 
1204.88 1.70323e-08 
1204.89 1.62563e-08 
1204.9 1.55123e-08 
1204.91 1.47992e-08 
1204.92 1.41159e-08 
1204.93 1.34613e-08 
1204.94 1.28343e-08 
1204.95 1.22339e-08 
1204.96 1.16591e-08 
1204.97 1.11089e-08 
1204.98 1.0576e-08 
1204.99 1.00726e-08 
1205 9.59112e-09 
1205.01 9.13072e-09 
1205.02 8.69056e-09 
1205.03 8.26985e-09 
1205.04 7.86783e-09 
1205.05 7.48376e-09 
1205.06 7.11692e-09 
1205.07 6.76662e-09 
1205.08 6.43218e-09 
1205.09 6.11297e-09 
1205.1 5.80836e-09 
1205.11 5.51775e-09 
1205.11 5.24057e-09 
1205.12 4.97624e-09 
1205.13 4.72424e-09 
1205.14 4.48404e-09 
1205.15 4.25515e-09 
1205.16 4.03708e-09 
1205.17 3.82937e-09 
1205.18 3.63157e-09 
1205.19 3.44325e-09 
1205.2 3.264e-09 
1205.21 3.09342e-09 
1205.22 2.9292e-09 
1205.23 2.77488e-09 
1205.24 2.62817e-09 
1205.25 2.48868e-09 
1205.26 2.3561e-09 
1205.27 2.2301e-09 
1205.28 2.11039e-09 
1205.29 1.99668e-09 
1205.3 1.8887e-09 
1205.31 1.78617e-09 
1205.32 1.68884e-09 
1205.33 1.59648e-09 
1205.34 1.50885e-09 
1205.35 1.42572e-09 
1205.36 1.34689e-09 
1205.37 1.27214e-09 
1205.38 1.20128e-09 
1205.39 1.13413e-09 
1205.4 1.07051e-09 
1205.41 1.01023e-09 
1205.42 9.53151e-10 
1205.43 8.99102e-10 
1205.44 8.47936e-10 
1205.45 7.99511e-10 
1205.46 7.5369e-10 
1205.47 7.10344e-10 
1205.48 6.68863e-10 
1205.49 6.30112e-10 
1205.5 5.93491e-10 
1205.51 5.58879e-10 
1205.52 5.26173e-10 
1205.53 4.95275e-10 
1205.54 4.66092e-10 
1205.54 4.38535e-10 
1205.55 4.12518e-10 
1205.56 3.87963e-10 
1205.57 3.64791e-10 
1205.58 3.4293e-10 
1205.59 3.2231e-10 
1205.6 3.02865e-10 
1205.61 2.84708e-10 
1205.62 2.67417e-10 
1205.63 2.51123e-10 
1205.64 2.35771e-10 
1205.65 2.21311e-10 
1205.66 2.07693e-10 
1205.67 1.94871e-10 
1205.68 1.82802e-10 
1205.69 1.71443e-10 
1205.7 1.60756e-10 
1205.71 1.50703e-10 
1205.72 1.41249e-10 
1205.73 1.32251e-10 
1205.74 1.23901e-10 
1205.75 1.16053e-10 
1205.76 1.08679e-10 
1205.77 1.01752e-10 
1205.78 9.5246e-11 
1205.79 8.9137e-11 
1205.8 8.34018e-11 
1205.81 7.80192e-11 
1205.82 7.29682e-11 
1205.83 6.82297e-11 
1205.84 6.37853e-11 
1205.85 5.96176e-11 
1205.86 5.57103e-11 
1205.87 5.2048e-11 
1205.88 4.8616e-11 
1205.89 4.54007e-11 
1205.9 4.23889e-11 
1205.91 3.95684e-11 
1205.92 3.69278e-11 
1205.93 3.4456e-11 
1205.94 3.21428e-11 
1205.95 2.99784e-11 
1205.96 2.79539e-11 
1205.96 2.60605e-11 
1205.97 2.42901e-11 
1205.98 2.26152e-11 
1205.99 2.10698e-11 
1206 1.96258e-11 
1206.01 1.82769e-11 
1206.02 1.70171e-11 
1206.03 1.58407e-11 
1206.04 1.47425e-11 
1206.05 1.37174e-11 
1206.06 1.2761e-11 
1206.07 1.18687e-11 
1206.08 1.10364e-11 
1206.09 1.02602e-11 
1206.1 9.53668e-12 
1206.11 8.86223e-12 
1206.12 8.23373e-12 
1206.13 7.64816e-12 
1206.14 7.10272e-12 
1206.15 6.59477e-12 
1206.16 6.12183e-12 
1206.17 5.6816e-12 
1206.18 5.27189e-12 
1206.19 4.89069e-12 
1206.2 4.53608e-12 
1206.21 4.20628e-12 
1206.22 3.89962e-12 
1206.23 3.61112e-12 
1206.24 3.34641e-12 
1206.25 3.10045e-12 
1206.26 2.87194e-12 
1206.27 2.65972e-12 
1206.28 2.46264e-12 
1206.29 2.27968e-12 
1206.3 2.10987e-12 
1206.31 1.95228e-12 
1206.32 1.80608e-12 
1206.33 1.67047e-12 
1206.34 1.54471e-12 
1206.35 1.42812e-12 
1206.36 1.32004e-12 
1206.37 1.21988e-12 
1206.38 1.12708e-12 
1206.39 1.04111e-12 
1206.39 9.61499e-13 
1206.4 8.87784e-13 
1206.41 8.19545e-13 
1206.42 7.56389e-13 
1206.43 6.97951e-13 
1206.44 6.4389e-13 
1206.45 5.9389e-13 
1206.46 5.47655e-13 
1206.47 5.04912e-13 
1206.48 4.6493e-13 
1206.49 4.28459e-13 
1206.5 3.94764e-13 
1206.51 3.63642e-13 
1206.52 3.34901e-13 
1206.53 3.08367e-13 
1206.54 2.83874e-13 
1206.55 2.61271e-13 
1206.56 2.40416e-13 
1206.57 2.21179e-13 
1206.58 2.03438e-13 
1206.59 1.8708e-13 
1206.6 0 
