#energy geo_1 
1186.6 6.08341e-07 
1186.61 6.07972e-07 
1186.62 6.07605e-07 
1186.63 6.07237e-07 
1186.64 6.06869e-07 
1186.65 6.06501e-07 
1186.66 6.06133e-07 
1186.67 6.05765e-07 
1186.68 6.05398e-07 
1186.69 6.05031e-07 
1186.7 6.04664e-07 
1186.71 6.04297e-07 
1186.72 6.03931e-07 
1186.73 6.03564e-07 
1186.74 6.03197e-07 
1186.75 6.02831e-07 
1186.76 6.02465e-07 
1186.77 6.02099e-07 
1186.78 6.01733e-07 
1186.79 6.01368e-07 
1186.8 6.01002e-07 
1186.81 6.00637e-07 
1186.81 6.00272e-07 
1186.82 5.99907e-07 
1186.83 5.99542e-07 
1186.84 5.99177e-07 
1186.85 5.98812e-07 
1186.86 5.98448e-07 
1186.87 5.98084e-07 
1186.88 5.97719e-07 
1186.89 5.97356e-07 
1186.9 5.96992e-07 
1186.91 5.96629e-07 
1186.92 5.96265e-07 
1186.93 5.95902e-07 
1186.94 5.95539e-07 
1186.95 5.95176e-07 
1186.96 5.94813e-07 
1186.97 5.9445e-07 
1186.98 5.94087e-07 
1186.99 5.93725e-07 
1187 5.93364e-07 
1187.01 5.93001e-07 
1187.02 5.9264e-07 
1187.03 5.92277e-07 
1187.04 5.91916e-07 
1187.05 5.91554e-07 
1187.06 5.91193e-07 
1187.07 5.90832e-07 
1187.08 5.90471e-07 
1187.09 5.9011e-07 
1187.1 5.8975e-07 
1187.11 5.89389e-07 
1187.12 5.89029e-07 
1187.13 5.88669e-07 
1187.14 5.88309e-07 
1187.15 5.87949e-07 
1187.16 5.87589e-07 
1187.17 5.8723e-07 
1187.18 5.86871e-07 
1187.19 5.86511e-07 
1187.2 5.86152e-07 
1187.21 5.85793e-07 
1187.22 5.85434e-07 
1187.23 5.85076e-07 
1187.24 5.84717e-07 
1187.24 5.84359e-07 
1187.25 5.84e-07 
1187.26 5.83643e-07 
1187.27 5.83285e-07 
1187.28 5.82927e-07 
1187.29 5.82569e-07 
1187.3 5.82213e-07 
1187.31 5.81855e-07 
1187.32 5.81498e-07 
1187.33 5.81141e-07 
1187.34 5.80784e-07 
1187.35 5.80428e-07 
1187.36 5.80071e-07 
1187.37 5.79716e-07 
1187.38 5.79359e-07 
1187.39 5.79004e-07 
1187.4 5.78648e-07 
1187.41 5.78292e-07 
1187.42 5.77937e-07 
1187.43 5.77581e-07 
1187.44 5.77226e-07 
1187.45 5.76871e-07 
1187.46 5.76516e-07 
1187.47 5.76161e-07 
1187.48 5.75807e-07 
1187.49 5.75453e-07 
1187.5 5.75098e-07 
1187.51 5.74745e-07 
1187.52 5.74391e-07 
1187.53 5.74037e-07 
1187.54 5.73684e-07 
1187.55 5.7333e-07 
1187.56 5.72977e-07 
1187.57 5.72623e-07 
1187.58 5.72271e-07 
1187.59 5.71918e-07 
1187.6 5.71566e-07 
1187.61 5.71572e-07 
1187.62 5.71219e-07 
1187.63 5.70867e-07 
1187.64 5.70515e-07 
1187.65 5.70163e-07 
1187.66 5.6981e-07 
1187.66 5.69459e-07 
1187.67 5.69108e-07 
1187.68 5.68756e-07 
1187.69 5.68405e-07 
1187.7 5.68054e-07 
1187.71 5.67703e-07 
1187.72 5.67352e-07 
1187.73 5.67002e-07 
1187.74 5.66652e-07 
1187.75 5.66302e-07 
1187.76 5.65951e-07 
1187.77 5.65601e-07 
1187.78 5.65252e-07 
1187.79 5.64902e-07 
1187.8 5.64553e-07 
1187.81 5.64204e-07 
1187.82 5.63854e-07 
1187.83 5.63506e-07 
1187.84 5.63157e-07 
1187.85 5.62808e-07 
1187.86 5.6246e-07 
1187.87 5.62111e-07 
1187.88 5.61763e-07 
1187.89 5.61416e-07 
1187.9 5.61067e-07 
1187.91 5.6072e-07 
1187.92 5.60373e-07 
1187.93 5.60025e-07 
1187.94 5.59678e-07 
1187.95 5.59331e-07 
1187.96 5.58984e-07 
1187.97 5.58638e-07 
1187.98 5.58291e-07 
1187.99 5.57945e-07 
1188 5.57598e-07 
1188.01 5.57253e-07 
1188.02 5.56907e-07 
1188.03 5.56561e-07 
1188.04 5.56215e-07 
1188.05 5.5587e-07 
1188.06 5.55525e-07 
1188.07 5.5518e-07 
1188.08 5.54836e-07 
1188.09 5.54491e-07 
1188.09 5.54146e-07 
1188.1 5.53802e-07 
1188.11 5.53458e-07 
1188.12 5.53113e-07 
1188.13 5.5277e-07 
1188.14 5.52426e-07 
1188.15 5.52083e-07 
1188.16 5.51739e-07 
1188.17 5.51395e-07 
1188.18 5.51053e-07 
1188.19 5.5071e-07 
1188.2 5.50367e-07 
1188.21 5.50025e-07 
1188.22 5.49682e-07 
1188.23 5.4934e-07 
1188.24 5.48998e-07 
1188.25 5.48656e-07 
1188.26 5.48314e-07 
1188.27 5.47972e-07 
1188.28 5.47632e-07 
1188.29 5.4729e-07 
1188.3 5.46949e-07 
1188.31 5.46609e-07 
1188.32 5.46268e-07 
1188.33 5.45927e-07 
1188.34 5.45587e-07 
1188.35 5.45247e-07 
1188.36 5.44906e-07 
1188.37 5.44566e-07 
1188.38 5.44227e-07 
1188.39 5.43888e-07 
1188.4 5.43548e-07 
1188.41 5.43208e-07 
1188.42 5.42869e-07 
1188.43 5.42531e-07 
1188.44 5.42191e-07 
1188.45 5.41853e-07 
1188.46 5.41515e-07 
1188.47 5.41176e-07 
1188.48 5.40838e-07 
1188.49 5.40501e-07 
1188.5 5.40163e-07 
1188.51 5.39825e-07 
1188.52 5.39488e-07 
1188.52 5.39151e-07 
1188.53 5.38813e-07 
1188.54 5.38476e-07 
1188.55 5.3814e-07 
1188.56 5.37803e-07 
1188.57 5.37467e-07 
1188.58 5.3713e-07 
1188.59 5.36795e-07 
1188.6 5.36795e-07 
1188.61 5.36459e-07 
1188.62 5.36124e-07 
1188.63 5.35788e-07 
1188.64 5.35452e-07 
1188.65 5.35117e-07 
1188.66 5.34782e-07 
1188.67 5.34447e-07 
1188.68 5.34112e-07 
1188.69 5.33777e-07 
1188.7 5.33443e-07 
1188.71 5.33109e-07 
1188.72 5.32775e-07 
1188.73 5.32441e-07 
1188.74 5.32107e-07 
1188.75 5.31773e-07 
1188.76 5.3144e-07 
1188.77 5.31107e-07 
1188.78 5.30773e-07 
1188.79 5.3044e-07 
1188.8 5.30107e-07 
1188.81 5.29775e-07 
1188.82 5.29443e-07 
1188.83 5.2911e-07 
1188.84 5.28778e-07 
1188.85 5.28447e-07 
1188.86 5.28115e-07 
1188.87 5.27783e-07 
1188.88 5.27452e-07 
1188.89 5.27121e-07 
1188.9 5.2679e-07 
1188.91 5.26459e-07 
1188.92 5.26128e-07 
1188.93 5.25798e-07 
1188.94 5.25467e-07 
1188.94 5.25137e-07 
1188.95 5.24807e-07 
1188.96 5.24477e-07 
1188.97 5.24147e-07 
1188.98 5.23818e-07 
1188.99 5.23488e-07 
1189 5.23159e-07 
1189.01 5.2283e-07 
1189.02 5.22501e-07 
1189.03 5.22173e-07 
1189.04 5.21844e-07 
1189.05 5.21516e-07 
1189.06 5.21188e-07 
1189.07 5.20859e-07 
1189.08 5.20531e-07 
1189.09 5.20204e-07 
1189.1 5.19877e-07 
1189.11 5.1955e-07 
1189.12 5.19222e-07 
1189.13 5.18895e-07 
1189.14 5.18568e-07 
1189.15 5.18241e-07 
1189.16 5.17915e-07 
1189.17 5.17589e-07 
1189.18 5.17262e-07 
1189.19 5.16936e-07 
1189.2 5.16611e-07 
1189.21 5.16285e-07 
1189.22 5.15959e-07 
1189.23 5.15634e-07 
1189.24 5.15309e-07 
1189.25 5.14984e-07 
1189.26 5.14659e-07 
1189.27 5.14335e-07 
1189.28 5.1401e-07 
1189.29 5.13686e-07 
1189.3 5.13362e-07 
1189.31 5.13038e-07 
1189.32 5.12714e-07 
1189.33 5.1239e-07 
1189.34 5.12067e-07 
1189.35 5.11744e-07 
1189.36 5.11421e-07 
1189.36 5.11098e-07 
1189.37 5.10775e-07 
1189.38 5.10452e-07 
1189.39 5.1013e-07 
1189.4 5.09808e-07 
1189.41 5.09485e-07 
1189.42 5.09164e-07 
1189.43 5.08842e-07 
1189.44 5.0852e-07 
1189.45 5.08199e-07 
1189.46 5.07878e-07 
1189.47 5.07557e-07 
1189.48 5.07236e-07 
1189.49 5.06915e-07 
1189.5 5.06594e-07 
1189.51 5.06275e-07 
1189.52 5.05954e-07 
1189.53 5.05634e-07 
1189.54 5.05314e-07 
1189.55 5.04994e-07 
1189.56 5.04675e-07 
1189.57 5.04356e-07 
1189.58 5.04036e-07 
1189.59 5.03717e-07 
1189.6 5.03398e-07 
1189.61 5.03394e-07 
1189.62 5.03076e-07 
1189.63 5.02757e-07 
1189.64 5.02439e-07 
1189.65 5.02121e-07 
1189.66 5.01803e-07 
1189.67 5.01485e-07 
1189.68 5.01167e-07 
1189.69 5.00849e-07 
1189.7 5.00532e-07 
1189.71 5.00215e-07 
1189.72 4.99898e-07 
1189.73 4.99581e-07 
1189.74 4.99264e-07 
1189.75 4.98948e-07 
1189.76 4.98631e-07 
1189.77 4.98315e-07 
1189.78 4.97999e-07 
1189.79 4.97683e-07 
1189.79 4.97367e-07 
1189.8 4.97052e-07 
1189.81 4.96737e-07 
1189.82 4.96422e-07 
1189.83 4.96106e-07 
1189.84 4.95791e-07 
1189.85 4.95477e-07 
1189.86 4.95163e-07 
1189.87 4.94848e-07 
1189.88 4.94533e-07 
1189.89 4.94219e-07 
1189.9 4.93906e-07 
1189.91 4.93592e-07 
1189.92 4.93278e-07 
1189.93 4.92965e-07 
1189.94 4.92652e-07 
1189.95 4.92339e-07 
1189.96 4.92026e-07 
1189.97 4.91713e-07 
1189.98 4.91401e-07 
1189.99 4.91089e-07 
1190 4.90776e-07 
1190.01 4.90465e-07 
1190.02 4.90153e-07 
1190.03 4.89841e-07 
1190.04 4.8953e-07 
1190.05 4.89218e-07 
1190.06 4.88907e-07 
1190.07 4.88596e-07 
1190.08 4.88285e-07 
1190.09 4.87974e-07 
1190.1 4.87663e-07 
1190.11 4.87354e-07 
1190.12 4.87044e-07 
1190.13 4.86733e-07 
1190.14 4.86423e-07 
1190.15 4.86114e-07 
1190.16 4.85804e-07 
1190.17 4.85494e-07 
1190.18 4.85185e-07 
1190.19 4.84876e-07 
1190.2 4.84568e-07 
1190.21 4.84259e-07 
1190.21 4.83951e-07 
1190.22 4.83642e-07 
1190.23 4.83333e-07 
1190.24 4.83026e-07 
1190.25 4.82717e-07 
1190.26 4.8241e-07 
1190.27 4.82102e-07 
1190.28 4.81795e-07 
1190.29 4.81488e-07 
1190.3 4.8118e-07 
1190.31 4.80873e-07 
1190.32 4.80566e-07 
1190.33 4.8026e-07 
1190.34 4.79954e-07 
1190.35 4.79647e-07 
1190.36 4.79341e-07 
1190.37 4.79035e-07 
1190.38 4.78729e-07 
1190.39 4.78423e-07 
1190.4 4.78118e-07 
1190.41 4.77813e-07 
1190.42 4.77507e-07 
1190.43 4.77203e-07 
1190.44 4.76897e-07 
1190.45 4.76593e-07 
1190.46 4.76288e-07 
1190.47 4.75984e-07 
1190.48 4.75679e-07 
1190.49 4.75375e-07 
1190.5 4.75071e-07 
1190.51 4.74768e-07 
1190.52 4.74464e-07 
1190.53 4.74161e-07 
1190.54 4.73858e-07 
1190.55 4.73554e-07 
1190.56 4.73252e-07 
1190.57 4.72948e-07 
1190.58 4.72646e-07 
1190.59 4.72343e-07 
1190.6 4.72041e-07 
1190.61 4.72034e-07 
1190.62 4.71731e-07 
1190.63 4.71429e-07 
1190.64 4.71127e-07 
1190.64 4.70826e-07 
1190.65 4.70524e-07 
1190.66 4.70223e-07 
1190.67 4.69921e-07 
1190.68 4.6962e-07 
1190.69 4.69319e-07 
1190.7 4.69018e-07 
1190.71 4.68717e-07 
1190.72 4.68417e-07 
1190.73 4.68117e-07 
1190.74 4.67816e-07 
1190.75 4.67516e-07 
1190.76 4.67216e-07 
1190.77 4.66916e-07 
1190.78 4.66616e-07 
1190.79 4.66317e-07 
1190.8 4.66017e-07 
1190.81 4.65718e-07 
1190.82 4.65419e-07 
1190.83 4.6512e-07 
1190.84 4.64822e-07 
1190.85 4.64523e-07 
1190.86 4.64225e-07 
1190.87 4.63926e-07 
1190.88 4.63628e-07 
1190.89 4.6333e-07 
1190.9 4.63032e-07 
1190.91 4.62734e-07 
1190.92 4.62437e-07 
1190.93 4.62139e-07 
1190.94 4.61842e-07 
1190.95 4.61544e-07 
1190.96 4.61247e-07 
1190.97 4.6095e-07 
1190.98 4.60654e-07 
1190.99 4.60357e-07 
1191 4.60061e-07 
1191.01 4.59764e-07 
1191.02 4.59468e-07 
1191.03 4.59172e-07 
1191.04 4.58876e-07 
1191.05 4.5858e-07 
1191.06 4.58285e-07 
1191.07 4.57989e-07 
1191.07 4.57694e-07 
1191.08 4.57398e-07 
1191.09 4.57103e-07 
1191.1 4.56808e-07 
1191.11 4.56513e-07 
1191.12 4.56219e-07 
1191.13 4.55924e-07 
1191.14 4.5563e-07 
1191.15 4.55335e-07 
1191.16 4.55041e-07 
1191.17 4.54747e-07 
1191.18 4.54453e-07 
1191.19 4.5416e-07 
1191.2 4.53866e-07 
1191.21 4.53572e-07 
1191.22 4.53279e-07 
1191.23 4.52986e-07 
1191.24 4.52692e-07 
1191.25 4.524e-07 
1191.26 4.52107e-07 
1191.27 4.51814e-07 
1191.28 4.51521e-07 
1191.29 4.51229e-07 
1191.3 4.50936e-07 
1191.31 4.50644e-07 
1191.32 4.50352e-07 
1191.33 4.5006e-07 
1191.34 4.49768e-07 
1191.35 4.49476e-07 
1191.36 4.49185e-07 
1191.37 4.48893e-07 
1191.38 4.48602e-07 
1191.39 4.48311e-07 
1191.4 4.4802e-07 
1191.41 4.47728e-07 
1191.42 4.47437e-07 
1191.43 4.47146e-07 
1191.44 4.46856e-07 
1191.45 4.46565e-07 
1191.46 4.46275e-07 
1191.47 4.45985e-07 
1191.48 4.45695e-07 
1191.49 4.45404e-07 
1191.49 4.45114e-07 
1191.5 4.44825e-07 
1191.51 4.44534e-07 
1191.52 4.44245e-07 
1191.53 4.43955e-07 
1191.54 4.43666e-07 
1191.55 4.43377e-07 
1191.56 4.43087e-07 
1191.57 4.42799e-07 
1191.58 4.4251e-07 
1191.59 4.42221e-07 
1191.6 4.42208e-07 
1191.61 4.41919e-07 
1191.62 4.41631e-07 
1191.63 4.41342e-07 
1191.64 4.41053e-07 
1191.65 4.40765e-07 
1191.66 4.40476e-07 
1191.67 4.40188e-07 
1191.68 4.399e-07 
1191.69 4.39612e-07 
1191.7 4.39324e-07 
1191.71 4.39036e-07 
1191.72 4.38748e-07 
1191.73 4.38461e-07 
1191.74 4.38173e-07 
1191.75 4.37885e-07 
1191.76 4.37598e-07 
1191.77 4.37311e-07 
1191.78 4.37024e-07 
1191.79 4.36736e-07 
1191.8 4.36449e-07 
1191.81 4.36163e-07 
1191.82 4.35875e-07 
1191.83 4.35589e-07 
1191.84 4.35302e-07 
1191.85 4.35016e-07 
1191.86 4.34729e-07 
1191.87 4.34442e-07 
1191.88 4.34156e-07 
1191.89 4.3387e-07 
1191.9 4.33584e-07 
1191.91 4.33298e-07 
1191.92 4.33012e-07 
1191.92 4.32725e-07 
1191.93 4.3244e-07 
1191.94 4.32154e-07 
1191.95 4.31868e-07 
1191.96 4.31583e-07 
1191.97 4.31297e-07 
1191.98 4.31012e-07 
1191.99 4.30727e-07 
1192 4.30441e-07 
1192.01 4.30156e-07 
1192.02 4.2987e-07 
1192.03 4.29585e-07 
1192.04 4.29299e-07 
1192.05 4.29015e-07 
1192.06 4.2873e-07 
1192.07 4.28445e-07 
1192.08 4.2816e-07 
1192.09 4.27875e-07 
1192.1 4.27591e-07 
1192.11 4.27306e-07 
1192.12 4.27021e-07 
1192.13 4.26737e-07 
1192.14 4.26452e-07 
1192.15 4.26168e-07 
1192.16 4.25883e-07 
1192.17 4.25599e-07 
1192.18 4.25315e-07 
1192.19 4.25031e-07 
1192.2 4.24747e-07 
1192.21 4.24462e-07 
1192.22 4.24178e-07 
1192.23 4.23895e-07 
1192.24 4.23611e-07 
1192.25 4.23327e-07 
1192.26 4.23043e-07 
1192.27 4.22759e-07 
1192.28 4.22475e-07 
1192.29 4.22191e-07 
1192.3 4.21907e-07 
1192.31 4.21624e-07 
1192.32 4.2134e-07 
1192.33 4.21056e-07 
1192.34 4.20773e-07 
1192.34 4.20489e-07 
1192.35 4.20206e-07 
1192.36 4.19922e-07 
1192.37 4.19638e-07 
1192.38 4.19355e-07 
1192.39 4.19072e-07 
1192.4 4.18788e-07 
1192.41 4.18504e-07 
1192.42 4.18221e-07 
1192.43 4.17938e-07 
1192.44 4.17654e-07 
1192.45 4.17371e-07 
1192.46 4.17088e-07 
1192.47 4.16804e-07 
1192.48 4.16521e-07 
1192.49 4.16238e-07 
1192.5 4.15955e-07 
1192.51 4.15672e-07 
1192.52 4.15388e-07 
1192.53 4.15105e-07 
1192.54 4.14821e-07 
1192.55 4.14538e-07 
1192.56 4.14255e-07 
1192.57 4.13972e-07 
1192.58 4.13689e-07 
1192.59 4.13405e-07 
1192.6 4.13122e-07 
1192.61 4.13096e-07 
1192.62 4.12813e-07 
1192.63 4.1253e-07 
1192.64 4.12246e-07 
1192.65 4.11963e-07 
1192.66 4.11679e-07 
1192.67 4.11396e-07 
1192.68 4.11112e-07 
1192.69 4.10829e-07 
1192.7 4.10545e-07 
1192.71 4.10261e-07 
1192.72 4.09978e-07 
1192.73 4.09694e-07 
1192.74 4.09411e-07 
1192.75 4.09127e-07 
1192.76 4.08843e-07 
1192.77 4.08559e-07 
1192.77 4.08276e-07 
1192.78 4.07991e-07 
1192.79 4.07708e-07 
1192.8 4.07424e-07 
1192.81 4.0714e-07 
1192.82 4.06856e-07 
1192.83 4.06572e-07 
1192.84 4.06288e-07 
1192.85 4.06004e-07 
1192.86 4.0572e-07 
1192.87 4.05435e-07 
1192.88 4.05151e-07 
1192.89 4.04867e-07 
1192.9 4.04583e-07 
1192.91 4.04298e-07 
1192.92 4.04014e-07 
1192.93 4.03729e-07 
1192.94 4.03445e-07 
1192.95 4.0316e-07 
1192.96 4.02875e-07 
1192.97 4.0259e-07 
1192.98 4.02305e-07 
1192.99 4.0202e-07 
1193 4.01736e-07 
1193.01 4.0145e-07 
1193.02 4.01165e-07 
1193.03 4.0088e-07 
1193.04 4.00595e-07 
1193.05 4.00309e-07 
1193.06 4.00024e-07 
1193.07 3.99738e-07 
1193.08 3.99452e-07 
1193.09 3.99167e-07 
1193.1 3.98881e-07 
1193.11 3.98595e-07 
1193.12 3.98309e-07 
1193.13 3.98023e-07 
1193.14 3.97736e-07 
1193.15 3.9745e-07 
1193.16 3.97164e-07 
1193.17 3.96877e-07 
1193.18 3.9659e-07 
1193.19 3.96303e-07 
1193.19 3.96017e-07 
1193.2 3.9573e-07 
1193.21 3.95443e-07 
1193.22 3.95155e-07 
1193.23 3.94868e-07 
1193.24 3.9458e-07 
1193.25 3.94293e-07 
1193.26 3.94005e-07 
1193.27 3.93717e-07 
1193.28 3.93429e-07 
1193.29 3.93141e-07 
1193.3 3.92853e-07 
1193.31 3.92565e-07 
1193.32 3.92276e-07 
1193.33 3.91987e-07 
1193.34 3.91698e-07 
1193.35 3.91409e-07 
1193.36 3.9112e-07 
1193.37 3.90831e-07 
1193.38 3.90542e-07 
1193.39 3.90252e-07 
1193.4 3.89963e-07 
1193.41 3.89673e-07 
1193.42 3.89382e-07 
1193.43 3.89092e-07 
1193.44 3.88802e-07 
1193.45 3.88511e-07 
1193.46 3.88221e-07 
1193.47 3.8793e-07 
1193.48 3.87639e-07 
1193.49 3.87348e-07 
1193.5 3.87056e-07 
1193.51 3.86765e-07 
1193.52 3.86473e-07 
1193.53 3.8618e-07 
1193.54 3.85889e-07 
1193.55 3.85596e-07 
1193.56 3.85303e-07 
1193.57 3.85011e-07 
1193.58 3.84718e-07 
1193.59 3.84425e-07 
1193.6 3.84131e-07 
1193.61 3.84077e-07 
1193.62 3.83783e-07 
1193.62 3.83489e-07 
1193.63 3.83195e-07 
1193.64 3.829e-07 
1193.65 3.82605e-07 
1193.66 3.8231e-07 
1193.67 3.82015e-07 
1193.68 3.81719e-07 
1193.69 3.81424e-07 
1193.7 3.81128e-07 
1193.71 3.80831e-07 
1193.72 3.80535e-07 
1193.73 3.80238e-07 
1193.74 3.79942e-07 
1193.75 3.79644e-07 
1193.76 3.79347e-07 
1193.77 3.79049e-07 
1193.78 3.78751e-07 
1193.79 3.78453e-07 
1193.8 3.78155e-07 
1193.81 3.77856e-07 
1193.82 3.77557e-07 
1193.83 3.77258e-07 
1193.84 3.76958e-07 
1193.85 3.76658e-07 
1193.86 3.76358e-07 
1193.87 3.76058e-07 
1193.88 3.75757e-07 
1193.89 3.75457e-07 
1193.9 3.75156e-07 
1193.91 3.74854e-07 
1193.92 3.74552e-07 
1193.93 3.7425e-07 
1193.94 3.73948e-07 
1193.95 3.73645e-07 
1193.96 3.73342e-07 
1193.97 3.73039e-07 
1193.98 3.72735e-07 
1193.99 3.72432e-07 
1194 3.72127e-07 
1194.01 3.71823e-07 
1194.02 3.71518e-07 
1194.03 3.71213e-07 
1194.04 3.70907e-07 
1194.05 3.70602e-07 
1194.05 3.70296e-07 
1194.06 3.69989e-07 
1194.07 3.69682e-07 
1194.08 3.69375e-07 
1194.09 3.69067e-07 
1194.1 3.6876e-07 
1194.11 3.68452e-07 
1194.12 3.68143e-07 
1194.13 3.67834e-07 
1194.14 3.67525e-07 
1194.15 3.67215e-07 
1194.16 3.66905e-07 
1194.17 3.66595e-07 
1194.18 3.66285e-07 
1194.19 3.65973e-07 
1194.2 3.65662e-07 
1194.21 3.6535e-07 
1194.22 3.65038e-07 
1194.23 3.64726e-07 
1194.24 3.64413e-07 
1194.25 3.64099e-07 
1194.26 3.63785e-07 
1194.27 3.63471e-07 
1194.28 3.63156e-07 
1194.29 3.62842e-07 
1194.3 3.62526e-07 
1194.31 3.6221e-07 
1194.32 3.61894e-07 
1194.33 3.61577e-07 
1194.34 3.6126e-07 
1194.35 3.60943e-07 
1194.36 3.60625e-07 
1194.37 3.60307e-07 
1194.38 3.59988e-07 
1194.39 3.59669e-07 
1194.4 3.59349e-07 
1194.41 3.5903e-07 
1194.42 3.58709e-07 
1194.43 3.58388e-07 
1194.44 3.58067e-07 
1194.45 3.57745e-07 
1194.46 3.57422e-07 
1194.47 3.571e-07 
1194.47 3.56776e-07 
1194.48 3.56452e-07 
1194.49 3.56128e-07 
1194.5 3.55804e-07 
1194.51 3.55479e-07 
1194.52 3.55153e-07 
1194.53 3.54827e-07 
1194.54 3.545e-07 
1194.55 3.54174e-07 
1194.56 3.53846e-07 
1194.57 3.53518e-07 
1194.58 3.53189e-07 
1194.59 3.52861e-07 
1194.6 3.52531e-07 
1194.61 3.5242e-07 
1194.62 3.5209e-07 
1194.63 3.51759e-07 
1194.64 3.51427e-07 
1194.65 3.51094e-07 
1194.66 3.50761e-07 
1194.67 3.50428e-07 
1194.68 3.50094e-07 
1194.69 3.4976e-07 
1194.7 3.49425e-07 
1194.71 3.49089e-07 
1194.72 3.48753e-07 
1194.73 3.48416e-07 
1194.74 3.48079e-07 
1194.75 3.47741e-07 
1194.76 3.47403e-07 
1194.77 3.47064e-07 
1194.78 3.46725e-07 
1194.79 3.46385e-07 
1194.8 3.46044e-07 
1194.81 3.45703e-07 
1194.82 3.45361e-07 
1194.83 3.45019e-07 
1194.84 3.44676e-07 
1194.85 3.44333e-07 
1194.86 3.43989e-07 
1194.87 3.43644e-07 
1194.88 3.43298e-07 
1194.89 3.42953e-07 
1194.9 3.42606e-07 
1194.9 3.42259e-07 
1194.91 3.41911e-07 
1194.92 3.41563e-07 
1194.93 3.41214e-07 
1194.94 3.40864e-07 
1194.95 3.40514e-07 
1194.96 3.40163e-07 
1194.97 3.39812e-07 
1194.98 3.3946e-07 
1194.99 3.39107e-07 
1195 3.38753e-07 
1195.01 3.38399e-07 
1195.02 3.38045e-07 
1195.03 3.37689e-07 
1195.04 3.37333e-07 
1195.05 3.36977e-07 
1195.06 3.36619e-07 
1195.07 3.36261e-07 
1195.08 3.35902e-07 
1195.09 3.35543e-07 
1195.1 3.35183e-07 
1195.11 3.34822e-07 
1195.12 3.34461e-07 
1195.13 3.34099e-07 
1195.14 3.33736e-07 
1195.15 3.33373e-07 
1195.16 3.33009e-07 
1195.17 3.32644e-07 
1195.18 3.32278e-07 
1195.19 3.31912e-07 
1195.2 3.31545e-07 
1195.21 3.31177e-07 
1195.22 3.30808e-07 
1195.23 3.30439e-07 
1195.24 3.30069e-07 
1195.25 3.29699e-07 
1195.26 3.29328e-07 
1195.27 3.28955e-07 
1195.28 3.28582e-07 
1195.29 3.28209e-07 
1195.3 3.27834e-07 
1195.31 3.2746e-07 
1195.32 3.27084e-07 
1195.32 3.26707e-07 
1195.33 3.2633e-07 
1195.34 3.25952e-07 
1195.35 3.25573e-07 
1195.36 3.25193e-07 
1195.37 3.24813e-07 
1195.38 3.24432e-07 
1195.39 3.2405e-07 
1195.4 3.23667e-07 
1195.41 3.23284e-07 
1195.42 3.229e-07 
1195.43 3.22515e-07 
1195.44 3.22129e-07 
1195.45 3.21743e-07 
1195.46 3.21355e-07 
1195.47 3.20967e-07 
1195.48 3.20578e-07 
1195.49 3.20188e-07 
1195.5 3.19798e-07 
1195.51 3.19407e-07 
1195.52 3.19015e-07 
1195.53 3.18621e-07 
1195.54 3.18228e-07 
1195.55 3.17833e-07 
1195.56 3.17438e-07 
1195.57 3.17042e-07 
1195.58 3.16645e-07 
1195.59 3.16247e-07 
1195.6 3.15849e-07 
1195.61 3.15646e-07 
1195.62 3.15246e-07 
1195.63 3.14845e-07 
1195.64 3.14442e-07 
1195.65 3.1404e-07 
1195.66 3.13636e-07 
1195.67 3.13232e-07 
1195.68 3.12827e-07 
1195.69 3.12421e-07 
1195.7 3.12014e-07 
1195.71 3.11607e-07 
1195.72 3.11198e-07 
1195.73 3.10789e-07 
1195.74 3.1038e-07 
1195.75 3.09969e-07 
1195.75 3.09557e-07 
1195.76 3.09145e-07 
1195.77 3.08732e-07 
1195.78 3.08319e-07 
1195.79 3.07904e-07 
1195.8 3.07489e-07 
1195.81 3.07073e-07 
1195.82 3.06657e-07 
1195.83 3.06239e-07 
1195.84 3.05821e-07 
1195.85 3.05402e-07 
1195.86 3.04983e-07 
1195.87 3.04563e-07 
1195.88 3.04142e-07 
1195.89 3.03721e-07 
1195.9 3.03299e-07 
1195.91 3.02876e-07 
1195.92 3.02453e-07 
1195.93 3.02029e-07 
1195.94 3.01605e-07 
1195.95 3.0118e-07 
1195.96 3.00754e-07 
1195.97 3.00328e-07 
1195.98 2.99902e-07 
1195.99 2.99475e-07 
1196 2.99048e-07 
1196.01 2.9862e-07 
1196.02 2.98192e-07 
1196.03 2.97764e-07 
1196.04 2.97335e-07 
1196.05 2.96906e-07 
1196.06 2.96477e-07 
1196.07 2.96047e-07 
1196.08 2.95618e-07 
1196.09 2.95188e-07 
1196.1 2.94758e-07 
1196.11 2.94328e-07 
1196.12 2.93899e-07 
1196.13 2.93469e-07 
1196.14 2.93039e-07 
1196.15 2.9261e-07 
1196.16 2.92181e-07 
1196.17 2.91752e-07 
1196.17 2.91323e-07 
1196.18 2.90895e-07 
1196.19 2.90468e-07 
1196.2 2.90041e-07 
1196.21 2.89614e-07 
1196.22 2.89189e-07 
1196.23 2.88764e-07 
1196.24 2.88341e-07 
1196.25 2.87918e-07 
1196.26 2.87496e-07 
1196.27 2.87076e-07 
1196.28 2.86657e-07 
1196.29 2.86239e-07 
1196.3 2.85823e-07 
1196.31 2.85408e-07 
1196.32 2.84996e-07 
1196.33 2.84585e-07 
1196.34 2.84176e-07 
1196.35 2.8377e-07 
1196.36 2.83366e-07 
1196.37 2.82964e-07 
1196.38 2.82565e-07 
1196.39 2.82169e-07 
1196.4 2.81776e-07 
1196.41 2.81387e-07 
1196.42 2.81e-07 
1196.43 2.80618e-07 
1196.44 2.80239e-07 
1196.45 2.79864e-07 
1196.46 2.79493e-07 
1196.47 2.79127e-07 
1196.48 2.78767e-07 
1196.49 2.78411e-07 
1196.5 2.7806e-07 
1196.51 2.77715e-07 
1196.52 2.77375e-07 
1196.53 2.77041e-07 
1196.54 2.76714e-07 
1196.55 2.76393e-07 
1196.56 2.7608e-07 
1196.57 2.75774e-07 
1196.58 2.75475e-07 
1196.59 2.75185e-07 
1196.6 2.74903e-07 
1196.6 2.74801e-07 
1196.61 2.74537e-07 
1196.62 2.74283e-07 
1196.63 2.74039e-07 
1196.64 2.73805e-07 
1196.65 2.73582e-07 
1196.66 2.73371e-07 
1196.67 2.73172e-07 
1196.68 2.72985e-07 
1196.69 2.72811e-07 
1196.7 2.7265e-07 
1196.71 2.72504e-07 
1196.72 2.72372e-07 
1196.73 2.72261e-07 
1196.74 2.7216e-07 
1196.75 2.72076e-07 
1196.76 2.72009e-07 
1196.77 2.7196e-07 
1196.78 2.71929e-07 
1196.79 2.71917e-07 
1196.8 2.71925e-07 
1196.81 2.71954e-07 
1196.82 2.72004e-07 
1196.83 2.72076e-07 
1196.84 2.72171e-07 
1196.85 2.7229e-07 
1196.86 2.72433e-07 
1196.87 2.72602e-07 
1196.88 2.72797e-07 
1196.89 2.73019e-07 
1196.9 2.7327e-07 
1196.91 2.7355e-07 
1196.92 2.7386e-07 
1196.93 2.74201e-07 
1196.94 2.74574e-07 
1196.95 2.74981e-07 
1196.96 2.75421e-07 
1196.97 2.75898e-07 
1196.98 2.76424e-07 
1196.99 2.76975e-07 
1197 2.77565e-07 
1197.01 2.78195e-07 
1197.02 2.78866e-07 
1197.03 2.7958e-07 
1197.03 2.80338e-07 
1197.04 2.81141e-07 
1197.05 2.81991e-07 
1197.06 2.82888e-07 
1197.07 2.83835e-07 
1197.08 2.84832e-07 
1197.09 2.85882e-07 
1197.1 2.86985e-07 
1197.11 2.88143e-07 
1197.12 2.89357e-07 
1197.13 2.9063e-07 
1197.14 2.91962e-07 
1197.15 2.93356e-07 
1197.16 2.94812e-07 
1197.17 2.96333e-07 
1197.18 2.9792e-07 
1197.19 2.99575e-07 
1197.2 3.01299e-07 
1197.21 3.03095e-07 
1197.22 3.04963e-07 
1197.23 3.06939e-07 
1197.24 3.08959e-07 
1197.25 3.11058e-07 
1197.26 3.13237e-07 
1197.27 3.15498e-07 
1197.28 3.17843e-07 
1197.29 3.20273e-07 
1197.3 3.22791e-07 
1197.31 3.25398e-07 
1197.32 3.28097e-07 
1197.33 3.30889e-07 
1197.34 3.33777e-07 
1197.35 3.36761e-07 
1197.36 3.39844e-07 
1197.37 3.43028e-07 
1197.38 3.46316e-07 
1197.39 3.49708e-07 
1197.4 3.53207e-07 
1197.41 3.56816e-07 
1197.42 3.60535e-07 
1197.43 3.64366e-07 
1197.44 3.68313e-07 
1197.45 3.72376e-07 
1197.45 3.76559e-07 
1197.46 3.80861e-07 
1197.47 3.85286e-07 
1197.48 3.89902e-07 
1197.49 3.94579e-07 
1197.5 3.99386e-07 
1197.51 4.04322e-07 
1197.52 4.09391e-07 
1197.53 4.14593e-07 
1197.54 4.19932e-07 
1197.55 4.25407e-07 
1197.56 4.31022e-07 
1197.57 4.36778e-07 
1197.58 4.42677e-07 
1197.59 4.4872e-07 
1197.6 4.5491e-07 
1197.61 4.61533e-07 
1197.62 4.68023e-07 
1197.63 4.74664e-07 
1197.64 4.81457e-07 
1197.65 4.88403e-07 
1197.66 4.95505e-07 
1197.67 5.02762e-07 
1197.68 5.10178e-07 
1197.69 5.17752e-07 
1197.7 5.25486e-07 
1197.71 5.3338e-07 
1197.72 5.41437e-07 
1197.73 5.49768e-07 
1197.74 5.58153e-07 
1197.75 5.66702e-07 
1197.76 5.75417e-07 
1197.77 5.84298e-07 
1197.78 5.93345e-07 
1197.79 6.02558e-07 
1197.8 6.11939e-07 
1197.81 6.21487e-07 
1197.82 6.31204e-07 
1197.83 6.41087e-07 
1197.84 6.51138e-07 
1197.85 6.61358e-07 
1197.86 6.71744e-07 
1197.87 6.82297e-07 
1197.88 6.93018e-07 
1197.88 7.03904e-07 
1197.89 7.14956e-07 
1197.9 7.26173e-07 
1197.91 7.37553e-07 
1197.92 7.49097e-07 
1197.93 7.60804e-07 
1197.94 7.72669e-07 
1197.95 7.84695e-07 
1197.96 7.96879e-07 
1197.97 8.09219e-07 
1197.98 8.2188e-07 
1197.99 8.34528e-07 
1198 8.4733e-07 
1198.01 8.60279e-07 
1198.02 8.73375e-07 
1198.03 8.86615e-07 
1198.04 8.99997e-07 
1198.05 9.13517e-07 
1198.06 9.27175e-07 
1198.07 9.40967e-07 
1198.08 9.54888e-07 
1198.09 9.68936e-07 
1198.1 9.8311e-07 
1198.11 9.97403e-07 
1198.12 1.01181e-06 
1198.13 1.02634e-06 
1198.14 1.04097e-06 
1198.15 1.05571e-06 
1198.16 1.07055e-06 
1198.17 1.08549e-06 
1198.18 1.10052e-06 
1198.19 1.11564e-06 
1198.2 1.13084e-06 
1198.21 1.14612e-06 
1198.22 1.16148e-06 
1198.23 1.17711e-06 
1198.24 1.1926e-06 
1198.25 1.20815e-06 
1198.26 1.22375e-06 
1198.27 1.2394e-06 
1198.28 1.2551e-06 
1198.29 1.27083e-06 
1198.3 1.28659e-06 
1198.3 1.30238e-06 
1198.31 1.31818e-06 
1198.32 1.334e-06 
1198.33 1.34983e-06 
1198.34 1.36566e-06 
1198.35 1.38148e-06 
1198.36 1.39728e-06 
1198.37 1.41307e-06 
1198.38 1.42884e-06 
1198.39 1.44457e-06 
1198.4 1.46026e-06 
1198.41 1.47591e-06 
1198.42 1.49151e-06 
1198.43 1.50704e-06 
1198.44 1.52251e-06 
1198.45 1.53791e-06 
1198.46 1.55322e-06 
1198.47 1.56845e-06 
1198.48 1.58378e-06 
1198.49 1.59881e-06 
1198.5 1.61373e-06 
1198.51 1.62853e-06 
1198.52 1.64321e-06 
1198.53 1.65776e-06 
1198.54 1.67217e-06 
1198.55 1.68644e-06 
1198.56 1.70055e-06 
1198.57 1.71451e-06 
1198.58 1.72829e-06 
1198.59 1.74191e-06 
1198.6 1.75534e-06 
1198.61 1.76968e-06 
1198.62 1.78274e-06 
1198.63 1.7956e-06 
1198.64 1.80825e-06 
1198.65 1.82068e-06 
1198.66 1.83289e-06 
1198.67 1.84487e-06 
1198.68 1.85662e-06 
1198.69 1.86812e-06 
1198.7 1.87938e-06 
1198.71 1.89038e-06 
1198.72 1.90112e-06 
1198.73 1.91173e-06 
1198.73 1.92193e-06 
1198.74 1.93185e-06 
1198.75 1.94149e-06 
1198.76 1.95083e-06 
1198.77 1.95988e-06 
1198.78 1.96863e-06 
1198.79 1.97708e-06 
1198.8 1.98521e-06 
1198.81 1.99303e-06 
1198.82 2.00053e-06 
1198.83 2.0077e-06 
1198.84 2.01455e-06 
1198.85 2.02106e-06 
1198.86 2.02724e-06 
1198.87 2.03308e-06 
1198.88 2.03857e-06 
1198.89 2.04371e-06 
1198.9 2.04851e-06 
1198.91 2.05294e-06 
1198.92 2.05702e-06 
1198.93 2.06075e-06 
1198.94 2.06411e-06 
1198.95 2.06711e-06 
1198.96 2.06975e-06 
1198.97 2.07201e-06 
1198.98 2.07394e-06 
1198.99 2.07546e-06 
1199 2.07661e-06 
1199.01 2.07738e-06 
1199.02 2.07779e-06 
1199.03 2.07782e-06 
1199.04 2.07747e-06 
1199.05 2.07676e-06 
1199.06 2.07567e-06 
1199.07 2.0742e-06 
1199.08 2.07237e-06 
1199.09 2.07016e-06 
1199.1 2.06758e-06 
1199.11 2.06463e-06 
1199.12 2.06132e-06 
1199.13 2.05764e-06 
1199.14 2.05359e-06 
1199.15 2.04918e-06 
1199.15 2.04441e-06 
1199.16 2.03929e-06 
1199.17 2.03381e-06 
1199.18 2.02797e-06 
1199.19 2.0218e-06 
1199.2 2.01527e-06 
1199.21 2.00841e-06 
1199.22 2.00111e-06 
1199.23 1.99357e-06 
1199.24 1.9857e-06 
1199.25 1.97751e-06 
1199.26 1.96899e-06 
1199.27 1.96016e-06 
1199.28 1.95101e-06 
1199.29 1.94156e-06 
1199.3 1.93181e-06 
1199.31 1.92177e-06 
1199.32 1.91143e-06 
1199.33 1.90081e-06 
1199.34 1.88991e-06 
1199.35 1.87873e-06 
1199.36 1.86729e-06 
1199.37 1.85559e-06 
1199.38 1.84364e-06 
1199.39 1.83143e-06 
1199.4 1.81899e-06 
1199.41 1.80631e-06 
1199.42 1.7934e-06 
1199.43 1.78027e-06 
1199.44 1.76692e-06 
1199.45 1.75337e-06 
1199.46 1.73962e-06 
1199.47 1.72567e-06 
1199.48 1.71136e-06 
1199.49 1.69705e-06 
1199.5 1.68256e-06 
1199.51 1.66791e-06 
1199.52 1.6531e-06 
1199.53 1.63815e-06 
1199.54 1.62305e-06 
1199.55 1.60781e-06 
1199.56 1.59245e-06 
1199.57 1.57697e-06 
1199.58 1.56138e-06 
1199.58 1.54568e-06 
1199.59 1.52989e-06 
1199.6 1.51401e-06 
1199.61 1.49897e-06 
1199.62 1.48292e-06 
1199.63 1.46681e-06 
1199.64 1.45063e-06 
1199.65 1.43441e-06 
1199.66 1.41814e-06 
1199.67 1.40183e-06 
1199.68 1.38549e-06 
1199.69 1.36913e-06 
1199.7 1.35275e-06 
1199.71 1.33637e-06 
1199.72 1.31998e-06 
1199.73 1.3034e-06 
1199.74 1.28704e-06 
1199.75 1.27069e-06 
1199.76 1.25438e-06 
1199.77 1.23809e-06 
1199.78 1.22185e-06 
1199.79 1.20565e-06 
1199.8 1.1895e-06 
1199.81 1.17342e-06 
1199.82 1.1574e-06 
1199.83 1.14145e-06 
1199.84 1.12558e-06 
1199.85 1.10979e-06 
1199.86 1.0941e-06 
1199.87 1.0785e-06 
1199.88 1.063e-06 
1199.89 1.04761e-06 
1199.9 1.03233e-06 
1199.91 1.01717e-06 
1199.92 1.00213e-06 
1199.93 9.87222e-07 
1199.94 9.72445e-07 
1199.95 9.57805e-07 
1199.96 9.43308e-07 
1199.97 9.28959e-07 
1199.98 9.14588e-07 
1199.99 9.00546e-07 
1200 8.86665e-07 
1200.01 8.7295e-07 
1200.01 8.59402e-07 
1200.02 8.46026e-07 
1200.03 8.32825e-07 
1200.04 8.19804e-07 
1200.05 8.06966e-07 
1200.06 7.94313e-07 
1200.07 7.81849e-07 
1200.08 7.69578e-07 
1200.09 7.57504e-07 
1200.1 7.45626e-07 
1200.11 7.33949e-07 
1200.12 7.22476e-07 
1200.13 7.11208e-07 
1200.14 7.00149e-07 
1200.15 6.893e-07 
1200.16 6.78664e-07 
1200.17 6.68241e-07 
1200.18 6.58035e-07 
1200.19 6.48048e-07 
1200.2 6.38279e-07 
1200.21 6.28732e-07 
1200.22 6.19407e-07 
1200.23 6.10198e-07 
1200.24 6.01324e-07 
1200.25 5.92677e-07 
1200.26 5.84256e-07 
1200.27 5.76063e-07 
1200.28 5.68099e-07 
1200.29 5.60363e-07 
1200.3 5.52857e-07 
1200.31 5.45581e-07 
1200.32 5.38535e-07 
1200.33 5.3172e-07 
1200.34 5.25135e-07 
1200.35 5.1878e-07 
1200.36 5.12656e-07 
1200.37 5.06763e-07 
1200.38 5.01099e-07 
1200.39 4.95665e-07 
1200.4 4.9046e-07 
1200.41 4.85484e-07 
1200.42 4.80735e-07 
1200.43 4.76214e-07 
1200.43 4.71919e-07 
1200.44 4.6785e-07 
1200.45 4.64005e-07 
1200.46 4.60384e-07 
1200.47 4.56985e-07 
1200.48 4.53772e-07 
1200.49 4.50817e-07 
1200.5 4.48079e-07 
1200.51 4.45559e-07 
1200.52 4.43255e-07 
1200.53 4.41163e-07 
1200.54 4.39284e-07 
1200.55 4.37615e-07 
1200.56 4.36155e-07 
1200.57 4.34901e-07 
1200.58 4.33852e-07 
1200.59 4.33005e-07 
1200.6 4.32359e-07 
1200.61 4.32179e-07 
1200.62 4.31927e-07 
1200.63 4.31869e-07 
1200.64 4.32002e-07 
1200.65 4.32324e-07 
1200.66 4.32833e-07 
1200.67 4.33527e-07 
1200.68 4.34401e-07 
1200.69 4.35454e-07 
1200.7 4.36683e-07 
1200.71 4.38086e-07 
1200.72 4.39659e-07 
1200.73 4.41426e-07 
1200.74 4.43333e-07 
1200.75 4.45402e-07 
1200.76 4.47629e-07 
1200.77 4.50011e-07 
1200.78 4.52546e-07 
1200.79 4.55229e-07 
1200.8 4.58059e-07 
1200.81 4.61031e-07 
1200.82 4.64142e-07 
1200.83 4.67389e-07 
1200.84 4.70769e-07 
1200.85 4.74276e-07 
1200.85 4.7791e-07 
1200.86 4.81665e-07 
1200.87 4.85538e-07 
1200.88 4.89526e-07 
1200.89 4.93625e-07 
1200.9 4.97832e-07 
1200.91 5.02141e-07 
1200.92 5.0655e-07 
1200.93 5.11055e-07 
1200.94 5.15653e-07 
1200.95 5.20338e-07 
1200.96 5.25108e-07 
1200.97 5.29958e-07 
1200.98 5.34951e-07 
1200.99 5.39952e-07 
1201 5.45021e-07 
1201.01 5.50155e-07 
1201.02 5.5535e-07 
1201.03 5.60602e-07 
1201.04 5.65905e-07 
1201.05 5.71258e-07 
1201.06 5.76657e-07 
1201.07 5.82095e-07 
1201.08 5.8757e-07 
1201.09 5.93078e-07 
1201.1 5.98615e-07 
1201.11 6.04175e-07 
1201.12 6.09757e-07 
1201.13 6.15356e-07 
1201.14 6.20967e-07 
1201.15 6.26588e-07 
1201.16 6.32213e-07 
1201.17 6.37839e-07 
1201.18 6.43462e-07 
1201.19 6.49078e-07 
1201.2 6.54685e-07 
1201.21 6.60276e-07 
1201.22 6.65849e-07 
1201.23 6.71474e-07 
1201.24 6.77e-07 
1201.25 6.82496e-07 
1201.26 6.8796e-07 
1201.27 6.93387e-07 
1201.28 6.98774e-07 
1201.28 7.04118e-07 
1201.29 7.09416e-07 
1201.3 7.14663e-07 
1201.31 7.19857e-07 
1201.32 7.24995e-07 
1201.33 7.30073e-07 
1201.34 7.35088e-07 
1201.35 7.40037e-07 
1201.36 7.44919e-07 
1201.37 7.49728e-07 
1201.38 7.54464e-07 
1201.39 7.59121e-07 
1201.4 7.63702e-07 
1201.41 7.68198e-07 
1201.42 7.72611e-07 
1201.43 7.76937e-07 
1201.44 7.81174e-07 
1201.45 7.8532e-07 
1201.46 7.89372e-07 
1201.47 7.9333e-07 
1201.48 7.97241e-07 
1201.49 8.01001e-07 
1201.5 8.04662e-07 
1201.51 8.0822e-07 
1201.52 8.11674e-07 
1201.53 8.15024e-07 
1201.54 8.18268e-07 
1201.55 8.21405e-07 
1201.56 8.24434e-07 
1201.57 8.27353e-07 
1201.58 8.30164e-07 
1201.59 8.32863e-07 
1201.6 8.35451e-07 
1201.61 8.38449e-07 
1201.62 8.40815e-07 
1201.63 8.43069e-07 
1201.64 8.45212e-07 
1201.65 8.47242e-07 
1201.66 8.49159e-07 
1201.67 8.50965e-07 
1201.68 8.52659e-07 
1201.69 8.54243e-07 
1201.7 8.55716e-07 
1201.7 8.57078e-07 
1201.71 8.58332e-07 
1201.72 8.59494e-07 
1201.73 8.6053e-07 
1201.74 8.61461e-07 
1201.75 8.62286e-07 
1201.76 8.63007e-07 
1201.77 8.63625e-07 
1201.78 8.64144e-07 
1201.79 8.64563e-07 
1201.8 8.64884e-07 
1201.81 8.65109e-07 
1201.82 8.6524e-07 
1201.83 8.65278e-07 
1201.84 8.65228e-07 
1201.85 8.65089e-07 
1201.86 8.64864e-07 
1201.87 8.64555e-07 
1201.88 8.64165e-07 
1201.89 8.63696e-07 
1201.9 8.6315e-07 
1201.91 8.6253e-07 
1201.92 8.61839e-07 
1201.93 8.61079e-07 
1201.94 8.60254e-07 
1201.95 8.59363e-07 
1201.96 8.58412e-07 
1201.97 8.57404e-07 
1201.98 8.5633e-07 
1201.99 8.55213e-07 
1202 8.54047e-07 
1202.01 8.52834e-07 
1202.02 8.51579e-07 
1202.03 8.50283e-07 
1202.04 8.48949e-07 
1202.05 8.47579e-07 
1202.06 8.46179e-07 
1202.07 8.4475e-07 
1202.08 8.43295e-07 
1202.09 8.41817e-07 
1202.1 8.4032e-07 
1202.11 8.38805e-07 
1202.12 8.37277e-07 
1202.13 8.35737e-07 
1202.13 8.3419e-07 
1202.14 8.32637e-07 
1202.15 8.31081e-07 
1202.16 8.29525e-07 
1202.17 8.27973e-07 
1202.18 8.26425e-07 
1202.19 8.24887e-07 
1202.2 8.23359e-07 
1202.21 8.21844e-07 
1202.22 8.20329e-07 
1202.23 8.18848e-07 
1202.24 8.17388e-07 
1202.25 8.1595e-07 
1202.26 8.14537e-07 
1202.27 8.13151e-07 
1202.28 8.11795e-07 
1202.29 8.10469e-07 
1202.3 8.09177e-07 
1202.31 8.07919e-07 
1202.32 8.06697e-07 
1202.33 8.05513e-07 
1202.34 8.0437e-07 
1202.35 8.03266e-07 
1202.36 8.02205e-07 
1202.37 8.01188e-07 
1202.38 8.00214e-07 
1202.39 7.99288e-07 
1202.4 7.98407e-07 
1202.41 7.97574e-07 
1202.42 7.96789e-07 
1202.43 7.96053e-07 
1202.44 7.95367e-07 
1202.45 7.9473e-07 
1202.46 7.94143e-07 
1202.47 7.93607e-07 
1202.48 7.93117e-07 
1202.49 7.92682e-07 
1202.5 7.92298e-07 
1202.51 7.91963e-07 
1202.52 7.91678e-07 
1202.53 7.91443e-07 
1202.54 7.91256e-07 
1202.55 7.91118e-07 
1202.56 7.91027e-07 
1202.56 7.90983e-07 
1202.57 7.90984e-07 
1202.58 7.9103e-07 
1202.59 7.91122e-07 
1202.6 7.91254e-07 
1202.61 7.91919e-07 
1202.62 7.92132e-07 
1202.63 7.92384e-07 
1202.64 7.92672e-07 
1202.65 7.92996e-07 
1202.66 7.93354e-07 
1202.67 7.93743e-07 
1202.68 7.94162e-07 
1202.69 7.94609e-07 
1202.7 7.95081e-07 
1202.71 7.95577e-07 
1202.72 7.96095e-07 
1202.73 7.96641e-07 
1202.74 7.97195e-07 
1202.75 7.97764e-07 
1202.76 7.98345e-07 
1202.77 7.98936e-07 
1202.78 7.99535e-07 
1202.79 8.00138e-07 
1202.8 8.00744e-07 
1202.81 8.01351e-07 
1202.82 8.01953e-07 
1202.83 8.02551e-07 
1202.84 8.0314e-07 
1202.85 8.03719e-07 
1202.86 8.04284e-07 
1202.87 8.04832e-07 
1202.88 8.05362e-07 
1202.89 8.0587e-07 
1202.9 8.06353e-07 
1202.91 8.0681e-07 
1202.92 8.07236e-07 
1202.93 8.07631e-07 
1202.94 8.07989e-07 
1202.95 8.08309e-07 
1202.96 8.08588e-07 
1202.97 8.08825e-07 
1202.98 8.09015e-07 
1202.98 8.0916e-07 
1202.99 8.09249e-07 
1203 8.09285e-07 
1203.01 8.09264e-07 
1203.02 8.09185e-07 
1203.03 8.09044e-07 
1203.04 8.08841e-07 
1203.05 8.08571e-07 
1203.06 8.08232e-07 
1203.07 8.07823e-07 
1203.08 8.07343e-07 
1203.09 8.06787e-07 
1203.1 8.06154e-07 
1203.11 8.05444e-07 
1203.12 8.04653e-07 
1203.13 8.03779e-07 
1203.14 8.02821e-07 
1203.15 8.01777e-07 
1203.16 8.00646e-07 
1203.17 7.99426e-07 
1203.18 7.98115e-07 
1203.19 7.96714e-07 
1203.2 7.95219e-07 
1203.21 7.9363e-07 
1203.22 7.91946e-07 
1203.23 7.90144e-07 
1203.24 7.88264e-07 
1203.25 7.86287e-07 
1203.26 7.8421e-07 
1203.27 7.82034e-07 
1203.28 7.79757e-07 
1203.29 7.77381e-07 
1203.3 7.74903e-07 
1203.31 7.72323e-07 
1203.32 7.69641e-07 
1203.33 7.66858e-07 
1203.34 7.63974e-07 
1203.35 7.60987e-07 
1203.36 7.57899e-07 
1203.37 7.54708e-07 
1203.38 7.51418e-07 
1203.39 7.48025e-07 
1203.4 7.44533e-07 
1203.41 7.4094e-07 
1203.41 7.3725e-07 
1203.42 7.3346e-07 
1203.43 7.29573e-07 
1203.44 7.25589e-07 
1203.45 7.2151e-07 
1203.46 7.17336e-07 
1203.47 7.13067e-07 
1203.48 7.08654e-07 
1203.49 7.04201e-07 
1203.5 6.99659e-07 
1203.51 6.95029e-07 
1203.52 6.90313e-07 
1203.53 6.85511e-07 
1203.54 6.80625e-07 
1203.55 6.75658e-07 
1203.56 6.7061e-07 
1203.57 6.65485e-07 
1203.58 6.60282e-07 
1203.59 6.55005e-07 
1203.6 6.49656e-07 
1203.61 6.44635e-07 
1203.62 6.39142e-07 
1203.63 6.33583e-07 
1203.64 6.2796e-07 
1203.65 6.22275e-07 
1203.66 6.16531e-07 
1203.67 6.10727e-07 
1203.68 6.04868e-07 
1203.69 5.98958e-07 
1203.7 5.92996e-07 
1203.71 5.86985e-07 
1203.72 5.80928e-07 
1203.73 5.74752e-07 
1203.74 5.6861e-07 
1203.75 5.62429e-07 
1203.76 5.56212e-07 
1203.77 5.49962e-07 
1203.78 5.43679e-07 
1203.79 5.37368e-07 
1203.8 5.31031e-07 
1203.81 5.24669e-07 
1203.82 5.18287e-07 
1203.83 5.11884e-07 
1203.83 5.05466e-07 
1203.84 4.99034e-07 
1203.85 4.9259e-07 
1203.86 4.86136e-07 
1203.87 4.79676e-07 
1203.88 4.73212e-07 
1203.89 4.66745e-07 
1203.9 4.60279e-07 
1203.91 4.53815e-07 
1203.92 4.47356e-07 
1203.93 4.40905e-07 
1203.94 4.34463e-07 
1203.95 4.28032e-07 
1203.96 4.21615e-07 
1203.97 4.15215e-07 
1203.98 4.08753e-07 
1203.99 4.02391e-07 
1204 3.96051e-07 
1204.01 3.89736e-07 
1204.02 3.83447e-07 
1204.03 3.77186e-07 
1204.04 3.70955e-07 
1204.05 3.64757e-07 
1204.06 3.58592e-07 
1204.07 3.52462e-07 
1204.08 3.4637e-07 
1204.09 3.40316e-07 
1204.1 3.34303e-07 
1204.11 3.28332e-07 
1204.12 3.22404e-07 
1204.13 3.16522e-07 
1204.14 3.10686e-07 
1204.15 3.04898e-07 
1204.16 2.99159e-07 
1204.17 2.9347e-07 
1204.18 2.87834e-07 
1204.19 2.8225e-07 
1204.2 2.76719e-07 
1204.21 2.71244e-07 
1204.22 2.65825e-07 
1204.23 2.60396e-07 
1204.24 2.55092e-07 
1204.25 2.49847e-07 
1204.26 2.44663e-07 
1204.26 2.39537e-07 
1204.27 2.34474e-07 
1204.28 2.29472e-07 
1204.29 2.24532e-07 
1204.3 2.19655e-07 
1204.31 2.14842e-07 
1204.32 2.10093e-07 
1204.33 2.05408e-07 
1204.34 2.00788e-07 
1204.35 1.96232e-07 
1204.36 1.91742e-07 
1204.37 1.87318e-07 
1204.38 1.8296e-07 
1204.39 1.78668e-07 
1204.4 1.74442e-07 
1204.41 1.70282e-07 
1204.42 1.66188e-07 
1204.43 1.6216e-07 
1204.44 1.58199e-07 
1204.45 1.54304e-07 
1204.46 1.50475e-07 
1204.47 1.46712e-07 
1204.48 1.42969e-07 
1204.49 1.39338e-07 
1204.5 1.35772e-07 
1204.51 1.32271e-07 
1204.52 1.28835e-07 
1204.53 1.25463e-07 
1204.54 1.22155e-07 
1204.55 1.18911e-07 
1204.56 1.1573e-07 
1204.57 1.12612e-07 
1204.58 1.09555e-07 
1204.59 1.06561e-07 
1204.6 1.03628e-07 
1204.61 1.00755e-07 
1204.62 9.80034e-08 
1204.63 9.52488e-08 
1204.64 9.25533e-08 
1204.65 8.99162e-08 
1204.66 8.73367e-08 
1204.67 8.48145e-08 
1204.68 8.23487e-08 
1204.68 7.99386e-08 
1204.69 7.75836e-08 
1204.7 7.52831e-08 
1204.71 7.30362e-08 
1204.72 7.08152e-08 
1204.73 6.8674e-08 
1204.74 6.65845e-08 
1204.75 6.45456e-08 
1204.76 6.25567e-08 
1204.77 6.06169e-08 
1204.78 5.87256e-08 
1204.79 5.6882e-08 
1204.8 5.50853e-08 
1204.81 5.33348e-08 
1204.82 5.16295e-08 
1204.83 4.99688e-08 
1204.84 4.83519e-08 
1204.85 4.6778e-08 
1204.86 4.52463e-08 
1204.87 4.3756e-08 
1204.88 4.23064e-08 
1204.89 4.08966e-08 
1204.9 3.9526e-08 
1204.91 3.81936e-08 
1204.92 3.68989e-08 
1204.93 3.56409e-08 
1204.94 3.44189e-08 
1204.95 3.32322e-08 
1204.96 3.208e-08 
1204.97 3.09616e-08 
1204.98 2.98628e-08 
1204.99 2.88101e-08 
1205 2.7789e-08 
1205.01 2.67988e-08 
1205.02 2.58386e-08 
1205.03 2.49079e-08 
1205.04 2.40059e-08 
1205.05 2.3132e-08 
1205.06 2.22854e-08 
1205.07 2.14655e-08 
1205.08 2.06717e-08 
1205.09 1.99033e-08 
1205.1 1.91596e-08 
1205.11 1.844e-08 
1205.11 1.77439e-08 
1205.12 1.70706e-08 
1205.13 1.64197e-08 
1205.14 1.57904e-08 
1205.15 1.51822e-08 
1205.16 1.45945e-08 
1205.17 1.40267e-08 
1205.18 1.34784e-08 
1205.19 1.29489e-08 
1205.2 1.24377e-08 
1205.21 1.19443e-08 
1205.22 1.14625e-08 
1205.23 1.10033e-08 
1205.24 1.05604e-08 
1205.25 1.01334e-08 
1205.26 9.72171e-09 
1205.27 9.32486e-09 
1205.28 8.94244e-09 
1205.29 8.57399e-09 
1205.3 8.21907e-09 
1205.31 7.87728e-09 
1205.32 7.54819e-09 
1205.33 7.2314e-09 
1205.34 6.92653e-09 
1205.35 6.63319e-09 
1205.36 6.35101e-09 
1205.37 6.07961e-09 
1205.38 5.81865e-09 
1205.39 5.56778e-09 
1205.4 5.32666e-09 
1205.41 5.09497e-09 
1205.42 4.87238e-09 
1205.43 4.65859e-09 
1205.44 4.45328e-09 
1205.45 4.25618e-09 
1205.46 4.06699e-09 
1205.47 3.88543e-09 
1205.48 3.70915e-09 
1205.49 3.5421e-09 
1205.5 3.38194e-09 
1205.51 3.22837e-09 
1205.52 3.08117e-09 
1205.53 2.94009e-09 
1205.54 2.80491e-09 
1205.54 2.6754e-09 
1205.55 2.55138e-09 
1205.56 2.43261e-09 
1205.57 2.31891e-09 
1205.58 2.21008e-09 
1205.59 2.10594e-09 
1205.6 2.00631e-09 
1205.61 1.91219e-09 
1205.62 1.82099e-09 
1205.63 1.7338e-09 
1205.64 1.65045e-09 
1205.65 1.5708e-09 
1205.66 1.49469e-09 
1205.67 1.42199e-09 
1205.68 1.35255e-09 
1205.69 1.28625e-09 
1205.7 1.22295e-09 
1205.71 1.16253e-09 
1205.72 1.10488e-09 
1205.73 1.04921e-09 
1205.74 9.96775e-10 
1205.75 9.46774e-10 
1205.76 8.99102e-10 
1205.77 8.5366e-10 
1205.78 8.10352e-10 
1205.79 7.69089e-10 
1205.8 7.2978e-10 
1205.81 6.92342e-10 
1205.82 6.56694e-10 
1205.83 6.22756e-10 
1205.84 5.90455e-10 
1205.85 5.59717e-10 
1205.86 5.30474e-10 
1205.87 5.02658e-10 
1205.88 4.76205e-10 
1205.89 4.51055e-10 
1205.9 4.27147e-10 
1205.91 4.04426e-10 
1205.92 3.82837e-10 
1205.93 3.62328e-10 
1205.94 3.42849e-10 
1205.95 3.24353e-10 
1205.96 3.06793e-10 
1205.96 2.90126e-10 
1205.97 2.74309e-10 
1205.98 2.59121e-10 
1205.99 2.44896e-10 
1206 2.31406e-10 
1206.01 2.18616e-10 
1206.02 2.06491e-10 
1206.03 1.94999e-10 
1206.04 1.84111e-10 
1206.05 1.73796e-10 
1206.06 1.64025e-10 
1206.07 1.54773e-10 
1206.08 1.46014e-10 
1206.09 1.37723e-10 
1206.1 1.29877e-10 
1206.11 1.22454e-10 
1206.12 1.15431e-10 
1206.13 1.0879e-10 
1206.14 1.0251e-10 
1206.15 9.65736e-11 
1206.16 9.09627e-11 
1206.17 8.56606e-11 
1206.18 8.06514e-11 
1206.19 7.592e-11 
1206.2 7.1452e-11 
1206.21 6.72334e-11 
1206.22 6.32513e-11 
1206.23 5.94475e-11 
1206.24 5.5904e-11 
1206.25 5.25612e-11 
1206.26 4.94084e-11 
1206.27 4.64355e-11 
1206.28 4.36327e-11 
1206.29 4.0991e-11 
1206.3 3.85014e-11 
1206.31 3.61558e-11 
1206.32 3.39463e-11 
1206.33 3.18655e-11 
1206.34 2.99063e-11 
1206.35 2.80619e-11 
1206.36 2.6326e-11 
1206.37 2.46926e-11 
1206.38 2.31558e-11 
1206.39 2.17104e-11 
1206.39 2.03511e-11 
1206.4 1.90731e-11 
1206.41 1.78718e-11 
1206.42 1.67429e-11 
1206.43 1.56821e-11 
1206.44 1.46856e-11 
1206.45 1.37496e-11 
1206.46 1.28707e-11 
1206.47 1.20457e-11 
1206.48 1.12618e-11 
1206.49 1.05357e-11 
1206.5 9.85434e-12 
1206.51 9.21524e-12 
1206.52 8.61587e-12 
1206.53 8.05388e-12 
1206.54 7.52705e-12 
1206.55 7.03328e-12 
1206.56 6.57059e-12 
1206.57 6.13712e-12 
1206.58 5.73111e-12 
1206.59 5.3509e-12 
1206.6 0 
