#energy geo_1 
1186.6 1.25089e-26 
1186.61 1.4316e-26 
1186.62 1.63807e-26 
1186.63 1.87395e-26 
1186.64 2.14334e-26 
1186.65 2.45096e-26 
1186.66 2.80214e-26 
1186.67 3.20299e-26 
1186.68 3.66043e-26 
1186.69 4.18233e-26 
1186.7 4.77766e-26 
1186.71 5.4566e-26 
1186.72 6.23075e-26 
1186.73 7.12504e-26 
1186.74 8.13251e-26 
1186.75 9.28054e-26 
1186.76 1.05884e-25 
1186.77 1.20782e-25 
1186.78 1.37746e-25 
1186.79 1.57062e-25 
1186.8 1.79049e-25 
1186.81 2.04072e-25 
1186.81 2.32543e-25 
1186.82 2.64933e-25 
1186.83 3.01772e-25 
1186.84 3.43662e-25 
1186.85 3.91287e-25 
1186.86 4.4542e-25 
1186.87 5.06937e-25 
1186.88 5.76831e-25 
1186.89 6.56227e-25 
1186.9 7.46397e-25 
1186.91 8.48783e-25 
1186.92 9.65014e-25 
1186.93 1.09694e-24 
1186.94 1.24663e-24 
1186.95 1.41647e-24 
1186.96 1.60911e-24 
1186.97 1.82758e-24 
1186.98 2.07857e-24 
1186.99 2.35979e-24 
1187 2.67851e-24 
1187.01 3.03965e-24 
1187.02 3.44877e-24 
1187.03 3.91215e-24 
1187.04 4.43688e-24 
1187.05 5.03095e-24 
1187.06 5.70338e-24 
1187.07 6.46436e-24 
1187.08 7.32536e-24 
1187.09 8.29933e-24 
1187.1 9.40086e-24 
1187.11 1.06464e-23 
1187.12 1.20545e-23 
1187.13 1.3646e-23 
1187.14 1.54444e-23 
1187.15 1.74762e-23 
1187.16 1.97713e-23 
1187.17 2.23632e-23 
1187.18 2.52896e-23 
1187.19 2.85931e-23 
1187.2 3.23214e-23 
1187.21 3.65283e-23 
1187.22 4.12744e-23 
1187.23 4.66985e-23 
1187.24 5.2744e-23 
1187.24 5.95599e-23 
1187.25 6.72427e-23 
1187.26 7.59008e-23 
1187.27 8.56562e-23 
1187.28 9.66455e-23 
1187.29 1.09022e-22 
1187.3 1.22958e-22 
1187.31 1.38648e-22 
1187.32 1.56307e-22 
1187.33 1.76178e-22 
1187.34 1.98535e-22 
1187.35 2.23684e-22 
1187.36 2.51965e-22 
1187.37 2.83764e-22 
1187.38 3.1951e-22 
1187.39 3.59686e-22 
1187.4 4.04829e-22 
1187.41 4.55544e-22 
1187.42 5.12507e-22 
1187.43 5.76475e-22 
1187.44 6.48292e-22 
1187.45 7.28906e-22 
1187.46 8.19376e-22 
1187.47 9.20884e-22 
1187.48 1.03626e-21 
1187.49 1.16416e-21 
1187.5 1.30757e-21 
1187.51 1.46834e-21 
1187.52 1.64854e-21 
1187.53 1.85048e-21 
1187.54 2.07672e-21 
1187.55 2.33014e-21 
1187.56 2.61395e-21 
1187.57 2.93172e-21 
1187.58 3.28745e-21 
1187.59 3.68558e-21 
1187.6 4.13107e-21 
1187.61 4.63234e-21 
1187.62 5.19014e-21 
1187.63 5.8139e-21 
1187.64 6.51128e-21 
1187.65 7.29081e-21 
1187.66 8.16199e-21 
1187.66 9.13538e-21 
1187.67 1.02227e-20 
1187.68 1.14372e-20 
1187.69 1.27933e-20 
1187.7 1.43072e-20 
1187.71 1.59969e-20 
1187.72 1.78826e-20 
1187.73 2.00141e-20 
1187.74 2.2364e-20 
1187.75 2.49847e-20 
1187.76 2.79067e-20 
1187.77 3.1164e-20 
1187.78 3.47943e-20 
1187.79 3.88395e-20 
1187.8 4.33461e-20 
1187.81 4.83656e-20 
1187.82 5.39553e-20 
1187.83 6.01786e-20 
1187.84 6.71058e-20 
1187.85 7.4815e-20 
1187.86 8.33926e-20 
1187.87 9.29346e-20 
1187.88 1.03547e-19 
1187.89 1.15347e-19 
1187.9 1.28466e-19 
1187.91 1.43048e-19 
1187.92 1.59251e-19 
1187.93 1.77254e-19 
1187.94 1.97251e-19 
1187.95 2.19458e-19 
1187.96 2.44116e-19 
1187.97 2.71488e-19 
1187.98 3.02267e-19 
1187.99 3.3602e-19 
1188 3.73465e-19 
1188.01 4.14997e-19 
1188.02 4.61053e-19 
1188.03 5.12114e-19 
1188.04 5.68714e-19 
1188.05 6.31438e-19 
1188.06 7.00937e-19 
1188.07 7.77924e-19 
1188.08 8.63189e-19 
1188.09 9.57602e-19 
1188.09 1.06212e-18 
1188.1 1.17781e-18 
1188.11 1.30583e-18 
1188.12 1.44746e-18 
1188.13 1.60412e-18 
1188.14 1.77738e-18 
1188.15 1.96894e-18 
1188.16 2.1807e-18 
1188.17 2.41473e-18 
1188.18 2.67334e-18 
1188.19 2.95902e-18 
1188.2 3.27456e-18 
1188.21 3.623e-18 
1188.22 4.00769e-18 
1188.23 4.4379e-18 
1188.24 4.90708e-18 
1188.25 5.42475e-18 
1188.26 5.99579e-18 
1188.27 6.62557e-18 
1188.28 7.32e-18 
1188.29 8.08555e-18 
1188.3 8.92932e-18 
1188.31 9.85911e-18 
1188.32 1.08835e-17 
1188.33 1.20118e-17 
1188.34 1.32543e-17 
1188.35 1.46224e-17 
1188.36 1.61284e-17 
1188.37 1.77858e-17 
1188.38 1.96095e-17 
1188.39 2.16157e-17 
1188.4 2.38223e-17 
1188.41 2.62486e-17 
1188.42 2.89162e-17 
1188.43 3.18483e-17 
1188.44 3.50705e-17 
1188.45 3.86107e-17 
1188.46 4.24996e-17 
1188.47 4.67705e-17 
1188.48 5.15214e-17 
1188.49 5.66754e-17 
1188.5 6.23321e-17 
1188.51 6.85393e-17 
1188.52 7.53491e-17 
1188.52 8.28184e-17 
1188.53 9.10094e-17 
1188.54 9.99898e-17 
1188.55 1.09834e-16 
1188.56 1.20622e-16 
1188.57 1.32443e-16 
1188.58 1.45392e-16 
1188.59 1.59574e-16 
1188.6 1.75212e-16 
1188.61 1.92224e-16 
1188.62 2.10844e-16 
1188.63 2.3122e-16 
1188.64 2.53513e-16 
1188.65 2.77898e-16 
1188.66 3.04566e-16 
1188.67 3.33724e-16 
1188.68 3.65598e-16 
1188.69 4.00434e-16 
1188.7 4.38499e-16 
1188.71 4.80083e-16 
1188.72 5.25503e-16 
1188.73 5.75749e-16 
1188.74 6.29958e-16 
1188.75 6.89129e-16 
1188.76 7.53702e-16 
1188.77 8.24157e-16 
1188.78 9.01011e-16 
1188.79 9.84829e-16 
1188.8 1.07622e-15 
1188.81 1.17586e-15 
1188.82 1.28445e-15 
1188.83 1.40278e-15 
1188.84 1.5317e-15 
1188.85 1.67212e-15 
1188.86 1.82503e-15 
1188.87 1.99152e-15 
1188.88 2.17275e-15 
1188.89 2.36999e-15 
1188.9 2.58459e-15 
1188.91 2.81805e-15 
1188.92 3.07196e-15 
1188.93 3.34806e-15 
1188.94 3.64823e-15 
1188.94 3.97448e-15 
1188.95 4.32902e-15 
1188.96 4.71421e-15 
1188.97 5.13262e-15 
1188.98 5.59293e-15 
1188.99 6.08681e-15 
1189 6.62293e-15 
1189.01 7.20478e-15 
1189.02 7.83614e-15 
1189.03 8.52107e-15 
1189.04 9.26396e-15 
1189.05 1.00695e-14 
1189.06 1.09429e-14 
1189.07 1.18896e-14 
1189.08 1.29155e-14 
1189.09 1.4027e-14 
1189.1 1.52311e-14 
1189.11 1.65351e-14 
1189.12 1.7947e-14 
1189.13 1.94755e-14 
1189.14 2.11299e-14 
1189.15 2.292e-14 
1189.16 2.48567e-14 
1189.17 2.69514e-14 
1189.18 2.92167e-14 
1189.19 3.16658e-14 
1189.2 3.43131e-14 
1189.21 3.71741e-14 
1189.22 4.02654e-14 
1189.23 4.36481e-14 
1189.24 4.72581e-14 
1189.25 5.11562e-14 
1189.26 5.53643e-14 
1189.27 5.99063e-14 
1189.28 6.48075e-14 
1189.29 7.00953e-14 
1189.3 7.57988e-14 
1189.31 8.19496e-14 
1189.32 8.85812e-14 
1189.33 9.57298e-14 
1189.34 1.03434e-13 
1189.35 1.11735e-13 
1189.36 1.20677e-13 
1189.36 1.30309e-13 
1189.37 1.4068e-13 
1189.38 1.51845e-13 
1189.39 1.63862e-13 
1189.4 1.76794e-13 
1189.41 1.90707e-13 
1189.42 2.05673e-13 
1189.43 2.21767e-13 
1189.44 2.39072e-13 
1189.45 2.57674e-13 
1189.46 2.77666e-13 
1189.47 2.99148e-13 
1189.48 3.22524e-13 
1189.49 3.47331e-13 
1189.5 3.7397e-13 
1189.51 4.02569e-13 
1189.52 4.33266e-13 
1189.53 4.66207e-13 
1189.54 5.01549e-13 
1189.55 5.3946e-13 
1189.56 5.80116e-13 
1189.57 6.23708e-13 
1189.58 6.70437e-13 
1189.59 7.20519e-13 
1189.6 7.74182e-13 
1189.61 8.32188e-13 
1189.62 8.93799e-13 
1189.63 9.59775e-13 
1189.64 1.03041e-12 
1189.65 1.10601e-12 
1189.66 1.18692e-12 
1189.67 1.27348e-12 
1189.68 1.36607e-12 
1189.69 1.46509e-12 
1189.7 1.57097e-12 
1189.71 1.68415e-12 
1189.72 1.80511e-12 
1189.73 1.93604e-12 
1189.74 2.07423e-12 
1189.75 2.22183e-12 
1189.76 2.37945e-12 
1189.77 2.54771e-12 
1189.78 2.72732e-12 
1189.79 2.91899e-12 
1189.79 3.12348e-12 
1189.8 3.34161e-12 
1189.81 3.57423e-12 
1189.82 3.82226e-12 
1189.83 4.08667e-12 
1189.84 4.36846e-12 
1189.85 4.66871e-12 
1189.86 4.98858e-12 
1189.87 5.32927e-12 
1189.88 5.69204e-12 
1189.89 6.07826e-12 
1189.9 6.48935e-12 
1189.91 6.92682e-12 
1189.92 7.39225e-12 
1189.93 7.88732e-12 
1189.94 8.41382e-12 
1189.95 8.97362e-12 
1189.96 9.56869e-12 
1189.97 1.02011e-11 
1189.98 1.08818e-11 
1189.99 1.15962e-11 
1190 1.23549e-11 
1190.01 1.31606e-11 
1190.02 1.40159e-11 
1190.03 1.49238e-11 
1190.04 1.58872e-11 
1190.05 1.69093e-11 
1190.06 1.79934e-11 
1190.07 1.91431e-11 
1190.08 2.0362e-11 
1190.09 2.16541e-11 
1190.1 2.30235e-11 
1190.11 2.44744e-11 
1190.12 2.60114e-11 
1190.13 2.76392e-11 
1190.14 2.93628e-11 
1190.15 3.11875e-11 
1190.16 3.31187e-11 
1190.17 3.51623e-11 
1190.18 3.73243e-11 
1190.19 3.96111e-11 
1190.2 4.20293e-11 
1190.21 4.45859e-11 
1190.21 4.72883e-11 
1190.22 5.01809e-11 
1190.23 5.32003e-11 
1190.24 5.63898e-11 
1190.25 5.97583e-11 
1190.26 6.33148e-11 
1190.27 6.70693e-11 
1190.28 7.10317e-11 
1190.29 7.52127e-11 
1190.3 7.96234e-11 
1190.31 8.42753e-11 
1190.32 8.91807e-11 
1190.33 9.43522e-11 
1190.34 9.98029e-11 
1190.35 1.05547e-10 
1190.36 1.11598e-10 
1190.37 1.17972e-10 
1190.38 1.24685e-10 
1190.39 1.31752e-10 
1190.4 1.39191e-10 
1190.41 1.4702e-10 
1190.42 1.55257e-10 
1190.43 1.63922e-10 
1190.44 1.73035e-10 
1190.45 1.82617e-10 
1190.46 1.9269e-10 
1190.47 2.03276e-10 
1190.48 2.14542e-10 
1190.49 2.26235e-10 
1190.5 2.38517e-10 
1190.51 2.51413e-10 
1190.52 2.64951e-10 
1190.53 2.79162e-10 
1190.54 2.94073e-10 
1190.55 3.09718e-10 
1190.56 3.26127e-10 
1190.57 3.43336e-10 
1190.58 3.61377e-10 
1190.59 3.80289e-10 
1190.6 4.00107e-10 
1190.61 4.21133e-10 
1190.62 4.42897e-10 
1190.63 4.6569e-10 
1190.64 4.89556e-10 
1190.64 5.14538e-10 
1190.65 5.40684e-10 
1190.66 5.68041e-10 
1190.67 5.9666e-10 
1190.68 6.26591e-10 
1190.69 6.57888e-10 
1190.7 6.90606e-10 
1190.71 7.24801e-10 
1190.72 7.60533e-10 
1190.73 7.98339e-10 
1190.74 8.37349e-10 
1190.75 8.78084e-10 
1190.76 9.20611e-10 
1190.77 9.64999e-10 
1190.78 1.01132e-09 
1190.79 1.05964e-09 
1190.8 1.11005e-09 
1190.81 1.16261e-09 
1190.82 1.21741e-09 
1190.83 1.27453e-09 
1190.84 1.33406e-09 
1190.85 1.39608e-09 
1190.86 1.46068e-09 
1190.87 1.52795e-09 
1190.88 1.598e-09 
1190.89 1.67091e-09 
1190.9 1.74678e-09 
1190.91 1.82573e-09 
1190.92 1.90785e-09 
1190.93 1.99326e-09 
1190.94 2.08205e-09 
1190.95 2.17436e-09 
1190.96 2.27029e-09 
1190.97 2.36996e-09 
1190.98 2.47482e-09 
1190.99 2.5824e-09 
1191 2.69411e-09 
1191.01 2.81006e-09 
1191.02 2.93041e-09 
1191.03 3.05527e-09 
1191.04 3.18481e-09 
1191.05 3.31914e-09 
1191.06 3.45844e-09 
1191.07 3.60283e-09 
1191.07 3.75248e-09 
1191.08 3.90754e-09 
1191.09 4.06817e-09 
1191.1 4.23453e-09 
1191.11 4.40679e-09 
1191.12 4.58511e-09 
1191.13 4.76966e-09 
1191.14 4.96061e-09 
1191.15 5.15815e-09 
1191.16 5.36245e-09 
1191.17 5.57369e-09 
1191.18 5.79205e-09 
1191.19 6.01774e-09 
1191.2 6.25093e-09 
1191.21 6.49181e-09 
1191.22 6.74059e-09 
1191.23 7.00073e-09 
1191.24 7.266e-09 
1191.25 7.53976e-09 
1191.26 7.82223e-09 
1191.27 8.11361e-09 
1191.28 8.41411e-09 
1191.29 8.72394e-09 
1191.3 9.04332e-09 
1191.31 9.37245e-09 
1191.32 9.71157e-09 
1191.33 1.00609e-08 
1191.34 1.04206e-08 
1191.35 1.0791e-08 
1191.36 1.11722e-08 
1191.37 1.15645e-08 
1191.38 1.19681e-08 
1191.39 1.23833e-08 
1191.4 1.28102e-08 
1191.41 1.32491e-08 
1191.42 1.37002e-08 
1191.43 1.41638e-08 
1191.44 1.464e-08 
1191.45 1.51292e-08 
1191.46 1.56314e-08 
1191.47 1.6147e-08 
1191.48 1.66829e-08 
1191.49 1.7226e-08 
1191.49 1.77831e-08 
1191.5 1.83545e-08 
1191.51 1.89404e-08 
1191.52 1.95409e-08 
1191.53 2.01563e-08 
1191.54 2.07868e-08 
1191.55 2.14326e-08 
1191.56 2.2094e-08 
1191.57 2.2771e-08 
1191.58 2.3464e-08 
1191.59 2.41731e-08 
1191.6 2.49139e-08 
1191.61 2.56562e-08 
1191.62 2.64152e-08 
1191.63 2.71911e-08 
1191.64 2.79839e-08 
1191.65 2.8794e-08 
1191.66 2.96214e-08 
1191.67 3.04664e-08 
1191.68 3.13289e-08 
1191.69 3.22093e-08 
1191.7 3.31076e-08 
1191.71 3.40239e-08 
1191.72 3.49584e-08 
1191.73 3.59233e-08 
1191.74 3.68947e-08 
1191.75 3.78845e-08 
1191.76 3.8893e-08 
1191.77 3.992e-08 
1191.78 4.09658e-08 
1191.79 4.20303e-08 
1191.8 4.31136e-08 
1191.81 4.42157e-08 
1191.82 4.53367e-08 
1191.83 4.64766e-08 
1191.84 4.76353e-08 
1191.85 4.88128e-08 
1191.86 5.00092e-08 
1191.87 5.12245e-08 
1191.88 5.24584e-08 
1191.89 5.37111e-08 
1191.9 5.49823e-08 
1191.91 5.62721e-08 
1191.92 5.75804e-08 
1191.92 5.89069e-08 
1191.93 6.02517e-08 
1191.94 6.16145e-08 
1191.95 6.29952e-08 
1191.96 6.43937e-08 
1191.97 6.58097e-08 
1191.98 6.72611e-08 
1191.99 6.87118e-08 
1192 7.01794e-08 
1192.01 7.16637e-08 
1192.02 7.31644e-08 
1192.03 7.46813e-08 
1192.04 7.6214e-08 
1192.05 7.77623e-08 
1192.06 7.93258e-08 
1192.07 8.09042e-08 
1192.08 8.24971e-08 
1192.09 8.41042e-08 
1192.1 8.57252e-08 
1192.11 8.73595e-08 
1192.12 8.90069e-08 
1192.13 9.06669e-08 
1192.14 9.23389e-08 
1192.15 9.40227e-08 
1192.16 9.57178e-08 
1192.17 9.74235e-08 
1192.18 9.91395e-08 
1192.19 1.00865e-07 
1192.2 1.026e-07 
1192.21 1.04344e-07 
1192.22 1.06096e-07 
1192.23 1.07877e-07 
1192.24 1.09643e-07 
1192.25 1.11416e-07 
1192.26 1.13195e-07 
1192.27 1.14979e-07 
1192.28 1.16767e-07 
1192.29 1.1856e-07 
1192.3 1.20355e-07 
1192.31 1.22154e-07 
1192.32 1.23954e-07 
1192.33 1.25755e-07 
1192.34 1.27558e-07 
1192.34 1.2936e-07 
1192.35 1.31162e-07 
1192.36 1.32962e-07 
1192.37 1.3476e-07 
1192.38 1.36555e-07 
1192.39 1.38347e-07 
1192.4 1.40134e-07 
1192.41 1.41917e-07 
1192.42 1.43694e-07 
1192.43 1.45464e-07 
1192.44 1.47228e-07 
1192.45 1.48984e-07 
1192.46 1.50731e-07 
1192.47 1.52469e-07 
1192.48 1.54219e-07 
1192.49 1.55936e-07 
1192.5 1.57642e-07 
1192.51 1.59336e-07 
1192.52 1.61017e-07 
1192.53 1.62685e-07 
1192.54 1.64339e-07 
1192.55 1.65978e-07 
1192.56 1.67602e-07 
1192.57 1.6921e-07 
1192.58 1.70802e-07 
1192.59 1.72376e-07 
1192.6 1.73932e-07 
1192.61 1.75578e-07 
1192.62 1.77098e-07 
1192.63 1.78599e-07 
1192.64 1.80079e-07 
1192.65 1.81539e-07 
1192.66 1.82978e-07 
1192.67 1.84395e-07 
1192.68 1.8579e-07 
1192.69 1.87164e-07 
1192.7 1.88514e-07 
1192.71 1.89841e-07 
1192.72 1.91145e-07 
1192.73 1.92441e-07 
1192.74 1.93697e-07 
1192.75 1.94929e-07 
1192.76 1.96136e-07 
1192.77 1.97318e-07 
1192.77 1.98476e-07 
1192.78 1.99608e-07 
1192.79 2.00716e-07 
1192.8 2.01799e-07 
1192.81 2.02856e-07 
1192.82 2.03889e-07 
1192.83 2.04897e-07 
1192.84 2.05879e-07 
1192.85 2.06837e-07 
1192.86 2.07771e-07 
1192.87 2.0868e-07 
1192.88 2.09565e-07 
1192.89 2.10426e-07 
1192.9 2.11264e-07 
1192.91 2.12079e-07 
1192.92 2.12872e-07 
1192.93 2.13643e-07 
1192.94 2.14392e-07 
1192.95 2.15121e-07 
1192.96 2.15829e-07 
1192.97 2.16518e-07 
1192.98 2.17196e-07 
1192.99 2.17848e-07 
1193 2.18483e-07 
1193.01 2.19101e-07 
1193.02 2.19705e-07 
1193.03 2.20294e-07 
1193.04 2.2087e-07 
1193.05 2.21434e-07 
1193.06 2.21987e-07 
1193.07 2.2253e-07 
1193.08 2.23065e-07 
1193.09 2.23593e-07 
1193.1 2.24115e-07 
1193.11 2.24633e-07 
1193.12 2.25148e-07 
1193.13 2.25662e-07 
1193.14 2.26176e-07 
1193.15 2.26692e-07 
1193.16 2.27211e-07 
1193.17 2.27736e-07 
1193.18 2.28269e-07 
1193.19 2.2881e-07 
1193.19 2.29363e-07 
1193.2 2.29928e-07 
1193.21 2.30508e-07 
1193.22 2.31114e-07 
1193.23 2.3173e-07 
1193.24 2.32369e-07 
1193.25 2.3303e-07 
1193.26 2.33718e-07 
1193.27 2.34434e-07 
1193.28 2.3518e-07 
1193.29 2.35959e-07 
1193.3 2.36774e-07 
1193.31 2.37626e-07 
1193.32 2.38519e-07 
1193.33 2.39455e-07 
1193.34 2.40436e-07 
1193.35 2.41466e-07 
1193.36 2.42546e-07 
1193.37 2.43681e-07 
1193.38 2.44871e-07 
1193.39 2.46122e-07 
1193.4 2.47434e-07 
1193.41 2.48811e-07 
1193.42 2.50256e-07 
1193.43 2.51773e-07 
1193.44 2.53362e-07 
1193.45 2.55029e-07 
1193.46 2.56776e-07 
1193.47 2.58605e-07 
1193.48 2.60545e-07 
1193.49 2.6255e-07 
1193.5 2.64647e-07 
1193.51 2.6684e-07 
1193.52 2.69131e-07 
1193.53 2.71523e-07 
1193.54 2.74019e-07 
1193.55 2.76623e-07 
1193.56 2.79338e-07 
1193.57 2.82167e-07 
1193.58 2.85113e-07 
1193.59 2.88179e-07 
1193.6 2.91368e-07 
1193.61 2.94866e-07 
1193.62 2.98313e-07 
1193.62 3.01892e-07 
1193.63 3.05607e-07 
1193.64 3.0946e-07 
1193.65 3.13455e-07 
1193.66 3.17595e-07 
1193.67 3.21882e-07 
1193.68 3.26319e-07 
1193.69 3.3091e-07 
1193.7 3.35657e-07 
1193.71 3.40562e-07 
1193.72 3.4563e-07 
1193.73 3.50927e-07 
1193.74 3.56328e-07 
1193.75 3.61898e-07 
1193.76 3.6764e-07 
1193.77 3.73556e-07 
1193.78 3.7965e-07 
1193.79 3.85922e-07 
1193.8 3.92376e-07 
1193.81 3.99014e-07 
1193.82 4.05837e-07 
1193.83 4.12848e-07 
1193.84 4.20049e-07 
1193.85 4.27441e-07 
1193.86 4.35026e-07 
1193.87 4.42806e-07 
1193.88 4.50783e-07 
1193.89 4.58957e-07 
1193.9 4.67331e-07 
1193.91 4.75905e-07 
1193.92 4.8468e-07 
1193.93 4.93658e-07 
1193.94 5.0284e-07 
1193.95 5.12226e-07 
1193.96 5.21816e-07 
1193.97 5.31612e-07 
1193.98 5.4174e-07 
1193.99 5.5195e-07 
1194 5.62367e-07 
1194.01 5.7299e-07 
1194.02 5.83818e-07 
1194.03 5.94852e-07 
1194.04 6.06091e-07 
1194.05 6.17536e-07 
1194.05 6.29183e-07 
1194.06 6.41034e-07 
1194.07 6.53087e-07 
1194.08 6.65341e-07 
1194.09 6.77794e-07 
1194.1 6.90445e-07 
1194.11 7.03292e-07 
1194.12 7.16334e-07 
1194.13 7.29568e-07 
1194.14 7.42992e-07 
1194.15 7.56604e-07 
1194.16 7.70401e-07 
1194.17 7.84382e-07 
1194.18 7.98542e-07 
1194.19 8.12879e-07 
1194.2 8.2739e-07 
1194.21 8.42071e-07 
1194.22 8.5692e-07 
1194.23 8.7212e-07 
1194.24 8.87293e-07 
1194.25 9.02622e-07 
1194.26 9.18102e-07 
1194.27 9.33729e-07 
1194.28 9.49498e-07 
1194.29 9.65405e-07 
1194.3 9.81445e-07 
1194.31 9.97614e-07 
1194.32 1.0139e-06 
1194.33 1.03031e-06 
1194.34 1.04683e-06 
1194.35 1.06346e-06 
1194.36 1.08019e-06 
1194.37 1.09702e-06 
1194.38 1.11393e-06 
1194.39 1.13092e-06 
1194.4 1.148e-06 
1194.41 1.16514e-06 
1194.42 1.18235e-06 
1194.43 1.19961e-06 
1194.44 1.21693e-06 
1194.45 1.23428e-06 
1194.46 1.25168e-06 
1194.47 1.2691e-06 
1194.47 1.28676e-06 
1194.48 1.30422e-06 
1194.49 1.32169e-06 
1194.5 1.33916e-06 
1194.51 1.35662e-06 
1194.52 1.37406e-06 
1194.53 1.39149e-06 
1194.54 1.40888e-06 
1194.55 1.42623e-06 
1194.56 1.44353e-06 
1194.57 1.46079e-06 
1194.58 1.47798e-06 
1194.59 1.49509e-06 
1194.6 1.51214e-06 
1194.61 1.53004e-06 
1194.62 1.54691e-06 
1194.63 1.56367e-06 
1194.64 1.58033e-06 
1194.65 1.59687e-06 
1194.66 1.61329e-06 
1194.67 1.62956e-06 
1194.68 1.6457e-06 
1194.69 1.66169e-06 
1194.7 1.67752e-06 
1194.71 1.69318e-06 
1194.72 1.70867e-06 
1194.73 1.72416e-06 
1194.74 1.73928e-06 
1194.75 1.7542e-06 
1194.76 1.76891e-06 
1194.77 1.78342e-06 
1194.78 1.7977e-06 
1194.79 1.81177e-06 
1194.8 1.82559e-06 
1194.81 1.83918e-06 
1194.82 1.85252e-06 
1194.83 1.86561e-06 
1194.84 1.87844e-06 
1194.85 1.89101e-06 
1194.86 1.9033e-06 
1194.87 1.91532e-06 
1194.88 1.92705e-06 
1194.89 1.93849e-06 
1194.9 1.94964e-06 
1194.9 1.96048e-06 
1194.91 1.97103e-06 
1194.92 1.98126e-06 
1194.93 1.99118e-06 
1194.94 2.00078e-06 
1194.95 2.01005e-06 
1194.96 2.019e-06 
1194.97 2.02762e-06 
1194.98 2.036e-06 
1194.99 2.04394e-06 
1195 2.05154e-06 
1195.01 2.0588e-06 
1195.02 2.0657e-06 
1195.03 2.07226e-06 
1195.04 2.07847e-06 
1195.05 2.08432e-06 
1195.06 2.08982e-06 
1195.07 2.09496e-06 
1195.08 2.09974e-06 
1195.09 2.10416e-06 
1195.1 2.10823e-06 
1195.11 2.11193e-06 
1195.12 2.11528e-06 
1195.13 2.11826e-06 
1195.14 2.12088e-06 
1195.15 2.12314e-06 
1195.16 2.12505e-06 
1195.17 2.1266e-06 
1195.18 2.12779e-06 
1195.19 2.12862e-06 
1195.2 2.1291e-06 
1195.21 2.12924e-06 
1195.22 2.12902e-06 
1195.23 2.12845e-06 
1195.24 2.12753e-06 
1195.25 2.12628e-06 
1195.26 2.12469e-06 
1195.27 2.12277e-06 
1195.28 2.12052e-06 
1195.29 2.11794e-06 
1195.3 2.11503e-06 
1195.31 2.11181e-06 
1195.32 2.10828e-06 
1195.32 2.10443e-06 
1195.33 2.10029e-06 
1195.34 2.09584e-06 
1195.35 2.0911e-06 
1195.36 2.08607e-06 
1195.37 2.08076e-06 
1195.38 2.07517e-06 
1195.39 2.06931e-06 
1195.4 2.06318e-06 
1195.41 2.0568e-06 
1195.42 2.05016e-06 
1195.43 2.04328e-06 
1195.44 2.03615e-06 
1195.45 2.0288e-06 
1195.46 2.02121e-06 
1195.47 2.01341e-06 
1195.48 2.0053e-06 
1195.49 1.99707e-06 
1195.5 1.98865e-06 
1195.51 1.98004e-06 
1195.52 1.97125e-06 
1195.53 1.96228e-06 
1195.54 1.95314e-06 
1195.55 1.94385e-06 
1195.56 1.93439e-06 
1195.57 1.9248e-06 
1195.58 1.91506e-06 
1195.59 1.9052e-06 
1195.6 1.89521e-06 
1195.61 1.88627e-06 
1195.62 1.87605e-06 
1195.63 1.86573e-06 
1195.64 1.85532e-06 
1195.65 1.84483e-06 
1195.66 1.83426e-06 
1195.67 1.82361e-06 
1195.68 1.81291e-06 
1195.69 1.80215e-06 
1195.7 1.79134e-06 
1195.71 1.7805e-06 
1195.72 1.76962e-06 
1195.73 1.75858e-06 
1195.74 1.74765e-06 
1195.75 1.73672e-06 
1195.75 1.72578e-06 
1195.76 1.71484e-06 
1195.77 1.70392e-06 
1195.78 1.69301e-06 
1195.79 1.68212e-06 
1195.8 1.67126e-06 
1195.81 1.66044e-06 
1195.82 1.64965e-06 
1195.83 1.63892e-06 
1195.84 1.62824e-06 
1195.85 1.61762e-06 
1195.86 1.60706e-06 
1195.87 1.59658e-06 
1195.88 1.58617e-06 
1195.89 1.57585e-06 
1195.9 1.56561e-06 
1195.91 1.55546e-06 
1195.92 1.54541e-06 
1195.93 1.53546e-06 
1195.94 1.52562e-06 
1195.95 1.51589e-06 
1195.96 1.50628e-06 
1195.97 1.49678e-06 
1195.98 1.48729e-06 
1195.99 1.47805e-06 
1196 1.46894e-06 
1196.01 1.45996e-06 
1196.02 1.45112e-06 
1196.03 1.44243e-06 
1196.04 1.43388e-06 
1196.05 1.42547e-06 
1196.06 1.41722e-06 
1196.07 1.40912e-06 
1196.08 1.40117e-06 
1196.09 1.39339e-06 
1196.1 1.38576e-06 
1196.11 1.3783e-06 
1196.12 1.371e-06 
1196.13 1.36387e-06 
1196.14 1.3569e-06 
1196.15 1.35011e-06 
1196.16 1.34348e-06 
1196.17 1.33703e-06 
1196.17 1.33076e-06 
1196.18 1.32465e-06 
1196.19 1.31873e-06 
1196.2 1.31298e-06 
1196.21 1.30741e-06 
1196.22 1.30194e-06 
1196.23 1.29673e-06 
1196.24 1.29169e-06 
1196.25 1.28683e-06 
1196.26 1.28215e-06 
1196.27 1.27765e-06 
1196.28 1.27333e-06 
1196.29 1.26919e-06 
1196.3 1.26522e-06 
1196.31 1.26144e-06 
1196.32 1.25783e-06 
1196.33 1.25439e-06 
1196.34 1.25113e-06 
1196.35 1.24805e-06 
1196.36 1.24514e-06 
1196.37 1.24241e-06 
1196.38 1.23985e-06 
1196.39 1.23745e-06 
1196.4 1.23523e-06 
1196.41 1.23318e-06 
1196.42 1.2313e-06 
1196.43 1.22958e-06 
1196.44 1.22803e-06 
1196.45 1.22664e-06 
1196.46 1.22541e-06 
1196.47 1.22435e-06 
1196.48 1.22343e-06 
1196.49 1.22268e-06 
1196.5 1.22208e-06 
1196.51 1.22164e-06 
1196.52 1.22136e-06 
1196.53 1.22122e-06 
1196.54 1.22123e-06 
1196.55 1.22138e-06 
1196.56 1.22168e-06 
1196.57 1.22212e-06 
1196.58 1.2227e-06 
1196.59 1.22341e-06 
1196.6 1.22427e-06 
1196.6 1.22601e-06 
1196.61 1.22713e-06 
1196.62 1.22837e-06 
1196.63 1.22974e-06 
1196.64 1.23124e-06 
1196.65 1.23286e-06 
1196.66 1.23459e-06 
1196.67 1.23645e-06 
1196.68 1.23841e-06 
1196.69 1.24049e-06 
1196.7 1.24268e-06 
1196.71 1.24498e-06 
1196.72 1.24738e-06 
1196.73 1.24991e-06 
1196.74 1.25251e-06 
1196.75 1.25521e-06 
1196.76 1.258e-06 
1196.77 1.26088e-06 
1196.78 1.26385e-06 
1196.79 1.26691e-06 
1196.8 1.27005e-06 
1196.81 1.27327e-06 
1196.82 1.27656e-06 
1196.83 1.27993e-06 
1196.84 1.28338e-06 
1196.85 1.28689e-06 
1196.86 1.29046e-06 
1196.87 1.2941e-06 
1196.88 1.2978e-06 
1196.89 1.30155e-06 
1196.9 1.30536e-06 
1196.91 1.30922e-06 
1196.92 1.31313e-06 
1196.93 1.31708e-06 
1196.94 1.32108e-06 
1196.95 1.32511e-06 
1196.96 1.32918e-06 
1196.97 1.33328e-06 
1196.98 1.33746e-06 
1196.99 1.34162e-06 
1197 1.3458e-06 
1197.01 1.35e-06 
1197.02 1.35421e-06 
1197.03 1.35844e-06 
1197.03 1.36268e-06 
1197.04 1.36693e-06 
1197.05 1.37117e-06 
1197.06 1.37542e-06 
1197.07 1.37967e-06 
1197.08 1.3839e-06 
1197.09 1.38813e-06 
1197.1 1.39235e-06 
1197.11 1.39654e-06 
1197.12 1.40072e-06 
1197.13 1.40488e-06 
1197.14 1.409e-06 
1197.15 1.4131e-06 
1197.16 1.41716e-06 
1197.17 1.42119e-06 
1197.18 1.42517e-06 
1197.19 1.42911e-06 
1197.2 1.433e-06 
1197.21 1.43685e-06 
1197.22 1.44063e-06 
1197.23 1.44441e-06 
1197.24 1.44808e-06 
1197.25 1.45168e-06 
1197.26 1.45522e-06 
1197.27 1.45868e-06 
1197.28 1.46207e-06 
1197.29 1.46538e-06 
1197.3 1.46861e-06 
1197.31 1.47176e-06 
1197.32 1.47482e-06 
1197.33 1.47779e-06 
1197.34 1.48066e-06 
1197.35 1.48344e-06 
1197.36 1.48611e-06 
1197.37 1.48868e-06 
1197.38 1.49115e-06 
1197.39 1.4935e-06 
1197.4 1.49575e-06 
1197.41 1.49787e-06 
1197.42 1.49988e-06 
1197.43 1.50177e-06 
1197.44 1.50353e-06 
1197.45 1.50517e-06 
1197.45 1.50667e-06 
1197.46 1.50805e-06 
1197.47 1.50929e-06 
1197.48 1.5104e-06 
1197.49 1.51136e-06 
1197.5 1.51218e-06 
1197.51 1.51285e-06 
1197.52 1.51338e-06 
1197.53 1.51376e-06 
1197.54 1.51398e-06 
1197.55 1.51406e-06 
1197.56 1.51398e-06 
1197.57 1.51374e-06 
1197.58 1.51334e-06 
1197.59 1.51278e-06 
1197.6 1.51207e-06 
1197.61 1.51212e-06 
1197.62 1.51107e-06 
1197.63 1.50986e-06 
1197.64 1.50848e-06 
1197.65 1.50693e-06 
1197.66 1.50521e-06 
1197.67 1.50332e-06 
1197.68 1.50126e-06 
1197.69 1.49903e-06 
1197.7 1.49662e-06 
1197.71 1.49405e-06 
1197.72 1.49129e-06 
1197.73 1.48833e-06 
1197.74 1.48523e-06 
1197.75 1.48195e-06 
1197.76 1.47851e-06 
1197.77 1.47488e-06 
1197.78 1.47108e-06 
1197.79 1.46711e-06 
1197.8 1.46297e-06 
1197.81 1.45865e-06 
1197.82 1.45416e-06 
1197.83 1.4495e-06 
1197.84 1.44467e-06 
1197.85 1.43967e-06 
1197.86 1.43451e-06 
1197.87 1.42917e-06 
1197.88 1.42367e-06 
1197.88 1.41801e-06 
1197.89 1.41218e-06 
1197.9 1.40619e-06 
1197.91 1.40004e-06 
1197.92 1.39374e-06 
1197.93 1.38727e-06 
1197.94 1.38066e-06 
1197.95 1.37389e-06 
1197.96 1.36697e-06 
1197.97 1.35991e-06 
1197.98 1.35261e-06 
1197.99 1.34526e-06 
1198 1.33777e-06 
1198.01 1.33014e-06 
1198.02 1.32237e-06 
1198.03 1.31448e-06 
1198.04 1.30645e-06 
1198.05 1.2983e-06 
1198.06 1.29003e-06 
1198.07 1.28163e-06 
1198.08 1.27312e-06 
1198.09 1.2645e-06 
1198.1 1.25577e-06 
1198.11 1.24693e-06 
1198.12 1.23799e-06 
1198.13 1.22895e-06 
1198.14 1.21981e-06 
1198.15 1.21058e-06 
1198.16 1.20126e-06 
1198.17 1.19186e-06 
1198.18 1.18237e-06 
1198.19 1.17281e-06 
1198.2 1.16317e-06 
1198.21 1.15346e-06 
1198.22 1.14369e-06 
1198.23 1.13373e-06 
1198.24 1.12383e-06 
1198.25 1.11388e-06 
1198.26 1.10388e-06 
1198.27 1.09383e-06 
1198.28 1.08374e-06 
1198.29 1.07362e-06 
1198.3 1.06345e-06 
1198.3 1.05326e-06 
1198.31 1.04304e-06 
1198.32 1.03279e-06 
1198.33 1.02253e-06 
1198.34 1.01225e-06 
1198.35 1.00196e-06 
1198.36 9.91663e-07 
1198.37 9.81362e-07 
1198.38 9.71062e-07 
1198.39 9.60765e-07 
1198.4 9.50477e-07 
1198.41 9.402e-07 
1198.42 9.29938e-07 
1198.43 9.19695e-07 
1198.44 9.09474e-07 
1198.45 8.9928e-07 
1198.46 8.89115e-07 
1198.47 8.78984e-07 
1198.48 8.68762e-07 
1198.49 8.58707e-07 
1198.5 8.48695e-07 
1198.51 8.38729e-07 
1198.52 8.28813e-07 
1198.53 8.18949e-07 
1198.54 8.0914e-07 
1198.55 7.9939e-07 
1198.56 7.89702e-07 
1198.57 7.80078e-07 
1198.58 7.7052e-07 
1198.59 7.61032e-07 
1198.6 7.51616e-07 
1198.61 7.42732e-07 
1198.62 7.33462e-07 
1198.63 7.24271e-07 
1198.64 7.15162e-07 
1198.65 7.06136e-07 
1198.66 6.97196e-07 
1198.67 6.88344e-07 
1198.68 6.79582e-07 
1198.69 6.70911e-07 
1198.7 6.62333e-07 
1198.71 6.53849e-07 
1198.72 6.45462e-07 
1198.73 6.3707e-07 
1198.73 6.28881e-07 
1198.74 6.20792e-07 
1198.75 6.12804e-07 
1198.76 6.04919e-07 
1198.77 5.97138e-07 
1198.78 5.89461e-07 
1198.79 5.81888e-07 
1198.8 5.74422e-07 
1198.81 5.67062e-07 
1198.82 5.59809e-07 
1198.83 5.52663e-07 
1198.84 5.45625e-07 
1198.85 5.38695e-07 
1198.86 5.31872e-07 
1198.87 5.25158e-07 
1198.88 5.18552e-07 
1198.89 5.12054e-07 
1198.9 5.05663e-07 
1198.91 4.9938e-07 
1198.92 4.93205e-07 
1198.93 4.87136e-07 
1198.94 4.81173e-07 
1198.95 4.75316e-07 
1198.96 4.69564e-07 
1198.97 4.63916e-07 
1198.98 4.58304e-07 
1198.99 4.52863e-07 
1199 4.47525e-07 
1199.01 4.42287e-07 
1199.02 4.37149e-07 
1199.03 4.32109e-07 
1199.04 4.27167e-07 
1199.05 4.22321e-07 
1199.06 4.17569e-07 
1199.07 4.12911e-07 
1199.08 4.08346e-07 
1199.09 4.03871e-07 
1199.1 3.99485e-07 
1199.11 3.95187e-07 
1199.12 3.90975e-07 
1199.13 3.86847e-07 
1199.14 3.82802e-07 
1199.15 3.78839e-07 
1199.15 3.74955e-07 
1199.16 3.71149e-07 
1199.17 3.67419e-07 
1199.18 3.63763e-07 
1199.19 3.60179e-07 
1199.2 3.56666e-07 
1199.21 3.53222e-07 
1199.22 3.49804e-07 
1199.23 3.46492e-07 
1199.24 3.43244e-07 
1199.25 3.40057e-07 
1199.26 3.36929e-07 
1199.27 3.33859e-07 
1199.28 3.30845e-07 
1199.29 3.27884e-07 
1199.3 3.24976e-07 
1199.31 3.22117e-07 
1199.32 3.19306e-07 
1199.33 3.16542e-07 
1199.34 3.13822e-07 
1199.35 3.11144e-07 
1199.36 3.08507e-07 
1199.37 3.05909e-07 
1199.38 3.03349e-07 
1199.39 3.00824e-07 
1199.4 2.98332e-07 
1199.41 2.95873e-07 
1199.42 2.93443e-07 
1199.43 2.91043e-07 
1199.44 2.88669e-07 
1199.45 2.86321e-07 
1199.46 2.83996e-07 
1199.47 2.81694e-07 
1199.48 2.79385e-07 
1199.49 2.77123e-07 
1199.5 2.7488e-07 
1199.51 2.72652e-07 
1199.52 2.70441e-07 
1199.53 2.68243e-07 
1199.54 2.66057e-07 
1199.55 2.63883e-07 
1199.56 2.6172e-07 
1199.57 2.59565e-07 
1199.58 2.57419e-07 
1199.58 2.55279e-07 
1199.59 2.53145e-07 
1199.6 2.51017e-07 
1199.61 2.49046e-07 
1199.62 2.46923e-07 
1199.63 2.44803e-07 
1199.64 2.42684e-07 
1199.65 2.40567e-07 
1199.66 2.38449e-07 
1199.67 2.36331e-07 
1199.68 2.34212e-07 
1199.69 2.32092e-07 
1199.7 2.29969e-07 
1199.71 2.27844e-07 
1199.72 2.25716e-07 
1199.73 2.23558e-07 
1199.74 2.21422e-07 
1199.75 2.19283e-07 
1199.76 2.17139e-07 
1199.77 2.14991e-07 
1199.78 2.12838e-07 
1199.79 2.10681e-07 
1199.8 2.08518e-07 
1199.81 2.06351e-07 
1199.82 2.04179e-07 
1199.83 2.02002e-07 
1199.84 1.9982e-07 
1199.85 1.97633e-07 
1199.86 1.95441e-07 
1199.87 1.93245e-07 
1199.88 1.91045e-07 
1199.89 1.8884e-07 
1199.9 1.86632e-07 
1199.91 1.8442e-07 
1199.92 1.82205e-07 
1199.93 1.79987e-07 
1199.94 1.77766e-07 
1199.95 1.75542e-07 
1199.96 1.73317e-07 
1199.97 1.71091e-07 
1199.98 1.68835e-07 
1199.99 1.66607e-07 
1200 1.64379e-07 
1200.01 1.62151e-07 
1200.01 1.59924e-07 
1200.02 1.57698e-07 
1200.03 1.55474e-07 
1200.04 1.53253e-07 
1200.05 1.51034e-07 
1200.06 1.48819e-07 
1200.07 1.46608e-07 
1200.08 1.44402e-07 
1200.09 1.42201e-07 
1200.1 1.40006e-07 
1200.11 1.37817e-07 
1200.12 1.35635e-07 
1200.13 1.33461e-07 
1200.14 1.31294e-07 
1200.15 1.29136e-07 
1200.16 1.26988e-07 
1200.17 1.24849e-07 
1200.18 1.22721e-07 
1200.19 1.20604e-07 
1200.2 1.18498e-07 
1200.21 1.16405e-07 
1200.22 1.14324e-07 
1200.23 1.1223e-07 
1200.24 1.10177e-07 
1200.25 1.08137e-07 
1200.26 1.06112e-07 
1200.27 1.04102e-07 
1200.28 1.02109e-07 
1200.29 1.00131e-07 
1200.3 9.817e-08 
1200.31 9.62261e-08 
1200.32 9.42999e-08 
1200.33 9.23916e-08 
1200.34 9.05018e-08 
1200.35 8.86308e-08 
1200.36 8.67789e-08 
1200.37 8.49467e-08 
1200.38 8.31343e-08 
1200.39 8.13422e-08 
1200.4 7.95706e-08 
1200.41 7.78199e-08 
1200.42 7.60904e-08 
1200.43 7.43823e-08 
1200.43 7.26958e-08 
1200.44 7.10313e-08 
1200.45 6.93889e-08 
1200.46 6.77689e-08 
1200.47 6.61714e-08 
1200.48 6.4577e-08 
1200.49 6.30253e-08 
1200.5 6.14966e-08 
1200.51 5.99909e-08 
1200.52 5.85085e-08 
1200.53 5.70494e-08 
1200.54 5.56137e-08 
1200.55 5.42014e-08 
1200.56 5.28125e-08 
1200.57 5.14471e-08 
1200.58 5.01052e-08 
1200.59 4.87869e-08 
1200.6 4.7492e-08 
1200.61 4.6249e-08 
1200.62 4.50001e-08 
1200.63 4.37746e-08 
1200.64 4.25724e-08 
1200.65 4.13934e-08 
1200.66 4.02374e-08 
1200.67 3.91044e-08 
1200.68 3.79943e-08 
1200.69 3.69069e-08 
1200.7 3.5842e-08 
1200.71 3.47996e-08 
1200.72 3.37793e-08 
1200.73 3.27688e-08 
1200.74 3.17928e-08 
1200.75 3.08385e-08 
1200.76 2.99056e-08 
1200.77 2.8994e-08 
1200.78 2.81034e-08 
1200.79 2.72336e-08 
1200.8 2.63844e-08 
1200.81 2.55555e-08 
1200.82 2.47467e-08 
1200.83 2.39577e-08 
1200.84 2.31883e-08 
1200.85 2.24381e-08 
1200.85 2.1707e-08 
1200.86 2.09946e-08 
1200.87 2.03007e-08 
1200.88 1.9625e-08 
1200.89 1.89671e-08 
1200.9 1.83269e-08 
1200.91 1.7704e-08 
1200.92 1.70981e-08 
1200.93 1.6509e-08 
1200.94 1.59363e-08 
1200.95 1.53797e-08 
1200.96 1.48389e-08 
1200.97 1.43137e-08 
1200.98 1.37974e-08 
1200.99 1.33026e-08 
1201 1.28223e-08 
1201.01 1.23564e-08 
1201.02 1.19045e-08 
1201.03 1.14664e-08 
1201.04 1.10417e-08 
1201.05 1.06301e-08 
1201.06 1.02314e-08 
1201.07 9.84519e-09 
1201.08 9.47128e-09 
1201.09 9.10935e-09 
1201.1 8.75911e-09 
1201.11 8.42028e-09 
1201.12 8.09258e-09 
1201.13 7.77574e-09 
1201.14 7.46947e-09 
1201.15 7.17351e-09 
1201.16 6.8876e-09 
1201.17 6.61146e-09 
1201.18 6.34485e-09 
1201.19 6.08749e-09 
1201.2 5.83915e-09 
1201.21 5.59956e-09 
1201.22 5.36849e-09 
1201.23 5.14297e-09 
1201.24 4.92831e-09 
1201.25 4.72146e-09 
1201.26 4.52218e-09 
1201.27 4.33025e-09 
1201.28 4.14545e-09 
1201.28 3.96756e-09 
1201.29 3.79638e-09 
1201.3 3.63169e-09 
1201.31 3.47329e-09 
1201.32 3.32099e-09 
1201.33 3.17459e-09 
1201.34 3.0339e-09 
1201.35 2.89873e-09 
1201.36 2.7689e-09 
1201.37 2.64424e-09 
1201.38 2.52457e-09 
1201.39 2.40973e-09 
1201.4 2.29955e-09 
1201.41 2.19386e-09 
1201.42 2.09252e-09 
1201.43 1.99537e-09 
1201.44 1.90226e-09 
1201.45 1.81306e-09 
1201.46 1.72761e-09 
1201.47 1.64578e-09 
1201.48 1.56649e-09 
1201.49 1.49155e-09 
1201.5 1.41986e-09 
1201.51 1.35127e-09 
1201.52 1.28569e-09 
1201.53 1.22298e-09 
1201.54 1.16305e-09 
1201.55 1.10579e-09 
1201.56 1.05108e-09 
1201.57 9.98837e-10 
1201.58 9.48956e-10 
1201.59 9.01344e-10 
1201.6 8.55911e-10 
1201.61 8.13068e-10 
1201.62 7.71704e-10 
1201.63 7.32265e-10 
1201.64 6.94671e-10 
1201.65 6.58844e-10 
1201.66 6.24711e-10 
1201.67 5.92201e-10 
1201.68 5.61245e-10 
1201.69 5.31776e-10 
1201.7 5.0373e-10 
1201.7 4.77046e-10 
1201.71 4.51665e-10 
1201.72 4.27234e-10 
1201.73 4.04303e-10 
1201.74 3.82508e-10 
1201.75 3.61799e-10 
1201.76 3.42127e-10 
1201.77 3.23444e-10 
1201.78 3.05707e-10 
1201.79 2.88871e-10 
1201.8 2.72896e-10 
1201.81 2.5774e-10 
1201.82 2.43366e-10 
1201.83 2.29737e-10 
1201.84 2.16818e-10 
1201.85 2.04575e-10 
1201.86 1.92976e-10 
1201.87 1.8199e-10 
1201.88 1.71587e-10 
1201.89 1.61739e-10 
1201.9 1.52418e-10 
1201.91 1.43599e-10 
1201.92 1.35257e-10 
1201.93 1.27369e-10 
1201.94 1.19911e-10 
1201.95 1.12861e-10 
1201.96 1.062e-10 
1201.97 9.99079e-11 
1201.98 9.3893e-11 
1201.99 8.8286e-11 
1202 8.29934e-11 
1202.01 7.79988e-11 
1202.02 7.32868e-11 
1202.03 6.88424e-11 
1202.04 6.46517e-11 
1202.05 6.0701e-11 
1202.06 5.69778e-11 
1202.07 5.34698e-11 
1202.08 5.01654e-11 
1202.09 4.70536e-11 
1202.1 4.41239e-11 
1202.11 4.13665e-11 
1202.12 3.87718e-11 
1202.13 3.63309e-11 
1202.13 3.40353e-11 
1202.14 3.18769e-11 
1202.15 2.98481e-11 
1202.16 2.79414e-11 
1202.17 2.61501e-11 
1202.18 2.44677e-11 
1202.19 2.28878e-11 
1202.2 2.14046e-11 
1202.21 2.00127e-11 
1202.22 1.86913e-11 
1202.23 1.74667e-11 
1202.24 1.63187e-11 
1202.25 1.52424e-11 
1202.26 1.42336e-11 
1202.27 1.32882e-11 
1202.28 1.24026e-11 
1202.29 1.15732e-11 
1202.3 1.07966e-11 
1202.31 1.00696e-11 
1202.32 9.38924e-12 
1202.33 8.75269e-12 
1202.34 8.15729e-12 
1202.35 7.60052e-12 
1202.36 7.08001e-12 
1202.37 6.59351e-12 
1202.38 6.13894e-12 
1202.39 5.71429e-12 
1202.4 5.31771e-12 
1202.41 4.94743e-12 
1202.42 4.6018e-12 
1202.43 4.27926e-12 
1202.44 3.97834e-12 
1202.45 3.69768e-12 
1202.46 3.43597e-12 
1202.47 3.19199e-12 
1202.48 2.96186e-12 
1202.49 2.75019e-12 
1202.5 2.55301e-12 
1202.51 2.36938e-12 
1202.52 2.19842e-12 
1202.53 2.0393e-12 
1202.54 1.89122e-12 
1202.55 1.75347e-12 
1202.56 1.62534e-12 
1202.56 1.50621e-12 
1202.57 1.39547e-12 
1202.58 1.29255e-12 
1202.59 1.19692e-12 
1202.6 1.1081e-12 
1202.61 1.02624e-12 
1202.62 9.49617e-13 
1202.63 8.78496e-13 
1202.64 8.12501e-13 
1202.65 7.51278e-13 
1202.66 6.94498e-13 
1202.67 6.4185e-13 
1202.68 5.93047e-13 
1202.69 5.4782e-13 
1202.7 5.05918e-13 
1202.71 4.67105e-13 
1202.72 4.31163e-13 
1202.73 3.97489e-13 
1202.74 3.66723e-13 
1202.75 3.38254e-13 
1202.76 3.11918e-13 
1202.77 2.87562e-13 
1202.78 2.65042e-13 
1202.79 2.44226e-13 
1202.8 2.24989e-13 
1202.81 2.07216e-13 
1202.82 1.908e-13 
1202.83 1.75642e-13 
1202.84 1.61647e-13 
1202.85 1.48731e-13 
1202.86 1.36814e-13 
1202.87 1.2582e-13 
1202.88 1.15681e-13 
1202.89 1.06333e-13 
1202.9 9.77163e-14 
1202.91 8.97757e-14 
1202.92 8.246e-14 
1202.93 7.57218e-14 
1202.94 6.9517e-14 
1202.95 6.38049e-14 
1202.96 5.85478e-14 
1202.97 5.37106e-14 
1202.98 4.92608e-14 
1202.98 4.51196e-14 
1202.99 4.13611e-14 
1203 3.79063e-14 
1203.01 3.47315e-14 
1203.02 3.18148e-14 
1203.03 2.91358e-14 
1203.04 2.66758e-14 
1203.05 2.44175e-14 
1203.06 2.23449e-14 
1203.07 2.04432e-14 
1203.08 1.86987e-14 
1203.09 1.70989e-14 
1203.1 1.5632e-14 
1203.11 1.42875e-14 
1203.12 1.30554e-14 
1203.13 1.19267e-14 
1203.14 1.08928e-14 
1203.15 9.94608e-15 
1203.16 9.07942e-15 
1203.17 8.28623e-15 
1203.18 7.56047e-15 
1203.19 6.89657e-15 
1203.2 6.28943e-15 
1203.21 5.73432e-15 
1203.22 5.22691e-15 
1203.23 4.75769e-15 
1203.24 4.33455e-15 
1203.25 3.94807e-15 
1203.26 3.59517e-15 
1203.27 3.273e-15 
1203.28 2.97896e-15 
1203.29 2.71068e-15 
1203.3 2.46594e-15 
1203.31 2.24275e-15 
1203.32 2.03926e-15 
1203.33 1.85377e-15 
1203.34 1.68474e-15 
1203.35 1.53075e-15 
1203.36 1.39049e-15 
1203.37 1.26276e-15 
1203.38 1.14649e-15 
1203.39 1.04067e-15 
1203.4 9.4438e-16 
1203.41 8.56789e-16 
1203.41 7.77131e-16 
1203.42 7.04705e-16 
1203.43 6.38872e-16 
1203.44 5.79045e-16 
1203.45 5.24692e-16 
1203.46 4.75323e-16 
1203.47 4.30494e-16 
1203.48 3.89312e-16 
1203.49 3.52419e-16 
1203.5 3.18944e-16 
1203.51 2.88578e-16 
1203.52 2.61038e-16 
1203.53 2.36068e-16 
1203.54 2.13434e-16 
1203.55 1.92923e-16 
1203.56 1.7434e-16 
1203.57 1.57508e-16 
1203.58 1.42266e-16 
1203.59 1.28467e-16 
1203.6 1.15978e-16 
1203.61 1.04742e-16 
1203.62 9.45125e-17 
1203.63 8.52613e-17 
1203.64 7.68967e-17 
1203.65 6.93356e-17 
1203.66 6.25026e-17 
1203.67 5.6329e-17 
1203.68 5.07528e-17 
1203.69 4.57172e-17 
1203.7 4.11712e-17 
1203.71 3.7068e-17 
1203.72 3.33655e-17 
1203.73 2.99859e-17 
1203.74 2.69774e-17 
1203.75 2.42648e-17 
1203.76 2.18195e-17 
1203.77 1.96159e-17 
1203.78 1.76304e-17 
1203.79 1.5842e-17 
1203.8 1.42315e-17 
1203.81 1.27816e-17 
1203.82 1.14766e-17 
1203.83 1.03022e-17 
1203.83 9.24579e-18 
1203.84 8.29563e-18 
1203.85 7.44128e-18 
1203.86 6.67327e-18 
1203.87 5.98305e-18 
1203.88 5.3629e-18 
1203.89 4.80584e-18 
1203.9 4.30559e-18 
1203.91 3.85645e-18 
1203.92 3.45332e-18 
1203.93 3.09156e-18 
1203.94 2.76702e-18 
1203.95 2.47594e-18 
1203.96 2.21493e-18 
1203.97 1.98095e-18 
1203.98 1.76877e-18 
1203.99 1.58113e-18 
1204 1.41306e-18 
1204.01 1.26253e-18 
1204.02 1.12777e-18 
1204.03 1.00714e-18 
1204.04 8.99187e-19 
1204.05 8.02611e-19 
1204.06 7.16231e-19 
1204.07 6.38989e-19 
1204.08 5.69938e-19 
1204.09 5.08223e-19 
1204.1 4.53078e-19 
1204.11 4.03818e-19 
1204.12 3.59825e-19 
1204.13 3.20545e-19 
1204.14 2.85483e-19 
1204.15 2.54193e-19 
1204.16 2.26277e-19 
1204.17 2.01378e-19 
1204.18 1.79174e-19 
1204.19 1.59378e-19 
1204.2 1.41735e-19 
1204.21 1.26014e-19 
1204.22 1.12009e-19 
1204.23 9.93892e-20 
1204.24 8.82995e-20 
1204.25 7.84278e-20 
1204.26 6.96425e-20 
1204.26 6.18261e-20 
1204.27 5.48735e-20 
1204.28 4.86907e-20 
1204.29 4.31939e-20 
1204.3 3.83081e-20 
1204.31 3.39667e-20 
1204.32 3.01098e-20 
1204.33 2.66843e-20 
1204.34 2.36427e-20 
1204.35 2.09426e-20 
1204.36 1.85463e-20 
1204.37 1.64201e-20 
1204.38 1.45341e-20 
1204.39 1.28616e-20 
1204.4 1.13787e-20 
1204.41 1.00643e-20 
1204.42 8.89953e-21 
1204.43 7.86763e-21 
1204.44 6.95366e-21 
1204.45 6.14435e-21 
1204.46 5.4279e-21 
1204.47 4.7938e-21 
1204.48 4.22615e-21 
1204.49 3.7306e-21 
1204.5 3.29233e-21 
1204.51 2.90484e-21 
1204.52 2.56233e-21 
1204.53 2.25964e-21 
1204.54 1.99222e-21 
1204.55 1.75601e-21 
1204.56 1.54743e-21 
1204.57 1.36328e-21 
1204.58 1.20076e-21 
1204.59 1.05735e-21 
1204.6 9.30834e-22 
1204.61 8.19257e-22 
1204.62 7.21319e-22 
1204.63 6.34543e-22 
1204.64 5.58068e-22 
1204.65 4.90689e-22 
1204.66 4.31339e-22 
1204.67 3.79074e-22 
1204.68 3.3306e-22 
1204.68 2.92559e-22 
1204.69 2.5692e-22 
1204.7 2.25566e-22 
1204.71 1.9799e-22 
1204.72 1.73459e-22 
1204.73 1.52178e-22 
1204.74 1.33474e-22 
1204.75 1.17041e-22 
1204.76 1.02606e-22 
1204.77 8.99284e-23 
1204.78 7.87981e-23 
1204.79 6.90283e-23 
1204.8 6.0455e-23 
1204.81 5.29334e-23 
1204.82 4.63361e-23 
1204.83 4.05511e-23 
1204.84 3.54796e-23 
1204.85 3.10348e-23 
1204.86 2.714e-23 
1204.87 2.37282e-23 
1204.88 2.07402e-23 
1204.89 1.8124e-23 
1204.9 1.58339e-23 
1204.91 1.38297e-23 
1204.92 1.20763e-23 
1204.93 1.05426e-23 
1204.94 9.20134e-24 
1204.95 8.02878e-24 
1204.96 7.00391e-24 
1204.97 6.10836e-24 
1204.98 5.31688e-24 
1204.99 4.63474e-24 
1205 4.03912e-24 
1205.01 3.51918e-24 
1205.02 3.06541e-24 
1205.03 2.66949e-24 
1205.04 2.32414e-24 
1205.05 2.02296e-24 
1205.06 1.76038e-24 
1205.07 1.5315e-24 
1205.08 1.33206e-24 
1205.09 1.1583e-24 
1205.1 1.00696e-24 
1205.11 8.75174e-25 
1205.11 7.6045e-25 
1205.12 6.60602e-25 
1205.13 5.73723e-25 
1205.14 4.98147e-25 
1205.15 4.32419e-25 
1205.16 3.75272e-25 
1205.17 3.25597e-25 
1205.18 2.82427e-25 
1205.19 2.44921e-25 
1205.2 2.12343e-25 
1205.21 1.84054e-25 
1205.22 1.59227e-25 
1205.23 1.37929e-25 
1205.24 1.19464e-25 
1205.25 1.03446e-25 
1205.26 8.95534e-26 
1205.27 7.75075e-26 
1205.28 6.70653e-26 
1205.29 5.80157e-26 
1205.3 5.01748e-26 
1205.31 4.3383e-26 
1205.32 3.75012e-26 
1205.33 3.24089e-26 
1205.34 2.80012e-26 
1205.35 2.4187e-26 
1205.36 2.08872e-26 
1205.37 1.80331e-26 
1205.38 1.55652e-26 
1205.39 1.34317e-26 
1205.4 1.15878e-26 
1205.41 9.99454e-27 
1205.42 8.61824e-27 
1205.43 7.42963e-27 
1205.44 6.40337e-27 
1205.45 5.5175e-27 
1205.46 4.75302e-27 
1205.47 4.09345e-27 
1205.48 3.51842e-27 
1205.49 3.02827e-27 
1205.5 2.6061e-27 
1205.51 2.24224e-27 
1205.52 1.9287e-27 
1205.53 1.6586e-27 
1205.54 1.42597e-27 
1205.54 1.22567e-27 
1205.55 1.05324e-27 
1205.56 9.0485e-28 
1205.57 7.77172e-28 
1205.58 6.67346e-28 
1205.59 5.72899e-28 
1205.6 4.91697e-28 
1205.61 4.2216e-28 
1205.62 3.62145e-28 
1205.63 3.10586e-28 
1205.64 2.66301e-28 
1205.65 2.28274e-28 
1205.66 1.9563e-28 
1205.67 1.67612e-28 
1205.68 1.43571e-28 
1205.69 1.22949e-28 
1205.7 1.05262e-28 
1205.71 9.00981e-29 
1205.72 7.70994e-29 
1205.73 6.58311e-29 
1205.74 5.63055e-29 
1205.75 4.81463e-29 
1205.76 4.11594e-29 
1205.77 3.51777e-29 
1205.78 3.00579e-29 
1205.79 2.56769e-29 
1205.8 2.19291e-29 
1205.81 1.87236e-29 
1205.82 1.59828e-29 
1205.83 1.36399e-29 
1205.84 1.16375e-29 
1205.85 9.92661e-30 
1205.86 8.46518e-30 
1205.87 7.21712e-30 
1205.88 6.15156e-30 
1205.89 5.24202e-30 
1205.9 4.46587e-30 
1205.91 3.8037e-30 
1205.92 3.23891e-30 
1205.93 2.7573e-30 
1205.94 2.34673e-30 
1205.95 1.9968e-30 
1205.96 1.69863e-30 
1205.96 1.44463e-30 
1205.97 1.22831e-30 
1205.98 1.042e-30 
1205.99 8.85532e-31 
1206 7.52372e-31 
1206.01 6.39078e-31 
1206.02 5.42711e-31 
1206.03 4.60761e-31 
1206.04 3.91089e-31 
1206.05 3.31871e-31 
1206.06 2.8155e-31 
1206.07 2.388e-31 
1206.08 2.02492e-31 
1206.09 1.71661e-31 
1206.1 1.45489e-31 
1206.11 1.23277e-31 
1206.12 1.0443e-31 
1206.13 8.84429e-32 
1206.14 7.48848e-32 
1206.15 6.33894e-32 
1206.16 5.36455e-32 
1206.17 4.53881e-32 
1206.18 3.83924e-32 
1206.19 3.24669e-32 
1206.2 2.74491e-32 
1206.21 2.32012e-32 
1206.22 1.96058e-32 
1206.23 1.65286e-32 
1206.24 1.39603e-32 
1206.25 1.17882e-32 
1206.26 9.95161e-33 
1206.27 8.39908e-33 
1206.28 7.08701e-33 
1206.29 5.97843e-33 
1206.3 5.04203e-33 
1206.31 4.25124e-33 
1206.32 3.5836e-33 
1206.33 3.02007e-33 
1206.34 2.54452e-33 
1206.35 2.14333e-33 
1206.36 1.80495e-33 
1206.37 1.51962e-33 
1206.38 1.27908e-33 
1206.39 1.07635e-33 
1206.39 9.05526e-34 
1206.4 7.61628e-34 
1206.41 6.40438e-34 
1206.42 5.384e-34 
1206.43 4.52508e-34 
1206.44 3.80225e-34 
1206.45 3.19409e-34 
1206.46 2.68255e-34 
1206.47 2.25238e-34 
1206.48 1.88659e-34 
1206.49 1.58327e-34 
1206.5 1.3284e-34 
1206.51 1.11428e-34 
1206.52 9.34439e-35 
1206.53 7.83434e-35 
1206.54 6.5667e-35 
1206.55 5.50281e-35 
1206.56 4.61016e-35 
1206.57 3.86136e-35 
1206.58 3.23338e-35 
1206.59 2.70687e-35 
1206.6 0 
