#energy geo_1 
1186.6 9.6747e-07 
1186.61 9.66891e-07 
1186.62 9.66314e-07 
1186.63 9.65735e-07 
1186.64 9.65159e-07 
1186.65 9.64582e-07 
1186.66 9.64004e-07 
1186.67 9.63429e-07 
1186.68 9.62852e-07 
1186.69 9.62276e-07 
1186.7 9.617e-07 
1186.71 9.61123e-07 
1186.72 9.60547e-07 
1186.73 9.59974e-07 
1186.74 9.59397e-07 
1186.75 9.58823e-07 
1186.76 9.58248e-07 
1186.77 9.57673e-07 
1186.78 9.571e-07 
1186.79 9.56525e-07 
1186.8 9.55952e-07 
1186.81 9.55378e-07 
1186.81 9.54806e-07 
1186.82 9.54233e-07 
1186.83 9.53661e-07 
1186.84 9.53088e-07 
1186.85 9.52516e-07 
1186.86 9.51944e-07 
1186.87 9.51372e-07 
1186.88 9.50801e-07 
1186.89 9.50229e-07 
1186.9 9.49658e-07 
1186.91 9.49088e-07 
1186.92 9.48518e-07 
1186.93 9.47947e-07 
1186.94 9.47377e-07 
1186.95 9.46808e-07 
1186.96 9.46238e-07 
1186.97 9.45668e-07 
1186.98 9.451e-07 
1186.99 9.44531e-07 
1187 9.43963e-07 
1187.01 9.43395e-07 
1187.02 9.42826e-07 
1187.03 9.42258e-07 
1187.04 9.41691e-07 
1187.05 9.41123e-07 
1187.06 9.40556e-07 
1187.07 9.39989e-07 
1187.08 9.39423e-07 
1187.09 9.38856e-07 
1187.1 9.3829e-07 
1187.11 9.37724e-07 
1187.12 9.37159e-07 
1187.13 9.36594e-07 
1187.14 9.36028e-07 
1187.15 9.35464e-07 
1187.16 9.34899e-07 
1187.17 9.34334e-07 
1187.18 9.33771e-07 
1187.19 9.33206e-07 
1187.2 9.32644e-07 
1187.21 9.3208e-07 
1187.22 9.31518e-07 
1187.23 9.30954e-07 
1187.24 9.30391e-07 
1187.24 9.29829e-07 
1187.25 9.29267e-07 
1187.26 9.28706e-07 
1187.27 9.28144e-07 
1187.28 9.27583e-07 
1187.29 9.27021e-07 
1187.3 9.2646e-07 
1187.31 9.25899e-07 
1187.32 9.25338e-07 
1187.33 9.24779e-07 
1187.34 9.24218e-07 
1187.35 9.23659e-07 
1187.36 9.231e-07 
1187.37 9.2254e-07 
1187.38 9.21981e-07 
1187.39 9.21422e-07 
1187.4 9.20866e-07 
1187.41 9.20305e-07 
1187.42 9.19749e-07 
1187.43 9.19191e-07 
1187.44 9.18633e-07 
1187.45 9.18075e-07 
1187.46 9.1752e-07 
1187.47 9.16962e-07 
1187.48 9.16406e-07 
1187.49 9.15849e-07 
1187.5 9.15294e-07 
1187.51 9.14738e-07 
1187.52 9.14183e-07 
1187.53 9.13627e-07 
1187.54 9.13072e-07 
1187.55 9.12518e-07 
1187.56 9.11963e-07 
1187.57 9.11408e-07 
1187.58 9.10856e-07 
1187.59 9.10301e-07 
1187.6 9.09747e-07 
1187.61 9.09758e-07 
1187.62 9.09205e-07 
1187.63 9.08652e-07 
1187.64 9.08099e-07 
1187.65 9.07547e-07 
1187.66 9.06995e-07 
1187.66 9.06443e-07 
1187.67 9.05891e-07 
1187.68 9.05339e-07 
1187.69 9.04789e-07 
1187.7 9.04238e-07 
1187.71 9.03686e-07 
1187.72 9.03135e-07 
1187.73 9.02585e-07 
1187.74 9.02035e-07 
1187.75 9.01485e-07 
1187.76 9.00936e-07 
1187.77 9.00387e-07 
1187.78 8.99838e-07 
1187.79 8.9929e-07 
1187.8 8.9874e-07 
1187.81 8.98192e-07 
1187.82 8.97645e-07 
1187.83 8.97096e-07 
1187.84 8.96549e-07 
1187.85 8.96003e-07 
1187.86 8.95455e-07 
1187.87 8.94908e-07 
1187.88 8.94362e-07 
1187.89 8.93815e-07 
1187.9 8.9327e-07 
1187.91 8.92724e-07 
1187.92 8.92179e-07 
1187.93 8.91634e-07 
1187.94 8.9109e-07 
1187.95 8.90545e-07 
1187.96 8.9e-07 
1187.97 8.89457e-07 
1187.98 8.88913e-07 
1187.99 8.88369e-07 
1188 8.87824e-07 
1188.01 8.87282e-07 
1188.02 8.86739e-07 
1188.03 8.86196e-07 
1188.04 8.85654e-07 
1188.05 8.85112e-07 
1188.06 8.84571e-07 
1188.07 8.84029e-07 
1188.08 8.83488e-07 
1188.09 8.82946e-07 
1188.09 8.82407e-07 
1188.1 8.81865e-07 
1188.11 8.81324e-07 
1188.12 8.80783e-07 
1188.13 8.80246e-07 
1188.14 8.79705e-07 
1188.15 8.79166e-07 
1188.16 8.78627e-07 
1188.17 8.78088e-07 
1188.18 8.7755e-07 
1188.19 8.77012e-07 
1188.2 8.76473e-07 
1188.21 8.75936e-07 
1188.22 8.754e-07 
1188.23 8.74862e-07 
1188.24 8.74325e-07 
1188.25 8.73788e-07 
1188.26 8.73252e-07 
1188.27 8.72715e-07 
1188.28 8.7218e-07 
1188.29 8.71644e-07 
1188.3 8.7111e-07 
1188.31 8.70574e-07 
1188.32 8.70038e-07 
1188.33 8.69505e-07 
1188.34 8.6897e-07 
1188.35 8.68435e-07 
1188.36 8.67902e-07 
1188.37 8.67367e-07 
1188.38 8.66835e-07 
1188.39 8.66302e-07 
1188.4 8.65769e-07 
1188.41 8.65236e-07 
1188.42 8.64705e-07 
1188.43 8.64173e-07 
1188.44 8.63641e-07 
1188.45 8.6311e-07 
1188.46 8.62578e-07 
1188.47 8.62048e-07 
1188.48 8.61516e-07 
1188.49 8.60986e-07 
1188.5 8.60456e-07 
1188.51 8.59925e-07 
1188.52 8.59396e-07 
1188.52 8.58867e-07 
1188.53 8.58338e-07 
1188.54 8.5781e-07 
1188.55 8.57281e-07 
1188.56 8.56753e-07 
1188.57 8.56224e-07 
1188.58 8.55697e-07 
1188.59 8.55169e-07 
1188.6 8.55171e-07 
1188.61 8.54643e-07 
1188.62 8.54117e-07 
1188.63 8.53591e-07 
1188.64 8.53063e-07 
1188.65 8.52537e-07 
1188.66 8.52011e-07 
1188.67 8.51485e-07 
1188.68 8.50959e-07 
1188.69 8.50434e-07 
1188.7 8.4991e-07 
1188.71 8.49386e-07 
1188.72 8.4886e-07 
1188.73 8.48337e-07 
1188.74 8.47813e-07 
1188.75 8.47289e-07 
1188.76 8.46766e-07 
1188.77 8.46242e-07 
1188.78 8.45719e-07 
1188.79 8.45197e-07 
1188.8 8.44675e-07 
1188.81 8.44153e-07 
1188.82 8.43631e-07 
1188.83 8.43108e-07 
1188.84 8.42588e-07 
1188.85 8.42067e-07 
1188.86 8.41546e-07 
1188.87 8.41026e-07 
1188.88 8.40506e-07 
1188.89 8.39986e-07 
1188.9 8.39466e-07 
1188.91 8.38946e-07 
1188.92 8.38427e-07 
1188.93 8.37909e-07 
1188.94 8.3739e-07 
1188.94 8.36872e-07 
1188.95 8.36353e-07 
1188.96 8.35836e-07 
1188.97 8.35318e-07 
1188.98 8.34801e-07 
1188.99 8.34285e-07 
1189 8.33767e-07 
1189.01 8.3325e-07 
1189.02 8.32734e-07 
1189.03 8.32218e-07 
1189.04 8.31702e-07 
1189.05 8.31188e-07 
1189.06 8.30672e-07 
1189.07 8.30156e-07 
1189.08 8.29643e-07 
1189.09 8.29128e-07 
1189.1 8.28613e-07 
1189.11 8.281e-07 
1189.12 8.27587e-07 
1189.13 8.27073e-07 
1189.14 8.2656e-07 
1189.15 8.26047e-07 
1189.16 8.25535e-07 
1189.17 8.25023e-07 
1189.18 8.24511e-07 
1189.19 8.23999e-07 
1189.2 8.23487e-07 
1189.21 8.22976e-07 
1189.22 8.22465e-07 
1189.23 8.21955e-07 
1189.24 8.21445e-07 
1189.25 8.20935e-07 
1189.26 8.20425e-07 
1189.27 8.19915e-07 
1189.28 8.19406e-07 
1189.29 8.18896e-07 
1189.3 8.18388e-07 
1189.31 8.17879e-07 
1189.32 8.17371e-07 
1189.33 8.16863e-07 
1189.34 8.16354e-07 
1189.35 8.15849e-07 
1189.36 8.15341e-07 
1189.36 8.14833e-07 
1189.37 8.14327e-07 
1189.38 8.13821e-07 
1189.39 8.13315e-07 
1189.4 8.12809e-07 
1189.41 8.12303e-07 
1189.42 8.11798e-07 
1189.43 8.11293e-07 
1189.44 8.10787e-07 
1189.45 8.10283e-07 
1189.46 8.09779e-07 
1189.47 8.09275e-07 
1189.48 8.08771e-07 
1189.49 8.08267e-07 
1189.5 8.07764e-07 
1189.51 8.07262e-07 
1189.52 8.06759e-07 
1189.53 8.06257e-07 
1189.54 8.05754e-07 
1189.55 8.05253e-07 
1189.56 8.04751e-07 
1189.57 8.0425e-07 
1189.58 8.03748e-07 
1189.59 8.03248e-07 
1189.6 8.02747e-07 
1189.61 8.02744e-07 
1189.62 8.02243e-07 
1189.63 8.01743e-07 
1189.64 8.01242e-07 
1189.65 8.00743e-07 
1189.66 8.00244e-07 
1189.67 7.99745e-07 
1189.68 7.99246e-07 
1189.69 7.98748e-07 
1189.7 7.98249e-07 
1189.71 7.97751e-07 
1189.72 7.97254e-07 
1189.73 7.96756e-07 
1189.74 7.96259e-07 
1189.75 7.95762e-07 
1189.76 7.95266e-07 
1189.77 7.94769e-07 
1189.78 7.94273e-07 
1189.79 7.93777e-07 
1189.79 7.93282e-07 
1189.8 7.92785e-07 
1189.81 7.92291e-07 
1189.82 7.91796e-07 
1189.83 7.91302e-07 
1189.84 7.90806e-07 
1189.85 7.90313e-07 
1189.86 7.89819e-07 
1189.87 7.89326e-07 
1189.88 7.88832e-07 
1189.89 7.8834e-07 
1189.9 7.87847e-07 
1189.91 7.87354e-07 
1189.92 7.86862e-07 
1189.93 7.8637e-07 
1189.94 7.85878e-07 
1189.95 7.85387e-07 
1189.96 7.84895e-07 
1189.97 7.84405e-07 
1189.98 7.83914e-07 
1189.99 7.83423e-07 
1190 7.82933e-07 
1190.01 7.82444e-07 
1190.02 7.81954e-07 
1190.03 7.81465e-07 
1190.04 7.80975e-07 
1190.05 7.80486e-07 
1190.06 7.79998e-07 
1190.07 7.79509e-07 
1190.08 7.79022e-07 
1190.09 7.78534e-07 
1190.1 7.78046e-07 
1190.11 7.77559e-07 
1190.12 7.77072e-07 
1190.13 7.76585e-07 
1190.14 7.76098e-07 
1190.15 7.75612e-07 
1190.16 7.75125e-07 
1190.17 7.7464e-07 
1190.18 7.74154e-07 
1190.19 7.73668e-07 
1190.2 7.73184e-07 
1190.21 7.727e-07 
1190.21 7.72214e-07 
1190.22 7.7173e-07 
1190.23 7.71246e-07 
1190.24 7.70763e-07 
1190.25 7.70279e-07 
1190.26 7.69796e-07 
1190.27 7.69313e-07 
1190.28 7.6883e-07 
1190.29 7.68347e-07 
1190.3 7.67865e-07 
1190.31 7.67383e-07 
1190.32 7.66901e-07 
1190.33 7.66419e-07 
1190.34 7.65938e-07 
1190.35 7.65457e-07 
1190.36 7.64977e-07 
1190.37 7.64496e-07 
1190.38 7.64016e-07 
1190.39 7.63536e-07 
1190.4 7.63056e-07 
1190.41 7.62576e-07 
1190.42 7.62097e-07 
1190.43 7.61617e-07 
1190.44 7.61139e-07 
1190.45 7.60661e-07 
1190.46 7.60182e-07 
1190.47 7.59704e-07 
1190.48 7.59227e-07 
1190.49 7.58749e-07 
1190.5 7.58271e-07 
1190.51 7.57794e-07 
1190.52 7.57318e-07 
1190.53 7.56841e-07 
1190.54 7.56365e-07 
1190.55 7.55888e-07 
1190.56 7.55412e-07 
1190.57 7.54937e-07 
1190.58 7.54461e-07 
1190.59 7.53985e-07 
1190.6 7.53511e-07 
1190.61 7.53502e-07 
1190.62 7.53027e-07 
1190.63 7.52553e-07 
1190.64 7.52078e-07 
1190.64 7.51604e-07 
1190.65 7.5113e-07 
1190.66 7.50657e-07 
1190.67 7.50184e-07 
1190.68 7.49711e-07 
1190.69 7.49238e-07 
1190.7 7.48765e-07 
1190.71 7.48293e-07 
1190.72 7.4782e-07 
1190.73 7.47348e-07 
1190.74 7.46876e-07 
1190.75 7.46406e-07 
1190.76 7.45934e-07 
1190.77 7.45462e-07 
1190.78 7.44992e-07 
1190.79 7.44522e-07 
1190.8 7.44051e-07 
1190.81 7.43581e-07 
1190.82 7.43111e-07 
1190.83 7.42641e-07 
1190.84 7.42172e-07 
1190.85 7.41702e-07 
1190.86 7.41233e-07 
1190.87 7.40764e-07 
1190.88 7.40296e-07 
1190.89 7.39827e-07 
1190.9 7.3936e-07 
1190.91 7.38891e-07 
1190.92 7.38424e-07 
1190.93 7.37956e-07 
1190.94 7.37489e-07 
1190.95 7.37022e-07 
1190.96 7.36556e-07 
1190.97 7.36089e-07 
1190.98 7.35622e-07 
1190.99 7.35156e-07 
1191 7.3469e-07 
1191.01 7.34224e-07 
1191.02 7.33759e-07 
1191.03 7.33293e-07 
1191.04 7.32828e-07 
1191.05 7.32363e-07 
1191.06 7.31899e-07 
1191.07 7.31434e-07 
1191.07 7.3097e-07 
1191.08 7.30506e-07 
1191.09 7.30042e-07 
1191.1 7.29579e-07 
1191.11 7.29115e-07 
1191.12 7.28652e-07 
1191.13 7.28189e-07 
1191.14 7.27726e-07 
1191.15 7.27264e-07 
1191.16 7.26801e-07 
1191.17 7.26339e-07 
1191.18 7.25877e-07 
1191.19 7.25415e-07 
1191.2 7.24953e-07 
1191.21 7.24492e-07 
1191.22 7.24031e-07 
1191.23 7.23569e-07 
1191.24 7.23109e-07 
1191.25 7.22648e-07 
1191.26 7.22188e-07 
1191.27 7.21727e-07 
1191.28 7.21267e-07 
1191.29 7.20807e-07 
1191.3 7.20347e-07 
1191.31 7.19888e-07 
1191.32 7.19428e-07 
1191.33 7.1897e-07 
1191.34 7.18511e-07 
1191.35 7.18052e-07 
1191.36 7.17593e-07 
1191.37 7.17135e-07 
1191.38 7.16676e-07 
1191.39 7.16218e-07 
1191.4 7.15761e-07 
1191.41 7.15302e-07 
1191.42 7.14845e-07 
1191.43 7.14388e-07 
1191.44 7.13931e-07 
1191.45 7.13474e-07 
1191.46 7.13017e-07 
1191.47 7.1256e-07 
1191.48 7.12104e-07 
1191.49 7.11647e-07 
1191.49 7.1119e-07 
1191.5 7.10735e-07 
1191.51 7.10279e-07 
1191.52 7.09824e-07 
1191.53 7.09368e-07 
1191.54 7.08912e-07 
1191.55 7.08458e-07 
1191.56 7.08002e-07 
1191.57 7.07548e-07 
1191.58 7.07093e-07 
1191.59 7.06638e-07 
1191.6 7.06621e-07 
1191.61 7.06166e-07 
1191.62 7.05711e-07 
1191.63 7.05257e-07 
1191.64 7.04803e-07 
1191.65 7.04349e-07 
1191.66 7.03896e-07 
1191.67 7.03442e-07 
1191.68 7.02989e-07 
1191.69 7.02535e-07 
1191.7 7.02082e-07 
1191.71 7.01629e-07 
1191.72 7.01176e-07 
1191.73 7.00723e-07 
1191.74 7.00271e-07 
1191.75 6.99818e-07 
1191.76 6.99366e-07 
1191.77 6.98913e-07 
1191.78 6.98461e-07 
1191.79 6.98009e-07 
1191.8 6.97558e-07 
1191.81 6.97106e-07 
1191.82 6.96654e-07 
1191.83 6.96202e-07 
1191.84 6.95751e-07 
1191.85 6.953e-07 
1191.86 6.94849e-07 
1191.87 6.94398e-07 
1191.88 6.93947e-07 
1191.89 6.93496e-07 
1191.9 6.93046e-07 
1191.91 6.92595e-07 
1191.92 6.92145e-07 
1191.92 6.91694e-07 
1191.93 6.91244e-07 
1191.94 6.90794e-07 
1191.95 6.90344e-07 
1191.96 6.89894e-07 
1191.97 6.89445e-07 
1191.98 6.88994e-07 
1191.99 6.88546e-07 
1192 6.88096e-07 
1192.01 6.87646e-07 
1192.02 6.87197e-07 
1192.03 6.86748e-07 
1192.04 6.86299e-07 
1192.05 6.85849e-07 
1192.06 6.854e-07 
1192.07 6.84952e-07 
1192.08 6.84503e-07 
1192.09 6.84054e-07 
1192.1 6.83606e-07 
1192.11 6.83157e-07 
1192.12 6.82709e-07 
1192.13 6.8226e-07 
1192.14 6.81812e-07 
1192.15 6.81364e-07 
1192.16 6.80916e-07 
1192.17 6.80468e-07 
1192.18 6.80019e-07 
1192.19 6.79571e-07 
1192.2 6.79124e-07 
1192.21 6.78676e-07 
1192.22 6.78228e-07 
1192.23 6.7778e-07 
1192.24 6.77333e-07 
1192.25 6.76885e-07 
1192.26 6.76437e-07 
1192.27 6.7599e-07 
1192.28 6.75542e-07 
1192.29 6.75095e-07 
1192.3 6.74648e-07 
1192.31 6.74201e-07 
1192.32 6.73753e-07 
1192.33 6.73306e-07 
1192.34 6.72859e-07 
1192.34 6.72411e-07 
1192.35 6.71964e-07 
1192.36 6.71517e-07 
1192.37 6.7107e-07 
1192.38 6.70623e-07 
1192.39 6.70176e-07 
1192.4 6.69728e-07 
1192.41 6.69282e-07 
1192.42 6.68835e-07 
1192.43 6.68388e-07 
1192.44 6.67941e-07 
1192.45 6.67494e-07 
1192.46 6.67046e-07 
1192.47 6.666e-07 
1192.48 6.66153e-07 
1192.49 6.65706e-07 
1192.5 6.65259e-07 
1192.51 6.64812e-07 
1192.52 6.64365e-07 
1192.53 6.63918e-07 
1192.54 6.63471e-07 
1192.55 6.63024e-07 
1192.56 6.62577e-07 
1192.57 6.6213e-07 
1192.58 6.61683e-07 
1192.59 6.61236e-07 
1192.6 6.60789e-07 
1192.61 6.6075e-07 
1192.62 6.60302e-07 
1192.63 6.59855e-07 
1192.64 6.59407e-07 
1192.65 6.5896e-07 
1192.66 6.58512e-07 
1192.67 6.58064e-07 
1192.68 6.57617e-07 
1192.69 6.57169e-07 
1192.7 6.56721e-07 
1192.71 6.56273e-07 
1192.72 6.55825e-07 
1192.73 6.55378e-07 
1192.74 6.5493e-07 
1192.75 6.54482e-07 
1192.76 6.54034e-07 
1192.77 6.53585e-07 
1192.77 6.53138e-07 
1192.78 6.52689e-07 
1192.79 6.52241e-07 
1192.8 6.51793e-07 
1192.81 6.51344e-07 
1192.82 6.50896e-07 
1192.83 6.50447e-07 
1192.84 6.49998e-07 
1192.85 6.49549e-07 
1192.86 6.49101e-07 
1192.87 6.48651e-07 
1192.88 6.48202e-07 
1192.89 6.47753e-07 
1192.9 6.47303e-07 
1192.91 6.46854e-07 
1192.92 6.46405e-07 
1192.93 6.45954e-07 
1192.94 6.45505e-07 
1192.95 6.45055e-07 
1192.96 6.44605e-07 
1192.97 6.44155e-07 
1192.98 6.43705e-07 
1192.99 6.43254e-07 
1193 6.42804e-07 
1193.01 6.42353e-07 
1193.02 6.41902e-07 
1193.03 6.41452e-07 
1193.04 6.41e-07 
1193.05 6.40549e-07 
1193.06 6.40098e-07 
1193.07 6.39646e-07 
1193.08 6.39195e-07 
1193.09 6.38743e-07 
1193.1 6.38291e-07 
1193.11 6.37839e-07 
1193.12 6.37386e-07 
1193.13 6.36934e-07 
1193.14 6.36481e-07 
1193.15 6.36029e-07 
1193.16 6.35575e-07 
1193.17 6.35122e-07 
1193.18 6.34669e-07 
1193.19 6.34215e-07 
1193.19 6.33762e-07 
1193.2 6.33307e-07 
1193.21 6.32853e-07 
1193.22 6.32399e-07 
1193.23 6.31944e-07 
1193.24 6.31489e-07 
1193.25 6.31034e-07 
1193.26 6.30579e-07 
1193.27 6.30124e-07 
1193.28 6.29668e-07 
1193.29 6.29212e-07 
1193.3 6.28756e-07 
1193.31 6.283e-07 
1193.32 6.27843e-07 
1193.33 6.27386e-07 
1193.34 6.26929e-07 
1193.35 6.26472e-07 
1193.36 6.26015e-07 
1193.37 6.25557e-07 
1193.38 6.25099e-07 
1193.39 6.24641e-07 
1193.4 6.24182e-07 
1193.41 6.23723e-07 
1193.42 6.23264e-07 
1193.43 6.22805e-07 
1193.44 6.22345e-07 
1193.45 6.21885e-07 
1193.46 6.21424e-07 
1193.47 6.20964e-07 
1193.48 6.20504e-07 
1193.49 6.20042e-07 
1193.5 6.19581e-07 
1193.51 6.19119e-07 
1193.52 6.18657e-07 
1193.53 6.18195e-07 
1193.54 6.17732e-07 
1193.55 6.17269e-07 
1193.56 6.16806e-07 
1193.57 6.16342e-07 
1193.58 6.15879e-07 
1193.59 6.15414e-07 
1193.6 6.1495e-07 
1193.61 6.14864e-07 
1193.62 6.14398e-07 
1193.62 6.13933e-07 
1193.63 6.13466e-07 
1193.64 6.13e-07 
1193.65 6.12533e-07 
1193.66 6.12066e-07 
1193.67 6.11598e-07 
1193.68 6.11129e-07 
1193.69 6.10661e-07 
1193.7 6.10193e-07 
1193.71 6.09723e-07 
1193.72 6.09254e-07 
1193.73 6.08784e-07 
1193.74 6.08313e-07 
1193.75 6.07843e-07 
1193.76 6.07372e-07 
1193.77 6.069e-07 
1193.78 6.06428e-07 
1193.79 6.05956e-07 
1193.8 6.05482e-07 
1193.81 6.0501e-07 
1193.82 6.04536e-07 
1193.83 6.04062e-07 
1193.84 6.03587e-07 
1193.85 6.03113e-07 
1193.86 6.02637e-07 
1193.87 6.02162e-07 
1193.88 6.01685e-07 
1193.89 6.01208e-07 
1193.9 6.00731e-07 
1193.91 6.00253e-07 
1193.92 5.99775e-07 
1193.93 5.99297e-07 
1193.94 5.98818e-07 
1193.95 5.98338e-07 
1193.96 5.97858e-07 
1193.97 5.97378e-07 
1193.98 5.96897e-07 
1193.99 5.96416e-07 
1194 5.95933e-07 
1194.01 5.95451e-07 
1194.02 5.94968e-07 
1194.03 5.94484e-07 
1194.04 5.94e-07 
1194.05 5.93516e-07 
1194.05 5.93031e-07 
1194.06 5.92545e-07 
1194.07 5.92059e-07 
1194.08 5.91572e-07 
1194.09 5.91085e-07 
1194.1 5.90598e-07 
1194.11 5.90109e-07 
1194.12 5.8962e-07 
1194.13 5.8913e-07 
1194.14 5.8864e-07 
1194.15 5.8815e-07 
1194.16 5.87659e-07 
1194.17 5.87167e-07 
1194.18 5.86675e-07 
1194.19 5.86181e-07 
1194.2 5.85688e-07 
1194.21 5.85194e-07 
1194.22 5.84699e-07 
1194.23 5.84204e-07 
1194.24 5.83708e-07 
1194.25 5.83211e-07 
1194.26 5.82714e-07 
1194.27 5.82217e-07 
1194.28 5.81718e-07 
1194.29 5.81219e-07 
1194.3 5.8072e-07 
1194.31 5.80219e-07 
1194.32 5.79718e-07 
1194.33 5.79216e-07 
1194.34 5.78714e-07 
1194.35 5.78212e-07 
1194.36 5.77708e-07 
1194.37 5.77203e-07 
1194.38 5.76698e-07 
1194.39 5.76192e-07 
1194.4 5.75686e-07 
1194.41 5.7518e-07 
1194.42 5.74672e-07 
1194.43 5.74163e-07 
1194.44 5.73654e-07 
1194.45 5.73145e-07 
1194.46 5.72633e-07 
1194.47 5.72123e-07 
1194.47 5.71611e-07 
1194.48 5.71098e-07 
1194.49 5.70584e-07 
1194.5 5.7007e-07 
1194.51 5.69555e-07 
1194.52 5.6904e-07 
1194.53 5.68524e-07 
1194.54 5.68006e-07 
1194.55 5.67488e-07 
1194.56 5.6697e-07 
1194.57 5.6645e-07 
1194.58 5.65929e-07 
1194.59 5.65409e-07 
1194.6 5.64887e-07 
1194.61 5.64713e-07 
1194.62 5.64189e-07 
1194.63 5.63665e-07 
1194.64 5.63139e-07 
1194.65 5.62613e-07 
1194.66 5.62086e-07 
1194.67 5.61558e-07 
1194.68 5.6103e-07 
1194.69 5.605e-07 
1194.7 5.5997e-07 
1194.71 5.59439e-07 
1194.72 5.58907e-07 
1194.73 5.58374e-07 
1194.74 5.57841e-07 
1194.75 5.57306e-07 
1194.76 5.5677e-07 
1194.77 5.56234e-07 
1194.78 5.55697e-07 
1194.79 5.55159e-07 
1194.8 5.5462e-07 
1194.81 5.54081e-07 
1194.82 5.5354e-07 
1194.83 5.52999e-07 
1194.84 5.52456e-07 
1194.85 5.51913e-07 
1194.86 5.51368e-07 
1194.87 5.50824e-07 
1194.88 5.50277e-07 
1194.89 5.4973e-07 
1194.9 5.49182e-07 
1194.9 5.48633e-07 
1194.91 5.48084e-07 
1194.92 5.47533e-07 
1194.93 5.46981e-07 
1194.94 5.46428e-07 
1194.95 5.45875e-07 
1194.96 5.4532e-07 
1194.97 5.44764e-07 
1194.98 5.44208e-07 
1194.99 5.4365e-07 
1195 5.43092e-07 
1195.01 5.42532e-07 
1195.02 5.41971e-07 
1195.03 5.4141e-07 
1195.04 5.40847e-07 
1195.05 5.40284e-07 
1195.06 5.39719e-07 
1195.07 5.39153e-07 
1195.08 5.38587e-07 
1195.09 5.38019e-07 
1195.1 5.3745e-07 
1195.11 5.36881e-07 
1195.12 5.3631e-07 
1195.13 5.35738e-07 
1195.14 5.35165e-07 
1195.15 5.34591e-07 
1195.16 5.34016e-07 
1195.17 5.33439e-07 
1195.18 5.32862e-07 
1195.19 5.32284e-07 
1195.2 5.31705e-07 
1195.21 5.31124e-07 
1195.22 5.30543e-07 
1195.23 5.2996e-07 
1195.24 5.29376e-07 
1195.25 5.28791e-07 
1195.26 5.28205e-07 
1195.27 5.27618e-07 
1195.28 5.2703e-07 
1195.29 5.2644e-07 
1195.3 5.2585e-07 
1195.31 5.25258e-07 
1195.32 5.24665e-07 
1195.32 5.24071e-07 
1195.33 5.23476e-07 
1195.34 5.22879e-07 
1195.35 5.22282e-07 
1195.36 5.21683e-07 
1195.37 5.21083e-07 
1195.38 5.20482e-07 
1195.39 5.1988e-07 
1195.4 5.19277e-07 
1195.41 5.18672e-07 
1195.42 5.18066e-07 
1195.43 5.17459e-07 
1195.44 5.16851e-07 
1195.45 5.16241e-07 
1195.46 5.15631e-07 
1195.47 5.15019e-07 
1195.48 5.14406e-07 
1195.49 5.13791e-07 
1195.5 5.13175e-07 
1195.51 5.12559e-07 
1195.52 5.1194e-07 
1195.53 5.11321e-07 
1195.54 5.107e-07 
1195.55 5.10078e-07 
1195.56 5.09455e-07 
1195.57 5.08831e-07 
1195.58 5.08205e-07 
1195.59 5.07578e-07 
1195.6 5.06949e-07 
1195.61 5.06632e-07 
1195.62 5.06001e-07 
1195.63 5.05368e-07 
1195.64 5.04734e-07 
1195.65 5.04099e-07 
1195.66 5.03462e-07 
1195.67 5.02824e-07 
1195.68 5.02186e-07 
1195.69 5.01545e-07 
1195.7 5.00903e-07 
1195.71 5.0026e-07 
1195.72 4.99616e-07 
1195.73 4.9897e-07 
1195.74 4.98323e-07 
1195.75 4.97675e-07 
1195.75 4.97025e-07 
1195.76 4.96374e-07 
1195.77 4.95722e-07 
1195.78 4.95068e-07 
1195.79 4.94414e-07 
1195.8 4.93757e-07 
1195.81 4.931e-07 
1195.82 4.92441e-07 
1195.83 4.91781e-07 
1195.84 4.9112e-07 
1195.85 4.90458e-07 
1195.86 4.89794e-07 
1195.87 4.89129e-07 
1195.88 4.88463e-07 
1195.89 4.87795e-07 
1195.9 4.87127e-07 
1195.91 4.86458e-07 
1195.92 4.85787e-07 
1195.93 4.85115e-07 
1195.94 4.84442e-07 
1195.95 4.83768e-07 
1195.96 4.83094e-07 
1195.97 4.82418e-07 
1195.98 4.81742e-07 
1195.99 4.81064e-07 
1196 4.80387e-07 
1196.01 4.79708e-07 
1196.02 4.79029e-07 
1196.03 4.78349e-07 
1196.04 4.77669e-07 
1196.05 4.76988e-07 
1196.06 4.76308e-07 
1196.07 4.75627e-07 
1196.08 4.74946e-07 
1196.09 4.74266e-07 
1196.1 4.73585e-07 
1196.11 4.72906e-07 
1196.12 4.72227e-07 
1196.13 4.71549e-07 
1196.14 4.70872e-07 
1196.15 4.70196e-07 
1196.16 4.69522e-07 
1196.17 4.6885e-07 
1196.17 4.6818e-07 
1196.18 4.67512e-07 
1196.19 4.66847e-07 
1196.2 4.66186e-07 
1196.21 4.65527e-07 
1196.22 4.64874e-07 
1196.23 4.64225e-07 
1196.24 4.6358e-07 
1196.25 4.62941e-07 
1196.26 4.62308e-07 
1196.27 4.61681e-07 
1196.28 4.61062e-07 
1196.29 4.6045e-07 
1196.3 4.59848e-07 
1196.31 4.59255e-07 
1196.32 4.58672e-07 
1196.33 4.58101e-07 
1196.34 4.57541e-07 
1196.35 4.56995e-07 
1196.36 4.56463e-07 
1196.37 4.55947e-07 
1196.38 4.55448e-07 
1196.39 4.54966e-07 
1196.4 4.54505e-07 
1196.41 4.54064e-07 
1196.42 4.53645e-07 
1196.43 4.53251e-07 
1196.44 4.52883e-07 
1196.45 4.52542e-07 
1196.46 4.52232e-07 
1196.47 4.51953e-07 
1196.48 4.51715e-07 
1196.49 4.51507e-07 
1196.5 4.51337e-07 
1196.51 4.51209e-07 
1196.52 4.51126e-07 
1196.53 4.51088e-07 
1196.54 4.51101e-07 
1196.55 4.51167e-07 
1196.56 4.51288e-07 
1196.57 4.5147e-07 
1196.58 4.51714e-07 
1196.59 4.52025e-07 
1196.6 4.52407e-07 
1196.6 4.53142e-07 
1196.61 4.53678e-07 
1196.62 4.54297e-07 
1196.63 4.55004e-07 
1196.64 4.55804e-07 
1196.65 4.56701e-07 
1196.66 4.57702e-07 
1196.67 4.58809e-07 
1196.68 4.6003e-07 
1196.69 4.61371e-07 
1196.7 4.62836e-07 
1196.71 4.64432e-07 
1196.72 4.66164e-07 
1196.73 4.68075e-07 
1196.74 4.70103e-07 
1196.75 4.72288e-07 
1196.76 4.74636e-07 
1196.77 4.77155e-07 
1196.78 4.79852e-07 
1196.79 4.82734e-07 
1196.8 4.85809e-07 
1196.81 4.89084e-07 
1196.82 4.92566e-07 
1196.83 4.96265e-07 
1196.84 5.00188e-07 
1196.85 5.04343e-07 
1196.86 5.08738e-07 
1196.87 5.13381e-07 
1196.88 5.18281e-07 
1196.89 5.23446e-07 
1196.9 5.28885e-07 
1196.91 5.34606e-07 
1196.92 5.40616e-07 
1196.93 5.46926e-07 
1196.94 5.53542e-07 
1196.95 5.60473e-07 
1196.96 5.67727e-07 
1196.97 5.75313e-07 
1196.98 5.8335e-07 
1196.99 5.91626e-07 
1197 6.00256e-07 
1197.01 6.09248e-07 
1197.02 6.18609e-07 
1197.03 6.28345e-07 
1197.03 6.38463e-07 
1197.04 6.4897e-07 
1197.05 6.5987e-07 
1197.06 6.7117e-07 
1197.07 6.82874e-07 
1197.08 6.94987e-07 
1197.09 7.07512e-07 
1197.1 7.20455e-07 
1197.11 7.33816e-07 
1197.12 7.476e-07 
1197.13 7.61806e-07 
1197.14 7.76438e-07 
1197.15 7.91495e-07 
1197.16 8.06977e-07 
1197.17 8.22883e-07 
1197.18 8.39213e-07 
1197.19 8.55961e-07 
1197.2 8.73127e-07 
1197.21 8.90705e-07 
1197.22 9.08693e-07 
1197.23 9.27325e-07 
1197.24 9.46116e-07 
1197.25 9.65293e-07 
1197.26 9.8485e-07 
1197.27 1.00478e-06 
1197.28 1.02506e-06 
1197.29 1.0457e-06 
1197.3 1.06667e-06 
1197.31 1.08797e-06 
1197.32 1.10957e-06 
1197.33 1.13147e-06 
1197.34 1.15364e-06 
1197.35 1.17608e-06 
1197.36 1.19876e-06 
1197.37 1.22166e-06 
1197.38 1.24476e-06 
1197.39 1.26805e-06 
1197.4 1.2915e-06 
1197.41 1.31509e-06 
1197.42 1.33879e-06 
1197.43 1.36258e-06 
1197.44 1.38644e-06 
1197.45 1.41035e-06 
1197.45 1.43426e-06 
1197.46 1.45816e-06 
1197.47 1.48203e-06 
1197.48 1.50613e-06 
1197.49 1.52982e-06 
1197.5 1.55339e-06 
1197.51 1.5768e-06 
1197.52 1.60003e-06 
1197.53 1.62304e-06 
1197.54 1.64581e-06 
1197.55 1.66829e-06 
1197.56 1.69047e-06 
1197.57 1.71231e-06 
1197.58 1.73378e-06 
1197.59 1.75486e-06 
1197.6 1.7755e-06 
1197.61 1.79679e-06 
1197.62 1.81649e-06 
1197.63 1.83568e-06 
1197.64 1.85431e-06 
1197.65 1.87238e-06 
1197.66 1.88983e-06 
1197.67 1.90666e-06 
1197.68 1.92283e-06 
1197.69 1.93831e-06 
1197.7 1.95309e-06 
1197.71 1.96714e-06 
1197.72 1.98043e-06 
1197.73 1.99311e-06 
1197.74 2.00482e-06 
1197.75 2.01572e-06 
1197.76 2.02578e-06 
1197.77 2.035e-06 
1197.78 2.04335e-06 
1197.79 2.05082e-06 
1197.8 2.0574e-06 
1197.81 2.06308e-06 
1197.82 2.06785e-06 
1197.83 2.0717e-06 
1197.84 2.07462e-06 
1197.85 2.07662e-06 
1197.86 2.07768e-06 
1197.87 2.07781e-06 
1197.88 2.07701e-06 
1197.88 2.07527e-06 
1197.89 2.07261e-06 
1197.9 2.06903e-06 
1197.91 2.06453e-06 
1197.92 2.05913e-06 
1197.93 2.05283e-06 
1197.94 2.04565e-06 
1197.95 2.03761e-06 
1197.96 2.0287e-06 
1197.97 2.01897e-06 
1197.98 2.00828e-06 
1197.99 1.99692e-06 
1198 1.98478e-06 
1198.01 1.97189e-06 
1198.02 1.95827e-06 
1198.03 1.94395e-06 
1198.04 1.92895e-06 
1198.05 1.91331e-06 
1198.06 1.89705e-06 
1198.07 1.8802e-06 
1198.08 1.8628e-06 
1198.09 1.84487e-06 
1198.1 1.82646e-06 
1198.11 1.8076e-06 
1198.12 1.78832e-06 
1198.13 1.76866e-06 
1198.14 1.74866e-06 
1198.15 1.72835e-06 
1198.16 1.70778e-06 
1198.17 1.68698e-06 
1198.18 1.66599e-06 
1198.19 1.64485e-06 
1198.2 1.6236e-06 
1198.21 1.60229e-06 
1198.22 1.58095e-06 
1198.23 1.55936e-06 
1198.24 1.53809e-06 
1198.25 1.51691e-06 
1198.26 1.49587e-06 
1198.27 1.47501e-06 
1198.28 1.45436e-06 
1198.29 1.43397e-06 
1198.3 1.41387e-06 
1198.3 1.39412e-06 
1198.31 1.37473e-06 
1198.32 1.35576e-06 
1198.33 1.33724e-06 
1198.34 1.31921e-06 
1198.35 1.3017e-06 
1198.36 1.28475e-06 
1198.37 1.26839e-06 
1198.38 1.25267e-06 
1198.39 1.2376e-06 
1198.4 1.22322e-06 
1198.41 1.20957e-06 
1198.42 1.19668e-06 
1198.43 1.18456e-06 
1198.44 1.17326e-06 
1198.45 1.16279e-06 
1198.46 1.15318e-06 
1198.47 1.14446e-06 
1198.48 1.13656e-06 
1198.49 1.12968e-06 
1198.5 1.12375e-06 
1198.51 1.11879e-06 
1198.52 1.11481e-06 
1198.53 1.11183e-06 
1198.54 1.10985e-06 
1198.55 1.1089e-06 
1198.56 1.10898e-06 
1198.57 1.1101e-06 
1198.58 1.11227e-06 
1198.59 1.11549e-06 
1198.6 1.11976e-06 
1198.61 1.12577e-06 
1198.62 1.13216e-06 
1198.63 1.13959e-06 
1198.64 1.14807e-06 
1198.65 1.1576e-06 
1198.66 1.16815e-06 
1198.67 1.17972e-06 
1198.68 1.1923e-06 
1198.69 1.20588e-06 
1198.7 1.22043e-06 
1198.71 1.23594e-06 
1198.72 1.25239e-06 
1198.73 1.26998e-06 
1198.73 1.28825e-06 
1198.74 1.30738e-06 
1198.75 1.32734e-06 
1198.76 1.34811e-06 
1198.77 1.36965e-06 
1198.78 1.39192e-06 
1198.79 1.4149e-06 
1198.8 1.43855e-06 
1198.81 1.46282e-06 
1198.82 1.48768e-06 
1198.83 1.51307e-06 
1198.84 1.53897e-06 
1198.85 1.56531e-06 
1198.86 1.59206e-06 
1198.87 1.61917e-06 
1198.88 1.64658e-06 
1198.89 1.67425e-06 
1198.9 1.70212e-06 
1198.91 1.73015e-06 
1198.92 1.75827e-06 
1198.93 1.78643e-06 
1198.94 1.81459e-06 
1198.95 1.84268e-06 
1198.96 1.87064e-06 
1198.97 1.89843e-06 
1198.98 1.92633e-06 
1198.99 1.95359e-06 
1199 1.9805e-06 
1199.01 2.00701e-06 
1199.02 2.03306e-06 
1199.03 2.05859e-06 
1199.04 2.08357e-06 
1199.05 2.10792e-06 
1199.06 2.13159e-06 
1199.07 2.15455e-06 
1199.08 2.17674e-06 
1199.09 2.19809e-06 
1199.1 2.21859e-06 
1199.11 2.23817e-06 
1199.12 2.25679e-06 
1199.13 2.27441e-06 
1199.14 2.291e-06 
1199.15 2.30651e-06 
1199.15 2.32091e-06 
1199.16 2.33416e-06 
1199.17 2.34624e-06 
1199.18 2.35711e-06 
1199.19 2.36675e-06 
1199.2 2.37514e-06 
1199.21 2.38226e-06 
1199.22 2.38815e-06 
1199.23 2.39266e-06 
1199.24 2.39585e-06 
1199.25 2.39771e-06 
1199.26 2.39823e-06 
1199.27 2.39742e-06 
1199.28 2.39527e-06 
1199.29 2.39179e-06 
1199.3 2.38698e-06 
1199.31 2.38085e-06 
1199.32 2.3734e-06 
1199.33 2.36466e-06 
1199.34 2.35465e-06 
1199.35 2.34337e-06 
1199.36 2.33085e-06 
1199.37 2.31713e-06 
1199.38 2.30221e-06 
1199.39 2.28614e-06 
1199.4 2.26895e-06 
1199.41 2.25067e-06 
1199.42 2.23133e-06 
1199.43 2.21098e-06 
1199.44 2.18965e-06 
1199.45 2.16739e-06 
1199.46 2.14424e-06 
1199.47 2.12024e-06 
1199.48 2.09514e-06 
1199.49 2.06959e-06 
1199.5 2.04333e-06 
1199.51 2.01643e-06 
1199.52 1.98893e-06 
1199.53 1.96088e-06 
1199.54 1.93233e-06 
1199.55 1.90334e-06 
1199.56 1.87397e-06 
1199.57 1.84425e-06 
1199.58 1.81425e-06 
1199.58 1.78403e-06 
1199.59 1.75362e-06 
1199.6 1.72309e-06 
1199.61 1.69353e-06 
1199.62 1.6629e-06 
1199.63 1.63229e-06 
1199.64 1.60176e-06 
1199.65 1.57137e-06 
1199.66 1.54116e-06 
1199.67 1.51117e-06 
1199.68 1.48146e-06 
1199.69 1.45206e-06 
1199.7 1.42303e-06 
1199.71 1.3944e-06 
1199.72 1.36622e-06 
1199.73 1.33819e-06 
1199.74 1.31102e-06 
1199.75 1.28442e-06 
1199.76 1.25841e-06 
1199.77 1.23303e-06 
1199.78 1.2083e-06 
1199.79 1.18427e-06 
1199.8 1.16095e-06 
1199.81 1.13838e-06 
1199.82 1.11657e-06 
1199.83 1.09556e-06 
1199.84 1.07535e-06 
1199.85 1.05598e-06 
1199.86 1.03746e-06 
1199.87 1.01979e-06 
1199.88 1.00301e-06 
1199.89 9.87115e-07 
1199.9 9.72121e-07 
1199.91 9.58038e-07 
1199.92 9.44873e-07 
1199.93 9.32631e-07 
1199.94 9.21316e-07 
1199.95 9.10933e-07 
1199.96 9.01482e-07 
1199.97 8.92963e-07 
1199.98 8.85302e-07 
1199.99 8.7865e-07 
1200 8.72928e-07 
1200.01 8.68127e-07 
1200.01 8.64238e-07 
1200.02 8.61256e-07 
1200.03 8.59173e-07 
1200.04 8.57977e-07 
1200.05 8.57659e-07 
1200.06 8.58208e-07 
1200.07 8.59612e-07 
1200.08 8.61856e-07 
1200.09 8.64927e-07 
1200.1 8.68811e-07 
1200.11 8.73491e-07 
1200.12 8.78951e-07 
1200.13 8.85175e-07 
1200.14 8.92145e-07 
1200.15 8.99845e-07 
1200.16 9.08253e-07 
1200.17 9.17349e-07 
1200.18 9.27118e-07 
1200.19 9.37537e-07 
1200.2 9.48585e-07 
1200.21 9.60243e-07 
1200.22 9.72487e-07 
1200.23 9.85471e-07 
1200.24 9.98831e-07 
1200.25 1.01271e-06 
1200.26 1.02709e-06 
1200.27 1.04195e-06 
1200.28 1.05726e-06 
1200.29 1.073e-06 
1200.3 1.08914e-06 
1200.31 1.10567e-06 
1200.32 1.12255e-06 
1200.33 1.13978e-06 
1200.34 1.15731e-06 
1200.35 1.17513e-06 
1200.36 1.19321e-06 
1200.37 1.21153e-06 
1200.38 1.23006e-06 
1200.39 1.24879e-06 
1200.4 1.26768e-06 
1200.41 1.28671e-06 
1200.42 1.30587e-06 
1200.43 1.32512e-06 
1200.43 1.34443e-06 
1200.44 1.3638e-06 
1200.45 1.38319e-06 
1200.46 1.40257e-06 
1200.47 1.42194e-06 
1200.48 1.44151e-06 
1200.49 1.46076e-06 
1200.5 1.47992e-06 
1200.51 1.49896e-06 
1200.52 1.51787e-06 
1200.53 1.53662e-06 
1200.54 1.5552e-06 
1200.55 1.57358e-06 
1200.56 1.59174e-06 
1200.57 1.60966e-06 
1200.58 1.62732e-06 
1200.59 1.6447e-06 
1200.6 1.66179e-06 
1200.61 1.6796e-06 
1200.62 1.69606e-06 
1200.63 1.71217e-06 
1200.64 1.72793e-06 
1200.65 1.7433e-06 
1200.66 1.75829e-06 
1200.67 1.77286e-06 
1200.68 1.78703e-06 
1200.69 1.80076e-06 
1200.7 1.81405e-06 
1200.71 1.82689e-06 
1200.72 1.83926e-06 
1200.73 1.85133e-06 
1200.74 1.86275e-06 
1200.75 1.87369e-06 
1200.76 1.88414e-06 
1200.77 1.8941e-06 
1200.78 1.90356e-06 
1200.79 1.91252e-06 
1200.8 1.92098e-06 
1200.81 1.92893e-06 
1200.82 1.93638e-06 
1200.83 1.94332e-06 
1200.84 1.94977e-06 
1200.85 1.95572e-06 
1200.85 1.96119e-06 
1200.86 1.96616e-06 
1200.87 1.97066e-06 
1200.88 1.97469e-06 
1200.89 1.97826e-06 
1200.9 1.98138e-06 
1200.91 1.98406e-06 
1200.92 1.98631e-06 
1200.93 1.98815e-06 
1200.94 1.98959e-06 
1200.95 1.99064e-06 
1200.96 1.99133e-06 
1200.97 1.99167e-06 
1200.98 1.99168e-06 
1200.99 1.99137e-06 
1201 1.99077e-06 
1201.01 1.9899e-06 
1201.02 1.98878e-06 
1201.03 1.98743e-06 
1201.04 1.98588e-06 
1201.05 1.98415e-06 
1201.06 1.98227e-06 
1201.07 1.98026e-06 
1201.08 1.97814e-06 
1201.09 1.97595e-06 
1201.1 1.97371e-06 
1201.11 1.97146e-06 
1201.12 1.9692e-06 
1201.13 1.96698e-06 
1201.14 1.96483e-06 
1201.15 1.96277e-06 
1201.16 1.96082e-06 
1201.17 1.95902e-06 
1201.18 1.95741e-06 
1201.19 1.95599e-06 
1201.2 1.95482e-06 
1201.21 1.9539e-06 
1201.22 1.95327e-06 
1201.23 1.95297e-06 
1201.24 1.95301e-06 
1201.25 1.95343e-06 
1201.26 1.95424e-06 
1201.27 1.95547e-06 
1201.28 1.95716e-06 
1201.28 1.95931e-06 
1201.29 1.96196e-06 
1201.3 1.96513e-06 
1201.31 1.96884e-06 
1201.32 1.97311e-06 
1201.33 1.97796e-06 
1201.34 1.9834e-06 
1201.35 1.98946e-06 
1201.36 1.99614e-06 
1201.37 2.00347e-06 
1201.38 2.01146e-06 
1201.39 2.02011e-06 
1201.4 2.02944e-06 
1201.41 2.03945e-06 
1201.42 2.05016e-06 
1201.43 2.06156e-06 
1201.44 2.07366e-06 
1201.45 2.08647e-06 
1201.46 2.09998e-06 
1201.47 2.11418e-06 
1201.48 2.12929e-06 
1201.49 2.1449e-06 
1201.5 2.16119e-06 
1201.51 2.17816e-06 
1201.52 2.19579e-06 
1201.53 2.21408e-06 
1201.54 2.233e-06 
1201.55 2.25254e-06 
1201.56 2.2727e-06 
1201.57 2.29343e-06 
1201.58 2.31472e-06 
1201.59 2.33656e-06 
1201.6 2.35891e-06 
1201.61 2.38321e-06 
1201.62 2.40652e-06 
1201.63 2.43026e-06 
1201.64 2.45441e-06 
1201.65 2.47891e-06 
1201.66 2.50375e-06 
1201.67 2.52888e-06 
1201.68 2.55427e-06 
1201.69 2.57988e-06 
1201.7 2.60567e-06 
1201.7 2.6316e-06 
1201.71 2.65762e-06 
1201.72 2.68404e-06 
1201.73 2.71013e-06 
1201.74 2.73619e-06 
1201.75 2.76218e-06 
1201.76 2.78803e-06 
1201.77 2.81372e-06 
1201.78 2.8392e-06 
1201.79 2.86441e-06 
1201.8 2.88931e-06 
1201.81 2.91386e-06 
1201.82 2.938e-06 
1201.83 2.96169e-06 
1201.84 2.98489e-06 
1201.85 3.00754e-06 
1201.86 3.02961e-06 
1201.87 3.05104e-06 
1201.88 3.07179e-06 
1201.89 3.09182e-06 
1201.9 3.11108e-06 
1201.91 3.12954e-06 
1201.92 3.14714e-06 
1201.93 3.16386e-06 
1201.94 3.17965e-06 
1201.95 3.19447e-06 
1201.96 3.2083e-06 
1201.97 3.22108e-06 
1201.98 3.23295e-06 
1201.99 3.24355e-06 
1202 3.25302e-06 
1202.01 3.26134e-06 
1202.02 3.26847e-06 
1202.03 3.27439e-06 
1202.04 3.27908e-06 
1202.05 3.28253e-06 
1202.06 3.2847e-06 
1202.07 3.28558e-06 
1202.08 3.28517e-06 
1202.09 3.28344e-06 
1202.1 3.2804e-06 
1202.11 3.27602e-06 
1202.12 3.27031e-06 
1202.13 3.26326e-06 
1202.13 3.25488e-06 
1202.14 3.24515e-06 
1202.15 3.2341e-06 
1202.16 3.22171e-06 
1202.17 3.20801e-06 
1202.18 3.19299e-06 
1202.19 3.17668e-06 
1202.2 3.15908e-06 
1202.21 3.14021e-06 
1202.22 3.11983e-06 
1202.23 3.09848e-06 
1202.24 3.0759e-06 
1202.25 3.05214e-06 
1202.26 3.02723e-06 
1202.27 3.00117e-06 
1202.28 2.97402e-06 
1202.29 2.94579e-06 
1202.3 2.91652e-06 
1202.31 2.88624e-06 
1202.32 2.85498e-06 
1202.33 2.82279e-06 
1202.34 2.78969e-06 
1202.35 2.75572e-06 
1202.36 2.72093e-06 
1202.37 2.68535e-06 
1202.38 2.64902e-06 
1202.39 2.61199e-06 
1202.4 2.57429e-06 
1202.41 2.53597e-06 
1202.42 2.49707e-06 
1202.43 2.45764e-06 
1202.44 2.41771e-06 
1202.45 2.37732e-06 
1202.46 2.33653e-06 
1202.47 2.29538e-06 
1202.48 2.25338e-06 
1202.49 2.21162e-06 
1202.5 2.16963e-06 
1202.51 2.12744e-06 
1202.52 2.0851e-06 
1202.53 2.04265e-06 
1202.54 2.00013e-06 
1202.55 1.95758e-06 
1202.56 1.91504e-06 
1202.56 1.87255e-06 
1202.57 1.83014e-06 
1202.58 1.78786e-06 
1202.59 1.74573e-06 
1202.6 1.7038e-06 
1202.61 1.66311e-06 
1202.62 1.62164e-06 
1202.63 1.58045e-06 
1202.64 1.53959e-06 
1202.65 1.49909e-06 
1202.66 1.45896e-06 
1202.67 1.41923e-06 
1202.68 1.37994e-06 
1202.69 1.3411e-06 
1202.7 1.30275e-06 
1202.71 1.26489e-06 
1202.72 1.22755e-06 
1202.73 1.1903e-06 
1202.74 1.15407e-06 
1202.75 1.11841e-06 
1202.76 1.08334e-06 
1202.77 1.04888e-06 
1202.78 1.01503e-06 
1202.79 9.81816e-07 
1202.8 9.49236e-07 
1202.81 9.17304e-07 
1202.82 8.86026e-07 
1202.83 8.5541e-07 
1202.84 8.25461e-07 
1202.85 7.96184e-07 
1202.86 7.67583e-07 
1202.87 7.39657e-07 
1202.88 7.12411e-07 
1202.89 6.85844e-07 
1202.9 6.59955e-07 
1202.91 6.34742e-07 
1202.92 6.10204e-07 
1202.93 5.86336e-07 
1202.94 5.63135e-07 
1202.95 5.40596e-07 
1202.96 5.18713e-07 
1202.97 4.9748e-07 
1202.98 4.7689e-07 
1202.98 4.5669e-07 
1202.99 4.37371e-07 
1203 4.1867e-07 
1203.01 4.00579e-07 
1203.02 3.83088e-07 
1203.03 3.66187e-07 
1203.04 3.49865e-07 
1203.05 3.34113e-07 
1203.06 3.18918e-07 
1203.07 3.0427e-07 
1203.08 2.90158e-07 
1203.09 2.76568e-07 
1203.1 2.6349e-07 
1203.11 2.50911e-07 
1203.12 2.3882e-07 
1203.13 2.27203e-07 
1203.14 2.16049e-07 
1203.15 2.05345e-07 
1203.16 1.95078e-07 
1203.17 1.85237e-07 
1203.18 1.75809e-07 
1203.19 1.66782e-07 
1203.2 1.58143e-07 
1203.21 1.4988e-07 
1203.22 1.41982e-07 
1203.23 1.34344e-07 
1203.24 1.27143e-07 
1203.25 1.2027e-07 
1203.26 1.13716e-07 
1203.27 1.07467e-07 
1203.28 1.01514e-07 
1203.29 9.58443e-08 
1203.3 9.04488e-08 
1203.31 8.53165e-08 
1203.32 8.04372e-08 
1203.33 7.58009e-08 
1203.34 7.1398e-08 
1203.35 6.72188e-08 
1203.36 6.32543e-08 
1203.37 5.94953e-08 
1203.38 5.59332e-08 
1203.39 5.25592e-08 
1203.4 4.93655e-08 
1203.41 4.63437e-08 
1203.41 4.34863e-08 
1203.42 4.07857e-08 
1203.43 3.82346e-08 
1203.44 3.58261e-08 
1203.45 3.35533e-08 
1203.46 3.14098e-08 
1203.47 2.93893e-08 
1203.48 2.74626e-08 
1203.49 2.56714e-08 
1203.5 2.39857e-08 
1203.51 2.24e-08 
1203.52 2.09092e-08 
1203.53 1.95084e-08 
1203.54 1.81928e-08 
1203.55 1.69578e-08 
1203.56 1.57992e-08 
1203.57 1.47127e-08 
1203.58 1.36944e-08 
1203.59 1.27406e-08 
1203.6 1.18476e-08 
1203.61 1.10186e-08 
1203.62 1.02366e-08 
1203.63 9.5055e-09 
1203.64 8.82245e-09 
1203.65 8.18458e-09 
1203.66 7.58924e-09 
1203.67 7.03386e-09 
1203.68 6.51602e-09 
1203.69 6.03343e-09 
1203.7 5.58394e-09 
1203.71 5.16548e-09 
1203.72 4.7761e-09 
1203.73 4.40963e-09 
1203.74 4.07334e-09 
1203.75 3.7609e-09 
1203.76 3.47079e-09 
1203.77 3.20153e-09 
1203.78 2.95175e-09 
1203.79 2.72017e-09 
1203.8 2.50557e-09 
1203.81 2.30681e-09 
1203.82 2.1228e-09 
1203.83 1.95254e-09 
1203.83 1.79509e-09 
1203.84 1.64954e-09 
1203.85 1.51508e-09 
1203.86 1.39092e-09 
1203.87 1.27633e-09 
1203.88 1.17062e-09 
1203.89 1.07316e-09 
1203.9 9.83339e-10 
1203.91 9.00612e-10 
1203.92 8.24453e-10 
1203.93 7.54375e-10 
1203.94 6.89926e-10 
1203.95 6.30684e-10 
1203.96 5.76254e-10 
1203.97 5.26273e-10 
1203.98 4.79849e-10 
1203.99 4.3781e-10 
1204 3.99264e-10 
1204.01 3.63939e-10 
1204.02 3.31582e-10 
1204.03 3.01958e-10 
1204.04 2.7485e-10 
1204.05 2.50057e-10 
1204.06 2.27392e-10 
1204.07 2.06684e-10 
1204.08 1.87772e-10 
1204.09 1.70509e-10 
1204.1 1.5476e-10 
1204.11 1.40399e-10 
1204.12 1.2731e-10 
1204.13 1.15387e-10 
1204.14 1.0453e-10 
1204.15 9.46501e-11 
1204.16 8.56632e-11 
1204.17 7.74928e-11 
1204.18 7.00684e-11 
1204.19 6.33252e-11 
1204.2 5.72037e-11 
1204.21 5.16495e-11 
1204.22 4.66124e-11 
1204.23 4.19922e-11 
1204.24 3.78607e-11 
1204.25 3.41195e-11 
1204.26 3.07334e-11 
1204.26 2.76701e-11 
1204.27 2.49004e-11 
1204.28 2.23972e-11 
1204.29 2.01361e-11 
1204.3 1.80947e-11 
1204.31 1.62525e-11 
1204.32 1.4591e-11 
1204.33 1.3093e-11 
1204.34 1.17433e-11 
1204.35 1.05277e-11 
1204.36 9.43348e-12 
1204.37 8.44896e-12 
1204.38 7.56358e-12 
1204.39 6.76778e-12 
1204.4 6.05283e-12 
1204.41 5.41083e-12 
1204.42 4.83463e-12 
1204.43 4.31774e-12 
1204.44 3.85428e-12 
1204.45 3.43894e-12 
1204.46 3.06689e-12 
1204.47 2.73379e-12 
1204.48 2.4322e-12 
1204.49 2.16597e-12 
1204.5 1.92796e-12 
1204.51 1.71529e-12 
1204.52 1.52535e-12 
1204.53 1.35581e-12 
1204.54 1.20453e-12 
1204.55 1.06963e-12 
1204.56 9.49382e-13 
1204.57 8.42253e-13 
1204.58 7.46858e-13 
1204.59 6.61953e-13 
1204.6 5.86421e-13 
1204.61 5.19261e-13 
1204.62 4.59855e-13 
1204.63 4.06804e-13 
1204.64 3.59701e-13 
1204.65 3.17902e-13 
1204.66 2.80826e-13 
1204.67 2.47957e-13 
1204.68 2.1883e-13 
1204.68 1.93034e-13 
1204.69 1.70197e-13 
1204.7 1.49991e-13 
1204.71 1.32121e-13 
1204.72 1.16139e-13 
1204.73 1.02205e-13 
1204.74 8.9899e-14 
1204.75 7.90376e-14 
1204.76 6.94553e-14 
1204.77 6.10059e-14 
1204.78 5.35588e-14 
1204.79 4.69985e-14 
1204.8 4.12222e-14 
1204.81 3.61386e-14 
1204.82 3.16669e-14 
1204.83 2.77353e-14 
1204.84 2.42803e-14 
1204.85 2.12456e-14 
1204.86 1.85814e-14 
1204.87 1.62435e-14 
1204.88 1.41931e-14 
1204.89 1.23955e-14 
1204.9 1.08205e-14 
1204.91 9.44117e-15 
1204.92 8.23373e-15 
1204.93 7.17729e-15 
1204.94 6.25343e-15 
1204.95 5.4459e-15 
1204.96 4.7404e-15 
1204.97 4.12433e-15 
1204.98 3.58036e-15 
1204.99 3.11208e-15 
1205 2.70376e-15 
1205.01 2.34789e-15 
1205.02 2.0379e-15 
1205.03 1.76799e-15 
1205.04 1.53311e-15 
1205.05 1.3288e-15 
1205.06 1.15116e-15 
1205.07 9.96804e-16 
1205.08 8.62733e-16 
1205.09 7.46339e-16 
1205.1 6.45342e-16 
1205.11 5.57747e-16 
1205.11 4.81813e-16 
1205.12 4.16019e-16 
1205.13 3.59039e-16 
1205.14 3.09716e-16 
1205.15 2.67041e-16 
1205.16 2.30138e-16 
1205.17 1.9824e-16 
1205.18 1.70682e-16 
1205.19 1.46885e-16 
1205.2 1.26346e-16 
1205.21 1.08627e-16 
1205.22 9.31846e-17 
1205.23 8.00291e-17 
1205.24 6.87075e-17 
1205.25 5.89594e-17 
1205.26 5.05704e-17 
1205.27 4.33544e-17 
1205.28 3.71504e-17 
1205.29 3.18191e-17 
1205.3 2.72399e-17 
1205.31 2.33086e-17 
1205.32 1.99353e-17 
1205.33 1.7042e-17 
1205.34 1.45617e-17 
1205.35 1.24365e-17 
1205.36 1.06164e-17 
1205.37 9.05841e-18 
1205.38 7.72537e-18 
1205.39 6.58536e-18 
1205.4 5.61092e-18 
1205.41 4.77839e-18 
1205.42 4.06746e-18 
1205.43 3.46066e-18 
1205.44 2.94298e-18 
1205.45 2.50155e-18 
1205.46 2.12533e-18 
1205.47 1.80483e-18 
1205.48 1.52903e-18 
1205.49 1.29701e-18 
1205.5 1.09984e-18 
1205.51 9.32208e-19 
1205.52 7.89747e-19 
1205.53 6.6874e-19 
1205.54 5.66005e-19 
1205.54 4.78824e-19 
1205.55 4.0488e-19 
1205.56 3.42192e-19 
1205.57 2.89073e-19 
1205.58 2.44084e-19 
1205.59 2.05998e-19 
1205.6 1.73773e-19 
1205.61 1.46608e-19 
1205.62 1.23556e-19 
1205.63 1.04079e-19 
1205.64 8.76308e-20 
1205.65 7.37468e-20 
1205.66 6.20331e-20 
1205.67 5.21552e-20 
1205.68 4.38293e-20 
1205.69 3.68151e-20 
1205.7 3.09087e-20 
1205.71 2.59376e-20 
1205.72 2.17556e-20 
1205.73 1.81991e-20 
1205.74 1.52502e-20 
1205.75 1.27731e-20 
1205.76 1.06933e-20 
1205.77 8.94784e-21 
1205.78 7.48376e-21 
1205.79 6.25626e-21 
1205.8 5.22761e-21 
1205.81 4.36602e-21 
1205.82 3.6447e-21 
1205.83 3.04111e-21 
1205.84 2.53627e-21 
1205.85 2.11423e-21 
1205.86 1.76158e-21 
1205.87 1.46706e-21 
1205.88 1.22119e-21 
1205.89 1.01605e-21 
1205.9 8.4497e-22 
1205.91 7.02361e-22 
1205.92 5.83543e-22 
1205.93 4.84595e-22 
1205.94 4.02234e-22 
1205.95 3.33712e-22 
1205.96 2.76732e-22 
1205.96 2.29372e-22 
1205.97 1.90027e-22 
1205.98 1.56985e-22 
1205.99 1.29932e-22 
1206 1.0749e-22 
1206.01 8.88823e-23 
1206.02 7.34608e-23 
1206.03 6.06861e-23 
1206.04 5.01091e-23 
1206.05 4.13559e-23 
1206.06 3.41155e-23 
1206.07 2.81294e-23 
1206.08 2.31826e-23 
1206.09 1.90967e-23 
1206.1 1.57234e-23 
1206.11 1.29399e-23 
1206.12 1.06441e-23 
1206.13 8.75139e-24 
1206.14 7.19186e-24 
1206.15 5.90743e-24 
1206.16 4.85009e-24 
1206.17 3.98011e-24 
1206.18 3.26462e-24 
1206.19 2.67649e-24 
1206.2 2.19326e-24 
1206.21 1.79643e-24 
1206.22 1.4707e-24 
1206.23 1.20044e-24 
1206.24 9.81834e-25 
1206.25 8.02656e-25 
1206.26 6.55865e-25 
1206.27 5.35665e-25 
1206.28 4.37286e-25 
1206.29 3.56806e-25 
1206.3 2.90999e-25 
1206.31 2.37216e-25 
1206.32 1.93282e-25 
1206.33 1.5741e-25 
1206.34 1.28135e-25 
1206.35 1.04254e-25 
1206.36 8.47843e-26 
1206.37 6.89177e-26 
1206.38 5.59937e-26 
1206.39 4.54717e-26 
1206.39 3.69095e-26 
1206.4 2.99452e-26 
1206.41 2.42835e-26 
1206.42 1.96828e-26 
1206.43 1.59462e-26 
1206.44 1.29128e-26 
1206.45 1.04515e-26 
1206.46 8.45534e-27 
1206.47 6.83716e-27 
1206.48 5.51134e-27 
1206.49 4.45232e-27 
1206.5 3.59509e-27 
1206.51 2.90152e-27 
1206.52 2.34065e-27 
1206.53 1.8873e-27 
1206.54 1.52103e-27 
1206.55 1.22526e-27 
1206.56 9.86535e-28 
1206.57 7.93946e-28 
1206.58 6.3865e-28 
1206.59 5.13486e-28 
1206.6 0 
