#energy geo_1 
1186.6 8.7284e-07 
1186.61 8.72314e-07 
1186.62 8.71787e-07 
1186.63 8.71261e-07 
1186.64 8.70735e-07 
1186.65 8.70209e-07 
1186.66 8.69685e-07 
1186.67 8.69158e-07 
1186.68 8.68634e-07 
1186.69 8.6811e-07 
1186.7 8.67585e-07 
1186.71 8.6706e-07 
1186.72 8.66535e-07 
1186.73 8.66012e-07 
1186.74 8.65489e-07 
1186.75 8.64966e-07 
1186.76 8.64442e-07 
1186.77 8.63919e-07 
1186.78 8.63397e-07 
1186.79 8.62874e-07 
1186.8 8.62351e-07 
1186.81 8.6183e-07 
1186.81 8.61309e-07 
1186.82 8.60787e-07 
1186.83 8.60265e-07 
1186.84 8.59743e-07 
1186.85 8.59222e-07 
1186.86 8.58703e-07 
1186.87 8.58182e-07 
1186.88 8.57662e-07 
1186.89 8.57142e-07 
1186.9 8.56622e-07 
1186.91 8.56103e-07 
1186.92 8.55584e-07 
1186.93 8.55065e-07 
1186.94 8.54547e-07 
1186.95 8.54028e-07 
1186.96 8.5351e-07 
1186.97 8.52992e-07 
1186.98 8.52473e-07 
1186.99 8.51956e-07 
1187 8.51438e-07 
1187.01 8.50921e-07 
1187.02 8.50404e-07 
1187.03 8.49887e-07 
1187.04 8.49371e-07 
1187.05 8.48854e-07 
1187.06 8.48339e-07 
1187.07 8.47823e-07 
1187.08 8.47307e-07 
1187.09 8.46793e-07 
1187.1 8.46277e-07 
1187.11 8.45763e-07 
1187.12 8.45247e-07 
1187.13 8.44733e-07 
1187.14 8.44219e-07 
1187.15 8.43705e-07 
1187.16 8.43192e-07 
1187.17 8.42679e-07 
1187.18 8.42165e-07 
1187.19 8.41652e-07 
1187.2 8.4114e-07 
1187.21 8.40627e-07 
1187.22 8.40114e-07 
1187.23 8.39602e-07 
1187.24 8.39091e-07 
1187.24 8.38579e-07 
1187.25 8.38067e-07 
1187.26 8.37556e-07 
1187.27 8.37045e-07 
1187.28 8.36535e-07 
1187.29 8.36025e-07 
1187.3 8.35515e-07 
1187.31 8.35005e-07 
1187.32 8.34495e-07 
1187.33 8.33984e-07 
1187.34 8.33476e-07 
1187.35 8.32967e-07 
1187.36 8.32458e-07 
1187.37 8.3195e-07 
1187.38 8.31441e-07 
1187.39 8.30934e-07 
1187.4 8.30426e-07 
1187.41 8.29917e-07 
1187.42 8.2941e-07 
1187.43 8.28903e-07 
1187.44 8.28396e-07 
1187.45 8.27889e-07 
1187.46 8.27382e-07 
1187.47 8.26877e-07 
1187.48 8.26371e-07 
1187.49 8.25865e-07 
1187.5 8.2536e-07 
1187.51 8.24854e-07 
1187.52 8.24348e-07 
1187.53 8.23844e-07 
1187.54 8.23339e-07 
1187.55 8.22834e-07 
1187.56 8.22331e-07 
1187.57 8.21827e-07 
1187.58 8.21322e-07 
1187.59 8.20819e-07 
1187.6 8.20316e-07 
1187.61 8.20322e-07 
1187.62 8.1982e-07 
1187.63 8.19317e-07 
1187.64 8.18814e-07 
1187.65 8.18312e-07 
1187.66 8.1781e-07 
1187.66 8.17306e-07 
1187.67 8.16806e-07 
1187.68 8.16304e-07 
1187.69 8.15803e-07 
1187.7 8.15302e-07 
1187.71 8.148e-07 
1187.72 8.143e-07 
1187.73 8.138e-07 
1187.74 8.133e-07 
1187.75 8.128e-07 
1187.76 8.12299e-07 
1187.77 8.118e-07 
1187.78 8.11302e-07 
1187.79 8.10803e-07 
1187.8 8.10304e-07 
1187.81 8.09805e-07 
1187.82 8.09307e-07 
1187.83 8.08808e-07 
1187.84 8.0831e-07 
1187.85 8.07814e-07 
1187.86 8.07315e-07 
1187.87 8.06818e-07 
1187.88 8.06322e-07 
1187.89 8.05825e-07 
1187.9 8.05328e-07 
1187.91 8.04832e-07 
1187.92 8.04337e-07 
1187.93 8.0384e-07 
1187.94 8.03345e-07 
1187.95 8.02849e-07 
1187.96 8.02354e-07 
1187.97 8.01859e-07 
1187.98 8.01364e-07 
1187.99 8.00869e-07 
1188 8.00376e-07 
1188.01 7.99881e-07 
1188.02 7.99389e-07 
1188.03 7.98894e-07 
1188.04 7.98401e-07 
1188.05 7.97907e-07 
1188.06 7.97415e-07 
1188.07 7.96921e-07 
1188.08 7.9643e-07 
1188.09 7.95937e-07 
1188.09 7.95445e-07 
1188.1 7.94954e-07 
1188.11 7.94462e-07 
1188.12 7.93971e-07 
1188.13 7.93479e-07 
1188.14 7.92988e-07 
1188.15 7.92498e-07 
1188.16 7.92008e-07 
1188.17 7.91517e-07 
1188.18 7.91028e-07 
1188.19 7.90537e-07 
1188.2 7.90048e-07 
1188.21 7.89559e-07 
1188.22 7.8907e-07 
1188.23 7.88581e-07 
1188.24 7.88092e-07 
1188.25 7.87603e-07 
1188.26 7.87116e-07 
1188.27 7.86627e-07 
1188.28 7.8614e-07 
1188.29 7.85652e-07 
1188.3 7.85165e-07 
1188.31 7.84678e-07 
1188.32 7.84191e-07 
1188.33 7.83704e-07 
1188.34 7.83218e-07 
1188.35 7.82732e-07 
1188.36 7.82245e-07 
1188.37 7.8176e-07 
1188.38 7.81274e-07 
1188.39 7.80789e-07 
1188.4 7.80303e-07 
1188.41 7.79819e-07 
1188.42 7.79334e-07 
1188.43 7.78849e-07 
1188.44 7.78365e-07 
1188.45 7.77881e-07 
1188.46 7.77397e-07 
1188.47 7.76914e-07 
1188.48 7.7643e-07 
1188.49 7.75947e-07 
1188.5 7.75465e-07 
1188.51 7.74982e-07 
1188.52 7.74498e-07 
1188.52 7.74016e-07 
1188.53 7.73535e-07 
1188.54 7.73052e-07 
1188.55 7.72571e-07 
1188.56 7.72089e-07 
1188.57 7.71608e-07 
1188.58 7.71126e-07 
1188.59 7.70646e-07 
1188.6 7.70644e-07 
1188.61 7.70163e-07 
1188.62 7.69683e-07 
1188.63 7.69203e-07 
1188.64 7.68723e-07 
1188.65 7.68243e-07 
1188.66 7.67763e-07 
1188.67 7.67284e-07 
1188.68 7.66805e-07 
1188.69 7.66326e-07 
1188.7 7.65846e-07 
1188.71 7.65369e-07 
1188.72 7.64889e-07 
1188.73 7.64412e-07 
1188.74 7.63933e-07 
1188.75 7.63456e-07 
1188.76 7.62977e-07 
1188.77 7.62501e-07 
1188.78 7.62024e-07 
1188.79 7.61547e-07 
1188.8 7.6107e-07 
1188.81 7.60593e-07 
1188.82 7.60117e-07 
1188.83 7.5964e-07 
1188.84 7.59165e-07 
1188.85 7.5869e-07 
1188.86 7.58214e-07 
1188.87 7.57738e-07 
1188.88 7.57263e-07 
1188.89 7.56789e-07 
1188.9 7.56314e-07 
1188.91 7.5584e-07 
1188.92 7.55365e-07 
1188.93 7.54891e-07 
1188.94 7.54417e-07 
1188.94 7.53943e-07 
1188.95 7.53469e-07 
1188.96 7.52997e-07 
1188.97 7.52523e-07 
1188.98 7.52051e-07 
1188.99 7.51578e-07 
1189 7.51106e-07 
1189.01 7.50633e-07 
1189.02 7.50162e-07 
1189.03 7.49689e-07 
1189.04 7.49218e-07 
1189.05 7.48746e-07 
1189.06 7.48275e-07 
1189.07 7.47803e-07 
1189.08 7.47333e-07 
1189.09 7.46862e-07 
1189.1 7.46392e-07 
1189.11 7.45921e-07 
1189.12 7.45451e-07 
1189.13 7.44981e-07 
1189.14 7.44512e-07 
1189.15 7.44042e-07 
1189.16 7.43573e-07 
1189.17 7.43103e-07 
1189.18 7.42634e-07 
1189.19 7.42165e-07 
1189.2 7.41696e-07 
1189.21 7.41228e-07 
1189.22 7.4076e-07 
1189.23 7.40292e-07 
1189.24 7.39824e-07 
1189.25 7.39356e-07 
1189.26 7.38888e-07 
1189.27 7.38422e-07 
1189.28 7.37954e-07 
1189.29 7.37487e-07 
1189.3 7.37021e-07 
1189.31 7.36554e-07 
1189.32 7.36088e-07 
1189.33 7.35622e-07 
1189.34 7.35155e-07 
1189.35 7.3469e-07 
1189.36 7.34224e-07 
1189.36 7.33758e-07 
1189.37 7.33293e-07 
1189.38 7.32827e-07 
1189.39 7.32363e-07 
1189.4 7.31898e-07 
1189.41 7.31433e-07 
1189.42 7.30969e-07 
1189.43 7.30505e-07 
1189.44 7.3004e-07 
1189.45 7.29577e-07 
1189.46 7.29113e-07 
1189.47 7.28649e-07 
1189.48 7.28186e-07 
1189.49 7.27723e-07 
1189.5 7.27259e-07 
1189.51 7.26797e-07 
1189.52 7.26334e-07 
1189.53 7.25872e-07 
1189.54 7.25409e-07 
1189.55 7.24947e-07 
1189.56 7.24484e-07 
1189.57 7.24023e-07 
1189.58 7.23561e-07 
1189.59 7.23099e-07 
1189.6 7.22638e-07 
1189.61 7.22626e-07 
1189.62 7.22164e-07 
1189.63 7.21703e-07 
1189.64 7.21243e-07 
1189.65 7.20781e-07 
1189.66 7.2032e-07 
1189.67 7.1986e-07 
1189.68 7.194e-07 
1189.69 7.18939e-07 
1189.7 7.18479e-07 
1189.71 7.18019e-07 
1189.72 7.17559e-07 
1189.73 7.171e-07 
1189.74 7.16641e-07 
1189.75 7.16181e-07 
1189.76 7.15722e-07 
1189.77 7.15263e-07 
1189.78 7.14804e-07 
1189.79 7.14345e-07 
1189.79 7.13887e-07 
1189.8 7.13428e-07 
1189.81 7.1297e-07 
1189.82 7.12512e-07 
1189.83 7.12054e-07 
1189.84 7.11596e-07 
1189.85 7.11138e-07 
1189.86 7.1068e-07 
1189.87 7.10223e-07 
1189.88 7.09766e-07 
1189.89 7.09309e-07 
1189.9 7.08852e-07 
1189.91 7.08395e-07 
1189.92 7.07939e-07 
1189.93 7.07482e-07 
1189.94 7.07025e-07 
1189.95 7.0657e-07 
1189.96 7.06113e-07 
1189.97 7.05657e-07 
1189.98 7.05201e-07 
1189.99 7.04745e-07 
1190 7.04289e-07 
1190.01 7.03834e-07 
1190.02 7.03379e-07 
1190.03 7.02923e-07 
1190.04 7.02468e-07 
1190.05 7.02013e-07 
1190.06 7.01558e-07 
1190.07 7.01103e-07 
1190.08 7.00648e-07 
1190.09 7.00194e-07 
1190.1 6.99739e-07 
1190.11 6.99285e-07 
1190.12 6.98831e-07 
1190.13 6.98377e-07 
1190.14 6.97923e-07 
1190.15 6.9747e-07 
1190.16 6.97016e-07 
1190.17 6.96562e-07 
1190.18 6.96109e-07 
1190.19 6.95656e-07 
1190.2 6.95202e-07 
1190.21 6.94749e-07 
1190.21 6.94296e-07 
1190.22 6.93843e-07 
1190.23 6.93391e-07 
1190.24 6.92937e-07 
1190.25 6.92484e-07 
1190.26 6.92032e-07 
1190.27 6.9158e-07 
1190.28 6.91127e-07 
1190.29 6.90675e-07 
1190.3 6.90223e-07 
1190.31 6.89772e-07 
1190.32 6.89319e-07 
1190.33 6.88867e-07 
1190.34 6.88415e-07 
1190.35 6.87964e-07 
1190.36 6.87512e-07 
1190.37 6.87061e-07 
1190.38 6.8661e-07 
1190.39 6.86158e-07 
1190.4 6.85706e-07 
1190.41 6.85256e-07 
1190.42 6.84805e-07 
1190.43 6.84354e-07 
1190.44 6.83903e-07 
1190.45 6.83452e-07 
1190.46 6.83001e-07 
1190.47 6.82551e-07 
1190.48 6.821e-07 
1190.49 6.81649e-07 
1190.5 6.81199e-07 
1190.51 6.80749e-07 
1190.52 6.80299e-07 
1190.53 6.79848e-07 
1190.54 6.79398e-07 
1190.55 6.78948e-07 
1190.56 6.78498e-07 
1190.57 6.78048e-07 
1190.58 6.77599e-07 
1190.59 6.77148e-07 
1190.6 6.76698e-07 
1190.61 6.76669e-07 
1190.62 6.76219e-07 
1190.63 6.75769e-07 
1190.64 6.75319e-07 
1190.64 6.7487e-07 
1190.65 6.7442e-07 
1190.66 6.7397e-07 
1190.67 6.73521e-07 
1190.68 6.73071e-07 
1190.69 6.72621e-07 
1190.7 6.72172e-07 
1190.71 6.71722e-07 
1190.72 6.71273e-07 
1190.73 6.70823e-07 
1190.74 6.70374e-07 
1190.75 6.69926e-07 
1190.76 6.69476e-07 
1190.77 6.69026e-07 
1190.78 6.68578e-07 
1190.79 6.68129e-07 
1190.8 6.6768e-07 
1190.81 6.6723e-07 
1190.82 6.66782e-07 
1190.83 6.66332e-07 
1190.84 6.65883e-07 
1190.85 6.65434e-07 
1190.86 6.64986e-07 
1190.87 6.64537e-07 
1190.88 6.64088e-07 
1190.89 6.63638e-07 
1190.9 6.6319e-07 
1190.91 6.62741e-07 
1190.92 6.62292e-07 
1190.93 6.61843e-07 
1190.94 6.61394e-07 
1190.95 6.60945e-07 
1190.96 6.60496e-07 
1190.97 6.60048e-07 
1190.98 6.59599e-07 
1190.99 6.5915e-07 
1191 6.58702e-07 
1191.01 6.58253e-07 
1191.02 6.57804e-07 
1191.03 6.57355e-07 
1191.04 6.56906e-07 
1191.05 6.56457e-07 
1191.06 6.56009e-07 
1191.07 6.5556e-07 
1191.07 6.55111e-07 
1191.08 6.54662e-07 
1191.09 6.54213e-07 
1191.1 6.53764e-07 
1191.11 6.53315e-07 
1191.12 6.52867e-07 
1191.13 6.52418e-07 
1191.14 6.51968e-07 
1191.15 6.5152e-07 
1191.16 6.5107e-07 
1191.17 6.50621e-07 
1191.18 6.50172e-07 
1191.19 6.49723e-07 
1191.2 6.49273e-07 
1191.21 6.48825e-07 
1191.22 6.48375e-07 
1191.23 6.47926e-07 
1191.24 6.47476e-07 
1191.25 6.47027e-07 
1191.26 6.46577e-07 
1191.27 6.46128e-07 
1191.28 6.45678e-07 
1191.29 6.45228e-07 
1191.3 6.44779e-07 
1191.31 6.44329e-07 
1191.32 6.43879e-07 
1191.33 6.43429e-07 
1191.34 6.4298e-07 
1191.35 6.4253e-07 
1191.36 6.42079e-07 
1191.37 6.41629e-07 
1191.38 6.41179e-07 
1191.39 6.40729e-07 
1191.4 6.40278e-07 
1191.41 6.39829e-07 
1191.42 6.39378e-07 
1191.43 6.38927e-07 
1191.44 6.38477e-07 
1191.45 6.38025e-07 
1191.46 6.37575e-07 
1191.47 6.37124e-07 
1191.48 6.36673e-07 
1191.49 6.36222e-07 
1191.49 6.3577e-07 
1191.5 6.35319e-07 
1191.51 6.34867e-07 
1191.52 6.34416e-07 
1191.53 6.33965e-07 
1191.54 6.33513e-07 
1191.55 6.33062e-07 
1191.56 6.3261e-07 
1191.57 6.32158e-07 
1191.58 6.31705e-07 
1191.59 6.31253e-07 
1191.6 6.31192e-07 
1191.61 6.30739e-07 
1191.62 6.30286e-07 
1191.63 6.29834e-07 
1191.64 6.2938e-07 
1191.65 6.28927e-07 
1191.66 6.28474e-07 
1191.67 6.2802e-07 
1191.68 6.27567e-07 
1191.69 6.27113e-07 
1191.7 6.26659e-07 
1191.71 6.26205e-07 
1191.72 6.25751e-07 
1191.73 6.25296e-07 
1191.74 6.24842e-07 
1191.75 6.24387e-07 
1191.76 6.23932e-07 
1191.77 6.23478e-07 
1191.78 6.23021e-07 
1191.79 6.22567e-07 
1191.8 6.22112e-07 
1191.81 6.21656e-07 
1191.82 6.212e-07 
1191.83 6.20745e-07 
1191.84 6.20288e-07 
1191.85 6.19832e-07 
1191.86 6.19375e-07 
1191.87 6.18919e-07 
1191.88 6.18462e-07 
1191.89 6.18005e-07 
1191.9 6.17548e-07 
1191.91 6.17091e-07 
1191.92 6.16633e-07 
1191.92 6.16175e-07 
1191.93 6.15718e-07 
1191.94 6.15259e-07 
1191.95 6.14801e-07 
1191.96 6.14343e-07 
1191.97 6.13884e-07 
1191.98 6.13425e-07 
1191.99 6.12966e-07 
1192 6.12507e-07 
1192.01 6.12047e-07 
1192.02 6.11588e-07 
1192.03 6.11128e-07 
1192.04 6.10667e-07 
1192.05 6.10207e-07 
1192.06 6.09746e-07 
1192.07 6.09285e-07 
1192.08 6.08824e-07 
1192.09 6.08363e-07 
1192.1 6.07902e-07 
1192.11 6.0744e-07 
1192.12 6.06978e-07 
1192.13 6.06515e-07 
1192.14 6.06053e-07 
1192.15 6.05591e-07 
1192.16 6.05127e-07 
1192.17 6.04664e-07 
1192.18 6.04201e-07 
1192.19 6.03737e-07 
1192.2 6.03273e-07 
1192.21 6.02809e-07 
1192.22 6.02344e-07 
1192.23 6.0188e-07 
1192.24 6.01415e-07 
1192.25 6.00949e-07 
1192.26 6.00484e-07 
1192.27 6.00018e-07 
1192.28 5.99552e-07 
1192.29 5.99085e-07 
1192.3 5.98619e-07 
1192.31 5.98151e-07 
1192.32 5.97685e-07 
1192.33 5.97217e-07 
1192.34 5.96749e-07 
1192.34 5.96281e-07 
1192.35 5.95813e-07 
1192.36 5.95344e-07 
1192.37 5.94875e-07 
1192.38 5.94406e-07 
1192.39 5.93936e-07 
1192.4 5.93466e-07 
1192.41 5.92996e-07 
1192.42 5.92525e-07 
1192.43 5.92055e-07 
1192.44 5.91583e-07 
1192.45 5.91112e-07 
1192.46 5.9064e-07 
1192.47 5.90168e-07 
1192.48 5.89696e-07 
1192.49 5.89223e-07 
1192.5 5.88749e-07 
1192.51 5.88276e-07 
1192.52 5.87803e-07 
1192.53 5.87328e-07 
1192.54 5.86854e-07 
1192.55 5.86379e-07 
1192.56 5.85903e-07 
1192.57 5.85428e-07 
1192.58 5.84952e-07 
1192.59 5.84476e-07 
1192.6 5.83999e-07 
1192.61 5.83884e-07 
1192.62 5.83406e-07 
1192.63 5.82928e-07 
1192.64 5.8245e-07 
1192.65 5.81971e-07 
1192.66 5.81492e-07 
1192.67 5.81013e-07 
1192.68 5.80532e-07 
1192.69 5.80052e-07 
1192.7 5.79572e-07 
1192.71 5.7909e-07 
1192.72 5.78609e-07 
1192.73 5.78127e-07 
1192.74 5.77645e-07 
1192.75 5.77162e-07 
1192.76 5.7668e-07 
1192.77 5.76196e-07 
1192.77 5.75712e-07 
1192.78 5.75228e-07 
1192.79 5.74743e-07 
1192.8 5.74258e-07 
1192.81 5.73773e-07 
1192.82 5.73287e-07 
1192.83 5.72801e-07 
1192.84 5.72314e-07 
1192.85 5.71827e-07 
1192.86 5.71339e-07 
1192.87 5.70851e-07 
1192.88 5.70363e-07 
1192.89 5.69874e-07 
1192.9 5.69385e-07 
1192.91 5.68895e-07 
1192.92 5.68404e-07 
1192.93 5.67914e-07 
1192.94 5.67422e-07 
1192.95 5.66931e-07 
1192.96 5.66439e-07 
1192.97 5.65947e-07 
1192.98 5.65454e-07 
1192.99 5.6496e-07 
1193 5.64466e-07 
1193.01 5.63972e-07 
1193.02 5.63477e-07 
1193.03 5.62982e-07 
1193.04 5.62486e-07 
1193.05 5.6199e-07 
1193.06 5.61494e-07 
1193.07 5.60996e-07 
1193.08 5.60499e-07 
1193.09 5.6e-07 
1193.1 5.59501e-07 
1193.11 5.59003e-07 
1193.12 5.58503e-07 
1193.13 5.58003e-07 
1193.14 5.57502e-07 
1193.15 5.57001e-07 
1193.16 5.565e-07 
1193.17 5.55998e-07 
1193.18 5.55495e-07 
1193.19 5.54992e-07 
1193.19 5.54488e-07 
1193.2 5.53984e-07 
1193.21 5.5348e-07 
1193.22 5.52975e-07 
1193.23 5.52469e-07 
1193.24 5.51963e-07 
1193.25 5.51456e-07 
1193.26 5.50949e-07 
1193.27 5.50442e-07 
1193.28 5.49934e-07 
1193.29 5.49425e-07 
1193.3 5.48916e-07 
1193.31 5.48406e-07 
1193.32 5.47896e-07 
1193.33 5.47386e-07 
1193.34 5.46875e-07 
1193.35 5.46363e-07 
1193.36 5.45851e-07 
1193.37 5.45339e-07 
1193.38 5.44826e-07 
1193.39 5.44312e-07 
1193.4 5.43798e-07 
1193.41 5.43284e-07 
1193.42 5.42769e-07 
1193.43 5.42253e-07 
1193.44 5.41738e-07 
1193.45 5.41221e-07 
1193.46 5.40705e-07 
1193.47 5.40188e-07 
1193.48 5.39671e-07 
1193.49 5.39153e-07 
1193.5 5.38634e-07 
1193.51 5.38116e-07 
1193.52 5.37597e-07 
1193.53 5.37078e-07 
1193.54 5.36559e-07 
1193.55 5.36039e-07 
1193.56 5.35519e-07 
1193.57 5.34998e-07 
1193.58 5.34478e-07 
1193.59 5.33957e-07 
1193.6 5.33436e-07 
1193.61 5.33245e-07 
1193.62 5.32724e-07 
1193.62 5.32202e-07 
1193.63 5.3168e-07 
1193.64 5.31159e-07 
1193.65 5.30637e-07 
1193.66 5.30116e-07 
1193.67 5.29594e-07 
1193.68 5.29074e-07 
1193.69 5.28553e-07 
1193.7 5.28032e-07 
1193.71 5.27512e-07 
1193.72 5.26992e-07 
1193.73 5.26474e-07 
1193.74 5.25955e-07 
1193.75 5.25437e-07 
1193.76 5.2492e-07 
1193.77 5.24404e-07 
1193.78 5.23889e-07 
1193.79 5.23375e-07 
1193.8 5.22861e-07 
1193.81 5.2235e-07 
1193.82 5.2184e-07 
1193.83 5.2133e-07 
1193.84 5.20824e-07 
1193.85 5.20318e-07 
1193.86 5.19815e-07 
1193.87 5.19314e-07 
1193.88 5.18815e-07 
1193.89 5.18319e-07 
1193.9 5.17824e-07 
1193.91 5.17334e-07 
1193.92 5.16846e-07 
1193.93 5.16362e-07 
1193.94 5.1588e-07 
1193.95 5.15404e-07 
1193.96 5.14931e-07 
1193.97 5.14462e-07 
1193.98 5.13999e-07 
1193.99 5.1354e-07 
1194 5.13085e-07 
1194.01 5.12637e-07 
1194.02 5.12195e-07 
1194.03 5.11759e-07 
1194.04 5.1133e-07 
1194.05 5.10907e-07 
1194.05 5.10492e-07 
1194.06 5.10085e-07 
1194.07 5.09686e-07 
1194.08 5.09297e-07 
1194.09 5.08916e-07 
1194.1 5.08546e-07 
1194.11 5.08186e-07 
1194.12 5.07837e-07 
1194.13 5.07499e-07 
1194.14 5.07174e-07 
1194.15 5.06861e-07 
1194.16 5.06563e-07 
1194.17 5.06278e-07 
1194.18 5.06008e-07 
1194.19 5.05754e-07 
1194.2 5.05517e-07 
1194.21 5.05296e-07 
1194.22 5.05094e-07 
1194.23 5.04916e-07 
1194.24 5.04753e-07 
1194.25 5.04611e-07 
1194.26 5.04491e-07 
1194.27 5.04394e-07 
1194.28 5.04321e-07 
1194.29 5.04272e-07 
1194.3 5.0425e-07 
1194.31 5.04255e-07 
1194.32 5.04288e-07 
1194.33 5.04351e-07 
1194.34 5.04446e-07 
1194.35 5.04572e-07 
1194.36 5.04732e-07 
1194.37 5.04927e-07 
1194.38 5.05158e-07 
1194.39 5.05428e-07 
1194.4 5.05736e-07 
1194.41 5.06086e-07 
1194.42 5.06478e-07 
1194.43 5.06914e-07 
1194.44 5.07396e-07 
1194.45 5.07925e-07 
1194.46 5.08504e-07 
1194.47 5.09133e-07 
1194.47 5.09833e-07 
1194.48 5.1057e-07 
1194.49 5.11365e-07 
1194.5 5.12218e-07 
1194.51 5.13131e-07 
1194.52 5.14107e-07 
1194.53 5.15148e-07 
1194.54 5.16255e-07 
1194.55 5.17432e-07 
1194.56 5.18679e-07 
1194.57 5.19999e-07 
1194.58 5.21394e-07 
1194.59 5.22867e-07 
1194.6 5.2442e-07 
1194.61 5.26381e-07 
1194.62 5.28101e-07 
1194.63 5.29908e-07 
1194.64 5.31804e-07 
1194.65 5.33791e-07 
1194.66 5.35874e-07 
1194.67 5.38051e-07 
1194.68 5.40327e-07 
1194.69 5.42704e-07 
1194.7 5.45184e-07 
1194.71 5.47771e-07 
1194.72 5.50465e-07 
1194.73 5.53313e-07 
1194.74 5.56232e-07 
1194.75 5.59267e-07 
1194.76 5.62419e-07 
1194.77 5.65691e-07 
1194.78 5.69084e-07 
1194.79 5.72603e-07 
1194.8 5.76248e-07 
1194.81 5.80022e-07 
1194.82 5.83927e-07 
1194.83 5.87964e-07 
1194.84 5.92137e-07 
1194.85 5.96447e-07 
1194.86 6.00896e-07 
1194.87 6.05485e-07 
1194.88 6.10217e-07 
1194.89 6.15093e-07 
1194.9 6.20115e-07 
1194.9 6.25285e-07 
1194.91 6.30602e-07 
1194.92 6.3607e-07 
1194.93 6.4169e-07 
1194.94 6.47461e-07 
1194.95 6.53386e-07 
1194.96 6.59466e-07 
1194.97 6.657e-07 
1194.98 6.72178e-07 
1194.99 6.78726e-07 
1195 6.8543e-07 
1195.01 6.92291e-07 
1195.02 6.99308e-07 
1195.03 7.06482e-07 
1195.04 7.13813e-07 
1195.05 7.21299e-07 
1195.06 7.2894e-07 
1195.07 7.36736e-07 
1195.08 7.44686e-07 
1195.09 7.52787e-07 
1195.1 7.6104e-07 
1195.11 7.69441e-07 
1195.12 7.77992e-07 
1195.13 7.86688e-07 
1195.14 7.95527e-07 
1195.15 8.04508e-07 
1195.16 8.13628e-07 
1195.17 8.22884e-07 
1195.18 8.32274e-07 
1195.19 8.41794e-07 
1195.2 8.5144e-07 
1195.21 8.61211e-07 
1195.22 8.711e-07 
1195.23 8.8124e-07 
1195.24 8.91358e-07 
1195.25 9.01582e-07 
1195.26 9.11909e-07 
1195.27 9.22333e-07 
1195.28 9.3285e-07 
1195.29 9.43454e-07 
1195.3 9.5414e-07 
1195.31 9.64901e-07 
1195.32 9.75733e-07 
1195.32 9.86629e-07 
1195.33 9.97582e-07 
1195.34 1.00859e-06 
1195.35 1.01964e-06 
1195.36 1.03073e-06 
1195.37 1.04184e-06 
1195.38 1.05299e-06 
1195.39 1.06415e-06 
1195.4 1.07531e-06 
1195.41 1.08648e-06 
1195.42 1.09765e-06 
1195.43 1.1088e-06 
1195.44 1.11992e-06 
1195.45 1.13102e-06 
1195.46 1.14208e-06 
1195.47 1.15309e-06 
1195.48 1.16419e-06 
1195.49 1.17509e-06 
1195.5 1.18591e-06 
1195.51 1.19665e-06 
1195.52 1.20729e-06 
1195.53 1.21785e-06 
1195.54 1.22829e-06 
1195.55 1.23862e-06 
1195.56 1.24882e-06 
1195.57 1.25889e-06 
1195.58 1.26882e-06 
1195.59 1.2786e-06 
1195.6 1.28822e-06 
1195.61 1.29847e-06 
1195.62 1.30775e-06 
1195.63 1.31685e-06 
1195.64 1.32575e-06 
1195.65 1.33445e-06 
1195.66 1.34294e-06 
1195.67 1.35122e-06 
1195.68 1.35927e-06 
1195.69 1.36708e-06 
1195.7 1.37466e-06 
1195.71 1.38198e-06 
1195.72 1.38905e-06 
1195.73 1.39596e-06 
1195.74 1.40249e-06 
1195.75 1.40875e-06 
1195.75 1.41473e-06 
1195.76 1.42043e-06 
1195.77 1.42583e-06 
1195.78 1.43092e-06 
1195.79 1.43572e-06 
1195.8 1.44021e-06 
1195.81 1.44438e-06 
1195.82 1.44823e-06 
1195.83 1.45176e-06 
1195.84 1.45497e-06 
1195.85 1.45784e-06 
1195.86 1.46038e-06 
1195.87 1.46259e-06 
1195.88 1.46446e-06 
1195.89 1.46599e-06 
1195.9 1.46717e-06 
1195.91 1.46801e-06 
1195.92 1.46851e-06 
1195.93 1.46866e-06 
1195.94 1.46847e-06 
1195.95 1.46793e-06 
1195.96 1.46704e-06 
1195.97 1.46581e-06 
1195.98 1.46423e-06 
1195.99 1.46231e-06 
1196 1.46004e-06 
1196.01 1.45745e-06 
1196.02 1.45451e-06 
1196.03 1.45124e-06 
1196.04 1.44764e-06 
1196.05 1.44372e-06 
1196.06 1.43947e-06 
1196.07 1.43491e-06 
1196.08 1.43003e-06 
1196.09 1.42484e-06 
1196.1 1.41935e-06 
1196.11 1.41356e-06 
1196.12 1.40748e-06 
1196.13 1.40111e-06 
1196.14 1.39446e-06 
1196.15 1.38753e-06 
1196.16 1.38035e-06 
1196.17 1.3729e-06 
1196.17 1.3652e-06 
1196.18 1.35725e-06 
1196.19 1.34907e-06 
1196.2 1.34066e-06 
1196.21 1.33203e-06 
1196.22 1.32308e-06 
1196.23 1.31403e-06 
1196.24 1.30479e-06 
1196.25 1.29537e-06 
1196.26 1.28577e-06 
1196.27 1.276e-06 
1196.28 1.26607e-06 
1196.29 1.256e-06 
1196.3 1.24579e-06 
1196.31 1.23545e-06 
1196.32 1.225e-06 
1196.33 1.21444e-06 
1196.34 1.20377e-06 
1196.35 1.19303e-06 
1196.36 1.1822e-06 
1196.37 1.17131e-06 
1196.38 1.16035e-06 
1196.39 1.14935e-06 
1196.4 1.13832e-06 
1196.41 1.12726e-06 
1196.42 1.11618e-06 
1196.43 1.10509e-06 
1196.44 1.09401e-06 
1196.45 1.08294e-06 
1196.46 1.07189e-06 
1196.47 1.06088e-06 
1196.48 1.04978e-06 
1196.49 1.03886e-06 
1196.5 1.028e-06 
1196.51 1.01722e-06 
1196.52 1.00652e-06 
1196.53 9.95906e-07 
1196.54 9.85393e-07 
1196.55 9.74989e-07 
1196.56 9.647e-07 
1196.57 9.54539e-07 
1196.58 9.44511e-07 
1196.59 9.34625e-07 
1196.6 9.24891e-07 
1196.6 9.1588e-07 
1196.61 9.06464e-07 
1196.62 8.97224e-07 
1196.63 8.88165e-07 
1196.64 8.79295e-07 
1196.65 8.7062e-07 
1196.66 8.6215e-07 
1196.67 8.53887e-07 
1196.68 8.45843e-07 
1196.69 8.38019e-07 
1196.7 8.30424e-07 
1196.71 8.23064e-07 
1196.72 8.15943e-07 
1196.73 8.08991e-07 
1196.74 8.02369e-07 
1196.75 7.96004e-07 
1196.76 7.89899e-07 
1196.77 7.84058e-07 
1196.78 7.78487e-07 
1196.79 7.73189e-07 
1196.8 7.68169e-07 
1196.81 7.6343e-07 
1196.82 7.58975e-07 
1196.83 7.54808e-07 
1196.84 7.50932e-07 
1196.85 7.4735e-07 
1196.86 7.44063e-07 
1196.87 7.41075e-07 
1196.88 7.38389e-07 
1196.89 7.36005e-07 
1196.9 7.33925e-07 
1196.91 7.32152e-07 
1196.92 7.30686e-07 
1196.93 7.29529e-07 
1196.94 7.2868e-07 
1196.95 7.28142e-07 
1196.96 7.27915e-07 
1196.97 7.27998e-07 
1196.98 7.28406e-07 
1196.99 7.29114e-07 
1197 7.30133e-07 
1197.01 7.31462e-07 
1197.02 7.33099e-07 
1197.03 7.35045e-07 
1197.03 7.37297e-07 
1197.04 7.39855e-07 
1197.05 7.42716e-07 
1197.06 7.4588e-07 
1197.07 7.49344e-07 
1197.08 7.53105e-07 
1197.09 7.57163e-07 
1197.1 7.61512e-07 
1197.11 7.66153e-07 
1197.12 7.7108e-07 
1197.13 7.76291e-07 
1197.14 7.81783e-07 
1197.15 7.87552e-07 
1197.16 7.93595e-07 
1197.17 7.99906e-07 
1197.18 8.06483e-07 
1197.19 8.1332e-07 
1197.2 8.20415e-07 
1197.21 8.27761e-07 
1197.22 8.35354e-07 
1197.23 8.43295e-07 
1197.24 8.51369e-07 
1197.25 8.59673e-07 
1197.26 8.68204e-07 
1197.27 8.76954e-07 
1197.28 8.85917e-07 
1197.29 8.95088e-07 
1197.3 9.04461e-07 
1197.31 9.14026e-07 
1197.32 9.23781e-07 
1197.33 9.33717e-07 
1197.34 9.43827e-07 
1197.35 9.54105e-07 
1197.36 9.64541e-07 
1197.37 9.7513e-07 
1197.38 9.85862e-07 
1197.39 9.96732e-07 
1197.4 1.00773e-06 
1197.41 1.01885e-06 
1197.42 1.03008e-06 
1197.43 1.04142e-06 
1197.44 1.05285e-06 
1197.45 1.06437e-06 
1197.45 1.07597e-06 
1197.46 1.08764e-06 
1197.47 1.09937e-06 
1197.48 1.11131e-06 
1197.49 1.12314e-06 
1197.5 1.135e-06 
1197.51 1.14688e-06 
1197.52 1.15878e-06 
1197.53 1.17068e-06 
1197.54 1.18259e-06 
1197.55 1.19447e-06 
1197.56 1.20634e-06 
1197.57 1.21817e-06 
1197.58 1.22997e-06 
1197.59 1.24171e-06 
1197.6 1.25338e-06 
1197.61 1.26577e-06 
1197.62 1.27731e-06 
1197.63 1.28875e-06 
1197.64 1.3001e-06 
1197.65 1.31134e-06 
1197.66 1.32246e-06 
1197.67 1.33345e-06 
1197.68 1.3443e-06 
1197.69 1.355e-06 
1197.7 1.36555e-06 
1197.71 1.37594e-06 
1197.72 1.38614e-06 
1197.73 1.3963e-06 
1197.74 1.40613e-06 
1197.75 1.41576e-06 
1197.76 1.42518e-06 
1197.77 1.43438e-06 
1197.78 1.44336e-06 
1197.79 1.4521e-06 
1197.8 1.4606e-06 
1197.81 1.46885e-06 
1197.82 1.47683e-06 
1197.83 1.48456e-06 
1197.84 1.49201e-06 
1197.85 1.49918e-06 
1197.86 1.50607e-06 
1197.87 1.51266e-06 
1197.88 1.51895e-06 
1197.88 1.52493e-06 
1197.89 1.53061e-06 
1197.9 1.53597e-06 
1197.91 1.541e-06 
1197.92 1.54571e-06 
1197.93 1.55009e-06 
1197.94 1.55413e-06 
1197.95 1.55783e-06 
1197.96 1.56118e-06 
1197.97 1.56419e-06 
1197.98 1.56688e-06 
1197.99 1.56918e-06 
1198 1.57112e-06 
1198.01 1.5727e-06 
1198.02 1.57392e-06 
1198.03 1.57477e-06 
1198.04 1.57526e-06 
1198.05 1.57539e-06 
1198.06 1.57515e-06 
1198.07 1.57454e-06 
1198.08 1.57356e-06 
1198.09 1.57222e-06 
1198.1 1.57051e-06 
1198.11 1.56843e-06 
1198.12 1.56599e-06 
1198.13 1.56319e-06 
1198.14 1.56002e-06 
1198.15 1.5565e-06 
1198.16 1.55262e-06 
1198.17 1.54838e-06 
1198.18 1.5438e-06 
1198.19 1.53886e-06 
1198.2 1.53358e-06 
1198.21 1.52797e-06 
1198.22 1.52201e-06 
1198.23 1.51565e-06 
1198.24 1.50903e-06 
1198.25 1.50209e-06 
1198.26 1.49482e-06 
1198.27 1.48726e-06 
1198.28 1.47938e-06 
1198.29 1.4712e-06 
1198.3 1.46273e-06 
1198.3 1.45397e-06 
1198.31 1.44493e-06 
1198.32 1.43561e-06 
1198.33 1.42602e-06 
1198.34 1.41618e-06 
1198.35 1.40608e-06 
1198.36 1.39574e-06 
1198.37 1.38515e-06 
1198.38 1.37434e-06 
1198.39 1.3633e-06 
1198.4 1.35205e-06 
1198.41 1.34059e-06 
1198.42 1.32893e-06 
1198.43 1.31708e-06 
1198.44 1.30505e-06 
1198.45 1.29285e-06 
1198.46 1.28047e-06 
1198.47 1.26794e-06 
1198.48 1.25512e-06 
1198.49 1.2423e-06 
1198.5 1.22935e-06 
1198.51 1.21628e-06 
1198.52 1.20309e-06 
1198.53 1.1898e-06 
1198.54 1.17641e-06 
1198.55 1.16293e-06 
1198.56 1.14937e-06 
1198.57 1.13574e-06 
1198.58 1.12205e-06 
1198.59 1.1083e-06 
1198.6 1.09451e-06 
1198.61 1.08135e-06 
1198.62 1.06748e-06 
1198.63 1.05358e-06 
1198.64 1.03968e-06 
1198.65 1.02576e-06 
1198.66 1.01185e-06 
1198.67 9.97944e-07 
1198.68 9.84056e-07 
1198.69 9.70192e-07 
1198.7 9.56357e-07 
1198.71 9.4256e-07 
1198.72 9.28808e-07 
1198.73 9.14943e-07 
1198.73 9.013e-07 
1198.74 8.87721e-07 
1198.75 8.74213e-07 
1198.76 8.60781e-07 
1198.77 8.47432e-07 
1198.78 8.34171e-07 
1198.79 8.21003e-07 
1198.8 8.07935e-07 
1198.81 7.9497e-07 
1198.82 7.82115e-07 
1198.83 7.69374e-07 
1198.84 7.56752e-07 
1198.85 7.44253e-07 
1198.86 7.31881e-07 
1198.87 7.19641e-07 
1198.88 7.07537e-07 
1198.89 6.95572e-07 
1198.9 6.83749e-07 
1198.91 6.72073e-07 
1198.92 6.60547e-07 
1198.93 6.49173e-07 
1198.94 6.37955e-07 
1198.95 6.26895e-07 
1198.96 6.15995e-07 
1198.97 6.05259e-07 
1198.98 5.94564e-07 
1198.99 5.84163e-07 
1199 5.73931e-07 
1199.01 5.6387e-07 
1199.02 5.53982e-07 
1199.03 5.44268e-07 
1199.04 5.3473e-07 
1199.05 5.25368e-07 
1199.06 5.16185e-07 
1199.07 5.07181e-07 
1199.08 4.98356e-07 
1199.09 4.89712e-07 
1199.1 4.81248e-07 
1199.11 4.72967e-07 
1199.12 4.64868e-07 
1199.13 4.56951e-07 
1199.14 4.49216e-07 
1199.15 4.41664e-07 
1199.15 4.34296e-07 
1199.16 4.2711e-07 
1199.17 4.20107e-07 
1199.18 4.13287e-07 
1199.19 4.06649e-07 
1199.2 4.00194e-07 
1199.21 3.93921e-07 
1199.22 3.87763e-07 
1199.23 3.81854e-07 
1199.24 3.76127e-07 
1199.25 3.70581e-07 
1199.26 3.65215e-07 
1199.27 3.60029e-07 
1199.28 3.55021e-07 
1199.29 3.50193e-07 
1199.3 3.45544e-07 
1199.31 3.41072e-07 
1199.32 3.36778e-07 
1199.33 3.32661e-07 
1199.34 3.2872e-07 
1199.35 3.24956e-07 
1199.36 3.21368e-07 
1199.37 3.17955e-07 
1199.38 3.14718e-07 
1199.39 3.11656e-07 
1199.4 3.08768e-07 
1199.41 3.06056e-07 
1199.42 3.03518e-07 
1199.43 3.01154e-07 
1199.44 2.98965e-07 
1199.45 2.9695e-07 
1199.46 2.9511e-07 
1199.47 2.93444e-07 
1199.48 2.91944e-07 
1199.49 2.90632e-07 
1199.5 2.89494e-07 
1199.51 2.88533e-07 
1199.52 2.87748e-07 
1199.53 2.87141e-07 
1199.54 2.86711e-07 
1199.55 2.8646e-07 
1199.56 2.86388e-07 
1199.57 2.86496e-07 
1199.58 2.86786e-07 
1199.58 2.87257e-07 
1199.59 2.87911e-07 
1199.6 2.8875e-07 
1199.61 2.89954e-07 
1199.62 2.91166e-07 
1199.63 2.92566e-07 
1199.64 2.94157e-07 
1199.65 2.95939e-07 
1199.66 2.97914e-07 
1199.67 3.00084e-07 
1199.68 3.0245e-07 
1199.69 3.05015e-07 
1199.7 3.07779e-07 
1199.71 3.10746e-07 
1199.72 3.13916e-07 
1199.73 3.17345e-07 
1199.74 3.20932e-07 
1199.75 3.2473e-07 
1199.76 3.28739e-07 
1199.77 3.32964e-07 
1199.78 3.37405e-07 
1199.79 3.42066e-07 
1199.8 3.46947e-07 
1199.81 3.52053e-07 
1199.82 3.57384e-07 
1199.83 3.62943e-07 
1199.84 3.68734e-07 
1199.85 3.74757e-07 
1199.86 3.81016e-07 
1199.87 3.87512e-07 
1199.88 3.94248e-07 
1199.89 4.01226e-07 
1199.9 4.08449e-07 
1199.91 4.15918e-07 
1199.92 4.23636e-07 
1199.93 4.31605e-07 
1199.94 4.39827e-07 
1199.95 4.48305e-07 
1199.96 4.57039e-07 
1199.97 4.66031e-07 
1199.98 4.75412e-07 
1199.99 4.8493e-07 
1200 4.94713e-07 
1200.01 5.04762e-07 
1200.01 5.15078e-07 
1200.02 5.25662e-07 
1200.03 5.36515e-07 
1200.04 5.47638e-07 
1200.05 5.59032e-07 
1200.06 5.70699e-07 
1200.07 5.82638e-07 
1200.08 5.9485e-07 
1200.09 6.07335e-07 
1200.1 6.20094e-07 
1200.11 6.33126e-07 
1200.12 6.46431e-07 
1200.13 6.60009e-07 
1200.14 6.73857e-07 
1200.15 6.87976e-07 
1200.16 7.02367e-07 
1200.17 7.17026e-07 
1200.18 7.31952e-07 
1200.19 7.47143e-07 
1200.2 7.62597e-07 
1200.21 7.78312e-07 
1200.22 7.94287e-07 
1200.23 8.10731e-07 
1200.24 8.27217e-07 
1200.25 8.43953e-07 
1200.26 8.60934e-07 
1200.27 8.7816e-07 
1200.28 8.95622e-07 
1200.29 9.1332e-07 
1200.3 9.31247e-07 
1200.31 9.49397e-07 
1200.32 9.67767e-07 
1200.33 9.86352e-07 
1200.34 1.00515e-06 
1200.35 1.02414e-06 
1200.36 1.04333e-06 
1200.37 1.06271e-06 
1200.38 1.08228e-06 
1200.39 1.10202e-06 
1200.4 1.12193e-06 
1200.41 1.14199e-06 
1200.42 1.16222e-06 
1200.43 1.18258e-06 
1200.43 1.20308e-06 
1200.44 1.22371e-06 
1200.45 1.24446e-06 
1200.46 1.26531e-06 
1200.47 1.28627e-06 
1200.48 1.30758e-06 
1200.49 1.32871e-06 
1200.5 1.3499e-06 
1200.51 1.37115e-06 
1200.52 1.39245e-06 
1200.53 1.41379e-06 
1200.54 1.43515e-06 
1200.55 1.45652e-06 
1200.56 1.4779e-06 
1200.57 1.49927e-06 
1200.58 1.52061e-06 
1200.59 1.54193e-06 
1200.6 1.5632e-06 
1200.61 1.58539e-06 
1200.62 1.60654e-06 
1200.63 1.62761e-06 
1200.64 1.64858e-06 
1200.65 1.66945e-06 
1200.66 1.69019e-06 
1200.67 1.7108e-06 
1200.68 1.73126e-06 
1200.69 1.75156e-06 
1200.7 1.77169e-06 
1200.71 1.79163e-06 
1200.72 1.81137e-06 
1200.73 1.83115e-06 
1200.74 1.85044e-06 
1200.75 1.8695e-06 
1200.76 1.88831e-06 
1200.77 1.90685e-06 
1200.78 1.92511e-06 
1200.79 1.94308e-06 
1200.8 1.96075e-06 
1200.81 1.9781e-06 
1200.82 1.99512e-06 
1200.83 2.01181e-06 
1200.84 2.02814e-06 
1200.85 2.04411e-06 
1200.85 2.05971e-06 
1200.86 2.07491e-06 
1200.87 2.08972e-06 
1200.88 2.10412e-06 
1200.89 2.11811e-06 
1200.9 2.13166e-06 
1200.91 2.14478e-06 
1200.92 2.15745e-06 
1200.93 2.16966e-06 
1200.94 2.1814e-06 
1200.95 2.19267e-06 
1200.96 2.20346e-06 
1200.97 2.21376e-06 
1200.98 2.22368e-06 
1200.99 2.23297e-06 
1201 2.24175e-06 
1201.01 2.25001e-06 
1201.02 2.25775e-06 
1201.03 2.26496e-06 
1201.04 2.27164e-06 
1201.05 2.27778e-06 
1201.06 2.28338e-06 
1201.07 2.28843e-06 
1201.08 2.29295e-06 
1201.09 2.29691e-06 
1201.1 2.30032e-06 
1201.11 2.30318e-06 
1201.12 2.30549e-06 
1201.13 2.30725e-06 
1201.14 2.30845e-06 
1201.15 2.30911e-06 
1201.16 2.30921e-06 
1201.17 2.30877e-06 
1201.18 2.30778e-06 
1201.19 2.30625e-06 
1201.2 2.30418e-06 
1201.21 2.30158e-06 
1201.22 2.29845e-06 
1201.23 2.29475e-06 
1201.24 2.29057e-06 
1201.25 2.28588e-06 
1201.26 2.28068e-06 
1201.27 2.27498e-06 
1201.28 2.2688e-06 
1201.28 2.26212e-06 
1201.29 2.25498e-06 
1201.3 2.24737e-06 
1201.31 2.23931e-06 
1201.32 2.2308e-06 
1201.33 2.22186e-06 
1201.34 2.21249e-06 
1201.35 2.20272e-06 
1201.36 2.19254e-06 
1201.37 2.18198e-06 
1201.38 2.17104e-06 
1201.39 2.15975e-06 
1201.4 2.1481e-06 
1201.41 2.13612e-06 
1201.42 2.12382e-06 
1201.43 2.11121e-06 
1201.44 2.09831e-06 
1201.45 2.08514e-06 
1201.46 2.07171e-06 
1201.47 2.05803e-06 
1201.48 2.04395e-06 
1201.49 2.02983e-06 
1201.5 2.01551e-06 
1201.51 2.00101e-06 
1201.52 1.98634e-06 
1201.53 1.97153e-06 
1201.54 1.95659e-06 
1201.55 1.94153e-06 
1201.56 1.92638e-06 
1201.57 1.91115e-06 
1201.58 1.89586e-06 
1201.59 1.88052e-06 
1201.6 1.86516e-06 
1201.61 1.85092e-06 
1201.62 1.83554e-06 
1201.63 1.82018e-06 
1201.64 1.80487e-06 
1201.65 1.78961e-06 
1201.66 1.77443e-06 
1201.67 1.75933e-06 
1201.68 1.74434e-06 
1201.69 1.72948e-06 
1201.7 1.71475e-06 
1201.7 1.70018e-06 
1201.71 1.68578e-06 
1201.72 1.67139e-06 
1201.73 1.65737e-06 
1201.74 1.64357e-06 
1201.75 1.63001e-06 
1201.76 1.61668e-06 
1201.77 1.60361e-06 
1201.78 1.59081e-06 
1201.79 1.5783e-06 
1201.8 1.56608e-06 
1201.81 1.55416e-06 
1201.82 1.54257e-06 
1201.83 1.53131e-06 
1201.84 1.52039e-06 
1201.85 1.50981e-06 
1201.86 1.4996e-06 
1201.87 1.48976e-06 
1201.88 1.4803e-06 
1201.89 1.47122e-06 
1201.9 1.46253e-06 
1201.91 1.45425e-06 
1201.92 1.44637e-06 
1201.93 1.43891e-06 
1201.94 1.43186e-06 
1201.95 1.42523e-06 
1201.96 1.41903e-06 
1201.97 1.41326e-06 
1201.98 1.40787e-06 
1201.99 1.40297e-06 
1202 1.3985e-06 
1202.01 1.39448e-06 
1202.02 1.39089e-06 
1202.03 1.38773e-06 
1202.04 1.38501e-06 
1202.05 1.38272e-06 
1202.06 1.38086e-06 
1202.07 1.37944e-06 
1202.08 1.37843e-06 
1202.09 1.37784e-06 
1202.1 1.37767e-06 
1202.11 1.37791e-06 
1202.12 1.37855e-06 
1202.13 1.37959e-06 
1202.13 1.38102e-06 
1202.14 1.38283e-06 
1202.15 1.38501e-06 
1202.16 1.38755e-06 
1202.17 1.39045e-06 
1202.18 1.39369e-06 
1202.19 1.39726e-06 
1202.2 1.40116e-06 
1202.21 1.40537e-06 
1202.22 1.40994e-06 
1202.23 1.41473e-06 
1202.24 1.4198e-06 
1202.25 1.42513e-06 
1202.26 1.43071e-06 
1202.27 1.43651e-06 
1202.28 1.44253e-06 
1202.29 1.44876e-06 
1202.3 1.45517e-06 
1202.31 1.46175e-06 
1202.32 1.46848e-06 
1202.33 1.47536e-06 
1202.34 1.48236e-06 
1202.35 1.48946e-06 
1202.36 1.49666e-06 
1202.37 1.50393e-06 
1202.38 1.51125e-06 
1202.39 1.51861e-06 
1202.4 1.526e-06 
1202.41 1.53339e-06 
1202.42 1.54076e-06 
1202.43 1.54811e-06 
1202.44 1.55541e-06 
1202.45 1.56265e-06 
1202.46 1.56981e-06 
1202.47 1.57686e-06 
1202.48 1.5839e-06 
1202.49 1.59071e-06 
1202.5 1.59737e-06 
1202.51 1.60386e-06 
1202.52 1.61018e-06 
1202.53 1.6163e-06 
1202.54 1.62221e-06 
1202.55 1.62789e-06 
1202.56 1.63333e-06 
1202.56 1.63851e-06 
1202.57 1.64343e-06 
1202.58 1.64806e-06 
1202.59 1.65239e-06 
1202.6 1.65641e-06 
1202.61 1.66113e-06 
1202.62 1.66449e-06 
1202.63 1.66751e-06 
1202.64 1.67017e-06 
1202.65 1.67246e-06 
1202.66 1.67437e-06 
1202.67 1.67589e-06 
1202.68 1.67702e-06 
1202.69 1.67774e-06 
1202.7 1.67805e-06 
1202.71 1.67793e-06 
1202.72 1.67739e-06 
1202.73 1.67641e-06 
1202.74 1.67499e-06 
1202.75 1.67313e-06 
1202.76 1.67082e-06 
1202.77 1.66806e-06 
1202.78 1.66485e-06 
1202.79 1.66118e-06 
1202.8 1.65706e-06 
1202.81 1.65247e-06 
1202.82 1.64743e-06 
1202.83 1.64192e-06 
1202.84 1.63596e-06 
1202.85 1.62954e-06 
1202.86 1.62266e-06 
1202.87 1.61534e-06 
1202.88 1.60756e-06 
1202.89 1.59934e-06 
1202.9 1.59067e-06 
1202.91 1.58157e-06 
1202.92 1.57204e-06 
1202.93 1.56209e-06 
1202.94 1.55171e-06 
1202.95 1.54092e-06 
1202.96 1.52973e-06 
1202.97 1.51815e-06 
1202.98 1.50617e-06 
1202.98 1.49366e-06 
1202.99 1.48093e-06 
1203 1.46784e-06 
1203.01 1.45439e-06 
1203.02 1.44061e-06 
1203.03 1.4265e-06 
1203.04 1.41207e-06 
1203.05 1.39733e-06 
1203.06 1.3823e-06 
1203.07 1.36698e-06 
1203.08 1.35139e-06 
1203.09 1.33554e-06 
1203.1 1.31944e-06 
1203.11 1.30311e-06 
1203.12 1.28655e-06 
1203.13 1.26979e-06 
1203.14 1.25283e-06 
1203.15 1.23568e-06 
1203.16 1.21837e-06 
1203.17 1.20089e-06 
1203.18 1.18328e-06 
1203.19 1.16553e-06 
1203.2 1.14767e-06 
1203.21 1.1297e-06 
1203.22 1.11164e-06 
1203.23 1.09328e-06 
1203.24 1.07508e-06 
1203.25 1.05682e-06 
1203.26 1.03852e-06 
1203.27 1.0202e-06 
1203.28 1.00186e-06 
1203.29 9.83526e-07 
1203.3 9.65196e-07 
1203.31 9.46888e-07 
1203.32 9.28612e-07 
1203.33 9.10381e-07 
1203.34 8.92205e-07 
1203.35 8.74096e-07 
1203.36 8.56064e-07 
1203.37 8.38118e-07 
1203.38 8.20272e-07 
1203.39 8.02531e-07 
1203.4 7.84908e-07 
1203.41 7.67409e-07 
1203.41 7.50046e-07 
1203.42 7.32825e-07 
1203.43 7.15757e-07 
1203.44 6.98846e-07 
1203.45 6.82103e-07 
1203.46 6.65535e-07 
1203.47 6.49146e-07 
1203.48 6.32744e-07 
1203.49 6.16739e-07 
1203.5 6.00933e-07 
1203.51 5.85331e-07 
1203.52 5.69941e-07 
1203.53 5.54765e-07 
1203.54 5.39808e-07 
1203.55 5.25075e-07 
1203.56 5.10569e-07 
1203.57 4.96293e-07 
1203.58 4.82252e-07 
1203.59 4.68447e-07 
1203.6 4.54881e-07 
1203.61 4.41828e-07 
1203.62 4.28739e-07 
1203.63 4.15896e-07 
1203.64 4.03298e-07 
1203.65 3.90948e-07 
1203.66 3.78846e-07 
1203.67 3.66992e-07 
1203.68 3.55388e-07 
1203.69 3.44032e-07 
1203.7 3.32925e-07 
1203.71 3.22065e-07 
1203.72 3.11453e-07 
1203.73 3.00959e-07 
1203.74 2.90842e-07 
1203.75 2.80967e-07 
1203.76 2.71335e-07 
1203.77 2.61943e-07 
1203.78 2.52789e-07 
1203.79 2.43871e-07 
1203.8 2.35187e-07 
1203.81 2.26734e-07 
1203.82 2.18509e-07 
1203.83 2.10511e-07 
1203.83 2.02735e-07 
1203.84 1.9518e-07 
1203.85 1.87841e-07 
1203.86 1.80717e-07 
1203.87 1.73802e-07 
1203.88 1.67095e-07 
1203.89 1.60591e-07 
1203.9 1.54288e-07 
1203.91 1.4818e-07 
1203.92 1.42266e-07 
1203.93 1.3654e-07 
1203.94 1.31e-07 
1203.95 1.25642e-07 
1203.96 1.20461e-07 
1203.97 1.15454e-07 
1203.98 1.10558e-07 
1203.99 1.05889e-07 
1204 1.01382e-07 
1204.01 9.70341e-08 
1204.02 9.28403e-08 
1204.03 8.87974e-08 
1204.04 8.49013e-08 
1204.05 8.1148e-08 
1204.06 7.7534e-08 
1204.07 7.40555e-08 
1204.08 7.07087e-08 
1204.09 6.74898e-08 
1204.1 6.43953e-08 
1204.11 6.14216e-08 
1204.12 5.85649e-08 
1204.13 5.5822e-08 
1204.14 5.31891e-08 
1204.15 5.0663e-08 
1204.16 4.82402e-08 
1204.17 4.59175e-08 
1204.18 4.36915e-08 
1204.19 4.15591e-08 
1204.2 3.95172e-08 
1204.21 3.75626e-08 
1204.22 3.56925e-08 
1204.23 3.38819e-08 
1204.24 3.21727e-08 
1204.25 3.05391e-08 
1204.26 2.89785e-08 
1204.26 2.74882e-08 
1204.27 2.60656e-08 
1204.28 2.4708e-08 
1204.29 2.34131e-08 
1204.3 2.21785e-08 
1204.31 2.10017e-08 
1204.32 1.98804e-08 
1204.33 1.88126e-08 
1204.34 1.77959e-08 
1204.35 1.68285e-08 
1204.36 1.59081e-08 
1204.37 1.50329e-08 
1204.38 1.42009e-08 
1204.39 1.34104e-08 
1204.4 1.26594e-08 
1204.41 1.19465e-08 
1204.42 1.12698e-08 
1204.43 1.06277e-08 
1204.44 1.00188e-08 
1204.45 9.44154e-09 
1204.46 8.89447e-09 
1204.47 8.37619e-09 
1204.48 7.87943e-09 
1204.49 7.41516e-09 
1204.5 6.97584e-09 
1204.51 6.56029e-09 
1204.52 6.16736e-09 
1204.53 5.79597e-09 
1204.54 5.44506e-09 
1204.55 5.11364e-09 
1204.56 4.80074e-09 
1204.57 4.50543e-09 
1204.58 4.22682e-09 
1204.59 3.96408e-09 
1204.6 3.71639e-09 
1204.61 3.48297e-09 
1204.62 3.2651e-09 
1204.63 3.05792e-09 
1204.64 2.8629e-09 
1204.65 2.67939e-09 
1204.66 2.50678e-09 
1204.67 2.34448e-09 
1204.68 2.19194e-09 
1204.68 2.04861e-09 
1204.69 1.914e-09 
1204.7 1.78761e-09 
1204.71 1.66899e-09 
1204.72 1.55637e-09 
1204.73 1.45209e-09 
1204.74 1.35433e-09 
1204.75 1.26271e-09 
1204.76 1.17689e-09 
1204.77 1.09652e-09 
1204.78 1.02129e-09 
1204.79 9.50896e-10 
1204.8 8.85046e-10 
1204.81 8.23472e-10 
1204.82 7.65918e-10 
1204.83 7.1214e-10 
1204.84 6.6191e-10 
1204.85 6.15011e-10 
1204.86 5.71239e-10 
1204.87 5.30399e-10 
1204.88 4.92308e-10 
1204.89 4.56796e-10 
1204.9 4.23699e-10 
1204.91 3.92865e-10 
1204.92 3.64149e-10 
1204.93 3.37416e-10 
1204.94 3.12537e-10 
1204.95 2.89393e-10 
1204.96 2.67871e-10 
1204.97 2.47864e-10 
1204.98 2.29048e-10 
1204.99 2.11793e-10 
1205 1.95771e-10 
1205.01 1.80898e-10 
1205.02 1.67098e-10 
1205.03 1.54297e-10 
1205.04 1.42428e-10 
1205.05 1.31427e-10 
1205.06 1.21233e-10 
1205.07 1.11792e-10 
1205.08 1.0305e-10 
1205.09 9.49589e-11 
1205.1 8.74732e-11 
1205.11 8.05497e-11 
1205.11 7.41486e-11 
1205.12 6.82328e-11 
1205.13 6.27672e-11 
1205.14 5.77195e-11 
1205.15 5.30595e-11 
1205.16 4.87589e-11 
1205.17 4.47914e-11 
1205.18 4.11326e-11 
1205.19 3.77596e-11 
1205.2 3.46513e-11 
1205.21 3.17879e-11 
1205.22 2.91207e-11 
1205.23 2.66946e-11 
1205.24 2.44632e-11 
1205.25 2.24107e-11 
1205.26 2.05233e-11 
1205.27 1.87883e-11 
1205.28 1.71941e-11 
1205.29 1.57298e-11 
1205.3 1.43852e-11 
1205.31 1.3151e-11 
1205.32 1.20185e-11 
1205.33 1.09798e-11 
1205.34 1.00274e-11 
1205.35 9.15442e-12 
1205.36 8.35458e-12 
1205.37 7.622e-12 
1205.38 6.95126e-12 
1205.39 6.33736e-12 
1205.4 5.77569e-12 
1205.41 5.26198e-12 
1205.42 4.79231e-12 
1205.43 4.36305e-12 
1205.44 3.97087e-12 
1205.45 3.6127e-12 
1205.46 3.28571e-12 
1205.47 2.98728e-12 
1205.48 2.71192e-12 
1205.49 2.46376e-12 
1205.5 2.23766e-12 
1205.51 2.03161e-12 
1205.52 1.8439e-12 
1205.53 1.67295e-12 
1205.54 1.51733e-12 
1205.54 1.37571e-12 
1205.55 1.24688e-12 
1205.56 1.12972e-12 
1205.57 1.02322e-12 
1205.58 9.26441e-13 
1205.59 8.38526e-13 
1205.6 7.58691e-13 
1205.61 6.86642e-13 
1205.62 6.20839e-13 
1205.63 5.61149e-13 
1205.64 5.07024e-13 
1205.65 4.57961e-13 
1205.66 4.13503e-13 
1205.67 3.73232e-13 
1205.68 3.36767e-13 
1205.69 3.0376e-13 
1205.7 2.73893e-13 
1205.71 2.46878e-13 
1205.72 2.22451e-13 
1205.73 2.0011e-13 
1205.74 1.80185e-13 
1205.75 1.62188e-13 
1205.76 1.45938e-13 
1205.77 1.31272e-13 
1205.78 1.18038e-13 
1205.79 1.06102e-13 
1205.8 9.53401e-14 
1205.81 8.56402e-14 
1205.82 7.69006e-14 
1205.83 6.90292e-14 
1205.84 6.1942e-14 
1205.85 5.55634e-14 
1205.86 4.98244e-14 
1205.87 4.46628e-14 
1205.88 4.00221e-14 
1205.89 3.58512e-14 
1205.9 3.21039e-14 
1205.91 2.87384e-14 
1205.92 2.57168e-14 
1205.93 2.3005e-14 
1205.94 2.05721e-14 
1205.95 1.83901e-14 
1205.96 1.64339e-14 
1205.96 1.46807e-14 
1205.97 1.311e-14 
1205.98 1.16867e-14 
1205.99 1.04291e-14 
1206 9.30362e-15 
1206.01 8.29675e-15 
1206.02 7.39629e-15 
1206.03 6.59128e-15 
1206.04 5.87187e-15 
1206.05 5.22917e-15 
1206.06 4.65522e-15 
1206.07 4.14283e-15 
1206.08 3.68557e-15 
1206.09 3.27764e-15 
1206.1 2.91387e-15 
1206.11 2.58957e-15 
1206.12 2.30057e-15 
1206.13 2.04312e-15 
1206.14 1.81386e-15 
1206.15 1.60977e-15 
1206.16 1.42814e-15 
1206.17 1.26658e-15 
1206.18 1.1229e-15 
1206.19 9.9518e-16 
1206.2 8.81681e-16 
1206.21 7.80858e-16 
1206.22 6.91326e-16 
1206.23 6.10914e-16 
1206.24 5.40492e-16 
1206.25 4.78023e-16 
1206.26 4.22629e-16 
1206.27 3.73525e-16 
1206.28 3.30012e-16 
1206.29 2.91467e-16 
1206.3 2.57336e-16 
1206.31 2.27123e-16 
1206.32 2.00389e-16 
1206.33 1.7674e-16 
1206.34 1.55828e-16 
1206.35 1.37344e-16 
1206.36 1.2101e-16 
1206.37 1.06582e-16 
1206.38 9.38415e-17 
1206.39 8.25957e-17 
1206.39 7.26726e-17 
1206.4 6.39195e-17 
1206.41 5.62013e-17 
1206.42 4.93981e-17 
1206.43 4.34034e-17 
1206.44 3.8123e-17 
1206.45 3.34735e-17 
1206.46 2.93809e-17 
1206.47 2.57798e-17 
1206.48 2.25752e-17 
1206.49 1.97945e-17 
1206.5 1.73503e-17 
1206.51 1.52027e-17 
1206.52 1.33163e-17 
1206.53 1.166e-17 
1206.54 1.02061e-17 
1206.55 8.93049e-18 
1206.56 7.8116e-18 
1206.57 6.83055e-18 
1206.58 5.97064e-18 
1206.59 5.2172e-18 
1206.6 0 
