#energy geo_1 
1186.6 5.62439e-07 
1186.61 5.62082e-07 
1186.62 5.61725e-07 
1186.63 5.61367e-07 
1186.64 5.6101e-07 
1186.65 5.60653e-07 
1186.66 5.60297e-07 
1186.67 5.59941e-07 
1186.68 5.59585e-07 
1186.69 5.59228e-07 
1186.7 5.58873e-07 
1186.71 5.58517e-07 
1186.72 5.58161e-07 
1186.73 5.57806e-07 
1186.74 5.57452e-07 
1186.75 5.57097e-07 
1186.76 5.56742e-07 
1186.77 5.56388e-07 
1186.78 5.56034e-07 
1186.79 5.5568e-07 
1186.8 5.55326e-07 
1186.81 5.54972e-07 
1186.81 5.54619e-07 
1186.82 5.54265e-07 
1186.83 5.53913e-07 
1186.84 5.5356e-07 
1186.85 5.53208e-07 
1186.86 5.52855e-07 
1186.87 5.52503e-07 
1186.88 5.52151e-07 
1186.89 5.51799e-07 
1186.9 5.51448e-07 
1186.91 5.51097e-07 
1186.92 5.50745e-07 
1186.93 5.50394e-07 
1186.94 5.50043e-07 
1186.95 5.49693e-07 
1186.96 5.49342e-07 
1186.97 5.48993e-07 
1186.98 5.48643e-07 
1186.99 5.48293e-07 
1187 5.47943e-07 
1187.01 5.47594e-07 
1187.02 5.47245e-07 
1187.03 5.46896e-07 
1187.04 5.46547e-07 
1187.05 5.46199e-07 
1187.06 5.4585e-07 
1187.07 5.45502e-07 
1187.08 5.45154e-07 
1187.09 5.44806e-07 
1187.1 5.44459e-07 
1187.11 5.44111e-07 
1187.12 5.43764e-07 
1187.13 5.43417e-07 
1187.14 5.43071e-07 
1187.15 5.42723e-07 
1187.16 5.42377e-07 
1187.17 5.42031e-07 
1187.18 5.41685e-07 
1187.19 5.41339e-07 
1187.2 5.40994e-07 
1187.21 5.40648e-07 
1187.22 5.40303e-07 
1187.23 5.39958e-07 
1187.24 5.39613e-07 
1187.24 5.39268e-07 
1187.25 5.38924e-07 
1187.26 5.3858e-07 
1187.27 5.38235e-07 
1187.28 5.37891e-07 
1187.29 5.37548e-07 
1187.3 5.37205e-07 
1187.31 5.36861e-07 
1187.32 5.36518e-07 
1187.33 5.36175e-07 
1187.34 5.35832e-07 
1187.35 5.3549e-07 
1187.36 5.35147e-07 
1187.37 5.34805e-07 
1187.38 5.34463e-07 
1187.39 5.34121e-07 
1187.4 5.3378e-07 
1187.41 5.33438e-07 
1187.42 5.33097e-07 
1187.43 5.32756e-07 
1187.44 5.32416e-07 
1187.45 5.32075e-07 
1187.46 5.31734e-07 
1187.47 5.31394e-07 
1187.48 5.31054e-07 
1187.49 5.30714e-07 
1187.5 5.30374e-07 
1187.51 5.30035e-07 
1187.52 5.29695e-07 
1187.53 5.29356e-07 
1187.54 5.29017e-07 
1187.55 5.28678e-07 
1187.56 5.2834e-07 
1187.57 5.28001e-07 
1187.58 5.27663e-07 
1187.59 5.27324e-07 
1187.6 5.26987e-07 
1187.61 5.26977e-07 
1187.62 5.26639e-07 
1187.63 5.26302e-07 
1187.64 5.25964e-07 
1187.65 5.25627e-07 
1187.66 5.2529e-07 
1187.66 5.24953e-07 
1187.67 5.24616e-07 
1187.68 5.2428e-07 
1187.69 5.23943e-07 
1187.7 5.23607e-07 
1187.71 5.23272e-07 
1187.72 5.22936e-07 
1187.73 5.226e-07 
1187.74 5.22264e-07 
1187.75 5.21929e-07 
1187.76 5.21594e-07 
1187.77 5.21259e-07 
1187.78 5.20924e-07 
1187.79 5.2059e-07 
1187.8 5.20255e-07 
1187.81 5.19921e-07 
1187.82 5.19587e-07 
1187.83 5.19253e-07 
1187.84 5.1892e-07 
1187.85 5.18586e-07 
1187.86 5.18253e-07 
1187.87 5.17919e-07 
1187.88 5.17586e-07 
1187.89 5.17253e-07 
1187.9 5.16921e-07 
1187.91 5.16588e-07 
1187.92 5.16255e-07 
1187.93 5.15923e-07 
1187.94 5.15591e-07 
1187.95 5.15259e-07 
1187.96 5.14927e-07 
1187.97 5.14596e-07 
1187.98 5.14264e-07 
1187.99 5.13933e-07 
1188 5.13602e-07 
1188.01 5.13271e-07 
1188.02 5.1294e-07 
1188.03 5.1261e-07 
1188.04 5.12279e-07 
1188.05 5.11949e-07 
1188.06 5.11619e-07 
1188.07 5.11288e-07 
1188.08 5.10959e-07 
1188.09 5.10629e-07 
1188.09 5.103e-07 
1188.1 5.0997e-07 
1188.11 5.09641e-07 
1188.12 5.09312e-07 
1188.13 5.08983e-07 
1188.14 5.08655e-07 
1188.15 5.08325e-07 
1188.16 5.07997e-07 
1188.17 5.07669e-07 
1188.18 5.07341e-07 
1188.19 5.07013e-07 
1188.2 5.06684e-07 
1188.21 5.06357e-07 
1188.22 5.06029e-07 
1188.23 5.05702e-07 
1188.24 5.05375e-07 
1188.25 5.05048e-07 
1188.26 5.04721e-07 
1188.27 5.04393e-07 
1188.28 5.04067e-07 
1188.29 5.0374e-07 
1188.3 5.03414e-07 
1188.31 5.03087e-07 
1188.32 5.02761e-07 
1188.33 5.02436e-07 
1188.34 5.02109e-07 
1188.35 5.01783e-07 
1188.36 5.01458e-07 
1188.37 5.01132e-07 
1188.38 5.00807e-07 
1188.39 5.00481e-07 
1188.4 5.00156e-07 
1188.41 4.99832e-07 
1188.42 4.99506e-07 
1188.43 4.99182e-07 
1188.44 4.98857e-07 
1188.45 4.98533e-07 
1188.46 4.98208e-07 
1188.47 4.97884e-07 
1188.48 4.9756e-07 
1188.49 4.97236e-07 
1188.5 4.96912e-07 
1188.51 4.96588e-07 
1188.52 4.96265e-07 
1188.52 4.95941e-07 
1188.53 4.95618e-07 
1188.54 4.95294e-07 
1188.55 4.94971e-07 
1188.56 4.94648e-07 
1188.57 4.94325e-07 
1188.58 4.94002e-07 
1188.59 4.9368e-07 
1188.6 4.93664e-07 
1188.61 4.93341e-07 
1188.62 4.93019e-07 
1188.63 4.92696e-07 
1188.64 4.92374e-07 
1188.65 4.92052e-07 
1188.66 4.9173e-07 
1188.67 4.91407e-07 
1188.68 4.91085e-07 
1188.69 4.90764e-07 
1188.7 4.90442e-07 
1188.71 4.9012e-07 
1188.72 4.89798e-07 
1188.73 4.89477e-07 
1188.74 4.89155e-07 
1188.75 4.88834e-07 
1188.76 4.88513e-07 
1188.77 4.88192e-07 
1188.78 4.87871e-07 
1188.79 4.8755e-07 
1188.8 4.87229e-07 
1188.81 4.86908e-07 
1188.82 4.86588e-07 
1188.83 4.86267e-07 
1188.84 4.85946e-07 
1188.85 4.85626e-07 
1188.86 4.85306e-07 
1188.87 4.84986e-07 
1188.88 4.84665e-07 
1188.89 4.84345e-07 
1188.9 4.84025e-07 
1188.91 4.83705e-07 
1188.92 4.83385e-07 
1188.93 4.83066e-07 
1188.94 4.82746e-07 
1188.94 4.82426e-07 
1188.95 4.82106e-07 
1188.96 4.81787e-07 
1188.97 4.81468e-07 
1188.98 4.81148e-07 
1188.99 4.80828e-07 
1189 4.80509e-07 
1189.01 4.8019e-07 
1189.02 4.79871e-07 
1189.03 4.79552e-07 
1189.04 4.79233e-07 
1189.05 4.78914e-07 
1189.06 4.78595e-07 
1189.07 4.78276e-07 
1189.08 4.77957e-07 
1189.09 4.77638e-07 
1189.1 4.77319e-07 
1189.11 4.77e-07 
1189.12 4.76682e-07 
1189.13 4.76363e-07 
1189.14 4.76045e-07 
1189.15 4.75726e-07 
1189.16 4.75407e-07 
1189.17 4.75089e-07 
1189.18 4.7477e-07 
1189.19 4.74452e-07 
1189.2 4.74134e-07 
1189.21 4.73815e-07 
1189.22 4.73497e-07 
1189.23 4.73178e-07 
1189.24 4.7286e-07 
1189.25 4.72542e-07 
1189.26 4.72223e-07 
1189.27 4.71905e-07 
1189.28 4.71587e-07 
1189.29 4.71269e-07 
1189.3 4.7095e-07 
1189.31 4.70632e-07 
1189.32 4.70314e-07 
1189.33 4.69996e-07 
1189.34 4.69678e-07 
1189.35 4.69359e-07 
1189.36 4.69041e-07 
1189.36 4.68723e-07 
1189.37 4.68405e-07 
1189.38 4.68087e-07 
1189.39 4.67768e-07 
1189.4 4.6745e-07 
1189.41 4.67132e-07 
1189.42 4.66814e-07 
1189.43 4.66496e-07 
1189.44 4.66178e-07 
1189.45 4.6586e-07 
1189.46 4.65541e-07 
1189.47 4.65223e-07 
1189.48 4.64904e-07 
1189.49 4.64586e-07 
1189.5 4.64268e-07 
1189.51 4.63949e-07 
1189.52 4.63631e-07 
1189.53 4.63313e-07 
1189.54 4.62994e-07 
1189.55 4.62676e-07 
1189.56 4.62356e-07 
1189.57 4.62038e-07 
1189.58 4.6172e-07 
1189.59 4.61401e-07 
1189.6 4.61082e-07 
1189.61 4.6105e-07 
1189.62 4.60731e-07 
1189.63 4.60412e-07 
1189.64 4.60093e-07 
1189.65 4.59774e-07 
1189.66 4.59455e-07 
1189.67 4.59136e-07 
1189.68 4.58816e-07 
1189.69 4.58496e-07 
1189.7 4.58177e-07 
1189.71 4.57858e-07 
1189.72 4.57538e-07 
1189.73 4.57218e-07 
1189.74 4.56898e-07 
1189.75 4.56579e-07 
1189.76 4.56259e-07 
1189.77 4.55939e-07 
1189.78 4.55619e-07 
1189.79 4.55299e-07 
1189.79 4.54978e-07 
1189.8 4.54658e-07 
1189.81 4.54337e-07 
1189.82 4.54017e-07 
1189.83 4.53696e-07 
1189.84 4.53375e-07 
1189.85 4.53055e-07 
1189.86 4.52734e-07 
1189.87 4.52413e-07 
1189.88 4.52092e-07 
1189.89 4.5177e-07 
1189.9 4.51449e-07 
1189.91 4.51127e-07 
1189.92 4.50806e-07 
1189.93 4.50484e-07 
1189.94 4.50162e-07 
1189.95 4.4984e-07 
1189.96 4.49518e-07 
1189.97 4.49195e-07 
1189.98 4.48873e-07 
1189.99 4.48551e-07 
1190 4.48228e-07 
1190.01 4.47905e-07 
1190.02 4.47582e-07 
1190.03 4.47259e-07 
1190.04 4.46936e-07 
1190.05 4.46612e-07 
1190.06 4.46289e-07 
1190.07 4.45965e-07 
1190.08 4.45641e-07 
1190.09 4.45317e-07 
1190.1 4.44993e-07 
1190.11 4.44669e-07 
1190.12 4.44344e-07 
1190.13 4.44019e-07 
1190.14 4.43694e-07 
1190.15 4.43369e-07 
1190.16 4.43044e-07 
1190.17 4.42718e-07 
1190.18 4.42392e-07 
1190.19 4.42066e-07 
1190.2 4.4174e-07 
1190.21 4.41414e-07 
1190.21 4.41088e-07 
1190.22 4.40761e-07 
1190.23 4.40434e-07 
1190.24 4.40107e-07 
1190.25 4.3978e-07 
1190.26 4.39453e-07 
1190.27 4.39125e-07 
1190.28 4.38796e-07 
1190.29 4.38469e-07 
1190.3 4.3814e-07 
1190.31 4.37812e-07 
1190.32 4.37483e-07 
1190.33 4.37154e-07 
1190.34 4.36824e-07 
1190.35 4.36495e-07 
1190.36 4.36165e-07 
1190.37 4.35835e-07 
1190.38 4.35504e-07 
1190.39 4.35174e-07 
1190.4 4.34843e-07 
1190.41 4.34512e-07 
1190.42 4.34181e-07 
1190.43 4.33849e-07 
1190.44 4.33517e-07 
1190.45 4.33185e-07 
1190.46 4.32853e-07 
1190.47 4.3252e-07 
1190.48 4.32187e-07 
1190.49 4.31854e-07 
1190.5 4.3152e-07 
1190.51 4.31186e-07 
1190.52 4.30852e-07 
1190.53 4.30518e-07 
1190.54 4.30183e-07 
1190.55 4.29848e-07 
1190.56 4.29513e-07 
1190.57 4.29177e-07 
1190.58 4.28841e-07 
1190.59 4.28505e-07 
1190.6 4.28168e-07 
1190.61 4.28097e-07 
1190.62 4.27759e-07 
1190.63 4.27422e-07 
1190.64 4.27083e-07 
1190.64 4.26745e-07 
1190.65 4.26406e-07 
1190.66 4.26067e-07 
1190.67 4.25727e-07 
1190.68 4.25388e-07 
1190.69 4.25048e-07 
1190.7 4.24707e-07 
1190.71 4.24366e-07 
1190.72 4.24024e-07 
1190.73 4.23682e-07 
1190.74 4.2334e-07 
1190.75 4.22998e-07 
1190.76 4.22655e-07 
1190.77 4.22312e-07 
1190.78 4.21969e-07 
1190.79 4.21624e-07 
1190.8 4.2128e-07 
1190.81 4.20935e-07 
1190.82 4.2059e-07 
1190.83 4.20244e-07 
1190.84 4.19898e-07 
1190.85 4.19552e-07 
1190.86 4.19205e-07 
1190.87 4.18857e-07 
1190.88 4.1851e-07 
1190.89 4.18162e-07 
1190.9 4.17813e-07 
1190.91 4.17464e-07 
1190.92 4.17115e-07 
1190.93 4.16765e-07 
1190.94 4.16415e-07 
1190.95 4.16064e-07 
1190.96 4.15712e-07 
1190.97 4.1536e-07 
1190.98 4.15009e-07 
1190.99 4.14656e-07 
1191 4.14303e-07 
1191.01 4.13949e-07 
1191.02 4.13595e-07 
1191.03 4.1324e-07 
1191.04 4.12885e-07 
1191.05 4.1253e-07 
1191.06 4.12174e-07 
1191.07 4.11817e-07 
1191.07 4.1146e-07 
1191.08 4.11103e-07 
1191.09 4.10745e-07 
1191.1 4.10386e-07 
1191.11 4.10027e-07 
1191.12 4.09667e-07 
1191.13 4.09307e-07 
1191.14 4.08947e-07 
1191.15 4.08586e-07 
1191.16 4.08224e-07 
1191.17 4.07861e-07 
1191.18 4.07499e-07 
1191.19 4.07135e-07 
1191.2 4.06771e-07 
1191.21 4.06407e-07 
1191.22 4.06042e-07 
1191.23 4.05676e-07 
1191.24 4.0531e-07 
1191.25 4.04943e-07 
1191.26 4.04576e-07 
1191.27 4.04208e-07 
1191.28 4.03839e-07 
1191.29 4.0347e-07 
1191.3 4.031e-07 
1191.31 4.0273e-07 
1191.32 4.02359e-07 
1191.33 4.01988e-07 
1191.34 4.01615e-07 
1191.35 4.01243e-07 
1191.36 4.00869e-07 
1191.37 4.00495e-07 
1191.38 4.0012e-07 
1191.39 3.99745e-07 
1191.4 3.99369e-07 
1191.41 3.98993e-07 
1191.42 3.98615e-07 
1191.43 3.98238e-07 
1191.44 3.97859e-07 
1191.45 3.9748e-07 
1191.46 3.971e-07 
1191.47 3.96719e-07 
1191.48 3.96338e-07 
1191.49 3.95956e-07 
1191.49 3.95573e-07 
1191.5 3.9519e-07 
1191.51 3.94806e-07 
1191.52 3.94422e-07 
1191.53 3.94036e-07 
1191.54 3.9365e-07 
1191.55 3.93263e-07 
1191.56 3.92876e-07 
1191.57 3.92488e-07 
1191.58 3.92099e-07 
1191.59 3.91709e-07 
1191.6 3.91562e-07 
1191.61 3.91171e-07 
1191.62 3.90779e-07 
1191.63 3.90386e-07 
1191.64 3.89992e-07 
1191.65 3.89598e-07 
1191.66 3.89203e-07 
1191.67 3.88807e-07 
1191.68 3.8841e-07 
1191.69 3.88013e-07 
1191.7 3.87614e-07 
1191.71 3.87215e-07 
1191.72 3.86816e-07 
1191.73 3.86415e-07 
1191.74 3.86014e-07 
1191.75 3.85611e-07 
1191.76 3.85209e-07 
1191.77 3.84805e-07 
1191.78 3.844e-07 
1191.79 3.83995e-07 
1191.8 3.83588e-07 
1191.81 3.83181e-07 
1191.82 3.82774e-07 
1191.83 3.82365e-07 
1191.84 3.81955e-07 
1191.85 3.81545e-07 
1191.86 3.81134e-07 
1191.87 3.80722e-07 
1191.88 3.80308e-07 
1191.89 3.79894e-07 
1191.9 3.7948e-07 
1191.91 3.79064e-07 
1191.92 3.78648e-07 
1191.92 3.78231e-07 
1191.93 3.77812e-07 
1191.94 3.77393e-07 
1191.95 3.76973e-07 
1191.96 3.76552e-07 
1191.97 3.7613e-07 
1191.98 3.75707e-07 
1191.99 3.75284e-07 
1192 3.7486e-07 
1192.01 3.74434e-07 
1192.02 3.74007e-07 
1192.03 3.7358e-07 
1192.04 3.73152e-07 
1192.05 3.72723e-07 
1192.06 3.72292e-07 
1192.07 3.71861e-07 
1192.08 3.71429e-07 
1192.09 3.70996e-07 
1192.1 3.70562e-07 
1192.11 3.70127e-07 
1192.12 3.69691e-07 
1192.13 3.69254e-07 
1192.14 3.68817e-07 
1192.15 3.68378e-07 
1192.16 3.67938e-07 
1192.17 3.67497e-07 
1192.18 3.67055e-07 
1192.19 3.66612e-07 
1192.2 3.66168e-07 
1192.21 3.65723e-07 
1192.22 3.65278e-07 
1192.23 3.64831e-07 
1192.24 3.64383e-07 
1192.25 3.63933e-07 
1192.26 3.63484e-07 
1192.27 3.63032e-07 
1192.28 3.6258e-07 
1192.29 3.62127e-07 
1192.3 3.61673e-07 
1192.31 3.61218e-07 
1192.32 3.60761e-07 
1192.33 3.60304e-07 
1192.34 3.59845e-07 
1192.34 3.59385e-07 
1192.35 3.58925e-07 
1192.36 3.58463e-07 
1192.37 3.58e-07 
1192.38 3.57536e-07 
1192.39 3.57071e-07 
1192.4 3.56605e-07 
1192.41 3.56138e-07 
1192.42 3.5567e-07 
1192.43 3.552e-07 
1192.44 3.5473e-07 
1192.45 3.54258e-07 
1192.46 3.53785e-07 
1192.47 3.53311e-07 
1192.48 3.52836e-07 
1192.49 3.5236e-07 
1192.5 3.51883e-07 
1192.51 3.51404e-07 
1192.52 3.50924e-07 
1192.53 3.50443e-07 
1192.54 3.49961e-07 
1192.55 3.49478e-07 
1192.56 3.48994e-07 
1192.57 3.48508e-07 
1192.58 3.48021e-07 
1192.59 3.47534e-07 
1192.6 3.47044e-07 
1192.61 3.46769e-07 
1192.62 3.46277e-07 
1192.63 3.45784e-07 
1192.64 3.4529e-07 
1192.65 3.44795e-07 
1192.66 3.44298e-07 
1192.67 3.438e-07 
1192.68 3.43301e-07 
1192.69 3.42801e-07 
1192.7 3.42299e-07 
1192.71 3.41797e-07 
1192.72 3.41293e-07 
1192.73 3.40788e-07 
1192.74 3.40281e-07 
1192.75 3.39773e-07 
1192.76 3.39265e-07 
1192.77 3.38754e-07 
1192.77 3.38243e-07 
1192.78 3.3773e-07 
1192.79 3.37216e-07 
1192.8 3.36701e-07 
1192.81 3.36184e-07 
1192.82 3.35666e-07 
1192.83 3.35147e-07 
1192.84 3.34627e-07 
1192.85 3.34105e-07 
1192.86 3.33582e-07 
1192.87 3.33058e-07 
1192.88 3.32532e-07 
1192.89 3.32005e-07 
1192.9 3.31477e-07 
1192.91 3.30947e-07 
1192.92 3.30417e-07 
1192.93 3.29885e-07 
1192.94 3.29351e-07 
1192.95 3.28816e-07 
1192.96 3.2828e-07 
1192.97 3.27743e-07 
1192.98 3.27204e-07 
1192.99 3.26664e-07 
1193 3.26122e-07 
1193.01 3.25579e-07 
1193.02 3.25035e-07 
1193.03 3.2449e-07 
1193.04 3.23943e-07 
1193.05 3.23395e-07 
1193.06 3.22845e-07 
1193.07 3.22294e-07 
1193.08 3.21742e-07 
1193.09 3.21188e-07 
1193.1 3.20633e-07 
1193.11 3.20077e-07 
1193.12 3.19519e-07 
1193.13 3.1896e-07 
1193.14 3.184e-07 
1193.15 3.17838e-07 
1193.16 3.17275e-07 
1193.17 3.1671e-07 
1193.18 3.16145e-07 
1193.19 3.15578e-07 
1193.19 3.15009e-07 
1193.2 3.14439e-07 
1193.21 3.13868e-07 
1193.22 3.13295e-07 
1193.23 3.12721e-07 
1193.24 3.12146e-07 
1193.25 3.11569e-07 
1193.26 3.10991e-07 
1193.27 3.10412e-07 
1193.28 3.09831e-07 
1193.29 3.09249e-07 
1193.3 3.08666e-07 
1193.31 3.08082e-07 
1193.32 3.07496e-07 
1193.33 3.06909e-07 
1193.34 3.06321e-07 
1193.35 3.05731e-07 
1193.36 3.0514e-07 
1193.37 3.04548e-07 
1193.38 3.03955e-07 
1193.39 3.03361e-07 
1193.4 3.02765e-07 
1193.41 3.02169e-07 
1193.42 3.01571e-07 
1193.43 3.00972e-07 
1193.44 3.00373e-07 
1193.45 2.99772e-07 
1193.46 2.99171e-07 
1193.47 2.98568e-07 
1193.48 2.97965e-07 
1193.49 2.9736e-07 
1193.5 2.96756e-07 
1193.51 2.9615e-07 
1193.52 2.95544e-07 
1193.53 2.94937e-07 
1193.54 2.94329e-07 
1193.55 2.93722e-07 
1193.56 2.93113e-07 
1193.57 2.92505e-07 
1193.58 2.91896e-07 
1193.59 2.91288e-07 
1193.6 2.90679e-07 
1193.61 2.90251e-07 
1193.62 2.89642e-07 
1193.62 2.89034e-07 
1193.63 2.88426e-07 
1193.64 2.8782e-07 
1193.65 2.87214e-07 
1193.66 2.86609e-07 
1193.67 2.86005e-07 
1193.68 2.85403e-07 
1193.69 2.84802e-07 
1193.7 2.84204e-07 
1193.71 2.83607e-07 
1193.72 2.83013e-07 
1193.73 2.82422e-07 
1193.74 2.81834e-07 
1193.75 2.81249e-07 
1193.76 2.80667e-07 
1193.77 2.8009e-07 
1193.78 2.79516e-07 
1193.79 2.78948e-07 
1193.8 2.78384e-07 
1193.81 2.77826e-07 
1193.82 2.77275e-07 
1193.83 2.76729e-07 
1193.84 2.76191e-07 
1193.85 2.75661e-07 
1193.86 2.75138e-07 
1193.87 2.74625e-07 
1193.88 2.74121e-07 
1193.89 2.73628e-07 
1193.9 2.73145e-07 
1193.91 2.72674e-07 
1193.92 2.72216e-07 
1193.93 2.71771e-07 
1193.94 2.71341e-07 
1193.95 2.70926e-07 
1193.96 2.70527e-07 
1193.97 2.70146e-07 
1193.98 2.69788e-07 
1193.99 2.69445e-07 
1194 2.69123e-07 
1194.01 2.68824e-07 
1194.02 2.68549e-07 
1194.03 2.68298e-07 
1194.04 2.68074e-07 
1194.05 2.67879e-07 
1194.05 2.67713e-07 
1194.06 2.67579e-07 
1194.07 2.67478e-07 
1194.08 2.67413e-07 
1194.09 2.67385e-07 
1194.1 2.67396e-07 
1194.11 2.67449e-07 
1194.12 2.67545e-07 
1194.13 2.67688e-07 
1194.14 2.6788e-07 
1194.15 2.68122e-07 
1194.16 2.68419e-07 
1194.17 2.68772e-07 
1194.18 2.69185e-07 
1194.19 2.69659e-07 
1194.2 2.702e-07 
1194.21 2.7081e-07 
1194.22 2.71491e-07 
1194.23 2.72268e-07 
1194.24 2.73105e-07 
1194.25 2.74026e-07 
1194.26 2.75033e-07 
1194.27 2.76132e-07 
1194.28 2.77325e-07 
1194.29 2.78618e-07 
1194.3 2.80014e-07 
1194.31 2.81519e-07 
1194.32 2.83136e-07 
1194.33 2.84872e-07 
1194.34 2.8673e-07 
1194.35 2.88716e-07 
1194.36 2.90835e-07 
1194.37 2.93092e-07 
1194.38 2.95494e-07 
1194.39 2.98045e-07 
1194.4 3.00752e-07 
1194.41 3.03621e-07 
1194.42 3.06658e-07 
1194.43 3.09868e-07 
1194.44 3.13259e-07 
1194.45 3.16837e-07 
1194.46 3.20609e-07 
1194.47 3.24581e-07 
1194.47 3.28825e-07 
1194.48 3.33221e-07 
1194.49 3.3784e-07 
1194.5 3.42688e-07 
1194.51 3.47773e-07 
1194.52 3.53102e-07 
1194.53 3.58682e-07 
1194.54 3.64523e-07 
1194.55 3.7063e-07 
1194.56 3.77013e-07 
1194.57 3.83679e-07 
1194.58 3.90636e-07 
1194.59 3.97893e-07 
1194.6 4.05458e-07 
1194.61 4.13594e-07 
1194.62 4.21803e-07 
1194.63 4.30345e-07 
1194.64 4.39226e-07 
1194.65 4.48458e-07 
1194.66 4.58045e-07 
1194.67 4.67999e-07 
1194.68 4.78326e-07 
1194.69 4.89034e-07 
1194.7 5.00131e-07 
1194.71 5.11625e-07 
1194.72 5.23525e-07 
1194.73 5.36005e-07 
1194.74 5.48743e-07 
1194.75 5.6191e-07 
1194.76 5.75511e-07 
1194.77 5.89554e-07 
1194.78 6.04047e-07 
1194.79 6.18994e-07 
1194.8 6.34404e-07 
1194.81 6.50281e-07 
1194.82 6.66632e-07 
1194.83 6.83462e-07 
1194.84 7.00776e-07 
1194.85 7.1858e-07 
1194.86 7.36876e-07 
1194.87 7.55672e-07 
1194.88 7.74968e-07 
1194.89 7.94769e-07 
1194.9 8.15078e-07 
1194.9 8.35896e-07 
1194.91 8.57226e-07 
1194.92 8.79068e-07 
1194.93 9.01426e-07 
1194.94 9.24295e-07 
1194.95 9.47681e-07 
1194.96 9.7158e-07 
1194.97 9.9599e-07 
1194.98 1.02123e-06 
1194.99 1.04667e-06 
1195 1.0726e-06 
1195.01 1.09904e-06 
1195.02 1.12597e-06 
1195.03 1.15339e-06 
1195.04 1.1813e-06 
1195.05 1.20968e-06 
1195.06 1.23854e-06 
1195.07 1.26785e-06 
1195.08 1.29762e-06 
1195.09 1.32783e-06 
1195.1 1.35847e-06 
1195.11 1.38954e-06 
1195.12 1.42102e-06 
1195.13 1.45289e-06 
1195.14 1.48515e-06 
1195.15 1.51777e-06 
1195.16 1.55075e-06 
1195.17 1.58407e-06 
1195.18 1.61771e-06 
1195.19 1.65166e-06 
1195.2 1.6859e-06 
1195.21 1.7204e-06 
1195.22 1.75515e-06 
1195.23 1.79058e-06 
1195.24 1.82577e-06 
1195.25 1.86115e-06 
1195.26 1.89669e-06 
1195.27 1.93237e-06 
1195.28 1.96817e-06 
1195.29 2.00407e-06 
1195.3 2.04003e-06 
1195.31 2.07604e-06 
1195.32 2.11206e-06 
1195.32 2.14808e-06 
1195.33 2.18406e-06 
1195.34 2.21998e-06 
1195.35 2.25581e-06 
1195.36 2.29152e-06 
1195.37 2.32709e-06 
1195.38 2.36247e-06 
1195.39 2.39766e-06 
1195.4 2.43261e-06 
1195.41 2.46731e-06 
1195.42 2.50171e-06 
1195.43 2.53578e-06 
1195.44 2.56951e-06 
1195.45 2.60286e-06 
1195.46 2.6358e-06 
1195.47 2.66829e-06 
1195.48 2.70073e-06 
1195.49 2.73224e-06 
1195.5 2.76324e-06 
1195.51 2.79367e-06 
1195.52 2.82352e-06 
1195.53 2.85275e-06 
1195.54 2.88135e-06 
1195.55 2.90927e-06 
1195.56 2.93649e-06 
1195.57 2.96299e-06 
1195.58 2.98874e-06 
1195.59 3.01372e-06 
1195.6 3.03789e-06 
1195.61 3.06314e-06 
1195.62 3.08565e-06 
1195.63 3.1073e-06 
1195.64 3.12805e-06 
1195.65 3.14788e-06 
1195.66 3.16679e-06 
1195.67 3.18474e-06 
1195.68 3.20172e-06 
1195.69 3.21771e-06 
1195.7 3.2327e-06 
1195.71 3.24666e-06 
1195.72 3.25959e-06 
1195.73 3.27163e-06 
1195.74 3.28244e-06 
1195.75 3.29217e-06 
1195.75 3.30083e-06 
1195.76 3.3084e-06 
1195.77 3.31487e-06 
1195.78 3.32024e-06 
1195.79 3.32451e-06 
1195.8 3.32766e-06 
1195.81 3.3297e-06 
1195.82 3.33062e-06 
1195.83 3.33042e-06 
1195.84 3.32912e-06 
1195.85 3.3267e-06 
1195.86 3.32317e-06 
1195.87 3.31855e-06 
1195.88 3.31282e-06 
1195.89 3.30601e-06 
1195.9 3.29811e-06 
1195.91 3.28915e-06 
1195.92 3.27912e-06 
1195.93 3.26804e-06 
1195.94 3.25593e-06 
1195.95 3.24279e-06 
1195.96 3.22865e-06 
1195.97 3.21352e-06 
1195.98 3.19722e-06 
1195.99 3.18015e-06 
1196 3.16214e-06 
1196.01 3.14322e-06 
1196.02 3.1234e-06 
1196.03 3.10271e-06 
1196.04 3.08117e-06 
1196.05 3.05881e-06 
1196.06 3.03564e-06 
1196.07 3.01169e-06 
1196.08 2.98699e-06 
1196.09 2.96156e-06 
1196.1 2.93544e-06 
1196.11 2.90863e-06 
1196.12 2.88118e-06 
1196.13 2.85312e-06 
1196.14 2.82446e-06 
1196.15 2.79524e-06 
1196.16 2.76549e-06 
1196.17 2.73523e-06 
1196.17 2.7045e-06 
1196.18 2.67333e-06 
1196.19 2.64173e-06 
1196.2 2.60975e-06 
1196.21 2.57742e-06 
1196.22 2.54435e-06 
1196.23 2.51139e-06 
1196.24 2.47815e-06 
1196.25 2.44468e-06 
1196.26 2.411e-06 
1196.27 2.37713e-06 
1196.28 2.34311e-06 
1196.29 2.30896e-06 
1196.3 2.27472e-06 
1196.31 2.2404e-06 
1196.32 2.20605e-06 
1196.33 2.17167e-06 
1196.34 2.1373e-06 
1196.35 2.10297e-06 
1196.36 2.06869e-06 
1196.37 2.0345e-06 
1196.38 2.00042e-06 
1196.39 1.96646e-06 
1196.4 1.93266e-06 
1196.41 1.89903e-06 
1196.42 1.8656e-06 
1196.43 1.83238e-06 
1196.44 1.7994e-06 
1196.45 1.76667e-06 
1196.46 1.73421e-06 
1196.47 1.70205e-06 
1196.48 1.6698e-06 
1196.49 1.63828e-06 
1196.5 1.60709e-06 
1196.51 1.57625e-06 
1196.52 1.54579e-06 
1196.53 1.5157e-06 
1196.54 1.48601e-06 
1196.55 1.45672e-06 
1196.56 1.42785e-06 
1196.57 1.3994e-06 
1196.58 1.37139e-06 
1196.59 1.34382e-06 
1196.6 1.3167e-06 
1196.6 1.29084e-06 
1196.61 1.26463e-06 
1196.62 1.2389e-06 
1196.63 1.21363e-06 
1196.64 1.18885e-06 
1196.65 1.16456e-06 
1196.66 1.14075e-06 
1196.67 1.11744e-06 
1196.68 1.09461e-06 
1196.69 1.07229e-06 
1196.7 1.05045e-06 
1196.71 1.02911e-06 
1196.72 1.00827e-06 
1196.73 9.87676e-07 
1196.74 9.67827e-07 
1196.75 9.48472e-07 
1196.76 9.29606e-07 
1196.77 9.11228e-07 
1196.78 8.93334e-07 
1196.79 8.75922e-07 
1196.8 8.58989e-07 
1196.81 8.42528e-07 
1196.82 8.26539e-07 
1196.83 8.11016e-07 
1196.84 7.95952e-07 
1196.85 7.81345e-07 
1196.86 7.67188e-07 
1196.87 7.53477e-07 
1196.88 7.40206e-07 
1196.89 7.27369e-07 
1196.9 7.14961e-07 
1196.91 7.02974e-07 
1196.92 6.91403e-07 
1196.93 6.80242e-07 
1196.94 6.69485e-07 
1196.95 6.59126e-07 
1196.96 6.49157e-07 
1196.97 6.39573e-07 
1196.98 6.30259e-07 
1196.99 6.21429e-07 
1197 6.12965e-07 
1197.01 6.0486e-07 
1197.02 5.97108e-07 
1197.03 5.89702e-07 
1197.03 5.82637e-07 
1197.04 5.75906e-07 
1197.05 5.69503e-07 
1197.06 5.63423e-07 
1197.07 5.57658e-07 
1197.08 5.52205e-07 
1197.09 5.47057e-07 
1197.1 5.42209e-07 
1197.11 5.37655e-07 
1197.12 5.3339e-07 
1197.13 5.2941e-07 
1197.14 5.25708e-07 
1197.15 5.22281e-07 
1197.16 5.19124e-07 
1197.17 5.16232e-07 
1197.18 5.13601e-07 
1197.19 5.11226e-07 
1197.2 5.09105e-07 
1197.21 5.07231e-07 
1197.22 5.05603e-07 
1197.23 5.04205e-07 
1197.24 5.03058e-07 
1197.25 5.02146e-07 
1197.26 5.01464e-07 
1197.27 5.01011e-07 
1197.28 5.00783e-07 
1197.29 5.00776e-07 
1197.3 5.00989e-07 
1197.31 5.01418e-07 
1197.32 5.02061e-07 
1197.33 5.02916e-07 
1197.34 5.03979e-07 
1197.35 5.0525e-07 
1197.36 5.06724e-07 
1197.37 5.084e-07 
1197.38 5.10277e-07 
1197.39 5.12351e-07 
1197.4 5.14621e-07 
1197.41 5.17085e-07 
1197.42 5.19741e-07 
1197.43 5.22585e-07 
1197.44 5.25617e-07 
1197.45 5.28836e-07 
1197.45 5.32237e-07 
1197.46 5.3582e-07 
1197.47 5.39582e-07 
1197.48 5.43576e-07 
1197.49 5.47692e-07 
1197.5 5.51981e-07 
1197.51 5.56441e-07 
1197.52 5.61068e-07 
1197.53 5.6586e-07 
1197.54 5.70815e-07 
1197.55 5.75931e-07 
1197.56 5.81204e-07 
1197.57 5.86632e-07 
1197.58 5.9221e-07 
1197.59 5.97937e-07 
1197.6 6.0381e-07 
1197.61 6.10201e-07 
1197.62 6.16357e-07 
1197.63 6.22647e-07 
1197.64 6.29069e-07 
1197.65 6.35617e-07 
1197.66 6.42289e-07 
1197.67 6.49078e-07 
1197.68 6.55981e-07 
1197.69 6.62994e-07 
1197.7 6.70112e-07 
1197.71 6.77329e-07 
1197.72 6.84641e-07 
1197.73 6.92139e-07 
1197.74 6.99625e-07 
1197.75 7.0719e-07 
1197.76 7.14827e-07 
1197.77 7.22531e-07 
1197.78 7.30296e-07 
1197.79 7.38116e-07 
1197.8 7.45983e-07 
1197.81 7.53891e-07 
1197.82 7.61836e-07 
1197.83 7.69808e-07 
1197.84 7.77803e-07 
1197.85 7.8581e-07 
1197.86 7.93826e-07 
1197.87 8.01842e-07 
1197.88 8.09852e-07 
1197.88 8.17847e-07 
1197.89 8.25819e-07 
1197.9 8.33763e-07 
1197.91 8.41668e-07 
1197.92 8.4953e-07 
1197.93 8.57339e-07 
1197.94 8.65088e-07 
1197.95 8.72771e-07 
1197.96 8.80377e-07 
1197.97 8.87899e-07 
1197.98 8.95427e-07 
1197.99 9.0276e-07 
1198 9.09985e-07 
1198.01 9.17097e-07 
1198.02 9.24087e-07 
1198.03 9.30949e-07 
1198.04 9.37674e-07 
1198.05 9.44257e-07 
1198.06 9.50689e-07 
1198.07 9.56963e-07 
1198.08 9.63074e-07 
1198.09 9.69014e-07 
1198.1 9.74776e-07 
1198.11 9.80355e-07 
1198.12 9.85744e-07 
1198.13 9.90936e-07 
1198.14 9.95928e-07 
1198.15 1.00071e-06 
1198.16 1.00529e-06 
1198.17 1.00964e-06 
1198.18 1.01378e-06 
1198.19 1.01768e-06 
1198.2 1.02136e-06 
1198.21 1.0248e-06 
1198.22 1.02801e-06 
1198.23 1.03101e-06 
1198.24 1.03373e-06 
1198.25 1.0362e-06 
1198.26 1.03842e-06 
1198.27 1.0404e-06 
1198.28 1.04211e-06 
1198.29 1.04358e-06 
1198.3 1.04479e-06 
1198.3 1.04575e-06 
1198.31 1.04645e-06 
1198.32 1.0469e-06 
1198.33 1.04709e-06 
1198.34 1.04703e-06 
1198.35 1.04672e-06 
1198.36 1.04615e-06 
1198.37 1.04534e-06 
1198.38 1.04428e-06 
1198.39 1.04298e-06 
1198.4 1.04144e-06 
1198.41 1.03966e-06 
1198.42 1.03765e-06 
1198.43 1.03541e-06 
1198.44 1.03295e-06 
1198.45 1.03027e-06 
1198.46 1.02738e-06 
1198.47 1.02427e-06 
1198.48 1.02092e-06 
1198.49 1.01742e-06 
1198.5 1.01372e-06 
1198.51 1.00984e-06 
1198.52 1.00579e-06 
1198.53 1.00156e-06 
1198.54 9.97174e-07 
1198.55 9.92633e-07 
1198.56 9.87945e-07 
1198.57 9.83119e-07 
1198.58 9.78164e-07 
1198.59 9.73087e-07 
1198.6 9.67899e-07 
1198.61 9.63201e-07 
1198.62 9.5781e-07 
1198.63 9.52332e-07 
1198.64 9.46778e-07 
1198.65 9.41159e-07 
1198.66 9.3548e-07 
1198.67 9.29753e-07 
1198.68 9.23987e-07 
1198.69 9.1819e-07 
1198.7 9.12375e-07 
1198.71 9.06549e-07 
1198.72 9.0072e-07 
1198.73 8.94831e-07 
1198.73 8.89029e-07 
1198.74 8.83255e-07 
1198.75 8.77517e-07 
1198.76 8.71823e-07 
1198.77 8.66185e-07 
1198.78 8.60609e-07 
1198.79 8.55105e-07 
1198.8 8.49683e-07 
1198.81 8.44347e-07 
1198.82 8.39109e-07 
1198.83 8.33976e-07 
1198.84 8.28955e-07 
1198.85 8.24055e-07 
1198.86 8.19281e-07 
1198.87 8.14642e-07 
1198.88 8.10143e-07 
1198.89 8.05792e-07 
1198.9 8.01594e-07 
1198.91 7.97556e-07 
1198.92 7.93682e-07 
1198.93 7.89979e-07 
1198.94 7.8645e-07 
1198.95 7.831e-07 
1198.96 7.79934e-07 
1198.97 7.76956e-07 
1198.98 7.74137e-07 
1198.99 7.71545e-07 
1199 7.6915e-07 
1199.01 7.66954e-07 
1199.02 7.64959e-07 
1199.03 7.63167e-07 
1199.04 7.61579e-07 
1199.05 7.60195e-07 
1199.06 7.59017e-07 
1199.07 7.58044e-07 
1199.08 7.57276e-07 
1199.09 7.56712e-07 
1199.1 7.56352e-07 
1199.11 7.56193e-07 
1199.12 7.56235e-07 
1199.13 7.56475e-07 
1199.14 7.56911e-07 
1199.15 7.57538e-07 
1199.15 7.58355e-07 
1199.16 7.59358e-07 
1199.17 7.60543e-07 
1199.18 7.61905e-07 
1199.19 7.63441e-07 
1199.2 7.65145e-07 
1199.21 7.67013e-07 
1199.22 7.69066e-07 
1199.23 7.71243e-07 
1199.24 7.73568e-07 
1199.25 7.76032e-07 
1199.26 7.78629e-07 
1199.27 7.81352e-07 
1199.28 7.84194e-07 
1199.29 7.87149e-07 
1199.3 7.90207e-07 
1199.31 7.93363e-07 
1199.32 7.96609e-07 
1199.33 7.99934e-07 
1199.34 8.03334e-07 
1199.35 8.06798e-07 
1199.36 8.1032e-07 
1199.37 8.13889e-07 
1199.38 8.17497e-07 
1199.39 8.21136e-07 
1199.4 8.24798e-07 
1199.41 8.28474e-07 
1199.42 8.32154e-07 
1199.43 8.35829e-07 
1199.44 8.39492e-07 
1199.45 8.43135e-07 
1199.46 8.46745e-07 
1199.47 8.50315e-07 
1199.48 8.53884e-07 
1199.49 8.57351e-07 
1199.5 8.60752e-07 
1199.51 8.64079e-07 
1199.52 8.67324e-07 
1199.53 8.70479e-07 
1199.54 8.73536e-07 
1199.55 8.76486e-07 
1199.56 8.79323e-07 
1199.57 8.82037e-07 
1199.58 8.84622e-07 
1199.58 8.87072e-07 
1199.59 8.89376e-07 
1199.6 8.91531e-07 
1199.61 8.9408e-07 
1199.62 8.95917e-07 
1199.63 8.97582e-07 
1199.64 8.99073e-07 
1199.65 9.00381e-07 
1199.66 9.01502e-07 
1199.67 9.02432e-07 
1199.68 9.03165e-07 
1199.69 9.03697e-07 
1199.7 9.04023e-07 
1199.71 9.0414e-07 
1199.72 9.04043e-07 
1199.73 9.03724e-07 
1199.74 9.03188e-07 
1199.75 9.02428e-07 
1199.76 9.01443e-07 
1199.77 9.00231e-07 
1199.78 8.98789e-07 
1199.79 8.97118e-07 
1199.8 8.95212e-07 
1199.81 8.93074e-07 
1199.82 8.90703e-07 
1199.83 8.88098e-07 
1199.84 8.85258e-07 
1199.85 8.82185e-07 
1199.86 8.78878e-07 
1199.87 8.75339e-07 
1199.88 8.71569e-07 
1199.89 8.67568e-07 
1199.9 8.63341e-07 
1199.91 8.58888e-07 
1199.92 8.54211e-07 
1199.93 8.49313e-07 
1199.94 8.44196e-07 
1199.95 8.38865e-07 
1199.96 8.33322e-07 
1199.97 8.2757e-07 
1199.98 8.21538e-07 
1199.99 8.15381e-07 
1200 8.09026e-07 
1200.01 8.0248e-07 
1200.01 7.95746e-07 
1200.02 7.88832e-07 
1200.03 7.8174e-07 
1200.04 7.74476e-07 
1200.05 7.67044e-07 
1200.06 7.59453e-07 
1200.07 7.51705e-07 
1200.08 7.43809e-07 
1200.09 7.35769e-07 
1200.1 7.2759e-07 
1200.11 7.1928e-07 
1200.12 7.10845e-07 
1200.13 7.0229e-07 
1200.14 6.93623e-07 
1200.15 6.84848e-07 
1200.16 6.75974e-07 
1200.17 6.67007e-07 
1200.18 6.57952e-07 
1200.19 6.48817e-07 
1200.2 6.39607e-07 
1200.21 6.30331e-07 
1200.22 6.20993e-07 
1200.23 6.11485e-07 
1200.24 6.02045e-07 
1200.25 5.92564e-07 
1200.26 5.83047e-07 
1200.27 5.73502e-07 
1200.28 5.63935e-07 
1200.29 5.54352e-07 
1200.3 5.44759e-07 
1200.31 5.35162e-07 
1200.32 5.25567e-07 
1200.33 5.1598e-07 
1200.34 5.06408e-07 
1200.35 4.96855e-07 
1200.36 4.87327e-07 
1200.37 4.77829e-07 
1200.38 4.68368e-07 
1200.39 4.58947e-07 
1200.4 4.49572e-07 
1200.41 4.40249e-07 
1200.42 4.30981e-07 
1200.43 4.21774e-07 
1200.43 4.12631e-07 
1200.44 4.03557e-07 
1200.45 3.94558e-07 
1200.46 3.85635e-07 
1200.47 3.76794e-07 
1200.48 3.67928e-07 
1200.49 3.59262e-07 
1200.5 3.50686e-07 
1200.51 3.42207e-07 
1200.52 3.33825e-07 
1200.53 3.25544e-07 
1200.54 3.17367e-07 
1200.55 3.09296e-07 
1200.56 3.01333e-07 
1200.57 2.93482e-07 
1200.58 2.85744e-07 
1200.59 2.7812e-07 
1200.6 2.70613e-07 
1200.61 2.63386e-07 
1200.62 2.56112e-07 
1200.63 2.48959e-07 
1200.64 2.41928e-07 
1200.65 2.35021e-07 
1200.66 2.28237e-07 
1200.67 2.21578e-07 
1200.68 2.15044e-07 
1200.69 2.08636e-07 
1200.7 2.02353e-07 
1200.71 1.96197e-07 
1200.72 1.90167e-07 
1200.73 1.8419e-07 
1200.74 1.78414e-07 
1200.75 1.72763e-07 
1200.76 1.67237e-07 
1200.77 1.61836e-07 
1200.78 1.56559e-07 
1200.79 1.51406e-07 
1200.8 1.46375e-07 
1200.81 1.41466e-07 
1200.82 1.36677e-07 
1200.83 1.32008e-07 
1200.84 1.27458e-07 
1200.85 1.23025e-07 
1200.85 1.18708e-07 
1200.86 1.14505e-07 
1200.87 1.10416e-07 
1200.88 1.06439e-07 
1200.89 1.02572e-07 
1200.9 9.88132e-08 
1200.91 9.51619e-08 
1200.92 9.16161e-08 
1200.93 8.81739e-08 
1200.94 8.48338e-08 
1200.95 8.15939e-08 
1200.96 7.84526e-08 
1200.97 7.5408e-08 
1200.98 7.24219e-08 
1200.99 6.95662e-08 
1201 6.68016e-08 
1201.01 6.41263e-08 
1201.02 6.15382e-08 
1201.03 5.90357e-08 
1201.04 5.66167e-08 
1201.05 5.42793e-08 
1201.06 5.20217e-08 
1201.07 4.98419e-08 
1201.08 4.77382e-08 
1201.09 4.57084e-08 
1201.1 4.3751e-08 
1201.11 4.18638e-08 
1201.12 4.00452e-08 
1201.13 3.82932e-08 
1201.14 3.66062e-08 
1201.15 3.49822e-08 
1201.16 3.34194e-08 
1201.17 3.19163e-08 
1201.18 3.04709e-08 
1201.19 2.90816e-08 
1201.2 2.77467e-08 
1201.21 2.64646e-08 
1201.22 2.52336e-08 
1201.23 2.40376e-08 
1201.24 2.29046e-08 
1201.25 2.18181e-08 
1201.26 2.07763e-08 
1201.27 1.9778e-08 
1201.28 1.88215e-08 
1201.28 1.79056e-08 
1201.29 1.70287e-08 
1201.3 1.61896e-08 
1201.31 1.53869e-08 
1201.32 1.46192e-08 
1201.33 1.38854e-08 
1201.34 1.31842e-08 
1201.35 1.25143e-08 
1201.36 1.18747e-08 
1201.37 1.12641e-08 
1201.38 1.06815e-08 
1201.39 1.01258e-08 
1201.4 9.59587e-09 
1201.41 9.09077e-09 
1201.42 8.60947e-09 
1201.43 8.15104e-09 
1201.44 7.71453e-09 
1201.45 7.29905e-09 
1201.46 6.90372e-09 
1201.47 6.5277e-09 
1201.48 6.16582e-09 
1201.49 5.82621e-09 
1201.5 5.50354e-09 
1201.51 5.19707e-09 
1201.52 4.90608e-09 
1201.53 4.62989e-09 
1201.54 4.36785e-09 
1201.55 4.11931e-09 
1201.56 3.88366e-09 
1201.57 3.66032e-09 
1201.58 3.4487e-09 
1201.59 3.24828e-09 
1201.6 3.05852e-09 
1201.61 2.88069e-09 
1201.62 2.71066e-09 
1201.63 2.54984e-09 
1201.64 2.39779e-09 
1201.65 2.25408e-09 
1201.66 2.1183e-09 
1201.67 1.99007e-09 
1201.68 1.86899e-09 
1201.69 1.75471e-09 
1201.7 1.64689e-09 
1201.7 1.5452e-09 
1201.71 1.44932e-09 
1201.72 1.35786e-09 
1201.73 1.27278e-09 
1201.74 1.19265e-09 
1201.75 1.1172e-09 
1201.76 1.04619e-09 
1201.77 9.79374e-10 
1201.78 9.16533e-10 
1201.79 8.57447e-10 
1201.8 8.01913e-10 
1201.81 7.49733e-10 
1201.82 7.00724e-10 
1201.83 6.54707e-10 
1201.84 6.11515e-10 
1201.85 5.70989e-10 
1201.86 5.32977e-10 
1201.87 4.97335e-10 
1201.88 4.63928e-10 
1201.89 4.32625e-10 
1201.9 4.03305e-10 
1201.91 3.7585e-10 
1201.92 3.50152e-10 
1201.93 3.26106e-10 
1201.94 3.03613e-10 
1201.95 2.82581e-10 
1201.96 2.62921e-10 
1201.97 2.4455e-10 
1201.98 2.27182e-10 
1201.99 2.11172e-10 
1202 1.96226e-10 
1202.01 1.8228e-10 
1202.02 1.6927e-10 
1202.03 1.57138e-10 
1202.04 1.45829e-10 
1202.05 1.3529e-10 
1202.06 1.25473e-10 
1202.07 1.1633e-10 
1202.08 1.07819e-10 
1202.09 9.98981e-11 
1202.1 9.25295e-11 
1202.11 8.56769e-11 
1202.12 7.93062e-11 
1202.13 7.33856e-11 
1202.13 6.78851e-11 
1202.14 6.27767e-11 
1202.15 5.8034e-11 
1202.16 5.36323e-11 
1202.17 4.95486e-11 
1202.18 4.5761e-11 
1202.19 4.22494e-11 
1202.2 3.89947e-11 
1202.21 3.59791e-11 
1202.22 3.31538e-11 
1202.23 3.05689e-11 
1202.24 2.81776e-11 
1202.25 2.5965e-11 
1202.26 2.39184e-11 
1202.27 2.2026e-11 
1202.28 2.02769e-11 
1202.29 1.86606e-11 
1202.3 1.71676e-11 
1202.31 1.5789e-11 
1202.32 1.45165e-11 
1202.33 1.33422e-11 
1202.34 1.22589e-11 
1202.35 1.126e-11 
1202.36 1.03391e-11 
1202.37 9.4905e-12 
1202.38 8.70874e-12 
1202.39 7.9888e-12 
1202.4 7.32602e-12 
1202.41 6.71607e-12 
1202.42 6.15492e-12 
1202.43 5.63883e-12 
1202.44 5.16436e-12 
1202.45 4.72829e-12 
1202.46 4.32764e-12 
1202.47 3.95967e-12 
1202.48 3.61778e-12 
1202.49 3.30802e-12 
1202.5 3.02381e-12 
1202.51 2.76313e-12 
1202.52 2.52411e-12 
1202.53 2.30502e-12 
1202.54 2.10427e-12 
1202.55 1.92039e-12 
1202.56 1.75201e-12 
1202.56 1.59788e-12 
1202.57 1.45684e-12 
1202.58 1.32782e-12 
1202.59 1.20984e-12 
1202.6 1.10199e-12 
1202.61 1.00404e-12 
1202.62 9.13948e-13 
1202.63 8.31669e-13 
1202.64 7.56552e-13 
1202.65 6.88e-13 
1202.66 6.25457e-13 
1202.67 5.68417e-13 
1202.68 5.16413e-13 
1202.69 4.69015e-13 
1202.7 4.2583e-13 
1202.71 3.86498e-13 
1202.72 3.50685e-13 
1202.73 3.177e-13 
1202.74 2.88075e-13 
1202.75 2.61129e-13 
1202.76 2.36627e-13 
1202.77 2.14355e-13 
1202.78 1.94117e-13 
1202.79 1.75733e-13 
1202.8 1.59039e-13 
1202.81 1.43884e-13 
1202.82 1.30132e-13 
1202.83 1.17656e-13 
1202.84 1.06342e-13 
1202.85 9.60847e-14 
1202.86 8.67891e-14 
1202.87 7.83675e-14 
1202.88 7.07404e-14 
1202.89 6.3835e-14 
1202.9 5.75851e-14 
1202.91 5.19304e-14 
1202.92 4.6816e-14 
1202.93 4.21916e-14 
1202.94 3.80118e-14 
1202.95 3.4235e-14 
1202.96 3.08236e-14 
1202.97 2.77431e-14 
1202.98 2.49625e-14 
1202.98 2.24236e-14 
1202.99 2.01631e-14 
1203 1.81246e-14 
1203.01 1.6287e-14 
1203.02 1.46309e-14 
1203.03 1.31391e-14 
1203.04 1.17955e-14 
1203.05 1.05859e-14 
1203.06 9.49733e-15 
1203.07 8.51793e-15 
1203.08 7.63708e-15 
1203.09 6.84511e-15 
1203.1 6.13329e-15 
1203.11 5.49373e-15 
1203.12 4.91927e-15 
1203.13 4.40346e-15 
1203.14 3.94047e-15 
1203.15 3.52503e-15 
1203.16 3.15236e-15 
1203.17 2.81819e-15 
1203.18 2.51864e-15 
1203.19 2.25019e-15 
1203.2 2.00972e-15 
1203.21 1.79436e-15 
1203.22 1.60157e-15 
1203.23 1.42699e-15 
1203.24 1.27284e-15 
1203.25 1.13498e-15 
1203.26 1.01173e-15 
1203.27 9.01565e-16 
1203.28 8.0314e-16 
1203.29 7.1523e-16 
1203.3 6.36738e-16 
1203.31 5.66677e-16 
1203.32 5.04163e-16 
1203.33 4.484e-16 
1203.34 3.98677e-16 
1203.35 3.54354e-16 
1203.36 3.14857e-16 
1203.37 2.79672e-16 
1203.38 2.48339e-16 
1203.39 2.20445e-16 
1203.4 1.95622e-16 
1203.41 1.73538e-16 
1203.41 1.53897e-16 
1203.42 1.36436e-16 
1203.43 1.20916e-16 
1203.44 1.07128e-16 
1203.45 9.4881e-17 
1203.46 8.40073e-17 
1203.47 7.43557e-17 
1203.48 6.56912e-17 
1203.49 5.81064e-17 
1203.5 5.13807e-17 
1203.51 4.54189e-17 
1203.52 4.01359e-17 
1203.53 3.54561e-17 
1203.54 3.13118e-17 
1203.55 2.7643e-17 
1203.56 2.43962e-17 
1203.57 2.15239e-17 
1203.58 1.89836e-17 
1203.59 1.67377e-17 
1203.6 1.47528e-17 
1203.61 1.30071e-17 
1203.62 1.14572e-17 
1203.63 1.00887e-17 
1203.64 8.88086e-18 
1203.65 7.81509e-18 
1203.66 6.875e-18 
1203.67 6.04606e-18 
1203.68 5.31535e-18 
1203.69 4.67144e-18 
1203.7 4.10422e-18 
1203.71 3.60471e-18 
1203.72 3.16498e-18 
1203.73 2.77346e-18 
1203.74 2.43355e-18 
1203.75 2.13462e-18 
1203.76 1.8718e-18 
1203.77 1.64081e-18 
1203.78 1.43786e-18 
1203.79 1.25961e-18 
1203.8 1.1031e-18 
1203.81 9.6573e-19 
1203.82 8.45193e-19 
1203.83 7.39462e-19 
1203.83 6.4675e-19 
1203.84 5.65479e-19 
1203.85 4.94262e-19 
1203.86 4.31875e-19 
1203.87 3.77241e-19 
1203.88 3.29412e-19 
1203.89 2.87555e-19 
1203.9 2.50936e-19 
1203.91 2.18909e-19 
1203.92 1.90909e-19 
1203.93 1.66436e-19 
1203.94 1.45054e-19 
1203.95 1.26378e-19 
1203.96 1.10071e-19 
1203.97 9.58378e-20 
1203.98 8.32733e-20 
1203.99 7.2458e-20 
1204 6.30272e-20 
1204.01 5.48061e-20 
1204.02 4.76421e-20 
1204.03 4.14012e-20 
1204.04 3.59662e-20 
1204.05 3.12347e-20 
1204.06 2.71168e-20 
1204.07 2.35343e-20 
1204.08 2.04185e-20 
1204.09 1.77095e-20 
1204.1 1.5355e-20 
1204.11 1.33092e-20 
1204.12 1.15323e-20 
1204.13 9.9894e-21 
1204.14 8.65014e-21 
1204.15 7.48802e-21 
1204.16 6.47994e-21 
1204.17 5.60576e-21 
1204.18 4.84796e-21 
1204.19 4.19125e-21 
1204.2 3.62233e-21 
1204.21 3.12963e-21 
1204.22 2.70307e-21 
1204.23 2.32962e-21 
1204.24 2.0108e-21 
1204.25 1.73505e-21 
1204.26 1.49663e-21 
1204.26 1.29056e-21 
1204.27 1.11251e-21 
1204.28 9.58711e-22 
1204.29 8.25909e-22 
1204.3 7.11273e-22 
1204.31 6.12352e-22 
1204.32 5.27019e-22 
1204.33 4.53431e-22 
1204.34 3.89993e-22 
1204.35 3.35322e-22 
1204.36 2.88222e-22 
1204.37 2.47659e-22 
1204.38 2.12735e-22 
1204.39 1.82678e-22 
1204.4 1.56816e-22 
1204.41 1.34573e-22 
1204.42 1.15447e-22 
1204.43 9.90082e-23 
1204.44 8.48824e-23 
1204.45 7.27487e-23 
1204.46 6.23293e-23 
1204.47 5.3385e-23 
1204.48 4.56209e-23 
1204.49 3.9049e-23 
1204.5 3.3413e-23 
1204.51 2.85813e-23 
1204.52 2.44404e-23 
1204.53 2.08927e-23 
1204.54 1.78543e-23 
1204.55 1.52528e-23 
1204.56 1.30261e-23 
1204.57 1.1121e-23 
1204.58 9.4914e-24 
1204.59 8.098e-24 
1204.6 6.90694e-24 
1204.61 5.88916e-24 
1204.62 5.02283e-24 
1204.63 4.27993e-24 
1204.64 3.64574e-24 
1204.65 3.10451e-24 
1204.66 2.64279e-24 
1204.67 2.24901e-24 
1204.68 1.91329e-24 
1204.68 1.62716e-24 
1204.69 1.38337e-24 
1204.7 1.17573e-24 
1204.71 9.98937e-25 
1204.72 8.46722e-25 
1204.73 7.18934e-25 
1204.74 6.10235e-25 
1204.75 5.17805e-25 
1204.76 4.39233e-25 
1204.77 3.72463e-25 
1204.78 3.15742e-25 
1204.79 2.67573e-25 
1204.8 2.26679e-25 
1204.81 1.91973e-25 
1204.82 1.62529e-25 
1204.83 1.37556e-25 
1204.84 1.16383e-25 
1204.85 9.84375e-26 
1204.86 8.32321e-26 
1204.87 7.03528e-26 
1204.88 5.94473e-26 
1204.89 5.02161e-26 
1204.9 4.24047e-26 
1204.91 3.57969e-26 
1204.92 3.0209e-26 
1204.93 2.54852e-26 
1204.94 2.14931e-26 
1204.95 1.81206e-26 
1204.96 1.52723e-26 
1204.97 1.28675e-26 
1204.98 1.08147e-26 
1204.99 9.10597e-27 
1205 7.66473e-27 
1205.01 6.44953e-27 
1205.02 5.42524e-27 
1205.03 4.56216e-27 
1205.04 3.83515e-27 
1205.05 3.22295e-27 
1205.06 2.70761e-27 
1205.07 2.27393e-27 
1205.08 1.90911e-27 
1205.09 1.60229e-27 
1205.1 1.34436e-27 
1205.11 1.12758e-27 
1205.11 9.45454e-28 
1205.12 7.92489e-28 
1205.13 6.64059e-28 
1205.14 5.56263e-28 
1205.15 4.65815e-28 
1205.16 3.89948e-28 
1205.17 3.26333e-28 
1205.18 2.73008e-28 
1205.19 2.28323e-28 
1205.2 1.9089e-28 
1205.21 1.59543e-28 
1205.22 1.33026e-28 
1205.23 1.11088e-28 
1205.24 9.27561e-29 
1205.25 7.7424e-29 
1205.26 6.46055e-29 
1205.27 5.38918e-29 
1205.28 4.49404e-29 
1205.29 3.74637e-29 
1205.3 3.12209e-29 
1205.31 2.60099e-29 
1205.32 2.16618e-29 
1205.33 1.80347e-29 
1205.34 1.50101e-29 
1205.35 1.24887e-29 
1205.36 1.03876e-29 
1205.37 8.63711e-30 
1205.38 7.17933e-30 
1205.39 5.96568e-30 
1205.4 4.95559e-30 
1205.41 4.11521e-30 
1205.42 3.41624e-30 
1205.43 2.83507e-30 
1205.44 2.35202e-30 
1205.45 1.95064e-30 
1205.46 1.61724e-30 
1205.47 1.34039e-30 
1205.48 1.10819e-30 
1205.49 9.17702e-31 
1205.5 7.59866e-31 
1205.51 6.28975e-31 
1205.52 5.20462e-31 
1205.53 4.30532e-31 
1205.54 3.56026e-31 
1205.54 2.94319e-31 
1205.55 2.43229e-31 
1205.56 2.00942e-31 
1205.57 1.65954e-31 
1205.58 1.37014e-31 
1205.59 1.13085e-31 
1205.6 9.33041e-32 
1205.61 7.70061e-32 
1205.62 6.34955e-32 
1205.63 5.23384e-32 
1205.64 4.3128e-32 
1205.65 3.55269e-32 
1205.66 2.92561e-32 
1205.67 2.40843e-32 
1205.68 1.98204e-32 
1205.69 1.63062e-32 
1205.7 1.34107e-32 
1205.71 1.10258e-32 
1205.72 9.06212e-33 
1205.73 7.42749e-33 
1205.74 6.10071e-33 
1205.75 5.00931e-33 
1205.76 4.11184e-33 
1205.77 3.37408e-33 
1205.78 2.76779e-33 
1205.79 2.26972e-33 
1205.8 1.86068e-33 
1205.81 1.52486e-33 
1205.82 1.24925e-33 
1205.83 1.02313e-33 
1205.84 8.37662e-34 
1205.85 6.85597e-34 
1205.86 5.60956e-34 
1205.87 4.58827e-34 
1205.88 3.75171e-34 
1205.89 3.06669e-34 
1205.9 2.50593e-34 
1205.91 2.04706e-34 
1205.92 1.67167e-34 
1205.93 1.36469e-34 
1205.94 1.11371e-34 
1205.95 9.08605e-35 
1205.96 7.41032e-35 
1205.96 6.04169e-35 
1205.97 4.92425e-35 
1205.98 4.00193e-35 
1205.99 3.25964e-35 
1206 2.65418e-35 
1206.01 2.16049e-35 
1206.02 1.75806e-35 
1206.03 1.43012e-35 
1206.04 1.16299e-35 
1206.05 9.45445e-36 
1206.06 7.68348e-36 
1206.07 6.24223e-36 
1206.08 5.06969e-36 
1206.09 4.11608e-36 
1206.1 3.34077e-36 
1206.11 2.71062e-36 
1206.12 2.19862e-36 
1206.13 1.78276e-36 
1206.14 1.4451e-36 
1206.15 1.17101e-36 
1206.16 9.486e-37 
1206.17 7.68186e-37 
1206.18 6.21885e-37 
1206.19 5.03284e-37 
1206.2 4.07172e-37 
1206.21 3.29307e-37 
1206.22 2.66248e-37 
1206.23 2.14622e-37 
1206.24 1.73411e-37 
1206.25 1.40068e-37 
1206.26 1.131e-37 
1206.27 9.12947e-38 
1206.28 7.36697e-38 
1206.29 5.94282e-38 
1206.3 4.79244e-38 
1206.31 3.86349e-38 
1206.32 3.11361e-38 
1206.33 2.50847e-38 
1206.34 2.02029e-38 
1206.35 1.62659e-38 
1206.36 1.30919e-38 
1206.37 1.05338e-38 
1206.38 8.47289e-39 
1206.39 6.81298e-39 
1206.39 5.47649e-39 
1206.4 4.40076e-39 
1206.41 3.53519e-39 
1206.42 2.83896e-39 
1206.43 2.27911e-39 
1206.44 1.82907e-39 
1206.45 1.46743e-39 
1206.46 1.17691e-39 
1206.47 9.43601e-40 
1206.48 7.54211e-40 
1206.49 6.04306e-40 
1206.5 4.84041e-40 
1206.51 3.87585e-40 
1206.52 3.1025e-40 
1206.53 2.48265e-40 
1206.54 1.98602e-40 
1206.55 1.5882e-40 
1206.56 1.26966e-40 
1206.57 1.01471e-40 
1206.58 8.10665e-41 
1206.59 6.47456e-41 
1206.6 0 
