#energy geo_1 
1186.6 1.31497e-06 
1186.61 1.31416e-06 
1186.62 1.31334e-06 
1186.63 1.31252e-06 
1186.64 1.31171e-06 
1186.65 1.31089e-06 
1186.66 1.31008e-06 
1186.67 1.30926e-06 
1186.68 1.30845e-06 
1186.69 1.30763e-06 
1186.7 1.30682e-06 
1186.71 1.30601e-06 
1186.72 1.30519e-06 
1186.73 1.30438e-06 
1186.74 1.30357e-06 
1186.75 1.30276e-06 
1186.76 1.30195e-06 
1186.77 1.30114e-06 
1186.78 1.30033e-06 
1186.79 1.29951e-06 
1186.8 1.29871e-06 
1186.81 1.2979e-06 
1186.81 1.29709e-06 
1186.82 1.29628e-06 
1186.83 1.29547e-06 
1186.84 1.29466e-06 
1186.85 1.29385e-06 
1186.86 1.29305e-06 
1186.87 1.29224e-06 
1186.88 1.29143e-06 
1186.89 1.29063e-06 
1186.9 1.28982e-06 
1186.91 1.28902e-06 
1186.92 1.28821e-06 
1186.93 1.28741e-06 
1186.94 1.28661e-06 
1186.95 1.2858e-06 
1186.96 1.285e-06 
1186.97 1.28419e-06 
1186.98 1.28339e-06 
1186.99 1.28259e-06 
1187 1.28179e-06 
1187.01 1.28099e-06 
1187.02 1.28019e-06 
1187.03 1.27939e-06 
1187.04 1.27859e-06 
1187.05 1.27779e-06 
1187.06 1.27698e-06 
1187.07 1.27619e-06 
1187.08 1.27539e-06 
1187.09 1.27459e-06 
1187.1 1.27379e-06 
1187.11 1.273e-06 
1187.12 1.2722e-06 
1187.13 1.2714e-06 
1187.14 1.27061e-06 
1187.15 1.26981e-06 
1187.16 1.26901e-06 
1187.17 1.26822e-06 
1187.18 1.26742e-06 
1187.19 1.26663e-06 
1187.2 1.26583e-06 
1187.21 1.26504e-06 
1187.22 1.26424e-06 
1187.23 1.26345e-06 
1187.24 1.26266e-06 
1187.24 1.26187e-06 
1187.25 1.26108e-06 
1187.26 1.26028e-06 
1187.27 1.25949e-06 
1187.28 1.2587e-06 
1187.29 1.25791e-06 
1187.3 1.25712e-06 
1187.31 1.25633e-06 
1187.32 1.25554e-06 
1187.33 1.25475e-06 
1187.34 1.25396e-06 
1187.35 1.25317e-06 
1187.36 1.25239e-06 
1187.37 1.2516e-06 
1187.38 1.25081e-06 
1187.39 1.25003e-06 
1187.4 1.24924e-06 
1187.41 1.24845e-06 
1187.42 1.24767e-06 
1187.43 1.24688e-06 
1187.44 1.2461e-06 
1187.45 1.24531e-06 
1187.46 1.24453e-06 
1187.47 1.24375e-06 
1187.48 1.24296e-06 
1187.49 1.24218e-06 
1187.5 1.2414e-06 
1187.51 1.24061e-06 
1187.52 1.23983e-06 
1187.53 1.23905e-06 
1187.54 1.23827e-06 
1187.55 1.23749e-06 
1187.56 1.23671e-06 
1187.57 1.23593e-06 
1187.58 1.23515e-06 
1187.59 1.23437e-06 
1187.6 1.23359e-06 
1187.61 1.23357e-06 
1187.62 1.23279e-06 
1187.63 1.23201e-06 
1187.64 1.23124e-06 
1187.65 1.23046e-06 
1187.66 1.22968e-06 
1187.66 1.2289e-06 
1187.67 1.22813e-06 
1187.68 1.22735e-06 
1187.69 1.22657e-06 
1187.7 1.2258e-06 
1187.71 1.22502e-06 
1187.72 1.22425e-06 
1187.73 1.22347e-06 
1187.74 1.2227e-06 
1187.75 1.22192e-06 
1187.76 1.22115e-06 
1187.77 1.22038e-06 
1187.78 1.2196e-06 
1187.79 1.21883e-06 
1187.8 1.21806e-06 
1187.81 1.21729e-06 
1187.82 1.21652e-06 
1187.83 1.21575e-06 
1187.84 1.21498e-06 
1187.85 1.2142e-06 
1187.86 1.21343e-06 
1187.87 1.21266e-06 
1187.88 1.2119e-06 
1187.89 1.21113e-06 
1187.9 1.21036e-06 
1187.91 1.20959e-06 
1187.92 1.20882e-06 
1187.93 1.20805e-06 
1187.94 1.20729e-06 
1187.95 1.20652e-06 
1187.96 1.20575e-06 
1187.97 1.20499e-06 
1187.98 1.20422e-06 
1187.99 1.20345e-06 
1188 1.20269e-06 
1188.01 1.20192e-06 
1188.02 1.20116e-06 
1188.03 1.20039e-06 
1188.04 1.19963e-06 
1188.05 1.19887e-06 
1188.06 1.1981e-06 
1188.07 1.19734e-06 
1188.08 1.19658e-06 
1188.09 1.19582e-06 
1188.09 1.19506e-06 
1188.1 1.19429e-06 
1188.11 1.19353e-06 
1188.12 1.19277e-06 
1188.13 1.19201e-06 
1188.14 1.19125e-06 
1188.15 1.19049e-06 
1188.16 1.18973e-06 
1188.17 1.18897e-06 
1188.18 1.18821e-06 
1188.19 1.18746e-06 
1188.2 1.1867e-06 
1188.21 1.18594e-06 
1188.22 1.18518e-06 
1188.23 1.18442e-06 
1188.24 1.18367e-06 
1188.25 1.18291e-06 
1188.26 1.18215e-06 
1188.27 1.1814e-06 
1188.28 1.18064e-06 
1188.29 1.17989e-06 
1188.3 1.17913e-06 
1188.31 1.17838e-06 
1188.32 1.17762e-06 
1188.33 1.17687e-06 
1188.34 1.17612e-06 
1188.35 1.17536e-06 
1188.36 1.17461e-06 
1188.37 1.17386e-06 
1188.38 1.1731e-06 
1188.39 1.17235e-06 
1188.4 1.1716e-06 
1188.41 1.17085e-06 
1188.42 1.1701e-06 
1188.43 1.16935e-06 
1188.44 1.1686e-06 
1188.45 1.16785e-06 
1188.46 1.1671e-06 
1188.47 1.16635e-06 
1188.48 1.1656e-06 
1188.49 1.16485e-06 
1188.5 1.1641e-06 
1188.51 1.16335e-06 
1188.52 1.1626e-06 
1188.52 1.16186e-06 
1188.53 1.16111e-06 
1188.54 1.16036e-06 
1188.55 1.15961e-06 
1188.56 1.15887e-06 
1188.57 1.15812e-06 
1188.58 1.15737e-06 
1188.59 1.15663e-06 
1188.6 1.1566e-06 
1188.61 1.15585e-06 
1188.62 1.15511e-06 
1188.63 1.15436e-06 
1188.64 1.15362e-06 
1188.65 1.15287e-06 
1188.66 1.15213e-06 
1188.67 1.15139e-06 
1188.68 1.15064e-06 
1188.69 1.1499e-06 
1188.7 1.14915e-06 
1188.71 1.14841e-06 
1188.72 1.14767e-06 
1188.73 1.14693e-06 
1188.74 1.14619e-06 
1188.75 1.14544e-06 
1188.76 1.1447e-06 
1188.77 1.14396e-06 
1188.78 1.14322e-06 
1188.79 1.14248e-06 
1188.8 1.14174e-06 
1188.81 1.141e-06 
1188.82 1.14026e-06 
1188.83 1.13952e-06 
1188.84 1.13878e-06 
1188.85 1.13804e-06 
1188.86 1.1373e-06 
1188.87 1.13657e-06 
1188.88 1.13583e-06 
1188.89 1.13509e-06 
1188.9 1.13435e-06 
1188.91 1.13362e-06 
1188.92 1.13288e-06 
1188.93 1.13214e-06 
1188.94 1.13141e-06 
1188.94 1.13067e-06 
1188.95 1.12993e-06 
1188.96 1.1292e-06 
1188.97 1.12846e-06 
1188.98 1.12773e-06 
1188.99 1.12699e-06 
1189 1.12626e-06 
1189.01 1.12552e-06 
1189.02 1.12479e-06 
1189.03 1.12406e-06 
1189.04 1.12332e-06 
1189.05 1.12259e-06 
1189.06 1.12186e-06 
1189.07 1.12112e-06 
1189.08 1.12039e-06 
1189.09 1.11966e-06 
1189.1 1.11892e-06 
1189.11 1.11819e-06 
1189.12 1.11746e-06 
1189.13 1.11673e-06 
1189.14 1.116e-06 
1189.15 1.11527e-06 
1189.16 1.11454e-06 
1189.17 1.1138e-06 
1189.18 1.11308e-06 
1189.19 1.11234e-06 
1189.2 1.11162e-06 
1189.21 1.11089e-06 
1189.22 1.11016e-06 
1189.23 1.10943e-06 
1189.24 1.1087e-06 
1189.25 1.10797e-06 
1189.26 1.10724e-06 
1189.27 1.10651e-06 
1189.28 1.10578e-06 
1189.29 1.10506e-06 
1189.3 1.10433e-06 
1189.31 1.1036e-06 
1189.32 1.10287e-06 
1189.33 1.10215e-06 
1189.34 1.10142e-06 
1189.35 1.10069e-06 
1189.36 1.09997e-06 
1189.36 1.09924e-06 
1189.37 1.09851e-06 
1189.38 1.09779e-06 
1189.39 1.09706e-06 
1189.4 1.09634e-06 
1189.41 1.09561e-06 
1189.42 1.09489e-06 
1189.43 1.09416e-06 
1189.44 1.09344e-06 
1189.45 1.09271e-06 
1189.46 1.09199e-06 
1189.47 1.09126e-06 
1189.48 1.09054e-06 
1189.49 1.08981e-06 
1189.5 1.08909e-06 
1189.51 1.08837e-06 
1189.52 1.08765e-06 
1189.53 1.08692e-06 
1189.54 1.0862e-06 
1189.55 1.08548e-06 
1189.56 1.08475e-06 
1189.57 1.08403e-06 
1189.58 1.08331e-06 
1189.59 1.08259e-06 
1189.6 1.08187e-06 
1189.61 1.08181e-06 
1189.62 1.08109e-06 
1189.63 1.08037e-06 
1189.64 1.07965e-06 
1189.65 1.07892e-06 
1189.66 1.0782e-06 
1189.67 1.07748e-06 
1189.68 1.07676e-06 
1189.69 1.07604e-06 
1189.7 1.07532e-06 
1189.71 1.0746e-06 
1189.72 1.07388e-06 
1189.73 1.07316e-06 
1189.74 1.07244e-06 
1189.75 1.07172e-06 
1189.76 1.071e-06 
1189.77 1.07028e-06 
1189.78 1.06956e-06 
1189.79 1.06884e-06 
1189.79 1.06812e-06 
1189.8 1.0674e-06 
1189.81 1.06668e-06 
1189.82 1.06596e-06 
1189.83 1.06524e-06 
1189.84 1.06452e-06 
1189.85 1.0638e-06 
1189.86 1.06308e-06 
1189.87 1.06237e-06 
1189.88 1.06165e-06 
1189.89 1.06093e-06 
1189.9 1.06021e-06 
1189.91 1.05949e-06 
1189.92 1.05877e-06 
1189.93 1.05806e-06 
1189.94 1.05734e-06 
1189.95 1.05662e-06 
1189.96 1.0559e-06 
1189.97 1.05519e-06 
1189.98 1.05447e-06 
1189.99 1.05375e-06 
1190 1.05303e-06 
1190.01 1.05232e-06 
1190.02 1.0516e-06 
1190.03 1.05088e-06 
1190.04 1.05017e-06 
1190.05 1.04945e-06 
1190.06 1.04873e-06 
1190.07 1.04801e-06 
1190.08 1.0473e-06 
1190.09 1.04658e-06 
1190.1 1.04587e-06 
1190.11 1.04515e-06 
1190.12 1.04443e-06 
1190.13 1.04372e-06 
1190.14 1.043e-06 
1190.15 1.04228e-06 
1190.16 1.04157e-06 
1190.17 1.04085e-06 
1190.18 1.04013e-06 
1190.19 1.03942e-06 
1190.2 1.0387e-06 
1190.21 1.03799e-06 
1190.21 1.03727e-06 
1190.22 1.03656e-06 
1190.23 1.03584e-06 
1190.24 1.03512e-06 
1190.25 1.03441e-06 
1190.26 1.03369e-06 
1190.27 1.03298e-06 
1190.28 1.03226e-06 
1190.29 1.03155e-06 
1190.3 1.03083e-06 
1190.31 1.03011e-06 
1190.32 1.0294e-06 
1190.33 1.02868e-06 
1190.34 1.02797e-06 
1190.35 1.02725e-06 
1190.36 1.02654e-06 
1190.37 1.02582e-06 
1190.38 1.0251e-06 
1190.39 1.02439e-06 
1190.4 1.02367e-06 
1190.41 1.02296e-06 
1190.42 1.02224e-06 
1190.43 1.02153e-06 
1190.44 1.02081e-06 
1190.45 1.02009e-06 
1190.46 1.01938e-06 
1190.47 1.01866e-06 
1190.48 1.01795e-06 
1190.49 1.01723e-06 
1190.5 1.01652e-06 
1190.51 1.0158e-06 
1190.52 1.01508e-06 
1190.53 1.01437e-06 
1190.54 1.01365e-06 
1190.55 1.01294e-06 
1190.56 1.01222e-06 
1190.57 1.0115e-06 
1190.58 1.01079e-06 
1190.59 1.01007e-06 
1190.6 1.00936e-06 
1190.61 1.00926e-06 
1190.62 1.00855e-06 
1190.63 1.00783e-06 
1190.64 1.00711e-06 
1190.64 1.0064e-06 
1190.65 1.00568e-06 
1190.66 1.00496e-06 
1190.67 1.00424e-06 
1190.68 1.00353e-06 
1190.69 1.00281e-06 
1190.7 1.00209e-06 
1190.71 1.00138e-06 
1190.72 1.00066e-06 
1190.73 9.99942e-07 
1190.74 9.99224e-07 
1190.75 9.98507e-07 
1190.76 9.97789e-07 
1190.77 9.97072e-07 
1190.78 9.96355e-07 
1190.79 9.95637e-07 
1190.8 9.94919e-07 
1190.81 9.94202e-07 
1190.82 9.93484e-07 
1190.83 9.92767e-07 
1190.84 9.92049e-07 
1190.85 9.91331e-07 
1190.86 9.90614e-07 
1190.87 9.89897e-07 
1190.88 9.8918e-07 
1190.89 9.88462e-07 
1190.9 9.87744e-07 
1190.91 9.87026e-07 
1190.92 9.8631e-07 
1190.93 9.85592e-07 
1190.94 9.84875e-07 
1190.95 9.84159e-07 
1190.96 9.83442e-07 
1190.97 9.82726e-07 
1190.98 9.8201e-07 
1190.99 9.81294e-07 
1191 9.80578e-07 
1191.01 9.79862e-07 
1191.02 9.79148e-07 
1191.03 9.78433e-07 
1191.04 9.77718e-07 
1191.05 9.77005e-07 
1191.06 9.76291e-07 
1191.07 9.75578e-07 
1191.07 9.74867e-07 
1191.08 9.74156e-07 
1191.09 9.73445e-07 
1191.1 9.72736e-07 
1191.11 9.72026e-07 
1191.12 9.71319e-07 
1191.13 9.70611e-07 
1191.14 9.69905e-07 
1191.15 9.69202e-07 
1191.16 9.68497e-07 
1191.17 9.67796e-07 
1191.18 9.67095e-07 
1191.19 9.66397e-07 
1191.2 9.65699e-07 
1191.21 9.65005e-07 
1191.22 9.64312e-07 
1191.23 9.6362e-07 
1191.24 9.62932e-07 
1191.25 9.62247e-07 
1191.26 9.61562e-07 
1191.27 9.60882e-07 
1191.28 9.60204e-07 
1191.29 9.5953e-07 
1191.3 9.58859e-07 
1191.31 9.58192e-07 
1191.32 9.57529e-07 
1191.33 9.5687e-07 
1191.34 9.56215e-07 
1191.35 9.55565e-07 
1191.36 9.54921e-07 
1191.37 9.5428e-07 
1191.38 9.53647e-07 
1191.39 9.53018e-07 
1191.4 9.52397e-07 
1191.41 9.51782e-07 
1191.42 9.51174e-07 
1191.43 9.50574e-07 
1191.44 9.49981e-07 
1191.45 9.49397e-07 
1191.46 9.48821e-07 
1191.47 9.48255e-07 
1191.48 9.47701e-07 
1191.49 9.47155e-07 
1191.49 9.4662e-07 
1191.5 9.46097e-07 
1191.51 9.45585e-07 
1191.52 9.45087e-07 
1191.53 9.44601e-07 
1191.54 9.4413e-07 
1191.55 9.43673e-07 
1191.56 9.43231e-07 
1191.57 9.42807e-07 
1191.58 9.42397e-07 
1191.59 9.42007e-07 
1191.6 9.42217e-07 
1191.61 9.41864e-07 
1191.62 9.41531e-07 
1191.63 9.41221e-07 
1191.64 9.4093e-07 
1191.65 9.40664e-07 
1191.66 9.40421e-07 
1191.67 9.40205e-07 
1191.68 9.40013e-07 
1191.69 9.39849e-07 
1191.7 9.39713e-07 
1191.71 9.39607e-07 
1191.72 9.39532e-07 
1191.73 9.39495e-07 
1191.74 9.39486e-07 
1191.75 9.3951e-07 
1191.76 9.39568e-07 
1191.77 9.39665e-07 
1191.78 9.39798e-07 
1191.79 9.39972e-07 
1191.8 9.40186e-07 
1191.81 9.40442e-07 
1191.82 9.40741e-07 
1191.83 9.41087e-07 
1191.84 9.41478e-07 
1191.85 9.41917e-07 
1191.86 9.42405e-07 
1191.87 9.42943e-07 
1191.88 9.43534e-07 
1191.89 9.44179e-07 
1191.9 9.44879e-07 
1191.91 9.45637e-07 
1191.92 9.46452e-07 
1191.92 9.47326e-07 
1191.93 9.48262e-07 
1191.94 9.49262e-07 
1191.95 9.50324e-07 
1191.96 9.51453e-07 
1191.97 9.52649e-07 
1191.98 9.53939e-07 
1191.99 9.55274e-07 
1192 9.56681e-07 
1192.01 9.58161e-07 
1192.02 9.59714e-07 
1192.03 9.61344e-07 
1192.04 9.6305e-07 
1192.05 9.64833e-07 
1192.06 9.66696e-07 
1192.07 9.6864e-07 
1192.08 9.70665e-07 
1192.09 9.72772e-07 
1192.1 9.74963e-07 
1192.11 9.77238e-07 
1192.12 9.79598e-07 
1192.13 9.82044e-07 
1192.14 9.84576e-07 
1192.15 9.87196e-07 
1192.16 9.89904e-07 
1192.17 9.92701e-07 
1192.18 9.95584e-07 
1192.19 9.98558e-07 
1192.2 1.00162e-06 
1192.21 1.00477e-06 
1192.22 1.00801e-06 
1192.23 1.01139e-06 
1192.24 1.01481e-06 
1192.25 1.01831e-06 
1192.26 1.02191e-06 
1192.27 1.02559e-06 
1192.28 1.02935e-06 
1192.29 1.03321e-06 
1192.3 1.03714e-06 
1192.31 1.04116e-06 
1192.32 1.04526e-06 
1192.33 1.04944e-06 
1192.34 1.0537e-06 
1192.34 1.05803e-06 
1192.35 1.06244e-06 
1192.36 1.06692e-06 
1192.37 1.07148e-06 
1192.38 1.0761e-06 
1192.39 1.08078e-06 
1192.4 1.08553e-06 
1192.41 1.09034e-06 
1192.42 1.09521e-06 
1192.43 1.10013e-06 
1192.44 1.10511e-06 
1192.45 1.11013e-06 
1192.46 1.11519e-06 
1192.47 1.12029e-06 
1192.48 1.12551e-06 
1192.49 1.13068e-06 
1192.5 1.13588e-06 
1192.51 1.14111e-06 
1192.52 1.14636e-06 
1192.53 1.15162e-06 
1192.54 1.15689e-06 
1192.55 1.16217e-06 
1192.56 1.16745e-06 
1192.57 1.17273e-06 
1192.58 1.178e-06 
1192.59 1.18325e-06 
1192.6 1.18849e-06 
1192.61 1.19444e-06 
1192.62 1.19963e-06 
1192.63 1.20478e-06 
1192.64 1.20989e-06 
1192.65 1.21496e-06 
1192.66 1.21997e-06 
1192.67 1.22493e-06 
1192.68 1.22983e-06 
1192.69 1.23466e-06 
1192.7 1.23942e-06 
1192.71 1.2441e-06 
1192.72 1.2487e-06 
1192.73 1.25327e-06 
1192.74 1.25768e-06 
1192.75 1.26199e-06 
1192.76 1.26619e-06 
1192.77 1.27028e-06 
1192.77 1.27426e-06 
1192.78 1.27811e-06 
1192.79 1.28184e-06 
1192.8 1.28544e-06 
1192.81 1.2889e-06 
1192.82 1.29222e-06 
1192.83 1.29539e-06 
1192.84 1.29841e-06 
1192.85 1.30128e-06 
1192.86 1.30399e-06 
1192.87 1.30654e-06 
1192.88 1.30892e-06 
1192.89 1.31113e-06 
1192.9 1.31316e-06 
1192.91 1.31502e-06 
1192.92 1.3167e-06 
1192.93 1.3182e-06 
1192.94 1.31951e-06 
1192.95 1.32063e-06 
1192.96 1.32156e-06 
1192.97 1.3223e-06 
1192.98 1.32285e-06 
1192.99 1.3232e-06 
1193 1.32335e-06 
1193.01 1.32329e-06 
1193.02 1.32304e-06 
1193.03 1.32259e-06 
1193.04 1.32194e-06 
1193.05 1.32108e-06 
1193.06 1.32003e-06 
1193.07 1.31877e-06 
1193.08 1.31732e-06 
1193.09 1.31566e-06 
1193.1 1.31381e-06 
1193.11 1.31176e-06 
1193.12 1.30951e-06 
1193.13 1.30707e-06 
1193.14 1.30444e-06 
1193.15 1.30162e-06 
1193.16 1.29861e-06 
1193.17 1.29542e-06 
1193.18 1.29204e-06 
1193.19 1.28849e-06 
1193.19 1.28476e-06 
1193.2 1.28086e-06 
1193.21 1.27679e-06 
1193.22 1.2725e-06 
1193.23 1.26811e-06 
1193.24 1.26355e-06 
1193.25 1.25884e-06 
1193.26 1.25398e-06 
1193.27 1.24898e-06 
1193.28 1.24384e-06 
1193.29 1.23857e-06 
1193.3 1.23317e-06 
1193.31 1.22764e-06 
1193.32 1.22199e-06 
1193.33 1.21623e-06 
1193.34 1.21036e-06 
1193.35 1.20438e-06 
1193.36 1.19831e-06 
1193.37 1.19215e-06 
1193.38 1.1859e-06 
1193.39 1.17956e-06 
1193.4 1.17315e-06 
1193.41 1.16667e-06 
1193.42 1.16013e-06 
1193.43 1.15352e-06 
1193.44 1.14686e-06 
1193.45 1.14015e-06 
1193.46 1.1334e-06 
1193.47 1.12661e-06 
1193.48 1.11972e-06 
1193.49 1.11287e-06 
1193.5 1.106e-06 
1193.51 1.09911e-06 
1193.52 1.09222e-06 
1193.53 1.08531e-06 
1193.54 1.07841e-06 
1193.55 1.0715e-06 
1193.56 1.06461e-06 
1193.57 1.05773e-06 
1193.58 1.05086e-06 
1193.59 1.04402e-06 
1193.6 1.03721e-06 
1193.61 1.03105e-06 
1193.62 1.0243e-06 
1193.62 1.01758e-06 
1193.63 1.0109e-06 
1193.64 1.00427e-06 
1193.65 9.97691e-07 
1193.66 9.9116e-07 
1193.67 9.84685e-07 
1193.68 9.7827e-07 
1193.69 9.71916e-07 
1193.7 9.65625e-07 
1193.71 9.59402e-07 
1193.72 9.53248e-07 
1193.73 9.471e-07 
1193.74 9.41092e-07 
1193.75 9.3516e-07 
1193.76 9.29306e-07 
1193.77 9.23531e-07 
1193.78 9.17837e-07 
1193.79 9.12226e-07 
1193.8 9.06699e-07 
1193.81 9.01256e-07 
1193.82 8.959e-07 
1193.83 8.90631e-07 
1193.84 8.85449e-07 
1193.85 8.80356e-07 
1193.86 8.75352e-07 
1193.87 8.70438e-07 
1193.88 8.65615e-07 
1193.89 8.6088e-07 
1193.9 8.56236e-07 
1193.91 8.51683e-07 
1193.92 8.4722e-07 
1193.93 8.42846e-07 
1193.94 8.38563e-07 
1193.95 8.3437e-07 
1193.96 8.30265e-07 
1193.97 8.2625e-07 
1193.98 8.22285e-07 
1193.99 8.18446e-07 
1194 8.14694e-07 
1194.01 8.11028e-07 
1194.02 8.07447e-07 
1194.03 8.03951e-07 
1194.04 8.00538e-07 
1194.05 7.97207e-07 
1194.05 7.9396e-07 
1194.06 7.90792e-07 
1194.07 7.87704e-07 
1194.08 7.84696e-07 
1194.09 7.81763e-07 
1194.1 7.78908e-07 
1194.11 7.76128e-07 
1194.12 7.73423e-07 
1194.13 7.7079e-07 
1194.14 7.6823e-07 
1194.15 7.6574e-07 
1194.16 7.63322e-07 
1194.17 7.60971e-07 
1194.18 7.58688e-07 
1194.19 7.56471e-07 
1194.2 7.5432e-07 
1194.21 7.52234e-07 
1194.22 7.5021e-07 
1194.23 7.48237e-07 
1194.24 7.46339e-07 
1194.25 7.445e-07 
1194.26 7.42721e-07 
1194.27 7.41e-07 
1194.28 7.39337e-07 
1194.29 7.37731e-07 
1194.3 7.3618e-07 
1194.31 7.34684e-07 
1194.32 7.33243e-07 
1194.33 7.31855e-07 
1194.34 7.30521e-07 
1194.35 7.29239e-07 
1194.36 7.28007e-07 
1194.37 7.26827e-07 
1194.38 7.25697e-07 
1194.39 7.24617e-07 
1194.4 7.23586e-07 
1194.41 7.22606e-07 
1194.42 7.21672e-07 
1194.43 7.20787e-07 
1194.44 7.1995e-07 
1194.45 7.1916e-07 
1194.46 7.18418e-07 
1194.47 7.17723e-07 
1194.47 7.1708e-07 
1194.48 7.16478e-07 
1194.49 7.15924e-07 
1194.5 7.15416e-07 
1194.51 7.14954e-07 
1194.52 7.1454e-07 
1194.53 7.14171e-07 
1194.54 7.13849e-07 
1194.55 7.13573e-07 
1194.56 7.13344e-07 
1194.57 7.13161e-07 
1194.58 7.13027e-07 
1194.59 7.12939e-07 
1194.6 7.12898e-07 
1194.61 7.13344e-07 
1194.62 7.13398e-07 
1194.63 7.13501e-07 
1194.64 7.13652e-07 
1194.65 7.13853e-07 
1194.66 7.14102e-07 
1194.67 7.14401e-07 
1194.68 7.1475e-07 
1194.69 7.15149e-07 
1194.7 7.15599e-07 
1194.71 7.161e-07 
1194.72 7.16654e-07 
1194.73 7.17281e-07 
1194.74 7.1794e-07 
1194.75 7.18652e-07 
1194.76 7.19419e-07 
1194.77 7.2024e-07 
1194.78 7.21117e-07 
1194.79 7.22048e-07 
1194.8 7.23037e-07 
1194.81 7.24083e-07 
1194.82 7.25187e-07 
1194.83 7.26349e-07 
1194.84 7.27571e-07 
1194.85 7.28853e-07 
1194.86 7.30196e-07 
1194.87 7.31601e-07 
1194.88 7.33068e-07 
1194.89 7.346e-07 
1194.9 7.36195e-07 
1194.9 7.37856e-07 
1194.91 7.39584e-07 
1194.92 7.41378e-07 
1194.93 7.43242e-07 
1194.94 7.45174e-07 
1194.95 7.47179e-07 
1194.96 7.49254e-07 
1194.97 7.51403e-07 
1194.98 7.53668e-07 
1194.99 7.55968e-07 
1195 7.58345e-07 
1195.01 7.608e-07 
1195.02 7.63335e-07 
1195.03 7.65952e-07 
1195.04 7.68651e-07 
1195.05 7.71435e-07 
1195.06 7.74305e-07 
1195.07 7.77263e-07 
1195.08 7.80311e-07 
1195.09 7.8345e-07 
1195.1 7.86683e-07 
1195.11 7.9001e-07 
1195.12 7.93436e-07 
1195.13 7.9696e-07 
1195.14 8.00587e-07 
1195.15 8.04317e-07 
1195.16 8.08153e-07 
1195.17 8.12097e-07 
1195.18 8.16153e-07 
1195.19 8.20321e-07 
1195.2 8.24605e-07 
1195.21 8.29009e-07 
1195.22 8.33533e-07 
1195.23 8.38255e-07 
1195.24 8.43031e-07 
1195.25 8.47936e-07 
1195.26 8.52975e-07 
1195.27 8.58149e-07 
1195.28 8.63461e-07 
1195.29 8.68915e-07 
1195.3 8.74514e-07 
1195.31 8.80261e-07 
1195.32 8.86159e-07 
1195.32 8.92212e-07 
1195.33 8.98423e-07 
1195.34 9.04794e-07 
1195.35 9.11331e-07 
1195.36 9.18037e-07 
1195.37 9.24913e-07 
1195.38 9.31965e-07 
1195.39 9.39197e-07 
1195.4 9.46609e-07 
1195.41 9.54209e-07 
1195.42 9.61997e-07 
1195.43 9.69978e-07 
1195.44 9.78157e-07 
1195.45 9.86535e-07 
1195.46 9.95117e-07 
1195.47 1.0039e-06 
1195.48 1.01303e-06 
1195.49 1.02225e-06 
1195.5 1.03168e-06 
1195.51 1.04134e-06 
1195.52 1.05122e-06 
1195.53 1.06132e-06 
1195.54 1.07165e-06 
1195.55 1.08222e-06 
1195.56 1.09303e-06 
1195.57 1.10407e-06 
1195.58 1.11535e-06 
1195.59 1.12688e-06 
1195.6 1.13866e-06 
1195.61 1.15139e-06 
1195.62 1.16367e-06 
1195.63 1.17621e-06 
1195.64 1.189e-06 
1195.65 1.20204e-06 
1195.66 1.21535e-06 
1195.67 1.22891e-06 
1195.68 1.24274e-06 
1195.69 1.25683e-06 
1195.7 1.27118e-06 
1195.71 1.28579e-06 
1195.72 1.30066e-06 
1195.73 1.31601e-06 
1195.74 1.33141e-06 
1195.75 1.34708e-06 
1195.75 1.36301e-06 
1195.76 1.3792e-06 
1195.77 1.39564e-06 
1195.78 1.41235e-06 
1195.79 1.42931e-06 
1195.8 1.44653e-06 
1195.81 1.464e-06 
1195.82 1.48172e-06 
1195.83 1.49968e-06 
1195.84 1.51789e-06 
1195.85 1.53633e-06 
1195.86 1.55501e-06 
1195.87 1.57392e-06 
1195.88 1.59306e-06 
1195.89 1.61242e-06 
1195.9 1.632e-06 
1195.91 1.65179e-06 
1195.92 1.67178e-06 
1195.93 1.69198e-06 
1195.94 1.71236e-06 
1195.95 1.73294e-06 
1195.96 1.75369e-06 
1195.97 1.77461e-06 
1195.98 1.79598e-06 
1195.99 1.81723e-06 
1196 1.83862e-06 
1196.01 1.86016e-06 
1196.02 1.88183e-06 
1196.03 1.90361e-06 
1196.04 1.92551e-06 
1196.05 1.94751e-06 
1196.06 1.9696e-06 
1196.07 1.99177e-06 
1196.08 2.01402e-06 
1196.09 2.03632e-06 
1196.1 2.05867e-06 
1196.11 2.08107e-06 
1196.12 2.10348e-06 
1196.13 2.12592e-06 
1196.14 2.14835e-06 
1196.15 2.17077e-06 
1196.16 2.19318e-06 
1196.17 2.21554e-06 
1196.17 2.23786e-06 
1196.18 2.26012e-06 
1196.19 2.28231e-06 
1196.2 2.3044e-06 
1196.21 2.3264e-06 
1196.22 2.34858e-06 
1196.23 2.37033e-06 
1196.24 2.39195e-06 
1196.25 2.41341e-06 
1196.26 2.4347e-06 
1196.27 2.45581e-06 
1196.28 2.47673e-06 
1196.29 2.49744e-06 
1196.3 2.51792e-06 
1196.31 2.53816e-06 
1196.32 2.55816e-06 
1196.33 2.57789e-06 
1196.34 2.59734e-06 
1196.35 2.61649e-06 
1196.36 2.63534e-06 
1196.37 2.65388e-06 
1196.38 2.67208e-06 
1196.39 2.68993e-06 
1196.4 2.70743e-06 
1196.41 2.72456e-06 
1196.42 2.7413e-06 
1196.43 2.75765e-06 
1196.44 2.77359e-06 
1196.45 2.7891e-06 
1196.46 2.80419e-06 
1196.47 2.81882e-06 
1196.48 2.8332e-06 
1196.49 2.84692e-06 
1196.5 2.86015e-06 
1196.51 2.87291e-06 
1196.52 2.88516e-06 
1196.53 2.8969e-06 
1196.54 2.90814e-06 
1196.55 2.91884e-06 
1196.56 2.92901e-06 
1196.57 2.93864e-06 
1196.58 2.94771e-06 
1196.59 2.95623e-06 
1196.6 2.96419e-06 
1196.6 2.9734e-06 
1196.61 2.98021e-06 
1196.62 2.98643e-06 
1196.63 2.99207e-06 
1196.64 2.99711e-06 
1196.65 3.00156e-06 
1196.66 3.00539e-06 
1196.67 3.00863e-06 
1196.68 3.01125e-06 
1196.69 3.01326e-06 
1196.7 3.01466e-06 
1196.71 3.01544e-06 
1196.72 3.0156e-06 
1196.73 3.01515e-06 
1196.74 3.01407e-06 
1196.75 3.01237e-06 
1196.76 3.01006e-06 
1196.77 3.00712e-06 
1196.78 3.00358e-06 
1196.79 2.99942e-06 
1196.8 2.99464e-06 
1196.81 2.98927e-06 
1196.82 2.98328e-06 
1196.83 2.97671e-06 
1196.84 2.96953e-06 
1196.85 2.96177e-06 
1196.86 2.95342e-06 
1196.87 2.94449e-06 
1196.88 2.93499e-06 
1196.89 2.92493e-06 
1196.9 2.91431e-06 
1196.91 2.90314e-06 
1196.92 2.89142e-06 
1196.93 2.87917e-06 
1196.94 2.86639e-06 
1196.95 2.8531e-06 
1196.96 2.8393e-06 
1196.97 2.82501e-06 
1196.98 2.81005e-06 
1196.99 2.79479e-06 
1197 2.77906e-06 
1197.01 2.76287e-06 
1197.02 2.74624e-06 
1197.03 2.72918e-06 
1197.03 2.7117e-06 
1197.04 2.69382e-06 
1197.05 2.67554e-06 
1197.06 2.65688e-06 
1197.07 2.63784e-06 
1197.08 2.61846e-06 
1197.09 2.59873e-06 
1197.1 2.57867e-06 
1197.11 2.55829e-06 
1197.12 2.53762e-06 
1197.13 2.51666e-06 
1197.14 2.49542e-06 
1197.15 2.47392e-06 
1197.16 2.45218e-06 
1197.17 2.4302e-06 
1197.18 2.40801e-06 
1197.19 2.38562e-06 
1197.2 2.36304e-06 
1197.21 2.34028e-06 
1197.22 2.31736e-06 
1197.23 2.29402e-06 
1197.24 2.27082e-06 
1197.25 2.24751e-06 
1197.26 2.22409e-06 
1197.27 2.20059e-06 
1197.28 2.177e-06 
1197.29 2.15336e-06 
1197.3 2.12967e-06 
1197.31 2.10594e-06 
1197.32 2.08219e-06 
1197.33 2.05844e-06 
1197.34 2.03469e-06 
1197.35 2.01096e-06 
1197.36 1.98726e-06 
1197.37 1.9636e-06 
1197.38 1.93999e-06 
1197.39 1.91646e-06 
1197.4 1.893e-06 
1197.41 1.86963e-06 
1197.42 1.84637e-06 
1197.43 1.82322e-06 
1197.44 1.80019e-06 
1197.45 1.7773e-06 
1197.45 1.75455e-06 
1197.46 1.73195e-06 
1197.47 1.70952e-06 
1197.48 1.687e-06 
1197.49 1.66493e-06 
1197.5 1.64304e-06 
1197.51 1.62136e-06 
1197.52 1.59988e-06 
1197.53 1.57862e-06 
1197.54 1.55758e-06 
1197.55 1.53677e-06 
1197.56 1.5162e-06 
1197.57 1.49587e-06 
1197.58 1.47579e-06 
1197.59 1.45596e-06 
1197.6 1.4364e-06 
1197.61 1.41797e-06 
1197.62 1.39893e-06 
1197.63 1.38017e-06 
1197.64 1.36168e-06 
1197.65 1.34348e-06 
1197.66 1.32557e-06 
1197.67 1.30795e-06 
1197.68 1.29062e-06 
1197.69 1.27359e-06 
1197.7 1.25686e-06 
1197.71 1.24044e-06 
1197.72 1.22431e-06 
1197.73 1.20832e-06 
1197.74 1.19282e-06 
1197.75 1.17762e-06 
1197.76 1.16274e-06 
1197.77 1.14817e-06 
1197.78 1.13392e-06 
1197.79 1.11998e-06 
1197.8 1.10635e-06 
1197.81 1.09304e-06 
1197.82 1.08004e-06 
1197.83 1.06737e-06 
1197.84 1.055e-06 
1197.85 1.04296e-06 
1197.86 1.03123e-06 
1197.87 1.01981e-06 
1197.88 1.00872e-06 
1197.88 9.97934e-07 
1197.89 9.8747e-07 
1197.9 9.77322e-07 
1197.91 9.67491e-07 
1197.92 9.57976e-07 
1197.93 9.4878e-07 
1197.94 9.39899e-07 
1197.95 9.31337e-07 
1197.96 9.23093e-07 
1197.97 9.15168e-07 
1197.98 9.07487e-07 
1197.99 9.00209e-07 
1198 8.93252e-07 
1198.01 8.8662e-07 
1198.02 8.80314e-07 
1198.03 8.74338e-07 
1198.04 8.68693e-07 
1198.05 8.63382e-07 
1198.06 8.58409e-07 
1198.07 8.53777e-07 
1198.08 8.49489e-07 
1198.09 8.45552e-07 
1198.1 8.41969e-07 
1198.11 8.38745e-07 
1198.12 8.35888e-07 
1198.13 8.33403e-07 
1198.14 8.31297e-07 
1198.15 8.29577e-07 
1198.16 8.28252e-07 
1198.17 8.27328e-07 
1198.18 8.26818e-07 
1198.19 8.26729e-07 
1198.2 8.27071e-07 
1198.21 8.27856e-07 
1198.22 8.29096e-07 
1198.23 8.30844e-07 
1198.24 8.33036e-07 
1198.25 8.35721e-07 
1198.26 8.38914e-07 
1198.27 8.42628e-07 
1198.28 8.4688e-07 
1198.29 8.51687e-07 
1198.3 8.57064e-07 
1198.3 8.63029e-07 
1198.31 8.69601e-07 
1198.32 8.76799e-07 
1198.33 8.84641e-07 
1198.34 8.93149e-07 
1198.35 9.02344e-07 
1198.36 9.12246e-07 
1198.37 9.22878e-07 
1198.38 9.34262e-07 
1198.39 9.46422e-07 
1198.4 9.59382e-07 
1198.41 9.73165e-07 
1198.42 9.87796e-07 
1198.43 1.0033e-06 
1198.44 1.01971e-06 
1198.45 1.03704e-06 
1198.46 1.05532e-06 
1198.47 1.07458e-06 
1198.48 1.09513e-06 
1198.49 1.11644e-06 
1198.5 1.13882e-06 
1198.51 1.16228e-06 
1198.52 1.18685e-06 
1198.53 1.21257e-06 
1198.54 1.23947e-06 
1198.55 1.26755e-06 
1198.56 1.29687e-06 
1198.57 1.32743e-06 
1198.58 1.35928e-06 
1198.59 1.39243e-06 
1198.6 1.42691e-06 
1198.61 1.46364e-06 
1198.62 1.50088e-06 
1198.63 1.53952e-06 
1198.64 1.57958e-06 
1198.65 1.6211e-06 
1198.66 1.66409e-06 
1198.67 1.70857e-06 
1198.68 1.75455e-06 
1198.69 1.80206e-06 
1198.7 1.85112e-06 
1198.71 1.90174e-06 
1198.72 1.95392e-06 
1198.73 2.00839e-06 
1198.73 2.06377e-06 
1198.74 2.12075e-06 
1198.75 2.17934e-06 
1198.76 2.23954e-06 
1198.77 2.30136e-06 
1198.78 2.36479e-06 
1198.79 2.42983e-06 
1198.8 2.49649e-06 
1198.81 2.56474e-06 
1198.82 2.63459e-06 
1198.83 2.70601e-06 
1198.84 2.77901e-06 
1198.85 2.85356e-06 
1198.86 2.92964e-06 
1198.87 3.00722e-06 
1198.88 3.0863e-06 
1198.89 3.16682e-06 
1198.9 3.24878e-06 
1198.91 3.33212e-06 
1198.92 3.41682e-06 
1198.93 3.50284e-06 
1198.94 3.59013e-06 
1198.95 3.67864e-06 
1198.96 3.76834e-06 
1198.97 3.85916e-06 
1198.98 3.95223e-06 
1198.99 4.04516e-06 
1199 4.13903e-06 
1199.01 4.2338e-06 
1199.02 4.32939e-06 
1199.03 4.42573e-06 
1199.04 4.52277e-06 
1199.05 4.6204e-06 
1199.06 4.71856e-06 
1199.07 4.81717e-06 
1199.08 4.91616e-06 
1199.09 5.01542e-06 
1199.1 5.11488e-06 
1199.11 5.21445e-06 
1199.12 5.31404e-06 
1199.13 5.41354e-06 
1199.14 5.51287e-06 
1199.15 5.61193e-06 
1199.15 5.71061e-06 
1199.16 5.80883e-06 
1199.17 5.90648e-06 
1199.18 6.00345e-06 
1199.19 6.09965e-06 
1199.2 6.19497e-06 
1199.21 6.28931e-06 
1199.22 6.38371e-06 
1199.23 6.47576e-06 
1199.24 6.56649e-06 
1199.25 6.65582e-06 
1199.26 6.74363e-06 
1199.27 6.82984e-06 
1199.28 6.91432e-06 
1199.29 6.99698e-06 
1199.3 7.07773e-06 
1199.31 7.15645e-06 
1199.32 7.23304e-06 
1199.33 7.30742e-06 
1199.34 7.37951e-06 
1199.35 7.44917e-06 
1199.36 7.51635e-06 
1199.37 7.58095e-06 
1199.38 7.64287e-06 
1199.39 7.70206e-06 
1199.4 7.75841e-06 
1199.41 7.81186e-06 
1199.42 7.86234e-06 
1199.43 7.90976e-06 
1199.44 7.95409e-06 
1199.45 7.99524e-06 
1199.46 8.03315e-06 
1199.47 8.06778e-06 
1199.48 8.09947e-06 
1199.49 8.12735e-06 
1199.5 8.15181e-06 
1199.51 8.17282e-06 
1199.52 8.19034e-06 
1199.53 8.20435e-06 
1199.54 8.21482e-06 
1199.55 8.22174e-06 
1199.56 8.22509e-06 
1199.57 8.22487e-06 
1199.58 8.22106e-06 
1199.58 8.21368e-06 
1199.59 8.20274e-06 
1199.6 8.18823e-06 
1199.61 8.1752e-06 
1199.62 8.15362e-06 
1199.63 8.12854e-06 
1199.64 8.09999e-06 
1199.65 8.068e-06 
1199.66 8.03263e-06 
1199.67 7.99391e-06 
1199.68 7.95188e-06 
1199.69 7.90661e-06 
1199.7 7.85813e-06 
1199.71 7.80653e-06 
1199.72 7.75186e-06 
1199.73 7.69344e-06 
1199.74 7.6328e-06 
1199.75 7.56931e-06 
1199.76 7.50304e-06 
1199.77 7.43407e-06 
1199.78 7.36249e-06 
1199.79 7.2884e-06 
1199.8 7.21185e-06 
1199.81 7.13297e-06 
1199.82 7.05184e-06 
1199.83 6.96855e-06 
1199.84 6.88321e-06 
1199.85 6.79591e-06 
1199.86 6.70676e-06 
1199.87 6.61585e-06 
1199.88 6.52328e-06 
1199.89 6.42918e-06 
1199.9 6.33362e-06 
1199.91 6.23673e-06 
1199.92 6.1386e-06 
1199.93 6.03935e-06 
1199.94 5.93907e-06 
1199.95 5.83788e-06 
1199.96 5.73586e-06 
1199.97 5.63314e-06 
1199.98 5.52851e-06 
1199.99 5.42466e-06 
1200 5.3204e-06 
1200.01 5.21584e-06 
1200.01 5.11107e-06 
1200.02 5.00618e-06 
1200.03 4.90127e-06 
1200.04 4.79643e-06 
1200.05 4.69176e-06 
1200.06 4.58733e-06 
1200.07 4.48325e-06 
1200.08 4.37958e-06 
1200.09 4.27641e-06 
1200.1 4.17382e-06 
1200.11 4.07188e-06 
1200.12 3.97067e-06 
1200.13 3.87026e-06 
1200.14 3.77071e-06 
1200.15 3.6721e-06 
1200.16 3.57448e-06 
1200.17 3.47791e-06 
1200.18 3.38245e-06 
1200.19 3.28814e-06 
1200.2 3.19505e-06 
1200.21 3.10321e-06 
1200.22 3.01269e-06 
1200.23 2.92239e-06 
1200.24 2.8346e-06 
1200.25 2.74822e-06 
1200.26 2.6633e-06 
1200.27 2.57985e-06 
1200.28 2.49791e-06 
1200.29 2.4175e-06 
1200.3 2.33863e-06 
1200.31 2.26134e-06 
1200.32 2.18563e-06 
1200.33 2.11151e-06 
1200.34 2.03901e-06 
1200.35 1.96812e-06 
1200.36 1.89884e-06 
1200.37 1.8312e-06 
1200.38 1.76518e-06 
1200.39 1.70078e-06 
1200.4 1.638e-06 
1200.41 1.57685e-06 
1200.42 1.5173e-06 
1200.43 1.45935e-06 
1200.43 1.40299e-06 
1200.44 1.34821e-06 
1200.45 1.29499e-06 
1200.46 1.24331e-06 
1200.47 1.19318e-06 
1200.48 1.14395e-06 
1200.49 1.09684e-06 
1200.5 1.0512e-06 
1200.51 1.00701e-06 
1200.52 9.64248e-07 
1200.53 9.22894e-07 
1200.54 8.8292e-07 
1200.55 8.44303e-07 
1200.56 8.07015e-07 
1200.57 7.71032e-07 
1200.58 7.36326e-07 
1200.59 7.02869e-07 
1200.6 6.70635e-07 
1200.61 6.39987e-07 
1200.62 6.10094e-07 
1200.63 5.81338e-07 
1200.64 5.53692e-07 
1200.65 5.27126e-07 
1200.66 5.01611e-07 
1200.67 4.7712e-07 
1200.68 4.53623e-07 
1200.69 4.31091e-07 
1200.7 4.09496e-07 
1200.71 3.88811e-07 
1200.72 3.69005e-07 
1200.73 3.49822e-07 
1200.74 3.31706e-07 
1200.75 3.14388e-07 
1200.76 2.97843e-07 
1200.77 2.82042e-07 
1200.78 2.66961e-07 
1200.79 2.52574e-07 
1200.8 2.38856e-07 
1200.81 2.25783e-07 
1200.82 2.1333e-07 
1200.83 2.01475e-07 
1200.84 1.90194e-07 
1200.85 1.79465e-07 
1200.85 1.69265e-07 
1200.86 1.59575e-07 
1200.87 1.50372e-07 
1200.88 1.41637e-07 
1200.89 1.3335e-07 
1200.9 1.25493e-07 
1200.91 1.18045e-07 
1200.92 1.10991e-07 
1200.93 1.04311e-07 
1200.94 9.79901e-08 
1200.95 9.20111e-08 
1200.96 8.63586e-08 
1200.97 8.10172e-08 
1200.98 7.59112e-08 
1200.99 7.11524e-08 
1201 6.66622e-08 
1201.01 6.24277e-08 
1201.02 5.84361e-08 
1201.03 5.46755e-08 
1201.04 5.1134e-08 
1201.05 4.78008e-08 
1201.06 4.46649e-08 
1201.07 4.17162e-08 
1201.08 3.89449e-08 
1201.09 3.63415e-08 
1201.1 3.38971e-08 
1201.11 3.1603e-08 
1201.12 2.94511e-08 
1201.13 2.74335e-08 
1201.14 2.55427e-08 
1201.15 2.37717e-08 
1201.16 2.21137e-08 
1201.17 2.05622e-08 
1201.18 1.9111e-08 
1201.19 1.77543e-08 
1201.2 1.64866e-08 
1201.21 1.53027e-08 
1201.22 1.41974e-08 
1201.23 1.31537e-08 
1201.24 1.21927e-08 
1201.25 1.12969e-08 
1201.26 1.04623e-08 
1201.27 9.68501e-09 
1201.28 8.9615e-09 
1201.28 8.28835e-09 
1201.29 7.66236e-09 
1201.3 7.0805e-09 
1201.31 6.53991e-09 
1201.32 6.03792e-09 
1201.33 5.57197e-09 
1201.34 5.1397e-09 
1201.35 4.73885e-09 
1201.36 4.36732e-09 
1201.37 4.02314e-09 
1201.38 3.70442e-09 
1201.39 3.40945e-09 
1201.4 3.13656e-09 
1201.41 2.88423e-09 
1201.42 2.65103e-09 
1201.43 2.43559e-09 
1201.44 2.23667e-09 
1201.45 2.05308e-09 
1201.46 1.88373e-09 
1201.47 1.72757e-09 
1201.48 1.58193e-09 
1201.49 1.44949e-09 
1201.5 1.32756e-09 
1201.51 1.21533e-09 
1201.52 1.11211e-09 
1201.53 1.01719e-09 
1201.54 9.29964e-10 
1201.55 8.49839e-10 
1201.56 7.76272e-10 
1201.57 7.08759e-10 
1201.58 6.46829e-10 
1201.59 5.90048e-10 
1201.6 5.38013e-10 
1201.61 4.90648e-10 
1201.62 4.46981e-10 
1201.63 4.07019e-10 
1201.64 3.70464e-10 
1201.65 3.37043e-10 
1201.66 3.06501e-10 
1201.67 2.78602e-10 
1201.68 2.53131e-10 
1201.69 2.29885e-10 
1201.7 2.08682e-10 
1201.7 1.8935e-10 
1201.71 1.71732e-10 
1201.72 1.55494e-10 
1201.73 1.409e-10 
1201.74 1.27619e-10 
1201.75 1.15539e-10 
1201.76 1.04556e-10 
1201.77 9.45744e-11 
1201.78 8.5508e-11 
1201.79 7.72764e-11 
1201.8 6.9806e-11 
1201.81 6.30299e-11 
1201.82 5.68862e-11 
1201.83 5.13185e-11 
1201.84 4.62752e-11 
1201.85 4.17089e-11 
1201.86 3.75765e-11 
1201.87 3.38385e-11 
1201.88 3.04588e-11 
1201.89 2.74045e-11 
1201.9 2.46454e-11 
1201.91 2.21543e-11 
1201.92 1.99062e-11 
1201.93 1.78782e-11 
1201.94 1.60497e-11 
1201.95 1.44018e-11 
1201.96 1.29173e-11 
1201.97 1.15807e-11 
1201.98 1.03635e-11 
1201.99 9.28289e-12 
1202 8.31122e-12 
1202.01 7.43794e-12 
1202.02 6.65347e-12 
1202.03 5.94908e-12 
1202.04 5.3169e-12 
1202.05 4.74979e-12 
1202.06 4.24128e-12 
1202.07 3.78553e-12 
1202.08 3.37725e-12 
1202.09 3.01166e-12 
1202.1 2.68445e-12 
1202.11 2.39173e-12 
1202.12 2.12998e-12 
1202.13 1.89604e-12 
1202.13 1.68704e-12 
1202.14 1.50041e-12 
1202.15 1.33383e-12 
1202.16 1.18522e-12 
1202.17 1.0527e-12 
1202.18 9.34576e-13 
1202.19 8.29341e-13 
1202.2 7.35629e-13 
1202.21 6.52216e-13 
1202.22 5.77179e-13 
1202.23 5.11231e-13 
1202.24 4.52655e-13 
1202.25 4.00613e-13 
1202.26 3.54396e-13 
1202.27 3.13372e-13 
1202.28 2.76973e-13 
1202.29 2.44694e-13 
1202.3 2.1608e-13 
1202.31 1.90727e-13 
1202.32 1.68275e-13 
1202.33 1.48399e-13 
1202.34 1.30813e-13 
1202.35 1.15259e-13 
1202.36 1.0151e-13 
1202.37 8.93611e-14 
1202.38 7.86311e-14 
1202.39 6.91589e-14 
1202.4 6.08007e-14 
1202.41 5.34288e-14 
1202.42 4.69299e-14 
1202.43 4.12031e-14 
1202.44 3.61591e-14 
1202.45 3.17185e-14 
1202.46 2.78108e-14 
1202.47 2.43737e-14 
1202.48 2.13166e-14 
1202.49 1.86654e-14 
1202.5 1.63367e-14 
1202.51 1.42921e-14 
1202.52 1.24979e-14 
1202.53 1.09241e-14 
1202.54 9.54416e-15 
1202.55 8.33486e-15 
1202.56 7.27555e-15 
1202.56 6.34805e-15 
1202.57 5.53632e-15 
1202.58 4.82625e-15 
1202.59 4.20538e-15 
1202.6 3.66274e-15 
1202.61 3.19067e-15 
1202.62 2.7765e-15 
1202.63 2.41501e-15 
1202.64 2.09966e-15 
1202.65 1.82467e-15 
1202.66 1.585e-15 
1202.67 1.37619e-15 
1202.68 1.19436e-15 
1202.69 1.03609e-15 
1202.7 8.98397e-16 
1202.71 7.78656e-16 
1202.72 6.74575e-16 
1202.73 5.83094e-16 
1202.74 5.04701e-16 
1202.75 4.36653e-16 
1202.76 3.77612e-16 
1202.77 3.26408e-16 
1202.78 2.82023e-16 
1202.79 2.43565e-16 
1202.8 2.10257e-16 
1202.81 1.81424e-16 
1202.82 1.56475e-16 
1202.83 1.34897e-16 
1202.84 1.16243e-16 
1202.85 1.00124e-16 
1202.86 8.62014e-17 
1202.87 7.41821e-17 
1202.88 6.38103e-17 
1202.89 5.48642e-17 
1202.9 4.71513e-17 
1202.91 4.05048e-17 
1202.92 3.47796e-17 
1202.93 2.98505e-17 
1202.94 2.56085e-17 
1202.95 2.19595e-17 
1202.96 1.88222e-17 
1202.97 1.61259e-17 
1202.98 1.38097e-17 
1202.98 1.17979e-17 
1202.99 1.00943e-17 
1203 8.63284e-18 
1203.01 7.3797e-18 
1203.02 6.30567e-18 
1203.03 5.38554e-18 
1203.04 4.59765e-18 
1203.05 3.92327e-18 
1203.06 3.34632e-18 
1203.07 2.85295e-18 
1203.08 2.43124e-18 
1203.09 2.07094e-18 
1203.1 1.76325e-18 
1203.11 1.50061e-18 
1203.12 1.27652e-18 
1203.13 1.08541e-18 
1203.14 9.22507e-19 
1203.15 7.83702e-19 
1203.16 6.65486e-19 
1203.17 5.64851e-19 
1203.18 4.7922e-19 
1203.19 4.06391e-19 
1203.2 3.44476e-19 
1203.21 2.91865e-19 
1203.22 2.47179e-19 
1203.23 2.08805e-19 
1203.24 1.76678e-19 
1203.25 1.49427e-19 
1203.26 1.26323e-19 
1203.27 1.06744e-19 
1203.28 9.01596e-20 
1203.29 7.61179e-20 
1203.3 6.42346e-20 
1203.31 5.41822e-20 
1203.32 4.56828e-20 
1203.33 3.84995e-20 
1203.34 3.24313e-20 
1203.35 2.73074e-20 
1203.36 2.29828e-20 
1203.37 1.93345e-20 
1203.38 1.62581e-20 
1203.39 1.36651e-20 
1203.4 1.14805e-20 
1203.41 9.64095e-21 
1203.41 8.09252e-21 
1203.42 6.78976e-21 
1203.43 5.69419e-21 
1203.44 4.77328e-21 
1203.45 3.99952e-21 
1203.46 3.3497e-21 
1203.47 2.80422e-21 
1203.48 2.34129e-21 
1203.49 1.95827e-21 
1203.5 1.63718e-21 
1203.51 1.36812e-21 
1203.52 1.14278e-21 
1203.53 9.54129e-22 
1203.54 7.96265e-22 
1203.55 6.64225e-22 
1203.56 5.53834e-22 
1203.57 4.61585e-22 
1203.58 3.84529e-22 
1203.59 3.20195e-22 
1203.6 2.66506e-22 
1203.61 2.21856e-22 
1203.62 1.84492e-22 
1203.63 1.53352e-22 
1203.64 1.27412e-22 
1203.65 1.05812e-22 
1203.66 8.78354e-23 
1203.67 7.28802e-23 
1203.68 6.04445e-23 
1203.69 5.01084e-23 
1203.7 4.15213e-23 
1203.71 3.43905e-23 
1203.72 2.84717e-23 
1203.73 2.35053e-23 
1203.74 1.94425e-23 
1203.75 1.60748e-23 
1203.76 1.32845e-23 
1203.77 1.09736e-23 
1203.78 9.06075e-24 
1203.79 7.47798e-24 
1203.8 6.16896e-24 
1203.81 5.08681e-24 
1203.82 4.19263e-24 
1203.83 3.4541e-24 
1203.83 2.84439e-24 
1203.84 2.34127e-24 
1203.85 1.92628e-24 
1203.86 1.58414e-24 
1203.87 1.3022e-24 
1203.88 1.06996e-24 
1203.89 8.78743e-25 
1203.9 7.21381e-25 
1203.91 5.91936e-25 
1203.92 4.85502e-25 
1203.93 3.98029e-25 
1203.94 3.26171e-25 
1203.95 2.67167e-25 
1203.96 2.18739e-25 
1203.97 1.7901e-25 
1203.98 1.46064e-25 
1203.99 1.19428e-25 
1204 9.7606e-26 
1204.01 7.97357e-26 
1204.02 6.51082e-26 
1204.03 5.31406e-26 
1204.04 4.33534e-26 
1204.05 3.53531e-26 
1204.06 2.88163e-26 
1204.07 2.34777e-26 
1204.08 1.91197e-26 
1204.09 1.55637e-26 
1204.1 1.26634e-26 
1204.11 1.0299e-26 
1204.12 8.37239e-27 
1204.13 6.80313e-27 
1204.14 5.52554e-27 
1204.15 4.48589e-27 
1204.16 3.64023e-27 
1204.17 2.95267e-27 
1204.18 2.39392e-27 
1204.19 1.94004e-27 
1204.2 1.57152e-27 
1204.21 1.27243e-27 
1204.22 1.02981e-27 
1204.23 8.30869e-28 
1204.24 6.7184e-28 
1204.25 5.43008e-28 
1204.26 4.38686e-28 
1204.26 3.54249e-28 
1204.27 2.85936e-28 
1204.28 2.30695e-28 
1204.29 1.86043e-28 
1204.3 1.49967e-28 
1204.31 1.20833e-28 
1204.32 9.73154e-29 
1204.33 7.83402e-29 
1204.34 6.30369e-29 
1204.35 5.07005e-29 
1204.36 4.07603e-29 
1204.37 3.27543e-29 
1204.38 2.63092e-29 
1204.39 2.11229e-29 
1204.4 1.69514e-29 
1204.41 1.35977e-29 
1204.42 1.09026e-29 
1204.43 8.73788e-30 
1204.44 6.99982e-30 
1204.45 5.60499e-30 
1204.46 4.48611e-30 
1204.47 3.58899e-30 
1204.48 2.86198e-30 
1204.49 2.28761e-30 
1204.5 1.82769e-30 
1204.51 1.45959e-30 
1204.52 1.16511e-30 
1204.53 9.29631e-31 
1204.54 7.41413e-31 
1204.55 5.91042e-31 
1204.56 4.70959e-31 
1204.57 3.75106e-31 
1204.58 2.9863e-31 
1204.59 2.3764e-31 
1204.6 1.89023e-31 
1204.61 1.50285e-31 
1204.62 1.19506e-31 
1204.63 9.49303e-32 
1204.64 7.53751e-32 
1204.65 5.98217e-32 
1204.66 4.74566e-32 
1204.67 3.76307e-32 
1204.68 2.9826e-32 
1204.68 2.36296e-32 
1204.69 1.87121e-32 
1204.7 1.48115e-32 
1204.71 1.17188e-32 
1204.72 9.24056e-33 
1204.73 7.30456e-33 
1204.74 5.77162e-33 
1204.75 4.55837e-33 
1204.76 3.59856e-33 
1204.77 2.83959e-33 
1204.78 2.2397e-33 
1204.79 1.76576e-33 
1204.8 1.3915e-33 
1204.81 1.09608e-33 
1204.82 8.62996e-34 
1204.83 6.79178e-34 
1204.84 5.34277e-34 
1204.85 4.20104e-34 
1204.86 3.30184e-34 
1204.87 2.59396e-34 
1204.88 2.03695e-34 
1204.89 1.59884e-34 
1204.9 1.2544e-34 
1204.91 9.83734e-35 
1204.92 7.71131e-35 
1204.93 6.04208e-35 
1204.94 4.7321e-35 
1204.95 3.7045e-35 
1204.96 2.89878e-35 
1204.97 2.2673e-35 
1204.98 1.76716e-35 
1204.99 1.38098e-35 
1205 1.07871e-35 
1205.01 8.42239e-36 
1205.02 6.57316e-36 
1205.03 5.1277e-36 
1205.04 3.99835e-36 
1205.05 3.11638e-36 
1205.06 2.42789e-36 
1205.07 1.89068e-36 
1205.08 1.47169e-36 
1205.09 1.14506e-36 
1205.1 8.90528e-37 
1205.11 6.92276e-37 
1205.11 5.37926e-37 
1205.12 4.17808e-37 
1205.13 3.24372e-37 
1205.14 2.51722e-37 
1205.15 1.95259e-37 
1205.16 1.51395e-37 
1205.17 1.17335e-37 
1205.18 9.0898e-38 
1205.19 7.03874e-38 
1205.2 5.44815e-38 
1205.21 4.21518e-38 
1205.22 3.25062e-38 
1205.23 2.51186e-38 
1205.24 1.9409e-38 
1205.25 1.49909e-38 
1205.26 1.15735e-38 
1205.27 8.93143e-39 
1205.28 6.88957e-39 
1205.29 5.31227e-39 
1205.3 4.09435e-39 
1205.31 3.15434e-39 
1205.32 2.42912e-39 
1205.33 1.86986e-39 
1205.34 1.43876e-39 
1205.35 1.10659e-39 
1205.36 8.50765e-40 
1205.37 6.53809e-40 
1205.38 5.02244e-40 
1205.39 3.85656e-40 
1205.4 2.96013e-40 
1205.41 2.27114e-40 
1205.42 1.74181e-40 
1205.43 1.33534e-40 
1205.44 1.02328e-40 
1205.45 7.83844e-41 
1205.46 6.00232e-41 
1205.47 4.5943e-41 
1205.48 3.50479e-41 
1205.49 2.67956e-41 
1205.5 2.04856e-41 
1205.51 1.56539e-41 
1205.52 1.19601e-41 
1205.53 9.13506e-42 
1205.54 6.97286e-42 
1205.54 5.32073e-42 
1205.55 4.05816e-42 
1205.56 3.09407e-42 
1205.57 2.35839e-42 
1205.58 1.79787e-42 
1205.59 1.36907e-42 
1205.6 1.04397e-42 
1205.61 7.95938e-43 
1205.62 6.0396e-43 
1205.63 4.59626e-43 
1205.64 3.50325e-43 
1205.65 2.66247e-43 
1205.66 2.01787e-43 
1205.67 1.54143e-43 
1205.68 1.16308e-43 
1205.69 8.82818e-44 
1205.7 6.72623e-44 
1205.71 5.04467e-44 
1205.72 3.78351e-44 
1205.73 2.94273e-44 
1205.74 2.24208e-44 
1205.75 1.68156e-44 
1205.76 1.26117e-44 
1205.77 9.80909e-45 
1205.78 8.40779e-45 
1205.79 5.60519e-45 
1205.8 2.8026e-45 
1205.81 2.8026e-45 
1205.82 2.8026e-45 
1205.83 1.4013e-45 
1205.84 1.4013e-45 
1205.85 1.4013e-45 
1205.86 1.4013e-45 
1205.87 0 
1205.88 0 
1205.89 0 
1205.9 0 
1205.91 0 
1205.92 0 
1205.93 0 
1205.94 0 
1205.95 0 
1205.96 0 
1205.96 0 
1205.97 0 
1205.98 0 
1205.99 0 
1206 0 
1206.01 0 
1206.02 0 
1206.03 0 
1206.04 0 
1206.05 0 
1206.06 0 
1206.07 0 
1206.08 0 
1206.09 0 
1206.1 0 
1206.11 0 
1206.12 0 
1206.13 0 
1206.14 0 
1206.15 0 
1206.16 0 
1206.17 0 
1206.18 0 
1206.19 0 
1206.2 0 
1206.21 0 
1206.22 0 
1206.23 0 
1206.24 0 
1206.25 0 
1206.26 0 
1206.27 0 
1206.28 0 
1206.29 0 
1206.3 0 
1206.31 0 
1206.32 0 
1206.33 0 
1206.34 0 
1206.35 0 
1206.36 0 
1206.37 0 
1206.38 0 
1206.39 0 
1206.39 0 
1206.4 0 
1206.41 0 
1206.42 0 
1206.43 0 
1206.44 0 
1206.45 0 
1206.46 0 
1206.47 0 
1206.48 0 
1206.49 0 
1206.5 0 
1206.51 0 
1206.52 0 
1206.53 0 
1206.54 0 
1206.55 0 
1206.56 0 
1206.57 0 
1206.58 0 
1206.59 0 
1206.6 0 
