#energy geo_1 
1186.6 0 
1186.61 0 
1186.62 0 
1186.63 0 
1186.64 0 
1186.65 0 
1186.66 0 
1186.67 0 
1186.68 0 
1186.69 0 
1186.7 0 
1186.71 0 
1186.72 0 
1186.73 0 
1186.74 0 
1186.75 0 
1186.76 0 
1186.77 0 
1186.78 0 
1186.79 0 
1186.8 0 
1186.81 0 
1186.81 0 
1186.82 0 
1186.83 0 
1186.84 0 
1186.85 0 
1186.86 0 
1186.87 0 
1186.88 0 
1186.89 0 
1186.9 0 
1186.91 0 
1186.92 0 
1186.93 0 
1186.94 0 
1186.95 0 
1186.96 0 
1186.97 0 
1186.98 0 
1186.99 0 
1187 0 
1187.01 0 
1187.02 0 
1187.03 0 
1187.04 0 
1187.05 0 
1187.06 0 
1187.07 0 
1187.08 0 
1187.09 0 
1187.1 0 
1187.11 0 
1187.12 0 
1187.13 0 
1187.14 0 
1187.15 0 
1187.16 0 
1187.17 0 
1187.18 0 
1187.19 0 
1187.2 0 
1187.21 0 
1187.22 0 
1187.23 0 
1187.24 0 
1187.24 0 
1187.25 0 
1187.26 0 
1187.27 0 
1187.28 0 
1187.29 0 
1187.3 0 
1187.31 0 
1187.32 0 
1187.33 0 
1187.34 0 
1187.35 0 
1187.36 0 
1187.37 0 
1187.38 0 
1187.39 0 
1187.4 0 
1187.41 0 
1187.42 0 
1187.43 0 
1187.44 0 
1187.45 0 
1187.46 0 
1187.47 0 
1187.48 0 
1187.49 0 
1187.5 0 
1187.51 0 
1187.52 0 
1187.53 0 
1187.54 0 
1187.55 0 
1187.56 0 
1187.57 0 
1187.58 0 
1187.59 0 
1187.6 0 
1187.61 1.4013e-45 
1187.62 1.4013e-45 
1187.63 1.4013e-45 
1187.64 1.4013e-45 
1187.65 1.4013e-45 
1187.66 2.8026e-45 
1187.66 2.8026e-45 
1187.67 2.8026e-45 
1187.68 4.2039e-45 
1187.69 5.60519e-45 
1187.7 7.00649e-45 
1187.71 8.40779e-45 
1187.72 9.80909e-45 
1187.73 1.4013e-44 
1187.74 1.68156e-44 
1187.75 2.10195e-44 
1187.76 2.66247e-44 
1187.77 3.36312e-44 
1187.78 4.2039e-44 
1187.79 5.32493e-44 
1187.8 6.72623e-44 
1187.81 8.40779e-44 
1187.82 1.06499e-43 
1187.83 1.34525e-43 
1187.84 1.66755e-43 
1187.85 2.11596e-43 
1187.86 2.66247e-43 
1187.87 3.3491e-43 
1187.88 4.2039e-43 
1187.89 5.26888e-43 
1187.9 6.62814e-43 
1187.91 8.3097e-43 
1187.92 1.04257e-42 
1187.93 1.30741e-42 
1187.94 1.63812e-42 
1187.95 2.0529e-42 
1187.96 2.57138e-42 
1187.97 3.21878e-42 
1187.98 4.03994e-42 
1187.99 5.05448e-42 
1188 6.32126e-42 
1188.01 7.90332e-42 
1188.02 9.87775e-42 
1188.03 1.23426e-41 
1188.04 1.54129e-41 
1188.05 1.92412e-41 
1188.06 2.40127e-41 
1188.07 2.99556e-41 
1188.08 3.73572e-41 
1188.09 4.65694e-41 
1188.09 5.80334e-41 
1188.1 7.22902e-41 
1188.11 9.00208e-41 
1188.12 1.12059e-40 
1188.13 1.39439e-40 
1188.14 1.73449e-40 
1188.15 2.15675e-40 
1188.16 2.68084e-40 
1188.17 3.33108e-40 
1188.18 4.13754e-40 
1188.19 5.13738e-40 
1188.2 6.37652e-40 
1188.21 7.91169e-40 
1188.22 9.81289e-40 
1188.23 1.21993e-39 
1188.24 1.51198e-39 
1188.25 1.87327e-39 
1188.26 2.32005e-39 
1188.27 2.87235e-39 
1188.28 3.55484e-39 
1188.29 4.39791e-39 
1188.3 5.43894e-39 
1188.31 6.72396e-39 
1188.32 8.30958e-39 
1188.33 1.02654e-38 
1188.34 1.2677e-38 
1188.35 1.56494e-38 
1188.36 1.93118e-38 
1188.37 2.38227e-38 
1188.38 2.93765e-38 
1188.39 3.62121e-38 
1188.4 4.46221e-38 
1188.41 5.49653e-38 
1188.42 6.76816e-38 
1188.43 8.33096e-38 
1188.44 1.02509e-37 
1188.45 1.26088e-37 
1188.46 1.55033e-37 
1188.47 1.90555e-37 
1188.48 2.34734e-37 
1188.49 2.88307e-37 
1188.5 3.53978e-37 
1188.51 4.34452e-37 
1188.52 5.33027e-37 
1188.52 6.53731e-37 
1188.53 8.01479e-37 
1188.54 9.82263e-37 
1188.55 1.20339e-36 
1188.56 1.47376e-36 
1188.57 1.80423e-36 
1188.58 2.208e-36 
1188.59 2.70115e-36 
1188.6 3.3053e-36 
1188.61 4.0406e-36 
1188.62 4.93769e-36 
1188.63 6.03177e-36 
1188.64 7.36561e-36 
1188.65 8.99114e-36 
1188.66 1.09714e-35 
1188.67 1.33831e-35 
1188.68 1.63189e-35 
1188.69 1.98915e-35 
1188.7 2.42375e-35 
1188.71 2.95224e-35 
1188.72 3.59465e-35 
1188.73 4.38603e-35 
1188.74 5.33655e-35 
1188.75 6.49072e-35 
1188.76 7.89165e-35 
1188.77 9.59147e-35 
1188.78 1.16532e-34 
1188.79 1.4153e-34 
1188.8 1.71828e-34 
1188.81 2.08537e-34 
1188.82 2.52997e-34 
1188.83 3.06824e-34 
1188.84 3.71969e-34 
1188.85 4.50782e-34 
1188.86 5.46096e-34 
1188.87 6.61325e-34 
1188.88 8.00577e-34 
1188.89 9.688e-34 
1188.9 1.17195e-33 
1188.91 1.41718e-33 
1188.92 1.7131e-33 
1188.93 2.07007e-33 
1188.94 2.50052e-33 
1188.94 3.01938e-33 
1188.95 3.64459e-33 
1188.96 4.39766e-33 
1188.97 5.30442e-33 
1188.98 6.41079e-33 
1188.99 7.727e-33 
1189 9.31008e-33 
1189.01 1.12134e-32 
1189.02 1.3501e-32 
1189.03 1.62494e-32 
1189.04 1.95502e-32 
1189.05 2.35129e-32 
1189.06 2.82687e-32 
1189.07 3.39741e-32 
1189.08 4.08162e-32 
1189.09 4.90184e-32 
1189.1 5.88477e-32 
1189.11 7.06224e-32 
1189.12 8.47224e-32 
1189.13 1.01601e-31 
1189.14 1.21797e-31 
1189.15 1.45956e-31 
1189.16 1.74843e-31 
1189.17 2.09372e-31 
1189.18 2.50629e-31 
1189.19 2.99906e-31 
1189.2 3.58743e-31 
1189.21 4.28967e-31 
1189.22 5.12753e-31 
1189.23 6.14044e-31 
1189.24 7.33444e-31 
1189.25 8.75743e-31 
1189.26 1.04527e-30 
1189.27 1.24717e-30 
1189.28 1.48752e-30 
1189.29 1.77355e-30 
1189.3 2.11382e-30 
1189.31 2.51845e-30 
1189.32 2.99946e-30 
1189.33 3.57104e-30 
1189.34 4.25001e-30 
1189.35 5.05624e-30 
1189.36 6.01323e-30 
1189.36 7.14876e-30 
1189.37 8.49565e-30 
1189.38 1.00927e-29 
1189.39 1.19855e-29 
1189.4 1.42282e-29 
1189.41 1.68845e-29 
1189.42 2.00294e-29 
1189.43 2.37515e-29 
1189.44 2.8155e-29 
1189.45 3.33629e-29 
1189.46 3.95198e-29 
1189.47 4.6796e-29 
1189.48 5.55085e-29 
1189.49 6.56806e-29 
1189.5 7.76885e-29 
1189.51 9.18586e-29 
1189.52 1.08574e-28 
1189.53 1.28284e-28 
1189.54 1.51518e-28 
1189.55 1.78895e-28 
1189.56 2.11142e-28 
1189.57 2.49112e-28 
1189.58 2.93804e-28 
1189.59 3.46388e-28 
1189.6 4.08235e-28 
1189.61 4.8125e-28 
1189.62 5.66767e-28 
1189.63 6.67237e-28 
1189.64 7.85234e-28 
1189.65 9.23764e-28 
1189.66 1.08634e-27 
1189.67 1.27706e-27 
1189.68 1.50073e-27 
1189.69 1.76293e-27 
1189.7 2.07019e-27 
1189.71 2.43013e-27 
1189.72 2.85161e-27 
1189.73 3.35166e-27 
1189.74 3.93011e-27 
1189.75 4.60672e-27 
1189.76 5.39787e-27 
1189.77 6.3226e-27 
1189.78 7.40306e-27 
1189.79 8.66503e-27 
1189.79 1.01384e-26 
1189.8 1.18581e-26 
1189.81 1.38644e-26 
1189.82 1.62044e-26 
1189.83 1.89324e-26 
1189.84 2.21116e-26 
1189.85 2.58154e-26 
1189.86 3.01286e-26 
1189.87 3.51498e-26 
1189.88 4.09929e-26 
1189.89 4.77901e-26 
1189.9 5.56942e-26 
1189.91 6.48821e-26 
1189.92 7.55583e-26 
1189.93 8.79594e-26 
1189.94 1.02359e-25 
1189.95 1.19072e-25 
1189.96 1.38465e-25 
1189.97 1.60958e-25 
1189.98 1.87387e-25 
1189.99 2.17668e-25 
1190 2.52751e-25 
1190.01 2.93382e-25 
1190.02 3.40421e-25 
1190.03 3.94859e-25 
1190.04 4.57837e-25 
1190.05 5.30668e-25 
1190.06 6.14861e-25 
1190.07 7.12155e-25 
1190.08 8.24545e-25 
1190.09 9.54327e-25 
1190.1 1.10414e-24 
1190.11 1.277e-24 
1190.12 1.47639e-24 
1190.13 1.7063e-24 
1190.14 1.9713e-24 
1190.15 2.27663e-24 
1190.16 2.62829e-24 
1190.17 3.03318e-24 
1190.18 3.49918e-24 
1190.19 4.03531e-24 
1190.2 4.6519e-24 
1190.21 5.36076e-24 
1190.21 6.1754e-24 
1190.22 7.1238e-24 
1190.23 8.20039e-24 
1190.24 9.43625e-24 
1190.25 1.08544e-23 
1190.26 1.24813e-23 
1190.27 1.43467e-23 
1190.28 1.6485e-23 
1190.29 1.89351e-23 
1190.3 2.17415e-23 
1190.31 2.49548e-23 
1190.32 2.86326e-23 
1190.33 3.28406e-23 
1190.34 3.76534e-23 
1190.35 4.31559e-23 
1190.36 4.94446e-23 
1190.37 5.66291e-23 
1190.38 6.48342e-23 
1190.39 7.42012e-23 
1190.4 8.48908e-23 
1190.41 9.70852e-23 
1190.42 1.10991e-22 
1190.43 1.26843e-22 
1190.44 1.44906e-22 
1190.45 1.65482e-22 
1190.46 1.88911e-22 
1190.47 2.15579e-22 
1190.48 2.46327e-22 
1190.49 2.80895e-22 
1190.5 3.20199e-22 
1190.51 3.6487e-22 
1190.52 4.15622e-22 
1190.53 4.73263e-22 
1190.54 5.38703e-22 
1190.55 6.12969e-22 
1190.56 6.97221e-22 
1190.57 7.92767e-22 
1190.58 9.01079e-22 
1190.59 1.02382e-21 
1190.6 1.16286e-21 
1190.61 1.32112e-21 
1190.62 1.49945e-21 
1190.63 1.70123e-21 
1190.64 1.92947e-21 
1190.64 2.18753e-21 
1190.65 2.47921e-21 
1190.66 2.80877e-21 
1190.67 3.18099e-21 
1190.68 3.60123e-21 
1190.69 4.0755e-21 
1190.7 4.61057e-21 
1190.71 5.21401e-21 
1190.72 5.89428e-21 
1190.73 6.67107e-21 
1190.74 7.53596e-21 
1190.75 8.5099e-21 
1190.76 9.60623e-21 
1190.77 1.08399e-20 
1190.78 1.22275e-20 
1190.79 1.37878e-20 
1190.8 1.55416e-20 
1190.81 1.7512e-20 
1190.82 1.97252e-20 
1190.83 2.22101e-20 
1190.84 2.49989e-20 
1190.85 2.81277e-20 
1190.86 3.16366e-20 
1190.87 3.55704e-20 
1190.88 3.99789e-20 
1190.89 4.49175e-20 
1190.9 5.04479e-20 
1190.91 5.66386e-20 
1190.92 6.35661e-20 
1190.93 7.13151e-20 
1190.94 7.99797e-20 
1190.95 8.96646e-20 
1190.96 1.00486e-19 
1190.97 1.12572e-19 
1190.98 1.26245e-19 
1190.99 1.41327e-19 
1191 1.58153e-19 
1191.01 1.76919e-19 
1191.02 1.9784e-19 
1191.03 2.21154e-19 
1191.04 2.47126e-19 
1191.05 2.76049e-19 
1191.06 3.08245e-19 
1191.07 3.44071e-19 
1191.07 3.83922e-19 
1191.08 4.28234e-19 
1191.09 4.77488e-19 
1191.1 5.32214e-19 
1191.11 5.92997e-19 
1191.12 6.60483e-19 
1191.13 7.35383e-19 
1191.14 8.18481e-19 
1191.15 9.10639e-19 
1191.16 1.01281e-18 
1191.17 1.12603e-18 
1191.18 1.25146e-18 
1191.19 1.39035e-18 
1191.2 1.5441e-18 
1191.21 1.71423e-18 
1191.22 1.90242e-18 
1191.23 2.11324e-18 
1191.24 2.34353e-18 
1191.25 2.59796e-18 
1191.26 2.87898e-18 
1191.27 3.18925e-18 
1191.28 3.53167e-18 
1191.29 3.90944e-18 
1191.3 4.32605e-18 
1191.31 4.78533e-18 
1191.32 5.29145e-18 
1191.33 5.84898e-18 
1191.34 6.46292e-18 
1191.35 7.13871e-18 
1191.36 7.88231e-18 
1191.37 8.70022e-18 
1191.38 9.59952e-18 
1191.39 1.05879e-17 
1191.4 1.16739e-17 
1191.41 1.28666e-17 
1191.42 1.41761e-17 
1191.43 1.56131e-17 
1191.44 1.71896e-17 
1191.45 1.89184e-17 
1191.46 2.08135e-17 
1191.47 2.28902e-17 
1191.48 2.51962e-17 
1191.49 2.76884e-17 
1191.49 3.04179e-17 
1191.5 3.34043e-17 
1191.51 3.66707e-17 
1191.52 4.02419e-17 
1191.53 4.41449e-17 
1191.54 4.84089e-17 
1191.55 5.30655e-17 
1191.56 5.81491e-17 
1191.57 6.36965e-17 
1191.58 6.9748e-17 
1191.59 7.63467e-17 
1191.6 8.35914e-17 
1191.61 9.14335e-17 
1191.62 9.99753e-17 
1191.63 1.09275e-16 
1191.64 1.19397e-16 
1191.65 1.3041e-16 
1191.66 1.42386e-16 
1191.67 1.55406e-16 
1191.68 1.69556e-16 
1191.69 1.84926e-16 
1191.7 2.01617e-16 
1191.71 2.19735e-16 
1191.72 2.39395e-16 
1191.73 2.60996e-16 
1191.74 2.8414e-16 
1191.75 3.09224e-16 
1191.76 3.36401e-16 
1191.77 3.65834e-16 
1191.78 3.97698e-16 
1191.79 4.32181e-16 
1191.8 4.69484e-16 
1191.81 5.09822e-16 
1191.82 5.53425e-16 
1191.83 6.0054e-16 
1191.84 6.5143e-16 
1191.85 7.06378e-16 
1191.86 7.65682e-16 
1191.87 8.29665e-16 
1191.88 8.9867e-16 
1191.89 9.73061e-16 
1191.9 1.05323e-15 
1191.91 1.13959e-15 
1191.92 1.23258e-15 
1191.92 1.33269e-15 
1191.93 1.44039e-15 
1191.94 1.55624e-15 
1191.95 1.6808e-15 
1191.96 1.81468e-15 
1191.97 1.9585e-15 
1191.98 2.11497e-15 
1191.99 2.28093e-15 
1192 2.45903e-15 
1192.01 2.65007e-15 
1192.02 2.85492e-15 
1192.03 3.07449e-15 
1192.04 3.30976e-15 
1192.05 3.56173e-15 
1192.06 3.8315e-15 
1192.07 4.12022e-15 
1192.08 4.42908e-15 
1192.09 4.75937e-15 
1192.1 5.11245e-15 
1192.11 5.48972e-15 
1192.12 5.89271e-15 
1192.13 6.32299e-15 
1192.14 6.78223e-15 
1192.15 7.2722e-15 
1192.16 7.79474e-15 
1192.17 8.3518e-15 
1192.18 8.94543e-15 
1192.19 9.57779e-15 
1192.2 1.02511e-14 
1192.21 1.09679e-14 
1192.22 1.17304e-14 
1192.23 1.2552e-14 
1192.24 1.34149e-14 
1192.25 1.4332e-14 
1192.26 1.53062e-14 
1192.27 1.63407e-14 
1192.28 1.74389e-14 
1192.29 1.86041e-14 
1192.3 1.984e-14 
1192.31 2.11503e-14 
1192.32 2.2539e-14 
1192.33 2.40102e-14 
1192.34 2.55682e-14 
1192.34 2.72174e-14 
1192.35 2.89625e-14 
1192.36 3.08083e-14 
1192.37 3.27599e-14 
1192.38 3.48225e-14 
1192.39 3.70016e-14 
1192.4 3.93028e-14 
1192.41 4.1732e-14 
1192.42 4.42954e-14 
1192.43 4.69991e-14 
1192.44 4.98499e-14 
1192.45 5.28544e-14 
1192.46 5.60197e-14 
1192.47 5.93532e-14 
1192.48 6.29072e-14 
1192.49 6.66018e-14 
1192.5 7.0488e-14 
1192.51 7.45739e-14 
1192.52 7.88681e-14 
1192.53 8.33794e-14 
1192.54 8.81168e-14 
1192.55 9.30897e-14 
1192.56 9.83077e-14 
1192.57 1.03781e-13 
1192.58 1.09518e-13 
1192.59 1.15532e-13 
1192.6 1.21831e-13 
1192.61 1.28507e-13 
1192.62 1.35416e-13 
1192.63 1.42644e-13 
1192.64 1.50204e-13 
1192.65 1.58108e-13 
1192.66 1.66367e-13 
1192.67 1.74994e-13 
1192.68 1.84001e-13 
1192.69 1.93403e-13 
1192.7 2.03211e-13 
1192.71 2.1344e-13 
1192.72 2.24102e-13 
1192.73 2.35353e-13 
1192.74 2.4693e-13 
1192.75 2.58982e-13 
1192.76 2.71524e-13 
1192.77 2.84571e-13 
1192.77 2.98137e-13 
1192.78 3.12236e-13 
1192.79 3.26884e-13 
1192.8 3.42095e-13 
1192.81 3.57884e-13 
1192.82 3.74267e-13 
1192.83 3.91257e-13 
1192.84 4.08872e-13 
1192.85 4.27124e-13 
1192.86 4.4603e-13 
1192.87 4.65603e-13 
1192.88 4.8586e-13 
1192.89 5.06815e-13 
1192.9 5.28482e-13 
1192.91 5.50876e-13 
1192.92 5.74011e-13 
1192.93 5.97902e-13 
1192.94 6.22561e-13 
1192.95 6.48002e-13 
1192.96 6.74239e-13 
1192.97 7.01285e-13 
1192.98 7.29505e-13 
1192.99 7.58214e-13 
1193 7.87769e-13 
1193.01 8.18179e-13 
1193.02 8.49455e-13 
1193.03 8.81608e-13 
1193.04 9.14646e-13 
1193.05 9.4858e-13 
1193.06 9.83416e-13 
1193.07 1.01916e-12 
1193.08 1.05583e-12 
1193.09 1.09341e-12 
1193.1 1.13193e-12 
1193.11 1.17137e-12 
1193.12 1.21176e-12 
1193.13 1.25308e-12 
1193.14 1.29534e-12 
1193.15 1.33854e-12 
1193.16 1.38269e-12 
1193.17 1.42777e-12 
1193.18 1.47379e-12 
1193.19 1.52074e-12 
1193.19 1.56861e-12 
1193.2 1.61741e-12 
1193.21 1.66713e-12 
1193.22 1.71839e-12 
1193.23 1.76991e-12 
1193.24 1.82233e-12 
1193.25 1.87562e-12 
1193.26 1.92976e-12 
1193.27 1.98475e-12 
1193.28 2.04057e-12 
1193.29 2.0972e-12 
1193.3 2.15462e-12 
1193.31 2.21281e-12 
1193.32 2.27176e-12 
1193.33 2.33142e-12 
1193.34 2.39179e-12 
1193.35 2.45284e-12 
1193.36 2.51453e-12 
1193.37 2.57684e-12 
1193.38 2.63974e-12 
1193.39 2.7032e-12 
1193.4 2.76718e-12 
1193.41 2.83165e-12 
1193.42 2.89658e-12 
1193.43 2.96192e-12 
1193.44 3.02764e-12 
1193.45 3.09371e-12 
1193.46 3.16007e-12 
1193.47 3.22668e-12 
1193.48 3.29435e-12 
1193.49 3.36136e-12 
1193.5 3.42849e-12 
1193.51 3.49569e-12 
1193.52 3.56293e-12 
1193.53 3.63015e-12 
1193.54 3.69731e-12 
1193.55 3.76435e-12 
1193.56 3.83123e-12 
1193.57 3.89789e-12 
1193.58 3.96429e-12 
1193.59 4.03037e-12 
1193.6 4.09608e-12 
1193.61 4.16395e-12 
1193.62 4.22881e-12 
1193.62 4.29314e-12 
1193.63 4.3569e-12 
1193.64 4.42002e-12 
1193.65 4.48247e-12 
1193.66 4.54418e-12 
1193.67 4.60512e-12 
1193.68 4.66522e-12 
1193.69 4.72445e-12 
1193.7 4.78276e-12 
1193.71 4.8401e-12 
1193.72 4.89642e-12 
1193.73 4.95238e-12 
1193.74 5.00654e-12 
1193.75 5.05957e-12 
1193.76 5.11144e-12 
1193.77 5.16211e-12 
1193.78 5.21156e-12 
1193.79 5.25976e-12 
1193.8 5.3067e-12 
1193.81 5.35235e-12 
1193.82 5.39671e-12 
1193.83 5.43977e-12 
1193.84 5.48154e-12 
1193.85 5.52202e-12 
1193.86 5.56123e-12 
1193.87 5.5992e-12 
1193.88 5.63597e-12 
1193.89 5.67156e-12 
1193.9 5.70605e-12 
1193.91 5.7395e-12 
1193.92 5.77198e-12 
1193.93 5.80361e-12 
1193.94 5.83449e-12 
1193.95 5.86476e-12 
1193.96 5.89456e-12 
1193.97 5.92408e-12 
1193.98 5.95387e-12 
1193.99 5.98343e-12 
1194 6.0134e-12 
1194.01 6.04404e-12 
1194.02 6.0757e-12 
1194.03 6.10874e-12 
1194.04 6.14356e-12 
1194.05 6.18063e-12 
1194.05 6.22045e-12 
1194.06 6.2636e-12 
1194.07 6.31071e-12 
1194.08 6.36249e-12 
1194.09 6.41973e-12 
1194.1 6.48328e-12 
1194.11 6.55413e-12 
1194.12 6.63334e-12 
1194.13 6.72209e-12 
1194.14 6.8217e-12 
1194.15 6.93361e-12 
1194.16 7.05944e-12 
1194.17 7.20094e-12 
1194.18 7.36007e-12 
1194.19 7.53898e-12 
1194.2 7.74004e-12 
1194.21 7.96586e-12 
1194.22 8.21932e-12 
1194.23 8.50734e-12 
1194.24 8.82633e-12 
1194.25 9.18348e-12 
1194.26 9.58298e-12 
1194.27 1.00295e-11 
1194.28 1.0528e-11 
1194.29 1.10841e-11 
1194.3 1.17039e-11 
1194.31 1.2394e-11 
1194.32 1.31618e-11 
1194.33 1.40153e-11 
1194.34 1.49631e-11 
1194.35 1.60149e-11 
1194.36 1.71811e-11 
1194.37 1.84731e-11 
1194.38 1.99034e-11 
1194.39 2.14854e-11 
1194.4 2.32341e-11 
1194.41 2.51655e-11 
1194.42 2.72973e-11 
1194.43 2.96485e-11 
1194.44 3.22399e-11 
1194.45 3.50942e-11 
1194.46 3.8236e-11 
1194.47 4.16919e-11 
1194.47 4.5543e-11 
1194.48 4.9719e-11 
1194.49 5.43065e-11 
1194.5 5.93399e-11 
1194.51 6.48594e-11 
1194.52 7.09082e-11 
1194.53 7.75333e-11 
1194.54 8.47853e-11 
1194.55 9.27189e-11 
1194.56 1.01393e-10 
1194.57 1.10872e-10 
1194.58 1.21225e-10 
1194.59 1.32524e-10 
1194.6 1.44852e-10 
1194.61 1.58391e-10 
1194.62 1.73047e-10 
1194.63 1.89009e-10 
1194.64 2.06385e-10 
1194.65 2.2529e-10 
1194.66 2.45846e-10 
1194.67 2.68187e-10 
1194.68 2.92455e-10 
1194.69 3.18801e-10 
1194.7 3.47388e-10 
1194.71 3.78392e-10 
1194.72 4.11998e-10 
1194.73 4.4888e-10 
1194.74 4.88341e-10 
1194.75 5.31048e-10 
1194.76 5.77243e-10 
1194.77 6.27184e-10 
1194.78 6.81148e-10 
1194.79 7.39427e-10 
1194.8 8.02335e-10 
1194.81 8.70204e-10 
1194.82 9.43386e-10 
1194.83 1.02226e-09 
1194.84 1.10722e-09 
1194.85 1.19868e-09 
1194.86 1.29711e-09 
1194.87 1.40296e-09 
1194.88 1.51675e-09 
1194.89 1.63901e-09 
1194.9 1.77029e-09 
1194.9 1.91118e-09 
1194.91 2.06232e-09 
1194.92 2.22437e-09 
1194.93 2.39802e-09 
1194.94 2.58401e-09 
1194.95 2.7831e-09 
1194.96 2.99611e-09 
1194.97 3.2239e-09 
1194.98 3.47051e-09 
1194.99 3.7308e-09 
1195 4.0087e-09 
1195.01 4.30526e-09 
1195.02 4.62156e-09 
1195.03 4.95874e-09 
1195.04 5.31798e-09 
1195.05 5.70053e-09 
1195.06 6.10769e-09 
1195.07 6.54081e-09 
1195.08 7.0013e-09 
1195.09 7.49063e-09 
1195.1 8.01034e-09 
1195.11 8.56202e-09 
1195.12 9.14733e-09 
1195.13 9.76798e-09 
1195.14 1.04258e-08 
1195.15 1.11225e-08 
1195.16 1.18602e-08 
1195.17 1.26407e-08 
1195.18 1.34662e-08 
1195.19 1.43387e-08 
1195.2 1.52605e-08 
1195.21 1.62337e-08 
1195.22 1.72608e-08 
1195.23 1.8358e-08 
1195.24 1.95007e-08 
1195.25 2.07046e-08 
1195.26 2.19724e-08 
1195.27 2.33066e-08 
1195.28 2.471e-08 
1195.29 2.61854e-08 
1195.3 2.77356e-08 
1195.31 2.93636e-08 
1195.32 3.10722e-08 
1195.32 3.28646e-08 
1195.33 3.47437e-08 
1195.34 3.67127e-08 
1195.35 3.87747e-08 
1195.36 4.0933e-08 
1195.37 4.31907e-08 
1195.38 4.55512e-08 
1195.39 4.80177e-08 
1195.4 5.05936e-08 
1195.41 5.32822e-08 
1195.42 5.60868e-08 
1195.43 5.90108e-08 
1195.44 6.20575e-08 
1195.45 6.52303e-08 
1195.46 6.85326e-08 
1195.47 7.19677e-08 
1195.48 7.55842e-08 
1195.49 7.92963e-08 
1195.5 8.3151e-08 
1195.51 8.71513e-08 
1195.52 9.13004e-08 
1195.53 9.56013e-08 
1195.54 1.00057e-07 
1195.55 1.0467e-07 
1195.56 1.09444e-07 
1195.57 1.1438e-07 
1195.58 1.19482e-07 
1195.59 1.24752e-07 
1195.6 1.30193e-07 
1195.61 1.35889e-07 
1195.62 1.41679e-07 
1195.63 1.47646e-07 
1195.64 1.5379e-07 
1195.65 1.60113e-07 
1195.66 1.66616e-07 
1195.67 1.73301e-07 
1195.68 1.80168e-07 
1195.69 1.87217e-07 
1195.7 1.94449e-07 
1195.71 2.01864e-07 
1195.72 2.09462e-07 
1195.73 2.1734e-07 
1195.74 2.25303e-07 
1195.75 2.33447e-07 
1195.75 2.41769e-07 
1195.76 2.50268e-07 
1195.77 2.58943e-07 
1195.78 2.67789e-07 
1195.79 2.76806e-07 
1195.8 2.8599e-07 
1195.81 2.95338e-07 
1195.82 3.04845e-07 
1195.83 3.14508e-07 
1195.84 3.24322e-07 
1195.85 3.34283e-07 
1195.86 3.44386e-07 
1195.87 3.54625e-07 
1195.88 3.64993e-07 
1195.89 3.75486e-07 
1195.9 3.86096e-07 
1195.91 3.96816e-07 
1195.92 4.07639e-07 
1195.93 4.18558e-07 
1195.94 4.29565e-07 
1195.95 4.40651e-07 
1195.96 4.51808e-07 
1195.97 4.63026e-07 
1195.98 4.74438e-07 
1195.99 4.85753e-07 
1196 4.971e-07 
1196.01 5.08471e-07 
1196.02 5.19854e-07 
1196.03 5.31239e-07 
1196.04 5.42616e-07 
1196.05 5.53973e-07 
1196.06 5.65299e-07 
1196.07 5.76583e-07 
1196.08 5.87813e-07 
1196.09 5.98978e-07 
1196.1 6.10065e-07 
1196.11 6.21064e-07 
1196.12 6.31961e-07 
1196.13 6.42745e-07 
1196.14 6.53405e-07 
1196.15 6.63928e-07 
1196.16 6.74301e-07 
1196.17 6.84514e-07 
1196.17 6.94555e-07 
1196.18 7.04411e-07 
1196.19 7.14071e-07 
1196.2 7.23524e-07 
1196.21 7.32759e-07 
1196.22 7.41873e-07 
1196.23 7.50636e-07 
1196.24 7.59147e-07 
1196.25 7.67396e-07 
1196.26 7.75374e-07 
1196.27 7.83071e-07 
1196.28 7.90478e-07 
1196.29 7.97587e-07 
1196.3 8.04388e-07 
1196.31 8.10873e-07 
1196.32 8.17036e-07 
1196.33 8.22869e-07 
1196.34 8.28365e-07 
1196.35 8.33519e-07 
1196.36 8.38324e-07 
1196.37 8.42776e-07 
1196.38 8.46871e-07 
1196.39 8.50605e-07 
1196.4 8.53973e-07 
1196.41 8.56975e-07 
1196.42 8.59607e-07 
1196.43 8.61868e-07 
1196.44 8.63758e-07 
1196.45 8.65276e-07 
1196.46 8.66424e-07 
1196.47 8.67201e-07 
1196.48 8.67613e-07 
1196.49 8.67653e-07 
1196.5 8.6733e-07 
1196.51 8.66648e-07 
1196.52 8.65612e-07 
1196.53 8.64228e-07 
1196.54 8.625e-07 
1196.55 8.60435e-07 
1196.56 8.5804e-07 
1196.57 8.55322e-07 
1196.58 8.52291e-07 
1196.59 8.48954e-07 
1196.6 8.45321e-07 
1196.6 8.41922e-07 
1196.61 8.37724e-07 
1196.62 8.33261e-07 
1196.63 8.28543e-07 
1196.64 8.23584e-07 
1196.65 8.18395e-07 
1196.66 8.12989e-07 
1196.67 8.07379e-07 
1196.68 8.01579e-07 
1196.69 7.95601e-07 
1196.7 7.89461e-07 
1196.71 7.83173e-07 
1196.72 7.76751e-07 
1196.73 7.70127e-07 
1196.74 7.63481e-07 
1196.75 7.56747e-07 
1196.76 7.49939e-07 
1196.77 7.43073e-07 
1196.78 7.36165e-07 
1196.79 7.2923e-07 
1196.8 7.22284e-07 
1196.81 7.15341e-07 
1196.82 7.08419e-07 
1196.83 7.0153e-07 
1196.84 6.94692e-07 
1196.85 6.87918e-07 
1196.86 6.81224e-07 
1196.87 6.74624e-07 
1196.88 6.68132e-07 
1196.89 6.61762e-07 
1196.9 6.55529e-07 
1196.91 6.49445e-07 
1196.92 6.43523e-07 
1196.93 6.37777e-07 
1196.94 6.32217e-07 
1196.95 6.26856e-07 
1196.96 6.21705e-07 
1196.97 6.16775e-07 
1196.98 6.12018e-07 
1196.99 6.07562e-07 
1197 6.03356e-07 
1197.01 5.99408e-07 
1197.02 5.95726e-07 
1197.03 5.92317e-07 
1197.03 5.89189e-07 
1197.04 5.86347e-07 
1197.05 5.83796e-07 
1197.06 5.81542e-07 
1197.07 5.79588e-07 
1197.08 5.77937e-07 
1197.09 5.76593e-07 
1197.1 5.75558e-07 
1197.11 5.74832e-07 
1197.12 5.74417e-07 
1197.13 5.74312e-07 
1197.14 5.74517e-07 
1197.15 5.7503e-07 
1197.16 5.75849e-07 
1197.17 5.76972e-07 
1197.18 5.78395e-07 
1197.19 5.80113e-07 
1197.2 5.82123e-07 
1197.21 5.84419e-07 
1197.22 5.86996e-07 
1197.23 5.89883e-07 
1197.24 5.93002e-07 
1197.25 5.96381e-07 
1197.26 6.0001e-07 
1197.27 6.03881e-07 
1197.28 6.07984e-07 
1197.29 6.12311e-07 
1197.3 6.16851e-07 
1197.31 6.21594e-07 
1197.32 6.26528e-07 
1197.33 6.31643e-07 
1197.34 6.36926e-07 
1197.35 6.42367e-07 
1197.36 6.47953e-07 
1197.37 6.53672e-07 
1197.38 6.59511e-07 
1197.39 6.65458e-07 
1197.4 6.715e-07 
1197.41 6.77624e-07 
1197.42 6.83818e-07 
1197.43 6.90068e-07 
1197.44 6.96361e-07 
1197.45 7.02686e-07 
1197.45 7.09028e-07 
1197.46 7.15376e-07 
1197.47 7.21717e-07 
1197.48 7.28119e-07 
1197.49 7.3441e-07 
1197.5 7.4066e-07 
1197.51 7.46855e-07 
1197.52 7.52987e-07 
1197.53 7.59043e-07 
1197.54 7.65015e-07 
1197.55 7.70893e-07 
1197.56 7.76667e-07 
1197.57 7.8233e-07 
1197.58 7.87874e-07 
1197.59 7.93291e-07 
1197.6 7.98575e-07 
1197.61 8.04216e-07 
1197.62 8.0922e-07 
1197.63 8.14075e-07 
1197.64 8.18778e-07 
1197.65 8.23325e-07 
1197.66 8.27715e-07 
1197.67 8.31947e-07 
1197.68 8.36019e-07 
1197.69 8.39933e-07 
1197.7 8.43689e-07 
1197.71 8.4729e-07 
1197.72 8.5074e-07 
1197.73 8.54082e-07 
1197.74 8.57239e-07 
1197.75 8.6026e-07 
1197.76 8.6315e-07 
1197.77 8.65918e-07 
1197.78 8.68572e-07 
1197.79 8.71123e-07 
1197.8 8.7358e-07 
1197.81 8.75956e-07 
1197.82 8.78262e-07 
1197.83 8.80512e-07 
1197.84 8.82721e-07 
1197.85 8.84902e-07 
1197.86 8.87073e-07 
1197.87 8.8925e-07 
1197.88 8.9145e-07 
1197.88 8.93692e-07 
1197.89 8.95994e-07 
1197.9 8.98378e-07 
1197.91 9.00863e-07 
1197.92 9.0347e-07 
1197.93 9.06221e-07 
1197.94 9.0914e-07 
1197.95 9.12248e-07 
1197.96 9.15569e-07 
1197.97 9.19128e-07 
1197.98 9.22997e-07 
1197.99 9.27107e-07 
1198 9.31529e-07 
1198.01 9.36289e-07 
1198.02 9.41411e-07 
1198.03 9.46922e-07 
1198.04 9.52847e-07 
1198.05 9.59213e-07 
1198.06 9.66047e-07 
1198.07 9.73373e-07 
1198.08 9.81218e-07 
1198.09 9.89607e-07 
1198.1 9.98567e-07 
1198.11 1.00812e-06 
1198.12 1.0183e-06 
1198.13 1.02912e-06 
1198.14 1.04061e-06 
1198.15 1.0528e-06 
1198.16 1.0657e-06 
1198.17 1.07934e-06 
1198.18 1.09374e-06 
1198.19 1.10892e-06 
1198.2 1.12491e-06 
1198.21 1.14172e-06 
1198.22 1.15937e-06 
1198.23 1.17811e-06 
1198.24 1.1975e-06 
1198.25 1.21779e-06 
1198.26 1.23897e-06 
1198.27 1.26108e-06 
1198.28 1.28411e-06 
1198.29 1.30809e-06 
1198.3 1.33302e-06 
1198.3 1.3589e-06 
1198.31 1.38574e-06 
1198.32 1.41356e-06 
1198.33 1.44235e-06 
1198.34 1.47211e-06 
1198.35 1.50285e-06 
1198.36 1.53456e-06 
1198.37 1.56724e-06 
1198.38 1.60088e-06 
1198.39 1.63548e-06 
1198.4 1.67104e-06 
1198.41 1.70753e-06 
1198.42 1.74496e-06 
1198.43 1.7833e-06 
1198.44 1.82254e-06 
1198.45 1.86266e-06 
1198.46 1.90364e-06 
1198.47 1.94547e-06 
1198.48 1.98866e-06 
1198.49 2.03211e-06 
1198.5 2.07634e-06 
1198.51 2.1213e-06 
1198.52 2.16698e-06 
1198.53 2.21334e-06 
1198.54 2.26034e-06 
1198.55 2.30795e-06 
1198.56 2.35614e-06 
1198.57 2.40487e-06 
1198.58 2.45409e-06 
1198.59 2.50376e-06 
1198.6 2.55385e-06 
1198.61 2.60591e-06 
1198.62 2.65672e-06 
1198.63 2.7078e-06 
1198.64 2.7591e-06 
1198.65 2.81059e-06 
1198.66 2.8622e-06 
1198.67 2.91388e-06 
1198.68 2.96558e-06 
1198.69 3.01725e-06 
1198.7 3.06883e-06 
1198.71 3.12027e-06 
1198.72 3.1715e-06 
1198.73 3.22312e-06 
1198.73 3.27379e-06 
1198.74 3.32408e-06 
1198.75 3.37394e-06 
1198.76 3.42332e-06 
1198.77 3.47215e-06 
1198.78 3.52038e-06 
1198.79 3.56795e-06 
1198.8 3.6148e-06 
1198.81 3.66088e-06 
1198.82 3.70612e-06 
1198.83 3.75047e-06 
1198.84 3.79388e-06 
1198.85 3.83629e-06 
1198.86 3.87765e-06 
1198.87 3.9179e-06 
1198.88 3.95699e-06 
1198.89 3.99487e-06 
1198.9 4.03149e-06 
1198.91 4.06681e-06 
1198.92 4.10077e-06 
1198.93 4.13333e-06 
1198.94 4.16444e-06 
1198.95 4.19407e-06 
1198.96 4.22218e-06 
1198.97 4.24872e-06 
1198.98 4.27396e-06 
1198.99 4.29724e-06 
1199 4.31886e-06 
1199.01 4.33878e-06 
1199.02 4.35697e-06 
1199.03 4.37341e-06 
1199.04 4.38808e-06 
1199.05 4.40095e-06 
1199.06 4.412e-06 
1199.07 4.42123e-06 
1199.08 4.42861e-06 
1199.09 4.43414e-06 
1199.1 4.4378e-06 
1199.11 4.4396e-06 
1199.12 4.43952e-06 
1199.13 4.43757e-06 
1199.14 4.43374e-06 
1199.15 4.42805e-06 
1199.15 4.4205e-06 
1199.16 4.41109e-06 
1199.17 4.39985e-06 
1199.18 4.38678e-06 
1199.19 4.3719e-06 
1199.2 4.35523e-06 
1199.21 4.33679e-06 
1199.22 4.31634e-06 
1199.23 4.29442e-06 
1199.24 4.27081e-06 
1199.25 4.24554e-06 
1199.26 4.21864e-06 
1199.27 4.19015e-06 
1199.28 4.1601e-06 
1199.29 4.12854e-06 
1199.3 4.09549e-06 
1199.31 4.06101e-06 
1199.32 4.02514e-06 
1199.33 3.98792e-06 
1199.34 3.9494e-06 
1199.35 3.90963e-06 
1199.36 3.86865e-06 
1199.37 3.82651e-06 
1199.38 3.78328e-06 
1199.39 3.73899e-06 
1199.4 3.6937e-06 
1199.41 3.64747e-06 
1199.42 3.60034e-06 
1199.43 3.55238e-06 
1199.44 3.50364e-06 
1199.45 3.45417e-06 
1199.46 3.40404e-06 
1199.47 3.35328e-06 
1199.48 3.30133e-06 
1199.49 3.24952e-06 
1199.5 3.19726e-06 
1199.51 3.14461e-06 
1199.52 3.09162e-06 
1199.53 3.03836e-06 
1199.54 2.98486e-06 
1199.55 2.9312e-06 
1199.56 2.87742e-06 
1199.57 2.82357e-06 
1199.58 2.7697e-06 
1199.58 2.71587e-06 
1199.59 2.66212e-06 
1199.6 2.60851e-06 
1199.61 2.55665e-06 
1199.62 2.50341e-06 
1199.63 2.45043e-06 
1199.64 2.39777e-06 
1199.65 2.34547e-06 
1199.66 2.29356e-06 
1199.67 2.24209e-06 
1199.68 2.1911e-06 
1199.69 2.14061e-06 
1199.7 2.09067e-06 
1199.71 2.04131e-06 
1199.72 1.99256e-06 
1199.73 1.94385e-06 
1199.74 1.89642e-06 
1199.75 1.84968e-06 
1199.76 1.80367e-06 
1199.77 1.7584e-06 
1199.78 1.7139e-06 
1199.79 1.67018e-06 
1199.8 1.62728e-06 
1199.81 1.5852e-06 
1199.82 1.54396e-06 
1199.83 1.50357e-06 
1199.84 1.46405e-06 
1199.85 1.42541e-06 
1199.86 1.38765e-06 
1199.87 1.35078e-06 
1199.88 1.31482e-06 
1199.89 1.27977e-06 
1199.9 1.24562e-06 
1199.91 1.21238e-06 
1199.92 1.18006e-06 
1199.93 1.14865e-06 
1199.94 1.11815e-06 
1199.95 1.08855e-06 
1199.96 1.05986e-06 
1199.97 1.03207e-06 
1199.98 1.00484e-06 
1199.99 9.78828e-07 
1200 9.53695e-07 
1200.01 9.29427e-07 
1200.01 9.06014e-07 
1200.02 8.83444e-07 
1200.03 8.61706e-07 
1200.04 8.40787e-07 
1200.05 8.20672e-07 
1200.06 8.01348e-07 
1200.07 7.82799e-07 
1200.08 7.6501e-07 
1200.09 7.47964e-07 
1200.1 7.31645e-07 
1200.11 7.16035e-07 
1200.12 7.01118e-07 
1200.13 6.86874e-07 
1200.14 6.73286e-07 
1200.15 6.60334e-07 
1200.16 6.48e-07 
1200.17 6.36265e-07 
1200.18 6.2511e-07 
1200.19 6.14514e-07 
1200.2 6.04459e-07 
1200.21 5.94924e-07 
1200.22 5.85891e-07 
1200.23 5.77235e-07 
1200.24 5.6915e-07 
1200.25 5.61507e-07 
1200.26 5.54286e-07 
1200.27 5.47468e-07 
1200.28 5.41034e-07 
1200.29 5.34964e-07 
1200.3 5.2924e-07 
1200.31 5.23844e-07 
1200.32 5.18757e-07 
1200.33 5.1396e-07 
1200.34 5.09436e-07 
1200.35 5.05168e-07 
1200.36 5.01139e-07 
1200.37 4.97331e-07 
1200.38 4.93728e-07 
1200.39 4.90314e-07 
1200.4 4.87075e-07 
1200.41 4.83993e-07 
1200.42 4.81055e-07 
1200.43 4.78246e-07 
1200.43 4.75553e-07 
1200.44 4.72961e-07 
1200.45 4.70459e-07 
1200.46 4.68032e-07 
1200.47 4.6567e-07 
1200.48 4.63331e-07 
1200.49 4.61064e-07 
1200.5 4.58826e-07 
1200.51 4.5661e-07 
1200.52 4.54404e-07 
1200.53 4.522e-07 
1200.54 4.49988e-07 
1200.55 4.47762e-07 
1200.56 4.45512e-07 
1200.57 4.43232e-07 
1200.58 4.40915e-07 
1200.59 4.38554e-07 
1200.6 4.36144e-07 
1200.61 4.33947e-07 
1200.62 4.31421e-07 
1200.63 4.2883e-07 
1200.64 4.26171e-07 
1200.65 4.2344e-07 
1200.66 4.20633e-07 
1200.67 4.17748e-07 
1200.68 4.14782e-07 
1200.69 4.11734e-07 
1200.7 4.086e-07 
1200.71 4.05381e-07 
1200.72 4.02075e-07 
1200.73 3.98638e-07 
1200.74 3.95155e-07 
1200.75 3.91585e-07 
1200.76 3.87927e-07 
1200.77 3.84182e-07 
1200.78 3.80351e-07 
1200.79 3.76435e-07 
1200.8 3.72436e-07 
1200.81 3.68355e-07 
1200.82 3.64194e-07 
1200.83 3.59956e-07 
1200.84 3.55642e-07 
1200.85 3.51255e-07 
1200.85 3.46797e-07 
1200.86 3.42273e-07 
1200.87 3.37684e-07 
1200.88 3.33034e-07 
1200.89 3.28326e-07 
1200.9 3.23564e-07 
1200.91 3.1875e-07 
1200.92 3.13889e-07 
1200.93 3.08984e-07 
1200.94 3.04039e-07 
1200.95 2.99058e-07 
1200.96 2.94045e-07 
1200.97 2.89003e-07 
1200.98 2.83873e-07 
1200.99 2.78786e-07 
1201 2.73682e-07 
1201.01 2.68565e-07 
1201.02 2.63439e-07 
1201.03 2.58308e-07 
1201.04 2.53177e-07 
1201.05 2.48047e-07 
1201.06 2.42925e-07 
1201.07 2.37812e-07 
1201.08 2.32713e-07 
1201.09 2.27631e-07 
1201.1 2.22571e-07 
1201.11 2.17534e-07 
1201.12 2.12525e-07 
1201.13 2.07548e-07 
1201.14 2.02604e-07 
1201.15 1.97697e-07 
1201.16 1.9283e-07 
1201.17 1.88006e-07 
1201.18 1.83228e-07 
1201.19 1.78498e-07 
1201.2 1.73819e-07 
1201.21 1.69193e-07 
1201.22 1.64623e-07 
1201.23 1.60054e-07 
1201.24 1.55601e-07 
1201.25 1.5121e-07 
1201.26 1.46882e-07 
1201.27 1.42619e-07 
1201.28 1.38423e-07 
1201.28 1.34295e-07 
1201.29 1.30236e-07 
1201.3 1.26248e-07 
1201.31 1.22331e-07 
1201.32 1.18486e-07 
1201.33 1.14715e-07 
1201.34 1.11018e-07 
1201.35 1.07396e-07 
1201.36 1.03849e-07 
1201.37 1.00377e-07 
1201.38 9.6981e-08 
1201.39 9.36611e-08 
1201.4 9.04174e-08 
1201.41 8.72497e-08 
1201.42 8.41581e-08 
1201.43 8.11424e-08 
1201.44 7.82022e-08 
1201.45 7.53373e-08 
1201.46 7.25472e-08 
1201.47 6.98314e-08 
1201.48 6.71568e-08 
1201.49 6.45888e-08 
1201.5 6.20931e-08 
1201.51 5.96691e-08 
1201.52 5.73158e-08 
1201.53 5.50325e-08 
1201.54 5.28182e-08 
1201.55 5.06718e-08 
1201.56 4.85925e-08 
1201.57 4.65792e-08 
1201.58 4.46307e-08 
1201.59 4.27459e-08 
1201.6 4.09236e-08 
1201.61 3.9187e-08 
1201.62 3.74852e-08 
1201.63 3.58425e-08 
1201.64 3.42575e-08 
1201.65 3.27289e-08 
1201.66 3.12556e-08 
1201.67 2.98362e-08 
1201.68 2.84693e-08 
1201.69 2.71538e-08 
1201.7 2.58883e-08 
1201.7 2.46715e-08 
1201.71 2.35021e-08 
1201.72 2.2365e-08 
1201.73 2.12871e-08 
1201.74 2.02527e-08 
1201.75 1.92606e-08 
1201.76 1.83094e-08 
1201.77 1.7398e-08 
1201.78 1.6525e-08 
1201.79 1.56893e-08 
1201.8 1.48897e-08 
1201.81 1.41249e-08 
1201.82 1.33939e-08 
1201.83 1.26954e-08 
1201.84 1.20283e-08 
1201.85 1.13915e-08 
1201.86 1.07839e-08 
1201.87 1.02045e-08 
1201.88 9.65223e-09 
1201.89 9.12603e-09 
1201.9 8.62492e-09 
1201.91 8.14793e-09 
1201.92 7.69411e-09 
1201.93 7.26255e-09 
1201.94 6.85234e-09 
1201.95 6.46261e-09 
1201.96 6.0925e-09 
1201.97 5.7412e-09 
1201.98 5.40385e-09 
1201.99 5.088e-09 
1202 4.7886e-09 
1202.01 4.50495e-09 
1202.02 4.23634e-09 
1202.03 3.98209e-09 
1202.04 3.74153e-09 
1202.05 3.51405e-09 
1202.06 3.29902e-09 
1202.07 3.09586e-09 
1202.08 2.904e-09 
1202.09 2.7229e-09 
1202.1 2.55202e-09 
1202.11 2.39088e-09 
1202.12 2.23898e-09 
1202.13 2.09585e-09 
1202.13 1.96106e-09 
1202.14 1.83417e-09 
1202.15 1.71478e-09 
1202.16 1.60249e-09 
1202.17 1.49693e-09 
1202.18 1.39775e-09 
1202.19 1.30459e-09 
1202.2 1.21713e-09 
1202.21 1.13507e-09 
1202.22 1.05719e-09 
1202.23 9.85054e-10 
1202.24 9.17484e-10 
1202.25 8.54193e-10 
1202.26 7.94937e-10 
1202.27 7.39483e-10 
1202.28 6.87611e-10 
1202.29 6.39112e-10 
1202.3 5.93786e-10 
1202.31 5.51445e-10 
1202.32 5.1191e-10 
1202.33 4.75012e-10 
1202.34 4.40589e-10 
1202.35 4.08491e-10 
1202.36 3.78574e-10 
1202.37 3.50702e-10 
1202.38 3.24746e-10 
1202.39 3.00586e-10 
1202.4 2.78108e-10 
1202.41 2.57204e-10 
1202.42 2.37771e-10 
1202.43 2.19716e-10 
1202.44 2.02947e-10 
1202.45 1.8738e-10 
1202.46 1.72934e-10 
1202.47 1.59536e-10 
1202.48 1.46966e-10 
1202.49 1.35466e-10 
1202.5 1.24814e-10 
1202.51 1.14952e-10 
1202.52 1.05825e-10 
1202.53 9.7382e-11 
1202.54 8.95754e-11 
1202.55 8.23602e-11 
1202.56 7.56947e-11 
1202.56 6.95397e-11 
1202.57 6.38586e-11 
1202.58 5.86172e-11 
1202.59 5.37836e-11 
1202.6 4.9328e-11 
1202.61 4.52505e-11 
1202.62 4.14673e-11 
1202.63 3.79846e-11 
1202.64 3.47798e-11 
1202.65 3.18322e-11 
1202.66 2.91223e-11 
1202.67 2.66319e-11 
1202.68 2.43444e-11 
1202.69 2.22441e-11 
1202.7 2.03166e-11 
1202.71 1.85483e-11 
1202.72 1.69269e-11 
1202.73 1.54231e-11 
1202.74 1.40631e-11 
1202.75 1.28176e-11 
1202.76 1.16777e-11 
1202.77 1.06346e-11 
1202.78 9.68074e-12 
1202.79 8.80873e-12 
1202.8 8.01193e-12 
1202.81 7.28418e-12 
1202.82 6.61977e-12 
1202.83 6.01346e-12 
1202.84 5.46041e-12 
1202.85 4.95615e-12 
1202.86 4.49659e-12 
1202.87 4.07794e-12 
1202.88 3.69674e-12 
1202.89 3.34977e-12 
1202.9 3.0341e-12 
1202.91 2.74704e-12 
1202.92 2.4861e-12 
1202.93 2.24901e-12 
1202.94 2.03368e-12 
1202.95 1.8382e-12 
1202.96 1.66082e-12 
1202.97 1.49994e-12 
1202.98 1.35407e-12 
1202.98 1.22031e-12 
1202.99 1.10071e-12 
1203 9.92424e-13 
1203.01 8.94417e-13 
1203.02 8.05752e-13 
1203.03 7.25575e-13 
1203.04 6.53104e-13 
1203.05 5.87627e-13 
1203.06 5.28493e-13 
1203.07 4.75113e-13 
1203.08 4.26946e-13 
1203.09 3.83503e-13 
1203.1 3.44337e-13 
1203.11 3.09042e-13 
1203.12 2.77249e-13 
1203.13 2.48624e-13 
1203.14 2.22861e-13 
1203.15 1.99684e-13 
1203.16 1.78844e-13 
1203.17 1.60111e-13 
1203.18 1.43281e-13 
1203.19 1.28167e-13 
1203.2 1.14599e-13 
1203.21 1.02425e-13 
1203.22 9.15065e-14 
1203.23 8.16018e-14 
1203.24 7.28417e-14 
1203.25 6.49949e-14 
1203.26 5.79693e-14 
1203.27 5.16815e-14 
1203.28 4.60566e-14 
1203.29 4.10268e-14 
1203.3 3.65311e-14 
1203.31 3.25145e-14 
1203.32 2.89275e-14 
1203.33 2.57254e-14 
1203.34 2.28683e-14 
1203.35 2.032e-14 
1203.36 1.80482e-14 
1203.37 1.60237e-14 
1203.38 1.42204e-14 
1203.39 1.26147e-14 
1203.4 1.11857e-14 
1203.41 9.91448e-15 
1203.41 8.78404e-15 
1203.42 7.77925e-15 
1203.43 6.88653e-15 
1203.44 6.09372e-15 
1203.45 5.38993e-15 
1203.46 4.76545e-15 
1203.47 4.21156e-15 
1203.48 3.71473e-15 
1203.49 3.28021e-15 
1203.5 2.89532e-15 
1203.51 2.55452e-15 
1203.52 2.2529e-15 
1203.53 1.98607e-15 
1203.54 1.75011e-15 
1203.55 1.54154e-15 
1203.56 1.35726e-15 
1203.57 1.19452e-15 
1203.58 1.05085e-15 
1203.59 9.24073e-16 
1203.6 8.12254e-16 
1203.61 7.14109e-16 
1203.62 6.27174e-16 
1203.63 5.50593e-16 
1203.64 4.83162e-16 
1203.65 4.23813e-16 
1203.66 3.71599e-16 
1203.67 3.25682e-16 
1203.68 2.8532e-16 
1203.69 2.49856e-16 
1203.7 2.18709e-16 
1203.71 1.91365e-16 
1203.72 1.6737e-16 
1203.73 1.46077e-16 
1203.74 1.27654e-16 
1203.75 1.11507e-16 
1203.76 9.73628e-17 
1203.77 8.4977e-17 
1203.78 7.4136e-17 
1203.79 6.46511e-17 
1203.8 5.63562e-17 
1203.81 4.91051e-17 
1203.82 4.27692e-17 
1203.83 3.72352e-17 
1203.83 3.24038e-17 
1203.84 2.81876e-17 
1203.85 2.45097e-17 
1203.86 2.13029e-17 
1203.87 1.85079e-17 
1203.88 1.60729e-17 
1203.89 1.39525e-17 
1203.9 1.21068e-17 
1203.91 1.05008e-17 
1203.92 9.10413e-18 
1203.93 7.88991e-18 
1203.94 6.83478e-18 
1203.95 5.9183e-18 
1203.96 5.12257e-18 
1203.97 4.43198e-18 
1203.98 3.82594e-18 
1203.99 3.30738e-18 
1204 2.85791e-18 
1204.01 2.4685e-18 
1204.02 2.13126e-18 
1204.03 1.83933e-18 
1204.04 1.58672e-18 
1204.05 1.36824e-18 
1204.06 1.17935e-18 
1204.07 1.01611e-18 
1204.08 8.75104e-19 
1204.09 7.5335e-19 
1204.1 6.48266e-19 
1204.11 5.57608e-19 
1204.12 4.79429e-19 
1204.13 4.12039e-19 
1204.14 3.53974e-19 
1204.15 3.03965e-19 
1204.16 2.60912e-19 
1204.17 2.23864e-19 
1204.18 1.91997e-19 
1204.19 1.64597e-19 
1204.2 1.41049e-19 
1204.21 1.2082e-19 
1204.22 1.03448e-19 
1204.23 8.83655e-20 
1204.24 7.5597e-20 
1204.25 6.46466e-20 
1204.26 5.52594e-20 
1204.26 4.72156e-20 
1204.27 4.03259e-20 
1204.28 3.44272e-20 
1204.29 2.93791e-20 
1204.3 2.50608e-20 
1204.31 2.13683e-20 
1204.32 1.82122e-20 
1204.33 1.55159e-20 
1204.34 1.32132e-20 
1204.35 1.12476e-20 
1204.36 9.57043e-21 
1204.37 8.13994e-21 
1204.38 6.92038e-21 
1204.39 5.88109e-21 
1204.4 4.9958e-21 
1204.41 4.24201e-21 
1204.42 3.60045e-21 
1204.43 3.05465e-21 
1204.44 2.59051e-21 
1204.45 2.19598e-21 
1204.46 1.86076e-21 
1204.47 1.57605e-21 
1204.48 1.33158e-21 
1204.49 1.1269e-21 
1204.5 9.53278e-22 
1204.51 8.06074e-22 
1204.52 6.81317e-22 
1204.53 5.75629e-22 
1204.54 4.86133e-22 
1204.55 4.10381e-22 
1204.56 3.46289e-22 
1204.57 2.92084e-22 
1204.58 2.46262e-22 
1204.59 2.07542e-22 
1204.6 1.74837e-22 
1204.61 1.47224e-22 
1204.62 1.23997e-22 
1204.63 1.04327e-22 
1204.64 8.77407e-23 
1204.65 7.37606e-23 
1204.66 6.19821e-23 
1204.67 5.20628e-23 
1204.68 4.37128e-23 
1204.68 3.66866e-23 
1204.69 3.0777e-23 
1204.7 2.58086e-23 
1204.71 2.16332e-23 
1204.72 1.80857e-23 
1204.73 1.51471e-23 
1204.74 1.26806e-23 
1204.75 1.06114e-23 
1204.76 8.8761e-24 
1204.77 7.4215e-24 
1204.78 6.20269e-24 
1204.79 5.18189e-24 
1204.8 4.32728e-24 
1204.81 3.61211e-24 
1204.82 3.01388e-24 
1204.83 2.51368e-24 
1204.84 2.09562e-24 
1204.85 1.74637e-24 
1204.86 1.45471e-24 
1204.87 1.21126e-24 
1204.88 1.00813e-24 
1204.89 8.3872e-25 
1204.9 6.97485e-25 
1204.91 5.79792e-25 
1204.92 4.81757e-25 
1204.93 4.00133e-25 
1204.94 3.32199e-25 
1204.95 2.75684e-25 
1204.96 2.28689e-25 
1204.97 1.89626e-25 
1204.98 1.56801e-25 
1204.99 1.29908e-25 
1205 1.07583e-25 
1205.01 8.90572e-26 
1205.02 7.3691e-26 
1205.03 6.09507e-26 
1205.04 5.03921e-26 
1205.05 4.16452e-26 
1205.06 3.44023e-26 
1205.07 2.84072e-26 
1205.08 2.3447e-26 
1205.09 1.93449e-26 
1205.1 1.59539e-26 
1205.11 1.31517e-26 
1205.11 1.08373e-26 
1205.12 8.92638e-27 
1205.13 7.34937e-27 
1205.14 6.04845e-27 
1205.15 4.97573e-27 
1205.16 4.09156e-27 
1205.17 3.36311e-27 
1205.18 2.76319e-27 
1205.19 2.26935e-27 
1205.2 1.86299e-27 
1205.21 1.52875e-27 
1205.22 1.25114e-27 
1205.23 1.02558e-27 
1205.24 8.40532e-28 
1205.25 6.88583e-28 
1205.26 5.63868e-28 
1205.27 4.61549e-28 
1205.28 3.7764e-28 
1205.29 3.08856e-28 
1205.3 2.52496e-28 
1205.31 2.06334e-28 
1205.32 1.68541e-28 
1205.33 1.37614e-28 
1205.34 1.12315e-28 
1205.35 9.16282e-29 
1205.36 7.47208e-29 
1205.37 6.09079e-29 
1205.38 4.96277e-29 
1205.39 4.04198e-29 
1205.4 3.29066e-29 
1205.41 2.67788e-29 
1205.42 2.1783e-29 
1205.43 1.77119e-29 
1205.44 1.43956e-29 
1205.45 1.16954e-29 
1205.46 9.4977e-30 
1205.47 7.70977e-30 
1205.48 6.24105e-30 
1205.49 5.06065e-30 
1205.5 4.10284e-30 
1205.51 3.32492e-30 
1205.52 2.69338e-30 
1205.53 2.18089e-30 
1205.54 1.76518e-30 
1205.54 1.42811e-30 
1205.55 1.15493e-30 
1205.56 9.33611e-31 
1205.57 7.54392e-31 
1205.58 6.09322e-31 
1205.59 4.91945e-31 
1205.6 3.97013e-31 
1205.61 3.20464e-31 
1205.62 2.58408e-31 
1205.63 2.08282e-31 
1205.64 1.67809e-31 
1205.65 1.35145e-31 
1205.66 1.08794e-31 
1205.67 8.75439e-32 
1205.68 7.04153e-32 
1205.69 5.66145e-32 
1205.7 4.54996e-32 
1205.71 3.65516e-32 
1205.72 2.93511e-32 
1205.73 2.34945e-32 
1205.74 1.88504e-32 
1205.75 1.5118e-32 
1205.76 1.21195e-32 
1205.77 9.71174e-33 
1205.78 7.77906e-33 
1205.79 6.2284e-33 
1205.8 4.98477e-33 
1205.81 3.9878e-33 
1205.82 3.18889e-33 
1205.83 2.54898e-33 
1205.84 2.03663e-33 
1205.85 1.62658e-33 
1205.86 1.29855e-33 
1205.87 1.03624e-33 
1205.88 8.26576e-34 
1205.89 6.59058e-34 
1205.9 5.25271e-34 
1205.91 4.18468e-34 
1205.92 3.33243e-34 
1205.93 2.65264e-34 
1205.94 2.11064e-34 
1205.95 1.67869e-34 
1205.96 1.33458e-34 
1205.96 1.06057e-34 
1205.97 8.42464e-35 
1205.98 6.67007e-35 
1205.99 5.29394e-35 
1206 4.19998e-35 
1206.01 3.33069e-35 
1206.02 2.64022e-35 
1206.03 2.09202e-35 
1206.04 1.65695e-35 
1206.05 1.31182e-35 
1206.06 1.03814e-35 
1206.07 8.21218e-36 
1206.08 6.49351e-36 
1206.09 5.13239e-36 
1206.1 4.05489e-36 
1206.11 3.20227e-36 
1206.12 2.52787e-36 
1206.13 1.99467e-36 
1206.14 1.57329e-36 
1206.15 1.2404e-36 
1206.16 9.77544e-37 
1206.17 7.70069e-37 
1206.18 6.06376e-37 
1206.19 4.7728e-37 
1206.2 3.75512e-37 
1206.21 2.9532e-37 
1206.22 2.32157e-37 
1206.23 1.81878e-37 
1206.24 1.42858e-37 
1206.25 1.12163e-37 
1206.26 8.80262e-38 
1206.27 6.90549e-38 
1206.28 5.41496e-38 
1206.29 4.2444e-38 
1206.3 3.32549e-38 
1206.31 2.60444e-38 
1206.32 2.03888e-38 
1206.33 1.59547e-38 
1206.34 1.24797e-38 
1206.35 9.75754e-39 
1206.36 7.62596e-39 
1206.37 5.95755e-39 
1206.38 4.65222e-39 
1206.39 3.63138e-39 
1206.39 2.83337e-39 
1206.4 2.2098e-39 
1206.41 1.72275e-39 
1206.42 1.34249e-39 
1206.43 1.04572e-39 
1206.44 8.14223e-40 
1206.45 6.33709e-40 
1206.46 4.93009e-40 
1206.47 3.83387e-40 
1206.48 2.97079e-40 
1206.49 2.3083e-40 
1206.5 1.79279e-40 
1206.51 1.39184e-40 
1206.52 1.08011e-40 
1206.53 8.3785e-41 
1206.54 6.49656e-41 
1206.55 5.03501e-41 
1206.56 3.90079e-41 
1206.57 3.02092e-41 
1206.58 2.33849e-41 
1206.59 1.8095e-41 
1206.6 0 
