#energy geo_1 
1186.6 0 
1186.61 0 
1186.62 0 
1186.63 0 
1186.64 0 
1186.65 0 
1186.66 0 
1186.67 0 
1186.68 0 
1186.69 0 
1186.7 0 
1186.71 0 
1186.72 0 
1186.73 0 
1186.74 0 
1186.75 0 
1186.76 0 
1186.77 0 
1186.78 0 
1186.79 0 
1186.8 0 
1186.81 0 
1186.81 0 
1186.82 0 
1186.83 0 
1186.84 0 
1186.85 0 
1186.86 0 
1186.87 0 
1186.88 0 
1186.89 0 
1186.9 0 
1186.91 0 
1186.92 0 
1186.93 0 
1186.94 0 
1186.95 0 
1186.96 1.4013e-45 
1186.97 1.4013e-45 
1186.98 1.4013e-45 
1186.99 1.4013e-45 
1187 1.4013e-45 
1187.01 2.8026e-45 
1187.02 2.8026e-45 
1187.03 2.8026e-45 
1187.04 4.2039e-45 
1187.05 4.2039e-45 
1187.06 7.00649e-45 
1187.07 8.40779e-45 
1187.08 9.80909e-45 
1187.09 1.26117e-44 
1187.1 1.54143e-44 
1187.11 1.82169e-44 
1187.12 2.38221e-44 
1187.13 2.94273e-44 
1187.14 3.78351e-44 
1187.15 4.76441e-44 
1187.16 6.02558e-44 
1187.17 7.56701e-44 
1187.18 9.3887e-44 
1187.19 1.17709e-43 
1187.2 1.45735e-43 
1187.21 1.82169e-43 
1187.22 2.2701e-43 
1187.23 2.85865e-43 
1187.24 3.57331e-43 
1187.24 4.45613e-43 
1187.25 5.57717e-43 
1187.26 6.95044e-43 
1187.27 8.67404e-43 
1187.28 1.0818e-42 
1187.29 1.34805e-42 
1187.3 1.68016e-42 
1187.31 2.09494e-42 
1187.32 2.60922e-42 
1187.33 3.24821e-42 
1187.34 4.04415e-42 
1187.35 5.03066e-42 
1187.36 6.2568e-42 
1187.37 7.77861e-42 
1187.38 9.67036e-42 
1187.39 1.20161e-41 
1187.4 1.49266e-41 
1187.41 1.85336e-41 
1187.42 2.30065e-41 
1187.43 2.85473e-41 
1187.44 3.54122e-41 
1187.45 4.39111e-41 
1187.46 5.44334e-41 
1187.47 6.74515e-41 
1187.48 8.3778e-41 
1187.49 1.03745e-40 
1187.5 1.28425e-40 
1187.51 1.58921e-40 
1187.52 1.96592e-40 
1187.53 2.4311e-40 
1187.54 3.00531e-40 
1187.55 3.71386e-40 
1187.56 4.58791e-40 
1187.57 5.66572e-40 
1187.58 6.99432e-40 
1187.59 8.63151e-40 
1187.6 1.06483e-39 
1187.61 1.31399e-39 
1187.62 1.6199e-39 
1187.63 1.99634e-39 
1187.64 2.45941e-39 
1187.65 3.02885e-39 
1187.66 3.72887e-39 
1187.66 4.58909e-39 
1187.67 5.64582e-39 
1187.68 6.9435e-39 
1187.69 8.53652e-39 
1187.7 1.04914e-38 
1187.71 1.28896e-38 
1187.72 1.58305e-38 
1187.73 1.94856e-38 
1187.74 2.3915e-38 
1187.75 2.93411e-38 
1187.76 3.59861e-38 
1187.77 4.41208e-38 
1187.78 5.40758e-38 
1187.79 6.62542e-38 
1187.8 8.11475e-38 
1187.81 9.93546e-38 
1187.82 1.21605e-37 
1187.83 1.48787e-37 
1187.84 1.81983e-37 
1187.85 2.2251e-37 
1187.86 2.71967e-37 
1187.87 3.32304e-37 
1187.88 4.05887e-37 
1187.89 4.95593e-37 
1187.9 6.04919e-37 
1187.91 7.38108e-37 
1187.92 9.00314e-37 
1187.93 1.09779e-36 
1187.94 1.33812e-36 
1187.95 1.6305e-36 
1187.96 1.98609e-36 
1187.97 2.4184e-36 
1187.98 2.95103e-36 
1187.99 3.59089e-36 
1188 4.368e-36 
1188.01 5.31145e-36 
1188.02 6.45647e-36 
1188.03 7.84563e-36 
1188.04 9.53042e-36 
1188.05 1.1573e-35 
1188.06 1.40486e-35 
1188.07 1.70478e-35 
1188.08 2.06803e-35 
1188.09 2.50782e-35 
1188.09 3.04009e-35 
1188.1 3.68406e-35 
1188.11 4.46292e-35 
1188.12 5.40458e-35 
1188.13 6.54268e-35 
1188.14 7.91773e-35 
1188.15 9.57848e-35 
1188.16 1.15836e-34 
1188.17 1.40037e-34 
1188.18 1.69235e-34 
1188.19 2.04452e-34 
1188.2 2.46911e-34 
1188.21 2.98087e-34 
1188.22 3.59746e-34 
1188.23 4.35029e-34 
1188.24 5.24652e-34 
1188.25 6.32521e-34 
1188.26 7.62307e-34 
1188.27 9.18409e-34 
1188.28 1.1061e-33 
1188.29 1.33168e-33 
1188.3 1.60273e-33 
1188.31 1.92828e-33 
1188.32 2.31916e-33 
1188.33 2.78833e-33 
1188.34 3.35125e-33 
1188.35 4.02644e-33 
1188.36 4.83599e-33 
1188.37 5.80633e-33 
1188.38 6.96898e-33 
1188.39 8.36156e-33 
1188.4 1.0029e-32 
1188.41 1.20248e-32 
1188.42 1.44128e-32 
1188.43 1.72691e-32 
1188.44 2.06844e-32 
1188.45 2.47666e-32 
1188.46 2.96443e-32 
1188.47 3.54705e-32 
1188.48 4.25223e-32 
1188.49 5.08443e-32 
1188.5 6.07743e-32 
1188.51 7.26186e-32 
1188.52 8.67416e-32 
1188.52 1.03576e-31 
1188.53 1.23634e-31 
1188.54 1.47527e-31 
1188.55 1.75976e-31 
1188.56 2.0984e-31 
1188.57 2.50135e-31 
1188.58 2.98064e-31 
1188.59 3.55056e-31 
1188.6 4.23065e-31 
1188.61 5.03612e-31 
1188.62 5.99289e-31 
1188.63 7.12898e-31 
1188.64 8.47754e-31 
1188.65 1.00777e-30 
1188.66 1.19759e-30 
1188.67 1.42267e-30 
1188.68 1.68946e-30 
1188.69 2.00561e-30 
1188.7 2.3801e-30 
1188.71 2.82354e-30 
1188.72 3.34845e-30 
1188.73 3.97803e-30 
1188.74 4.71432e-30 
1188.75 5.58496e-30 
1188.76 6.61413e-30 
1188.77 7.83026e-30 
1188.78 9.26681e-30 
1188.79 1.09632e-29 
1188.8 1.29656e-29 
1188.81 1.53285e-29 
1188.82 1.81158e-29 
1188.83 2.14027e-29 
1188.84 2.52771e-29 
1188.85 2.98428e-29 
1188.86 3.5221e-29 
1188.87 4.15542e-29 
1188.88 4.90095e-29 
1188.89 5.77824e-29 
1188.9 6.81023e-29 
1188.91 8.02378e-29 
1188.92 9.45035e-29 
1188.93 1.11267e-28 
1188.94 1.3096e-28 
1188.94 1.54085e-28 
1188.95 1.81231e-28 
1188.96 2.13086e-28 
1188.97 2.50455e-28 
1188.98 2.94869e-28 
1188.99 3.46341e-28 
1189 4.06658e-28 
1189.01 4.77316e-28 
1189.02 5.60059e-28 
1189.03 6.5692e-28 
1189.04 7.70268e-28 
1189.05 9.02865e-28 
1189.06 1.05792e-27 
1189.07 1.23919e-27 
1189.08 1.45101e-27 
1189.09 1.69846e-27 
1189.1 1.98743e-27 
1189.11 2.32476e-27 
1189.12 2.71841e-27 
1189.13 3.17763e-27 
1189.14 3.71316e-27 
1189.15 4.33744e-27 
1189.16 5.06496e-27 
1189.17 5.91246e-27 
1189.18 6.89941e-27 
1189.19 8.04834e-27 
1189.2 9.38539e-27 
1189.21 1.09408e-26 
1189.22 1.27496e-26 
1189.23 1.48807e-26 
1189.24 1.73289e-26 
1189.25 2.0173e-26 
1189.26 2.34757e-26 
1189.27 2.73099e-26 
1189.28 3.17594e-26 
1189.29 3.69211e-26 
1189.3 4.2907e-26 
1189.31 4.98463e-26 
1189.32 5.78881e-26 
1189.33 6.72041e-26 
1189.34 7.79927e-26 
1189.35 9.04821e-26 
1189.36 1.04935e-25 
1189.36 1.21656e-25 
1189.37 1.40992e-25 
1189.38 1.63346e-25 
1189.39 1.89178e-25 
1189.4 2.19021e-25 
1189.41 2.53485e-25 
1189.42 2.93271e-25 
1189.43 3.39185e-25 
1189.44 3.92153e-25 
1189.45 4.53237e-25 
1189.46 5.23657e-25 
1189.47 6.04809e-25 
1189.48 6.99553e-25 
1189.49 8.07407e-25 
1189.5 9.3157e-25 
1189.51 1.07446e-24 
1189.52 1.23884e-24 
1189.53 1.42788e-24 
1189.54 1.6452e-24 
1189.55 1.89494e-24 
1189.56 2.18185e-24 
1189.57 2.51133e-24 
1189.58 2.88959e-24 
1189.59 3.32367e-24 
1189.6 3.82165e-24 
1189.61 4.39547e-24 
1189.62 5.05057e-24 
1189.63 5.80132e-24 
1189.64 6.66137e-24 
1189.65 7.64631e-24 
1189.66 8.77386e-24 
1189.67 1.00642e-23 
1189.68 1.15404e-23 
1189.69 1.32286e-23 
1189.7 1.51585e-23 
1189.71 1.7364e-23 
1189.72 1.98836e-23 
1189.73 2.27995e-23 
1189.74 2.60897e-23 
1189.75 2.98446e-23 
1189.76 3.41282e-23 
1189.77 3.90132e-23 
1189.78 4.45821e-23 
1189.79 5.09285e-23 
1189.79 5.81583e-23 
1189.8 6.63918e-23 
1189.81 7.57648e-23 
1189.82 8.64314e-23 
1189.83 9.85659e-23 
1189.84 1.12366e-22 
1189.85 1.28053e-22 
1189.86 1.45881e-22 
1189.87 1.66134e-22 
1189.88 1.89133e-22 
1189.89 2.15243e-22 
1189.9 2.44873e-22 
1189.91 2.78487e-22 
1189.92 3.16606e-22 
1189.93 3.59819e-22 
1189.94 4.0879e-22 
1189.95 4.64267e-22 
1189.96 5.27091e-22 
1189.97 5.98212e-22 
1189.98 6.79767e-22 
1189.99 7.70955e-22 
1190 8.74077e-22 
1190.01 9.90652e-22 
1190.02 1.12239e-21 
1190.03 1.27121e-21 
1190.04 1.43927e-21 
1190.05 1.62898e-21 
1190.06 1.84308e-21 
1190.07 2.08459e-21 
1190.08 2.35694e-21 
1190.09 2.66397e-21 
1190.1 3.00995e-21 
1190.11 3.3997e-21 
1190.12 3.8386e-21 
1190.13 4.33268e-21 
1190.14 4.88867e-21 
1190.15 5.51412e-21 
1190.16 6.21746e-21 
1190.17 7.0081e-21 
1190.18 7.89658e-21 
1190.19 8.89465e-21 
1190.2 1.00154e-20 
1190.21 1.12736e-20 
1190.21 1.26854e-20 
1190.22 1.42901e-20 
1190.23 1.60686e-20 
1190.24 1.80622e-20 
1190.25 2.02962e-20 
1190.26 2.27988e-20 
1190.27 2.56011e-20 
1190.28 2.8738e-20 
1190.29 3.22482e-20 
1190.3 3.61747e-20 
1190.31 4.05654e-20 
1190.32 4.54734e-20 
1190.33 5.09577e-20 
1190.34 5.70839e-20 
1190.35 6.39247e-20 
1190.36 7.15607e-20 
1190.37 8.00814e-20 
1190.38 8.95858e-20 
1190.39 1.00184e-19 
1190.4 1.11997e-19 
1190.41 1.25161e-19 
1190.42 1.39824e-19 
1190.43 1.56151e-19 
1190.44 1.74324e-19 
1190.45 1.94546e-19 
1190.46 2.1704e-19 
1190.47 2.42051e-19 
1190.48 2.70218e-19 
1190.49 3.01149e-19 
1190.5 3.35505e-19 
1190.51 3.73653e-19 
1190.52 4.15996e-19 
1190.53 4.62978e-19 
1190.54 5.15089e-19 
1190.55 5.7287e-19 
1190.56 6.36913e-19 
1190.57 7.07874e-19 
1190.58 7.8647e-19 
1190.59 8.73494e-19 
1190.6 9.69814e-19 
1190.61 1.07706e-18 
1190.62 1.195e-18 
1190.63 1.32541e-18 
1190.64 1.46955e-18 
1190.64 1.6288e-18 
1190.65 1.80469e-18 
1190.66 1.99889e-18 
1190.67 2.21322e-18 
1190.68 2.4497e-18 
1190.69 2.71052e-18 
1190.7 2.99807e-18 
1190.71 3.315e-18 
1190.72 3.66417e-18 
1190.73 4.05377e-18 
1190.74 4.47767e-18 
1190.75 4.94419e-18 
1190.76 5.45745e-18 
1190.77 6.02193e-18 
1190.78 6.64251e-18 
1190.79 7.32454e-18 
1190.8 8.07382e-18 
1190.81 8.8967e-18 
1190.82 9.80009e-18 
1190.83 1.07915e-17 
1190.84 1.18791e-17 
1190.85 1.30719e-17 
1190.86 1.43795e-17 
1190.87 1.58125e-17 
1190.88 1.73824e-17 
1190.89 1.91015e-17 
1190.9 2.09835e-17 
1190.91 2.3043e-17 
1190.92 2.5296e-17 
1190.93 2.77597e-17 
1190.94 3.04529e-17 
1190.95 3.3396e-17 
1190.96 3.6611e-17 
1190.97 4.01217e-17 
1190.98 4.40041e-17 
1190.99 4.81905e-17 
1191 5.27571e-17 
1191.01 5.77367e-17 
1191.02 6.31646e-17 
1191.03 6.90791e-17 
1191.04 7.55216e-17 
1191.05 8.25367e-17 
1191.06 9.01725e-17 
1191.07 9.8481e-17 
1191.07 1.07518e-16 
1191.08 1.17344e-16 
1191.09 1.28025e-16 
1191.1 1.3963e-16 
1191.11 1.52234e-16 
1191.12 1.6592e-16 
1191.13 1.80774e-16 
1191.14 1.9689e-16 
1191.15 2.1437e-16 
1191.16 2.33322e-16 
1191.17 2.53863e-16 
1191.18 2.76117e-16 
1191.19 3.0022e-16 
1191.2 3.26314e-16 
1191.21 3.54556e-16 
1191.22 3.8511e-16 
1191.23 4.18584e-16 
1191.24 4.54343e-16 
1191.25 4.92989e-16 
1191.26 5.34739e-16 
1191.27 5.79827e-16 
1191.28 6.28501e-16 
1191.29 6.81029e-16 
1191.3 7.37696e-16 
1191.31 7.98804e-16 
1191.32 8.6468e-16 
1191.33 9.35669e-16 
1191.34 1.01214e-15 
1191.35 1.09449e-15 
1191.36 1.18313e-15 
1191.37 1.27852e-15 
1191.38 1.38113e-15 
1191.39 1.49147e-15 
1191.4 1.61007e-15 
1191.41 1.73751e-15 
1191.42 1.8744e-15 
1191.43 2.02139e-15 
1191.44 2.17917e-15 
1191.45 2.34846e-15 
1191.46 2.53004e-15 
1191.47 2.72474e-15 
1191.48 2.93622e-15 
1191.49 3.15992e-15 
1191.49 3.39961e-15 
1191.5 3.65625e-15 
1191.51 3.93093e-15 
1191.52 4.22482e-15 
1191.53 4.53914e-15 
1191.54 4.8752e-15 
1191.55 5.23438e-15 
1191.56 5.61812e-15 
1191.57 6.02795e-15 
1191.58 6.46551e-15 
1191.59 6.9325e-15 
1191.6 7.43535e-15 
1191.61 7.96703e-15 
1191.62 8.53386e-15 
1191.63 9.13796e-15 
1191.64 9.78154e-15 
1191.65 1.04669e-14 
1191.66 1.11966e-14 
1191.67 1.19732e-14 
1191.68 1.27994e-14 
1191.69 1.3678e-14 
1191.7 1.46121e-14 
1191.71 1.56047e-14 
1191.72 1.66593e-14 
1191.73 1.77937e-14 
1191.74 1.89837e-14 
1191.75 2.02465e-14 
1191.76 2.15862e-14 
1191.77 2.3007e-14 
1191.78 2.45133e-14 
1191.79 2.61096e-14 
1191.8 2.78009e-14 
1191.81 2.95921e-14 
1191.82 3.14885e-14 
1191.83 3.34956e-14 
1191.84 3.56191e-14 
1191.85 3.78651e-14 
1191.86 4.02398e-14 
1191.87 4.27498e-14 
1191.88 4.54019e-14 
1191.89 4.82032e-14 
1191.9 5.11611e-14 
1191.91 5.42836e-14 
1191.92 5.75785e-14 
1191.92 6.10544e-14 
1191.93 6.472e-14 
1191.94 6.85845e-14 
1191.95 7.26575e-14 
1191.96 7.69488e-14 
1191.97 8.14688e-14 
1191.98 8.62893e-14 
1191.99 9.13027e-14 
1192 9.65785e-14 
1192.01 1.02129e-13 
1192.02 1.07967e-13 
1192.03 1.14105e-13 
1192.04 1.20557e-13 
1192.05 1.27338e-13 
1192.06 1.34462e-13 
1192.07 1.41945e-13 
1192.08 1.49802e-13 
1192.09 1.58051e-13 
1192.1 1.66709e-13 
1192.11 1.75794e-13 
1192.12 1.85325e-13 
1192.13 1.95322e-13 
1192.14 2.05805e-13 
1192.15 2.16795e-13 
1192.16 2.28316e-13 
1192.17 2.40389e-13 
1192.18 2.5304e-13 
1192.19 2.66294e-13 
1192.2 2.80177e-13 
1192.21 2.94718e-13 
1192.22 3.09944e-13 
1192.23 3.26091e-13 
1192.24 3.42791e-13 
1192.25 3.60274e-13 
1192.26 3.78572e-13 
1192.27 3.97724e-13 
1192.28 4.17768e-13 
1192.29 4.38743e-13 
1192.3 4.60693e-13 
1192.31 4.83661e-13 
1192.32 5.07695e-13 
1192.33 5.32844e-13 
1192.34 5.5916e-13 
1192.34 5.86699e-13 
1192.35 6.15517e-13 
1192.36 6.45678e-13 
1192.37 6.77244e-13 
1192.38 7.10286e-13 
1192.39 7.44875e-13 
1192.4 7.81088e-13 
1192.41 8.19008e-13 
1192.42 8.5872e-13 
1192.43 9.00317e-13 
1192.44 9.43896e-13 
1192.45 9.89561e-13 
1192.46 1.03742e-12 
1192.47 1.0876e-12 
1192.48 1.14089e-12 
1192.49 1.19611e-12 
1192.5 1.25404e-12 
1192.51 1.31485e-12 
1192.52 1.37868e-12 
1192.53 1.44572e-12 
1192.54 1.51614e-12 
1192.55 1.59014e-12 
1192.56 1.66794e-12 
1192.57 1.74975e-12 
1192.58 1.83582e-12 
1192.59 1.9264e-12 
1192.6 2.02177e-12 
1192.61 2.12353e-12 
1192.62 2.22943e-12 
1192.63 2.34105e-12 
1192.64 2.45876e-12 
1192.65 2.58294e-12 
1192.66 2.71399e-12 
1192.67 2.85235e-12 
1192.68 2.99849e-12 
1192.69 3.15291e-12 
1192.7 3.31613e-12 
1192.71 3.48873e-12 
1192.72 3.67132e-12 
1192.73 3.86703e-12 
1192.74 4.07173e-12 
1192.75 4.28851e-12 
1192.76 4.51816e-12 
1192.77 4.76153e-12 
1192.77 5.01953e-12 
1192.78 5.29311e-12 
1192.79 5.5833e-12 
1192.8 5.89121e-12 
1192.81 6.21799e-12 
1192.82 6.56489e-12 
1192.83 6.93324e-12 
1192.84 7.32446e-12 
1192.85 7.74005e-12 
1192.86 8.18162e-12 
1192.87 8.65087e-12 
1192.88 9.14962e-12 
1192.89 9.6798e-12 
1192.9 1.02435e-11 
1192.91 1.08428e-11 
1192.92 1.14802e-11 
1192.93 1.2158e-11 
1192.94 1.28788e-11 
1192.95 1.36456e-11 
1192.96 1.44611e-11 
1192.97 1.53287e-11 
1192.98 1.62633e-11 
1192.99 1.72456e-11 
1193 1.82905e-11 
1193.01 1.94019e-11 
1193.02 2.05841e-11 
1193.03 2.18413e-11 
1193.04 2.31784e-11 
1193.05 2.46003e-11 
1193.06 2.61123e-11 
1193.07 2.77198e-11 
1193.08 2.94288e-11 
1193.09 3.12454e-11 
1193.1 3.31763e-11 
1193.11 3.52282e-11 
1193.12 3.74084e-11 
1193.13 3.97247e-11 
1193.14 4.21851e-11 
1193.15 4.47982e-11 
1193.16 4.75728e-11 
1193.17 5.05186e-11 
1193.18 5.36453e-11 
1193.19 5.69636e-11 
1193.19 6.04844e-11 
1193.2 6.42193e-11 
1193.21 6.81804e-11 
1193.22 7.24362e-11 
1193.23 7.68903e-11 
1193.24 8.16128e-11 
1193.25 8.66168e-11 
1193.26 9.19177e-11 
1193.27 9.75318e-11 
1193.28 1.03476e-10 
1193.29 1.09769e-10 
1193.3 1.16428e-10 
1193.31 1.23473e-10 
1193.32 1.30926e-10 
1193.33 1.38806e-10 
1193.34 1.47137e-10 
1193.35 1.55941e-10 
1193.36 1.65244e-10 
1193.37 1.7507e-10 
1193.38 1.85447e-10 
1193.39 1.96401e-10 
1193.4 2.07962e-10 
1193.41 2.2016e-10 
1193.42 2.33026e-10 
1193.43 2.46593e-10 
1193.44 2.60894e-10 
1193.45 2.75966e-10 
1193.46 2.91845e-10 
1193.47 3.08568e-10 
1193.48 3.26403e-10 
1193.49 3.44949e-10 
1193.5 3.64465e-10 
1193.51 3.84994e-10 
1193.52 4.06583e-10 
1193.53 4.2928e-10 
1193.54 4.53133e-10 
1193.55 4.78195e-10 
1193.56 5.04518e-10 
1193.57 5.32156e-10 
1193.58 5.61168e-10 
1193.59 5.91611e-10 
1193.6 6.23546e-10 
1193.61 6.57444e-10 
1193.62 6.92574e-10 
1193.62 7.29391e-10 
1193.63 7.67964e-10 
1193.64 8.08362e-10 
1193.65 8.5066e-10 
1193.66 8.94932e-10 
1193.67 9.41256e-10 
1193.68 9.89711e-10 
1193.69 1.04038e-09 
1193.7 1.09334e-09 
1193.71 1.14869e-09 
1193.72 1.20651e-09 
1193.73 1.26766e-09 
1193.74 1.33073e-09 
1193.75 1.39655e-09 
1193.76 1.46522e-09 
1193.77 1.53684e-09 
1193.78 1.61151e-09 
1193.79 1.68934e-09 
1193.8 1.77043e-09 
1193.81 1.85489e-09 
1193.82 1.94284e-09 
1193.83 2.03437e-09 
1193.84 2.12962e-09 
1193.85 2.2287e-09 
1193.86 2.33173e-09 
1193.87 2.43883e-09 
1193.88 2.55012e-09 
1193.89 2.66573e-09 
1193.9 2.78579e-09 
1193.91 2.91043e-09 
1193.92 3.03977e-09 
1193.93 3.17395e-09 
1193.94 3.31311e-09 
1193.95 3.45738e-09 
1193.96 3.60689e-09 
1193.97 3.76179e-09 
1193.98 3.92426e-09 
1193.99 4.09042e-09 
1194 4.26239e-09 
1194.01 4.44031e-09 
1194.02 4.62433e-09 
1194.03 4.81459e-09 
1194.04 5.01122e-09 
1194.05 5.21439e-09 
1194.05 5.42423e-09 
1194.06 5.64088e-09 
1194.07 5.86449e-09 
1194.08 6.09521e-09 
1194.09 6.33317e-09 
1194.1 6.57852e-09 
1194.11 6.83141e-09 
1194.12 7.09196e-09 
1194.13 7.36033e-09 
1194.14 7.63664e-09 
1194.15 7.92104e-09 
1194.16 8.21365e-09 
1194.17 8.51462e-09 
1194.18 8.82406e-09 
1194.19 9.14211e-09 
1194.2 9.46888e-09 
1194.21 9.80451e-09 
1194.22 1.01491e-08 
1194.23 1.05072e-08 
1194.24 1.08702e-08 
1194.25 1.12425e-08 
1194.26 1.16242e-08 
1194.27 1.20153e-08 
1194.28 1.24161e-08 
1194.29 1.28265e-08 
1194.3 1.32467e-08 
1194.31 1.36767e-08 
1194.32 1.41167e-08 
1194.33 1.45665e-08 
1194.34 1.50265e-08 
1194.35 1.54965e-08 
1194.36 1.59766e-08 
1194.37 1.64669e-08 
1194.38 1.69674e-08 
1194.39 1.74781e-08 
1194.4 1.7999e-08 
1194.41 1.85302e-08 
1194.42 1.90716e-08 
1194.43 1.96233e-08 
1194.44 2.01852e-08 
1194.45 2.07573e-08 
1194.46 2.13396e-08 
1194.47 2.1932e-08 
1194.47 2.25422e-08 
1194.48 2.31548e-08 
1194.49 2.37774e-08 
1194.5 2.441e-08 
1194.51 2.50523e-08 
1194.52 2.57044e-08 
1194.53 2.6366e-08 
1194.54 2.70372e-08 
1194.55 2.77178e-08 
1194.56 2.84076e-08 
1194.57 2.91066e-08 
1194.58 2.98146e-08 
1194.59 3.05314e-08 
1194.6 3.12568e-08 
1194.61 3.20107e-08 
1194.62 3.27535e-08 
1194.63 3.35044e-08 
1194.64 3.42633e-08 
1194.65 3.50299e-08 
1194.66 3.58041e-08 
1194.67 3.65857e-08 
1194.68 3.73743e-08 
1194.69 3.81699e-08 
1194.7 3.89722e-08 
1194.71 3.97809e-08 
1194.72 4.05958e-08 
1194.73 4.1427e-08 
1194.74 4.22536e-08 
1194.75 4.30858e-08 
1194.76 4.39231e-08 
1194.77 4.47654e-08 
1194.78 4.56125e-08 
1194.79 4.6464e-08 
1194.8 4.73196e-08 
1194.81 4.81793e-08 
1194.82 4.90426e-08 
1194.83 4.99094e-08 
1194.84 5.07794e-08 
1194.85 5.16523e-08 
1194.86 5.2528e-08 
1194.87 5.34062e-08 
1194.88 5.42866e-08 
1194.89 5.51691e-08 
1194.9 5.60534e-08 
1194.9 5.69393e-08 
1194.91 5.78267e-08 
1194.92 5.87154e-08 
1194.93 5.96052e-08 
1194.94 6.04959e-08 
1194.95 6.13874e-08 
1194.96 6.22795e-08 
1194.97 6.31722e-08 
1194.98 6.40766e-08 
1194.99 6.49702e-08 
1195 6.58641e-08 
1195.01 6.67582e-08 
1195.02 6.76527e-08 
1195.03 6.85474e-08 
1195.04 6.94424e-08 
1195.05 7.03377e-08 
1195.06 7.12334e-08 
1195.07 7.21297e-08 
1195.08 7.30265e-08 
1195.09 7.39241e-08 
1195.1 7.48227e-08 
1195.11 7.57224e-08 
1195.12 7.66235e-08 
1195.13 7.75262e-08 
1195.14 7.84309e-08 
1195.15 7.93378e-08 
1195.16 8.02474e-08 
1195.17 8.11599e-08 
1195.18 8.20759e-08 
1195.19 8.29958e-08 
1195.2 8.392e-08 
1195.21 8.48491e-08 
1195.22 8.57836e-08 
1195.23 8.6736e-08 
1195.24 8.76833e-08 
1195.25 8.8638e-08 
1195.26 8.96006e-08 
1195.27 9.05721e-08 
1195.28 9.1553e-08 
1195.29 9.25442e-08 
1195.3 9.35466e-08 
1195.31 9.45611e-08 
1195.32 9.55884e-08 
1195.32 9.66296e-08 
1195.33 9.76856e-08 
1195.34 9.87575e-08 
1195.35 9.98462e-08 
1195.36 1.00953e-07 
1195.37 1.02078e-07 
1195.38 1.03224e-07 
1195.39 1.04391e-07 
1195.4 1.05581e-07 
1195.41 1.06794e-07 
1195.42 1.08032e-07 
1195.43 1.09296e-07 
1195.44 1.10588e-07 
1195.45 1.11908e-07 
1195.46 1.13259e-07 
1195.47 1.14641e-07 
1195.48 1.16073e-07 
1195.49 1.17522e-07 
1195.5 1.19006e-07 
1195.51 1.20527e-07 
1195.52 1.22086e-07 
1195.53 1.23685e-07 
1195.54 1.25324e-07 
1195.55 1.27006e-07 
1195.56 1.28732e-07 
1195.57 1.30502e-07 
1195.58 1.32319e-07 
1195.59 1.34184e-07 
1195.6 1.36098e-07 
1195.61 1.38148e-07 
1195.62 1.40165e-07 
1195.63 1.42235e-07 
1195.64 1.44359e-07 
1195.65 1.46539e-07 
1195.66 1.48776e-07 
1195.67 1.5107e-07 
1195.68 1.53424e-07 
1195.69 1.55837e-07 
1195.7 1.58312e-07 
1195.71 1.60849e-07 
1195.72 1.63448e-07 
1195.73 1.66146e-07 
1195.74 1.68875e-07 
1195.75 1.71669e-07 
1195.75 1.7453e-07 
1195.76 1.77458e-07 
1195.77 1.80454e-07 
1195.78 1.83517e-07 
1195.79 1.86649e-07 
1195.8 1.89849e-07 
1195.81 1.93119e-07 
1195.82 1.96457e-07 
1195.83 1.99865e-07 
1195.84 2.03343e-07 
1195.85 2.0689e-07 
1195.86 2.10506e-07 
1195.87 2.14191e-07 
1195.88 2.17945e-07 
1195.89 2.21767e-07 
1195.9 2.25657e-07 
1195.91 2.29613e-07 
1195.92 2.33637e-07 
1195.93 2.37725e-07 
1195.94 2.41878e-07 
1195.95 2.46095e-07 
1195.96 2.50374e-07 
1195.97 2.54714e-07 
1195.98 2.5917e-07 
1195.99 2.63629e-07 
1196 2.68145e-07 
1196.01 2.72716e-07 
1196.02 2.7734e-07 
1196.03 2.82016e-07 
1196.04 2.86741e-07 
1196.05 2.91514e-07 
1196.06 2.96332e-07 
1196.07 3.01193e-07 
1196.08 3.06095e-07 
1196.09 3.11034e-07 
1196.1 3.1601e-07 
1196.11 3.21018e-07 
1196.12 3.26056e-07 
1196.13 3.31122e-07 
1196.14 3.36213e-07 
1196.15 3.41324e-07 
1196.16 3.46455e-07 
1196.17 3.516e-07 
1196.17 3.56758e-07 
1196.18 3.61925e-07 
1196.19 3.67097e-07 
1196.2 3.72272e-07 
1196.21 3.77445e-07 
1196.22 3.82678e-07 
1196.23 3.87839e-07 
1196.24 3.92988e-07 
1196.25 3.98122e-07 
1196.26 4.03237e-07 
1196.27 4.0833e-07 
1196.28 4.13397e-07 
1196.29 4.18434e-07 
1196.3 4.23438e-07 
1196.31 4.28406e-07 
1196.32 4.33334e-07 
1196.33 4.38218e-07 
1196.34 4.43054e-07 
1196.35 4.47841e-07 
1196.36 4.52573e-07 
1196.37 4.57248e-07 
1196.38 4.61862e-07 
1196.39 4.66413e-07 
1196.4 4.70896e-07 
1196.41 4.7531e-07 
1196.42 4.7965e-07 
1196.43 4.83915e-07 
1196.44 4.88101e-07 
1196.45 4.92206e-07 
1196.46 4.96227e-07 
1196.47 5.00162e-07 
1196.48 5.04055e-07 
1196.49 5.0781e-07 
1196.5 5.11472e-07 
1196.51 5.1504e-07 
1196.52 5.18511e-07 
1196.53 5.21886e-07 
1196.54 5.25161e-07 
1196.55 5.28336e-07 
1196.56 5.3141e-07 
1196.57 5.34382e-07 
1196.58 5.37252e-07 
1196.59 5.4002e-07 
1196.6 5.42684e-07 
1196.6 5.45585e-07 
1196.61 5.48046e-07 
1196.62 5.50404e-07 
1196.63 5.52662e-07 
1196.64 5.54819e-07 
1196.65 5.56877e-07 
1196.66 5.58837e-07 
1196.67 5.60701e-07 
1196.68 5.62471e-07 
1196.69 5.64148e-07 
1196.7 5.65736e-07 
1196.71 5.67237e-07 
1196.72 5.68654e-07 
1196.73 5.70006e-07 
1196.74 5.71263e-07 
1196.75 5.72446e-07 
1196.76 5.73559e-07 
1196.77 5.74606e-07 
1196.78 5.75591e-07 
1196.79 5.76519e-07 
1196.8 5.77395e-07 
1196.81 5.78225e-07 
1196.82 5.79012e-07 
1196.83 5.79763e-07 
1196.84 5.80484e-07 
1196.85 5.81181e-07 
1196.86 5.81859e-07 
1196.87 5.82526e-07 
1196.88 5.83189e-07 
1196.89 5.83852e-07 
1196.9 5.84525e-07 
1196.91 5.85215e-07 
1196.92 5.85928e-07 
1196.93 5.86672e-07 
1196.94 5.87456e-07 
1196.95 5.88287e-07 
1196.96 5.89173e-07 
1196.97 5.90123e-07 
1196.98 5.91158e-07 
1196.99 5.92262e-07 
1197 5.93454e-07 
1197.01 5.94745e-07 
1197.02 5.96143e-07 
1197.03 5.97656e-07 
1197.03 5.99294e-07 
1197.04 6.01067e-07 
1197.05 6.02982e-07 
1197.06 6.0505e-07 
1197.07 6.07279e-07 
1197.08 6.09678e-07 
1197.09 6.12258e-07 
1197.1 6.15027e-07 
1197.11 6.17994e-07 
1197.12 6.21168e-07 
1197.13 6.24559e-07 
1197.14 6.28175e-07 
1197.15 6.32026e-07 
1197.16 6.3612e-07 
1197.17 6.40466e-07 
1197.18 6.45073e-07 
1197.19 6.49949e-07 
1197.2 6.55103e-07 
1197.21 6.60542e-07 
1197.22 6.66275e-07 
1197.23 6.72387e-07 
1197.24 6.78735e-07 
1197.25 6.85399e-07 
1197.26 6.92387e-07 
1197.27 6.99705e-07 
1197.28 7.07361e-07 
1197.29 7.1536e-07 
1197.3 7.23709e-07 
1197.31 7.32414e-07 
1197.32 7.41479e-07 
1197.33 7.50911e-07 
1197.34 7.60713e-07 
1197.35 7.7089e-07 
1197.36 7.81447e-07 
1197.37 7.92387e-07 
1197.38 8.03713e-07 
1197.39 8.15428e-07 
1197.4 8.27534e-07 
1197.41 8.40035e-07 
1197.42 8.5293e-07 
1197.43 8.66222e-07 
1197.44 8.79911e-07 
1197.45 8.93998e-07 
1197.45 9.08482e-07 
1197.46 9.23362e-07 
1197.47 9.38638e-07 
1197.48 9.54506e-07 
1197.49 9.70572e-07 
1197.5 9.87027e-07 
1197.51 1.00387e-06 
1197.52 1.02109e-06 
1197.53 1.03869e-06 
1197.54 1.05667e-06 
1197.55 1.07501e-06 
1197.56 1.09372e-06 
1197.57 1.11278e-06 
1197.58 1.13219e-06 
1197.59 1.15195e-06 
1197.6 1.17204e-06 
1197.61 1.1932e-06 
1197.62 1.21395e-06 
1197.63 1.235e-06 
1197.64 1.25636e-06 
1197.65 1.27801e-06 
1197.66 1.29994e-06 
1197.67 1.32213e-06 
1197.68 1.34458e-06 
1197.69 1.36728e-06 
1197.7 1.39021e-06 
1197.71 1.41336e-06 
1197.72 1.43672e-06 
1197.73 1.46056e-06 
1197.74 1.48429e-06 
1197.75 1.50819e-06 
1197.76 1.53224e-06 
1197.77 1.55642e-06 
1197.78 1.58073e-06 
1197.79 1.60514e-06 
1197.8 1.62964e-06 
1197.81 1.65422e-06 
1197.82 1.67885e-06 
1197.83 1.70353e-06 
1197.84 1.72823e-06 
1197.85 1.75294e-06 
1197.86 1.77765e-06 
1197.87 1.80233e-06 
1197.88 1.82697e-06 
1197.88 1.85156e-06 
1197.89 1.87607e-06 
1197.9 1.90049e-06 
1197.91 1.92481e-06 
1197.92 1.949e-06 
1197.93 1.97305e-06 
1197.94 1.99695e-06 
1197.95 2.02067e-06 
1197.96 2.04421e-06 
1197.97 2.06755e-06 
1197.98 2.09095e-06 
1197.99 2.11384e-06 
1198 2.13647e-06 
1198.01 2.15884e-06 
1198.02 2.18094e-06 
1198.03 2.20275e-06 
1198.04 2.22426e-06 
1198.05 2.24545e-06 
1198.06 2.26631e-06 
1198.07 2.28684e-06 
1198.08 2.30702e-06 
1198.09 2.32684e-06 
1198.1 2.34629e-06 
1198.11 2.36537e-06 
1198.12 2.38406e-06 
1198.13 2.40236e-06 
1198.14 2.42026e-06 
1198.15 2.43775e-06 
1198.16 2.45483e-06 
1198.17 2.4715e-06 
1198.18 2.48774e-06 
1198.19 2.50357e-06 
1198.2 2.51897e-06 
1198.21 2.53394e-06 
1198.22 2.54849e-06 
1198.23 2.56279e-06 
1198.24 2.57649e-06 
1198.25 2.58977e-06 
1198.26 2.60263e-06 
1198.27 2.61507e-06 
1198.28 2.62711e-06 
1198.29 2.63874e-06 
1198.3 2.64998e-06 
1198.3 2.66084e-06 
1198.31 2.67131e-06 
1198.32 2.68142e-06 
1198.33 2.69117e-06 
1198.34 2.70057e-06 
1198.35 2.70964e-06 
1198.36 2.71838e-06 
1198.37 2.72682e-06 
1198.38 2.73497e-06 
1198.39 2.74284e-06 
1198.4 2.75046e-06 
1198.41 2.75783e-06 
1198.42 2.76498e-06 
1198.43 2.77192e-06 
1198.44 2.77867e-06 
1198.45 2.78527e-06 
1198.46 2.79171e-06 
1198.47 2.79804e-06 
1198.48 2.80434e-06 
1198.49 2.81048e-06 
1198.5 2.81656e-06 
1198.51 2.82262e-06 
1198.52 2.82866e-06 
1198.53 2.83472e-06 
1198.54 2.84083e-06 
1198.55 2.84699e-06 
1198.56 2.85325e-06 
1198.57 2.85962e-06 
1198.58 2.86612e-06 
1198.59 2.8728e-06 
1198.6 2.87966e-06 
1198.61 2.88853e-06 
1198.62 2.89585e-06 
1198.63 2.90344e-06 
1198.64 2.91132e-06 
1198.65 2.91951e-06 
1198.66 2.92804e-06 
1198.67 2.93693e-06 
1198.68 2.9462e-06 
1198.69 2.95588e-06 
1198.7 2.96599e-06 
1198.71 2.97655e-06 
1198.72 2.98758e-06 
1198.73 2.99925e-06 
1198.73 3.01129e-06 
1198.74 3.02386e-06 
1198.75 3.03698e-06 
1198.76 3.05065e-06 
1198.77 3.06491e-06 
1198.78 3.07976e-06 
1198.79 3.09521e-06 
1198.8 3.11129e-06 
1198.81 3.12799e-06 
1198.82 3.14533e-06 
1198.83 3.16331e-06 
1198.84 3.18196e-06 
1198.85 3.20126e-06 
1198.86 3.22122e-06 
1198.87 3.24186e-06 
1198.88 3.26316e-06 
1198.89 3.28513e-06 
1198.9 3.30776e-06 
1198.91 3.33106e-06 
1198.92 3.35502e-06 
1198.93 3.37963e-06 
1198.94 3.40489e-06 
1198.95 3.43078e-06 
1198.96 3.4573e-06 
1198.97 3.48443e-06 
1198.98 3.51251e-06 
1198.99 3.54082e-06 
1199 3.5697e-06 
1199.01 3.59913e-06 
1199.02 3.62908e-06 
1199.03 3.65953e-06 
1199.04 3.69046e-06 
1199.05 3.72185e-06 
1199.06 3.75366e-06 
1199.07 3.78587e-06 
1199.08 3.81845e-06 
1199.09 3.85136e-06 
1199.1 3.88458e-06 
1199.11 3.91808e-06 
1199.12 3.95181e-06 
1199.13 3.98574e-06 
1199.14 4.01984e-06 
1199.15 4.05406e-06 
1199.15 4.08837e-06 
1199.16 4.12272e-06 
1199.17 4.15708e-06 
1199.18 4.19139e-06 
1199.19 4.22563e-06 
1199.2 4.25975e-06 
1199.21 4.29369e-06 
1199.22 4.32784e-06 
1199.23 4.36131e-06 
1199.24 4.39448e-06 
1199.25 4.42729e-06 
1199.26 4.45971e-06 
1199.27 4.49168e-06 
1199.28 4.52316e-06 
1199.29 4.55411e-06 
1199.3 4.58447e-06 
1199.31 4.6142e-06 
1199.32 4.64325e-06 
1199.33 4.67159e-06 
1199.34 4.69915e-06 
1199.35 4.72591e-06 
1199.36 4.75181e-06 
1199.37 4.77681e-06 
1199.38 4.80087e-06 
1199.39 4.82394e-06 
1199.4 4.84599e-06 
1199.41 4.86697e-06 
1199.42 4.88685e-06 
1199.43 4.90559e-06 
1199.44 4.92315e-06 
1199.45 4.9395e-06 
1199.46 4.9546e-06 
1199.47 4.96841e-06 
1199.48 4.98107e-06 
1199.49 4.99222e-06 
1199.5 5.002e-06 
1199.51 5.01038e-06 
1199.52 5.01735e-06 
1199.53 5.02287e-06 
1199.54 5.02693e-06 
1199.55 5.0295e-06 
1199.56 5.03057e-06 
1199.57 5.03013e-06 
1199.58 5.02816e-06 
1199.58 5.02465e-06 
1199.59 5.01958e-06 
1199.6 5.01296e-06 
1199.61 5.00787e-06 
1199.62 4.99811e-06 
1199.63 4.98677e-06 
1199.64 4.97387e-06 
1199.65 4.95939e-06 
1199.66 4.94335e-06 
1199.67 4.92576e-06 
1199.68 4.90661e-06 
1199.69 4.88593e-06 
1199.7 4.86371e-06 
1199.71 4.83998e-06 
1199.72 4.81476e-06 
1199.73 4.78771e-06 
1199.74 4.75952e-06 
1199.75 4.72989e-06 
1199.76 4.69885e-06 
1199.77 4.66642e-06 
1199.78 4.63262e-06 
1199.79 4.59748e-06 
1199.8 4.56103e-06 
1199.81 4.5233e-06 
1199.82 4.48433e-06 
1199.83 4.44414e-06 
1199.84 4.40277e-06 
1199.85 4.36026e-06 
1199.86 4.31665e-06 
1199.87 4.27197e-06 
1199.88 4.22626e-06 
1199.89 4.17956e-06 
1199.9 4.13191e-06 
1199.91 4.08335e-06 
1199.92 4.03393e-06 
1199.93 3.98369e-06 
1199.94 3.93268e-06 
1199.95 3.88092e-06 
1199.96 3.82848e-06 
1199.97 3.77539e-06 
1199.98 3.72102e-06 
1199.99 3.66677e-06 
1200 3.61201e-06 
1200.01 3.55679e-06 
1200.01 3.50114e-06 
1200.02 3.44512e-06 
1200.03 3.38876e-06 
1200.04 3.33213e-06 
1200.05 3.27525e-06 
1200.06 3.21817e-06 
1200.07 3.16094e-06 
1200.08 3.1036e-06 
1200.09 3.04619e-06 
1200.1 2.98875e-06 
1200.11 2.93132e-06 
1200.12 2.87395e-06 
1200.13 2.81668e-06 
1200.14 2.75954e-06 
1200.15 2.70256e-06 
1200.16 2.6458e-06 
1200.17 2.58928e-06 
1200.18 2.53304e-06 
1200.19 2.47711e-06 
1200.2 2.42153e-06 
1200.21 2.36633e-06 
1200.22 2.31154e-06 
1200.23 2.25651e-06 
1200.24 2.20263e-06 
1200.25 2.14925e-06 
1200.26 2.09639e-06 
1200.27 2.04408e-06 
1200.28 1.99233e-06 
1200.29 1.94119e-06 
1200.3 1.89066e-06 
1200.31 1.84077e-06 
1200.32 1.79153e-06 
1200.33 1.74297e-06 
1200.34 1.6951e-06 
1200.35 1.64793e-06 
1200.36 1.60149e-06 
1200.37 1.55578e-06 
1200.38 1.51082e-06 
1200.39 1.46661e-06 
1200.4 1.42317e-06 
1200.41 1.38051e-06 
1200.42 1.33863e-06 
1200.43 1.29755e-06 
1200.43 1.25726e-06 
1200.44 1.21777e-06 
1200.45 1.17908e-06 
1200.46 1.1412e-06 
1200.47 1.10413e-06 
1200.48 1.06742e-06 
1200.49 1.03198e-06 
1200.5 9.9734e-07 
1200.51 9.6351e-07 
1200.52 9.30482e-07 
1200.53 8.98254e-07 
1200.54 8.66821e-07 
1200.55 8.36178e-07 
1200.56 8.0632e-07 
1200.57 7.7724e-07 
1200.58 7.4893e-07 
1200.59 7.21385e-07 
1200.6 6.94595e-07 
1200.61 6.68966e-07 
1200.62 6.43645e-07 
1200.63 6.19053e-07 
1200.64 5.9518e-07 
1200.65 5.72015e-07 
1200.66 5.49548e-07 
1200.67 5.27767e-07 
1200.68 5.06662e-07 
1200.69 4.86221e-07 
1200.7 4.66431e-07 
1200.71 4.4728e-07 
1200.72 4.28757e-07 
1200.73 4.10628e-07 
1200.74 3.93329e-07 
1200.75 3.76619e-07 
1200.76 3.60485e-07 
1200.77 3.44914e-07 
1200.78 3.29893e-07 
1200.79 3.15409e-07 
1200.8 3.01449e-07 
1200.81 2.88e-07 
1200.82 2.75049e-07 
1200.83 2.62582e-07 
1200.84 2.50588e-07 
1200.85 2.39053e-07 
1200.85 2.27964e-07 
1200.86 2.17309e-07 
1200.87 2.07075e-07 
1200.88 1.97249e-07 
1200.89 1.8782e-07 
1200.9 1.78776e-07 
1200.91 1.70104e-07 
1200.92 1.61792e-07 
1200.93 1.53829e-07 
1200.94 1.46204e-07 
1200.95 1.38905e-07 
1200.96 1.31922e-07 
1200.97 1.25243e-07 
1200.98 1.1878e-07 
1200.99 1.12682e-07 
1201 1.06858e-07 
1201.01 1.01297e-07 
1201.02 9.59895e-08 
1201.03 9.09265e-08 
1201.04 8.60985e-08 
1201.05 8.14966e-08 
1201.06 7.71121e-08 
1201.07 7.29363e-08 
1201.08 6.8961e-08 
1201.09 6.51781e-08 
1201.1 6.15799e-08 
1201.11 5.81587e-08 
1201.12 5.49072e-08 
1201.13 5.18182e-08 
1201.14 4.88848e-08 
1201.15 4.61004e-08 
1201.16 4.34584e-08 
1201.17 4.09525e-08 
1201.18 3.85769e-08 
1201.19 3.63255e-08 
1201.2 3.41928e-08 
1201.21 3.21734e-08 
1201.22 3.0262e-08 
1201.23 2.84316e-08 
1201.24 2.67225e-08 
1201.25 2.51068e-08 
1201.26 2.358e-08 
1201.27 2.21379e-08 
1201.28 2.07762e-08 
1201.28 1.94911e-08 
1201.29 1.82786e-08 
1201.3 1.71352e-08 
1201.31 1.60573e-08 
1201.32 1.50417e-08 
1201.33 1.40851e-08 
1201.34 1.31844e-08 
1201.35 1.23367e-08 
1201.36 1.15392e-08 
1201.37 1.07893e-08 
1201.38 1.00843e-08 
1201.39 9.42193e-09 
1201.4 8.79978e-09 
1201.41 8.21566e-09 
1201.42 7.66746e-09 
1201.43 7.15318e-09 
1201.44 6.67092e-09 
1201.45 6.21886e-09 
1201.46 5.79527e-09 
1201.47 5.39854e-09 
1201.48 5.0226e-09 
1201.49 4.67526e-09 
1201.5 4.35033e-09 
1201.51 4.04647e-09 
1201.52 3.76244e-09 
1201.53 3.49704e-09 
1201.54 3.24916e-09 
1201.55 3.01772e-09 
1201.56 2.80173e-09 
1201.57 2.60024e-09 
1201.58 2.41233e-09 
1201.59 2.23718e-09 
1201.6 2.07397e-09 
1201.61 1.92314e-09 
1201.62 1.78151e-09 
1201.63 1.64971e-09 
1201.64 1.52708e-09 
1201.65 1.41305e-09 
1201.66 1.30704e-09 
1201.67 1.20854e-09 
1201.68 1.11705e-09 
1201.69 1.0321e-09 
1201.7 9.53254e-10 
1201.7 8.80105e-10 
1201.71 8.12268e-10 
1201.72 7.48624e-10 
1201.73 6.90404e-10 
1201.74 6.36475e-10 
1201.75 5.86541e-10 
1201.76 5.40324e-10 
1201.77 4.97563e-10 
1201.78 4.58016e-10 
1201.79 4.21455e-10 
1201.8 3.87669e-10 
1201.81 3.56459e-10 
1201.82 3.2764e-10 
1201.83 3.01038e-10 
1201.84 2.76494e-10 
1201.85 2.53857e-10 
1201.86 2.32986e-10 
1201.87 2.13752e-10 
1201.88 1.96032e-10 
1201.89 1.79715e-10 
1201.9 1.64695e-10 
1201.91 1.50874e-10 
1201.92 1.38161e-10 
1201.93 1.26473e-10 
1201.94 1.1573e-10 
1201.95 1.05861e-10 
1201.96 9.67971e-11 
1201.97 8.84765e-11 
1201.98 8.07497e-11 
1201.99 7.37533e-11 
1202 6.7338e-11 
1202.01 6.14579e-11 
1202.02 5.60705e-11 
1202.03 5.11363e-11 
1202.04 4.66189e-11 
1202.05 4.24849e-11 
1202.06 3.8703e-11 
1202.07 3.52447e-11 
1202.08 3.20835e-11 
1202.09 2.9195e-11 
1202.1 2.65566e-11 
1202.11 2.41477e-11 
1202.12 2.19492e-11 
1202.13 1.99434e-11 
1202.13 1.81141e-11 
1202.14 1.64466e-11 
1202.15 1.4927e-11 
1202.16 1.35427e-11 
1202.17 1.22823e-11 
1202.18 1.1135e-11 
1202.19 1.00912e-11 
1202.2 9.14179e-12 
1202.21 8.27864e-12 
1202.22 7.48529e-12 
1202.23 6.77308e-12 
1202.24 6.12672e-12 
1202.25 5.53997e-12 
1202.26 5.00756e-12 
1202.27 4.52463e-12 
1202.28 4.08676e-12 
1202.29 3.68989e-12 
1202.3 3.33032e-12 
1202.31 3.00467e-12 
1202.32 2.70986e-12 
1202.33 2.44307e-12 
1202.34 2.20172e-12 
1202.35 1.98348e-12 
1202.36 1.78621e-12 
1202.37 1.60796e-12 
1202.38 1.44696e-12 
1202.39 1.3016e-12 
1202.4 1.1704e-12 
1202.41 1.05204e-12 
1202.42 9.45294e-13 
1202.43 8.49065e-13 
1202.44 7.62349e-13 
1202.45 6.84235e-13 
1202.46 6.13896e-13 
1202.47 5.50584e-13 
1202.48 4.92943e-13 
1202.49 4.41774e-13 
1202.5 3.95769e-13 
1202.51 3.54424e-13 
1202.52 3.17279e-13 
1202.53 2.83922e-13 
1202.54 2.53978e-13 
1202.55 2.27107e-13 
1202.56 2.03004e-13 
1202.56 1.81391e-13 
1202.57 1.62019e-13 
1202.58 1.44663e-13 
1202.59 1.29117e-13 
1202.6 1.15199e-13 
1202.61 1.02807e-13 
1202.62 9.16573e-14 
1202.63 8.16863e-14 
1202.64 7.27729e-14 
1202.65 6.4808e-14 
1202.66 5.76935e-14 
1202.67 5.13408e-14 
1202.68 4.56707e-14 
1202.69 4.06117e-14 
1202.7 3.60997e-14 
1202.71 3.2077e-14 
1202.72 2.8492e-14 
1202.73 2.52606e-14 
1202.74 2.24207e-14 
1202.75 1.98926e-14 
1202.76 1.7643e-14 
1202.77 1.5642e-14 
1202.78 1.38628e-14 
1202.79 1.22814e-14 
1202.8 1.08764e-14 
1202.81 9.62849e-15 
1202.82 8.52061e-15 
1202.83 7.53741e-15 
1202.84 6.66519e-15 
1202.85 5.8917e-15 
1202.86 5.20604e-15 
1202.87 4.59847e-15 
1202.88 4.0603e-15 
1202.89 3.58377e-15 
1202.9 3.162e-15 
1202.91 2.78883e-15 
1202.92 2.45878e-15 
1202.93 2.16699e-15 
1202.94 1.90912e-15 
1202.95 1.68131e-15 
1202.96 1.48013e-15 
1202.97 1.30254e-15 
1202.98 1.14583e-15 
1202.98 1.00598e-15 
1202.99 8.84292e-16 
1203 7.77032e-16 
1203.01 6.82529e-16 
1203.02 5.99297e-16 
1203.03 5.26019e-16 
1203.04 4.61529e-16 
1203.05 4.04795e-16 
1203.06 3.54904e-16 
1203.07 3.11045e-16 
1203.08 2.72506e-16 
1203.09 2.38653e-16 
1203.1 2.08928e-16 
1203.11 1.82837e-16 
1203.12 1.59945e-16 
1203.13 1.39867e-16 
1203.14 1.22264e-16 
1203.15 1.06837e-16 
1203.16 9.33214e-17 
1203.17 8.14855e-17 
1203.18 7.11243e-17 
1203.19 6.20575e-17 
1203.2 5.41264e-17 
1203.21 4.71914e-17 
1203.22 4.11296e-17 
1203.23 3.57714e-17 
1203.24 3.11532e-17 
1203.25 2.71212e-17 
1203.26 2.36022e-17 
1203.27 2.05322e-17 
1203.28 1.78549e-17 
1203.29 1.55209e-17 
1203.3 1.3487e-17 
1203.31 1.17153e-17 
1203.32 1.01725e-17 
1203.33 8.82965e-18 
1203.34 7.66119e-18 
1203.35 6.64489e-18 
1203.36 5.76126e-18 
1203.37 4.99328e-18 
1203.38 4.32607e-18 
1203.39 3.74661e-18 
1203.4 3.24357e-18 
1203.41 2.80702e-18 
1203.41 2.42833e-18 
1203.42 2.09994e-18 
1203.43 1.81529e-18 
1203.44 1.56864e-18 
1203.45 1.355e-18 
1203.46 1.17002e-18 
1203.47 1.00992e-18 
1203.48 8.69791e-19 
1203.49 7.5021e-19 
1203.5 6.46828e-19 
1203.51 5.57486e-19 
1203.52 4.80306e-19 
1203.53 4.13657e-19 
1203.54 3.56123e-19 
1203.55 3.06478e-19 
1203.56 2.63656e-19 
1203.57 2.26733e-19 
1203.58 1.94908e-19 
1203.59 1.67488e-19 
1203.6 1.43872e-19 
1203.61 1.23616e-19 
1203.62 1.06107e-19 
1203.63 9.10439e-20 
1203.64 7.80903e-20 
1203.65 6.69549e-20 
1203.66 5.7386e-20 
1203.67 4.91663e-20 
1203.68 4.21084e-20 
1203.69 3.60502e-20 
1203.7 3.08522e-20 
1203.71 2.63938e-20 
1203.72 2.25713e-20 
1203.73 1.92574e-20 
1203.74 1.64561e-20 
1203.75 1.40571e-20 
1203.76 1.20034e-20 
1203.77 1.02459e-20 
1203.78 8.74247e-21 
1203.79 7.45688e-21 
1203.8 6.35797e-21 
1203.81 5.41899e-21 
1203.82 4.61697e-21 
1203.83 3.93219e-21 
1203.83 3.34773e-21 
1203.84 2.84908e-21 
1203.85 2.4238e-21 
1203.86 2.06124e-21 
1203.87 1.75226e-21 
1203.88 1.48904e-21 
1203.89 1.26489e-21 
1203.9 1.07409e-21 
1203.91 9.11725e-22 
1203.92 7.73619e-22 
1203.93 6.56188e-22 
1203.94 5.56376e-22 
1203.95 4.71571e-22 
1203.96 3.99543e-22 
1203.97 3.38392e-22 
1203.98 2.85897e-22 
1203.99 2.41958e-22 
1204 2.04696e-22 
1204.01 1.73108e-22 
1204.02 1.4634e-22 
1204.03 1.23665e-22 
1204.04 1.04465e-22 
1204.05 8.82134e-23 
1204.06 7.44621e-23 
1204.07 6.28311e-23 
1204.08 5.29971e-23 
1204.09 4.46857e-23 
1204.1 3.76638e-23 
1204.11 3.17335e-23 
1204.12 2.6727e-23 
1204.13 2.2502e-23 
1204.14 1.89378e-23 
1204.15 1.59323e-23 
1204.16 1.33987e-23 
1204.17 1.12639e-23 
1204.18 9.46569e-24 
1204.19 7.9516e-24 
1204.2 6.67721e-24 
1204.21 5.60498e-24 
1204.22 4.70319e-24 
1204.23 3.93635e-24 
1204.24 3.30055e-24 
1204.25 2.76642e-24 
1204.26 2.31786e-24 
1204.26 1.94132e-24 
1204.27 1.62534e-24 
1204.28 1.36028e-24 
1204.29 1.13803e-24 
1204.3 9.51737e-25 
1204.31 7.95643e-25 
1204.32 6.64903e-25 
1204.33 5.5544e-25 
1204.34 4.63825e-25 
1204.35 3.87177e-25 
1204.36 3.23076e-25 
1204.37 2.69486e-25 
1204.38 2.24703e-25 
1204.39 1.87292e-25 
1204.4 1.56051e-25 
1204.41 1.29973e-25 
1204.42 1.08213e-25 
1204.43 9.00625e-26 
1204.44 7.49285e-26 
1204.45 6.23144e-26 
1204.46 5.18046e-26 
1204.47 4.30514e-26 
1204.48 3.56809e-26 
1204.49 2.96299e-26 
1204.5 2.45959e-26 
1204.51 2.04095e-26 
1204.52 1.69294e-26 
1204.53 1.40375e-26 
1204.54 1.16353e-26 
1204.55 9.64056e-27 
1204.56 7.98483e-27 
1204.57 6.61101e-27 
1204.58 5.47153e-27 
1204.59 4.52677e-27 
1204.6 3.74374e-27 
1204.61 3.09501e-27 
1204.62 2.55932e-27 
1204.63 2.11426e-27 
1204.64 1.74595e-27 
1204.65 1.44126e-27 
1204.66 1.1893e-27 
1204.67 9.81023e-28 
1204.68 8.0892e-28 
1204.68 6.66762e-28 
1204.69 5.49382e-28 
1204.7 4.52498e-28 
1204.71 3.72561e-28 
1204.72 3.05885e-28 
1204.73 2.5166e-28 
1204.74 2.0697e-28 
1204.75 1.70154e-28 
1204.76 1.39834e-28 
1204.77 1.14874e-28 
1204.78 9.43347e-29 
1204.79 7.74388e-29 
1204.8 6.35455e-29 
1204.81 5.21253e-29 
1204.82 4.27417e-29 
1204.83 3.50343e-29 
1204.84 2.8706e-29 
1204.85 2.35121e-29 
1204.86 1.92508e-29 
1204.87 1.5756e-29 
1204.88 1.28908e-29 
1204.89 1.05427e-29 
1204.9 8.61914e-30 
1204.91 7.04391e-30 
1204.92 5.75443e-30 
1204.93 4.69926e-30 
1204.94 3.83615e-30 
1204.95 3.1304e-30 
1204.96 2.55354e-30 
1204.97 2.08221e-30 
1204.98 1.69291e-30 
1204.99 1.3794e-30 
1205 1.12353e-30 
1205.01 9.14784e-31 
1205.02 7.44545e-31 
1205.03 6.05762e-31 
1205.04 4.92664e-31 
1205.05 4.00534e-31 
1205.06 3.25511e-31 
1205.07 2.64442e-31 
1205.08 2.14751e-31 
1205.09 1.74332e-31 
1205.1 1.41468e-31 
1205.11 1.14756e-31 
1205.11 9.30539e-32 
1205.12 7.54278e-32 
1205.13 6.11176e-32 
1205.14 4.9504e-32 
1205.15 4.00823e-32 
1205.16 3.24416e-32 
1205.17 2.62478e-32 
1205.18 2.12285e-32 
1205.19 1.71627e-32 
1205.2 1.38705e-32 
1205.21 1.12056e-32 
1205.22 9.02758e-33 
1205.23 7.28576e-33 
1205.24 5.87939e-33 
1205.25 4.74273e-33 
1205.26 3.82439e-33 
1205.27 3.08273e-33 
1205.28 2.48397e-33 
1205.29 2.00077e-33 
1205.3 1.61096e-33 
1205.31 1.29662e-33 
1205.32 1.04323e-33 
1205.33 8.39041e-34 
1205.34 6.74569e-34 
1205.35 5.42135e-34 
1205.36 4.3554e-34 
1205.37 3.49773e-34 
1205.38 2.80791e-34 
1205.39 2.2533e-34 
1205.4 1.80757e-34 
1205.41 1.44946e-34 
1205.42 1.16187e-34 
1205.43 9.30997e-35 
1205.44 7.45722e-35 
1205.45 5.97096e-35 
1205.46 4.77914e-35 
1205.47 3.82379e-35 
1205.48 3.05063e-35 
1205.49 2.43828e-35 
1205.5 1.94868e-35 
1205.51 1.55682e-35 
1205.52 1.24329e-35 
1205.53 9.92536e-36 
1205.54 7.92061e-36 
1205.54 6.31844e-36 
1205.55 5.03847e-36 
1205.56 4.01631e-36 
1205.57 3.20032e-36 
1205.58 2.54917e-36 
1205.59 2.02975e-36 
1205.6 1.61557e-36 
1205.61 1.28621e-36 
1205.62 1.02299e-36 
1205.63 8.13337e-37 
1205.64 6.46409e-37 
1205.65 5.13549e-37 
1205.66 4.07846e-37 
1205.67 3.23779e-37 
1205.68 2.56944e-37 
1205.69 2.0383e-37 
1205.7 1.61635e-37 
1205.71 1.28128e-37 
1205.72 1.01528e-37 
1205.73 8.01872e-38 
1205.74 6.34929e-38 
1205.75 5.02556e-38 
1205.76 3.97632e-38 
1205.77 3.14498e-38 
1205.78 2.48652e-38 
1205.79 1.96519e-38 
1205.8 1.55259e-38 
1205.81 1.22616e-38 
1205.82 9.67999e-39 
1205.83 7.6391e-39 
1205.84 6.02627e-39 
1205.85 4.75218e-39 
1205.86 3.74607e-39 
1205.87 2.95187e-39 
1205.88 2.32518e-39 
1205.89 1.83087e-39 
1205.9 1.4411e-39 
1205.91 1.13388e-39 
1205.92 8.91834e-40 
1205.93 7.01192e-40 
1205.94 5.51097e-40 
1205.95 4.3297e-40 
1205.96 3.40038e-40 
1205.96 2.66953e-40 
1205.97 2.09498e-40 
1205.98 1.6385e-40 
1205.99 1.28489e-40 
1206 1.00723e-40 
1206.01 7.89267e-41 
1206.02 6.18239e-41 
1206.03 4.84107e-41 
1206.04 3.78911e-41 
1206.05 2.96473e-41 
1206.06 2.31887e-41 
1206.07 1.81314e-41 
1206.08 1.41713e-41 
1206.09 1.10703e-41 
1206.1 8.64601e-42 
1206.11 6.75146e-42 
1206.12 5.26888e-42 
1206.13 4.11001e-42 
1206.14 3.20477e-42 
1206.15 2.49711e-42 
1206.16 1.9464e-42 
1206.17 1.5162e-42 
1206.18 1.18129e-42 
1206.19 9.19252e-43 
1206.2 7.16064e-43 
1206.21 5.56315e-43 
1206.22 4.33001e-43 
1206.23 3.3491e-43 
1206.24 2.60642e-43 
1206.25 2.01787e-43 
1206.26 1.56945e-43 
1206.27 1.21913e-43 
1206.28 9.3887e-44 
1206.29 7.28675e-44 
1206.3 5.60519e-44 
1206.31 4.48416e-44 
1206.32 3.36312e-44 
1206.33 2.66247e-44 
1206.34 1.96182e-44 
1206.35 1.54143e-44 
1206.36 1.26117e-44 
1206.37 9.80909e-45 
1206.38 8.40779e-45 
1206.39 5.60519e-45 
1206.39 4.2039e-45 
1206.4 2.8026e-45 
1206.41 2.8026e-45 
1206.42 2.8026e-45 
1206.43 1.4013e-45 
1206.44 1.4013e-45 
1206.45 1.4013e-45 
1206.46 1.4013e-45 
1206.47 0 
1206.48 0 
1206.49 0 
1206.5 0 
1206.51 0 
1206.52 0 
1206.53 0 
1206.54 0 
1206.55 0 
1206.56 0 
1206.57 0 
1206.58 0 
1206.59 0 
1206.6 0 
