#energy geo_1 
1186.6 9.4052e-07 
1186.61 9.39959e-07 
1186.62 9.39397e-07 
1186.63 9.38836e-07 
1186.64 9.38276e-07 
1186.65 9.37717e-07 
1186.66 9.37156e-07 
1186.67 9.36596e-07 
1186.68 9.36037e-07 
1186.69 9.35477e-07 
1186.7 9.34918e-07 
1186.71 9.3436e-07 
1186.72 9.338e-07 
1186.73 9.3324e-07 
1186.74 9.32683e-07 
1186.75 9.32125e-07 
1186.76 9.31567e-07 
1186.77 9.3101e-07 
1186.78 9.30452e-07 
1186.79 9.29896e-07 
1186.8 9.29338e-07 
1186.81 9.28782e-07 
1186.81 9.28225e-07 
1186.82 9.2767e-07 
1186.83 9.27112e-07 
1186.84 9.26558e-07 
1186.85 9.26003e-07 
1186.86 9.25447e-07 
1186.87 9.24891e-07 
1186.88 9.24338e-07 
1186.89 9.23782e-07 
1186.9 9.23228e-07 
1186.91 9.22674e-07 
1186.92 9.2212e-07 
1186.93 9.21565e-07 
1186.94 9.21014e-07 
1186.95 9.2046e-07 
1186.96 9.19907e-07 
1186.97 9.19355e-07 
1186.98 9.18801e-07 
1186.99 9.18249e-07 
1187 9.17697e-07 
1187.01 9.17145e-07 
1187.02 9.16593e-07 
1187.03 9.16041e-07 
1187.04 9.1549e-07 
1187.05 9.1494e-07 
1187.06 9.14389e-07 
1187.07 9.13839e-07 
1187.08 9.13288e-07 
1187.09 9.12738e-07 
1187.1 9.12189e-07 
1187.11 9.11639e-07 
1187.12 9.11089e-07 
1187.13 9.10541e-07 
1187.14 9.09992e-07 
1187.15 9.09442e-07 
1187.16 9.08894e-07 
1187.17 9.08346e-07 
1187.18 9.07799e-07 
1187.19 9.0725e-07 
1187.2 9.06703e-07 
1187.21 9.06156e-07 
1187.22 9.05609e-07 
1187.23 9.05061e-07 
1187.24 9.04515e-07 
1187.24 9.03968e-07 
1187.25 9.03422e-07 
1187.26 9.02876e-07 
1187.27 9.02331e-07 
1187.28 9.01786e-07 
1187.29 9.01241e-07 
1187.3 9.00695e-07 
1187.31 9.0015e-07 
1187.32 8.99607e-07 
1187.33 8.99062e-07 
1187.34 8.98517e-07 
1187.35 8.97974e-07 
1187.36 8.9743e-07 
1187.37 8.96887e-07 
1187.38 8.96343e-07 
1187.39 8.958e-07 
1187.4 8.95258e-07 
1187.41 8.94715e-07 
1187.42 8.94173e-07 
1187.43 8.93632e-07 
1187.44 8.93089e-07 
1187.45 8.92549e-07 
1187.46 8.92007e-07 
1187.47 8.91466e-07 
1187.48 8.90925e-07 
1187.49 8.90384e-07 
1187.5 8.89844e-07 
1187.51 8.89304e-07 
1187.52 8.88764e-07 
1187.53 8.88223e-07 
1187.54 8.87684e-07 
1187.55 8.87146e-07 
1187.56 8.86606e-07 
1187.57 8.86068e-07 
1187.58 8.85529e-07 
1187.59 8.84992e-07 
1187.6 8.84453e-07 
1187.61 8.84466e-07 
1187.62 8.83929e-07 
1187.63 8.8339e-07 
1187.64 8.82853e-07 
1187.65 8.82316e-07 
1187.66 8.8178e-07 
1187.66 8.81242e-07 
1187.67 8.80706e-07 
1187.68 8.8017e-07 
1187.69 8.79633e-07 
1187.7 8.79098e-07 
1187.71 8.78562e-07 
1187.72 8.78027e-07 
1187.73 8.77492e-07 
1187.74 8.76958e-07 
1187.75 8.76423e-07 
1187.76 8.75887e-07 
1187.77 8.75354e-07 
1187.78 8.74821e-07 
1187.79 8.74286e-07 
1187.8 8.73752e-07 
1187.81 8.7322e-07 
1187.82 8.72687e-07 
1187.83 8.72153e-07 
1187.84 8.71621e-07 
1187.85 8.71091e-07 
1187.86 8.70557e-07 
1187.87 8.70025e-07 
1187.88 8.69495e-07 
1187.89 8.68963e-07 
1187.9 8.68431e-07 
1187.91 8.67901e-07 
1187.92 8.6737e-07 
1187.93 8.66839e-07 
1187.94 8.66309e-07 
1187.95 8.65781e-07 
1187.96 8.6525e-07 
1187.97 8.6472e-07 
1187.98 8.64191e-07 
1187.99 8.63662e-07 
1188 8.63133e-07 
1188.01 8.62605e-07 
1188.02 8.62077e-07 
1188.03 8.61548e-07 
1188.04 8.6102e-07 
1188.05 8.60494e-07 
1188.06 8.59967e-07 
1188.07 8.59439e-07 
1188.08 8.58912e-07 
1188.09 8.58386e-07 
1188.09 8.57859e-07 
1188.1 8.57333e-07 
1188.11 8.56808e-07 
1188.12 8.56282e-07 
1188.13 8.55756e-07 
1188.14 8.55231e-07 
1188.15 8.54706e-07 
1188.16 8.54182e-07 
1188.17 8.53656e-07 
1188.18 8.53134e-07 
1188.19 8.52609e-07 
1188.2 8.52086e-07 
1188.21 8.51562e-07 
1188.22 8.51039e-07 
1188.23 8.50515e-07 
1188.24 8.49993e-07 
1188.25 8.4947e-07 
1188.26 8.48948e-07 
1188.27 8.48426e-07 
1188.28 8.47904e-07 
1188.29 8.47383e-07 
1188.3 8.46861e-07 
1188.31 8.4634e-07 
1188.32 8.4582e-07 
1188.33 8.45299e-07 
1188.34 8.44778e-07 
1188.35 8.44259e-07 
1188.36 8.43739e-07 
1188.37 8.43219e-07 
1188.38 8.42699e-07 
1188.39 8.42181e-07 
1188.4 8.41662e-07 
1188.41 8.41143e-07 
1188.42 8.40624e-07 
1188.43 8.40107e-07 
1188.44 8.39588e-07 
1188.45 8.39069e-07 
1188.46 8.38554e-07 
1188.47 8.38036e-07 
1188.48 8.37519e-07 
1188.49 8.37003e-07 
1188.5 8.36485e-07 
1188.51 8.35968e-07 
1188.52 8.35453e-07 
1188.52 8.34938e-07 
1188.53 8.34423e-07 
1188.54 8.33906e-07 
1188.55 8.33393e-07 
1188.56 8.32877e-07 
1188.57 8.32362e-07 
1188.58 8.31848e-07 
1188.59 8.31335e-07 
1188.6 8.31338e-07 
1188.61 8.30824e-07 
1188.62 8.30311e-07 
1188.63 8.29798e-07 
1188.64 8.29284e-07 
1188.65 8.28771e-07 
1188.66 8.28259e-07 
1188.67 8.27747e-07 
1188.68 8.27234e-07 
1188.69 8.26722e-07 
1188.7 8.2621e-07 
1188.71 8.25698e-07 
1188.72 8.25188e-07 
1188.73 8.24677e-07 
1188.74 8.24166e-07 
1188.75 8.23656e-07 
1188.76 8.23145e-07 
1188.77 8.22635e-07 
1188.78 8.22126e-07 
1188.79 8.21616e-07 
1188.8 8.21108e-07 
1188.81 8.20598e-07 
1188.82 8.2009e-07 
1188.83 8.19581e-07 
1188.84 8.19072e-07 
1188.85 8.18564e-07 
1188.86 8.18057e-07 
1188.87 8.17549e-07 
1188.88 8.17042e-07 
1188.89 8.16535e-07 
1188.9 8.16027e-07 
1188.91 8.15521e-07 
1188.92 8.15015e-07 
1188.93 8.1451e-07 
1188.94 8.14004e-07 
1188.94 8.13497e-07 
1188.95 8.12992e-07 
1188.96 8.12488e-07 
1188.97 8.11983e-07 
1188.98 8.11478e-07 
1188.99 8.10974e-07 
1189 8.10469e-07 
1189.01 8.09966e-07 
1189.02 8.09462e-07 
1189.03 8.08959e-07 
1189.04 8.08456e-07 
1189.05 8.07953e-07 
1189.06 8.0745e-07 
1189.07 8.06948e-07 
1189.08 8.06446e-07 
1189.09 8.05944e-07 
1189.1 8.05444e-07 
1189.11 8.04941e-07 
1189.12 8.0444e-07 
1189.13 8.03939e-07 
1189.14 8.03439e-07 
1189.15 8.02938e-07 
1189.16 8.02438e-07 
1189.17 8.01938e-07 
1189.18 8.01438e-07 
1189.19 8.00939e-07 
1189.2 8.0044e-07 
1189.21 7.99941e-07 
1189.22 7.99443e-07 
1189.23 7.98944e-07 
1189.24 7.98446e-07 
1189.25 7.97949e-07 
1189.26 7.9745e-07 
1189.27 7.96953e-07 
1189.28 7.96457e-07 
1189.29 7.95959e-07 
1189.3 7.95462e-07 
1189.31 7.94967e-07 
1189.32 7.94471e-07 
1189.33 7.93974e-07 
1189.34 7.93478e-07 
1189.35 7.92984e-07 
1189.36 7.92489e-07 
1189.36 7.91993e-07 
1189.37 7.91499e-07 
1189.38 7.91004e-07 
1189.39 7.9051e-07 
1189.4 7.90017e-07 
1189.41 7.89522e-07 
1189.42 7.89029e-07 
1189.43 7.88536e-07 
1189.44 7.88043e-07 
1189.45 7.87551e-07 
1189.46 7.87058e-07 
1189.47 7.86566e-07 
1189.48 7.86074e-07 
1189.49 7.85583e-07 
1189.5 7.8509e-07 
1189.51 7.846e-07 
1189.52 7.84109e-07 
1189.53 7.83619e-07 
1189.54 7.83128e-07 
1189.55 7.82637e-07 
1189.56 7.82148e-07 
1189.57 7.81658e-07 
1189.58 7.81169e-07 
1189.59 7.8068e-07 
1189.6 7.80192e-07 
1189.61 7.80188e-07 
1189.62 7.79699e-07 
1189.63 7.7921e-07 
1189.64 7.78723e-07 
1189.65 7.78234e-07 
1189.66 7.77746e-07 
1189.67 7.7726e-07 
1189.68 7.76771e-07 
1189.69 7.76286e-07 
1189.7 7.75798e-07 
1189.71 7.75312e-07 
1189.72 7.74826e-07 
1189.73 7.7434e-07 
1189.74 7.73854e-07 
1189.75 7.73368e-07 
1189.76 7.72884e-07 
1189.77 7.72399e-07 
1189.78 7.71914e-07 
1189.79 7.71429e-07 
1189.79 7.70946e-07 
1189.8 7.70462e-07 
1189.81 7.69978e-07 
1189.82 7.69495e-07 
1189.83 7.69011e-07 
1189.84 7.68528e-07 
1189.85 7.68046e-07 
1189.86 7.67564e-07 
1189.87 7.67081e-07 
1189.88 7.66599e-07 
1189.89 7.66117e-07 
1189.9 7.65636e-07 
1189.91 7.65155e-07 
1189.92 7.64673e-07 
1189.93 7.64194e-07 
1189.94 7.63713e-07 
1189.95 7.63233e-07 
1189.96 7.62752e-07 
1189.97 7.62272e-07 
1189.98 7.61794e-07 
1189.99 7.61315e-07 
1190 7.60835e-07 
1190.01 7.60357e-07 
1190.02 7.59878e-07 
1190.03 7.594e-07 
1190.04 7.58922e-07 
1190.05 7.58444e-07 
1190.06 7.57967e-07 
1190.07 7.5749e-07 
1190.08 7.57013e-07 
1190.09 7.56537e-07 
1190.1 7.5606e-07 
1190.11 7.55583e-07 
1190.12 7.55108e-07 
1190.13 7.54631e-07 
1190.14 7.54157e-07 
1190.15 7.53682e-07 
1190.16 7.53207e-07 
1190.17 7.52731e-07 
1190.18 7.52256e-07 
1190.19 7.51783e-07 
1190.2 7.51309e-07 
1190.21 7.50835e-07 
1190.21 7.50361e-07 
1190.22 7.49888e-07 
1190.23 7.49416e-07 
1190.24 7.48943e-07 
1190.25 7.4847e-07 
1190.26 7.47999e-07 
1190.27 7.47526e-07 
1190.28 7.47055e-07 
1190.29 7.46583e-07 
1190.3 7.46112e-07 
1190.31 7.45641e-07 
1190.32 7.4517e-07 
1190.33 7.447e-07 
1190.34 7.4423e-07 
1190.35 7.43759e-07 
1190.36 7.43289e-07 
1190.37 7.42821e-07 
1190.38 7.42352e-07 
1190.39 7.41882e-07 
1190.4 7.41413e-07 
1190.41 7.40945e-07 
1190.42 7.40476e-07 
1190.43 7.40009e-07 
1190.44 7.39541e-07 
1190.45 7.39073e-07 
1190.46 7.38606e-07 
1190.47 7.38139e-07 
1190.48 7.37672e-07 
1190.49 7.37206e-07 
1190.5 7.36739e-07 
1190.51 7.36273e-07 
1190.52 7.35807e-07 
1190.53 7.35341e-07 
1190.54 7.34876e-07 
1190.55 7.34412e-07 
1190.56 7.33946e-07 
1190.57 7.33482e-07 
1190.58 7.33017e-07 
1190.59 7.32553e-07 
1190.6 7.3209e-07 
1190.61 7.32081e-07 
1190.62 7.31618e-07 
1190.63 7.31154e-07 
1190.64 7.3069e-07 
1190.64 7.30228e-07 
1190.65 7.29766e-07 
1190.66 7.29302e-07 
1190.67 7.28841e-07 
1190.68 7.28379e-07 
1190.69 7.27917e-07 
1190.7 7.27455e-07 
1190.71 7.26994e-07 
1190.72 7.26533e-07 
1190.73 7.26073e-07 
1190.74 7.25612e-07 
1190.75 7.25152e-07 
1190.76 7.24691e-07 
1190.77 7.24232e-07 
1190.78 7.23772e-07 
1190.79 7.23313e-07 
1190.8 7.22854e-07 
1190.81 7.22395e-07 
1190.82 7.21937e-07 
1190.83 7.21478e-07 
1190.84 7.2102e-07 
1190.85 7.20561e-07 
1190.86 7.20104e-07 
1190.87 7.19646e-07 
1190.88 7.1919e-07 
1190.89 7.18732e-07 
1190.9 7.18275e-07 
1190.91 7.17819e-07 
1190.92 7.17363e-07 
1190.93 7.16907e-07 
1190.94 7.1645e-07 
1190.95 7.15995e-07 
1190.96 7.1554e-07 
1190.97 7.15086e-07 
1190.98 7.1463e-07 
1190.99 7.14175e-07 
1191 7.13721e-07 
1191.01 7.13267e-07 
1191.02 7.12813e-07 
1191.03 7.12359e-07 
1191.04 7.11906e-07 
1191.05 7.11453e-07 
1191.06 7.11e-07 
1191.07 7.10547e-07 
1191.07 7.10094e-07 
1191.08 7.09642e-07 
1191.09 7.0919e-07 
1191.1 7.08738e-07 
1191.11 7.08286e-07 
1191.12 7.07835e-07 
1191.13 7.07384e-07 
1191.14 7.06932e-07 
1191.15 7.06482e-07 
1191.16 7.06032e-07 
1191.17 7.05581e-07 
1191.18 7.05131e-07 
1191.19 7.04682e-07 
1191.2 7.04231e-07 
1191.21 7.03782e-07 
1191.22 7.03334e-07 
1191.23 7.02884e-07 
1191.24 7.02435e-07 
1191.25 7.01987e-07 
1191.26 7.01539e-07 
1191.27 7.0109e-07 
1191.28 7.00643e-07 
1191.29 7.00195e-07 
1191.3 6.99748e-07 
1191.31 6.99301e-07 
1191.32 6.98854e-07 
1191.33 6.98406e-07 
1191.34 6.9796e-07 
1191.35 6.97514e-07 
1191.36 6.97068e-07 
1191.37 6.96623e-07 
1191.38 6.96176e-07 
1191.39 6.95731e-07 
1191.4 6.95287e-07 
1191.41 6.9484e-07 
1191.42 6.94396e-07 
1191.43 6.93952e-07 
1191.44 6.93507e-07 
1191.45 6.93063e-07 
1191.46 6.9262e-07 
1191.47 6.92175e-07 
1191.48 6.91732e-07 
1191.49 6.91288e-07 
1191.49 6.90845e-07 
1191.5 6.90402e-07 
1191.51 6.89959e-07 
1191.52 6.89517e-07 
1191.53 6.89075e-07 
1191.54 6.88633e-07 
1191.55 6.88191e-07 
1191.56 6.8775e-07 
1191.57 6.87308e-07 
1191.58 6.86866e-07 
1191.59 6.86426e-07 
1191.6 6.86411e-07 
1191.61 6.8597e-07 
1191.62 6.85529e-07 
1191.63 6.85089e-07 
1191.64 6.84649e-07 
1191.65 6.84208e-07 
1191.66 6.83769e-07 
1191.67 6.83329e-07 
1191.68 6.82889e-07 
1191.69 6.8245e-07 
1191.7 6.8201e-07 
1191.71 6.81572e-07 
1191.72 6.81133e-07 
1191.73 6.80695e-07 
1191.74 6.80257e-07 
1191.75 6.79818e-07 
1191.76 6.7938e-07 
1191.77 6.78942e-07 
1191.78 6.78504e-07 
1191.79 6.78067e-07 
1191.8 6.7763e-07 
1191.81 6.77193e-07 
1191.82 6.76756e-07 
1191.83 6.7632e-07 
1191.84 6.75882e-07 
1191.85 6.75447e-07 
1191.86 6.7501e-07 
1191.87 6.74574e-07 
1191.88 6.74139e-07 
1191.89 6.73704e-07 
1191.9 6.73267e-07 
1191.91 6.72832e-07 
1191.92 6.72397e-07 
1191.92 6.71962e-07 
1191.93 6.71528e-07 
1191.94 6.71093e-07 
1191.95 6.70659e-07 
1191.96 6.70225e-07 
1191.97 6.6979e-07 
1191.98 6.69357e-07 
1191.99 6.68923e-07 
1192 6.6849e-07 
1192.01 6.68056e-07 
1192.02 6.67624e-07 
1192.03 6.67191e-07 
1192.04 6.66758e-07 
1192.05 6.66325e-07 
1192.06 6.65892e-07 
1192.07 6.6546e-07 
1192.08 6.65028e-07 
1192.09 6.64596e-07 
1192.1 6.64164e-07 
1192.11 6.63733e-07 
1192.12 6.63301e-07 
1192.13 6.62869e-07 
1192.14 6.62438e-07 
1192.15 6.62007e-07 
1192.16 6.61576e-07 
1192.17 6.61146e-07 
1192.18 6.60714e-07 
1192.19 6.60285e-07 
1192.2 6.59855e-07 
1192.21 6.59424e-07 
1192.22 6.58995e-07 
1192.23 6.58564e-07 
1192.24 6.58135e-07 
1192.25 6.57705e-07 
1192.26 6.57275e-07 
1192.27 6.56847e-07 
1192.28 6.56417e-07 
1192.29 6.55988e-07 
1192.3 6.55559e-07 
1192.31 6.55131e-07 
1192.32 6.54702e-07 
1192.33 6.54274e-07 
1192.34 6.53845e-07 
1192.34 6.53417e-07 
1192.35 6.52989e-07 
1192.36 6.52561e-07 
1192.37 6.52134e-07 
1192.38 6.51705e-07 
1192.39 6.51278e-07 
1192.4 6.50851e-07 
1192.41 6.50423e-07 
1192.42 6.49997e-07 
1192.43 6.49569e-07 
1192.44 6.49142e-07 
1192.45 6.48715e-07 
1192.46 6.48289e-07 
1192.47 6.47862e-07 
1192.48 6.47436e-07 
1192.49 6.4701e-07 
1192.5 6.46583e-07 
1192.51 6.46157e-07 
1192.52 6.45731e-07 
1192.53 6.45305e-07 
1192.54 6.44879e-07 
1192.55 6.44454e-07 
1192.56 6.44028e-07 
1192.57 6.43603e-07 
1192.58 6.43177e-07 
1192.59 6.42752e-07 
1192.6 6.42327e-07 
1192.61 6.42301e-07 
1192.62 6.41875e-07 
1192.63 6.41451e-07 
1192.64 6.41025e-07 
1192.65 6.406e-07 
1192.66 6.40175e-07 
1192.67 6.39751e-07 
1192.68 6.39326e-07 
1192.69 6.38901e-07 
1192.7 6.38476e-07 
1192.71 6.38052e-07 
1192.72 6.37628e-07 
1192.73 6.37204e-07 
1192.74 6.3678e-07 
1192.75 6.36355e-07 
1192.76 6.3593e-07 
1192.77 6.35507e-07 
1192.77 6.35083e-07 
1192.78 6.3466e-07 
1192.79 6.34235e-07 
1192.8 6.33812e-07 
1192.81 6.33388e-07 
1192.82 6.32965e-07 
1192.83 6.32541e-07 
1192.84 6.32117e-07 
1192.85 6.31694e-07 
1192.86 6.31271e-07 
1192.87 6.30848e-07 
1192.88 6.30424e-07 
1192.89 6.30001e-07 
1192.9 6.29578e-07 
1192.91 6.29154e-07 
1192.92 6.28732e-07 
1192.93 6.28309e-07 
1192.94 6.27886e-07 
1192.95 6.27463e-07 
1192.96 6.2704e-07 
1192.97 6.26617e-07 
1192.98 6.26194e-07 
1192.99 6.25772e-07 
1193 6.25349e-07 
1193.01 6.24926e-07 
1193.02 6.24503e-07 
1193.03 6.2408e-07 
1193.04 6.23657e-07 
1193.05 6.23235e-07 
1193.06 6.22813e-07 
1193.07 6.2239e-07 
1193.08 6.21967e-07 
1193.09 6.21545e-07 
1193.1 6.21123e-07 
1193.11 6.207e-07 
1193.12 6.20277e-07 
1193.13 6.19855e-07 
1193.14 6.19432e-07 
1193.15 6.1901e-07 
1193.16 6.18587e-07 
1193.17 6.18164e-07 
1193.18 6.17742e-07 
1193.19 6.1732e-07 
1193.19 6.16897e-07 
1193.2 6.16474e-07 
1193.21 6.16052e-07 
1193.22 6.15629e-07 
1193.23 6.15207e-07 
1193.24 6.14784e-07 
1193.25 6.14361e-07 
1193.26 6.13938e-07 
1193.27 6.13517e-07 
1193.28 6.13094e-07 
1193.29 6.12671e-07 
1193.3 6.12248e-07 
1193.31 6.11825e-07 
1193.32 6.11403e-07 
1193.33 6.1098e-07 
1193.34 6.10557e-07 
1193.35 6.10133e-07 
1193.36 6.0971e-07 
1193.37 6.09287e-07 
1193.38 6.08865e-07 
1193.39 6.08441e-07 
1193.4 6.08018e-07 
1193.41 6.07595e-07 
1193.42 6.07172e-07 
1193.43 6.06749e-07 
1193.44 6.06325e-07 
1193.45 6.05902e-07 
1193.46 6.05478e-07 
1193.47 6.05054e-07 
1193.48 6.0463e-07 
1193.49 6.04207e-07 
1193.5 6.03783e-07 
1193.51 6.03359e-07 
1193.52 6.02935e-07 
1193.53 6.02511e-07 
1193.54 6.02086e-07 
1193.55 6.01662e-07 
1193.56 6.01238e-07 
1193.57 6.00813e-07 
1193.58 6.00389e-07 
1193.59 5.99964e-07 
1193.6 5.99539e-07 
1193.61 5.99486e-07 
1193.62 5.99061e-07 
1193.62 5.98636e-07 
1193.63 5.9821e-07 
1193.64 5.97784e-07 
1193.65 5.97359e-07 
1193.66 5.96933e-07 
1193.67 5.96507e-07 
1193.68 5.96081e-07 
1193.69 5.95654e-07 
1193.7 5.95228e-07 
1193.71 5.94802e-07 
1193.72 5.94375e-07 
1193.73 5.93948e-07 
1193.74 5.93521e-07 
1193.75 5.93094e-07 
1193.76 5.92667e-07 
1193.77 5.9224e-07 
1193.78 5.91812e-07 
1193.79 5.91384e-07 
1193.8 5.90956e-07 
1193.81 5.90528e-07 
1193.82 5.90101e-07 
1193.83 5.89672e-07 
1193.84 5.89243e-07 
1193.85 5.88815e-07 
1193.86 5.88386e-07 
1193.87 5.87957e-07 
1193.88 5.87528e-07 
1193.89 5.87099e-07 
1193.9 5.86669e-07 
1193.91 5.86239e-07 
1193.92 5.8581e-07 
1193.93 5.85379e-07 
1193.94 5.84949e-07 
1193.95 5.84518e-07 
1193.96 5.84087e-07 
1193.97 5.83656e-07 
1193.98 5.83225e-07 
1193.99 5.82794e-07 
1194 5.82362e-07 
1194.01 5.8193e-07 
1194.02 5.81498e-07 
1194.03 5.81066e-07 
1194.04 5.80634e-07 
1194.05 5.80202e-07 
1194.05 5.79768e-07 
1194.06 5.79335e-07 
1194.07 5.78901e-07 
1194.08 5.78468e-07 
1194.09 5.78034e-07 
1194.1 5.77599e-07 
1194.11 5.77165e-07 
1194.12 5.7673e-07 
1194.13 5.76295e-07 
1194.14 5.7586e-07 
1194.15 5.75425e-07 
1194.16 5.74988e-07 
1194.17 5.74553e-07 
1194.18 5.74117e-07 
1194.19 5.7368e-07 
1194.2 5.73243e-07 
1194.21 5.72806e-07 
1194.22 5.72368e-07 
1194.23 5.7193e-07 
1194.24 5.71492e-07 
1194.25 5.71055e-07 
1194.26 5.70615e-07 
1194.27 5.70177e-07 
1194.28 5.69737e-07 
1194.29 5.69297e-07 
1194.3 5.68858e-07 
1194.31 5.68417e-07 
1194.32 5.67977e-07 
1194.33 5.67536e-07 
1194.34 5.67095e-07 
1194.35 5.66653e-07 
1194.36 5.66211e-07 
1194.37 5.65769e-07 
1194.38 5.65326e-07 
1194.39 5.64884e-07 
1194.4 5.6444e-07 
1194.41 5.63996e-07 
1194.42 5.63552e-07 
1194.43 5.63108e-07 
1194.44 5.62663e-07 
1194.45 5.62218e-07 
1194.46 5.61773e-07 
1194.47 5.61327e-07 
1194.47 5.6088e-07 
1194.48 5.60434e-07 
1194.49 5.59987e-07 
1194.5 5.5954e-07 
1194.51 5.59092e-07 
1194.52 5.58644e-07 
1194.53 5.58196e-07 
1194.54 5.57746e-07 
1194.55 5.57297e-07 
1194.56 5.56847e-07 
1194.57 5.56397e-07 
1194.58 5.55946e-07 
1194.59 5.55495e-07 
1194.6 5.55044e-07 
1194.61 5.54935e-07 
1194.62 5.54483e-07 
1194.63 5.5403e-07 
1194.64 5.53577e-07 
1194.65 5.53122e-07 
1194.66 5.52668e-07 
1194.67 5.52213e-07 
1194.68 5.51758e-07 
1194.69 5.51302e-07 
1194.7 5.50846e-07 
1194.71 5.50389e-07 
1194.72 5.49932e-07 
1194.73 5.49475e-07 
1194.74 5.49016e-07 
1194.75 5.48558e-07 
1194.76 5.48098e-07 
1194.77 5.47639e-07 
1194.78 5.47179e-07 
1194.79 5.46718e-07 
1194.8 5.46257e-07 
1194.81 5.45795e-07 
1194.82 5.45333e-07 
1194.83 5.4487e-07 
1194.84 5.44407e-07 
1194.85 5.43944e-07 
1194.86 5.43479e-07 
1194.87 5.43015e-07 
1194.88 5.42549e-07 
1194.89 5.42084e-07 
1194.9 5.41617e-07 
1194.9 5.4115e-07 
1194.91 5.40683e-07 
1194.92 5.40215e-07 
1194.93 5.39745e-07 
1194.94 5.39277e-07 
1194.95 5.38807e-07 
1194.96 5.38337e-07 
1194.97 5.37866e-07 
1194.98 5.37394e-07 
1194.99 5.36923e-07 
1195 5.3645e-07 
1195.01 5.35977e-07 
1195.02 5.35502e-07 
1195.03 5.35028e-07 
1195.04 5.34553e-07 
1195.05 5.34077e-07 
1195.06 5.33601e-07 
1195.07 5.33125e-07 
1195.08 5.32647e-07 
1195.09 5.32169e-07 
1195.1 5.3169e-07 
1195.11 5.3121e-07 
1195.12 5.30731e-07 
1195.13 5.3025e-07 
1195.14 5.29768e-07 
1195.15 5.29287e-07 
1195.16 5.28804e-07 
1195.17 5.28321e-07 
1195.18 5.27837e-07 
1195.19 5.27353e-07 
1195.2 5.26867e-07 
1195.21 5.26381e-07 
1195.22 5.25894e-07 
1195.23 5.25407e-07 
1195.24 5.24919e-07 
1195.25 5.24431e-07 
1195.26 5.23941e-07 
1195.27 5.23451e-07 
1195.28 5.2296e-07 
1195.29 5.22469e-07 
1195.3 5.21977e-07 
1195.31 5.21484e-07 
1195.32 5.20991e-07 
1195.32 5.20496e-07 
1195.33 5.20001e-07 
1195.34 5.19505e-07 
1195.35 5.19008e-07 
1195.36 5.18511e-07 
1195.37 5.18013e-07 
1195.38 5.17514e-07 
1195.39 5.17015e-07 
1195.4 5.16515e-07 
1195.41 5.16013e-07 
1195.42 5.15512e-07 
1195.43 5.15009e-07 
1195.44 5.14506e-07 
1195.45 5.14002e-07 
1195.46 5.13497e-07 
1195.47 5.12991e-07 
1195.48 5.12484e-07 
1195.49 5.11977e-07 
1195.5 5.11469e-07 
1195.51 5.1096e-07 
1195.52 5.10451e-07 
1195.53 5.0994e-07 
1195.54 5.09429e-07 
1195.55 5.08917e-07 
1195.56 5.08404e-07 
1195.57 5.0789e-07 
1195.58 5.07375e-07 
1195.59 5.06859e-07 
1195.6 5.06343e-07 
1195.61 5.06139e-07 
1195.62 5.05621e-07 
1195.63 5.05102e-07 
1195.64 5.04582e-07 
1195.65 5.04061e-07 
1195.66 5.03539e-07 
1195.67 5.03016e-07 
1195.68 5.02493e-07 
1195.69 5.01969e-07 
1195.7 5.01443e-07 
1195.71 5.00917e-07 
1195.72 5.0039e-07 
1195.73 4.99862e-07 
1195.74 4.99333e-07 
1195.75 4.98803e-07 
1195.75 4.98272e-07 
1195.76 4.9774e-07 
1195.77 4.97208e-07 
1195.78 4.96674e-07 
1195.79 4.9614e-07 
1195.8 4.95605e-07 
1195.81 4.95068e-07 
1195.82 4.94531e-07 
1195.83 4.93993e-07 
1195.84 4.93454e-07 
1195.85 4.92914e-07 
1195.86 4.92373e-07 
1195.87 4.9183e-07 
1195.88 4.91288e-07 
1195.89 4.90744e-07 
1195.9 4.90199e-07 
1195.91 4.89653e-07 
1195.92 4.89106e-07 
1195.93 4.88558e-07 
1195.94 4.88009e-07 
1195.95 4.87459e-07 
1195.96 4.86908e-07 
1195.97 4.86357e-07 
1195.98 4.85803e-07 
1195.99 4.8525e-07 
1196 4.84695e-07 
1196.01 4.84139e-07 
1196.02 4.83582e-07 
1196.03 4.83024e-07 
1196.04 4.82465e-07 
1196.05 4.81905e-07 
1196.06 4.81344e-07 
1196.07 4.80781e-07 
1196.08 4.80218e-07 
1196.09 4.79654e-07 
1196.1 4.79088e-07 
1196.11 4.78522e-07 
1196.12 4.77955e-07 
1196.13 4.77386e-07 
1196.14 4.76816e-07 
1196.15 4.76246e-07 
1196.16 4.75674e-07 
1196.17 4.75101e-07 
1196.17 4.74527e-07 
1196.18 4.73952e-07 
1196.19 4.73376e-07 
1196.2 4.72798e-07 
1196.21 4.7222e-07 
1196.22 4.7164e-07 
1196.23 4.71059e-07 
1196.24 4.70478e-07 
1196.25 4.69895e-07 
1196.26 4.69311e-07 
1196.27 4.68725e-07 
1196.28 4.68139e-07 
1196.29 4.67551e-07 
1196.3 4.66963e-07 
1196.31 4.66373e-07 
1196.32 4.65782e-07 
1196.33 4.6519e-07 
1196.34 4.64597e-07 
1196.35 4.64002e-07 
1196.36 4.63407e-07 
1196.37 4.6281e-07 
1196.38 4.62212e-07 
1196.39 4.61613e-07 
1196.4 4.61012e-07 
1196.41 4.60411e-07 
1196.42 4.59808e-07 
1196.43 4.59204e-07 
1196.44 4.58599e-07 
1196.45 4.57993e-07 
1196.46 4.57385e-07 
1196.47 4.56777e-07 
1196.48 4.56167e-07 
1196.49 4.55555e-07 
1196.5 4.54943e-07 
1196.51 4.5433e-07 
1196.52 4.53715e-07 
1196.53 4.53098e-07 
1196.54 4.52482e-07 
1196.55 4.51863e-07 
1196.56 4.51244e-07 
1196.57 4.50623e-07 
1196.58 4.50001e-07 
1196.59 4.49377e-07 
1196.6 4.48753e-07 
1196.6 4.48405e-07 
1196.61 4.47778e-07 
1196.62 4.47149e-07 
1196.63 4.4652e-07 
1196.64 4.45889e-07 
1196.65 4.45257e-07 
1196.66 4.44624e-07 
1196.67 4.4399e-07 
1196.68 4.43355e-07 
1196.69 4.42718e-07 
1196.7 4.42081e-07 
1196.71 4.41442e-07 
1196.72 4.40803e-07 
1196.73 4.40162e-07 
1196.74 4.39521e-07 
1196.75 4.38879e-07 
1196.76 4.38235e-07 
1196.77 4.37591e-07 
1196.78 4.36947e-07 
1196.79 4.36301e-07 
1196.8 4.35655e-07 
1196.81 4.35009e-07 
1196.82 4.34362e-07 
1196.83 4.33715e-07 
1196.84 4.33067e-07 
1196.85 4.3242e-07 
1196.86 4.31772e-07 
1196.87 4.31125e-07 
1196.88 4.30478e-07 
1196.89 4.29832e-07 
1196.9 4.29187e-07 
1196.91 4.28543e-07 
1196.92 4.27899e-07 
1196.93 4.27258e-07 
1196.94 4.26618e-07 
1196.95 4.25981e-07 
1196.96 4.25346e-07 
1196.97 4.24715e-07 
1196.98 4.24087e-07 
1196.99 4.23463e-07 
1197 4.22844e-07 
1197.01 4.22229e-07 
1197.02 4.21621e-07 
1197.03 4.21018e-07 
1197.03 4.20424e-07 
1197.04 4.19837e-07 
1197.05 4.19259e-07 
1197.06 4.18691e-07 
1197.07 4.18134e-07 
1197.08 4.17589e-07 
1197.09 4.17058e-07 
1197.1 4.16542e-07 
1197.11 4.16041e-07 
1197.12 4.15558e-07 
1197.13 4.15095e-07 
1197.14 4.14653e-07 
1197.15 4.14234e-07 
1197.16 4.13842e-07 
1197.17 4.13475e-07 
1197.18 4.1314e-07 
1197.19 4.12836e-07 
1197.2 4.12569e-07 
1197.21 4.12339e-07 
1197.22 4.12151e-07 
1197.23 4.12015e-07 
1197.24 4.11921e-07 
1197.25 4.11879e-07 
1197.26 4.11893e-07 
1197.27 4.11968e-07 
1197.28 4.12108e-07 
1197.29 4.12318e-07 
1197.3 4.12603e-07 
1197.31 4.1297e-07 
1197.32 4.13422e-07 
1197.33 4.13966e-07 
1197.34 4.1461e-07 
1197.35 4.15358e-07 
1197.36 4.16219e-07 
1197.37 4.172e-07 
1197.38 4.18308e-07 
1197.39 4.19552e-07 
1197.4 4.20939e-07 
1197.41 4.2248e-07 
1197.42 4.24182e-07 
1197.43 4.26056e-07 
1197.44 4.28112e-07 
1197.45 4.30359e-07 
1197.45 4.32808e-07 
1197.46 4.35471e-07 
1197.47 4.3836e-07 
1197.48 4.41534e-07 
1197.49 4.44911e-07 
1197.5 4.4855e-07 
1197.51 4.52463e-07 
1197.52 4.56663e-07 
1197.53 4.61165e-07 
1197.54 4.65981e-07 
1197.55 4.71126e-07 
1197.56 4.76614e-07 
1197.57 4.8246e-07 
1197.58 4.88677e-07 
1197.59 4.95282e-07 
1197.6 5.02288e-07 
1197.61 5.10026e-07 
1197.62 5.17885e-07 
1197.63 5.26192e-07 
1197.64 5.3496e-07 
1197.65 5.44205e-07 
1197.66 5.53942e-07 
1197.67 5.64184e-07 
1197.68 5.74947e-07 
1197.69 5.86244e-07 
1197.7 5.98089e-07 
1197.71 6.10494e-07 
1197.72 6.23474e-07 
1197.73 6.37221e-07 
1197.74 6.5139e-07 
1197.75 6.66166e-07 
1197.76 6.8156e-07 
1197.77 6.9758e-07 
1197.78 7.14234e-07 
1197.79 7.3153e-07 
1197.8 7.49473e-07 
1197.81 7.68068e-07 
1197.82 7.87319e-07 
1197.83 8.07228e-07 
1197.84 8.27795e-07 
1197.85 8.49021e-07 
1197.86 8.70904e-07 
1197.87 8.93438e-07 
1197.88 9.16621e-07 
1197.88 9.40442e-07 
1197.89 9.64897e-07 
1197.9 9.8997e-07 
1197.91 1.01565e-06 
1197.92 1.04193e-06 
1197.93 1.06879e-06 
1197.94 1.0962e-06 
1197.95 1.12415e-06 
1197.96 1.15263e-06 
1197.97 1.18159e-06 
1197.98 1.21141e-06 
1197.99 1.24129e-06 
1198 1.27157e-06 
1198.01 1.30224e-06 
1198.02 1.33324e-06 
1198.03 1.36455e-06 
1198.04 1.39613e-06 
1198.05 1.42794e-06 
1198.06 1.45994e-06 
1198.07 1.49208e-06 
1198.08 1.52432e-06 
1198.09 1.55661e-06 
1198.1 1.58891e-06 
1198.11 1.62117e-06 
1198.12 1.65333e-06 
1198.13 1.68535e-06 
1198.14 1.71717e-06 
1198.15 1.74874e-06 
1198.16 1.78001e-06 
1198.17 1.81091e-06 
1198.18 1.84141e-06 
1198.19 1.87143e-06 
1198.2 1.90094e-06 
1198.21 1.92986e-06 
1198.22 1.95815e-06 
1198.23 1.98611e-06 
1198.24 2.01296e-06 
1198.25 2.03902e-06 
1198.26 2.06423e-06 
1198.27 2.08854e-06 
1198.28 2.1119e-06 
1198.29 2.13427e-06 
1198.3 2.15559e-06 
1198.3 2.17582e-06 
1198.31 2.19492e-06 
1198.32 2.21285e-06 
1198.33 2.22956e-06 
1198.34 2.24503e-06 
1198.35 2.25921e-06 
1198.36 2.27208e-06 
1198.37 2.2836e-06 
1198.38 2.29376e-06 
1198.39 2.30252e-06 
1198.4 2.30986e-06 
1198.41 2.31578e-06 
1198.42 2.32026e-06 
1198.43 2.32327e-06 
1198.44 2.32483e-06 
1198.45 2.32492e-06 
1198.46 2.32354e-06 
1198.47 2.3207e-06 
1198.48 2.31634e-06 
1198.49 2.31057e-06 
1198.5 2.30335e-06 
1198.51 2.29472e-06 
1198.52 2.28468e-06 
1198.53 2.27326e-06 
1198.54 2.26048e-06 
1198.55 2.24637e-06 
1198.56 2.23097e-06 
1198.57 2.21429e-06 
1198.58 2.19639e-06 
1198.59 2.17729e-06 
1198.6 2.15705e-06 
1198.61 2.13702e-06 
1198.62 2.11459e-06 
1198.63 2.09115e-06 
1198.64 2.06674e-06 
1198.65 2.04142e-06 
1198.66 2.01523e-06 
1198.67 1.98824e-06 
1198.68 1.9605e-06 
1198.69 1.93206e-06 
1198.7 1.90298e-06 
1198.71 1.87333e-06 
1198.72 1.84314e-06 
1198.73 1.81212e-06 
1198.73 1.78107e-06 
1198.74 1.74967e-06 
1198.75 1.71799e-06 
1198.76 1.68608e-06 
1198.77 1.654e-06 
1198.78 1.62181e-06 
1198.79 1.58957e-06 
1198.8 1.55733e-06 
1198.81 1.52516e-06 
1198.82 1.49309e-06 
1198.83 1.4612e-06 
1198.84 1.42952e-06 
1198.85 1.39812e-06 
1198.86 1.36703e-06 
1198.87 1.33632e-06 
1198.88 1.30602e-06 
1198.89 1.27617e-06 
1198.9 1.24684e-06 
1198.91 1.21804e-06 
1198.92 1.18983e-06 
1198.93 1.16224e-06 
1198.94 1.13531e-06 
1198.95 1.10906e-06 
1198.96 1.08355e-06 
1198.97 1.05878e-06 
1198.98 1.03451e-06 
1198.99 1.01134e-06 
1199 9.89005e-07 
1199.01 9.67524e-07 
1199.02 9.46917e-07 
1199.03 9.27203e-07 
1199.04 9.08398e-07 
1199.05 8.90518e-07 
1199.06 8.73576e-07 
1199.07 8.57582e-07 
1199.08 8.42547e-07 
1199.09 8.28477e-07 
1199.1 8.1538e-07 
1199.11 8.03259e-07 
1199.12 7.92117e-07 
1199.13 7.81956e-07 
1199.14 7.72775e-07 
1199.15 7.64573e-07 
1199.15 7.57346e-07 
1199.16 7.51089e-07 
1199.17 7.45798e-07 
1199.18 7.41464e-07 
1199.19 7.38079e-07 
1199.2 7.35632e-07 
1199.21 7.34114e-07 
1199.22 7.33525e-07 
1199.23 7.33829e-07 
1199.24 7.35028e-07 
1199.25 7.37098e-07 
1199.26 7.40022e-07 
1199.27 7.43784e-07 
1199.28 7.48365e-07 
1199.29 7.53745e-07 
1199.3 7.59902e-07 
1199.31 7.66815e-07 
1199.32 7.74462e-07 
1199.33 7.8282e-07 
1199.34 7.91864e-07 
1199.35 8.01568e-07 
1199.36 8.11908e-07 
1199.37 8.22856e-07 
1199.38 8.34386e-07 
1199.39 8.46468e-07 
1199.4 8.59073e-07 
1199.41 8.72174e-07 
1199.42 8.85739e-07 
1199.43 8.99738e-07 
1199.44 9.14139e-07 
1199.45 9.28913e-07 
1199.46 9.44024e-07 
1199.47 9.59441e-07 
1199.48 9.75339e-07 
1199.49 9.91272e-07 
1199.5 1.00741e-06 
1199.51 1.02372e-06 
1199.52 1.04017e-06 
1199.53 1.05673e-06 
1199.54 1.07335e-06 
1199.55 1.09001e-06 
1199.56 1.10667e-06 
1199.57 1.1233e-06 
1199.58 1.13987e-06 
1199.58 1.15633e-06 
1199.59 1.17266e-06 
1199.6 1.18883e-06 
1199.61 1.20555e-06 
1199.62 1.2213e-06 
1199.63 1.23679e-06 
1199.64 1.25199e-06 
1199.65 1.26687e-06 
1199.66 1.28141e-06 
1199.67 1.29556e-06 
1199.68 1.30932e-06 
1199.69 1.32265e-06 
1199.7 1.33552e-06 
1199.71 1.34792e-06 
1199.72 1.35983e-06 
1199.73 1.37136e-06 
1199.74 1.38221e-06 
1199.75 1.3925e-06 
1199.76 1.40222e-06 
1199.77 1.41136e-06 
1199.78 1.4199e-06 
1199.79 1.42783e-06 
1199.8 1.43515e-06 
1199.81 1.44184e-06 
1199.82 1.4479e-06 
1199.83 1.45333e-06 
1199.84 1.45813e-06 
1199.85 1.46229e-06 
1199.86 1.46581e-06 
1199.87 1.46871e-06 
1199.88 1.47098e-06 
1199.89 1.47264e-06 
1199.9 1.47369e-06 
1199.91 1.47414e-06 
1199.92 1.47401e-06 
1199.93 1.47332e-06 
1199.94 1.47206e-06 
1199.95 1.47028e-06 
1199.96 1.46798e-06 
1199.97 1.46519e-06 
1199.98 1.46189e-06 
1199.99 1.45817e-06 
1200 1.45403e-06 
1200.01 1.4495e-06 
1200.01 1.4446e-06 
1200.02 1.43936e-06 
1200.03 1.43382e-06 
1200.04 1.42799e-06 
1200.05 1.42192e-06 
1200.06 1.41564e-06 
1200.07 1.40918e-06 
1200.08 1.40256e-06 
1200.09 1.39583e-06 
1200.1 1.38903e-06 
1200.11 1.38217e-06 
1200.12 1.37531e-06 
1200.13 1.36846e-06 
1200.14 1.36167e-06 
1200.15 1.35497e-06 
1200.16 1.34839e-06 
1200.17 1.34197e-06 
1200.18 1.33573e-06 
1200.19 1.32971e-06 
1200.2 1.32393e-06 
1200.21 1.31844e-06 
1200.22 1.31324e-06 
1200.23 1.30833e-06 
1200.24 1.30384e-06 
1200.25 1.29972e-06 
1200.26 1.29601e-06 
1200.27 1.29273e-06 
1200.28 1.2899e-06 
1200.29 1.28753e-06 
1200.3 1.28565e-06 
1200.31 1.28427e-06 
1200.32 1.28339e-06 
1200.33 1.28305e-06 
1200.34 1.28323e-06 
1200.35 1.28396e-06 
1200.36 1.28524e-06 
1200.37 1.28707e-06 
1200.38 1.28945e-06 
1200.39 1.29239e-06 
1200.4 1.29588e-06 
1200.41 1.29992e-06 
1200.42 1.30451e-06 
1200.43 1.30963e-06 
1200.43 1.31528e-06 
1200.44 1.32144e-06 
1200.45 1.32811e-06 
1200.46 1.33526e-06 
1200.47 1.34289e-06 
1200.48 1.35109e-06 
1200.49 1.35961e-06 
1200.5 1.36854e-06 
1200.51 1.37786e-06 
1200.52 1.38755e-06 
1200.53 1.39758e-06 
1200.54 1.40793e-06 
1200.55 1.41856e-06 
1200.56 1.42944e-06 
1200.57 1.44055e-06 
1200.58 1.45186e-06 
1200.59 1.46332e-06 
1200.6 1.47492e-06 
1200.61 1.48753e-06 
1200.62 1.4993e-06 
1200.63 1.51109e-06 
1200.64 1.52288e-06 
1200.65 1.53462e-06 
1200.66 1.54629e-06 
1200.67 1.55785e-06 
1200.68 1.56926e-06 
1200.69 1.58049e-06 
1200.7 1.5915e-06 
1200.71 1.60227e-06 
1200.72 1.61274e-06 
1200.73 1.62304e-06 
1200.74 1.63284e-06 
1200.75 1.64226e-06 
1200.76 1.65126e-06 
1200.77 1.65982e-06 
1200.78 1.6679e-06 
1200.79 1.67548e-06 
1200.8 1.68252e-06 
1200.81 1.68901e-06 
1200.82 1.69492e-06 
1200.83 1.70022e-06 
1200.84 1.70489e-06 
1200.85 1.70891e-06 
1200.85 1.71226e-06 
1200.86 1.71493e-06 
1200.87 1.71689e-06 
1200.88 1.71813e-06 
1200.89 1.71864e-06 
1200.9 1.71841e-06 
1200.91 1.71742e-06 
1200.92 1.71568e-06 
1200.93 1.71316e-06 
1200.94 1.70987e-06 
1200.95 1.70581e-06 
1200.96 1.70096e-06 
1200.97 1.69534e-06 
1200.98 1.68887e-06 
1200.99 1.68169e-06 
1201 1.67375e-06 
1201.01 1.66504e-06 
1201.02 1.65558e-06 
1201.03 1.64538e-06 
1201.04 1.63445e-06 
1201.05 1.62281e-06 
1201.06 1.61045e-06 
1201.07 1.59742e-06 
1201.08 1.58371e-06 
1201.09 1.56934e-06 
1201.1 1.55435e-06 
1201.11 1.53874e-06 
1201.12 1.52254e-06 
1201.13 1.50578e-06 
1201.14 1.48847e-06 
1201.15 1.47064e-06 
1201.16 1.45232e-06 
1201.17 1.43354e-06 
1201.18 1.41431e-06 
1201.19 1.39467e-06 
1201.2 1.37465e-06 
1201.21 1.35428e-06 
1201.22 1.33358e-06 
1201.23 1.31233e-06 
1201.24 1.29108e-06 
1201.25 1.26959e-06 
1201.26 1.24789e-06 
1201.27 1.22603e-06 
1201.28 1.20403e-06 
1201.28 1.18192e-06 
1201.29 1.15974e-06 
1201.3 1.13751e-06 
1201.31 1.11527e-06 
1201.32 1.09305e-06 
1201.33 1.07088e-06 
1201.34 1.04879e-06 
1201.35 1.02681e-06 
1201.36 1.00497e-06 
1201.37 9.83303e-07 
1201.38 9.61841e-07 
1201.39 9.40612e-07 
1201.4 9.19646e-07 
1201.41 8.9897e-07 
1201.42 8.78615e-07 
1201.43 8.58609e-07 
1201.44 8.3898e-07 
1201.45 8.19755e-07 
1201.46 8.00962e-07 
1201.47 7.82628e-07 
1201.48 7.64569e-07 
1201.49 7.47239e-07 
1201.5 7.30448e-07 
1201.51 7.1422e-07 
1201.52 6.98581e-07 
1201.53 6.83556e-07 
1201.54 6.6917e-07 
1201.55 6.55446e-07 
1201.56 6.42408e-07 
1201.57 6.30081e-07 
1201.58 6.18488e-07 
1201.59 6.07652e-07 
1201.6 5.97595e-07 
1201.61 5.88705e-07 
1201.62 5.8027e-07 
1201.63 5.72685e-07 
1201.64 5.65969e-07 
1201.65 5.60146e-07 
1201.66 5.55236e-07 
1201.67 5.51262e-07 
1201.68 5.48245e-07 
1201.69 5.46206e-07 
1201.7 5.45167e-07 
1201.7 5.45149e-07 
1201.71 5.46172e-07 
1201.72 5.48297e-07 
1201.73 5.51477e-07 
1201.74 5.5576e-07 
1201.75 5.61165e-07 
1201.76 5.67713e-07 
1201.77 5.75422e-07 
1201.78 5.84312e-07 
1201.79 5.944e-07 
1201.8 6.05704e-07 
1201.81 6.18245e-07 
1201.82 6.32037e-07 
1201.83 6.47096e-07 
1201.84 6.63441e-07 
1201.85 6.81085e-07 
1201.86 7.00042e-07 
1201.87 7.20327e-07 
1201.88 7.41952e-07 
1201.89 7.6493e-07 
1201.9 7.8927e-07 
1201.91 8.14981e-07 
1201.92 8.42073e-07 
1201.93 8.70551e-07 
1201.94 9.00423e-07 
1201.95 9.31691e-07 
1201.96 9.64357e-07 
1201.97 9.98422e-07 
1201.98 1.03435e-06 
1201.99 1.07123e-06 
1202 1.10949e-06 
1202.01 1.14914e-06 
1202.02 1.19017e-06 
1202.03 1.23256e-06 
1202.04 1.2763e-06 
1202.05 1.32137e-06 
1202.06 1.36776e-06 
1202.07 1.41544e-06 
1202.08 1.46439e-06 
1202.09 1.51458e-06 
1202.1 1.56599e-06 
1202.11 1.61858e-06 
1202.12 1.67232e-06 
1202.13 1.72717e-06 
1202.13 1.7831e-06 
1202.14 1.84005e-06 
1202.15 1.89798e-06 
1202.16 1.95684e-06 
1202.17 2.01658e-06 
1202.18 2.07715e-06 
1202.19 2.13849e-06 
1202.2 2.20053e-06 
1202.21 2.26322e-06 
1202.22 2.32728e-06 
1202.23 2.39106e-06 
1202.24 2.45527e-06 
1202.25 2.51984e-06 
1202.26 2.58471e-06 
1202.27 2.64978e-06 
1202.28 2.71498e-06 
1202.29 2.78022e-06 
1202.3 2.84542e-06 
1202.31 2.91049e-06 
1202.32 2.97535e-06 
1202.33 3.0399e-06 
1202.34 3.10407e-06 
1202.35 3.16774e-06 
1202.36 3.23083e-06 
1202.37 3.29325e-06 
1202.38 3.3549e-06 
1202.39 3.4157e-06 
1202.4 3.47554e-06 
1202.41 3.53433e-06 
1202.42 3.59198e-06 
1202.43 3.6484e-06 
1202.44 3.70349e-06 
1202.45 3.75716e-06 
1202.46 3.80933e-06 
1202.47 3.85991e-06 
1202.48 3.90941e-06 
1202.49 3.95652e-06 
1202.5 4.00179e-06 
1202.51 4.04513e-06 
1202.52 4.08648e-06 
1202.53 4.12575e-06 
1202.54 4.16288e-06 
1202.55 4.1978e-06 
1202.56 4.23044e-06 
1202.56 4.26075e-06 
1202.57 4.28868e-06 
1202.58 4.31417e-06 
1202.59 4.33717e-06 
1202.6 4.35764e-06 
1202.61 4.37824e-06 
1202.62 4.39355e-06 
1202.63 4.40623e-06 
1202.64 4.41626e-06 
1202.65 4.42361e-06 
1202.66 4.42827e-06 
1202.67 4.43024e-06 
1202.68 4.42949e-06 
1202.69 4.42605e-06 
1202.7 4.41991e-06 
1202.71 4.41108e-06 
1202.72 4.39958e-06 
1202.73 4.38524e-06 
1202.74 4.36843e-06 
1202.75 4.34902e-06 
1202.76 4.32706e-06 
1202.77 4.30257e-06 
1202.78 4.27561e-06 
1202.79 4.24621e-06 
1202.8 4.21444e-06 
1202.81 4.18034e-06 
1202.82 4.14399e-06 
1202.83 4.10543e-06 
1202.84 4.06475e-06 
1202.85 4.022e-06 
1202.86 3.97727e-06 
1202.87 3.93063e-06 
1202.88 3.88215e-06 
1202.89 3.83192e-06 
1202.9 3.78003e-06 
1202.91 3.72656e-06 
1202.92 3.67159e-06 
1202.93 3.61521e-06 
1202.94 3.55753e-06 
1202.95 3.49862e-06 
1202.96 3.43857e-06 
1202.97 3.37748e-06 
1202.98 3.31544e-06 
1202.98 3.25177e-06 
1202.99 3.18811e-06 
1203 3.12377e-06 
1203.01 3.05886e-06 
1203.02 2.99347e-06 
1203.03 2.92767e-06 
1203.04 2.86157e-06 
1203.05 2.79524e-06 
1203.06 2.72878e-06 
1203.07 2.66226e-06 
1203.08 2.59578e-06 
1203.09 2.5294e-06 
1203.1 2.4632e-06 
1203.11 2.39727e-06 
1203.12 2.33167e-06 
1203.13 2.26648e-06 
1203.14 2.20176e-06 
1203.15 2.13757e-06 
1203.16 2.07399e-06 
1203.17 2.01106e-06 
1203.18 1.94884e-06 
1203.19 1.88739e-06 
1203.2 1.82676e-06 
1203.21 1.76699e-06 
1203.22 1.70813e-06 
1203.23 1.64949e-06 
1203.24 1.59258e-06 
1203.25 1.53668e-06 
1203.26 1.48184e-06 
1203.27 1.42807e-06 
1203.28 1.37542e-06 
1203.29 1.32389e-06 
1203.3 1.27351e-06 
1203.31 1.2243e-06 
1203.32 1.17626e-06 
1203.33 1.12942e-06 
1203.34 1.08378e-06 
1203.35 1.03934e-06 
1203.36 9.96116e-07 
1203.37 9.54102e-07 
1203.38 9.133e-07 
1203.39 8.73707e-07 
1203.4 8.35316e-07 
1203.41 7.98123e-07 
1203.41 7.62118e-07 
1203.42 7.2729e-07 
1203.43 6.93628e-07 
1203.44 6.61119e-07 
1203.45 6.29746e-07 
1203.46 5.99494e-07 
1203.47 5.70346e-07 
1203.48 5.41937e-07 
1203.49 5.14951e-07 
1203.5 4.89007e-07 
1203.51 4.64086e-07 
1203.52 4.40165e-07 
1203.53 4.1722e-07 
1203.54 3.95229e-07 
1203.55 3.74168e-07 
1203.56 3.54011e-07 
1203.57 3.34734e-07 
1203.58 3.16313e-07 
1203.59 2.98723e-07 
1203.6 2.81937e-07 
1203.61 2.66095e-07 
1203.62 2.50835e-07 
1203.63 2.36305e-07 
1203.64 2.2248e-07 
1203.65 2.09335e-07 
1203.66 1.96846e-07 
1203.67 1.84988e-07 
1203.68 1.73738e-07 
1203.69 1.63072e-07 
1203.7 1.52967e-07 
1203.71 1.434e-07 
1203.72 1.34349e-07 
1203.73 1.25688e-07 
1203.74 1.1761e-07 
1203.75 1.09983e-07 
1203.76 1.02787e-07 
1203.77 9.60037e-08 
1203.78 8.96128e-08 
1203.79 8.35959e-08 
1203.8 7.79353e-08 
1203.81 7.26133e-08 
1203.82 6.76133e-08 
1203.83 6.29189e-08 
1203.83 5.85144e-08 
1203.84 5.4385e-08 
1203.85 5.05159e-08 
1203.86 4.68933e-08 
1203.87 4.35037e-08 
1203.88 4.03344e-08 
1203.89 3.7373e-08 
1203.9 3.46078e-08 
1203.91 3.20276e-08 
1203.92 2.96215e-08 
1203.93 2.73793e-08 
1203.94 2.52914e-08 
1203.95 2.33483e-08 
1203.96 2.15413e-08 
1203.97 1.98619e-08 
1203.98 1.82835e-08 
1203.99 1.68373e-08 
1204 1.5496e-08 
1204.01 1.42527e-08 
1204.02 1.31012e-08 
1204.03 1.20353e-08 
1204.04 1.10494e-08 
1204.05 1.0138e-08 
1204.06 9.29606e-09 
1204.07 8.51881e-09 
1204.08 7.80176e-09 
1204.09 7.14068e-09 
1204.1 6.53161e-09 
1204.11 5.97081e-09 
1204.12 5.45482e-09 
1204.13 4.98037e-09 
1204.14 4.54438e-09 
1204.15 4.14402e-09 
1204.16 3.77661e-09 
1204.17 3.43967e-09 
1204.18 3.13086e-09 
1204.19 2.84803e-09 
1204.2 2.58916e-09 
1204.21 2.35238e-09 
1204.22 2.13593e-09 
1204.23 1.93585e-09 
1204.24 1.75557e-09 
1204.25 1.59109e-09 
1204.26 1.44114e-09 
1204.26 1.30452e-09 
1204.27 1.18012e-09 
1204.28 1.06694e-09 
1204.29 9.64014e-10 
1204.3 8.70485e-10 
1204.31 7.85548e-10 
1204.32 7.08463e-10 
1204.33 6.38551e-10 
1204.34 5.75184e-10 
1204.35 5.17787e-10 
1204.36 4.65832e-10 
1204.37 4.18833e-10 
1204.38 3.76345e-10 
1204.39 3.37959e-10 
1204.4 3.03302e-10 
1204.41 2.72033e-10 
1204.42 2.43837e-10 
1204.43 2.18429e-10 
1204.44 1.95549e-10 
1204.45 1.74958e-10 
1204.46 1.56439e-10 
1204.47 1.39795e-10 
1204.48 1.24668e-10 
1204.49 1.11266e-10 
1204.5 9.92442e-11 
1204.51 8.84668e-11 
1204.52 7.88115e-11 
1204.53 7.01668e-11 
1204.54 6.24319e-11 
1204.55 5.55157e-11 
1204.56 4.93353e-11 
1204.57 4.38161e-11 
1204.58 3.88904e-11 
1204.59 3.44973e-11 
1204.6 3.05816e-11 
1204.61 2.70938e-11 
1204.62 2.40038e-11 
1204.63 2.124e-11 
1204.64 1.8783e-11 
1204.65 1.66e-11 
1204.66 1.46616e-11 
1204.67 1.29417e-11 
1204.68 1.14165e-11 
1204.68 1.00649e-11 
1204.69 8.86788e-12 
1204.7 7.80841e-12 
1204.71 6.8713e-12 
1204.72 6.03322e-12 
1204.73 5.3026e-12 
1204.74 4.6576e-12 
1204.75 4.08854e-12 
1204.76 3.5868e-12 
1204.77 3.14471e-12 
1204.78 2.75542e-12 
1204.79 2.41283e-12 
1204.8 2.11154e-12 
1204.81 1.84674e-12 
1204.82 1.61416e-12 
1204.83 1.41e-12 
1204.84 1.23091e-12 
1204.85 1.07391e-12 
1204.86 9.36352e-13 
1204.87 8.15917e-13 
1204.88 7.10536e-13 
1204.89 6.18386e-13 
1204.9 5.37856e-13 
1204.91 4.67527e-13 
1204.92 4.06144e-13 
1204.93 3.52604e-13 
1204.94 3.05934e-13 
1204.95 2.65278e-13 
1204.96 2.29884e-13 
1204.97 1.99089e-13 
1204.98 1.72003e-13 
1204.99 1.48778e-13 
1205 1.28611e-13 
1205.01 1.11109e-13 
1205.02 9.59293e-14 
1205.03 8.2773e-14 
1205.04 7.13771e-14 
1205.05 6.15125e-14 
1205.06 5.29786e-14 
1205.07 4.56007e-14 
1205.08 3.92261e-14 
1205.09 3.37219e-14 
1205.1 2.89723e-14 
1205.11 2.48764e-14 
1205.11 2.13464e-14 
1205.12 1.83061e-14 
1205.13 1.56892e-14 
1205.14 1.34381e-14 
1205.15 1.15029e-14 
1205.16 9.84041e-15 
1205.17 8.413e-15 
1205.18 7.18823e-15 
1205.19 6.13799e-15 
1205.2 5.23798e-15 
1205.21 4.4672e-15 
1205.22 3.80045e-15 
1205.23 3.23672e-15 
1205.24 2.75533e-15 
1205.25 2.34409e-15 
1205.26 1.99301e-15 
1205.27 1.69347e-15 
1205.28 1.43807e-15 
1205.29 1.22043e-15 
1205.3 1.0351e-15 
1205.31 8.77371e-16 
1205.32 7.43222e-16 
1205.33 6.29197e-16 
1205.34 5.32339e-16 
1205.35 4.50115e-16 
1205.36 3.80357e-16 
1205.37 3.21213e-16 
1205.38 2.71099e-16 
1205.39 2.28664e-16 
1205.4 1.92752e-16 
1205.41 1.6238e-16 
1205.42 1.36711e-16 
1205.43 1.15028e-16 
1205.44 9.67252e-17 
1205.45 8.12845e-17 
1205.46 6.82669e-17 
1205.47 5.72988e-17 
1205.48 4.79663e-17 
1205.49 4.02029e-17 
1205.5 3.36813e-17 
1205.51 2.82004e-17 
1205.52 2.35968e-17 
1205.53 1.97327e-17 
1205.54 1.64912e-17 
1205.54 1.37737e-17 
1205.55 1.1497e-17 
1205.56 9.59066e-18 
1205.57 7.99554e-18 
1205.58 6.66162e-18 
1205.59 5.54684e-18 
1205.6 4.61578e-18 
1205.61 3.841e-18 
1205.62 3.19235e-18 
1205.63 2.65161e-18 
1205.64 2.20111e-18 
1205.65 1.82603e-18 
1205.66 1.51394e-18 
1205.67 1.25441e-18 
1205.68 1.03874e-18 
1205.69 8.59619e-19 
1205.7 7.1095e-19 
1205.71 5.87631e-19 
1205.72 4.85405e-19 
1205.73 3.99756e-19 
1205.74 3.29806e-19 
1205.75 2.71928e-19 
1205.76 2.2407e-19 
1205.77 1.84522e-19 
1205.78 1.5186e-19 
1205.79 1.24903e-19 
1205.8 1.02668e-19 
1205.81 8.43398e-20 
1205.82 6.92409e-20 
1205.83 5.68101e-20 
1205.84 4.65825e-20 
1205.85 3.81727e-20 
1205.86 3.12619e-20 
1205.87 2.55866e-20 
1205.88 2.09287e-20 
1205.89 1.71083e-20 
1205.9 1.39766e-20 
1205.91 1.14112e-20 
1205.92 9.311e-21 
1205.93 7.59265e-21 
1205.94 6.18762e-21 
1205.95 5.03949e-21 
1205.96 4.10189e-21 
1205.96 3.33668e-21 
1205.97 2.71255e-21 
1205.98 2.19809e-21 
1205.99 1.78473e-21 
1206 1.44822e-21 
1206.01 1.17443e-21 
1206.02 9.5182e-22 
1206.03 7.7093e-22 
1206.04 6.24035e-22 
1206.05 5.0482e-22 
1206.06 4.08129e-22 
1206.07 3.29755e-22 
1206.08 2.66268e-22 
1206.09 2.14872e-22 
1206.1 1.7329e-22 
1206.11 1.39669e-22 
1206.12 1.12502e-22 
1206.13 9.0564e-23 
1206.14 7.2859e-23 
1206.15 5.85793e-23 
1206.16 4.70694e-23 
1206.17 3.77978e-23 
1206.18 3.03338e-23 
1206.19 2.43289e-23 
1206.2 1.95007e-23 
1206.21 1.56211e-23 
1206.22 1.25056e-23 
1206.23 9.97747e-24 
1206.24 7.97771e-24 
1206.25 6.37485e-24 
1206.26 5.0909e-24 
1206.27 4.06305e-24 
1206.28 3.24074e-24 
1206.29 2.58326e-24 
1206.3 2.05791e-24 
1206.31 1.63839e-24 
1206.32 1.3036e-24 
1206.33 1.03658e-24 
1206.34 8.23744e-25 
1206.35 6.5421e-25 
1206.36 5.19249e-25 
1206.37 4.11877e-25 
1206.38 3.26507e-25 
1206.39 2.58673e-25 
1206.39 2.04806e-25 
1206.4 1.62057e-25 
1206.41 1.28152e-25 
1206.42 1.01278e-25 
1206.43 7.99912e-26 
1206.44 6.31394e-26 
1206.45 4.98072e-26 
1206.46 3.9266e-26 
1206.47 3.09368e-26 
1206.48 2.42866e-26 
1206.49 1.91113e-26 
1206.5 1.50295e-26 
1206.51 1.18122e-26 
1206.52 9.27798e-27 
1206.53 7.28296e-27 
1206.54 5.71342e-27 
1206.55 4.47937e-27 
1206.56 3.50972e-27 
1206.57 2.74827e-27 
1206.58 2.15071e-27 
1206.59 1.68204e-27 
1206.6 0 
