#energy geo_1 
1186.6 1.49807e-06 
1186.61 1.4972e-06 
1186.62 1.49631e-06 
1186.63 1.49544e-06 
1186.64 1.49456e-06 
1186.65 1.49368e-06 
1186.66 1.4928e-06 
1186.67 1.49193e-06 
1186.68 1.49105e-06 
1186.69 1.49017e-06 
1186.7 1.4893e-06 
1186.71 1.48842e-06 
1186.72 1.48755e-06 
1186.73 1.48667e-06 
1186.74 1.48579e-06 
1186.75 1.48492e-06 
1186.76 1.48405e-06 
1186.77 1.48317e-06 
1186.78 1.4823e-06 
1186.79 1.48143e-06 
1186.8 1.48055e-06 
1186.81 1.47968e-06 
1186.81 1.47881e-06 
1186.82 1.47794e-06 
1186.83 1.47707e-06 
1186.84 1.47619e-06 
1186.85 1.47533e-06 
1186.86 1.47445e-06 
1186.87 1.47358e-06 
1186.88 1.47271e-06 
1186.89 1.47185e-06 
1186.9 1.47097e-06 
1186.91 1.47011e-06 
1186.92 1.46924e-06 
1186.93 1.46837e-06 
1186.94 1.4675e-06 
1186.95 1.46664e-06 
1186.96 1.46577e-06 
1186.97 1.4649e-06 
1186.98 1.46403e-06 
1186.99 1.46317e-06 
1187 1.4623e-06 
1187.01 1.46144e-06 
1187.02 1.46057e-06 
1187.03 1.45971e-06 
1187.04 1.45885e-06 
1187.05 1.45798e-06 
1187.06 1.45712e-06 
1187.07 1.45625e-06 
1187.08 1.45539e-06 
1187.09 1.45453e-06 
1187.1 1.45367e-06 
1187.11 1.45281e-06 
1187.12 1.45194e-06 
1187.13 1.45108e-06 
1187.14 1.45022e-06 
1187.15 1.44936e-06 
1187.16 1.4485e-06 
1187.17 1.44764e-06 
1187.18 1.44678e-06 
1187.19 1.44593e-06 
1187.2 1.44506e-06 
1187.21 1.44421e-06 
1187.22 1.44335e-06 
1187.23 1.44249e-06 
1187.24 1.44163e-06 
1187.24 1.44078e-06 
1187.25 1.43992e-06 
1187.26 1.43906e-06 
1187.27 1.43821e-06 
1187.28 1.43735e-06 
1187.29 1.4365e-06 
1187.3 1.43564e-06 
1187.31 1.43479e-06 
1187.32 1.43393e-06 
1187.33 1.43308e-06 
1187.34 1.43223e-06 
1187.35 1.43137e-06 
1187.36 1.43052e-06 
1187.37 1.42967e-06 
1187.38 1.42882e-06 
1187.39 1.42796e-06 
1187.4 1.42711e-06 
1187.41 1.42626e-06 
1187.42 1.42541e-06 
1187.43 1.42456e-06 
1187.44 1.42371e-06 
1187.45 1.42286e-06 
1187.46 1.42201e-06 
1187.47 1.42116e-06 
1187.48 1.42031e-06 
1187.49 1.41946e-06 
1187.5 1.41862e-06 
1187.51 1.41777e-06 
1187.52 1.41692e-06 
1187.53 1.41608e-06 
1187.54 1.41523e-06 
1187.55 1.41438e-06 
1187.56 1.41354e-06 
1187.57 1.41269e-06 
1187.58 1.41185e-06 
1187.59 1.411e-06 
1187.6 1.41016e-06 
1187.61 1.41019e-06 
1187.62 1.40935e-06 
1187.63 1.4085e-06 
1187.64 1.40766e-06 
1187.65 1.40682e-06 
1187.66 1.40597e-06 
1187.66 1.40513e-06 
1187.67 1.40429e-06 
1187.68 1.40345e-06 
1187.69 1.40261e-06 
1187.7 1.40177e-06 
1187.71 1.40092e-06 
1187.72 1.40008e-06 
1187.73 1.39925e-06 
1187.74 1.39841e-06 
1187.75 1.39757e-06 
1187.76 1.39673e-06 
1187.77 1.39589e-06 
1187.78 1.39505e-06 
1187.79 1.39421e-06 
1187.8 1.39338e-06 
1187.81 1.39254e-06 
1187.82 1.3917e-06 
1187.83 1.39087e-06 
1187.84 1.39003e-06 
1187.85 1.38919e-06 
1187.86 1.38836e-06 
1187.87 1.38752e-06 
1187.88 1.38669e-06 
1187.89 1.38586e-06 
1187.9 1.38502e-06 
1187.91 1.38419e-06 
1187.92 1.38336e-06 
1187.93 1.38252e-06 
1187.94 1.38169e-06 
1187.95 1.38086e-06 
1187.96 1.38003e-06 
1187.97 1.37919e-06 
1187.98 1.37836e-06 
1187.99 1.37753e-06 
1188 1.3767e-06 
1188.01 1.37587e-06 
1188.02 1.37504e-06 
1188.03 1.37422e-06 
1188.04 1.37339e-06 
1188.05 1.37256e-06 
1188.06 1.37173e-06 
1188.07 1.3709e-06 
1188.08 1.37007e-06 
1188.09 1.36925e-06 
1188.09 1.36842e-06 
1188.1 1.36759e-06 
1188.11 1.36677e-06 
1188.12 1.36594e-06 
1188.13 1.36512e-06 
1188.14 1.36429e-06 
1188.15 1.36347e-06 
1188.16 1.36265e-06 
1188.17 1.36182e-06 
1188.18 1.361e-06 
1188.19 1.36017e-06 
1188.2 1.35935e-06 
1188.21 1.35853e-06 
1188.22 1.35771e-06 
1188.23 1.35689e-06 
1188.24 1.35607e-06 
1188.25 1.35525e-06 
1188.26 1.35442e-06 
1188.27 1.3536e-06 
1188.28 1.35279e-06 
1188.29 1.35196e-06 
1188.3 1.35115e-06 
1188.31 1.35033e-06 
1188.32 1.34951e-06 
1188.33 1.34869e-06 
1188.34 1.34788e-06 
1188.35 1.34706e-06 
1188.36 1.34624e-06 
1188.37 1.34542e-06 
1188.38 1.34461e-06 
1188.39 1.34379e-06 
1188.4 1.34298e-06 
1188.41 1.34216e-06 
1188.42 1.34135e-06 
1188.43 1.34053e-06 
1188.44 1.33972e-06 
1188.45 1.33891e-06 
1188.46 1.33809e-06 
1188.47 1.33728e-06 
1188.48 1.33647e-06 
1188.49 1.33566e-06 
1188.5 1.33484e-06 
1188.51 1.33404e-06 
1188.52 1.33322e-06 
1188.52 1.33241e-06 
1188.53 1.33161e-06 
1188.54 1.33079e-06 
1188.55 1.32998e-06 
1188.56 1.32918e-06 
1188.57 1.32837e-06 
1188.58 1.32756e-06 
1188.59 1.32675e-06 
1188.6 1.32677e-06 
1188.61 1.32596e-06 
1188.62 1.32515e-06 
1188.63 1.32435e-06 
1188.64 1.32354e-06 
1188.65 1.32274e-06 
1188.66 1.32193e-06 
1188.67 1.32112e-06 
1188.68 1.32032e-06 
1188.69 1.31952e-06 
1188.7 1.31871e-06 
1188.71 1.31791e-06 
1188.72 1.3171e-06 
1188.73 1.3163e-06 
1188.74 1.3155e-06 
1188.75 1.31469e-06 
1188.76 1.3139e-06 
1188.77 1.31309e-06 
1188.78 1.31229e-06 
1188.79 1.31149e-06 
1188.8 1.31069e-06 
1188.81 1.30989e-06 
1188.82 1.30909e-06 
1188.83 1.30829e-06 
1188.84 1.30749e-06 
1188.85 1.30669e-06 
1188.86 1.3059e-06 
1188.87 1.3051e-06 
1188.88 1.3043e-06 
1188.89 1.30351e-06 
1188.9 1.30271e-06 
1188.91 1.30191e-06 
1188.92 1.30112e-06 
1188.93 1.30032e-06 
1188.94 1.29953e-06 
1188.94 1.29873e-06 
1188.95 1.29794e-06 
1188.96 1.29714e-06 
1188.97 1.29635e-06 
1188.98 1.29556e-06 
1188.99 1.29476e-06 
1189 1.29397e-06 
1189.01 1.29318e-06 
1189.02 1.29239e-06 
1189.03 1.2916e-06 
1189.04 1.29081e-06 
1189.05 1.29002e-06 
1189.06 1.28923e-06 
1189.07 1.28844e-06 
1189.08 1.28765e-06 
1189.09 1.28686e-06 
1189.1 1.28607e-06 
1189.11 1.28528e-06 
1189.12 1.2845e-06 
1189.13 1.28371e-06 
1189.14 1.28292e-06 
1189.15 1.28213e-06 
1189.16 1.28135e-06 
1189.17 1.28056e-06 
1189.18 1.27978e-06 
1189.19 1.27899e-06 
1189.2 1.27821e-06 
1189.21 1.27742e-06 
1189.22 1.27664e-06 
1189.23 1.27585e-06 
1189.24 1.27507e-06 
1189.25 1.27429e-06 
1189.26 1.27351e-06 
1189.27 1.27273e-06 
1189.28 1.27195e-06 
1189.29 1.27116e-06 
1189.3 1.27039e-06 
1189.31 1.2696e-06 
1189.32 1.26882e-06 
1189.33 1.26804e-06 
1189.34 1.26727e-06 
1189.35 1.26649e-06 
1189.36 1.26571e-06 
1189.36 1.26493e-06 
1189.37 1.26415e-06 
1189.38 1.26338e-06 
1189.39 1.2626e-06 
1189.4 1.26182e-06 
1189.41 1.26105e-06 
1189.42 1.26027e-06 
1189.43 1.2595e-06 
1189.44 1.25872e-06 
1189.45 1.25795e-06 
1189.46 1.25718e-06 
1189.47 1.2564e-06 
1189.48 1.25563e-06 
1189.49 1.25486e-06 
1189.5 1.25408e-06 
1189.51 1.25331e-06 
1189.52 1.25254e-06 
1189.53 1.25177e-06 
1189.54 1.251e-06 
1189.55 1.25023e-06 
1189.56 1.24946e-06 
1189.57 1.24869e-06 
1189.58 1.24792e-06 
1189.59 1.24715e-06 
1189.6 1.24638e-06 
1189.61 1.24639e-06 
1189.62 1.24562e-06 
1189.63 1.24485e-06 
1189.64 1.24409e-06 
1189.65 1.24332e-06 
1189.66 1.24255e-06 
1189.67 1.24179e-06 
1189.68 1.24102e-06 
1189.69 1.24026e-06 
1189.7 1.23949e-06 
1189.71 1.23873e-06 
1189.72 1.23796e-06 
1189.73 1.2372e-06 
1189.74 1.23644e-06 
1189.75 1.23567e-06 
1189.76 1.23491e-06 
1189.77 1.23415e-06 
1189.78 1.23339e-06 
1189.79 1.23263e-06 
1189.79 1.23187e-06 
1189.8 1.23111e-06 
1189.81 1.23035e-06 
1189.82 1.22959e-06 
1189.83 1.22883e-06 
1189.84 1.22807e-06 
1189.85 1.22731e-06 
1189.86 1.22655e-06 
1189.87 1.2258e-06 
1189.88 1.22504e-06 
1189.89 1.22428e-06 
1189.9 1.22353e-06 
1189.91 1.22277e-06 
1189.92 1.22202e-06 
1189.93 1.22126e-06 
1189.94 1.22051e-06 
1189.95 1.21975e-06 
1189.96 1.219e-06 
1189.97 1.21824e-06 
1189.98 1.21749e-06 
1189.99 1.21674e-06 
1190 1.21599e-06 
1190.01 1.21524e-06 
1190.02 1.21449e-06 
1190.03 1.21373e-06 
1190.04 1.21298e-06 
1190.05 1.21223e-06 
1190.06 1.21149e-06 
1190.07 1.21074e-06 
1190.08 1.20999e-06 
1190.09 1.20924e-06 
1190.1 1.20849e-06 
1190.11 1.20774e-06 
1190.12 1.207e-06 
1190.13 1.20625e-06 
1190.14 1.2055e-06 
1190.15 1.20476e-06 
1190.16 1.20401e-06 
1190.17 1.20326e-06 
1190.18 1.20252e-06 
1190.19 1.20177e-06 
1190.2 1.20103e-06 
1190.21 1.20029e-06 
1190.21 1.19955e-06 
1190.22 1.1988e-06 
1190.23 1.19806e-06 
1190.24 1.19732e-06 
1190.25 1.19658e-06 
1190.26 1.19584e-06 
1190.27 1.1951e-06 
1190.28 1.19436e-06 
1190.29 1.19362e-06 
1190.3 1.19288e-06 
1190.31 1.19214e-06 
1190.32 1.1914e-06 
1190.33 1.19066e-06 
1190.34 1.18992e-06 
1190.35 1.18919e-06 
1190.36 1.18845e-06 
1190.37 1.18771e-06 
1190.38 1.18698e-06 
1190.39 1.18624e-06 
1190.4 1.1855e-06 
1190.41 1.18477e-06 
1190.42 1.18404e-06 
1190.43 1.1833e-06 
1190.44 1.18257e-06 
1190.45 1.18184e-06 
1190.46 1.18111e-06 
1190.47 1.18037e-06 
1190.48 1.17964e-06 
1190.49 1.17891e-06 
1190.5 1.17818e-06 
1190.51 1.17745e-06 
1190.52 1.17672e-06 
1190.53 1.17599e-06 
1190.54 1.17526e-06 
1190.55 1.17453e-06 
1190.56 1.1738e-06 
1190.57 1.17307e-06 
1190.58 1.17235e-06 
1190.59 1.17162e-06 
1190.6 1.17089e-06 
1190.61 1.17089e-06 
1190.62 1.17017e-06 
1190.63 1.16944e-06 
1190.64 1.16871e-06 
1190.64 1.16799e-06 
1190.65 1.16727e-06 
1190.66 1.16654e-06 
1190.67 1.16582e-06 
1190.68 1.16509e-06 
1190.69 1.16437e-06 
1190.7 1.16365e-06 
1190.71 1.16292e-06 
1190.72 1.1622e-06 
1190.73 1.16148e-06 
1190.74 1.16076e-06 
1190.75 1.16004e-06 
1190.76 1.15932e-06 
1190.77 1.1586e-06 
1190.78 1.15788e-06 
1190.79 1.15716e-06 
1190.8 1.15644e-06 
1190.81 1.15573e-06 
1190.82 1.15501e-06 
1190.83 1.15429e-06 
1190.84 1.15358e-06 
1190.85 1.15286e-06 
1190.86 1.15214e-06 
1190.87 1.15143e-06 
1190.88 1.15071e-06 
1190.89 1.15e-06 
1190.9 1.14928e-06 
1190.91 1.14857e-06 
1190.92 1.14786e-06 
1190.93 1.14714e-06 
1190.94 1.14643e-06 
1190.95 1.14572e-06 
1190.96 1.14501e-06 
1190.97 1.1443e-06 
1190.98 1.14359e-06 
1190.99 1.14288e-06 
1191 1.14216e-06 
1191.01 1.14146e-06 
1191.02 1.14075e-06 
1191.03 1.14004e-06 
1191.04 1.13933e-06 
1191.05 1.13862e-06 
1191.06 1.13791e-06 
1191.07 1.13721e-06 
1191.07 1.1365e-06 
1191.08 1.13579e-06 
1191.09 1.13509e-06 
1191.1 1.13439e-06 
1191.11 1.13368e-06 
1191.12 1.13298e-06 
1191.13 1.13227e-06 
1191.14 1.13157e-06 
1191.15 1.13086e-06 
1191.16 1.13016e-06 
1191.17 1.12946e-06 
1191.18 1.12876e-06 
1191.19 1.12805e-06 
1191.2 1.12735e-06 
1191.21 1.12665e-06 
1191.22 1.12595e-06 
1191.23 1.12525e-06 
1191.24 1.12455e-06 
1191.25 1.12386e-06 
1191.26 1.12315e-06 
1191.27 1.12246e-06 
1191.28 1.12176e-06 
1191.29 1.12106e-06 
1191.3 1.12037e-06 
1191.31 1.11967e-06 
1191.32 1.11897e-06 
1191.33 1.11828e-06 
1191.34 1.11758e-06 
1191.35 1.11689e-06 
1191.36 1.11619e-06 
1191.37 1.1155e-06 
1191.38 1.11481e-06 
1191.39 1.11411e-06 
1191.4 1.11342e-06 
1191.41 1.11273e-06 
1191.42 1.11203e-06 
1191.43 1.11134e-06 
1191.44 1.11065e-06 
1191.45 1.10996e-06 
1191.46 1.10927e-06 
1191.47 1.10858e-06 
1191.48 1.10789e-06 
1191.49 1.1072e-06 
1191.49 1.10652e-06 
1191.5 1.10583e-06 
1191.51 1.10514e-06 
1191.52 1.10445e-06 
1191.53 1.10377e-06 
1191.54 1.10308e-06 
1191.55 1.10239e-06 
1191.56 1.10171e-06 
1191.57 1.10102e-06 
1191.58 1.10034e-06 
1191.59 1.09965e-06 
1191.6 1.09965e-06 
1191.61 1.09897e-06 
1191.62 1.09828e-06 
1191.63 1.0976e-06 
1191.64 1.09692e-06 
1191.65 1.09624e-06 
1191.66 1.09555e-06 
1191.67 1.09487e-06 
1191.68 1.09419e-06 
1191.69 1.09351e-06 
1191.7 1.09283e-06 
1191.71 1.09215e-06 
1191.72 1.09147e-06 
1191.73 1.09079e-06 
1191.74 1.09011e-06 
1191.75 1.08944e-06 
1191.76 1.08876e-06 
1191.77 1.08808e-06 
1191.78 1.0874e-06 
1191.79 1.08673e-06 
1191.8 1.08605e-06 
1191.81 1.08537e-06 
1191.82 1.0847e-06 
1191.83 1.08402e-06 
1191.84 1.08335e-06 
1191.85 1.08267e-06 
1191.86 1.082e-06 
1191.87 1.08133e-06 
1191.88 1.08065e-06 
1191.89 1.07998e-06 
1191.9 1.07931e-06 
1191.91 1.07864e-06 
1191.92 1.07797e-06 
1191.92 1.07729e-06 
1191.93 1.07662e-06 
1191.94 1.07595e-06 
1191.95 1.07528e-06 
1191.96 1.07461e-06 
1191.97 1.07395e-06 
1191.98 1.07328e-06 
1191.99 1.07261e-06 
1192 1.07194e-06 
1192.01 1.07127e-06 
1192.02 1.0706e-06 
1192.03 1.06994e-06 
1192.04 1.06927e-06 
1192.05 1.06861e-06 
1192.06 1.06794e-06 
1192.07 1.06728e-06 
1192.08 1.06661e-06 
1192.09 1.06595e-06 
1192.1 1.06528e-06 
1192.11 1.06462e-06 
1192.12 1.06396e-06 
1192.13 1.06329e-06 
1192.14 1.06263e-06 
1192.15 1.06197e-06 
1192.16 1.06131e-06 
1192.17 1.06065e-06 
1192.18 1.05999e-06 
1192.19 1.05932e-06 
1192.2 1.05867e-06 
1192.21 1.058e-06 
1192.22 1.05735e-06 
1192.23 1.05669e-06 
1192.24 1.05603e-06 
1192.25 1.05537e-06 
1192.26 1.05471e-06 
1192.27 1.05405e-06 
1192.28 1.0534e-06 
1192.29 1.05274e-06 
1192.3 1.05208e-06 
1192.31 1.05143e-06 
1192.32 1.05077e-06 
1192.33 1.05012e-06 
1192.34 1.04946e-06 
1192.34 1.04881e-06 
1192.35 1.04815e-06 
1192.36 1.0475e-06 
1192.37 1.04685e-06 
1192.38 1.04619e-06 
1192.39 1.04554e-06 
1192.4 1.04489e-06 
1192.41 1.04424e-06 
1192.42 1.04359e-06 
1192.43 1.04293e-06 
1192.44 1.04228e-06 
1192.45 1.04163e-06 
1192.46 1.04098e-06 
1192.47 1.04033e-06 
1192.48 1.03968e-06 
1192.49 1.03903e-06 
1192.5 1.03838e-06 
1192.51 1.03774e-06 
1192.52 1.03709e-06 
1192.53 1.03644e-06 
1192.54 1.03579e-06 
1192.55 1.03515e-06 
1192.56 1.0345e-06 
1192.57 1.03386e-06 
1192.58 1.03321e-06 
1192.59 1.03256e-06 
1192.6 1.03192e-06 
1192.61 1.03191e-06 
1192.62 1.03127e-06 
1192.63 1.03062e-06 
1192.64 1.02998e-06 
1192.65 1.02934e-06 
1192.66 1.02869e-06 
1192.67 1.02805e-06 
1192.68 1.02741e-06 
1192.69 1.02676e-06 
1192.7 1.02612e-06 
1192.71 1.02548e-06 
1192.72 1.02484e-06 
1192.73 1.0242e-06 
1192.74 1.02356e-06 
1192.75 1.02292e-06 
1192.76 1.02227e-06 
1192.77 1.02164e-06 
1192.77 1.02099e-06 
1192.78 1.02035e-06 
1192.79 1.01972e-06 
1192.8 1.01908e-06 
1192.81 1.01844e-06 
1192.82 1.0178e-06 
1192.83 1.01716e-06 
1192.84 1.01653e-06 
1192.85 1.01589e-06 
1192.86 1.01525e-06 
1192.87 1.01461e-06 
1192.88 1.01398e-06 
1192.89 1.01334e-06 
1192.9 1.01271e-06 
1192.91 1.01207e-06 
1192.92 1.01144e-06 
1192.93 1.0108e-06 
1192.94 1.01017e-06 
1192.95 1.00953e-06 
1192.96 1.0089e-06 
1192.97 1.00827e-06 
1192.98 1.00763e-06 
1192.99 1.007e-06 
1193 1.00637e-06 
1193.01 1.00574e-06 
1193.02 1.0051e-06 
1193.03 1.00447e-06 
1193.04 1.00384e-06 
1193.05 1.00321e-06 
1193.06 1.00257e-06 
1193.07 1.00195e-06 
1193.08 1.00132e-06 
1193.09 1.00068e-06 
1193.1 1.00006e-06 
1193.11 9.99426e-07 
1193.12 9.98797e-07 
1193.13 9.98168e-07 
1193.14 9.97538e-07 
1193.15 9.96909e-07 
1193.16 9.96281e-07 
1193.17 9.95653e-07 
1193.18 9.95026e-07 
1193.19 9.94397e-07 
1193.19 9.9377e-07 
1193.2 9.93142e-07 
1193.21 9.92516e-07 
1193.22 9.91889e-07 
1193.23 9.91265e-07 
1193.24 9.90637e-07 
1193.25 9.90011e-07 
1193.26 9.89385e-07 
1193.27 9.8876e-07 
1193.28 9.88135e-07 
1193.29 9.8751e-07 
1193.3 9.86883e-07 
1193.31 9.8626e-07 
1193.32 9.85635e-07 
1193.33 9.85012e-07 
1193.34 9.84387e-07 
1193.35 9.83764e-07 
1193.36 9.8314e-07 
1193.37 9.82517e-07 
1193.38 9.81893e-07 
1193.39 9.81272e-07 
1193.4 9.80649e-07 
1193.41 9.80027e-07 
1193.42 9.79404e-07 
1193.43 9.78781e-07 
1193.44 9.7816e-07 
1193.45 9.77537e-07 
1193.46 9.76918e-07 
1193.47 9.76296e-07 
1193.48 9.75674e-07 
1193.49 9.75054e-07 
1193.5 9.74433e-07 
1193.51 9.73812e-07 
1193.52 9.73191e-07 
1193.53 9.72571e-07 
1193.54 9.71952e-07 
1193.55 9.71332e-07 
1193.56 9.70711e-07 
1193.57 9.70092e-07 
1193.58 9.69473e-07 
1193.59 9.68854e-07 
1193.6 9.68234e-07 
1193.61 9.68216e-07 
1193.62 9.67597e-07 
1193.62 9.66978e-07 
1193.63 9.66358e-07 
1193.64 9.65739e-07 
1193.65 9.65122e-07 
1193.66 9.64503e-07 
1193.67 9.63885e-07 
1193.68 9.63267e-07 
1193.69 9.62648e-07 
1193.7 9.62029e-07 
1193.71 9.61413e-07 
1193.72 9.60795e-07 
1193.73 9.60176e-07 
1193.74 9.5956e-07 
1193.75 9.58942e-07 
1193.76 9.58325e-07 
1193.77 9.57708e-07 
1193.78 9.5709e-07 
1193.79 9.56474e-07 
1193.8 9.55857e-07 
1193.81 9.5524e-07 
1193.82 9.54623e-07 
1193.83 9.54005e-07 
1193.84 9.5339e-07 
1193.85 9.52773e-07 
1193.86 9.52156e-07 
1193.87 9.5154e-07 
1193.88 9.50924e-07 
1193.89 9.50308e-07 
1193.9 9.49692e-07 
1193.91 9.49075e-07 
1193.92 9.4846e-07 
1193.93 9.47843e-07 
1193.94 9.47227e-07 
1193.95 9.46612e-07 
1193.96 9.45996e-07 
1193.97 9.4538e-07 
1193.98 9.44764e-07 
1193.99 9.44149e-07 
1194 9.43532e-07 
1194.01 9.42916e-07 
1194.02 9.42301e-07 
1194.03 9.41684e-07 
1194.04 9.41069e-07 
1194.05 9.40453e-07 
1194.05 9.39839e-07 
1194.06 9.39222e-07 
1194.07 9.38607e-07 
1194.08 9.3799e-07 
1194.09 9.37376e-07 
1194.1 9.3676e-07 
1194.11 9.36143e-07 
1194.12 9.35529e-07 
1194.13 9.34913e-07 
1194.14 9.34297e-07 
1194.15 9.3368e-07 
1194.16 9.33065e-07 
1194.17 9.3245e-07 
1194.18 9.31834e-07 
1194.19 9.31217e-07 
1194.2 9.30601e-07 
1194.21 9.29985e-07 
1194.22 9.29369e-07 
1194.23 9.28752e-07 
1194.24 9.28137e-07 
1194.25 9.2752e-07 
1194.26 9.26904e-07 
1194.27 9.26287e-07 
1194.28 9.25671e-07 
1194.29 9.25053e-07 
1194.3 9.24436e-07 
1194.31 9.2382e-07 
1194.32 9.23203e-07 
1194.33 9.22586e-07 
1194.34 9.21969e-07 
1194.35 9.21351e-07 
1194.36 9.20734e-07 
1194.37 9.20116e-07 
1194.38 9.195e-07 
1194.39 9.18881e-07 
1194.4 9.18263e-07 
1194.41 9.17645e-07 
1194.42 9.17027e-07 
1194.43 9.16409e-07 
1194.44 9.1579e-07 
1194.45 9.15171e-07 
1194.46 9.14553e-07 
1194.47 9.13934e-07 
1194.47 9.13314e-07 
1194.48 9.12694e-07 
1194.49 9.12074e-07 
1194.5 9.11454e-07 
1194.51 9.10834e-07 
1194.52 9.10215e-07 
1194.53 9.09595e-07 
1194.54 9.08974e-07 
1194.55 9.08353e-07 
1194.56 9.07732e-07 
1194.57 9.0711e-07 
1194.58 9.06489e-07 
1194.59 9.05869e-07 
1194.6 9.05246e-07 
1194.61 9.05185e-07 
1194.62 9.04561e-07 
1194.63 9.03938e-07 
1194.64 9.03316e-07 
1194.65 9.02692e-07 
1194.66 9.02069e-07 
1194.67 9.01444e-07 
1194.68 9.0082e-07 
1194.69 9.00195e-07 
1194.7 8.9957e-07 
1194.71 8.98945e-07 
1194.72 8.98319e-07 
1194.73 8.97694e-07 
1194.74 8.97067e-07 
1194.75 8.96441e-07 
1194.76 8.95815e-07 
1194.77 8.95187e-07 
1194.78 8.94559e-07 
1194.79 8.93932e-07 
1194.8 8.93302e-07 
1194.81 8.92675e-07 
1194.82 8.92047e-07 
1194.83 8.91417e-07 
1194.84 8.90788e-07 
1194.85 8.90157e-07 
1194.86 8.89529e-07 
1194.87 8.88898e-07 
1194.88 8.88266e-07 
1194.89 8.87635e-07 
1194.9 8.87003e-07 
1194.9 8.86371e-07 
1194.91 8.85739e-07 
1194.92 8.85105e-07 
1194.93 8.84472e-07 
1194.94 8.83838e-07 
1194.95 8.83204e-07 
1194.96 8.8257e-07 
1194.97 8.81934e-07 
1194.98 8.813e-07 
1194.99 8.80663e-07 
1195 8.80027e-07 
1195.01 8.7939e-07 
1195.02 8.78753e-07 
1195.03 8.78116e-07 
1195.04 8.77477e-07 
1195.05 8.76839e-07 
1195.06 8.762e-07 
1195.07 8.75561e-07 
1195.08 8.7492e-07 
1195.09 8.74281e-07 
1195.1 8.7364e-07 
1195.11 8.72998e-07 
1195.12 8.72356e-07 
1195.13 8.71715e-07 
1195.14 8.71072e-07 
1195.15 8.70429e-07 
1195.16 8.69785e-07 
1195.17 8.69141e-07 
1195.18 8.68496e-07 
1195.19 8.67851e-07 
1195.2 8.67207e-07 
1195.21 8.66561e-07 
1195.22 8.65914e-07 
1195.23 8.65268e-07 
1195.24 8.64621e-07 
1195.25 8.63972e-07 
1195.26 8.63325e-07 
1195.27 8.62677e-07 
1195.28 8.62027e-07 
1195.29 8.61378e-07 
1195.3 8.60728e-07 
1195.31 8.60078e-07 
1195.32 8.59427e-07 
1195.32 8.58775e-07 
1195.33 8.58126e-07 
1195.34 8.57474e-07 
1195.35 8.56822e-07 
1195.36 8.56169e-07 
1195.37 8.55516e-07 
1195.38 8.54864e-07 
1195.39 8.54211e-07 
1195.4 8.53557e-07 
1195.41 8.52904e-07 
1195.42 8.52249e-07 
1195.43 8.51597e-07 
1195.44 8.50942e-07 
1195.45 8.50288e-07 
1195.46 8.49634e-07 
1195.47 8.48979e-07 
1195.48 8.48325e-07 
1195.49 8.4767e-07 
1195.5 8.47016e-07 
1195.51 8.46362e-07 
1195.52 8.45707e-07 
1195.53 8.45052e-07 
1195.54 8.44399e-07 
1195.55 8.43744e-07 
1195.56 8.43092e-07 
1195.57 8.42439e-07 
1195.58 8.41786e-07 
1195.59 8.41134e-07 
1195.6 8.40481e-07 
1195.61 8.40351e-07 
1195.62 8.39699e-07 
1195.63 8.39049e-07 
1195.64 8.38399e-07 
1195.65 8.37751e-07 
1195.66 8.37103e-07 
1195.67 8.36455e-07 
1195.68 8.35809e-07 
1195.69 8.35166e-07 
1195.7 8.34522e-07 
1195.71 8.3388e-07 
1195.72 8.33239e-07 
1195.73 8.32601e-07 
1195.74 8.31964e-07 
1195.75 8.31327e-07 
1195.75 8.30693e-07 
1195.76 8.30061e-07 
1195.77 8.2943e-07 
1195.78 8.28803e-07 
1195.79 8.28178e-07 
1195.8 8.27554e-07 
1195.81 8.26934e-07 
1195.82 8.26316e-07 
1195.83 8.257e-07 
1195.84 8.25088e-07 
1195.85 8.24479e-07 
1195.86 8.23873e-07 
1195.87 8.23271e-07 
1195.88 8.22672e-07 
1195.89 8.22077e-07 
1195.9 8.21485e-07 
1195.91 8.20898e-07 
1195.92 8.20315e-07 
1195.93 8.19737e-07 
1195.94 8.19163e-07 
1195.95 8.18593e-07 
1195.96 8.1803e-07 
1195.97 8.1747e-07 
1195.98 8.16918e-07 
1195.99 8.16371e-07 
1196 8.15829e-07 
1196.01 8.15293e-07 
1196.02 8.14762e-07 
1196.03 8.14239e-07 
1196.04 8.13722e-07 
1196.05 8.13212e-07 
1196.06 8.12709e-07 
1196.07 8.12214e-07 
1196.08 8.11726e-07 
1196.09 8.11246e-07 
1196.1 8.10772e-07 
1196.11 8.10309e-07 
1196.12 8.09853e-07 
1196.13 8.09406e-07 
1196.14 8.08968e-07 
1196.15 8.08539e-07 
1196.16 8.0812e-07 
1196.17 8.07711e-07 
1196.17 8.07311e-07 
1196.18 8.06921e-07 
1196.19 8.06542e-07 
1196.2 8.06174e-07 
1196.21 8.05816e-07 
1196.22 8.05474e-07 
1196.23 8.0514e-07 
1196.24 8.04817e-07 
1196.25 8.04504e-07 
1196.26 8.04205e-07 
1196.27 8.03917e-07 
1196.28 8.03643e-07 
1196.29 8.03382e-07 
1196.3 8.03132e-07 
1196.31 8.02896e-07 
1196.32 8.02673e-07 
1196.33 8.02464e-07 
1196.34 8.02269e-07 
1196.35 8.02088e-07 
1196.36 8.0192e-07 
1196.37 8.01767e-07 
1196.38 8.01628e-07 
1196.39 8.01504e-07 
1196.4 8.01395e-07 
1196.41 8.013e-07 
1196.42 8.0122e-07 
1196.43 8.01155e-07 
1196.44 8.01106e-07 
1196.45 8.01071e-07 
1196.46 8.01051e-07 
1196.47 8.01048e-07 
1196.48 8.01069e-07 
1196.49 8.01096e-07 
1196.5 8.01138e-07 
1196.51 8.01197e-07 
1196.52 8.0127e-07 
1196.53 8.01358e-07 
1196.54 8.01462e-07 
1196.55 8.01581e-07 
1196.56 8.01715e-07 
1196.57 8.01864e-07 
1196.58 8.02029e-07 
1196.59 8.02208e-07 
1196.6 8.02402e-07 
1196.6 8.03107e-07 
1196.61 8.03329e-07 
1196.62 8.03567e-07 
1196.63 8.03817e-07 
1196.64 8.04081e-07 
1196.65 8.04359e-07 
1196.66 8.04649e-07 
1196.67 8.04952e-07 
1196.68 8.05268e-07 
1196.69 8.05595e-07 
1196.7 8.05935e-07 
1196.71 8.06285e-07 
1196.72 8.06647e-07 
1196.73 8.07034e-07 
1196.74 8.07416e-07 
1196.75 8.07807e-07 
1196.76 8.08208e-07 
1196.77 8.08617e-07 
1196.78 8.09034e-07 
1196.79 8.09459e-07 
1196.8 8.0989e-07 
1196.81 8.10328e-07 
1196.82 8.10771e-07 
1196.83 8.11219e-07 
1196.84 8.11672e-07 
1196.85 8.12127e-07 
1196.86 8.12587e-07 
1196.87 8.13049e-07 
1196.88 8.13512e-07 
1196.89 8.13977e-07 
1196.9 8.14441e-07 
1196.91 8.14905e-07 
1196.92 8.15368e-07 
1196.93 8.15828e-07 
1196.94 8.16288e-07 
1196.95 8.16742e-07 
1196.96 8.17193e-07 
1196.97 8.17638e-07 
1196.98 8.18095e-07 
1196.99 8.18527e-07 
1197 8.18952e-07 
1197.01 8.19368e-07 
1197.02 8.19777e-07 
1197.03 8.20174e-07 
1197.03 8.20562e-07 
1197.04 8.20937e-07 
1197.05 8.213e-07 
1197.06 8.21651e-07 
1197.07 8.21987e-07 
1197.08 8.22309e-07 
1197.09 8.22615e-07 
1197.1 8.22906e-07 
1197.11 8.23179e-07 
1197.12 8.23435e-07 
1197.13 8.23672e-07 
1197.14 8.23891e-07 
1197.15 8.2409e-07 
1197.16 8.24269e-07 
1197.17 8.24426e-07 
1197.18 8.24562e-07 
1197.19 8.24676e-07 
1197.2 8.24768e-07 
1197.21 8.24836e-07 
1197.22 8.2488e-07 
1197.23 8.24913e-07 
1197.24 8.24908e-07 
1197.25 8.24877e-07 
1197.26 8.24823e-07 
1197.27 8.24741e-07 
1197.28 8.24634e-07 
1197.29 8.245e-07 
1197.3 8.24339e-07 
1197.31 8.2415e-07 
1197.32 8.23936e-07 
1197.33 8.23694e-07 
1197.34 8.23424e-07 
1197.35 8.23127e-07 
1197.36 8.22803e-07 
1197.37 8.22451e-07 
1197.38 8.22072e-07 
1197.39 8.21664e-07 
1197.4 8.2123e-07 
1197.41 8.20769e-07 
1197.42 8.20281e-07 
1197.43 8.19767e-07 
1197.44 8.19227e-07 
1197.45 8.1866e-07 
1197.45 8.18068e-07 
1197.46 8.17451e-07 
1197.47 8.1681e-07 
1197.48 8.16148e-07 
1197.49 8.15459e-07 
1197.5 8.14747e-07 
1197.51 8.14013e-07 
1197.52 8.13256e-07 
1197.53 8.1248e-07 
1197.54 8.11682e-07 
1197.55 8.10865e-07 
1197.56 8.10031e-07 
1197.57 8.09178e-07 
1197.58 8.0831e-07 
1197.59 8.07425e-07 
1197.6 8.06525e-07 
1197.61 8.06109e-07 
1197.62 8.05182e-07 
1197.63 8.04243e-07 
1197.64 8.03294e-07 
1197.65 8.02335e-07 
1197.66 8.01367e-07 
1197.67 8.00392e-07 
1197.68 7.99411e-07 
1197.69 7.98425e-07 
1197.7 7.97435e-07 
1197.71 7.96442e-07 
1197.72 7.95449e-07 
1197.73 7.94456e-07 
1197.74 7.93462e-07 
1197.75 7.92472e-07 
1197.76 7.91484e-07 
1197.77 7.90502e-07 
1197.78 7.89525e-07 
1197.79 7.88556e-07 
1197.8 7.87596e-07 
1197.81 7.86645e-07 
1197.82 7.85705e-07 
1197.83 7.84778e-07 
1197.84 7.83863e-07 
1197.85 7.82963e-07 
1197.86 7.82079e-07 
1197.87 7.81212e-07 
1197.88 7.80362e-07 
1197.88 7.79531e-07 
1197.89 7.78721e-07 
1197.9 7.77932e-07 
1197.91 7.77165e-07 
1197.92 7.76421e-07 
1197.93 7.75701e-07 
1197.94 7.75006e-07 
1197.95 7.74336e-07 
1197.96 7.73693e-07 
1197.97 7.73078e-07 
1197.98 7.72498e-07 
1197.99 7.71939e-07 
1198 7.71411e-07 
1198.01 7.70912e-07 
1198.02 7.70444e-07 
1198.03 7.70008e-07 
1198.04 7.69602e-07 
1198.05 7.69229e-07 
1198.06 7.68889e-07 
1198.07 7.68581e-07 
1198.08 7.68306e-07 
1198.09 7.68064e-07 
1198.1 7.67855e-07 
1198.11 7.67681e-07 
1198.12 7.6754e-07 
1198.13 7.67432e-07 
1198.14 7.67359e-07 
1198.15 7.67317e-07 
1198.16 7.67311e-07 
1198.17 7.67337e-07 
1198.18 7.67396e-07 
1198.19 7.67488e-07 
1198.2 7.67612e-07 
1198.21 7.67769e-07 
1198.22 7.67957e-07 
1198.23 7.68195e-07 
1198.24 7.68446e-07 
1198.25 7.68728e-07 
1198.26 7.69039e-07 
1198.27 7.6938e-07 
1198.28 7.69749e-07 
1198.29 7.70148e-07 
1198.3 7.70573e-07 
1198.3 7.71025e-07 
1198.31 7.71505e-07 
1198.32 7.72009e-07 
1198.33 7.72539e-07 
1198.34 7.73094e-07 
1198.35 7.73672e-07 
1198.36 7.74274e-07 
1198.37 7.74899e-07 
1198.38 7.75546e-07 
1198.39 7.76214e-07 
1198.4 7.76903e-07 
1198.41 7.77613e-07 
1198.42 7.78342e-07 
1198.43 7.79092e-07 
1198.44 7.7986e-07 
1198.45 7.80647e-07 
1198.46 7.81453e-07 
1198.47 7.82276e-07 
1198.48 7.83146e-07 
1198.49 7.84005e-07 
1198.5 7.84882e-07 
1198.51 7.85777e-07 
1198.52 7.8669e-07 
1198.53 7.87621e-07 
1198.54 7.8857e-07 
1198.55 7.89538e-07 
1198.56 7.90525e-07 
1198.57 7.91531e-07 
1198.58 7.92556e-07 
1198.59 7.93603e-07 
1198.6 7.94672e-07 
1198.61 7.96255e-07 
1198.62 7.9737e-07 
1198.63 7.98511e-07 
1198.64 7.99677e-07 
1198.65 8.00871e-07 
1198.66 8.02093e-07 
1198.67 8.03347e-07 
1198.68 8.04633e-07 
1198.69 8.05954e-07 
1198.7 8.0731e-07 
1198.71 8.08706e-07 
1198.72 8.10143e-07 
1198.73 8.11659e-07 
1198.73 8.13186e-07 
1198.74 8.1476e-07 
1198.75 8.16387e-07 
1198.76 8.18067e-07 
1198.77 8.19805e-07 
1198.78 8.21604e-07 
1198.79 8.23466e-07 
1198.8 8.25396e-07 
1198.81 8.27397e-07 
1198.82 8.29472e-07 
1198.83 8.31626e-07 
1198.84 8.3386e-07 
1198.85 8.36182e-07 
1198.86 8.38593e-07 
1198.87 8.41098e-07 
1198.88 8.43701e-07 
1198.89 8.46407e-07 
1198.9 8.49219e-07 
1198.91 8.52142e-07 
1198.92 8.5518e-07 
1198.93 8.58339e-07 
1198.94 8.61621e-07 
1198.95 8.65033e-07 
1198.96 8.68577e-07 
1198.97 8.72259e-07 
1198.98 8.76151e-07 
1198.99 8.80122e-07 
1199 8.84246e-07 
1199.01 8.88523e-07 
1199.02 8.92961e-07 
1199.03 8.97561e-07 
1199.04 9.0233e-07 
1199.05 9.07269e-07 
1199.06 9.12384e-07 
1199.07 9.17678e-07 
1199.08 9.23155e-07 
1199.09 9.28818e-07 
1199.1 9.3467e-07 
1199.11 9.40715e-07 
1199.12 9.46956e-07 
1199.13 9.53394e-07 
1199.14 9.60033e-07 
1199.15 9.66875e-07 
1199.15 9.73922e-07 
1199.16 9.81176e-07 
1199.17 9.88637e-07 
1199.18 9.96309e-07 
1199.19 1.00419e-06 
1199.2 1.01228e-06 
1199.21 1.02058e-06 
1199.22 1.02923e-06 
1199.23 1.03795e-06 
1199.24 1.04689e-06 
1199.25 1.05604e-06 
1199.26 1.06539e-06 
1199.27 1.07495e-06 
1199.28 1.08471e-06 
1199.29 1.09467e-06 
1199.3 1.10483e-06 
1199.31 1.11519e-06 
1199.32 1.12573e-06 
1199.33 1.13646e-06 
1199.34 1.14737e-06 
1199.35 1.15846e-06 
1199.36 1.16972e-06 
1199.37 1.18115e-06 
1199.38 1.19273e-06 
1199.39 1.20447e-06 
1199.4 1.21635e-06 
1199.41 1.22837e-06 
1199.42 1.24052e-06 
1199.43 1.25279e-06 
1199.44 1.26517e-06 
1199.45 1.27765e-06 
1199.46 1.29023e-06 
1199.47 1.3029e-06 
1199.48 1.31581e-06 
1199.49 1.32862e-06 
1199.5 1.34147e-06 
1199.51 1.35436e-06 
1199.52 1.36729e-06 
1199.53 1.38023e-06 
1199.54 1.39318e-06 
1199.55 1.40613e-06 
1199.56 1.41905e-06 
1199.57 1.43195e-06 
1199.58 1.44479e-06 
1199.58 1.45759e-06 
1199.59 1.47031e-06 
1199.6 1.48295e-06 
1199.61 1.49641e-06 
1199.62 1.50885e-06 
1199.63 1.52116e-06 
1199.64 1.53334e-06 
1199.65 1.54537e-06 
1199.66 1.55723e-06 
1199.67 1.56892e-06 
1199.68 1.58041e-06 
1199.69 1.59171e-06 
1199.7 1.60278e-06 
1199.71 1.61363e-06 
1199.72 1.62423e-06 
1199.73 1.63473e-06 
1199.74 1.64481e-06 
1199.75 1.65461e-06 
1199.76 1.66413e-06 
1199.77 1.67335e-06 
1199.78 1.68225e-06 
1199.79 1.69084e-06 
1199.8 1.69909e-06 
1199.81 1.70701e-06 
1199.82 1.71458e-06 
1199.83 1.72179e-06 
1199.84 1.72864e-06 
1199.85 1.73513e-06 
1199.86 1.74123e-06 
1199.87 1.74696e-06 
1199.88 1.7523e-06 
1199.89 1.75726e-06 
1199.9 1.76182e-06 
1199.91 1.76599e-06 
1199.92 1.76976e-06 
1199.93 1.77313e-06 
1199.94 1.77611e-06 
1199.95 1.77869e-06 
1199.96 1.78088e-06 
1199.97 1.78268e-06 
1199.98 1.78413e-06 
1199.99 1.78515e-06 
1200 1.78579e-06 
1200.01 1.78607e-06 
1200.01 1.78598e-06 
1200.02 1.78554e-06 
1200.03 1.78475e-06 
1200.04 1.78363e-06 
1200.05 1.78219e-06 
1200.06 1.78044e-06 
1200.07 1.77839e-06 
1200.08 1.77605e-06 
1200.09 1.77345e-06 
1200.1 1.77061e-06 
1200.11 1.76753e-06 
1200.12 1.76423e-06 
1200.13 1.76075e-06 
1200.14 1.75709e-06 
1200.15 1.75328e-06 
1200.16 1.74934e-06 
1200.17 1.74529e-06 
1200.18 1.74116e-06 
1200.19 1.73698e-06 
1200.2 1.73278e-06 
1200.21 1.72857e-06 
1200.22 1.72438e-06 
1200.23 1.72023e-06 
1200.24 1.71619e-06 
1200.25 1.71227e-06 
1200.26 1.7085e-06 
1200.27 1.70491e-06 
1200.28 1.70153e-06 
1200.29 1.69841e-06 
1200.3 1.69556e-06 
1200.31 1.69304e-06 
1200.32 1.69087e-06 
1200.33 1.68908e-06 
1200.34 1.68773e-06 
1200.35 1.68684e-06 
1200.36 1.68645e-06 
1200.37 1.68661e-06 
1200.38 1.68734e-06 
1200.39 1.68869e-06 
1200.4 1.6907e-06 
1200.41 1.6934e-06 
1200.42 1.69685e-06 
1200.43 1.70107e-06 
1200.43 1.70611e-06 
1200.44 1.712e-06 
1200.45 1.7188e-06 
1200.46 1.72652e-06 
1200.47 1.73523e-06 
1200.48 1.74511e-06 
1200.49 1.75591e-06 
1200.5 1.7678e-06 
1200.51 1.78083e-06 
1200.52 1.79503e-06 
1200.53 1.81045e-06 
1200.54 1.82712e-06 
1200.55 1.84508e-06 
1200.56 1.86436e-06 
1200.57 1.885e-06 
1200.58 1.90704e-06 
1200.59 1.93051e-06 
1200.6 1.95544e-06 
1200.61 1.98309e-06 
1200.62 2.01106e-06 
1200.63 2.04059e-06 
1200.64 2.07171e-06 
1200.65 2.10444e-06 
1200.66 2.13882e-06 
1200.67 2.17487e-06 
1200.68 2.21261e-06 
1200.69 2.25206e-06 
1200.7 2.29326e-06 
1200.71 2.3362e-06 
1200.72 2.38093e-06 
1200.73 2.42805e-06 
1200.74 2.47639e-06 
1200.75 2.52655e-06 
1200.76 2.57853e-06 
1200.77 2.63235e-06 
1200.78 2.68802e-06 
1200.79 2.74553e-06 
1200.8 2.80489e-06 
1200.81 2.8661e-06 
1200.82 2.92916e-06 
1200.83 2.99406e-06 
1200.84 3.0608e-06 
1200.85 3.12937e-06 
1200.85 3.19975e-06 
1200.86 3.27194e-06 
1200.87 3.34591e-06 
1200.88 3.42165e-06 
1200.89 3.49913e-06 
1200.9 3.57833e-06 
1200.91 3.65923e-06 
1200.92 3.74179e-06 
1200.93 3.82599e-06 
1200.94 3.91178e-06 
1200.95 3.99913e-06 
1200.96 4.08801e-06 
1200.97 4.17836e-06 
1200.98 4.27131e-06 
1200.99 4.36449e-06 
1201 4.45901e-06 
1201.01 4.5548e-06 
1201.02 4.65182e-06 
1201.03 4.74999e-06 
1201.04 4.84927e-06 
1201.05 4.94959e-06 
1201.06 5.05088e-06 
1201.07 5.15308e-06 
1201.08 5.2561e-06 
1201.09 5.35989e-06 
1201.1 5.46437e-06 
1201.11 5.56944e-06 
1201.12 5.67505e-06 
1201.13 5.78109e-06 
1201.14 5.8875e-06 
1201.15 5.99419e-06 
1201.16 6.10106e-06 
1201.17 6.20803e-06 
1201.18 6.31501e-06 
1201.19 6.4219e-06 
1201.2 6.5286e-06 
1201.21 6.63505e-06 
1201.22 6.74112e-06 
1201.23 6.84806e-06 
1201.24 6.9531e-06 
1201.25 7.05748e-06 
1201.26 7.16109e-06 
1201.27 7.26384e-06 
1201.28 7.36563e-06 
1201.28 7.46636e-06 
1201.29 7.56594e-06 
1201.3 7.66425e-06 
1201.31 7.76119e-06 
1201.32 7.85669e-06 
1201.33 7.95063e-06 
1201.34 8.04292e-06 
1201.35 8.13345e-06 
1201.36 8.22214e-06 
1201.37 8.30888e-06 
1201.38 8.39358e-06 
1201.39 8.47618e-06 
1201.4 8.55655e-06 
1201.41 8.6346e-06 
1201.42 8.71028e-06 
1201.43 8.78348e-06 
1201.44 8.85411e-06 
1201.45 8.92212e-06 
1201.46 8.98741e-06 
1201.47 9.04991e-06 
1201.48 9.1103e-06 
1201.49 9.16697e-06 
1201.5 9.22066e-06 
1201.51 9.27127e-06 
1201.52 9.31878e-06 
1201.53 9.36311e-06 
1201.54 9.40421e-06 
1201.55 9.44204e-06 
1201.56 9.47655e-06 
1201.57 9.50769e-06 
1201.58 9.53543e-06 
1201.59 9.55974e-06 
1201.6 9.58058e-06 
1201.61 9.60385e-06 
1201.62 9.61769e-06 
1201.63 9.628e-06 
1201.64 9.63475e-06 
1201.65 9.63794e-06 
1201.66 9.63757e-06 
1201.67 9.63363e-06 
1201.68 9.62612e-06 
1201.69 9.61506e-06 
1201.7 9.60044e-06 
1201.7 9.58228e-06 
1201.71 9.56059e-06 
1201.72 9.5351e-06 
1201.73 9.50642e-06 
1201.74 9.47429e-06 
1201.75 9.43877e-06 
1201.76 9.39986e-06 
1201.77 9.35764e-06 
1201.78 9.31213e-06 
1201.79 9.2634e-06 
1201.8 9.21147e-06 
1201.81 9.15642e-06 
1201.82 9.09831e-06 
1201.83 9.03719e-06 
1201.84 8.97313e-06 
1201.85 8.9062e-06 
1201.86 8.83646e-06 
1201.87 8.764e-06 
1201.88 8.68888e-06 
1201.89 8.61119e-06 
1201.9 8.531e-06 
1201.91 8.44839e-06 
1201.92 8.36345e-06 
1201.93 8.27628e-06 
1201.94 8.18695e-06 
1201.95 8.09555e-06 
1201.96 8.00218e-06 
1201.97 7.90693e-06 
1201.98 7.80866e-06 
1201.99 7.70989e-06 
1202 7.60952e-06 
1202.01 7.50766e-06 
1202.02 7.40437e-06 
1202.03 7.29977e-06 
1202.04 7.19396e-06 
1202.05 7.08702e-06 
1202.06 6.97905e-06 
1202.07 6.87016e-06 
1202.08 6.76043e-06 
1202.09 6.64996e-06 
1202.1 6.53884e-06 
1202.11 6.42717e-06 
1202.12 6.31504e-06 
1202.13 6.20254e-06 
1202.13 6.08975e-06 
1202.14 5.97678e-06 
1202.15 5.86371e-06 
1202.16 5.75061e-06 
1202.17 5.63758e-06 
1202.18 5.5247e-06 
1202.19 5.41206e-06 
1202.2 5.29972e-06 
1202.21 5.18776e-06 
1202.22 5.07488e-06 
1202.23 4.96392e-06 
1202.24 4.85357e-06 
1202.25 4.74389e-06 
1202.26 4.63495e-06 
1202.27 4.52681e-06 
1202.28 4.41954e-06 
1202.29 4.31319e-06 
1202.3 4.20782e-06 
1202.31 4.10348e-06 
1202.32 4.00023e-06 
1202.33 3.89811e-06 
1202.34 3.79718e-06 
1202.35 3.69747e-06 
1202.36 3.59903e-06 
1202.37 3.50189e-06 
1202.38 3.4061e-06 
1202.39 3.31168e-06 
1202.4 3.21867e-06 
1202.41 3.1271e-06 
1202.42 3.037e-06 
1202.43 2.94838e-06 
1202.44 2.86127e-06 
1202.45 2.7757e-06 
1202.46 2.69167e-06 
1202.47 2.60921e-06 
1202.48 2.52733e-06 
1202.49 2.44805e-06 
1202.5 2.37037e-06 
1202.51 2.29429e-06 
1202.52 2.21982e-06 
1202.53 2.14697e-06 
1202.54 2.07572e-06 
1202.55 2.00608e-06 
1202.56 1.93805e-06 
1202.56 1.87163e-06 
1202.57 1.80681e-06 
1202.58 1.74357e-06 
1202.59 1.68192e-06 
1202.6 1.62183e-06 
1202.61 1.56427e-06 
1202.62 1.50726e-06 
1202.63 1.45178e-06 
1202.64 1.39781e-06 
1202.65 1.34535e-06 
1202.66 1.29437e-06 
1202.67 1.24486e-06 
1202.68 1.19678e-06 
1202.69 1.15014e-06 
1202.7 1.10489e-06 
1202.71 1.06103e-06 
1202.72 1.01853e-06 
1202.73 9.76851e-07 
1202.74 9.37011e-07 
1202.75 8.98458e-07 
1202.76 8.61168e-07 
1202.77 8.25115e-07 
1202.78 7.90274e-07 
1202.79 7.56622e-07 
1202.8 7.24129e-07 
1202.81 6.92772e-07 
1202.82 6.62524e-07 
1202.83 6.33358e-07 
1202.84 6.05249e-07 
1202.85 5.7817e-07 
1202.86 5.52096e-07 
1202.87 5.26999e-07 
1202.88 5.02855e-07 
1202.89 4.79636e-07 
1202.9 4.57317e-07 
1202.91 4.35873e-07 
1202.92 4.15279e-07 
1202.93 3.95509e-07 
1202.94 3.76539e-07 
1202.95 3.58344e-07 
1202.96 3.40901e-07 
1202.97 3.24184e-07 
1202.98 3.08172e-07 
1202.98 2.92653e-07 
1202.99 2.77987e-07 
1203 2.63958e-07 
1203.01 2.50542e-07 
1203.02 2.37719e-07 
1203.03 2.25468e-07 
1203.04 2.13767e-07 
1203.05 2.02598e-07 
1203.06 1.9194e-07 
1203.07 1.81774e-07 
1203.08 1.72082e-07 
1203.09 1.62846e-07 
1203.1 1.54048e-07 
1203.11 1.4567e-07 
1203.12 1.37696e-07 
1203.13 1.3011e-07 
1203.14 1.22895e-07 
1203.15 1.16037e-07 
1203.16 1.09521e-07 
1203.17 1.03331e-07 
1203.18 9.74552e-08 
1203.19 9.18786e-08 
1203.2 8.65887e-08 
1203.21 8.15726e-08 
1203.22 7.68182e-08 
1203.23 7.2259e-08 
1203.24 6.7996e-08 
1203.25 6.39606e-08 
1203.26 6.01419e-08 
1203.27 5.65301e-08 
1203.28 5.31152e-08 
1203.29 4.98878e-08 
1203.3 4.6839e-08 
1203.31 4.39599e-08 
1203.32 4.12423e-08 
1203.33 3.86782e-08 
1203.34 3.62599e-08 
1203.35 3.398e-08 
1203.36 3.18315e-08 
1203.37 2.98076e-08 
1203.38 2.7902e-08 
1203.39 2.61083e-08 
1203.4 2.44208e-08 
1203.41 2.28338e-08 
1203.41 2.13419e-08 
1203.42 1.994e-08 
1203.43 1.86231e-08 
1203.44 1.73867e-08 
1203.45 1.62263e-08 
1203.46 1.51377e-08 
1203.47 1.41167e-08 
1203.48 1.31482e-08 
1203.49 1.22522e-08 
1203.5 1.14129e-08 
1203.51 1.06272e-08 
1203.52 9.8918e-09 
1203.53 9.20387e-09 
1203.54 8.56055e-09 
1203.55 7.95921e-09 
1203.56 7.39733e-09 
1203.57 6.87254e-09 
1203.58 6.38258e-09 
1203.59 5.92532e-09 
1203.6 5.49875e-09 
1203.61 5.10412e-09 
1203.62 4.73312e-09 
1203.63 4.38743e-09 
1203.64 4.06546e-09 
1203.65 3.76571e-09 
1203.66 3.48674e-09 
1203.67 3.22723e-09 
1203.68 2.98591e-09 
1203.69 2.7616e-09 
1203.7 2.55318e-09 
1203.71 2.35961e-09 
1203.72 2.17989e-09 
1203.73 2.01109e-09 
1203.74 1.85651e-09 
1203.75 1.71317e-09 
1203.76 1.58031e-09 
1203.77 1.45719e-09 
1203.78 1.34317e-09 
1203.79 1.2376e-09 
1203.8 1.1399e-09 
1203.81 1.04952e-09 
1203.82 9.65945e-10 
1203.83 8.88689e-10 
1203.83 8.17305e-10 
1203.84 7.51372e-10 
1203.85 6.905e-10 
1203.86 6.34319e-10 
1203.87 5.82491e-10 
1203.88 5.34697e-10 
1203.89 4.90641e-10 
1203.9 4.50045e-10 
1203.91 4.12652e-10 
1203.92 3.78225e-10 
1203.93 3.46539e-10 
1203.94 3.17389e-10 
1203.95 2.90582e-10 
1203.96 2.65938e-10 
1203.97 2.43294e-10 
1203.98 2.22245e-10 
1203.99 2.03167e-10 
1204 1.85657e-10 
1204.01 1.69593e-10 
1204.02 1.5486e-10 
1204.03 1.41354e-10 
1204.04 1.28977e-10 
1204.05 1.1764e-10 
1204.06 1.07259e-10 
1204.07 9.77576e-11 
1204.08 8.90643e-11 
1204.09 8.11135e-11 
1204.1 7.38447e-11 
1204.11 6.72021e-11 
1204.12 6.11341e-11 
1204.13 5.5593e-11 
1204.14 5.05352e-11 
1204.15 4.59203e-11 
1204.16 4.17112e-11 
1204.17 3.78736e-11 
1204.18 3.43762e-11 
1204.19 3.119e-11 
1204.2 2.82885e-11 
1204.21 2.56473e-11 
1204.22 2.3244e-11 
1204.23 2.10319e-11 
1204.24 1.90466e-11 
1204.25 1.72423e-11 
1204.26 1.5603e-11 
1204.26 1.41143e-11 
1204.27 1.27628e-11 
1204.28 1.15364e-11 
1204.29 1.04239e-11 
1204.3 9.4152e-12 
1204.31 8.50089e-12 
1204.32 7.67248e-12 
1204.33 6.9222e-12 
1204.34 6.24294e-12 
1204.35 5.62822e-12 
1204.36 5.07212e-12 
1204.37 4.56925e-12 
1204.38 4.1147e-12 
1204.39 3.70396e-12 
1204.4 3.33298e-12 
1204.41 2.99803e-12 
1204.42 2.69572e-12 
1204.43 2.42299e-12 
1204.44 2.17703e-12 
1204.45 1.95531e-12 
1204.46 1.7555e-12 
1204.47 1.57553e-12 
1204.48 1.41155e-12 
1204.49 1.26588e-12 
1204.5 1.13481e-12 
1204.51 1.01693e-12 
1204.52 9.10958e-13 
1204.53 8.1572e-13 
1204.54 7.30164e-13 
1204.55 6.53337e-13 
1204.56 5.84373e-13 
1204.57 5.22493e-13 
1204.58 4.66989e-13 
1204.59 4.17225e-13 
1204.6 3.72624e-13 
1204.61 3.32666e-13 
1204.62 2.97063e-13 
1204.63 2.65009e-13 
1204.64 2.36324e-13 
1204.65 2.10665e-13 
1204.66 1.87721e-13 
1204.67 1.67214e-13 
1204.68 1.4889e-13 
1204.68 1.32525e-13 
1204.69 1.17914e-13 
1204.7 1.04875e-13 
1204.71 9.32427e-14 
1204.72 8.27471e-14 
1204.73 7.35134e-14 
1204.74 6.52856e-14 
1204.75 5.79568e-14 
1204.76 5.14315e-14 
1204.77 4.56236e-14 
1204.78 4.04565e-14 
1204.79 3.5861e-14 
1204.8 3.17756e-14 
1204.81 2.81451e-14 
1204.82 2.492e-14 
1204.83 2.20562e-14 
1204.84 1.95141e-14 
1204.85 1.72586e-14 
1204.86 1.5258e-14 
1204.87 1.34842e-14 
1204.88 1.19122e-14 
1204.89 1.05195e-14 
1204.9 9.28614e-15 
1204.91 8.1943e-15 
1204.92 7.22812e-15 
1204.93 6.37347e-15 
1204.94 5.61776e-15 
1204.95 4.94979e-15 
1204.96 4.35961e-15 
1204.97 3.83835e-15 
1204.98 3.37276e-15 
1204.99 2.96725e-15 
1205 2.60952e-15 
1205.01 2.29405e-15 
1205.02 2.01596e-15 
1205.03 1.77092e-15 
1205.04 1.55508e-15 
1205.05 1.36503e-15 
1205.06 1.19776e-15 
1205.07 1.05059e-15 
1205.08 9.21156e-16 
1205.09 8.07367e-16 
1205.1 7.07367e-16 
1205.11 6.19521e-16 
1205.11 5.4238e-16 
1205.12 4.74666e-16 
1205.13 4.1525e-16 
1205.14 3.63135e-16 
1205.15 3.17441e-16 
1205.16 2.77393e-16 
1205.17 2.42306e-16 
1205.18 2.11577e-16 
1205.19 1.84676e-16 
1205.2 1.61135e-16 
1205.21 1.40542e-16 
1205.22 1.22338e-16 
1205.23 1.06611e-16 
1205.24 9.28809e-17 
1205.25 8.08887e-17 
1205.26 7.04183e-17 
1205.27 6.12803e-17 
1205.28 5.3308e-17 
1205.29 4.63555e-17 
1205.3 4.02945e-17 
1205.31 3.50129e-17 
1205.32 3.04122e-17 
1205.33 2.6406e-17 
1205.34 2.2919e-17 
1205.35 1.9885e-17 
1205.36 1.72461e-17 
1205.37 1.49518e-17 
1205.38 1.29579e-17 
1205.39 1.12256e-17 
1205.4 9.72131e-18 
1205.41 8.4154e-18 
1205.42 7.28219e-18 
1205.43 6.29921e-18 
1205.44 5.44687e-18 
1205.45 4.70809e-18 
1205.46 4.06798e-18 
1205.47 3.51358e-18 
1205.48 3.02841e-18 
1205.49 2.61338e-18 
1205.5 2.25467e-18 
1205.51 1.94446e-18 
1205.52 1.6763e-18 
1205.53 1.44458e-18 
1205.54 1.24443e-18 
1205.54 1.0716e-18 
1205.55 9.22432e-19 
1205.56 7.93727e-19 
1205.57 6.82725e-19 
1205.58 5.87025e-19 
1205.59 5.04551e-19 
1205.6 4.335e-19 
1205.61 3.72544e-19 
1205.62 3.19843e-19 
1205.63 2.74493e-19 
1205.64 2.35485e-19 
1205.65 2.01945e-19 
1205.66 1.73116e-19 
1205.67 1.48348e-19 
1205.68 1.27075e-19 
1205.69 1.08812e-19 
1205.7 9.31384e-20 
1205.71 7.96926e-20 
1205.72 6.81624e-20 
1205.73 5.81643e-20 
1205.74 4.97113e-20 
1205.75 4.24707e-20 
1205.76 3.62712e-20 
1205.77 3.09649e-20 
1205.78 2.6425e-20 
1205.79 2.25423e-20 
1205.8 1.92228e-20 
1205.81 1.6386e-20 
1205.82 1.39626e-20 
1205.83 1.18931e-20 
1205.84 1.01265e-20 
1205.85 8.61915e-21 
1205.86 7.33338e-21 
1205.87 6.23708e-21 
1205.88 5.30267e-21 
1205.89 4.50656e-21 
1205.9 3.82853e-21 
1205.91 3.2513e-21 
1205.92 2.76005e-21 
1205.93 2.34215e-21 
1205.94 1.98678e-21 
1205.95 1.68469e-21 
1205.96 1.428e-21 
1205.96 1.20997e-21 
1205.97 1.02484e-21 
1205.98 8.65905e-22 
1205.99 7.32864e-22 
1206 6.20031e-22 
1206.01 5.24373e-22 
1206.02 4.43307e-22 
1206.03 3.74632e-22 
1206.04 3.16477e-22 
1206.05 2.6725e-22 
1206.06 2.25594e-22 
1206.07 1.9036e-22 
1206.08 1.60569e-22 
1206.09 1.35389e-22 
1206.1 1.14114e-22 
1206.11 9.61471e-23 
1206.12 8.09782e-23 
1206.13 6.81769e-23 
1206.14 5.73776e-23 
1206.15 4.82709e-23 
1206.16 4.05943e-23 
1206.17 3.41256e-23 
1206.18 2.8677e-23 
1206.19 2.40893e-23 
1206.2 2.02279e-23 
1206.21 1.6979e-23 
1206.22 1.42467e-23 
1206.23 1.19233e-23 
1206.24 9.99694e-24 
1206.25 8.37868e-24 
1206.26 7.01974e-24 
1206.27 5.879e-24 
1206.28 4.92178e-24 
1206.29 4.11887e-24 
1206.3 3.44565e-24 
1206.31 2.88138e-24 
1206.32 2.40861e-24 
1206.33 2.01266e-24 
1206.34 1.68116e-24 
1206.35 1.40374e-24 
1206.36 1.17166e-24 
1206.37 9.77575e-25 
1206.38 8.15338e-25 
1206.39 6.79769e-25 
1206.39 5.66529e-25 
1206.4 4.71975e-25 
1206.41 3.93055e-25 
1206.42 3.27208e-25 
1206.43 2.7229e-25 
1206.44 2.26504e-25 
1206.45 1.88347e-25 
1206.46 1.56558e-25 
1206.47 1.30086e-25 
1206.48 1.07799e-25 
1206.49 8.95035e-26 
1206.5 7.42853e-26 
1206.51 6.16315e-26 
1206.52 5.11139e-26 
1206.53 4.23752e-26 
1206.54 3.51174e-26 
1206.55 2.90917e-26 
1206.56 2.40909e-26 
1206.57 1.99422e-26 
1206.58 1.65018e-26 
1206.59 1.36498e-26 
1206.6 0 
