#energy geo_1 
1186.6 5.28153e-07 
1186.61 5.2782e-07 
1186.62 5.27488e-07 
1186.63 5.27155e-07 
1186.64 5.26823e-07 
1186.65 5.26491e-07 
1186.66 5.2616e-07 
1186.67 5.25828e-07 
1186.68 5.25496e-07 
1186.69 5.25165e-07 
1186.7 5.24834e-07 
1186.71 5.24503e-07 
1186.72 5.24172e-07 
1186.73 5.23842e-07 
1186.74 5.23511e-07 
1186.75 5.23181e-07 
1186.76 5.2285e-07 
1186.77 5.22521e-07 
1186.78 5.22191e-07 
1186.79 5.21862e-07 
1186.8 5.21533e-07 
1186.81 5.21203e-07 
1186.81 5.20875e-07 
1186.82 5.20546e-07 
1186.83 5.20217e-07 
1186.84 5.19889e-07 
1186.85 5.19561e-07 
1186.86 5.19232e-07 
1186.87 5.18904e-07 
1186.88 5.18577e-07 
1186.89 5.18249e-07 
1186.9 5.17922e-07 
1186.91 5.17594e-07 
1186.92 5.17268e-07 
1186.93 5.1694e-07 
1186.94 5.16614e-07 
1186.95 5.16287e-07 
1186.96 5.15961e-07 
1186.97 5.15635e-07 
1186.98 5.15308e-07 
1186.99 5.14983e-07 
1187 5.14657e-07 
1187.01 5.14332e-07 
1187.02 5.14006e-07 
1187.03 5.13681e-07 
1187.04 5.13357e-07 
1187.05 5.13032e-07 
1187.06 5.12707e-07 
1187.07 5.12382e-07 
1187.08 5.12058e-07 
1187.09 5.11734e-07 
1187.1 5.1141e-07 
1187.11 5.11086e-07 
1187.12 5.10763e-07 
1187.13 5.10439e-07 
1187.14 5.10116e-07 
1187.15 5.09793e-07 
1187.16 5.0947e-07 
1187.17 5.09147e-07 
1187.18 5.08825e-07 
1187.19 5.08502e-07 
1187.2 5.08179e-07 
1187.21 5.07857e-07 
1187.22 5.07536e-07 
1187.23 5.07214e-07 
1187.24 5.06892e-07 
1187.24 5.06571e-07 
1187.25 5.0625e-07 
1187.26 5.05928e-07 
1187.27 5.05608e-07 
1187.28 5.05287e-07 
1187.29 5.04966e-07 
1187.3 5.04645e-07 
1187.31 5.04325e-07 
1187.32 5.04005e-07 
1187.33 5.03685e-07 
1187.34 5.03365e-07 
1187.35 5.03045e-07 
1187.36 5.02726e-07 
1187.37 5.02407e-07 
1187.38 5.02088e-07 
1187.39 5.01768e-07 
1187.4 5.01449e-07 
1187.41 5.0113e-07 
1187.42 5.00812e-07 
1187.43 5.00493e-07 
1187.44 5.00175e-07 
1187.45 4.99857e-07 
1187.46 4.99539e-07 
1187.47 4.99221e-07 
1187.48 4.98903e-07 
1187.49 4.98586e-07 
1187.5 4.98269e-07 
1187.51 4.97951e-07 
1187.52 4.97634e-07 
1187.53 4.97317e-07 
1187.54 4.97001e-07 
1187.55 4.96683e-07 
1187.56 4.96367e-07 
1187.57 4.96051e-07 
1187.58 4.95735e-07 
1187.59 4.95419e-07 
1187.6 4.95103e-07 
1187.61 4.95096e-07 
1187.62 4.9478e-07 
1187.63 4.94464e-07 
1187.64 4.94149e-07 
1187.65 4.93833e-07 
1187.66 4.93518e-07 
1187.66 4.93203e-07 
1187.67 4.92888e-07 
1187.68 4.92573e-07 
1187.69 4.92258e-07 
1187.7 4.91944e-07 
1187.71 4.9163e-07 
1187.72 4.91315e-07 
1187.73 4.91002e-07 
1187.74 4.90687e-07 
1187.75 4.90374e-07 
1187.76 4.9006e-07 
1187.77 4.89746e-07 
1187.78 4.89433e-07 
1187.79 4.8912e-07 
1187.8 4.88806e-07 
1187.81 4.88493e-07 
1187.82 4.8818e-07 
1187.83 4.87867e-07 
1187.84 4.87554e-07 
1187.85 4.87242e-07 
1187.86 4.8693e-07 
1187.87 4.86618e-07 
1187.88 4.86305e-07 
1187.89 4.85994e-07 
1187.9 4.85681e-07 
1187.91 4.8537e-07 
1187.92 4.85058e-07 
1187.93 4.84746e-07 
1187.94 4.84435e-07 
1187.95 4.84123e-07 
1187.96 4.83812e-07 
1187.97 4.83501e-07 
1187.98 4.8319e-07 
1187.99 4.8288e-07 
1188 4.82568e-07 
1188.01 4.82258e-07 
1188.02 4.81947e-07 
1188.03 4.81637e-07 
1188.04 4.81327e-07 
1188.05 4.81017e-07 
1188.06 4.80707e-07 
1188.07 4.80397e-07 
1188.08 4.80087e-07 
1188.09 4.79777e-07 
1188.09 4.79468e-07 
1188.1 4.79158e-07 
1188.11 4.78849e-07 
1188.12 4.7854e-07 
1188.13 4.7823e-07 
1188.14 4.77921e-07 
1188.15 4.77612e-07 
1188.16 4.77303e-07 
1188.17 4.76994e-07 
1188.18 4.76686e-07 
1188.19 4.76377e-07 
1188.2 4.76068e-07 
1188.21 4.7576e-07 
1188.22 4.75452e-07 
1188.23 4.75144e-07 
1188.24 4.74835e-07 
1188.25 4.74527e-07 
1188.26 4.74219e-07 
1188.27 4.73912e-07 
1188.28 4.73604e-07 
1188.29 4.73296e-07 
1188.3 4.72989e-07 
1188.31 4.72681e-07 
1188.32 4.72374e-07 
1188.33 4.72066e-07 
1188.34 4.71759e-07 
1188.35 4.71452e-07 
1188.36 4.71145e-07 
1188.37 4.70838e-07 
1188.38 4.70531e-07 
1188.39 4.70224e-07 
1188.4 4.69917e-07 
1188.41 4.69611e-07 
1188.42 4.69304e-07 
1188.43 4.68998e-07 
1188.44 4.68691e-07 
1188.45 4.68385e-07 
1188.46 4.68078e-07 
1188.47 4.67772e-07 
1188.48 4.67465e-07 
1188.49 4.67159e-07 
1188.5 4.66853e-07 
1188.51 4.66547e-07 
1188.52 4.66241e-07 
1188.52 4.65935e-07 
1188.53 4.6563e-07 
1188.54 4.65324e-07 
1188.55 4.65018e-07 
1188.56 4.64713e-07 
1188.57 4.64407e-07 
1188.58 4.64101e-07 
1188.59 4.63796e-07 
1188.6 4.63779e-07 
1188.61 4.63474e-07 
1188.62 4.63168e-07 
1188.63 4.62862e-07 
1188.64 4.62557e-07 
1188.65 4.62252e-07 
1188.66 4.61946e-07 
1188.67 4.61641e-07 
1188.68 4.61335e-07 
1188.69 4.6103e-07 
1188.7 4.60725e-07 
1188.71 4.60419e-07 
1188.72 4.60115e-07 
1188.73 4.59809e-07 
1188.74 4.59504e-07 
1188.75 4.59199e-07 
1188.76 4.58894e-07 
1188.77 4.58589e-07 
1188.78 4.58284e-07 
1188.79 4.57979e-07 
1188.8 4.57674e-07 
1188.81 4.57369e-07 
1188.82 4.57064e-07 
1188.83 4.56759e-07 
1188.84 4.56454e-07 
1188.85 4.56149e-07 
1188.86 4.55844e-07 
1188.87 4.5554e-07 
1188.88 4.55234e-07 
1188.89 4.5493e-07 
1188.9 4.54625e-07 
1188.91 4.5432e-07 
1188.92 4.54015e-07 
1188.93 4.5371e-07 
1188.94 4.53405e-07 
1188.94 4.531e-07 
1188.95 4.52795e-07 
1188.96 4.52491e-07 
1188.97 4.52186e-07 
1188.98 4.51881e-07 
1188.99 4.51576e-07 
1189 4.51271e-07 
1189.01 4.50966e-07 
1189.02 4.50661e-07 
1189.03 4.50356e-07 
1189.04 4.50051e-07 
1189.05 4.49746e-07 
1189.06 4.49441e-07 
1189.07 4.49136e-07 
1189.08 4.48831e-07 
1189.09 4.48526e-07 
1189.1 4.48221e-07 
1189.11 4.47915e-07 
1189.12 4.4761e-07 
1189.13 4.47305e-07 
1189.14 4.46999e-07 
1189.15 4.46694e-07 
1189.16 4.46388e-07 
1189.17 4.46083e-07 
1189.18 4.45778e-07 
1189.19 4.45472e-07 
1189.2 4.45166e-07 
1189.21 4.44861e-07 
1189.22 4.44555e-07 
1189.23 4.4425e-07 
1189.24 4.43944e-07 
1189.25 4.43638e-07 
1189.26 4.43332e-07 
1189.27 4.43026e-07 
1189.28 4.4272e-07 
1189.29 4.42414e-07 
1189.3 4.42108e-07 
1189.31 4.41801e-07 
1189.32 4.41495e-07 
1189.33 4.41189e-07 
1189.34 4.40882e-07 
1189.35 4.40575e-07 
1189.36 4.40268e-07 
1189.36 4.39962e-07 
1189.37 4.39655e-07 
1189.38 4.39348e-07 
1189.39 4.39041e-07 
1189.4 4.38735e-07 
1189.41 4.38427e-07 
1189.42 4.38119e-07 
1189.43 4.37812e-07 
1189.44 4.37504e-07 
1189.45 4.37197e-07 
1189.46 4.36889e-07 
1189.47 4.36581e-07 
1189.48 4.36273e-07 
1189.49 4.35965e-07 
1189.5 4.35657e-07 
1189.51 4.35349e-07 
1189.52 4.3504e-07 
1189.53 4.34732e-07 
1189.54 4.34423e-07 
1189.55 4.34114e-07 
1189.56 4.33805e-07 
1189.57 4.33496e-07 
1189.58 4.33187e-07 
1189.59 4.32878e-07 
1189.6 4.32568e-07 
1189.61 4.32528e-07 
1189.62 4.32218e-07 
1189.63 4.31908e-07 
1189.64 4.31598e-07 
1189.65 4.31287e-07 
1189.66 4.30977e-07 
1189.67 4.30666e-07 
1189.68 4.30355e-07 
1189.69 4.30044e-07 
1189.7 4.29733e-07 
1189.71 4.29421e-07 
1189.72 4.2911e-07 
1189.73 4.28798e-07 
1189.74 4.28486e-07 
1189.75 4.28174e-07 
1189.76 4.27862e-07 
1189.77 4.27549e-07 
1189.78 4.27237e-07 
1189.79 4.26924e-07 
1189.79 4.26611e-07 
1189.8 4.26298e-07 
1189.81 4.25984e-07 
1189.82 4.2567e-07 
1189.83 4.25357e-07 
1189.84 4.25043e-07 
1189.85 4.24728e-07 
1189.86 4.24414e-07 
1189.87 4.24099e-07 
1189.88 4.23784e-07 
1189.89 4.2347e-07 
1189.9 4.23154e-07 
1189.91 4.22838e-07 
1189.92 4.22523e-07 
1189.93 4.22207e-07 
1189.94 4.2189e-07 
1189.95 4.21574e-07 
1189.96 4.21257e-07 
1189.97 4.2094e-07 
1189.98 4.20623e-07 
1189.99 4.20305e-07 
1190 4.19987e-07 
1190.01 4.1967e-07 
1190.02 4.19351e-07 
1190.03 4.19033e-07 
1190.04 4.18714e-07 
1190.05 4.18395e-07 
1190.06 4.18076e-07 
1190.07 4.17756e-07 
1190.08 4.17437e-07 
1190.09 4.17116e-07 
1190.1 4.16796e-07 
1190.11 4.16475e-07 
1190.12 4.16154e-07 
1190.13 4.15833e-07 
1190.14 4.15512e-07 
1190.15 4.1519e-07 
1190.16 4.14868e-07 
1190.17 4.14545e-07 
1190.18 4.14222e-07 
1190.19 4.13899e-07 
1190.2 4.13576e-07 
1190.21 4.13252e-07 
1190.21 4.12928e-07 
1190.22 4.12604e-07 
1190.23 4.12279e-07 
1190.24 4.11954e-07 
1190.25 4.11629e-07 
1190.26 4.11303e-07 
1190.27 4.10977e-07 
1190.28 4.10651e-07 
1190.29 4.10324e-07 
1190.3 4.09997e-07 
1190.31 4.0967e-07 
1190.32 4.09342e-07 
1190.33 4.09014e-07 
1190.34 4.08686e-07 
1190.35 4.08357e-07 
1190.36 4.08028e-07 
1190.37 4.07698e-07 
1190.38 4.07368e-07 
1190.39 4.07038e-07 
1190.4 4.06707e-07 
1190.41 4.06376e-07 
1190.42 4.06045e-07 
1190.43 4.05713e-07 
1190.44 4.0538e-07 
1190.45 4.05048e-07 
1190.46 4.04715e-07 
1190.47 4.04381e-07 
1190.48 4.04047e-07 
1190.49 4.03713e-07 
1190.5 4.03379e-07 
1190.51 4.03043e-07 
1190.52 4.02708e-07 
1190.53 4.02372e-07 
1190.54 4.02035e-07 
1190.55 4.01699e-07 
1190.56 4.01361e-07 
1190.57 4.01024e-07 
1190.58 4.00685e-07 
1190.59 4.00347e-07 
1190.6 4.00008e-07 
1190.61 3.99917e-07 
1190.62 3.99577e-07 
1190.63 3.99236e-07 
1190.64 3.98895e-07 
1190.64 3.98553e-07 
1190.65 3.98212e-07 
1190.66 3.97869e-07 
1190.67 3.97526e-07 
1190.68 3.97183e-07 
1190.69 3.96839e-07 
1190.7 3.96494e-07 
1190.71 3.96149e-07 
1190.72 3.95804e-07 
1190.73 3.95458e-07 
1190.74 3.95111e-07 
1190.75 3.94764e-07 
1190.76 3.94417e-07 
1190.77 3.94069e-07 
1190.78 3.9372e-07 
1190.79 3.93371e-07 
1190.8 3.93021e-07 
1190.81 3.92671e-07 
1190.82 3.9232e-07 
1190.83 3.91969e-07 
1190.84 3.91617e-07 
1190.85 3.91265e-07 
1190.86 3.90912e-07 
1190.87 3.90558e-07 
1190.88 3.90205e-07 
1190.89 3.8985e-07 
1190.9 3.89494e-07 
1190.91 3.89139e-07 
1190.92 3.88782e-07 
1190.93 3.88426e-07 
1190.94 3.88068e-07 
1190.95 3.8771e-07 
1190.96 3.87351e-07 
1190.97 3.86992e-07 
1190.98 3.86632e-07 
1190.99 3.86272e-07 
1191 3.8591e-07 
1191.01 3.85549e-07 
1191.02 3.85186e-07 
1191.03 3.84823e-07 
1191.04 3.8446e-07 
1191.05 3.84096e-07 
1191.06 3.83731e-07 
1191.07 3.83366e-07 
1191.07 3.82999e-07 
1191.08 3.82633e-07 
1191.09 3.82265e-07 
1191.1 3.81897e-07 
1191.11 3.81528e-07 
1191.12 3.81159e-07 
1191.13 3.80789e-07 
1191.14 3.80418e-07 
1191.15 3.80046e-07 
1191.16 3.79675e-07 
1191.17 3.79302e-07 
1191.18 3.78929e-07 
1191.19 3.78555e-07 
1191.2 3.78179e-07 
1191.21 3.77804e-07 
1191.22 3.77428e-07 
1191.23 3.77051e-07 
1191.24 3.76673e-07 
1191.25 3.76295e-07 
1191.26 3.75916e-07 
1191.27 3.75536e-07 
1191.28 3.75156e-07 
1191.29 3.74774e-07 
1191.3 3.74393e-07 
1191.31 3.7401e-07 
1191.32 3.73626e-07 
1191.33 3.73242e-07 
1191.34 3.72857e-07 
1191.35 3.72472e-07 
1191.36 3.72085e-07 
1191.37 3.71698e-07 
1191.38 3.7131e-07 
1191.39 3.70921e-07 
1191.4 3.70532e-07 
1191.41 3.70141e-07 
1191.42 3.6975e-07 
1191.43 3.69359e-07 
1191.44 3.68966e-07 
1191.45 3.68572e-07 
1191.46 3.68178e-07 
1191.47 3.67783e-07 
1191.48 3.67387e-07 
1191.49 3.66991e-07 
1191.49 3.66593e-07 
1191.5 3.66195e-07 
1191.51 3.65796e-07 
1191.52 3.65396e-07 
1191.53 3.64995e-07 
1191.54 3.64594e-07 
1191.55 3.64192e-07 
1191.56 3.63789e-07 
1191.57 3.63384e-07 
1191.58 3.62979e-07 
1191.59 3.62574e-07 
1191.6 3.62393e-07 
1191.61 3.61985e-07 
1191.62 3.61576e-07 
1191.63 3.61167e-07 
1191.64 3.60757e-07 
1191.65 3.60345e-07 
1191.66 3.59934e-07 
1191.67 3.59521e-07 
1191.68 3.59107e-07 
1191.69 3.58692e-07 
1191.7 3.58277e-07 
1191.71 3.5786e-07 
1191.72 3.57443e-07 
1191.73 3.57025e-07 
1191.74 3.56606e-07 
1191.75 3.56186e-07 
1191.76 3.55765e-07 
1191.77 3.55343e-07 
1191.78 3.5492e-07 
1191.79 3.54496e-07 
1191.8 3.54072e-07 
1191.81 3.53646e-07 
1191.82 3.5322e-07 
1191.83 3.52793e-07 
1191.84 3.52364e-07 
1191.85 3.51935e-07 
1191.86 3.51505e-07 
1191.87 3.51074e-07 
1191.88 3.50642e-07 
1191.89 3.50209e-07 
1191.9 3.49774e-07 
1191.91 3.4934e-07 
1191.92 3.48904e-07 
1191.92 3.48467e-07 
1191.93 3.48029e-07 
1191.94 3.4759e-07 
1191.95 3.4715e-07 
1191.96 3.46709e-07 
1191.97 3.46267e-07 
1191.98 3.45825e-07 
1191.99 3.45381e-07 
1192 3.44937e-07 
1192.01 3.44491e-07 
1192.02 3.44044e-07 
1192.03 3.43596e-07 
1192.04 3.43148e-07 
1192.05 3.42698e-07 
1192.06 3.42247e-07 
1192.07 3.41795e-07 
1192.08 3.41343e-07 
1192.09 3.40889e-07 
1192.1 3.40434e-07 
1192.11 3.39978e-07 
1192.12 3.39521e-07 
1192.13 3.39063e-07 
1192.14 3.38604e-07 
1192.15 3.38144e-07 
1192.16 3.37683e-07 
1192.17 3.37221e-07 
1192.18 3.36757e-07 
1192.19 3.36293e-07 
1192.2 3.35828e-07 
1192.21 3.35362e-07 
1192.22 3.34894e-07 
1192.23 3.34425e-07 
1192.24 3.33955e-07 
1192.25 3.33485e-07 
1192.26 3.33013e-07 
1192.27 3.3254e-07 
1192.28 3.32066e-07 
1192.29 3.31591e-07 
1192.3 3.31114e-07 
1192.31 3.30637e-07 
1192.32 3.30159e-07 
1192.33 3.29679e-07 
1192.34 3.29199e-07 
1192.34 3.28717e-07 
1192.35 3.28233e-07 
1192.36 3.27749e-07 
1192.37 3.27264e-07 
1192.38 3.26778e-07 
1192.39 3.2629e-07 
1192.4 3.25801e-07 
1192.41 3.25311e-07 
1192.42 3.2482e-07 
1192.43 3.24328e-07 
1192.44 3.23834e-07 
1192.45 3.23339e-07 
1192.46 3.22844e-07 
1192.47 3.22347e-07 
1192.48 3.21848e-07 
1192.49 3.21349e-07 
1192.5 3.20848e-07 
1192.51 3.20346e-07 
1192.52 3.19843e-07 
1192.53 3.19339e-07 
1192.54 3.18833e-07 
1192.55 3.18326e-07 
1192.56 3.17818e-07 
1192.57 3.17309e-07 
1192.58 3.16798e-07 
1192.59 3.16286e-07 
1192.6 3.15773e-07 
1192.61 3.15455e-07 
1192.62 3.14939e-07 
1192.63 3.14422e-07 
1192.64 3.13903e-07 
1192.65 3.13383e-07 
1192.66 3.12862e-07 
1192.67 3.1234e-07 
1192.68 3.11816e-07 
1192.69 3.11291e-07 
1192.7 3.10764e-07 
1192.71 3.10237e-07 
1192.72 3.09707e-07 
1192.73 3.09177e-07 
1192.74 3.08646e-07 
1192.75 3.08113e-07 
1192.76 3.07578e-07 
1192.77 3.07042e-07 
1192.77 3.06505e-07 
1192.78 3.05966e-07 
1192.79 3.05427e-07 
1192.8 3.04886e-07 
1192.81 3.04343e-07 
1192.82 3.03799e-07 
1192.83 3.03254e-07 
1192.84 3.02707e-07 
1192.85 3.02159e-07 
1192.86 3.01609e-07 
1192.87 3.01058e-07 
1192.88 3.00506e-07 
1192.89 2.99952e-07 
1192.9 2.99397e-07 
1192.91 2.98841e-07 
1192.92 2.98283e-07 
1192.93 2.97723e-07 
1192.94 2.97163e-07 
1192.95 2.966e-07 
1192.96 2.96037e-07 
1192.97 2.95472e-07 
1192.98 2.94905e-07 
1192.99 2.94337e-07 
1193 2.93768e-07 
1193.01 2.93197e-07 
1193.02 2.92625e-07 
1193.03 2.92052e-07 
1193.04 2.91477e-07 
1193.05 2.909e-07 
1193.06 2.90322e-07 
1193.07 2.89743e-07 
1193.08 2.89162e-07 
1193.09 2.8858e-07 
1193.1 2.87996e-07 
1193.11 2.87411e-07 
1193.12 2.86824e-07 
1193.13 2.86237e-07 
1193.14 2.85647e-07 
1193.15 2.85056e-07 
1193.16 2.84464e-07 
1193.17 2.8387e-07 
1193.18 2.83275e-07 
1193.19 2.82679e-07 
1193.19 2.82081e-07 
1193.2 2.81482e-07 
1193.21 2.80881e-07 
1193.22 2.80279e-07 
1193.23 2.79675e-07 
1193.24 2.7907e-07 
1193.25 2.78464e-07 
1193.26 2.77856e-07 
1193.27 2.77247e-07 
1193.28 2.76637e-07 
1193.29 2.76025e-07 
1193.3 2.75412e-07 
1193.31 2.74798e-07 
1193.32 2.74183e-07 
1193.33 2.73566e-07 
1193.34 2.72948e-07 
1193.35 2.72329e-07 
1193.36 2.71708e-07 
1193.37 2.71087e-07 
1193.38 2.70464e-07 
1193.39 2.6984e-07 
1193.4 2.69215e-07 
1193.41 2.68589e-07 
1193.42 2.67962e-07 
1193.43 2.67334e-07 
1193.44 2.66706e-07 
1193.45 2.66076e-07 
1193.46 2.65446e-07 
1193.47 2.64815e-07 
1193.48 2.64183e-07 
1193.49 2.63551e-07 
1193.5 2.62918e-07 
1193.51 2.62285e-07 
1193.52 2.61652e-07 
1193.53 2.61019e-07 
1193.54 2.60385e-07 
1193.55 2.59752e-07 
1193.56 2.59119e-07 
1193.57 2.58487e-07 
1193.58 2.57855e-07 
1193.59 2.57224e-07 
1193.6 2.56594e-07 
1193.61 2.56125e-07 
1193.62 2.55497e-07 
1193.62 2.54872e-07 
1193.63 2.54249e-07 
1193.64 2.53628e-07 
1193.65 2.5301e-07 
1193.66 2.52395e-07 
1193.67 2.51783e-07 
1193.68 2.51176e-07 
1193.69 2.50574e-07 
1193.7 2.49976e-07 
1193.71 2.49384e-07 
1193.72 2.48799e-07 
1193.73 2.48222e-07 
1193.74 2.47651e-07 
1193.75 2.47089e-07 
1193.76 2.46536e-07 
1193.77 2.45993e-07 
1193.78 2.45462e-07 
1193.79 2.44942e-07 
1193.8 2.44436e-07 
1193.81 2.43945e-07 
1193.82 2.43469e-07 
1193.83 2.43011e-07 
1193.84 2.42571e-07 
1193.85 2.42152e-07 
1193.86 2.41755e-07 
1193.87 2.41381e-07 
1193.88 2.41033e-07 
1193.89 2.40713e-07 
1193.9 2.40423e-07 
1193.91 2.40165e-07 
1193.92 2.39942e-07 
1193.93 2.39756e-07 
1193.94 2.39611e-07 
1193.95 2.39509e-07 
1193.96 2.39453e-07 
1193.97 2.39447e-07 
1193.98 2.39505e-07 
1193.99 2.3961e-07 
1194 2.39777e-07 
1194.01 2.40009e-07 
1194.02 2.40312e-07 
1194.03 2.40689e-07 
1194.04 2.41146e-07 
1194.05 2.41687e-07 
1194.05 2.4232e-07 
1194.06 2.43048e-07 
1194.07 2.43879e-07 
1194.08 2.44819e-07 
1194.09 2.45874e-07 
1194.1 2.47052e-07 
1194.11 2.48361e-07 
1194.12 2.49807e-07 
1194.13 2.51399e-07 
1194.14 2.53145e-07 
1194.15 2.55055e-07 
1194.16 2.57138e-07 
1194.17 2.59402e-07 
1194.18 2.61859e-07 
1194.19 2.64518e-07 
1194.2 2.67391e-07 
1194.21 2.70488e-07 
1194.22 2.73821e-07 
1194.23 2.77458e-07 
1194.24 2.81304e-07 
1194.25 2.85423e-07 
1194.26 2.8983e-07 
1194.27 2.94537e-07 
1194.28 2.99559e-07 
1194.29 3.0491e-07 
1194.3 3.10605e-07 
1194.31 3.16661e-07 
1194.32 3.23092e-07 
1194.33 3.29914e-07 
1194.34 3.37143e-07 
1194.35 3.44798e-07 
1194.36 3.52894e-07 
1194.37 3.6145e-07 
1194.38 3.70482e-07 
1194.39 3.80009e-07 
1194.4 3.90049e-07 
1194.41 4.00621e-07 
1194.42 4.11743e-07 
1194.43 4.23434e-07 
1194.44 4.35713e-07 
1194.45 4.48599e-07 
1194.46 4.6211e-07 
1194.47 4.76267e-07 
1194.47 4.91291e-07 
1194.48 5.06801e-07 
1194.49 5.23015e-07 
1194.5 5.39951e-07 
1194.51 5.57627e-07 
1194.52 5.7606e-07 
1194.53 5.95268e-07 
1194.54 6.15268e-07 
1194.55 6.36079e-07 
1194.56 6.57716e-07 
1194.57 6.80195e-07 
1194.58 7.03532e-07 
1194.59 7.27741e-07 
1194.6 7.52836e-07 
1194.61 7.79314e-07 
1194.62 8.06234e-07 
1194.63 8.34079e-07 
1194.64 8.62855e-07 
1194.65 8.92573e-07 
1194.66 9.23239e-07 
1194.67 9.54863e-07 
1194.68 9.87447e-07 
1194.69 1.02099e-06 
1194.7 1.05551e-06 
1194.71 1.09099e-06 
1194.72 1.12744e-06 
1194.73 1.16534e-06 
1194.74 1.20372e-06 
1194.75 1.24306e-06 
1194.76 1.28334e-06 
1194.77 1.32457e-06 
1194.78 1.36671e-06 
1194.79 1.40976e-06 
1194.8 1.45371e-06 
1194.81 1.49854e-06 
1194.82 1.54422e-06 
1194.83 1.59074e-06 
1194.84 1.63806e-06 
1194.85 1.68617e-06 
1194.86 1.73504e-06 
1194.87 1.78463e-06 
1194.88 1.83491e-06 
1194.89 1.88585e-06 
1194.9 1.9374e-06 
1194.9 1.98954e-06 
1194.91 2.04221e-06 
1194.92 2.09537e-06 
1194.93 2.14898e-06 
1194.94 2.20298e-06 
1194.95 2.25734e-06 
1194.96 2.31199e-06 
1194.97 2.36689e-06 
1194.98 2.42267e-06 
1194.99 2.47788e-06 
1195 2.53315e-06 
1195.01 2.58844e-06 
1195.02 2.64367e-06 
1195.03 2.69879e-06 
1195.04 2.75372e-06 
1195.05 2.80841e-06 
1195.06 2.86277e-06 
1195.07 2.91676e-06 
1195.08 2.9703e-06 
1195.09 3.02331e-06 
1195.1 3.07574e-06 
1195.11 3.1275e-06 
1195.12 3.17854e-06 
1195.13 3.22877e-06 
1195.14 3.27813e-06 
1195.15 3.32656e-06 
1195.16 3.37397e-06 
1195.17 3.42031e-06 
1195.18 3.46551e-06 
1195.19 3.50949e-06 
1195.2 3.55219e-06 
1195.21 3.59355e-06 
1195.22 3.63351e-06 
1195.23 3.67248e-06 
1195.24 3.70942e-06 
1195.25 3.74478e-06 
1195.26 3.7785e-06 
1195.27 3.81053e-06 
1195.28 3.84081e-06 
1195.29 3.86929e-06 
1195.3 3.89594e-06 
1195.31 3.9207e-06 
1195.32 3.94354e-06 
1195.32 3.96442e-06 
1195.33 3.9833e-06 
1195.34 4.00016e-06 
1195.35 4.01496e-06 
1195.36 4.02767e-06 
1195.37 4.03829e-06 
1195.38 4.04678e-06 
1195.39 4.05314e-06 
1195.4 4.05736e-06 
1195.41 4.05942e-06 
1195.42 4.05932e-06 
1195.43 4.05706e-06 
1195.44 4.05265e-06 
1195.45 4.04609e-06 
1195.46 4.03739e-06 
1195.47 4.02656e-06 
1195.48 4.01346e-06 
1195.49 3.99842e-06 
1195.5 3.98131e-06 
1195.51 3.96218e-06 
1195.52 3.94104e-06 
1195.53 3.91792e-06 
1195.54 3.89288e-06 
1195.55 3.86594e-06 
1195.56 3.83715e-06 
1195.57 3.80656e-06 
1195.58 3.77421e-06 
1195.59 3.74016e-06 
1195.6 3.70446e-06 
1195.61 3.66944e-06 
1195.62 3.63058e-06 
1195.63 3.59024e-06 
1195.64 3.54848e-06 
1195.65 3.50537e-06 
1195.66 3.46096e-06 
1195.67 3.41533e-06 
1195.68 3.36855e-06 
1195.69 3.32067e-06 
1195.7 3.27178e-06 
1195.71 3.22194e-06 
1195.72 3.17121e-06 
1195.73 3.11903e-06 
1195.74 3.06675e-06 
1195.75 3.0138e-06 
1195.75 2.96025e-06 
1195.76 2.90618e-06 
1195.77 2.85166e-06 
1195.78 2.79675e-06 
1195.79 2.74152e-06 
1195.8 2.68605e-06 
1195.81 2.6304e-06 
1195.82 2.57463e-06 
1195.83 2.51881e-06 
1195.84 2.46301e-06 
1195.85 2.40728e-06 
1195.86 2.3517e-06 
1195.87 2.29631e-06 
1195.88 2.24118e-06 
1195.89 2.18636e-06 
1195.9 2.1319e-06 
1195.91 2.07786e-06 
1195.92 2.02429e-06 
1195.93 1.97124e-06 
1195.94 1.91875e-06 
1195.95 1.86687e-06 
1195.96 1.81563e-06 
1195.97 1.76508e-06 
1195.98 1.71465e-06 
1195.99 1.6656e-06 
1196 1.61735e-06 
1196.01 1.56992e-06 
1196.02 1.52335e-06 
1196.03 1.47766e-06 
1196.04 1.43288e-06 
1196.05 1.38903e-06 
1196.06 1.34612e-06 
1196.07 1.30418e-06 
1196.08 1.26323e-06 
1196.09 1.22328e-06 
1196.1 1.18433e-06 
1196.11 1.14641e-06 
1196.12 1.10951e-06 
1196.13 1.07365e-06 
1196.14 1.03883e-06 
1196.15 1.00505e-06 
1196.16 9.7232e-07 
1196.17 9.4063e-07 
1196.17 9.09983e-07 
1196.18 8.80375e-07 
1196.19 8.51802e-07 
1196.2 8.24258e-07 
1196.21 7.97734e-07 
1196.22 7.71921e-07 
1196.23 7.47421e-07 
1196.24 7.2392e-07 
1196.25 7.014e-07 
1196.26 6.79849e-07 
1196.27 6.59254e-07 
1196.28 6.39599e-07 
1196.29 6.20871e-07 
1196.3 6.03053e-07 
1196.31 5.86128e-07 
1196.32 5.70081e-07 
1196.33 5.54893e-07 
1196.34 5.40548e-07 
1196.35 5.27026e-07 
1196.36 5.14308e-07 
1196.37 5.02377e-07 
1196.38 4.91212e-07 
1196.39 4.80794e-07 
1196.4 4.71103e-07 
1196.41 4.62121e-07 
1196.42 4.53825e-07 
1196.43 4.46198e-07 
1196.44 4.39218e-07 
1196.45 4.32865e-07 
1196.46 4.2712e-07 
1196.47 4.21963e-07 
1196.48 4.17322e-07 
1196.49 4.13286e-07 
1196.5 4.09779e-07 
1196.51 4.06779e-07 
1196.52 4.04269e-07 
1196.53 4.02228e-07 
1196.54 4.00637e-07 
1196.55 3.99478e-07 
1196.56 3.98731e-07 
1196.57 3.9838e-07 
1196.58 3.98404e-07 
1196.59 3.98786e-07 
1196.6 3.9951e-07 
1196.6 4.00805e-07 
1196.61 4.02158e-07 
1196.62 4.038e-07 
1196.63 4.05715e-07 
1196.64 4.07885e-07 
1196.65 4.10296e-07 
1196.66 4.1293e-07 
1196.67 4.15773e-07 
1196.68 4.18809e-07 
1196.69 4.22022e-07 
1196.7 4.25399e-07 
1196.71 4.28924e-07 
1196.72 4.32584e-07 
1196.73 4.36416e-07 
1196.74 4.40304e-07 
1196.75 4.44286e-07 
1196.76 4.48348e-07 
1196.77 4.52478e-07 
1196.78 4.56662e-07 
1196.79 4.60889e-07 
1196.8 4.65147e-07 
1196.81 4.69424e-07 
1196.82 4.73708e-07 
1196.83 4.77989e-07 
1196.84 4.82256e-07 
1196.85 4.86497e-07 
1196.86 4.90704e-07 
1196.87 4.94865e-07 
1196.88 4.98972e-07 
1196.89 5.03015e-07 
1196.9 5.06984e-07 
1196.91 5.10871e-07 
1196.92 5.14669e-07 
1196.93 5.18367e-07 
1196.94 5.21959e-07 
1196.95 5.25437e-07 
1196.96 5.28794e-07 
1196.97 5.32023e-07 
1196.98 5.35158e-07 
1196.99 5.38109e-07 
1197 5.40913e-07 
1197.01 5.43564e-07 
1197.02 5.46058e-07 
1197.03 5.48389e-07 
1197.03 5.50553e-07 
1197.04 5.52545e-07 
1197.05 5.5436e-07 
1197.06 5.55997e-07 
1197.07 5.5745e-07 
1197.08 5.58719e-07 
1197.09 5.59799e-07 
1197.1 5.60689e-07 
1197.11 5.61387e-07 
1197.12 5.61891e-07 
1197.13 5.62199e-07 
1197.14 5.62312e-07 
1197.15 5.62228e-07 
1197.16 5.61948e-07 
1197.17 5.61471e-07 
1197.18 5.60798e-07 
1197.19 5.59929e-07 
1197.2 5.58865e-07 
1197.21 5.57609e-07 
1197.22 5.56161e-07 
1197.23 5.54505e-07 
1197.24 5.52679e-07 
1197.25 5.50668e-07 
1197.26 5.48475e-07 
1197.27 5.46104e-07 
1197.28 5.43557e-07 
1197.29 5.40839e-07 
1197.3 5.37953e-07 
1197.31 5.34904e-07 
1197.32 5.31695e-07 
1197.33 5.28332e-07 
1197.34 5.24819e-07 
1197.35 5.2116e-07 
1197.36 5.17362e-07 
1197.37 5.13429e-07 
1197.38 5.09367e-07 
1197.39 5.05181e-07 
1197.4 5.00878e-07 
1197.41 4.96462e-07 
1197.42 4.9194e-07 
1197.43 4.87319e-07 
1197.44 4.82603e-07 
1197.45 4.778e-07 
1197.45 4.72915e-07 
1197.46 4.67955e-07 
1197.47 4.62927e-07 
1197.48 4.57774e-07 
1197.49 4.52626e-07 
1197.5 4.47428e-07 
1197.51 4.42186e-07 
1197.52 4.36907e-07 
1197.53 4.31597e-07 
1197.54 4.26263e-07 
1197.55 4.20909e-07 
1197.56 4.15543e-07 
1197.57 4.10169e-07 
1197.58 4.04795e-07 
1197.59 3.99424e-07 
1197.6 3.94064e-07 
1197.61 3.88961e-07 
1197.62 3.83634e-07 
1197.63 3.78334e-07 
1197.64 3.73064e-07 
1197.65 3.6783e-07 
1197.66 3.62636e-07 
1197.67 3.57487e-07 
1197.68 3.52388e-07 
1197.69 3.47341e-07 
1197.7 3.42352e-07 
1197.71 3.37424e-07 
1197.72 3.32559e-07 
1197.73 3.27705e-07 
1197.74 3.2298e-07 
1197.75 3.18328e-07 
1197.76 3.13751e-07 
1197.77 3.09254e-07 
1197.78 3.04836e-07 
1197.79 3.00501e-07 
1197.8 2.96251e-07 
1197.81 2.92086e-07 
1197.82 2.88008e-07 
1197.83 2.84018e-07 
1197.84 2.80117e-07 
1197.85 2.76307e-07 
1197.86 2.72586e-07 
1197.87 2.68956e-07 
1197.88 2.65416e-07 
1197.88 2.61966e-07 
1197.89 2.58607e-07 
1197.9 2.55338e-07 
1197.91 2.52157e-07 
1197.92 2.49065e-07 
1197.93 2.46059e-07 
1197.94 2.4314e-07 
1197.95 2.40306e-07 
1197.96 2.37555e-07 
1197.97 2.34886e-07 
1197.98 2.32268e-07 
1197.99 2.29759e-07 
1198 2.27326e-07 
1198.01 2.24967e-07 
1198.02 2.22682e-07 
1198.03 2.20466e-07 
1198.04 2.18318e-07 
1198.05 2.16237e-07 
1198.06 2.14219e-07 
1198.07 2.12262e-07 
1198.08 2.10363e-07 
1198.09 2.08522e-07 
1198.1 2.06734e-07 
1198.11 2.04997e-07 
1198.12 2.03309e-07 
1198.13 2.01668e-07 
1198.14 2.00071e-07 
1198.15 1.98516e-07 
1198.16 1.97e-07 
1198.17 1.95521e-07 
1198.18 1.94077e-07 
1198.19 1.92666e-07 
1198.2 1.91285e-07 
1198.21 1.89932e-07 
1198.22 1.88606e-07 
1198.23 1.87291e-07 
1198.24 1.86012e-07 
1198.25 1.84755e-07 
1198.26 1.83516e-07 
1198.27 1.82295e-07 
1198.28 1.81091e-07 
1198.29 1.79902e-07 
1198.3 1.78727e-07 
1198.3 1.77566e-07 
1198.31 1.76416e-07 
1198.32 1.75278e-07 
1198.33 1.74151e-07 
1198.34 1.73034e-07 
1198.35 1.71928e-07 
1198.36 1.70831e-07 
1198.37 1.69744e-07 
1198.38 1.68668e-07 
1198.39 1.67601e-07 
1198.4 1.66546e-07 
1198.41 1.65502e-07 
1198.42 1.64471e-07 
1198.43 1.63452e-07 
1198.44 1.62448e-07 
1198.45 1.61459e-07 
1198.46 1.60487e-07 
1198.47 1.59534e-07 
1198.48 1.58592e-07 
1198.49 1.57681e-07 
1198.5 1.56793e-07 
1198.51 1.55932e-07 
1198.52 1.55099e-07 
1198.53 1.54296e-07 
1198.54 1.53528e-07 
1198.55 1.52795e-07 
1198.56 1.52101e-07 
1198.57 1.51449e-07 
1198.58 1.50842e-07 
1198.59 1.50283e-07 
1198.6 1.49776e-07 
1198.61 1.49417e-07 
1198.62 1.49023e-07 
1198.63 1.48692e-07 
1198.64 1.48427e-07 
1198.65 1.48233e-07 
1198.66 1.48113e-07 
1198.67 1.48071e-07 
1198.68 1.48112e-07 
1198.69 1.4824e-07 
1198.7 1.48459e-07 
1198.71 1.48774e-07 
1198.72 1.49189e-07 
1198.73 1.49719e-07 
1198.73 1.5035e-07 
1198.74 1.51096e-07 
1198.75 1.51961e-07 
1198.76 1.5295e-07 
1198.77 1.54068e-07 
1198.78 1.55319e-07 
1198.79 1.56709e-07 
1198.8 1.58243e-07 
1198.81 1.59926e-07 
1198.82 1.61762e-07 
1198.83 1.63757e-07 
1198.84 1.65915e-07 
1198.85 1.68242e-07 
1198.86 1.70742e-07 
1198.87 1.73421e-07 
1198.88 1.76284e-07 
1198.89 1.79334e-07 
1198.9 1.82578e-07 
1198.91 1.86019e-07 
1198.92 1.89663e-07 
1198.93 1.93514e-07 
1198.94 1.97577e-07 
1198.95 2.01856e-07 
1198.96 2.06355e-07 
1198.97 2.11079e-07 
1198.98 2.16099e-07 
1198.99 2.21289e-07 
1199 2.26715e-07 
1199.01 2.32382e-07 
1199.02 2.38294e-07 
1199.03 2.44453e-07 
1199.04 2.50864e-07 
1199.05 2.57529e-07 
1199.06 2.64452e-07 
1199.07 2.71634e-07 
1199.08 2.79079e-07 
1199.09 2.86789e-07 
1199.1 2.94767e-07 
1199.11 3.03013e-07 
1199.12 3.11529e-07 
1199.13 3.20318e-07 
1199.14 3.29379e-07 
1199.15 3.38716e-07 
1199.15 3.48326e-07 
1199.16 3.58211e-07 
1199.17 3.6837e-07 
1199.18 3.78805e-07 
1199.19 3.89513e-07 
1199.2 4.00494e-07 
1199.21 4.11746e-07 
1199.22 4.23419e-07 
1199.23 4.3521e-07 
1199.24 4.4727e-07 
1199.25 4.59591e-07 
1199.26 4.72173e-07 
1199.27 4.8501e-07 
1199.28 4.981e-07 
1199.29 5.11437e-07 
1199.3 5.25018e-07 
1199.31 5.38839e-07 
1199.32 5.52891e-07 
1199.33 5.67171e-07 
1199.34 5.81671e-07 
1199.35 5.96386e-07 
1199.36 6.11307e-07 
1199.37 6.26429e-07 
1199.38 6.41742e-07 
1199.39 6.57238e-07 
1199.4 6.7291e-07 
1199.41 6.88748e-07 
1199.42 7.04742e-07 
1199.43 7.20883e-07 
1199.44 7.37159e-07 
1199.45 7.53561e-07 
1199.46 7.70078e-07 
1199.47 7.86699e-07 
1199.48 8.03623e-07 
1199.49 8.20415e-07 
1199.5 8.37273e-07 
1199.51 8.54188e-07 
1199.52 8.71142e-07 
1199.53 8.88125e-07 
1199.54 9.05122e-07 
1199.55 9.22119e-07 
1199.56 9.39103e-07 
1199.57 9.56058e-07 
1199.58 9.72971e-07 
1199.58 9.89829e-07 
1199.59 1.00661e-06 
1199.6 1.02331e-06 
1199.61 1.04055e-06 
1199.62 1.05703e-06 
1199.63 1.07338e-06 
1199.64 1.08959e-06 
1199.65 1.10563e-06 
1199.66 1.12149e-06 
1199.67 1.13715e-06 
1199.68 1.1526e-06 
1199.69 1.16783e-06 
1199.7 1.18281e-06 
1199.71 1.19753e-06 
1199.72 1.21199e-06 
1199.73 1.22633e-06 
1199.74 1.24018e-06 
1199.75 1.25372e-06 
1199.76 1.26693e-06 
1199.77 1.27979e-06 
1199.78 1.29229e-06 
1199.79 1.30441e-06 
1199.8 1.31615e-06 
1199.81 1.32748e-06 
1199.82 1.33841e-06 
1199.83 1.3489e-06 
1199.84 1.35896e-06 
1199.85 1.36856e-06 
1199.86 1.37771e-06 
1199.87 1.38639e-06 
1199.88 1.39458e-06 
1199.89 1.40228e-06 
1199.9 1.40949e-06 
1199.91 1.41618e-06 
1199.92 1.42236e-06 
1199.93 1.42802e-06 
1199.94 1.43314e-06 
1199.95 1.43773e-06 
1199.96 1.44178e-06 
1199.97 1.44528e-06 
1199.98 1.44826e-06 
1199.99 1.45065e-06 
1200 1.45248e-06 
1200.01 1.45374e-06 
1200.01 1.45445e-06 
1200.02 1.45459e-06 
1200.03 1.45417e-06 
1200.04 1.45319e-06 
1200.05 1.45164e-06 
1200.06 1.44954e-06 
1200.07 1.44687e-06 
1200.08 1.44365e-06 
1200.09 1.43988e-06 
1200.1 1.43556e-06 
1200.11 1.4307e-06 
1200.12 1.4253e-06 
1200.13 1.41937e-06 
1200.14 1.41291e-06 
1200.15 1.40594e-06 
1200.16 1.39846e-06 
1200.17 1.39048e-06 
1200.18 1.382e-06 
1200.19 1.37304e-06 
1200.2 1.36362e-06 
1200.21 1.35372e-06 
1200.22 1.34338e-06 
1200.23 1.33246e-06 
1200.24 1.32125e-06 
1200.25 1.30962e-06 
1200.26 1.29758e-06 
1200.27 1.28516e-06 
1200.28 1.27236e-06 
1200.29 1.2592e-06 
1200.3 1.24569e-06 
1200.31 1.23184e-06 
1200.32 1.21767e-06 
1200.33 1.2032e-06 
1200.34 1.18843e-06 
1200.35 1.17339e-06 
1200.36 1.15809e-06 
1200.37 1.14254e-06 
1200.38 1.12677e-06 
1200.39 1.11077e-06 
1200.4 1.09458e-06 
1200.41 1.0782e-06 
1200.42 1.06166e-06 
1200.43 1.04496e-06 
1200.43 1.02812e-06 
1200.44 1.01116e-06 
1200.45 9.94089e-07 
1200.46 9.76927e-07 
1200.47 9.59686e-07 
1200.48 9.42167e-07 
1200.49 9.24815e-07 
1200.5 9.07427e-07 
1200.51 8.90019e-07 
1200.52 8.72605e-07 
1200.53 8.55198e-07 
1200.54 8.37811e-07 
1200.55 8.20458e-07 
1200.56 8.03151e-07 
1200.57 7.85901e-07 
1200.58 7.68722e-07 
1200.59 7.51626e-07 
1200.6 7.34623e-07 
1200.61 7.18168e-07 
1200.62 7.01374e-07 
1200.63 6.84706e-07 
1200.64 6.68173e-07 
1200.65 6.51785e-07 
1200.66 6.35551e-07 
1200.67 6.19478e-07 
1200.68 6.03577e-07 
1200.69 5.87856e-07 
1200.7 5.72319e-07 
1200.71 5.56976e-07 
1200.72 5.41832e-07 
1200.73 5.26709e-07 
1200.74 5.11987e-07 
1200.75 4.97481e-07 
1200.76 4.83198e-07 
1200.77 4.69141e-07 
1200.78 4.55316e-07 
1200.79 4.41726e-07 
1200.8 4.28374e-07 
1200.81 4.15263e-07 
1200.82 4.02396e-07 
1200.83 3.89776e-07 
1200.84 3.77405e-07 
1200.85 3.65283e-07 
1200.85 3.53413e-07 
1200.86 3.41795e-07 
1200.87 3.3043e-07 
1200.88 3.19318e-07 
1200.89 3.08459e-07 
1200.9 2.97853e-07 
1200.91 2.875e-07 
1200.92 2.77398e-07 
1200.93 2.67546e-07 
1200.94 2.57944e-07 
1200.95 2.48589e-07 
1200.96 2.3948e-07 
1200.97 2.30615e-07 
1200.98 2.21884e-07 
1200.99 2.13503e-07 
1201 2.05357e-07 
1201.01 1.97445e-07 
1201.02 1.89764e-07 
1201.03 1.82311e-07 
1201.04 1.75082e-07 
1201.05 1.68073e-07 
1201.06 1.61283e-07 
1201.07 1.54706e-07 
1201.08 1.4834e-07 
1201.09 1.4218e-07 
1201.1 1.36222e-07 
1201.11 1.30463e-07 
1201.12 1.24899e-07 
1201.13 1.19526e-07 
1201.14 1.14339e-07 
1201.15 1.09334e-07 
1201.16 1.04508e-07 
1201.17 9.98554e-08 
1201.18 9.53729e-08 
1201.19 9.1056e-08 
1201.2 8.69006e-08 
1201.21 8.29025e-08 
1201.22 7.90573e-08 
1201.23 7.53159e-08 
1201.24 7.17662e-08 
1201.25 6.83571e-08 
1201.26 6.50846e-08 
1201.27 6.19445e-08 
1201.28 5.89329e-08 
1201.28 5.60458e-08 
1201.29 5.32793e-08 
1201.3 5.06296e-08 
1201.31 4.80929e-08 
1201.32 4.56655e-08 
1201.33 4.33436e-08 
1201.34 4.11237e-08 
1201.35 3.90023e-08 
1201.36 3.69759e-08 
1201.37 3.5041e-08 
1201.38 3.31945e-08 
1201.39 3.14329e-08 
1201.4 2.97532e-08 
1201.41 2.81523e-08 
1201.42 2.66271e-08 
1201.43 2.51747e-08 
1201.44 2.37923e-08 
1201.45 2.2477e-08 
1201.46 2.1226e-08 
1201.47 2.00369e-08 
1201.48 1.88933e-08 
1201.49 1.78208e-08 
1201.5 1.68027e-08 
1201.51 1.58365e-08 
1201.52 1.49201e-08 
1201.53 1.40512e-08 
1201.54 1.32277e-08 
1201.55 1.24477e-08 
1201.56 1.1709e-08 
1201.57 1.10099e-08 
1201.58 1.03485e-08 
1201.59 9.72303e-09 
1201.6 9.1318e-09 
1201.61 8.57845e-09 
1201.62 8.05052e-09 
1201.63 7.55213e-09 
1201.64 7.08182e-09 
1201.65 6.63821e-09 
1201.66 6.21995e-09 
1201.67 5.82578e-09 
1201.68 5.45445e-09 
1201.69 5.10479e-09 
1201.7 4.77569e-09 
1201.7 4.46606e-09 
1201.71 4.17487e-09 
1201.72 3.89782e-09 
1201.73 3.64082e-09 
1201.74 3.39943e-09 
1201.75 3.17281e-09 
1201.76 2.96014e-09 
1201.77 2.76064e-09 
1201.78 2.57358e-09 
1201.79 2.39827e-09 
1201.8 2.23402e-09 
1201.81 2.0802e-09 
1201.82 1.93622e-09 
1201.83 1.80151e-09 
1201.84 1.67551e-09 
1201.85 1.55771e-09 
1201.86 1.44763e-09 
1201.87 1.34481e-09 
1201.88 1.2488e-09 
1201.89 1.15919e-09 
1201.9 1.07559e-09 
1201.91 9.97631e-10 
1201.92 9.2496e-10 
1201.93 8.57249e-10 
1201.94 7.94183e-10 
1201.95 7.3547e-10 
1201.96 6.80831e-10 
1201.97 6.30005e-10 
1201.98 5.82177e-10 
1201.99 5.38293e-10 
1202 4.97522e-10 
1202.01 4.5966e-10 
1202.02 4.24513e-10 
1202.03 3.919e-10 
1202.04 3.61652e-10 
1202.05 3.33608e-10 
1202.06 3.07618e-10 
1202.07 2.83542e-10 
1202.08 2.61249e-10 
1202.09 2.40614e-10 
1202.1 2.21523e-10 
1202.11 2.03866e-10 
1202.12 1.87544e-10 
1202.13 1.72461e-10 
1202.13 1.58529e-10 
1202.14 1.45666e-10 
1202.15 1.33794e-10 
1202.16 1.22842e-10 
1202.17 1.12742e-10 
1202.18 1.03432e-10 
1202.19 9.48541e-11 
1202.2 8.69535e-11 
1202.21 7.96797e-11 
1202.22 7.2909e-11 
1202.23 6.67546e-11 
1202.24 6.10986e-11 
1202.25 5.58999e-11 
1202.26 5.11236e-11 
1202.27 4.67372e-11 
1202.28 4.27104e-11 
1202.29 3.90153e-11 
1202.3 3.5626e-11 
1202.31 3.25184e-11 
1202.32 2.96703e-11 
1202.33 2.7061e-11 
1202.34 2.46716e-11 
1202.35 2.24844e-11 
1202.36 2.0483e-11 
1202.37 1.86526e-11 
1202.38 1.6979e-11 
1202.39 1.54496e-11 
1202.4 1.40525e-11 
1202.41 1.27767e-11 
1202.42 1.16122e-11 
1202.43 1.05497e-11 
1202.44 9.58067e-12 
1202.45 8.69726e-12 
1202.46 7.89223e-12 
1202.47 7.15891e-12 
1202.48 6.48324e-12 
1202.49 5.87621e-12 
1202.5 5.32395e-12 
1202.51 4.8217e-12 
1202.52 4.36513e-12 
1202.53 3.95025e-12 
1202.54 3.5734e-12 
1202.55 3.23124e-12 
1202.56 2.9207e-12 
1202.56 2.63898e-12 
1202.57 2.3835e-12 
1202.58 2.15191e-12 
1202.59 1.94206e-12 
1202.6 1.75199e-12 
1202.61 1.58089e-12 
1202.62 1.42505e-12 
1202.63 1.28408e-12 
1202.64 1.1566e-12 
1202.65 1.04137e-12 
1202.66 9.37251e-13 
1202.67 8.43214e-13 
1202.68 7.58316e-13 
1202.69 6.81699e-13 
1202.7 6.12584e-13 
1202.71 5.50261e-13 
1202.72 4.94086e-13 
1202.73 4.42873e-13 
1202.74 3.97348e-13 
1202.75 3.56364e-13 
1202.76 3.19482e-13 
1202.77 2.86305e-13 
1202.78 2.56474e-13 
1202.79 2.29661e-13 
1202.8 2.0557e-13 
1202.81 1.83935e-13 
1202.82 1.64513e-13 
1202.83 1.47084e-13 
1202.84 1.3145e-13 
1202.85 1.17432e-13 
1202.86 1.04868e-13 
1202.87 9.36112e-14 
1202.88 8.35304e-14 
1202.89 7.4506e-14 
1202.9 6.64307e-14 
1202.91 5.92074e-14 
1202.92 5.2749e-14 
1202.93 4.69767e-14 
1202.94 4.18197e-14 
1202.95 3.72143e-14 
1202.96 3.31031e-14 
1202.97 2.94347e-14 
1202.98 2.61625e-14 
1202.98 2.32106e-14 
1202.99 2.06141e-14 
1203 1.83009e-14 
1203.01 1.6241e-14 
1203.02 1.44073e-14 
1203.03 1.27756e-14 
1203.04 1.13243e-14 
1203.05 1.00339e-14 
1203.06 8.88714e-15 
1203.07 7.86834e-15 
1203.08 6.96361e-15 
1203.09 6.1605e-15 
1203.1 5.44788e-15 
1203.11 4.81582e-15 
1203.12 4.25542e-15 
1203.13 3.75877e-15 
1203.14 3.31878e-15 
1203.15 2.92915e-15 
1203.16 2.58426e-15 
1203.17 2.27908e-15 
1203.18 2.00916e-15 
1203.19 1.77051e-15 
1203.2 1.55961e-15 
1203.21 1.37328e-15 
1203.22 1.20875e-15 
1203.23 1.06181e-15 
1203.24 9.33857e-16 
1203.25 8.21004e-16 
1203.26 7.21506e-16 
1203.27 6.33819e-16 
1203.28 5.56571e-16 
1203.29 4.88547e-16 
1203.3 4.2867e-16 
1203.31 3.75984e-16 
1203.32 3.29645e-16 
1203.33 2.88904e-16 
1203.34 2.53099e-16 
1203.35 2.21646e-16 
1203.36 1.94025e-16 
1203.37 1.6978e-16 
1203.38 1.48506e-16 
1203.39 1.29848e-16 
1203.4 1.13489e-16 
1203.41 9.91523e-17 
1203.41 8.6593e-17 
1203.42 7.5595e-17 
1203.43 6.59681e-17 
1203.44 5.75447e-17 
1203.45 5.01772e-17 
1203.46 4.37359e-17 
1203.47 3.81066e-17 
1203.48 3.31315e-17 
1203.49 2.88444e-17 
1203.5 2.51023e-17 
1203.51 2.18371e-17 
1203.52 1.89891e-17 
1203.53 1.65062e-17 
1203.54 1.43423e-17 
1203.55 1.24572e-17 
1203.56 1.08157e-17 
1203.57 9.38681e-18 
1203.58 8.1435e-18 
1203.59 7.06212e-18 
1203.6 6.12194e-18 
1203.61 5.30813e-18 
1203.62 4.59786e-18 
1203.63 3.98108e-18 
1203.64 3.44569e-18 
1203.65 2.98114e-18 
1203.66 2.57821e-18 
1203.67 2.22887e-18 
1203.68 1.92611e-18 
1203.69 1.66383e-18 
1203.7 1.4367e-18 
1203.71 1.24009e-18 
1203.72 1.06997e-18 
1203.73 9.21118e-19 
1203.74 7.9413e-19 
1203.75 6.84381e-19 
1203.76 5.8957e-19 
1203.77 5.07695e-19 
1203.78 4.37019e-19 
1203.79 3.76035e-19 
1203.8 3.23435e-19 
1203.81 2.78083e-19 
1203.82 2.38998e-19 
1203.83 2.05326e-19 
1203.83 1.76329e-19 
1203.84 1.51368e-19 
1203.85 1.29889e-19 
1203.86 1.11415e-19 
1203.87 9.55312e-20 
1203.88 8.18797e-20 
1203.89 7.01516e-20 
1203.9 6.008e-20 
1203.91 5.14342e-20 
1203.92 4.40154e-20 
1203.93 3.76519e-20 
1203.94 3.21959e-20 
1203.95 2.75197e-20 
1203.96 2.35135e-20 
1203.97 2.00827e-20 
1203.98 1.71119e-20 
1203.99 1.46036e-20 
1204 1.24581e-20 
1204.01 1.06237e-20 
1204.02 9.05586e-21 
1204.03 7.71638e-21 
1204.04 6.57246e-21 
1204.05 5.59593e-21 
1204.06 4.76264e-21 
1204.07 4.05184e-21 
1204.08 3.44578e-21 
1204.09 2.92923e-21 
1204.1 2.48914e-21 
1204.11 2.11435e-21 
1204.12 1.79529e-21 
1204.13 1.52377e-21 
1204.14 1.29282e-21 
1204.15 1.09644e-21 
1204.16 9.29531e-22 
1204.17 7.8772e-22 
1204.18 6.67284e-22 
1204.19 5.65041e-22 
1204.2 4.78277e-22 
1204.21 4.04677e-22 
1204.22 3.4227e-22 
1204.23 2.88767e-22 
1204.24 2.44043e-22 
1204.25 2.06165e-22 
1204.26 1.74098e-22 
1204.26 1.46961e-22 
1204.27 1.24006e-22 
1204.28 1.04596e-22 
1204.29 8.81888e-23 
1204.3 7.43266e-23 
1204.31 6.26189e-23 
1204.32 5.27347e-23 
1204.33 4.43934e-23 
1204.34 3.73569e-23 
1204.35 3.14234e-23 
1204.36 2.6422e-23 
1204.37 2.2208e-23 
1204.38 1.86587e-23 
1204.39 1.56706e-23 
1204.4 1.31559e-23 
1204.41 1.10404e-23 
1204.42 9.26144e-24 
1204.43 7.76611e-24 
1204.44 6.50967e-24 
1204.45 5.45437e-24 
1204.46 4.56836e-24 
1204.47 3.82478e-24 
1204.48 3.19386e-24 
1204.49 2.6719e-24 
1204.5 2.23437e-24 
1204.51 1.86776e-24 
1204.52 1.56069e-24 
1204.53 1.30359e-24 
1204.54 1.08842e-24 
1204.55 9.08417e-25 
1204.56 7.57883e-25 
1204.57 6.32047e-25 
1204.58 5.26899e-25 
1204.59 4.39071e-25 
1204.6 3.65741e-25 
1204.61 3.04538e-25 
1204.62 2.53635e-25 
1204.63 2.11027e-25 
1204.64 1.75508e-25 
1204.65 1.45911e-25 
1204.66 1.21257e-25 
1204.67 1.0073e-25 
1204.68 8.36448e-26 
1204.68 6.94304e-26 
1204.69 5.76091e-26 
1204.7 4.77819e-26 
1204.71 3.96155e-26 
1204.72 3.2755e-26 
1204.73 2.71355e-26 
1204.74 2.24713e-26 
1204.75 1.86016e-26 
1204.76 1.53922e-26 
1204.77 1.27316e-26 
1204.78 1.05268e-26 
1204.79 8.70037e-27 
1204.8 7.18805e-27 
1204.81 5.93627e-27 
1204.82 4.90058e-27 
1204.83 4.044e-27 
1204.84 3.33584e-27 
1204.85 2.75062e-27 
1204.86 2.26717e-27 
1204.87 1.86797e-27 
1204.88 1.53846e-27 
1204.89 1.26658e-27 
1204.9 1.04233e-27 
1204.91 8.57459e-28 
1204.92 7.05099e-28 
1204.93 5.79585e-28 
1204.94 4.76228e-28 
1204.95 3.91149e-28 
1204.96 3.21144e-28 
1204.97 2.63565e-28 
1204.98 2.15691e-28 
1204.99 1.7688e-28 
1205 1.44996e-28 
1205.01 1.18813e-28 
1205.02 9.73196e-29 
1205.03 7.96835e-29 
1205.04 6.52179e-29 
1205.05 5.33575e-29 
1205.06 4.3637e-29 
1205.07 3.56734e-29 
1205.08 2.91517e-29 
1205.09 2.3813e-29 
1205.1 1.94444e-29 
1205.11 1.5871e-29 
1205.11 1.29493e-29 
1205.12 1.05613e-29 
1205.13 8.61031e-30 
1205.14 7.01699e-30 
1205.15 5.71627e-30 
1205.16 4.65485e-30 
1205.17 3.78903e-30 
1205.18 3.08306e-30 
1205.19 2.50764e-30 
1205.2 2.03882e-30 
1205.21 1.657e-30 
1205.22 1.34301e-30 
1205.23 1.09036e-30 
1205.24 8.85125e-31 
1205.25 7.18237e-31 
1205.26 5.82588e-31 
1205.27 4.72373e-31 
1205.28 3.8286e-31 
1205.29 3.10187e-31 
1205.3 2.51211e-31 
1205.31 2.03369e-31 
1205.32 1.64574e-31 
1205.33 1.33127e-31 
1205.34 1.07647e-31 
1205.35 8.70099e-32 
1205.36 7.03017e-32 
1205.37 5.67797e-32 
1205.38 4.58406e-32 
1205.39 3.69946e-32 
1205.4 2.9844e-32 
1205.41 2.4066e-32 
1205.42 1.93992e-32 
1205.43 1.56312e-32 
1205.44 1.25902e-32 
1205.45 1.01368e-32 
1205.46 8.15834e-33 
1205.47 6.56345e-33 
1205.48 5.26536e-33 
1205.49 4.23153e-33 
1205.5 3.4003e-33 
1205.51 2.73128e-33 
1205.52 2.19304e-33 
1205.53 1.76018e-33 
1205.54 1.4122e-33 
1205.54 1.13258e-33 
1205.55 9.07965e-34 
1205.56 7.27613e-34 
1205.57 5.82857e-34 
1205.58 4.66718e-34 
1205.59 3.73574e-34 
1205.6 2.98902e-34 
1205.61 2.3921e-34 
1205.62 1.91246e-34 
1205.63 1.5284e-34 
1205.64 1.22099e-34 
1205.65 9.75024e-35 
1205.66 7.78305e-35 
1205.67 6.21034e-35 
1205.68 4.95348e-35 
1205.69 3.94944e-35 
1205.7 3.14769e-35 
1205.71 2.50771e-35 
1205.72 1.99708e-35 
1205.73 1.58527e-35 
1205.74 1.26147e-35 
1205.75 1.00342e-35 
1205.76 7.97845e-36 
1205.77 6.34139e-36 
1205.78 5.03826e-36 
1205.79 4.00136e-36 
1205.8 3.17661e-36 
1205.81 2.52088e-36 
1205.82 1.99972e-36 
1205.83 1.58569e-36 
1205.84 1.25689e-36 
1205.85 9.95874e-37 
1205.86 7.88757e-37 
1205.87 6.24472e-37 
1205.88 4.94211e-37 
1205.89 3.90969e-37 
1205.9 3.09174e-37 
1205.91 2.44395e-37 
1205.92 1.93114e-37 
1205.93 1.52533e-37 
1205.94 1.20433e-37 
1205.95 9.50513e-38 
1205.96 7.49894e-38 
1205.96 5.91388e-38 
1205.97 4.66203e-38 
1205.98 3.66281e-38 
1205.99 2.8852e-38 
1206 2.27178e-38 
1206.01 1.78809e-38 
1206.02 1.40683e-38 
1206.03 1.10643e-38 
1206.04 8.69834e-39 
1206.05 6.83565e-39 
1206.06 5.36974e-39 
1206.07 4.21655e-39 
1206.08 3.30972e-39 
1206.09 2.5969e-39 
1206.1 2.03681e-39 
1206.11 1.59689e-39 
1206.12 1.2515e-39 
1206.13 9.80431e-40 
1206.14 7.67773e-40 
1206.15 6.01007e-40 
1206.16 4.70279e-40 
1206.17 3.67844e-40 
1206.18 2.87608e-40 
1206.19 2.24785e-40 
1206.2 1.75618e-40 
1206.21 1.37149e-40 
1206.22 1.07066e-40 
1206.23 8.32904e-41 
1206.24 6.49698e-41 
1206.25 5.06583e-41 
1206.26 3.94858e-41 
1206.27 3.07641e-41 
1206.28 2.39594e-41 
1206.29 1.86541e-41 
1206.3 1.45175e-41 
1206.31 1.12917e-41 
1206.32 8.78054e-42 
1206.33 6.82572e-42 
1206.34 5.30251e-42 
1206.35 4.11842e-42 
1206.36 3.19776e-42 
1206.37 2.4817e-42 
1206.38 1.92538e-42 
1206.39 1.49378e-42 
1206.39 1.15747e-42 
1206.4 8.96831e-43 
1206.41 6.95044e-43 
1206.42 5.38099e-43 
1206.43 4.17587e-43 
1206.44 3.22299e-43 
1206.45 2.49431e-43 
1206.46 1.91978e-43 
1206.47 1.48538e-43 
1206.48 1.14906e-43 
1206.49 8.82818e-44 
1206.5 6.72623e-44 
1206.51 5.1848e-44 
1206.52 4.06377e-44 
1206.53 3.08286e-44 
1206.54 2.38221e-44 
1206.55 1.82169e-44 
1206.56 1.4013e-44 
1206.57 1.12104e-44 
1206.58 8.40779e-45 
1206.59 7.00649e-45 
1206.6 0 
