#energy geo_1 
1186.6 1.16308e-43 
1186.61 1.41531e-43 
1186.62 1.73761e-43 
1186.63 2.14399e-43 
1186.64 2.63444e-43 
1186.65 3.237e-43 
1186.66 3.96567e-43 
1186.67 4.87652e-43 
1186.68 5.99756e-43 
1186.69 7.3428e-43 
1186.7 9.02436e-43 
1186.71 1.10843e-42 
1186.72 1.35926e-42 
1186.73 1.66895e-42 
1186.74 2.0473e-42 
1186.75 2.50973e-42 
1186.76 3.07445e-42 
1186.77 3.76669e-42 
1186.78 4.61167e-42 
1186.79 5.64723e-42 
1186.8 6.91261e-42 
1186.81 8.45824e-42 
1186.81 1.03472e-41 
1186.82 1.26579e-41 
1186.83 1.54787e-41 
1186.84 1.89217e-41 
1186.85 2.31242e-41 
1186.86 2.82558e-41 
1186.87 3.45168e-41 
1186.88 4.21511e-41 
1186.89 5.14627e-41 
1186.9 6.28146e-41 
1186.91 7.66538e-41 
1186.92 9.35157e-41 
1186.93 1.14056e-40 
1186.94 1.39075e-40 
1186.95 1.69536e-40 
1186.96 2.06617e-40 
1186.97 2.51743e-40 
1186.98 3.07404e-40 
1186.99 3.74353e-40 
1187 4.5576e-40 
1187.01 5.54729e-40 
1187.02 6.75018e-40 
1187.03 8.21178e-40 
1187.04 9.98731e-40 
1187.05 1.21436e-39 
1187.06 1.47616e-39 
1187.07 1.79395e-39 
1187.08 2.17959e-39 
1187.09 2.64745e-39 
1187.1 3.21491e-39 
1187.11 3.90299e-39 
1187.12 4.73714e-39 
1187.13 5.74807e-39 
1187.14 6.97296e-39 
1187.15 8.4567e-39 
1187.16 1.02535e-38 
1187.17 1.24289e-38 
1187.18 1.5062e-38 
1187.19 1.82481e-38 
1187.2 2.21026e-38 
1187.21 2.67645e-38 
1187.22 3.24012e-38 
1187.23 3.93086e-38 
1187.24 4.75625e-38 
1187.24 5.75349e-38 
1187.25 6.95803e-38 
1187.26 8.41259e-38 
1187.27 1.01686e-37 
1187.28 1.2288e-37 
1187.29 1.48453e-37 
1187.3 1.79303e-37 
1187.31 2.16507e-37 
1187.32 2.61364e-37 
1187.33 3.15434e-37 
1187.34 3.80592e-37 
1187.35 4.59091e-37 
1187.36 5.53639e-37 
1187.37 6.67487e-37 
1187.38 8.0454e-37 
1187.39 9.69484e-37 
1187.4 1.16794e-36 
1187.41 1.40667e-36 
1187.42 1.69375e-36 
1187.43 2.0389e-36 
1187.44 2.45376e-36 
1187.45 2.95227e-36 
1187.46 3.55114e-36 
1187.47 4.2704e-36 
1187.48 5.14584e-36 
1187.49 6.1849e-36 
1187.5 7.43185e-36 
1187.51 8.92792e-36 
1187.52 1.07224e-35 
1187.53 1.28742e-35 
1187.54 1.5454e-35 
1187.55 1.85458e-35 
1187.56 2.22506e-35 
1187.57 2.66885e-35 
1187.58 3.20035e-35 
1187.59 3.8367e-35 
1187.6 4.59839e-35 
1187.61 5.51334e-35 
1187.62 6.60451e-35 
1187.63 7.9096e-35 
1187.64 9.47016e-35 
1187.65 1.13357e-34 
1187.66 1.35653e-34 
1187.66 1.62292e-34 
1187.67 1.94112e-34 
1187.68 2.32112e-34 
1187.69 2.77479e-34 
1187.7 3.31629e-34 
1187.71 3.96244e-34 
1187.72 4.73327e-34 
1187.73 5.66515e-34 
1187.74 6.76371e-34 
1187.75 8.07324e-34 
1187.76 9.63383e-34 
1187.77 1.14931e-33 
1187.78 1.37077e-33 
1187.79 1.63449e-33 
1187.8 1.94844e-33 
1187.81 2.3221e-33 
1187.82 2.7667e-33 
1187.83 3.29558e-33 
1187.84 3.92456e-33 
1187.85 4.67237e-33 
1187.86 5.56126e-33 
1187.87 6.61755e-33 
1187.88 7.87244e-33 
1187.89 9.36289e-33 
1187.9 1.11327e-32 
1187.91 1.32336e-32 
1187.92 1.57269e-32 
1187.93 1.86852e-32 
1187.94 2.21942e-32 
1187.95 2.63555e-32 
1187.96 3.1289e-32 
1187.97 3.71364e-32 
1187.98 4.41595e-32 
1187.99 5.23852e-32 
1188 6.2127e-32 
1188.01 7.36616e-32 
1188.02 8.73153e-32 
1188.03 1.03473e-31 
1188.04 1.2259e-31 
1188.05 1.452e-31 
1188.06 1.71938e-31 
1188.07 2.03546e-31 
1188.08 2.40903e-31 
1188.09 2.85043e-31 
1188.09 3.37184e-31 
1188.1 3.9876e-31 
1188.11 4.7146e-31 
1188.12 5.57272e-31 
1188.13 6.58533e-31 
1188.14 7.77994e-31 
1188.15 9.1889e-31 
1188.16 1.08502e-30 
1188.17 1.28087e-30 
1188.18 1.51167e-30 
1188.19 1.7836e-30 
1188.2 2.10391e-30 
1188.21 2.4811e-30 
1188.22 2.92517e-30 
1188.23 3.45491e-30 
1188.24 4.07117e-30 
1188.25 4.79611e-30 
1188.26 5.64869e-30 
1188.27 6.65113e-30 
1188.28 7.82944e-30 
1188.29 9.21414e-30 
1188.3 1.08409e-29 
1188.31 1.27517e-29 
1188.32 1.49954e-29 
1188.33 1.76293e-29 
1188.34 2.07206e-29 
1188.35 2.43476e-29 
1188.36 2.86022e-29 
1188.37 3.35916e-29 
1188.38 3.94413e-29 
1188.39 4.62977e-29 
1188.4 5.43321e-29 
1188.41 6.37444e-29 
1188.42 7.4768e-29 
1188.43 8.76754e-29 
1188.44 1.02785e-28 
1188.45 1.20467e-28 
1188.46 1.41155e-28 
1188.47 1.65353e-28 
1188.48 1.94032e-28 
1188.49 2.27177e-28 
1188.5 2.65916e-28 
1188.51 3.1118e-28 
1188.52 3.64057e-28 
1188.52 4.25808e-28 
1188.53 4.97906e-28 
1188.54 5.82063e-28 
1188.55 6.80269e-28 
1188.56 7.9484e-28 
1188.57 9.28468e-28 
1188.58 1.08428e-27 
1188.59 1.26592e-27 
1188.6 1.47853e-27 
1188.61 1.72533e-27 
1188.62 2.01281e-27 
1188.63 2.34758e-27 
1188.64 2.73733e-27 
1188.65 3.19096e-27 
1188.66 3.71882e-27 
1188.67 4.33288e-27 
1188.68 5.04704e-27 
1188.69 5.87741e-27 
1188.7 6.84263e-27 
1188.71 7.96432e-27 
1188.72 9.2675e-27 
1188.73 1.08015e-26 
1188.74 1.25625e-26 
1188.75 1.46067e-26 
1188.76 1.69793e-26 
1188.77 1.97322e-26 
1188.78 2.29254e-26 
1188.79 2.66287e-26 
1188.8 3.09222e-26 
1188.81 3.58987e-26 
1188.82 4.16654e-26 
1188.83 4.8346e-26 
1188.84 5.60835e-26 
1188.85 6.50425e-26 
1188.86 7.54134e-26 
1188.87 8.74153e-26 
1188.88 1.01301e-25 
1188.89 1.17363e-25 
1188.9 1.35936e-25 
1188.91 1.57409e-25 
1188.92 1.82226e-25 
1188.93 2.10902e-25 
1188.94 2.44028e-25 
1188.94 2.82284e-25 
1188.95 3.26453e-25 
1188.96 3.77437e-25 
1188.97 4.36272e-25 
1188.98 5.05059e-25 
1188.99 5.83484e-25 
1189 6.73915e-25 
1189.01 7.78162e-25 
1189.02 8.98303e-25 
1189.03 1.03673e-24 
1189.04 1.19617e-24 
1189.05 1.37979e-24 
1189.06 1.59118e-24 
1189.07 1.83449e-24 
1189.08 2.11445e-24 
1189.09 2.43652e-24 
1189.1 2.80692e-24 
1189.11 3.2328e-24 
1189.12 3.72235e-24 
1189.13 4.28492e-24 
1189.14 4.93125e-24 
1189.15 5.67361e-24 
1189.16 6.52605e-24 
1189.17 7.50465e-24 
1189.18 8.62776e-24 
1189.19 9.91641e-24 
1189.2 1.13946e-23 
1189.21 1.30898e-23 
1189.22 1.50333e-23 
1189.23 1.72908e-23 
1189.24 1.98478e-23 
1189.25 2.2777e-23 
1189.26 2.61319e-23 
1189.27 2.99733e-23 
1189.28 3.43704e-23 
1189.29 3.94026e-23 
1189.3 4.51598e-23 
1189.31 5.1745e-23 
1189.32 5.92753e-23 
1189.33 6.78839e-23 
1189.34 7.77228e-23 
1189.35 8.89649e-23 
1189.36 1.01807e-22 
1189.36 1.16473e-22 
1189.37 1.33217e-22 
1189.38 1.52329e-22 
1189.39 1.74139e-22 
1189.4 1.9902e-22 
1189.41 2.27398e-22 
1189.42 2.59755e-22 
1189.43 2.9664e-22 
1189.44 3.38676e-22 
1189.45 3.86569e-22 
1189.46 4.41122e-22 
1189.47 5.03244e-22 
1189.48 5.7491e-22 
1189.49 6.55534e-22 
1189.5 7.47272e-22 
1189.51 8.5163e-22 
1189.52 9.70313e-22 
1189.53 1.10525e-21 
1189.54 1.25863e-21 
1189.55 1.43293e-21 
1189.56 1.63094e-21 
1189.57 1.85585e-21 
1189.58 2.11122e-21 
1189.59 2.40111e-21 
1189.6 2.73012e-21 
1189.61 3.10534e-21 
1189.62 3.52902e-21 
1189.63 4.00947e-21 
1189.64 4.55417e-21 
1189.65 5.17154e-21 
1189.66 5.87109e-21 
1189.67 6.66355e-21 
1189.68 7.56104e-21 
1189.69 8.5772e-21 
1189.7 9.72743e-21 
1189.71 1.10291e-20 
1189.72 1.25017e-20 
1189.73 1.41894e-20 
1189.74 1.60757e-20 
1189.75 1.8208e-20 
1189.76 2.06179e-20 
1189.77 2.33408e-20 
1189.78 2.64164e-20 
1189.79 2.98897e-20 
1189.79 3.38109e-20 
1189.8 3.82368e-20 
1189.81 4.32309e-20 
1189.82 4.88646e-20 
1189.83 5.52184e-20 
1189.84 6.23824e-20 
1189.85 7.04577e-20 
1189.86 7.95578e-20 
1189.87 8.98103e-20 
1189.88 1.01358e-19 
1189.89 1.14361e-19 
1189.9 1.28999e-19 
1189.91 1.45473e-19 
1189.92 1.64009e-19 
1189.93 1.8486e-19 
1189.94 2.08307e-19 
1189.95 2.34669e-19 
1189.96 2.64298e-19 
1189.97 2.97593e-19 
1189.98 3.3549e-19 
1189.99 3.77557e-19 
1190 4.2479e-19 
1190.01 4.77809e-19 
1190.02 5.37307e-19 
1190.03 6.04059e-19 
1190.04 6.7893e-19 
1190.05 7.62884e-19 
1190.06 8.57e-19 
1190.07 9.62479e-19 
1190.08 1.08066e-18 
1190.09 1.21305e-18 
1190.1 1.3613e-18 
1190.11 1.52728e-18 
1190.12 1.71305e-18 
1190.13 1.92093e-18 
1190.14 2.15349e-18 
1190.15 2.41357e-18 
1190.16 2.70437e-18 
1190.17 3.02944e-18 
1190.18 3.3927e-18 
1190.19 3.79854e-18 
1190.2 4.25184e-18 
1190.21 4.75802e-18 
1190.21 5.32308e-18 
1190.22 5.96206e-18 
1190.23 6.66667e-18 
1190.24 7.45264e-18 
1190.25 8.32913e-18 
1190.26 9.30631e-18 
1190.27 1.03955e-17 
1190.28 1.16091e-17 
1190.29 1.29611e-17 
1190.3 1.44669e-17 
1190.31 1.61434e-17 
1190.32 1.80096e-17 
1190.33 2.00863e-17 
1190.34 2.23968e-17 
1190.35 2.49666e-17 
1190.36 2.78242e-17 
1190.37 3.10008e-17 
1190.38 3.45312e-17 
1190.39 3.84539e-17 
1190.4 4.28111e-17 
1190.41 4.76498e-17 
1190.42 5.30217e-17 
1190.43 5.89842e-17 
1190.44 6.56002e-17 
1190.45 7.29397e-17 
1190.46 8.10794e-17 
1190.47 9.01044e-17 
1190.48 1.0024e-16 
1190.49 1.1134e-16 
1190.5 1.23638e-16 
1190.51 1.37258e-16 
1190.52 1.5234e-16 
1190.53 1.69036e-16 
1190.54 1.87513e-16 
1190.55 2.07957e-16 
1190.56 2.3057e-16 
1190.57 2.55577e-16 
1190.58 2.83223e-16 
1190.59 3.13779e-16 
1190.6 3.47542e-16 
1190.61 3.85079e-16 
1190.62 4.26295e-16 
1190.63 4.71801e-16 
1190.64 5.22031e-16 
1190.64 5.77461e-16 
1190.65 6.38612e-16 
1190.66 7.06057e-16 
1190.67 7.80424e-16 
1190.68 8.62403e-16 
1190.69 9.52748e-16 
1190.7 1.05229e-15 
1190.71 1.16193e-15 
1190.72 1.28266e-15 
1190.73 1.41732e-15 
1190.74 1.56379e-15 
1190.75 1.72495e-15 
1190.76 1.90222e-15 
1190.77 2.09718e-15 
1190.78 2.31152e-15 
1190.79 2.54712e-15 
1190.8 2.80601e-15 
1190.81 3.09041e-15 
1190.82 3.40277e-15 
1190.83 3.74574e-15 
1190.84 4.12222e-15 
1190.85 4.53537e-15 
1190.86 4.98865e-15 
1190.87 5.48582e-15 
1190.88 6.03099e-15 
1190.89 6.62864e-15 
1190.9 7.28363e-15 
1190.91 8.0013e-15 
1190.92 8.78742e-15 
1190.93 9.64829e-15 
1190.94 1.05908e-14 
1190.95 1.16224e-14 
1190.96 1.27511e-14 
1190.97 1.39859e-14 
1190.98 1.53541e-14 
1190.99 1.68322e-14 
1191 1.8448e-14 
1191.01 2.02136e-14 
1191.02 2.21426e-14 
1191.03 2.42493e-14 
1191.04 2.65498e-14 
1191.05 2.90609e-14 
1191.06 3.18015e-14 
1191.07 3.47915e-14 
1191.07 3.80529e-14 
1191.08 4.16093e-14 
1191.09 4.54865e-14 
1191.1 4.97121e-14 
1191.11 5.43163e-14 
1191.12 5.93317e-14 
1191.13 6.47936e-14 
1191.14 7.07401e-14 
1191.15 7.72125e-14 
1191.16 8.42554e-14 
1191.17 9.19172e-14 
1191.18 1.0025e-13 
1191.19 1.0931e-13 
1191.2 1.19158e-13 
1191.21 1.2986e-13 
1191.22 1.41487e-13 
1191.23 1.5428e-13 
1191.24 1.68007e-13 
1191.25 1.82908e-13 
1191.26 1.99079e-13 
1191.27 2.16625e-13 
1191.28 2.35656e-13 
1191.29 2.56293e-13 
1191.3 2.78666e-13 
1191.31 3.02914e-13 
1191.32 3.29188e-13 
1191.33 3.57648e-13 
1191.34 3.8847e-13 
1191.35 4.21839e-13 
1191.36 4.57957e-13 
1191.37 4.9704e-13 
1191.38 5.39319e-13 
1191.39 5.85044e-13 
1191.4 6.34484e-13 
1191.41 6.87924e-13 
1191.42 7.45674e-13 
1191.43 8.08065e-13 
1191.44 8.7545e-13 
1191.45 9.48212e-13 
1191.46 1.02676e-12 
1191.47 1.11152e-12 
1191.48 1.20421e-12 
1191.49 1.3029e-12 
1191.49 1.40938e-12 
1191.5 1.52416e-12 
1191.51 1.64786e-12 
1191.52 1.78115e-12 
1191.53 1.92473e-12 
1191.54 2.07935e-12 
1191.55 2.24581e-12 
1191.56 2.42497e-12 
1191.57 2.61775e-12 
1191.58 2.82513e-12 
1191.59 3.04816e-12 
1191.6 3.29e-12 
1191.61 3.5479e-12 
1191.62 3.82504e-12 
1191.63 4.12277e-12 
1191.64 4.44253e-12 
1191.65 4.78586e-12 
1191.66 5.1544e-12 
1191.67 5.54989e-12 
1191.68 5.9742e-12 
1191.69 6.42929e-12 
1191.7 6.91728e-12 
1191.71 7.44039e-12 
1191.72 8.001e-12 
1191.73 8.60942e-12 
1191.74 9.25333e-12 
1191.75 9.94285e-12 
1191.76 1.0681e-11 
1191.77 1.1471e-11 
1191.78 1.23163e-11 
1191.79 1.32204e-11 
1191.8 1.41873e-11 
1191.81 1.5221e-11 
1191.82 1.63259e-11 
1191.83 1.75064e-11 
1191.84 1.87674e-11 
1191.85 2.01142e-11 
1191.86 2.1552e-11 
1191.87 2.30867e-11 
1191.88 2.47243e-11 
1191.89 2.64713e-11 
1191.9 2.83345e-11 
1191.91 3.03209e-11 
1191.92 3.24384e-11 
1191.92 3.46947e-11 
1191.93 3.70985e-11 
1191.94 3.96587e-11 
1191.95 4.23846e-11 
1191.96 4.52863e-11 
1191.97 4.83742e-11 
1191.98 5.17017e-11 
1191.99 5.51985e-11 
1192 5.89166e-11 
1192.01 6.28691e-11 
1192.02 6.70695e-11 
1192.03 7.15321e-11 
1192.04 7.62721e-11 
1192.05 8.13053e-11 
1192.06 8.66483e-11 
1192.07 9.23188e-11 
1192.08 9.83351e-11 
1192.09 1.04717e-10 
1192.1 1.11483e-10 
1192.11 1.18657e-10 
1192.12 1.2626e-10 
1192.13 1.34316e-10 
1192.14 1.42849e-10 
1192.15 1.51884e-10 
1192.16 1.6145e-10 
1192.17 1.71575e-10 
1192.18 1.82287e-10 
1192.19 1.93619e-10 
1192.2 2.05602e-10 
1192.21 2.1827e-10 
1192.22 2.3166e-10 
1192.23 2.4599e-10 
1192.24 2.60945e-10 
1192.25 2.76739e-10 
1192.26 2.93413e-10 
1192.27 3.11011e-10 
1192.28 3.29581e-10 
1192.29 3.49169e-10 
1192.3 3.69827e-10 
1192.31 3.91607e-10 
1192.32 4.14562e-10 
1192.33 4.3875e-10 
1192.34 4.64231e-10 
1192.34 4.91065e-10 
1192.35 5.19316e-10 
1192.36 5.49052e-10 
1192.37 5.80342e-10 
1192.38 6.13257e-10 
1192.39 6.47873e-10 
1192.4 6.84267e-10 
1192.41 7.22519e-10 
1192.42 7.62714e-10 
1192.43 8.04938e-10 
1192.44 8.49282e-10 
1192.45 8.95838e-10 
1192.46 9.44704e-10 
1192.47 9.95979e-10 
1192.48 1.05046e-09 
1192.49 1.1069e-09 
1192.5 1.16608e-09 
1192.51 1.2281e-09 
1192.52 1.29309e-09 
1192.53 1.36117e-09 
1192.54 1.43247e-09 
1192.55 1.50711e-09 
1192.56 1.58524e-09 
1192.57 1.66699e-09 
1192.58 1.7525e-09 
1192.59 1.84193e-09 
1192.6 1.93542e-09 
1192.61 2.03441e-09 
1192.62 2.13657e-09 
1192.63 2.24329e-09 
1192.64 2.35474e-09 
1192.65 2.47109e-09 
1192.66 2.59252e-09 
1192.67 2.71921e-09 
1192.68 2.85137e-09 
1192.69 2.98918e-09 
1192.7 3.13285e-09 
1192.71 3.28258e-09 
1192.72 3.43859e-09 
1192.73 3.60315e-09 
1192.74 3.77244e-09 
1192.75 3.94867e-09 
1192.76 4.13207e-09 
1192.77 4.32287e-09 
1192.77 4.52133e-09 
1192.78 4.72768e-09 
1192.79 4.94217e-09 
1192.8 5.16508e-09 
1192.81 5.39665e-09 
1192.82 5.63715e-09 
1192.83 5.88686e-09 
1192.84 6.14606e-09 
1192.85 6.41501e-09 
1192.86 6.69402e-09 
1192.87 6.98337e-09 
1192.88 7.28335e-09 
1192.89 7.59427e-09 
1192.9 7.91643e-09 
1192.91 8.25014e-09 
1192.92 8.5957e-09 
1192.93 8.95343e-09 
1192.94 9.32366e-09 
1192.95 9.70671e-09 
1192.96 1.01029e-08 
1192.97 1.05126e-08 
1192.98 1.09414e-08 
1192.99 1.13792e-08 
1193 1.18314e-08 
1193.01 1.22985e-08 
1193.02 1.27807e-08 
1193.03 1.32784e-08 
1193.04 1.3792e-08 
1193.05 1.43217e-08 
1193.06 1.4868e-08 
1193.07 1.54311e-08 
1193.08 1.60115e-08 
1193.09 1.66094e-08 
1193.1 1.72252e-08 
1193.11 1.78592e-08 
1193.12 1.85119e-08 
1193.13 1.91834e-08 
1193.14 1.98742e-08 
1193.15 2.05847e-08 
1193.16 2.1315e-08 
1193.17 2.20655e-08 
1193.18 2.28367e-08 
1193.19 2.36287e-08 
1193.19 2.44419e-08 
1193.2 2.52766e-08 
1193.21 2.6133e-08 
1193.22 2.70229e-08 
1193.23 2.79239e-08 
1193.24 2.88478e-08 
1193.25 2.97945e-08 
1193.26 3.07645e-08 
1193.27 3.17578e-08 
1193.28 3.27748e-08 
1193.29 3.38157e-08 
1193.3 3.48807e-08 
1193.31 3.597e-08 
1193.32 3.70837e-08 
1193.33 3.82222e-08 
1193.34 3.93854e-08 
1193.35 4.05737e-08 
1193.36 4.1787e-08 
1193.37 4.30256e-08 
1193.38 4.42895e-08 
1193.39 4.55789e-08 
1193.4 4.68937e-08 
1193.41 4.82341e-08 
1193.42 4.96e-08 
1193.43 5.09915e-08 
1193.44 5.24086e-08 
1193.45 5.38513e-08 
1193.46 5.53194e-08 
1193.47 5.6813e-08 
1193.48 5.83511e-08 
1193.49 5.98955e-08 
1193.5 6.1465e-08 
1193.51 6.30595e-08 
1193.52 6.46787e-08 
1193.53 6.63225e-08 
1193.54 6.79906e-08 
1193.55 6.96827e-08 
1193.56 7.13986e-08 
1193.57 7.31379e-08 
1193.58 7.49004e-08 
1193.59 7.66856e-08 
1193.6 7.84933e-08 
1193.61 8.03728e-08 
1193.62 8.22251e-08 
1193.62 8.40985e-08 
1193.63 8.59925e-08 
1193.64 8.79065e-08 
1193.65 8.98401e-08 
1193.66 9.17926e-08 
1193.67 9.37635e-08 
1193.68 9.57521e-08 
1193.69 9.77577e-08 
1193.7 9.97797e-08 
1193.71 1.01817e-07 
1193.72 1.0387e-07 
1193.73 1.05963e-07 
1193.74 1.08043e-07 
1193.75 1.10136e-07 
1193.76 1.12241e-07 
1193.77 1.14356e-07 
1193.78 1.16481e-07 
1193.79 1.18616e-07 
1193.8 1.20758e-07 
1193.81 1.22908e-07 
1193.82 1.25064e-07 
1193.83 1.27224e-07 
1193.84 1.29389e-07 
1193.85 1.31557e-07 
1193.86 1.33728e-07 
1193.87 1.35898e-07 
1193.88 1.38069e-07 
1193.89 1.40238e-07 
1193.9 1.42405e-07 
1193.91 1.44568e-07 
1193.92 1.46727e-07 
1193.93 1.48879e-07 
1193.94 1.51024e-07 
1193.95 1.53161e-07 
1193.96 1.55288e-07 
1193.97 1.57404e-07 
1193.98 1.59534e-07 
1193.99 1.61625e-07 
1194 1.63701e-07 
1194.01 1.65761e-07 
1194.02 1.67804e-07 
1194.03 1.69828e-07 
1194.04 1.71833e-07 
1194.05 1.73816e-07 
1194.05 1.75778e-07 
1194.06 1.77716e-07 
1194.07 1.79629e-07 
1194.08 1.81516e-07 
1194.09 1.83376e-07 
1194.1 1.85208e-07 
1194.11 1.87009e-07 
1194.12 1.8878e-07 
1194.13 1.90519e-07 
1194.14 1.92225e-07 
1194.15 1.93896e-07 
1194.16 1.95531e-07 
1194.17 1.97129e-07 
1194.18 1.9869e-07 
1194.19 2.00212e-07 
1194.2 2.01693e-07 
1194.21 2.03134e-07 
1194.22 2.04532e-07 
1194.23 2.05904e-07 
1194.24 2.07215e-07 
1194.25 2.0848e-07 
1194.26 2.097e-07 
1194.27 2.10872e-07 
1194.28 2.11997e-07 
1194.29 2.13074e-07 
1194.3 2.14101e-07 
1194.31 2.15078e-07 
1194.32 2.16004e-07 
1194.33 2.16878e-07 
1194.34 2.17701e-07 
1194.35 2.18471e-07 
1194.36 2.19188e-07 
1194.37 2.1985e-07 
1194.38 2.20459e-07 
1194.39 2.21013e-07 
1194.4 2.21512e-07 
1194.41 2.21955e-07 
1194.42 2.22343e-07 
1194.43 2.22674e-07 
1194.44 2.2295e-07 
1194.45 2.23169e-07 
1194.46 2.23331e-07 
1194.47 2.23437e-07 
1194.47 2.23487e-07 
1194.48 2.23479e-07 
1194.49 2.23415e-07 
1194.5 2.23294e-07 
1194.51 2.23117e-07 
1194.52 2.22883e-07 
1194.53 2.22594e-07 
1194.54 2.2225e-07 
1194.55 2.2185e-07 
1194.56 2.21396e-07 
1194.57 2.20887e-07 
1194.58 2.20325e-07 
1194.59 2.19709e-07 
1194.6 2.1904e-07 
1194.61 2.18455e-07 
1194.62 2.17682e-07 
1194.63 2.16859e-07 
1194.64 2.15985e-07 
1194.65 2.15063e-07 
1194.66 2.14092e-07 
1194.67 2.13073e-07 
1194.68 2.12008e-07 
1194.69 2.10897e-07 
1194.7 2.09741e-07 
1194.71 2.08542e-07 
1194.72 2.07301e-07 
1194.73 2.06001e-07 
1194.74 2.04677e-07 
1194.75 2.03314e-07 
1194.76 2.01914e-07 
1194.77 2.00476e-07 
1194.78 1.99004e-07 
1194.79 1.97497e-07 
1194.8 1.95958e-07 
1194.81 1.94387e-07 
1194.82 1.92787e-07 
1194.83 1.91158e-07 
1194.84 1.89502e-07 
1194.85 1.87821e-07 
1194.86 1.86115e-07 
1194.87 1.84388e-07 
1194.88 1.82639e-07 
1194.89 1.80871e-07 
1194.9 1.79085e-07 
1194.9 1.77283e-07 
1194.91 1.75467e-07 
1194.92 1.73638e-07 
1194.93 1.71798e-07 
1194.94 1.69948e-07 
1194.95 1.6809e-07 
1194.96 1.66227e-07 
1194.97 1.64359e-07 
1194.98 1.62465e-07 
1194.99 1.60594e-07 
1195 1.58724e-07 
1195.01 1.56856e-07 
1195.02 1.54993e-07 
1195.03 1.53137e-07 
1195.04 1.51288e-07 
1195.05 1.4945e-07 
1195.06 1.47623e-07 
1195.07 1.4581e-07 
1195.08 1.44012e-07 
1195.09 1.42232e-07 
1195.1 1.40471e-07 
1195.11 1.38731e-07 
1195.12 1.37013e-07 
1195.13 1.3532e-07 
1195.14 1.33654e-07 
1195.15 1.32016e-07 
1195.16 1.30409e-07 
1195.17 1.28833e-07 
1195.18 1.27292e-07 
1195.19 1.25786e-07 
1195.2 1.24318e-07 
1195.21 1.22889e-07 
1195.22 1.21502e-07 
1195.23 1.20142e-07 
1195.24 1.18844e-07 
1195.25 1.17593e-07 
1195.26 1.16391e-07 
1195.27 1.1524e-07 
1195.28 1.14141e-07 
1195.29 1.13097e-07 
1195.3 1.12109e-07 
1195.31 1.11179e-07 
1195.32 1.1031e-07 
1195.32 1.09502e-07 
1195.33 1.08758e-07 
1195.34 1.0808e-07 
1195.35 1.07469e-07 
1195.36 1.06927e-07 
1195.37 1.06456e-07 
1195.38 1.06058e-07 
1195.39 1.05735e-07 
1195.4 1.05488e-07 
1195.41 1.0532e-07 
1195.42 1.05231e-07 
1195.43 1.05225e-07 
1195.44 1.05302e-07 
1195.45 1.05465e-07 
1195.46 1.05715e-07 
1195.47 1.06054e-07 
1195.48 1.06489e-07 
1195.49 1.07013e-07 
1195.5 1.0763e-07 
1195.51 1.08343e-07 
1195.52 1.09154e-07 
1195.53 1.10064e-07 
1195.54 1.11075e-07 
1195.55 1.12189e-07 
1195.56 1.13407e-07 
1195.57 1.14731e-07 
1195.58 1.16162e-07 
1195.59 1.17702e-07 
1195.6 1.19353e-07 
1195.61 1.2119e-07 
1195.62 1.23068e-07 
1195.63 1.2506e-07 
1195.64 1.27169e-07 
1195.65 1.29396e-07 
1195.66 1.31742e-07 
1195.67 1.34209e-07 
1195.68 1.36798e-07 
1195.69 1.3951e-07 
1195.7 1.42347e-07 
1195.71 1.45309e-07 
1195.72 1.48398e-07 
1195.73 1.51657e-07 
1195.74 1.55004e-07 
1195.75 1.58482e-07 
1195.75 1.62091e-07 
1195.76 1.65832e-07 
1195.77 1.69705e-07 
1195.78 1.73713e-07 
1195.79 1.77854e-07 
1195.8 1.82131e-07 
1195.81 1.86543e-07 
1195.82 1.91092e-07 
1195.83 1.95777e-07 
1195.84 2.00599e-07 
1195.85 2.05559e-07 
1195.86 2.10657e-07 
1195.87 2.15893e-07 
1195.88 2.21267e-07 
1195.89 2.26779e-07 
1195.9 2.3243e-07 
1195.91 2.38218e-07 
1195.92 2.44145e-07 
1195.93 2.50209e-07 
1195.94 2.5641e-07 
1195.95 2.62749e-07 
1195.96 2.69224e-07 
1195.97 2.75834e-07 
1195.98 2.82665e-07 
1195.99 2.89547e-07 
1196 2.96562e-07 
1196.01 3.03709e-07 
1196.02 3.10987e-07 
1196.03 3.18396e-07 
1196.04 3.25933e-07 
1196.05 3.33598e-07 
1196.06 3.41389e-07 
1196.07 3.49304e-07 
1196.08 3.57342e-07 
1196.09 3.655e-07 
1196.1 3.73778e-07 
1196.11 3.82173e-07 
1196.12 3.90683e-07 
1196.13 3.99305e-07 
1196.14 4.08038e-07 
1196.15 4.1688e-07 
1196.16 4.25827e-07 
1196.17 4.34877e-07 
1196.17 4.44028e-07 
1196.18 4.53277e-07 
1196.19 4.62621e-07 
1196.2 4.72057e-07 
1196.21 4.81582e-07 
1196.22 4.91314e-07 
1196.23 5.01008e-07 
1196.24 5.10782e-07 
1196.25 5.20633e-07 
1196.26 5.30556e-07 
1196.27 5.40549e-07 
1196.28 5.50608e-07 
1196.29 5.60729e-07 
1196.3 5.70908e-07 
1196.31 5.81143e-07 
1196.32 5.91428e-07 
1196.33 6.01761e-07 
1196.34 6.12137e-07 
1196.35 6.22552e-07 
1196.36 6.33003e-07 
1196.37 6.43485e-07 
1196.38 6.53995e-07 
1196.39 6.64527e-07 
1196.4 6.75079e-07 
1196.41 6.85647e-07 
1196.42 6.96225e-07 
1196.43 7.0681e-07 
1196.44 7.17397e-07 
1196.45 7.27983e-07 
1196.46 7.38564e-07 
1196.47 7.49134e-07 
1196.48 7.59822e-07 
1196.49 7.7036e-07 
1196.5 7.80876e-07 
1196.51 7.91365e-07 
1196.52 8.01824e-07 
1196.53 8.12248e-07 
1196.54 8.22633e-07 
1196.55 8.32976e-07 
1196.56 8.43273e-07 
1196.57 8.53519e-07 
1196.58 8.63711e-07 
1196.59 8.73844e-07 
1196.6 8.83916e-07 
1196.6 8.94477e-07 
1196.61 9.04421e-07 
1196.62 9.14292e-07 
1196.63 9.24086e-07 
1196.64 9.33801e-07 
1196.65 9.43433e-07 
1196.66 9.52979e-07 
1196.67 9.62436e-07 
1196.68 9.718e-07 
1196.69 9.81068e-07 
1196.7 9.90238e-07 
1196.71 9.99307e-07 
1196.72 1.00827e-06 
1196.73 1.01724e-06 
1196.74 1.02599e-06 
1196.75 1.03462e-06 
1196.76 1.04314e-06 
1196.77 1.05155e-06 
1196.78 1.05983e-06 
1196.79 1.06799e-06 
1196.8 1.07603e-06 
1196.81 1.08395e-06 
1196.82 1.09174e-06 
1196.83 1.0994e-06 
1196.84 1.10693e-06 
1196.85 1.11433e-06 
1196.86 1.12159e-06 
1196.87 1.12872e-06 
1196.88 1.13571e-06 
1196.89 1.14256e-06 
1196.9 1.14928e-06 
1196.91 1.15586e-06 
1196.92 1.16229e-06 
1196.93 1.16858e-06 
1196.94 1.17473e-06 
1196.95 1.18074e-06 
1196.96 1.1866e-06 
1196.97 1.19231e-06 
1196.98 1.19795e-06 
1196.99 1.20337e-06 
1197 1.20864e-06 
1197.01 1.21377e-06 
1197.02 1.21874e-06 
1197.03 1.22357e-06 
1197.03 1.22825e-06 
1197.04 1.23277e-06 
1197.05 1.23715e-06 
1197.06 1.24138e-06 
1197.07 1.24546e-06 
1197.08 1.24938e-06 
1197.09 1.25316e-06 
1197.1 1.25678e-06 
1197.11 1.26025e-06 
1197.12 1.26357e-06 
1197.13 1.26674e-06 
1197.14 1.26976e-06 
1197.15 1.27262e-06 
1197.16 1.27533e-06 
1197.17 1.27789e-06 
1197.18 1.28029e-06 
1197.19 1.28254e-06 
1197.2 1.28464e-06 
1197.21 1.28658e-06 
1197.22 1.28837e-06 
1197.23 1.29003e-06 
1197.24 1.29151e-06 
1197.25 1.29283e-06 
1197.26 1.294e-06 
1197.27 1.29501e-06 
1197.28 1.29587e-06 
1197.29 1.29657e-06 
1197.3 1.29712e-06 
1197.31 1.29751e-06 
1197.32 1.29774e-06 
1197.33 1.29782e-06 
1197.34 1.29773e-06 
1197.35 1.29749e-06 
1197.36 1.29709e-06 
1197.37 1.29654e-06 
1197.38 1.29582e-06 
1197.39 1.29494e-06 
1197.4 1.29391e-06 
1197.41 1.29271e-06 
1197.42 1.29135e-06 
1197.43 1.28983e-06 
1197.44 1.28815e-06 
1197.45 1.28631e-06 
1197.45 1.28431e-06 
1197.46 1.28214e-06 
1197.47 1.27981e-06 
1197.48 1.27729e-06 
1197.49 1.27463e-06 
1197.5 1.27181e-06 
1197.51 1.26882e-06 
1197.52 1.26568e-06 
1197.53 1.26237e-06 
1197.54 1.25889e-06 
1197.55 1.25526e-06 
1197.56 1.25146e-06 
1197.57 1.24749e-06 
1197.58 1.24337e-06 
1197.59 1.23908e-06 
1197.6 1.23463e-06 
1197.61 1.23078e-06 
1197.62 1.226e-06 
1197.63 1.22107e-06 
1197.64 1.21597e-06 
1197.65 1.21072e-06 
1197.66 1.20531e-06 
1197.67 1.19974e-06 
1197.68 1.19402e-06 
1197.69 1.18814e-06 
1197.7 1.18211e-06 
1197.71 1.17593e-06 
1197.72 1.1696e-06 
1197.73 1.16304e-06 
1197.74 1.15641e-06 
1197.75 1.14964e-06 
1197.76 1.14273e-06 
1197.77 1.13568e-06 
1197.78 1.12849e-06 
1197.79 1.12117e-06 
1197.8 1.11371e-06 
1197.81 1.10613e-06 
1197.82 1.09841e-06 
1197.83 1.09058e-06 
1197.84 1.08262e-06 
1197.85 1.07454e-06 
1197.86 1.06635e-06 
1197.87 1.05805e-06 
1197.88 1.04965e-06 
1197.88 1.04114e-06 
1197.89 1.03252e-06 
1197.9 1.02382e-06 
1197.91 1.01502e-06 
1197.92 1.00613e-06 
1197.93 9.97161e-07 
1197.94 9.88112e-07 
1197.95 9.78987e-07 
1197.96 9.69792e-07 
1197.97 9.60531e-07 
1197.98 9.51091e-07 
1197.99 9.41712e-07 
1198 9.32281e-07 
1198.01 9.22804e-07 
1198.02 9.13285e-07 
1198.03 9.03729e-07 
1198.04 8.94141e-07 
1198.05 8.84527e-07 
1198.06 8.74892e-07 
1198.07 8.6524e-07 
1198.08 8.55578e-07 
1198.09 8.4591e-07 
1198.1 8.36241e-07 
1198.11 8.26578e-07 
1198.12 8.16925e-07 
1198.13 8.07287e-07 
1198.14 7.97671e-07 
1198.15 7.8808e-07 
1198.16 7.78521e-07 
1198.17 7.68998e-07 
1198.18 7.59517e-07 
1198.19 7.50084e-07 
1198.2 7.40702e-07 
1198.21 7.31379e-07 
1198.22 7.22117e-07 
1198.23 7.12808e-07 
1198.24 7.03687e-07 
1198.25 6.94644e-07 
1198.26 6.85682e-07 
1198.27 6.76807e-07 
1198.28 6.68024e-07 
1198.29 6.59336e-07 
1198.3 6.50749e-07 
1198.3 6.42266e-07 
1198.31 6.33892e-07 
1198.32 6.25632e-07 
1198.33 6.17488e-07 
1198.34 6.09465e-07 
1198.35 6.01566e-07 
1198.36 5.93796e-07 
1198.37 5.86158e-07 
1198.38 5.78655e-07 
1198.39 5.7129e-07 
1198.4 5.64067e-07 
1198.41 5.56989e-07 
1198.42 5.50057e-07 
1198.43 5.43276e-07 
1198.44 5.36647e-07 
1198.45 5.30172e-07 
1198.46 5.23855e-07 
1198.47 5.17697e-07 
1198.48 5.11626e-07 
1198.49 5.05794e-07 
1198.5 5.00126e-07 
1198.51 4.94624e-07 
1198.52 4.89289e-07 
1198.53 4.84122e-07 
1198.54 4.79125e-07 
1198.55 4.74298e-07 
1198.56 4.69641e-07 
1198.57 4.65155e-07 
1198.58 4.60842e-07 
1198.59 4.56699e-07 
1198.6 4.52729e-07 
1198.61 4.49209e-07 
1198.62 4.4558e-07 
1198.63 4.42121e-07 
1198.64 4.38834e-07 
1198.65 4.35717e-07 
1198.66 4.32769e-07 
1198.67 4.29989e-07 
1198.68 4.27377e-07 
1198.69 4.2493e-07 
1198.7 4.22649e-07 
1198.71 4.20531e-07 
1198.72 4.18574e-07 
1198.73 4.16757e-07 
1198.73 4.15121e-07 
1198.74 4.13641e-07 
1198.75 4.12316e-07 
1198.76 4.11144e-07 
1198.77 4.10122e-07 
1198.78 4.09248e-07 
1198.79 4.0852e-07 
1198.8 4.07935e-07 
1198.81 4.07492e-07 
1198.82 4.07186e-07 
1198.83 4.07017e-07 
1198.84 4.06981e-07 
1198.85 4.07075e-07 
1198.86 4.07297e-07 
1198.87 4.07645e-07 
1198.88 4.08114e-07 
1198.89 4.08703e-07 
1198.9 4.09409e-07 
1198.91 4.10228e-07 
1198.92 4.11158e-07 
1198.93 4.12197e-07 
1198.94 4.13341e-07 
1198.95 4.14587e-07 
1198.96 4.15932e-07 
1198.97 4.17375e-07 
1198.98 4.18932e-07 
1198.99 4.20561e-07 
1199 4.22279e-07 
1199.01 4.24083e-07 
1199.02 4.2597e-07 
1199.03 4.27939e-07 
1199.04 4.29986e-07 
1199.05 4.3211e-07 
1199.06 4.34307e-07 
1199.07 4.36577e-07 
1199.08 4.38916e-07 
1199.09 4.41323e-07 
1199.1 4.43797e-07 
1199.11 4.46335e-07 
1199.12 4.48936e-07 
1199.13 4.51598e-07 
1199.14 4.5432e-07 
1199.15 4.57102e-07 
1199.15 4.59941e-07 
1199.16 4.62838e-07 
1199.17 4.65791e-07 
1199.18 4.68801e-07 
1199.19 4.71866e-07 
1199.2 4.74987e-07 
1199.21 4.78164e-07 
1199.22 4.81439e-07 
1199.23 4.84729e-07 
1199.24 4.88078e-07 
1199.25 4.91485e-07 
1199.26 4.94952e-07 
1199.27 4.9848e-07 
1199.28 5.02071e-07 
1199.29 5.05727e-07 
1199.3 5.0945e-07 
1199.31 5.13244e-07 
1199.32 5.17109e-07 
1199.33 5.2105e-07 
1199.34 5.2507e-07 
1199.35 5.29172e-07 
1199.36 5.33361e-07 
1199.37 5.3764e-07 
1199.38 5.42014e-07 
1199.39 5.46488e-07 
1199.4 5.51067e-07 
1199.41 5.55756e-07 
1199.42 5.60562e-07 
1199.43 5.65489e-07 
1199.44 5.70545e-07 
1199.45 5.75736e-07 
1199.46 5.81069e-07 
1199.47 5.86551e-07 
1199.48 5.92262e-07 
1199.49 5.98069e-07 
1199.5 6.04049e-07 
1199.51 6.10211e-07 
1199.52 6.16564e-07 
1199.53 6.23117e-07 
1199.54 6.29881e-07 
1199.55 6.36863e-07 
1199.56 6.44076e-07 
1199.57 6.51529e-07 
1199.58 6.59233e-07 
1199.58 6.672e-07 
1199.59 6.7544e-07 
1199.6 6.83965e-07 
1199.61 6.93216e-07 
1199.62 7.02353e-07 
1199.63 7.11812e-07 
1199.64 7.21606e-07 
1199.65 7.31747e-07 
1199.66 7.42249e-07 
1199.67 7.53124e-07 
1199.68 7.64387e-07 
1199.69 7.76051e-07 
1199.7 7.8813e-07 
1199.71 8.00638e-07 
1199.72 8.13588e-07 
1199.73 8.27167e-07 
1199.74 8.41052e-07 
1199.75 8.55424e-07 
1199.76 8.70295e-07 
1199.77 8.85682e-07 
1199.78 9.01598e-07 
1199.79 9.18059e-07 
1199.8 9.35077e-07 
1199.81 9.52667e-07 
1199.82 9.70845e-07 
1199.83 9.89623e-07 
1199.84 1.00902e-06 
1199.85 1.02904e-06 
1199.86 1.0497e-06 
1199.87 1.07102e-06 
1199.88 1.09301e-06 
1199.89 1.11568e-06 
1199.9 1.13904e-06 
1199.91 1.16311e-06 
1199.92 1.1879e-06 
1199.93 1.21341e-06 
1199.94 1.23967e-06 
1199.95 1.26667e-06 
1199.96 1.29444e-06 
1199.97 1.32298e-06 
1199.98 1.35266e-06 
1199.99 1.38277e-06 
1200 1.41367e-06 
1200.01 1.44537e-06 
1200.01 1.47788e-06 
1200.02 1.5112e-06 
1200.03 1.54534e-06 
1200.04 1.5803e-06 
1200.05 1.61607e-06 
1200.06 1.65268e-06 
1200.07 1.69011e-06 
1200.08 1.72836e-06 
1200.09 1.76744e-06 
1200.1 1.80734e-06 
1200.11 1.84806e-06 
1200.12 1.8896e-06 
1200.13 1.93194e-06 
1200.14 1.97509e-06 
1200.15 2.01904e-06 
1200.16 2.06378e-06 
1200.17 2.10929e-06 
1200.18 2.15558e-06 
1200.19 2.20261e-06 
1200.2 2.2504e-06 
1200.21 2.29891e-06 
1200.22 2.34813e-06 
1200.23 2.39868e-06 
1200.24 2.44928e-06 
1200.25 2.50054e-06 
1200.26 2.55244e-06 
1200.27 2.60495e-06 
1200.28 2.65806e-06 
1200.29 2.71173e-06 
1200.3 2.76594e-06 
1200.31 2.82067e-06 
1200.32 2.87588e-06 
1200.33 2.93154e-06 
1200.34 2.98764e-06 
1200.35 3.04412e-06 
1200.36 3.10096e-06 
1200.37 3.15813e-06 
1200.38 3.21559e-06 
1200.39 3.27331e-06 
1200.4 3.33124e-06 
1200.41 3.38934e-06 
1200.42 3.44759e-06 
1200.43 3.50593e-06 
1200.43 3.56432e-06 
1200.44 3.62273e-06 
1200.45 3.68111e-06 
1200.46 3.73942e-06 
1200.47 3.7976e-06 
1200.48 3.85635e-06 
1200.49 3.91415e-06 
1200.5 3.9717e-06 
1200.51 4.02895e-06 
1200.52 4.08584e-06 
1200.53 4.14233e-06 
1200.54 4.19837e-06 
1200.55 4.25392e-06 
1200.56 4.30891e-06 
1200.57 4.36332e-06 
1200.58 4.41708e-06 
1200.59 4.47014e-06 
1200.6 4.52247e-06 
1200.61 4.57683e-06 
1200.62 4.62755e-06 
1200.63 4.67739e-06 
1200.64 4.72629e-06 
1200.65 4.7742e-06 
1200.66 4.82109e-06 
1200.67 4.8669e-06 
1200.68 4.91159e-06 
1200.69 4.9551e-06 
1200.7 4.99741e-06 
1200.71 5.03846e-06 
1200.72 5.07822e-06 
1200.73 5.1171e-06 
1200.74 5.15412e-06 
1200.75 5.18972e-06 
1200.76 5.22387e-06 
1200.77 5.25652e-06 
1200.78 5.28764e-06 
1200.79 5.3172e-06 
1200.8 5.34516e-06 
1200.81 5.3715e-06 
1200.82 5.39619e-06 
1200.83 5.41919e-06 
1200.84 5.44048e-06 
1200.85 5.46004e-06 
1200.85 5.47784e-06 
1200.86 5.49387e-06 
1200.87 5.50809e-06 
1200.88 5.52051e-06 
1200.89 5.5311e-06 
1200.9 5.53984e-06 
1200.91 5.54674e-06 
1200.92 5.55177e-06 
1200.93 5.55492e-06 
1200.94 5.55621e-06 
1200.95 5.55561e-06 
1200.96 5.55313e-06 
1200.97 5.54877e-06 
1200.98 5.54244e-06 
1200.99 5.53431e-06 
1201 5.5243e-06 
1201.01 5.51244e-06 
1201.02 5.49873e-06 
1201.03 5.48318e-06 
1201.04 5.46581e-06 
1201.05 5.44663e-06 
1201.06 5.42567e-06 
1201.07 5.40293e-06 
1201.08 5.37845e-06 
1201.09 5.35225e-06 
1201.1 5.32434e-06 
1201.11 5.29477e-06 
1201.12 5.26355e-06 
1201.13 5.23072e-06 
1201.14 5.19631e-06 
1201.15 5.16035e-06 
1201.16 5.12287e-06 
1201.17 5.08392e-06 
1201.18 5.04352e-06 
1201.19 5.00172e-06 
1201.2 4.95856e-06 
1201.21 4.91408e-06 
1201.22 4.86831e-06 
1201.23 4.82071e-06 
1201.24 4.7725e-06 
1201.25 4.72314e-06 
1201.26 4.67267e-06 
1201.27 4.62114e-06 
1201.28 4.56861e-06 
1201.28 4.5151e-06 
1201.29 4.46068e-06 
1201.3 4.40539e-06 
1201.31 4.34928e-06 
1201.32 4.2924e-06 
1201.33 4.2348e-06 
1201.34 4.17652e-06 
1201.35 4.11761e-06 
1201.36 4.05813e-06 
1201.37 3.99813e-06 
1201.38 3.93764e-06 
1201.39 3.87672e-06 
1201.4 3.81543e-06 
1201.41 3.75379e-06 
1201.42 3.69188e-06 
1201.43 3.62972e-06 
1201.44 3.56737e-06 
1201.45 3.50488e-06 
1201.46 3.44228e-06 
1201.47 3.37963e-06 
1201.48 3.31618e-06 
1201.49 3.25355e-06 
1201.5 3.19099e-06 
1201.51 3.12854e-06 
1201.52 3.06626e-06 
1201.53 3.00416e-06 
1201.54 2.94231e-06 
1201.55 2.88072e-06 
1201.56 2.81944e-06 
1201.57 2.75851e-06 
1201.58 2.69795e-06 
1201.59 2.63781e-06 
1201.6 2.5781e-06 
1201.61 2.52044e-06 
1201.62 2.46168e-06 
1201.63 2.40345e-06 
1201.64 2.34579e-06 
1201.65 2.28871e-06 
1201.66 2.23224e-06 
1201.67 2.17641e-06 
1201.68 2.12124e-06 
1201.69 2.06675e-06 
1201.7 2.01295e-06 
1201.7 1.95987e-06 
1201.71 1.90753e-06 
1201.72 1.8553e-06 
1201.73 1.80448e-06 
1201.74 1.75445e-06 
1201.75 1.70521e-06 
1201.76 1.65677e-06 
1201.77 1.60915e-06 
1201.78 1.56235e-06 
1201.79 1.51639e-06 
1201.8 1.47126e-06 
1201.81 1.42698e-06 
1201.82 1.38356e-06 
1201.83 1.34098e-06 
1201.84 1.29926e-06 
1201.85 1.25841e-06 
1201.86 1.21841e-06 
1201.87 1.17927e-06 
1201.88 1.14099e-06 
1201.89 1.10357e-06 
1201.9 1.06701e-06 
1201.91 1.03129e-06 
1201.92 9.96427e-07 
1201.93 9.62405e-07 
1201.94 9.2922e-07 
1201.95 8.96867e-07 
1201.96 8.65338e-07 
1201.97 8.34627e-07 
1201.98 8.04357e-07 
1201.99 7.75266e-07 
1202 7.46966e-07 
1202.01 7.19449e-07 
1202.02 6.92704e-07 
1202.03 6.66721e-07 
1202.04 6.41488e-07 
1202.05 6.16995e-07 
1202.06 5.93231e-07 
1202.07 5.70182e-07 
1202.08 5.47839e-07 
1202.09 5.26187e-07 
1202.1 5.05215e-07 
1202.11 4.84909e-07 
1202.12 4.65258e-07 
1202.13 4.46247e-07 
1202.13 4.27864e-07 
1202.14 4.10095e-07 
1202.15 3.92926e-07 
1202.16 3.76346e-07 
1202.17 3.60339e-07 
1202.18 3.44892e-07 
1202.19 3.29993e-07 
1202.2 3.15627e-07 
1202.21 3.01782e-07 
1202.22 2.88282e-07 
1202.23 2.7544e-07 
1202.24 2.6308e-07 
1202.25 2.51188e-07 
1202.26 2.39749e-07 
1202.27 2.28752e-07 
1202.28 2.18183e-07 
1202.29 2.0803e-07 
1202.3 1.9828e-07 
1202.31 1.88921e-07 
1202.32 1.79941e-07 
1202.33 1.71328e-07 
1202.34 1.6307e-07 
1202.35 1.55156e-07 
1202.36 1.47575e-07 
1202.37 1.40315e-07 
1202.38 1.33366e-07 
1202.39 1.26717e-07 
1202.4 1.20358e-07 
1202.41 1.14277e-07 
1202.42 1.08466e-07 
1202.43 1.02915e-07 
1202.44 9.76133e-08 
1202.45 9.25527e-08 
1202.46 8.77238e-08 
1202.47 8.31179e-08 
1202.48 7.86728e-08 
1202.49 7.44898e-08 
1202.5 7.05046e-08 
1202.51 6.67093e-08 
1202.52 6.30963e-08 
1202.53 5.96581e-08 
1202.54 5.63877e-08 
1202.55 5.32779e-08 
1202.56 5.03221e-08 
1202.56 4.75137e-08 
1202.57 4.48463e-08 
1202.58 4.23139e-08 
1202.59 3.99106e-08 
1202.6 3.76307e-08 
1202.61 3.54906e-08 
1202.62 3.34398e-08 
1202.63 3.14965e-08 
1202.64 2.96558e-08 
1202.65 2.7913e-08 
1202.66 2.62634e-08 
1202.67 2.47027e-08 
1202.68 2.32266e-08 
1202.69 2.18311e-08 
1202.7 2.05122e-08 
1202.71 1.92664e-08 
1202.72 1.80899e-08 
1202.73 1.69658e-08 
1202.74 1.59186e-08 
1202.75 1.49308e-08 
1202.76 1.39994e-08 
1202.77 1.31216e-08 
1202.78 1.22945e-08 
1202.79 1.15155e-08 
1202.8 1.07821e-08 
1202.81 1.00919e-08 
1202.82 9.44258e-09 
1202.83 8.83196e-09 
1202.84 8.25795e-09 
1202.85 7.71854e-09 
1202.86 7.21186e-09 
1202.87 6.73608e-09 
1202.88 6.2895e-09 
1202.89 5.87047e-09 
1202.9 5.47745e-09 
1202.91 5.10896e-09 
1202.92 4.7636e-09 
1202.93 4.44003e-09 
1202.94 4.137e-09 
1202.95 3.8533e-09 
1202.96 3.58781e-09 
1202.97 3.33944e-09 
1202.98 3.10718e-09 
1202.98 2.88745e-09 
1202.99 2.68474e-09 
1203 2.49539e-09 
1203.01 2.31859e-09 
1203.02 2.15356e-09 
1203.03 1.99958e-09 
1203.04 1.85597e-09 
1203.05 1.72206e-09 
1203.06 1.59726e-09 
1203.07 1.48099e-09 
1203.08 1.3727e-09 
1203.09 1.27189e-09 
1203.1 1.17807e-09 
1203.11 1.09079e-09 
1203.12 1.00962e-09 
1203.13 9.34166e-10 
1203.14 8.6405e-10 
1203.15 7.98918e-10 
1203.16 7.38438e-10 
1203.17 6.82298e-10 
1203.18 6.30206e-10 
1203.19 5.81889e-10 
1203.2 5.37088e-10 
1203.21 4.95564e-10 
1203.22 4.5709e-10 
1203.23 4.21029e-10 
1203.24 3.88069e-10 
1203.25 3.57565e-10 
1203.26 3.29344e-10 
1203.27 3.03244e-10 
1203.28 2.79115e-10 
1203.29 2.56817e-10 
1203.3 2.36217e-10 
1203.31 2.17194e-10 
1203.32 1.99633e-10 
1203.33 1.83428e-10 
1203.34 1.6848e-10 
1203.35 1.54696e-10 
1203.36 1.4199e-10 
1203.37 1.30282e-10 
1203.38 1.19498e-10 
1203.39 1.09568e-10 
1203.4 1.00429e-10 
1203.41 9.20194e-11 
1203.41 8.42847e-11 
1203.42 7.71733e-11 
1203.43 7.06372e-11 
1203.44 6.46322e-11 
1203.45 5.91169e-11 
1203.46 5.40535e-11 
1203.47 4.94065e-11 
1203.48 4.50923e-11 
1203.49 4.11867e-11 
1203.5 3.76064e-11 
1203.51 3.43252e-11 
1203.52 3.13195e-11 
1203.53 2.85669e-11 
1203.54 2.60472e-11 
1203.55 2.37414e-11 
1203.56 2.16322e-11 
1203.57 1.97036e-11 
1203.58 1.79406e-11 
1203.59 1.63296e-11 
1203.6 1.48581e-11 
1203.61 1.35229e-11 
1203.62 1.22957e-11 
1203.63 1.1176e-11 
1203.64 1.01548e-11 
1203.65 9.22361e-12 
1203.66 8.37491e-12 
1203.67 7.60165e-12 
1203.68 6.89738e-12 
1203.69 6.25617e-12 
1203.7 5.67259e-12 
1203.71 5.14165e-12 
1203.72 4.65879e-12 
1203.73 4.21457e-12 
1203.74 3.81608e-12 
1203.75 3.45407e-12 
1203.76 3.12531e-12 
1203.77 2.82685e-12 
1203.78 2.55601e-12 
1203.79 2.3103e-12 
1203.8 2.08749e-12 
1203.81 1.88551e-12 
1203.82 1.70248e-12 
1203.83 1.53668e-12 
1203.83 1.38654e-12 
1203.84 1.25064e-12 
1203.85 1.12766e-12 
1203.86 1.01642e-12 
1203.87 9.15832e-13 
1203.88 8.24912e-13 
1203.89 7.4276e-13 
1203.9 6.68555e-13 
1203.91 6.01554e-13 
1203.92 5.41079e-13 
1203.93 4.86514e-13 
1203.94 4.37298e-13 
1203.95 3.92925e-13 
1203.96 3.5293e-13 
1203.97 3.16897e-13 
1203.98 2.84058e-13 
1203.99 2.54877e-13 
1204 2.28614e-13 
1204.01 2.04985e-13 
1204.02 1.83735e-13 
1204.03 1.6463e-13 
1204.04 1.4746e-13 
1204.05 1.32035e-13 
1204.06 1.18182e-13 
1204.07 1.05746e-13 
1204.08 9.45852e-14 
1204.09 8.4573e-14 
1204.1 7.55942e-14 
1204.11 6.75451e-14 
1204.12 6.0332e-14 
1204.13 5.38704e-14 
1204.14 4.80841e-14 
1204.15 4.29043e-14 
1204.16 3.82692e-14 
1204.17 3.41229e-14 
1204.18 3.04152e-14 
1204.19 2.71009e-14 
1204.2 2.41394e-14 
1204.21 2.1494e-14 
1204.22 1.91318e-14 
1204.23 1.69984e-14 
1204.24 1.51197e-14 
1204.25 1.34439e-14 
1204.26 1.19497e-14 
1204.26 1.06179e-14 
1204.27 9.43118e-15 
1204.28 8.3742e-15 
1204.29 7.43308e-15 
1204.3 6.59543e-15 
1204.31 5.85013e-15 
1204.32 5.18725e-15 
1204.33 4.59787e-15 
1204.34 4.07404e-15 
1204.35 3.60863e-15 
1204.36 3.19528e-15 
1204.37 2.82828e-15 
1204.38 2.50257e-15 
1204.39 2.21359e-15 
1204.4 1.9573e-15 
1204.41 1.73008e-15 
1204.42 1.5287e-15 
1204.43 1.3503e-15 
1204.44 1.19229e-15 
1204.45 1.05241e-15 
1204.46 9.28621e-16 
1204.47 8.19104e-16 
1204.48 7.21114e-16 
1204.49 6.35624e-16 
1204.5 5.60073e-16 
1204.51 4.9333e-16 
1204.52 4.3439e-16 
1204.53 3.82358e-16 
1204.54 3.36441e-16 
1204.55 2.95936e-16 
1204.56 2.60216e-16 
1204.57 2.28728e-16 
1204.58 2.0098e-16 
1204.59 1.76537e-16 
1204.6 1.55013e-16 
1204.61 1.36066e-16 
1204.62 1.19466e-16 
1204.63 1.04791e-16 
1204.64 9.18861e-17 
1204.65 8.05425e-17 
1204.66 7.05748e-17 
1204.67 6.18191e-17 
1204.68 5.41308e-17 
1204.68 4.73822e-17 
1204.69 4.14605e-17 
1204.7 3.62663e-17 
1204.71 3.17118e-17 
1204.72 2.76729e-17 
1204.73 2.41807e-17 
1204.74 2.11218e-17 
1204.75 1.84434e-17 
1204.76 1.60991e-17 
1204.77 1.40479e-17 
1204.78 1.22538e-17 
1204.79 1.0685e-17 
1204.8 9.31391e-18 
1204.81 8.11591e-18 
1204.82 7.06955e-18 
1204.83 6.15595e-18 
1204.84 5.35855e-18 
1204.85 4.66282e-18 
1204.86 4.05602e-18 
1204.87 3.52695e-18 
1204.88 3.06583e-18 
1204.89 2.66408e-18 
1204.9 2.31417e-18 
1204.91 2.00952e-18 
1204.92 1.74437e-18 
1204.93 1.51368e-18 
1204.94 1.31304e-18 
1204.95 1.1386e-18 
1204.96 9.86998e-19 
1204.97 8.55283e-19 
1204.98 7.39558e-19 
1204.99 6.40417e-19 
1205 5.54374e-19 
1205.01 4.79725e-19 
1205.02 4.14985e-19 
1205.03 3.58857e-19 
1205.04 3.10213e-19 
1205.05 2.6807e-19 
1205.06 2.31573e-19 
1205.07 1.99975e-19 
1205.08 1.72629e-19 
1205.09 1.48971e-19 
1205.1 1.28511e-19 
1205.11 1.10823e-19 
1205.11 9.55364e-20 
1205.12 8.233e-20 
1205.13 7.09247e-20 
1205.14 6.10784e-20 
1205.15 5.25809e-20 
1205.16 4.525e-20 
1205.17 3.89279e-20 
1205.18 3.34775e-20 
1205.19 2.87804e-20 
1205.2 2.47338e-20 
1205.21 2.12488e-20 
1205.22 1.82164e-20 
1205.23 1.56368e-20 
1205.24 1.34198e-20 
1205.25 1.15131e-20 
1205.26 9.874e-21 
1205.27 8.46533e-21 
1205.28 7.25516e-21 
1205.29 6.21586e-21 
1205.3 5.32363e-21 
1205.31 4.55792e-21 
1205.32 3.90102e-21 
1205.33 3.33765e-21 
1205.34 2.85468e-21 
1205.35 2.44076e-21 
1205.36 2.08616e-21 
1205.37 1.78247e-21 
1205.38 1.52247e-21 
1205.39 1.29996e-21 
1205.4 1.1096e-21 
1205.41 9.46789e-22 
1205.42 8.07599e-22 
1205.43 6.88641e-22 
1205.44 5.87008e-22 
1205.45 5.00207e-22 
1205.46 4.26099e-22 
1205.47 3.6285e-22 
1205.48 3.08311e-22 
1205.49 2.6233e-22 
1205.5 2.23167e-22 
1205.51 1.89788e-22 
1205.52 1.61348e-22 
1205.53 1.37124e-22 
1205.54 1.16499e-22 
1205.54 9.8944e-23 
1205.55 8.40067e-23 
1205.56 7.13012e-23 
1205.57 6.04977e-23 
1205.58 5.13145e-23 
1205.59 4.35112e-23 
1205.6 3.68826e-23 
1205.61 3.12731e-23 
1205.62 2.6492e-23 
1205.63 2.24346e-23 
1205.64 1.89927e-23 
1205.65 1.60737e-23 
1205.66 1.3599e-23 
1205.67 1.15018e-23 
1205.68 9.72493e-24 
1205.69 8.22003e-24 
1205.7 6.94586e-24 
1205.71 5.8674e-24 
1205.72 4.95488e-24 
1205.73 4.17415e-24 
1205.74 3.52282e-24 
1205.75 2.97223e-24 
1205.76 2.50695e-24 
1205.77 2.11389e-24 
1205.78 1.78192e-24 
1205.79 1.50166e-24 
1205.8 1.26511e-24 
1205.81 1.06551e-24 
1205.82 8.97157e-25 
1205.83 7.55189e-25 
1205.84 6.3551e-25 
1205.85 5.3465e-25 
1205.86 4.49675e-25 
1205.87 3.78104e-25 
1205.88 3.1784e-25 
1205.89 2.67112e-25 
1205.9 2.24422e-25 
1205.91 1.88506e-25 
1205.92 1.58299e-25 
1205.93 1.329e-25 
1205.94 1.11549e-25 
1205.95 9.36053e-26 
1205.96 7.853e-26 
1205.96 6.58676e-26 
1205.97 5.52345e-26 
1205.98 4.62058e-26 
1205.99 3.87299e-26 
1206 3.24568e-26 
1206.01 2.71942e-26 
1206.02 2.27805e-26 
1206.03 1.90794e-26 
1206.04 1.59767e-26 
1206.05 1.33762e-26 
1206.06 1.11971e-26 
1206.07 9.37138e-27 
1206.08 7.84214e-27 
1206.09 6.56145e-27 
1206.1 5.48913e-27 
1206.11 4.59144e-27 
1206.12 3.84007e-27 
1206.13 3.21127e-27 
1206.14 2.68514e-27 
1206.15 2.24498e-27 
1206.16 1.8768e-27 
1206.17 1.56887e-27 
1206.18 1.31137e-27 
1206.19 1.09606e-27 
1206.2 9.16048e-28 
1206.21 7.65567e-28 
1206.22 6.39783e-28 
1206.23 5.33454e-28 
1206.24 4.45789e-28 
1206.25 3.72529e-28 
1206.26 3.11311e-28 
1206.27 2.60157e-28 
1206.28 2.17415e-28 
1206.29 1.81702e-28 
1206.3 1.51864e-28 
1206.31 1.26933e-28 
1206.32 1.06103e-28 
1206.33 8.86986e-29 
1206.34 7.41562e-29 
1206.35 6.20048e-29 
1206.36 5.18507e-29 
1206.37 4.3365e-29 
1206.38 3.62732e-29 
1206.39 3.03458e-29 
1206.39 2.5391e-29 
1206.4 2.12489e-29 
1206.41 1.77858e-29 
1206.42 1.48899e-29 
1206.43 1.24681e-29 
1206.44 1.04424e-29 
1206.45 8.74767e-30 
1206.46 7.32968e-30 
1206.47 6.143e-30 
1206.48 5.13836e-30 
1206.49 4.3086e-30 
1206.5 3.61375e-30 
1206.51 3.03177e-30 
1206.52 2.54419e-30 
1206.53 2.13561e-30 
1206.54 1.79314e-30 
1206.55 1.50601e-30 
1206.56 1.26522e-30 
1206.57 1.06323e-30 
1206.58 8.93745e-31 
1206.59 7.51494e-31 
1206.6 0 
