#energy geo_1 
1186.6 9.17289e-07 
1186.61 9.16726e-07 
1186.62 9.16163e-07 
1186.63 9.156e-07 
1186.64 9.15038e-07 
1186.65 9.14476e-07 
1186.66 9.13916e-07 
1186.67 9.13353e-07 
1186.68 9.12792e-07 
1186.69 9.12231e-07 
1186.7 9.11669e-07 
1186.71 9.11109e-07 
1186.72 9.10549e-07 
1186.73 9.09989e-07 
1186.74 9.0943e-07 
1186.75 9.08869e-07 
1186.76 9.0831e-07 
1186.77 9.07751e-07 
1186.78 9.07192e-07 
1186.79 9.06635e-07 
1186.8 9.06076e-07 
1186.81 9.05518e-07 
1186.81 9.0496e-07 
1186.82 9.04402e-07 
1186.83 9.03844e-07 
1186.84 9.03289e-07 
1186.85 9.02732e-07 
1186.86 9.02174e-07 
1186.87 9.0162e-07 
1186.88 9.01063e-07 
1186.89 9.00506e-07 
1186.9 8.99951e-07 
1186.91 8.99396e-07 
1186.92 8.98841e-07 
1186.93 8.98286e-07 
1186.94 8.97732e-07 
1186.95 8.97177e-07 
1186.96 8.96623e-07 
1186.97 8.96069e-07 
1186.98 8.95518e-07 
1186.99 8.94963e-07 
1187 8.9441e-07 
1187.01 8.93859e-07 
1187.02 8.93305e-07 
1187.03 8.92752e-07 
1187.04 8.92201e-07 
1187.05 8.91649e-07 
1187.06 8.91097e-07 
1187.07 8.90546e-07 
1187.08 8.89995e-07 
1187.09 8.89443e-07 
1187.1 8.88893e-07 
1187.11 8.88343e-07 
1187.12 8.87793e-07 
1187.13 8.87244e-07 
1187.14 8.86694e-07 
1187.15 8.86145e-07 
1187.16 8.85595e-07 
1187.17 8.85047e-07 
1187.18 8.84498e-07 
1187.19 8.8395e-07 
1187.2 8.83402e-07 
1187.21 8.82854e-07 
1187.22 8.82307e-07 
1187.23 8.81759e-07 
1187.24 8.81211e-07 
1187.24 8.80665e-07 
1187.25 8.80118e-07 
1187.26 8.79571e-07 
1187.27 8.79026e-07 
1187.28 8.7848e-07 
1187.29 8.77934e-07 
1187.3 8.77389e-07 
1187.31 8.76843e-07 
1187.32 8.76298e-07 
1187.33 8.75755e-07 
1187.34 8.7521e-07 
1187.35 8.74665e-07 
1187.36 8.74122e-07 
1187.37 8.73578e-07 
1187.38 8.73034e-07 
1187.39 8.72491e-07 
1187.4 8.71948e-07 
1187.41 8.71405e-07 
1187.42 8.70863e-07 
1187.43 8.7032e-07 
1187.44 8.69778e-07 
1187.45 8.69237e-07 
1187.46 8.68696e-07 
1187.47 8.68154e-07 
1187.48 8.67613e-07 
1187.49 8.67072e-07 
1187.5 8.66532e-07 
1187.51 8.65991e-07 
1187.52 8.65451e-07 
1187.53 8.64911e-07 
1187.54 8.64371e-07 
1187.55 8.63832e-07 
1187.56 8.63293e-07 
1187.57 8.62754e-07 
1187.58 8.62216e-07 
1187.59 8.61677e-07 
1187.6 8.61139e-07 
1187.61 8.61138e-07 
1187.62 8.60601e-07 
1187.63 8.60062e-07 
1187.64 8.59524e-07 
1187.65 8.58987e-07 
1187.66 8.58449e-07 
1187.66 8.57912e-07 
1187.67 8.57376e-07 
1187.68 8.5684e-07 
1187.69 8.56305e-07 
1187.7 8.55767e-07 
1187.71 8.55232e-07 
1187.72 8.54697e-07 
1187.73 8.5416e-07 
1187.74 8.53626e-07 
1187.75 8.53091e-07 
1187.76 8.52557e-07 
1187.77 8.52022e-07 
1187.78 8.51487e-07 
1187.79 8.50955e-07 
1187.8 8.50421e-07 
1187.81 8.49888e-07 
1187.82 8.49355e-07 
1187.83 8.48822e-07 
1187.84 8.48289e-07 
1187.85 8.47756e-07 
1187.86 8.47224e-07 
1187.87 8.46692e-07 
1187.88 8.4616e-07 
1187.89 8.45629e-07 
1187.9 8.45097e-07 
1187.91 8.44567e-07 
1187.92 8.44035e-07 
1187.93 8.43505e-07 
1187.94 8.42974e-07 
1187.95 8.42444e-07 
1187.96 8.41914e-07 
1187.97 8.41385e-07 
1187.98 8.40855e-07 
1187.99 8.40326e-07 
1188 8.39797e-07 
1188.01 8.39268e-07 
1188.02 8.3874e-07 
1188.03 8.38211e-07 
1188.04 8.37683e-07 
1188.05 8.37154e-07 
1188.06 8.36627e-07 
1188.07 8.36099e-07 
1188.08 8.35572e-07 
1188.09 8.35045e-07 
1188.09 8.34518e-07 
1188.1 8.33992e-07 
1188.11 8.33465e-07 
1188.12 8.32939e-07 
1188.13 8.32414e-07 
1188.14 8.31887e-07 
1188.15 8.31362e-07 
1188.16 8.30838e-07 
1188.17 8.30311e-07 
1188.18 8.29787e-07 
1188.19 8.29262e-07 
1188.2 8.28737e-07 
1188.21 8.28213e-07 
1188.22 8.27689e-07 
1188.23 8.27165e-07 
1188.24 8.26642e-07 
1188.25 8.26118e-07 
1188.26 8.25596e-07 
1188.27 8.25072e-07 
1188.28 8.24549e-07 
1188.29 8.24028e-07 
1188.3 8.23505e-07 
1188.31 8.22982e-07 
1188.32 8.22461e-07 
1188.33 8.21939e-07 
1188.34 8.21418e-07 
1188.35 8.20897e-07 
1188.36 8.20376e-07 
1188.37 8.19855e-07 
1188.38 8.19334e-07 
1188.39 8.18814e-07 
1188.4 8.18293e-07 
1188.41 8.17773e-07 
1188.42 8.17254e-07 
1188.43 8.16734e-07 
1188.44 8.16216e-07 
1188.45 8.15695e-07 
1188.46 8.15177e-07 
1188.47 8.14658e-07 
1188.48 8.14139e-07 
1188.49 8.13621e-07 
1188.5 8.13103e-07 
1188.51 8.12584e-07 
1188.52 8.12067e-07 
1188.52 8.1155e-07 
1188.53 8.11032e-07 
1188.54 8.10515e-07 
1188.55 8.09998e-07 
1188.56 8.09481e-07 
1188.57 8.08965e-07 
1188.58 8.08448e-07 
1188.59 8.07932e-07 
1188.6 8.07919e-07 
1188.61 8.07403e-07 
1188.62 8.06887e-07 
1188.63 8.06371e-07 
1188.64 8.05856e-07 
1188.65 8.0534e-07 
1188.66 8.04826e-07 
1188.67 8.0431e-07 
1188.68 8.03796e-07 
1188.69 8.03281e-07 
1188.7 8.02766e-07 
1188.71 8.02252e-07 
1188.72 8.01738e-07 
1188.73 8.01224e-07 
1188.74 8.00711e-07 
1188.75 8.00197e-07 
1188.76 7.99685e-07 
1188.77 7.99171e-07 
1188.78 7.98658e-07 
1188.79 7.98145e-07 
1188.8 7.97633e-07 
1188.81 7.9712e-07 
1188.82 7.96608e-07 
1188.83 7.96095e-07 
1188.84 7.95584e-07 
1188.85 7.95073e-07 
1188.86 7.94561e-07 
1188.87 7.94049e-07 
1188.88 7.93539e-07 
1188.89 7.93028e-07 
1188.9 7.92517e-07 
1188.91 7.92006e-07 
1188.92 7.91496e-07 
1188.93 7.90985e-07 
1188.94 7.90476e-07 
1188.94 7.89965e-07 
1188.95 7.89455e-07 
1188.96 7.88947e-07 
1188.97 7.88436e-07 
1188.98 7.87928e-07 
1188.99 7.87418e-07 
1189 7.86909e-07 
1189.01 7.86401e-07 
1189.02 7.85892e-07 
1189.03 7.85383e-07 
1189.04 7.84875e-07 
1189.05 7.84367e-07 
1189.06 7.83859e-07 
1189.07 7.83351e-07 
1189.08 7.82844e-07 
1189.09 7.82336e-07 
1189.1 7.81829e-07 
1189.11 7.81321e-07 
1189.12 7.80814e-07 
1189.13 7.80308e-07 
1189.14 7.798e-07 
1189.15 7.79295e-07 
1189.16 7.78788e-07 
1189.17 7.78282e-07 
1189.18 7.77776e-07 
1189.19 7.7727e-07 
1189.2 7.76764e-07 
1189.21 7.76259e-07 
1189.22 7.75753e-07 
1189.23 7.75247e-07 
1189.24 7.74742e-07 
1189.25 7.74237e-07 
1189.26 7.73732e-07 
1189.27 7.73227e-07 
1189.28 7.72722e-07 
1189.29 7.72218e-07 
1189.3 7.71714e-07 
1189.31 7.7121e-07 
1189.32 7.70705e-07 
1189.33 7.70202e-07 
1189.34 7.69697e-07 
1189.35 7.69193e-07 
1189.36 7.68691e-07 
1189.36 7.68187e-07 
1189.37 7.67684e-07 
1189.38 7.67181e-07 
1189.39 7.66677e-07 
1189.4 7.66174e-07 
1189.41 7.65672e-07 
1189.42 7.6517e-07 
1189.43 7.64667e-07 
1189.44 7.64165e-07 
1189.45 7.63662e-07 
1189.46 7.63159e-07 
1189.47 7.62658e-07 
1189.48 7.62155e-07 
1189.49 7.61654e-07 
1189.5 7.61152e-07 
1189.51 7.6065e-07 
1189.52 7.60149e-07 
1189.53 7.59647e-07 
1189.54 7.59146e-07 
1189.55 7.58645e-07 
1189.56 7.58144e-07 
1189.57 7.57643e-07 
1189.58 7.57142e-07 
1189.59 7.56642e-07 
1189.6 7.56141e-07 
1189.61 7.56112e-07 
1189.62 7.55611e-07 
1189.63 7.5511e-07 
1189.64 7.54609e-07 
1189.65 7.54109e-07 
1189.66 7.53608e-07 
1189.67 7.53109e-07 
1189.68 7.52608e-07 
1189.69 7.52108e-07 
1189.7 7.51609e-07 
1189.71 7.51109e-07 
1189.72 7.50609e-07 
1189.73 7.50109e-07 
1189.74 7.4961e-07 
1189.75 7.4911e-07 
1189.76 7.4861e-07 
1189.77 7.48111e-07 
1189.78 7.47612e-07 
1189.79 7.47113e-07 
1189.79 7.46613e-07 
1189.8 7.46114e-07 
1189.81 7.45616e-07 
1189.82 7.45116e-07 
1189.83 7.44619e-07 
1189.84 7.44119e-07 
1189.85 7.43621e-07 
1189.86 7.43122e-07 
1189.87 7.42624e-07 
1189.88 7.42125e-07 
1189.89 7.41627e-07 
1189.9 7.41128e-07 
1189.91 7.4063e-07 
1189.92 7.40132e-07 
1189.93 7.39634e-07 
1189.94 7.39136e-07 
1189.95 7.38638e-07 
1189.96 7.3814e-07 
1189.97 7.37642e-07 
1189.98 7.37144e-07 
1189.99 7.36646e-07 
1190 7.36149e-07 
1190.01 7.35651e-07 
1190.02 7.35154e-07 
1190.03 7.34656e-07 
1190.04 7.34159e-07 
1190.05 7.33661e-07 
1190.06 7.33164e-07 
1190.07 7.32666e-07 
1190.08 7.32169e-07 
1190.09 7.31672e-07 
1190.1 7.31175e-07 
1190.11 7.30677e-07 
1190.12 7.3018e-07 
1190.13 7.29683e-07 
1190.14 7.29185e-07 
1190.15 7.28689e-07 
1190.16 7.28192e-07 
1190.17 7.27694e-07 
1190.18 7.27197e-07 
1190.19 7.267e-07 
1190.2 7.26203e-07 
1190.21 7.25707e-07 
1190.21 7.25209e-07 
1190.22 7.24712e-07 
1190.23 7.24216e-07 
1190.24 7.23719e-07 
1190.25 7.23222e-07 
1190.26 7.22725e-07 
1190.27 7.22228e-07 
1190.28 7.21731e-07 
1190.29 7.21234e-07 
1190.3 7.20737e-07 
1190.31 7.2024e-07 
1190.32 7.19743e-07 
1190.33 7.19247e-07 
1190.34 7.18749e-07 
1190.35 7.18253e-07 
1190.36 7.17756e-07 
1190.37 7.17259e-07 
1190.38 7.16762e-07 
1190.39 7.16265e-07 
1190.4 7.15768e-07 
1190.41 7.15271e-07 
1190.42 7.14775e-07 
1190.43 7.14277e-07 
1190.44 7.1378e-07 
1190.45 7.13283e-07 
1190.46 7.12786e-07 
1190.47 7.12289e-07 
1190.48 7.11792e-07 
1190.49 7.11295e-07 
1190.5 7.10797e-07 
1190.51 7.10301e-07 
1190.52 7.09804e-07 
1190.53 7.09306e-07 
1190.54 7.08809e-07 
1190.55 7.08312e-07 
1190.56 7.07814e-07 
1190.57 7.07317e-07 
1190.58 7.06819e-07 
1190.59 7.06321e-07 
1190.6 7.05824e-07 
1190.61 7.05766e-07 
1190.62 7.05267e-07 
1190.63 7.04769e-07 
1190.64 7.04271e-07 
1190.64 7.03773e-07 
1190.65 7.03275e-07 
1190.66 7.02776e-07 
1190.67 7.02278e-07 
1190.68 7.0178e-07 
1190.69 7.01281e-07 
1190.7 7.00782e-07 
1190.71 7.00284e-07 
1190.72 6.99785e-07 
1190.73 6.99286e-07 
1190.74 6.98788e-07 
1190.75 6.98289e-07 
1190.76 6.97789e-07 
1190.77 6.97291e-07 
1190.78 6.96791e-07 
1190.79 6.96292e-07 
1190.8 6.95793e-07 
1190.81 6.95293e-07 
1190.82 6.94794e-07 
1190.83 6.94294e-07 
1190.84 6.93794e-07 
1190.85 6.93295e-07 
1190.86 6.92794e-07 
1190.87 6.92294e-07 
1190.88 6.91795e-07 
1190.89 6.91294e-07 
1190.9 6.90794e-07 
1190.91 6.90294e-07 
1190.92 6.89793e-07 
1190.93 6.89291e-07 
1190.94 6.88792e-07 
1190.95 6.88291e-07 
1190.96 6.8779e-07 
1190.97 6.87288e-07 
1190.98 6.86787e-07 
1190.99 6.86286e-07 
1191 6.85784e-07 
1191.01 6.85283e-07 
1191.02 6.84781e-07 
1191.03 6.84279e-07 
1191.04 6.83776e-07 
1191.05 6.83275e-07 
1191.06 6.82772e-07 
1191.07 6.8227e-07 
1191.07 6.81767e-07 
1191.08 6.81264e-07 
1191.09 6.80761e-07 
1191.1 6.80258e-07 
1191.11 6.79755e-07 
1191.12 6.79252e-07 
1191.13 6.78748e-07 
1191.14 6.78244e-07 
1191.15 6.7774e-07 
1191.16 6.77237e-07 
1191.17 6.76732e-07 
1191.18 6.76228e-07 
1191.19 6.75723e-07 
1191.2 6.75218e-07 
1191.21 6.74714e-07 
1191.22 6.74208e-07 
1191.23 6.73703e-07 
1191.24 6.73198e-07 
1191.25 6.72692e-07 
1191.26 6.72186e-07 
1191.27 6.7168e-07 
1191.28 6.71174e-07 
1191.29 6.70668e-07 
1191.3 6.70161e-07 
1191.31 6.69654e-07 
1191.32 6.69147e-07 
1191.33 6.6864e-07 
1191.34 6.68133e-07 
1191.35 6.67625e-07 
1191.36 6.67117e-07 
1191.37 6.66609e-07 
1191.38 6.66101e-07 
1191.39 6.65593e-07 
1191.4 6.65084e-07 
1191.41 6.64575e-07 
1191.42 6.64066e-07 
1191.43 6.63557e-07 
1191.44 6.63047e-07 
1191.45 6.62538e-07 
1191.46 6.62028e-07 
1191.47 6.61517e-07 
1191.48 6.61007e-07 
1191.49 6.60496e-07 
1191.49 6.59985e-07 
1191.5 6.59474e-07 
1191.51 6.58963e-07 
1191.52 6.58451e-07 
1191.53 6.57939e-07 
1191.54 6.57427e-07 
1191.55 6.56914e-07 
1191.56 6.56401e-07 
1191.57 6.55888e-07 
1191.58 6.55375e-07 
1191.59 6.54862e-07 
1191.6 6.54755e-07 
1191.61 6.54241e-07 
1191.62 6.53726e-07 
1191.63 6.53212e-07 
1191.64 6.52697e-07 
1191.65 6.52181e-07 
1191.66 6.51666e-07 
1191.67 6.51149e-07 
1191.68 6.50633e-07 
1191.69 6.50117e-07 
1191.7 6.496e-07 
1191.71 6.49083e-07 
1191.72 6.48566e-07 
1191.73 6.48047e-07 
1191.74 6.4753e-07 
1191.75 6.47012e-07 
1191.76 6.46493e-07 
1191.77 6.45974e-07 
1191.78 6.45455e-07 
1191.79 6.44935e-07 
1191.8 6.44416e-07 
1191.81 6.43895e-07 
1191.82 6.43375e-07 
1191.83 6.42854e-07 
1191.84 6.42334e-07 
1191.85 6.41812e-07 
1191.86 6.4129e-07 
1191.87 6.40768e-07 
1191.88 6.40245e-07 
1191.89 6.39723e-07 
1191.9 6.392e-07 
1191.91 6.38677e-07 
1191.92 6.38153e-07 
1191.92 6.37629e-07 
1191.93 6.37104e-07 
1191.94 6.3658e-07 
1191.95 6.36055e-07 
1191.96 6.3553e-07 
1191.97 6.35004e-07 
1191.98 6.34478e-07 
1191.99 6.33951e-07 
1192 6.33425e-07 
1192.01 6.32897e-07 
1192.02 6.3237e-07 
1192.03 6.31842e-07 
1192.04 6.31314e-07 
1192.05 6.30786e-07 
1192.06 6.30256e-07 
1192.07 6.29727e-07 
1192.08 6.29198e-07 
1192.09 6.28667e-07 
1192.1 6.28137e-07 
1192.11 6.27606e-07 
1192.12 6.27075e-07 
1192.13 6.26544e-07 
1192.14 6.26011e-07 
1192.15 6.25479e-07 
1192.16 6.24947e-07 
1192.17 6.24414e-07 
1192.18 6.2388e-07 
1192.19 6.23347e-07 
1192.2 6.22812e-07 
1192.21 6.22278e-07 
1192.22 6.21743e-07 
1192.23 6.21208e-07 
1192.24 6.20672e-07 
1192.25 6.20136e-07 
1192.26 6.196e-07 
1192.27 6.19063e-07 
1192.28 6.18525e-07 
1192.29 6.17988e-07 
1192.3 6.1745e-07 
1192.31 6.16912e-07 
1192.32 6.16373e-07 
1192.33 6.15834e-07 
1192.34 6.15295e-07 
1192.34 6.14755e-07 
1192.35 6.14215e-07 
1192.36 6.13674e-07 
1192.37 6.13133e-07 
1192.38 6.12592e-07 
1192.39 6.12051e-07 
1192.4 6.11509e-07 
1192.41 6.10967e-07 
1192.42 6.10424e-07 
1192.43 6.09881e-07 
1192.44 6.09338e-07 
1192.45 6.08794e-07 
1192.46 6.08251e-07 
1192.47 6.07707e-07 
1192.48 6.07163e-07 
1192.49 6.06618e-07 
1192.5 6.06073e-07 
1192.51 6.05528e-07 
1192.52 6.04983e-07 
1192.53 6.04438e-07 
1192.54 6.03892e-07 
1192.55 6.03346e-07 
1192.56 6.028e-07 
1192.57 6.02254e-07 
1192.58 6.01708e-07 
1192.59 6.01162e-07 
1192.6 6.00615e-07 
1192.61 6.00442e-07 
1192.62 5.99894e-07 
1192.63 5.99348e-07 
1192.64 5.98801e-07 
1192.65 5.98254e-07 
1192.66 5.97707e-07 
1192.67 5.97161e-07 
1192.68 5.96615e-07 
1192.69 5.96069e-07 
1192.7 5.95523e-07 
1192.71 5.94978e-07 
1192.72 5.94433e-07 
1192.73 5.93888e-07 
1192.74 5.93344e-07 
1192.75 5.92801e-07 
1192.76 5.92257e-07 
1192.77 5.91715e-07 
1192.77 5.91173e-07 
1192.78 5.90632e-07 
1192.79 5.90092e-07 
1192.8 5.89553e-07 
1192.81 5.89015e-07 
1192.82 5.88478e-07 
1192.83 5.87943e-07 
1192.84 5.87409e-07 
1192.85 5.86875e-07 
1192.86 5.86344e-07 
1192.87 5.85814e-07 
1192.88 5.85286e-07 
1192.89 5.8476e-07 
1192.9 5.84236e-07 
1192.91 5.83714e-07 
1192.92 5.83194e-07 
1192.93 5.82677e-07 
1192.94 5.82162e-07 
1192.95 5.8165e-07 
1192.96 5.81141e-07 
1192.97 5.80636e-07 
1192.98 5.80134e-07 
1192.99 5.79635e-07 
1193 5.7914e-07 
1193.01 5.78649e-07 
1193.02 5.78162e-07 
1193.03 5.77679e-07 
1193.04 5.77202e-07 
1193.05 5.76729e-07 
1193.06 5.76261e-07 
1193.07 5.75799e-07 
1193.08 5.75343e-07 
1193.09 5.74892e-07 
1193.1 5.74449e-07 
1193.11 5.74012e-07 
1193.12 5.73582e-07 
1193.13 5.7316e-07 
1193.14 5.72745e-07 
1193.15 5.72339e-07 
1193.16 5.71942e-07 
1193.17 5.71553e-07 
1193.18 5.71174e-07 
1193.19 5.70806e-07 
1193.19 5.70448e-07 
1193.2 5.701e-07 
1193.21 5.69764e-07 
1193.22 5.69444e-07 
1193.23 5.69133e-07 
1193.24 5.68835e-07 
1193.25 5.68551e-07 
1193.26 5.68282e-07 
1193.27 5.68027e-07 
1193.28 5.67788e-07 
1193.29 5.67565e-07 
1193.3 5.6736e-07 
1193.31 5.67172e-07 
1193.32 5.67003e-07 
1193.33 5.66853e-07 
1193.34 5.66723e-07 
1193.35 5.66614e-07 
1193.36 5.66527e-07 
1193.37 5.66462e-07 
1193.38 5.66421e-07 
1193.39 5.66404e-07 
1193.4 5.66413e-07 
1193.41 5.66448e-07 
1193.42 5.6651e-07 
1193.43 5.66601e-07 
1193.44 5.66721e-07 
1193.45 5.66872e-07 
1193.46 5.67054e-07 
1193.47 5.67269e-07 
1193.48 5.6753e-07 
1193.49 5.67814e-07 
1193.5 5.68135e-07 
1193.51 5.68493e-07 
1193.52 5.68891e-07 
1193.53 5.69329e-07 
1193.54 5.69809e-07 
1193.55 5.70331e-07 
1193.56 5.70897e-07 
1193.57 5.71509e-07 
1193.58 5.72169e-07 
1193.59 5.72877e-07 
1193.6 5.73636e-07 
1193.61 5.74803e-07 
1193.62 5.75666e-07 
1193.62 5.76585e-07 
1193.63 5.7756e-07 
1193.64 5.78593e-07 
1193.65 5.79686e-07 
1193.66 5.80841e-07 
1193.67 5.82059e-07 
1193.68 5.83341e-07 
1193.69 5.8469e-07 
1193.7 5.86107e-07 
1193.71 5.87595e-07 
1193.72 5.89153e-07 
1193.73 5.90815e-07 
1193.74 5.92524e-07 
1193.75 5.94311e-07 
1193.76 5.96177e-07 
1193.77 5.98124e-07 
1193.78 6.00154e-07 
1193.79 6.02269e-07 
1193.8 6.04471e-07 
1193.81 6.0676e-07 
1193.82 6.09141e-07 
1193.83 6.11613e-07 
1193.84 6.1418e-07 
1193.85 6.16843e-07 
1193.86 6.19604e-07 
1193.87 6.22465e-07 
1193.88 6.25427e-07 
1193.89 6.28492e-07 
1193.9 6.31663e-07 
1193.91 6.3494e-07 
1193.92 6.38327e-07 
1193.93 6.41824e-07 
1193.94 6.45433e-07 
1193.95 6.49156e-07 
1193.96 6.52995e-07 
1193.97 6.5695e-07 
1193.98 6.61084e-07 
1193.99 6.6528e-07 
1194 6.69598e-07 
1194.01 6.74039e-07 
1194.02 6.78604e-07 
1194.03 6.83296e-07 
1194.04 6.88114e-07 
1194.05 6.93061e-07 
1194.05 6.98138e-07 
1194.06 7.03344e-07 
1194.07 7.08683e-07 
1194.08 7.14154e-07 
1194.09 7.19759e-07 
1194.1 7.25497e-07 
1194.11 7.31371e-07 
1194.12 7.37379e-07 
1194.13 7.43524e-07 
1194.14 7.49805e-07 
1194.15 7.56223e-07 
1194.16 7.62777e-07 
1194.17 7.69469e-07 
1194.18 7.76298e-07 
1194.19 7.83264e-07 
1194.2 7.90366e-07 
1194.21 7.97605e-07 
1194.22 8.04979e-07 
1194.23 8.12592e-07 
1194.24 8.20238e-07 
1194.25 8.28018e-07 
1194.26 8.3593e-07 
1194.27 8.43976e-07 
1194.28 8.5215e-07 
1194.29 8.60455e-07 
1194.3 8.68886e-07 
1194.31 8.77445e-07 
1194.32 8.86127e-07 
1194.33 8.94931e-07 
1194.34 9.03856e-07 
1194.35 9.129e-07 
1194.36 9.22058e-07 
1194.37 9.3133e-07 
1194.38 9.40713e-07 
1194.39 9.50204e-07 
1194.4 9.59799e-07 
1194.41 9.69496e-07 
1194.42 9.79291e-07 
1194.43 9.89182e-07 
1194.44 9.99164e-07 
1194.45 1.00923e-06 
1194.46 1.01939e-06 
1194.47 1.02962e-06 
1194.47 1.04007e-06 
1194.48 1.05045e-06 
1194.49 1.0609e-06 
1194.5 1.07141e-06 
1194.51 1.08198e-06 
1194.52 1.0926e-06 
1194.53 1.10327e-06 
1194.54 1.11399e-06 
1194.55 1.12474e-06 
1194.56 1.13552e-06 
1194.57 1.14633e-06 
1194.58 1.15716e-06 
1194.59 1.16801e-06 
1194.6 1.17886e-06 
1194.61 1.19046e-06 
1194.62 1.20133e-06 
1194.63 1.21218e-06 
1194.64 1.22302e-06 
1194.65 1.23384e-06 
1194.66 1.24463e-06 
1194.67 1.25539e-06 
1194.68 1.26611e-06 
1194.69 1.27678e-06 
1194.7 1.2874e-06 
1194.71 1.29796e-06 
1194.72 1.30845e-06 
1194.73 1.319e-06 
1194.74 1.32933e-06 
1194.75 1.33958e-06 
1194.76 1.34973e-06 
1194.77 1.35978e-06 
1194.78 1.36972e-06 
1194.79 1.37955e-06 
1194.8 1.38925e-06 
1194.81 1.39883e-06 
1194.82 1.40827e-06 
1194.83 1.41757e-06 
1194.84 1.42672e-06 
1194.85 1.43571e-06 
1194.86 1.44454e-06 
1194.87 1.4532e-06 
1194.88 1.46168e-06 
1194.89 1.46999e-06 
1194.9 1.4781e-06 
1194.9 1.48602e-06 
1194.91 1.49374e-06 
1194.92 1.50125e-06 
1194.93 1.50856e-06 
1194.94 1.51564e-06 
1194.95 1.52249e-06 
1194.96 1.52912e-06 
1194.97 1.53551e-06 
1194.98 1.54175e-06 
1194.99 1.54765e-06 
1195 1.55331e-06 
1195.01 1.55871e-06 
1195.02 1.56384e-06 
1195.03 1.56872e-06 
1195.04 1.57333e-06 
1195.05 1.57766e-06 
1195.06 1.58172e-06 
1195.07 1.5855e-06 
1195.08 1.589e-06 
1195.09 1.59221e-06 
1195.1 1.59513e-06 
1195.11 1.59776e-06 
1195.12 1.6001e-06 
1195.13 1.60214e-06 
1195.14 1.60387e-06 
1195.15 1.60532e-06 
1195.16 1.60646e-06 
1195.17 1.60729e-06 
1195.18 1.60782e-06 
1195.19 1.60805e-06 
1195.2 1.60797e-06 
1195.21 1.60758e-06 
1195.22 1.60689e-06 
1195.23 1.60589e-06 
1195.24 1.60458e-06 
1195.25 1.60297e-06 
1195.26 1.60105e-06 
1195.27 1.59883e-06 
1195.28 1.59631e-06 
1195.29 1.59348e-06 
1195.3 1.59037e-06 
1195.31 1.58695e-06 
1195.32 1.58324e-06 
1195.32 1.57923e-06 
1195.33 1.57494e-06 
1195.34 1.57037e-06 
1195.35 1.56551e-06 
1195.36 1.56037e-06 
1195.37 1.55495e-06 
1195.38 1.54927e-06 
1195.39 1.54331e-06 
1195.4 1.5371e-06 
1195.41 1.53062e-06 
1195.42 1.52389e-06 
1195.43 1.51691e-06 
1195.44 1.50968e-06 
1195.45 1.50222e-06 
1195.46 1.49452e-06 
1195.47 1.4866e-06 
1195.48 1.47835e-06 
1195.49 1.46998e-06 
1195.5 1.4614e-06 
1195.51 1.45261e-06 
1195.52 1.44363e-06 
1195.53 1.43445e-06 
1195.54 1.42509e-06 
1195.55 1.41554e-06 
1195.56 1.40583e-06 
1195.57 1.39594e-06 
1195.58 1.3859e-06 
1195.59 1.3757e-06 
1195.6 1.36536e-06 
1195.61 1.35572e-06 
1195.62 1.3451e-06 
1195.63 1.33436e-06 
1195.64 1.3235e-06 
1195.65 1.31253e-06 
1195.66 1.30145e-06 
1195.67 1.29028e-06 
1195.68 1.27902e-06 
1195.69 1.26768e-06 
1195.7 1.25626e-06 
1195.71 1.24478e-06 
1195.72 1.23323e-06 
1195.73 1.2215e-06 
1195.74 1.20986e-06 
1195.75 1.19818e-06 
1195.75 1.18646e-06 
1195.76 1.17473e-06 
1195.77 1.16297e-06 
1195.78 1.15121e-06 
1195.79 1.13944e-06 
1195.8 1.12768e-06 
1195.81 1.11592e-06 
1195.82 1.10418e-06 
1195.83 1.09247e-06 
1195.84 1.08078e-06 
1195.85 1.06913e-06 
1195.86 1.05753e-06 
1195.87 1.04597e-06 
1195.88 1.03446e-06 
1195.89 1.02302e-06 
1195.9 1.01164e-06 
1195.91 1.00034e-06 
1195.92 9.89108e-07 
1195.93 9.77964e-07 
1195.94 9.66908e-07 
1195.95 9.55947e-07 
1195.96 9.45084e-07 
1195.97 9.34326e-07 
1195.98 9.2355e-07 
1195.99 9.13016e-07 
1196 9.02601e-07 
1196.01 8.92309e-07 
1196.02 8.82143e-07 
1196.03 8.7211e-07 
1196.04 8.62212e-07 
1196.05 8.52454e-07 
1196.06 8.4284e-07 
1196.07 8.33373e-07 
1196.08 8.24057e-07 
1196.09 8.14896e-07 
1196.1 8.05891e-07 
1196.11 7.97049e-07 
1196.12 7.88369e-07 
1196.13 7.79857e-07 
1196.14 7.71514e-07 
1196.15 7.63344e-07 
1196.16 7.55348e-07 
1196.17 7.4753e-07 
1196.17 7.39891e-07 
1196.18 7.32433e-07 
1196.19 7.2516e-07 
1196.2 7.18072e-07 
1196.21 7.11172e-07 
1196.22 7.04386e-07 
1196.23 6.97866e-07 
1196.24 6.9154e-07 
1196.25 6.85407e-07 
1196.26 6.79469e-07 
1196.27 6.73726e-07 
1196.28 6.6818e-07 
1196.29 6.62831e-07 
1196.3 6.57682e-07 
1196.31 6.52731e-07 
1196.32 6.47979e-07 
1196.33 6.43428e-07 
1196.34 6.39077e-07 
1196.35 6.34926e-07 
1196.36 6.30977e-07 
1196.37 6.27228e-07 
1196.38 6.2368e-07 
1196.39 6.20334e-07 
1196.4 6.17187e-07 
1196.41 6.14241e-07 
1196.42 6.11495e-07 
1196.43 6.08948e-07 
1196.44 6.066e-07 
1196.45 6.04451e-07 
1196.46 6.02499e-07 
1196.47 6.00743e-07 
1196.48 5.99172e-07 
1196.49 5.97809e-07 
1196.5 5.9664e-07 
1196.51 5.95664e-07 
1196.52 5.94878e-07 
1196.53 5.94284e-07 
1196.54 5.93877e-07 
1196.55 5.93657e-07 
1196.56 5.93623e-07 
1196.57 5.93773e-07 
1196.58 5.94105e-07 
1196.59 5.94618e-07 
1196.6 5.95309e-07 
1196.6 5.96546e-07 
1196.61 5.97589e-07 
1196.62 5.98804e-07 
1196.63 6.00191e-07 
1196.64 6.01745e-07 
1196.65 6.03464e-07 
1196.66 6.05348e-07 
1196.67 6.07392e-07 
1196.68 6.09595e-07 
1196.69 6.11953e-07 
1196.7 6.14464e-07 
1196.71 6.17126e-07 
1196.72 6.19935e-07 
1196.73 6.22934e-07 
1196.74 6.2603e-07 
1196.75 6.29264e-07 
1196.76 6.32634e-07 
1196.77 6.36135e-07 
1196.78 6.39765e-07 
1196.79 6.4352e-07 
1196.8 6.47396e-07 
1196.81 6.51391e-07 
1196.82 6.55499e-07 
1196.83 6.59719e-07 
1196.84 6.64046e-07 
1196.85 6.68476e-07 
1196.86 6.73004e-07 
1196.87 6.77629e-07 
1196.88 6.82344e-07 
1196.89 6.87147e-07 
1196.9 6.92032e-07 
1196.91 6.96996e-07 
1196.92 7.02035e-07 
1196.93 7.07143e-07 
1196.94 7.12318e-07 
1196.95 7.17553e-07 
1196.96 7.22846e-07 
1196.97 7.28191e-07 
1196.98 7.33659e-07 
1196.99 7.39095e-07 
1197 7.44569e-07 
1197.01 7.50077e-07 
1197.02 7.55614e-07 
1197.03 7.61175e-07 
1197.03 7.66754e-07 
1197.04 7.72349e-07 
1197.05 7.77953e-07 
1197.06 7.83562e-07 
1197.07 7.8917e-07 
1197.08 7.94774e-07 
1197.09 8.00367e-07 
1197.1 8.05946e-07 
1197.11 8.11504e-07 
1197.12 8.17039e-07 
1197.13 8.22544e-07 
1197.14 8.28014e-07 
1197.15 8.33445e-07 
1197.16 8.38833e-07 
1197.17 8.44171e-07 
1197.18 8.49457e-07 
1197.19 8.54685e-07 
1197.2 8.59849e-07 
1197.21 8.64946e-07 
1197.22 8.69972e-07 
1197.23 8.74991e-07 
1197.24 8.79858e-07 
1197.25 8.84641e-07 
1197.26 8.89334e-07 
1197.27 8.93933e-07 
1197.28 8.98434e-07 
1197.29 9.02835e-07 
1197.3 9.07131e-07 
1197.31 9.11316e-07 
1197.32 9.1539e-07 
1197.33 9.19347e-07 
1197.34 9.23183e-07 
1197.35 9.26897e-07 
1197.36 9.30484e-07 
1197.37 9.33942e-07 
1197.38 9.37268e-07 
1197.39 9.4046e-07 
1197.4 9.43512e-07 
1197.41 9.46426e-07 
1197.42 9.49196e-07 
1197.43 9.51824e-07 
1197.44 9.54304e-07 
1197.45 9.56635e-07 
1197.45 9.58817e-07 
1197.46 9.60847e-07 
1197.47 9.62725e-07 
1197.48 9.64478e-07 
1197.49 9.66045e-07 
1197.5 9.67457e-07 
1197.51 9.68712e-07 
1197.52 9.69811e-07 
1197.53 9.70753e-07 
1197.54 9.71539e-07 
1197.55 9.72168e-07 
1197.56 9.72641e-07 
1197.57 9.72959e-07 
1197.58 9.73121e-07 
1197.59 9.7313e-07 
1197.6 9.72988e-07 
1197.61 9.73296e-07 
1197.62 9.72851e-07 
1197.63 9.72259e-07 
1197.64 9.71521e-07 
1197.65 9.70639e-07 
1197.66 9.69615e-07 
1197.67 9.68452e-07 
1197.68 9.67152e-07 
1197.69 9.6572e-07 
1197.7 9.64157e-07 
1197.71 9.62467e-07 
1197.72 9.60654e-07 
1197.73 9.58703e-07 
1197.74 9.56651e-07 
1197.75 9.54485e-07 
1197.76 9.52213e-07 
1197.77 9.49835e-07 
1197.78 9.47358e-07 
1197.79 9.44786e-07 
1197.8 9.42122e-07 
1197.81 9.39373e-07 
1197.82 9.36542e-07 
1197.83 9.33635e-07 
1197.84 9.30657e-07 
1197.85 9.27613e-07 
1197.86 9.2451e-07 
1197.87 9.21351e-07 
1197.88 9.18142e-07 
1197.88 9.14889e-07 
1197.89 9.11598e-07 
1197.9 9.08274e-07 
1197.91 9.04925e-07 
1197.92 9.01552e-07 
1197.93 8.98165e-07 
1197.94 8.94769e-07 
1197.95 8.91369e-07 
1197.96 8.87971e-07 
1197.97 8.84582e-07 
1197.98 8.81174e-07 
1197.99 8.7782e-07 
1198 8.74492e-07 
1198.01 8.71196e-07 
1198.02 8.67938e-07 
1198.03 8.64723e-07 
1198.04 8.61557e-07 
1198.05 8.58446e-07 
1198.06 8.55397e-07 
1198.07 8.52413e-07 
1198.08 8.49501e-07 
1198.09 8.46665e-07 
1198.1 8.43911e-07 
1198.11 8.41245e-07 
1198.12 8.38672e-07 
1198.13 8.36195e-07 
1198.14 8.3382e-07 
1198.15 8.31551e-07 
1198.16 8.29393e-07 
1198.17 8.27351e-07 
1198.18 8.25427e-07 
1198.19 8.23627e-07 
1198.2 8.21954e-07 
1198.21 8.20411e-07 
1198.22 8.19003e-07 
1198.23 8.17726e-07 
1198.24 8.16598e-07 
1198.25 8.15612e-07 
1198.26 8.14773e-07 
1198.27 8.14081e-07 
1198.28 8.1354e-07 
1198.29 8.13151e-07 
1198.3 8.12917e-07 
1198.3 8.12838e-07 
1198.31 8.12916e-07 
1198.32 8.13153e-07 
1198.33 8.13548e-07 
1198.34 8.14103e-07 
1198.35 8.14816e-07 
1198.36 8.15691e-07 
1198.37 8.16725e-07 
1198.38 8.17918e-07 
1198.39 8.1927e-07 
1198.4 8.20781e-07 
1198.41 8.22448e-07 
1198.42 8.24271e-07 
1198.43 8.26248e-07 
1198.44 8.28377e-07 
1198.45 8.30656e-07 
1198.46 8.33083e-07 
1198.47 8.35656e-07 
1198.48 8.38416e-07 
1198.49 8.41274e-07 
1198.5 8.44268e-07 
1198.51 8.47396e-07 
1198.52 8.50654e-07 
1198.53 8.54039e-07 
1198.54 8.57546e-07 
1198.55 8.61171e-07 
1198.56 8.64911e-07 
1198.57 8.68761e-07 
1198.58 8.72716e-07 
1198.59 8.76772e-07 
1198.6 8.80923e-07 
1198.61 8.85712e-07 
1198.62 8.90044e-07 
1198.63 8.94454e-07 
1198.64 8.9894e-07 
1198.65 9.03496e-07 
1198.66 9.08116e-07 
1198.67 9.12794e-07 
1198.68 9.17525e-07 
1198.69 9.22304e-07 
1198.7 9.27124e-07 
1198.71 9.3198e-07 
1198.72 9.36866e-07 
1198.73 9.41847e-07 
1198.73 9.46775e-07 
1198.74 9.51715e-07 
1198.75 9.56661e-07 
1198.76 9.61608e-07 
1198.77 9.66551e-07 
1198.78 9.71482e-07 
1198.79 9.76397e-07 
1198.8 9.8129e-07 
1198.81 9.86156e-07 
1198.82 9.90989e-07 
1198.83 9.95783e-07 
1198.84 1.00053e-06 
1198.85 1.00524e-06 
1198.86 1.00989e-06 
1198.87 1.01448e-06 
1198.88 1.01901e-06 
1198.89 1.02347e-06 
1198.9 1.02786e-06 
1198.91 1.03218e-06 
1198.92 1.03641e-06 
1198.93 1.04057e-06 
1198.94 1.04463e-06 
1198.95 1.04861e-06 
1198.96 1.05249e-06 
1198.97 1.05628e-06 
1198.98 1.06003e-06 
1198.99 1.06362e-06 
1199 1.0671e-06 
1199.01 1.07048e-06 
1199.02 1.07376e-06 
1199.03 1.07693e-06 
1199.04 1.07999e-06 
1199.05 1.08294e-06 
1199.06 1.08577e-06 
1199.07 1.0885e-06 
1199.08 1.09112e-06 
1199.09 1.09363e-06 
1199.1 1.09603e-06 
1199.11 1.09832e-06 
1199.12 1.1005e-06 
1199.13 1.10257e-06 
1199.14 1.10454e-06 
1199.15 1.10641e-06 
1199.15 1.10817e-06 
1199.16 1.10984e-06 
1199.17 1.11141e-06 
1199.18 1.11289e-06 
1199.19 1.11427e-06 
1199.2 1.11557e-06 
1199.21 1.11678e-06 
1199.22 1.11794e-06 
1199.23 1.119e-06 
1199.24 1.11998e-06 
1199.25 1.1209e-06 
1199.26 1.12176e-06 
1199.27 1.12255e-06 
1199.28 1.1233e-06 
1199.29 1.12399e-06 
1199.3 1.12464e-06 
1199.31 1.12526e-06 
1199.32 1.12584e-06 
1199.33 1.12639e-06 
1199.34 1.12693e-06 
1199.35 1.12745e-06 
1199.36 1.12796e-06 
1199.37 1.12846e-06 
1199.38 1.12897e-06 
1199.39 1.12949e-06 
1199.4 1.13002e-06 
1199.41 1.13058e-06 
1199.42 1.13116e-06 
1199.43 1.13178e-06 
1199.44 1.13244e-06 
1199.45 1.13314e-06 
1199.46 1.1339e-06 
1199.47 1.13471e-06 
1199.48 1.13561e-06 
1199.49 1.13656e-06 
1199.5 1.13758e-06 
1199.51 1.13869e-06 
1199.52 1.13989e-06 
1199.53 1.14118e-06 
1199.54 1.14258e-06 
1199.55 1.14407e-06 
1199.56 1.14568e-06 
1199.57 1.1474e-06 
1199.58 1.14924e-06 
1199.58 1.1512e-06 
1199.59 1.1533e-06 
1199.6 1.15553e-06 
1199.61 1.15861e-06 
1199.62 1.16112e-06 
1199.63 1.16378e-06 
1199.64 1.16658e-06 
1199.65 1.16954e-06 
1199.66 1.17266e-06 
1199.67 1.17593e-06 
1199.68 1.17937e-06 
1199.69 1.18296e-06 
1199.7 1.18673e-06 
1199.71 1.19066e-06 
1199.72 1.19476e-06 
1199.73 1.1991e-06 
1199.74 1.20355e-06 
1199.75 1.20817e-06 
1199.76 1.21296e-06 
1199.77 1.21793e-06 
1199.78 1.22307e-06 
1199.79 1.22838e-06 
1199.8 1.23387e-06 
1199.81 1.23953e-06 
1199.82 1.24536e-06 
1199.83 1.25136e-06 
1199.84 1.25753e-06 
1199.85 1.26387e-06 
1199.86 1.27038e-06 
1199.87 1.27704e-06 
1199.88 1.28387e-06 
1199.89 1.29085e-06 
1199.9 1.29799e-06 
1199.91 1.30528e-06 
1199.92 1.31272e-06 
1199.93 1.32031e-06 
1199.94 1.32803e-06 
1199.95 1.3359e-06 
1199.96 1.3439e-06 
1199.97 1.35202e-06 
1199.98 1.36039e-06 
1199.99 1.36877e-06 
1200 1.37726e-06 
1200.01 1.38587e-06 
1200.01 1.39458e-06 
1200.02 1.40339e-06 
1200.03 1.4123e-06 
1200.04 1.42131e-06 
1200.05 1.4304e-06 
1200.06 1.43957e-06 
1200.07 1.44882e-06 
1200.08 1.45814e-06 
1200.09 1.46752e-06 
1200.1 1.47697e-06 
1200.11 1.48648e-06 
1200.12 1.49603e-06 
1200.13 1.50563e-06 
1200.14 1.51528e-06 
1200.15 1.52496e-06 
1200.16 1.53467e-06 
1200.17 1.5444e-06 
1200.18 1.55416e-06 
1200.19 1.56393e-06 
1200.2 1.57372e-06 
1200.21 1.58351e-06 
1200.22 1.59331e-06 
1200.23 1.60324e-06 
1200.24 1.61303e-06 
1200.25 1.62282e-06 
1200.26 1.63259e-06 
1200.27 1.64235e-06 
1200.28 1.65208e-06 
1200.29 1.6618e-06 
1200.3 1.67149e-06 
1200.31 1.68116e-06 
1200.32 1.6908e-06 
1200.33 1.7004e-06 
1200.34 1.70997e-06 
1200.35 1.71951e-06 
1200.36 1.72901e-06 
1200.37 1.73847e-06 
1200.38 1.7479e-06 
1200.39 1.75728e-06 
1200.4 1.76663e-06 
1200.41 1.77593e-06 
1200.42 1.7852e-06 
1200.43 1.79442e-06 
1200.43 1.80361e-06 
1200.44 1.81276e-06 
1200.45 1.82187e-06 
1200.46 1.83094e-06 
1200.47 1.83998e-06 
1200.48 1.84911e-06 
1200.49 1.85808e-06 
1200.5 1.86703e-06 
1200.51 1.87595e-06 
1200.52 1.88485e-06 
1200.53 1.89372e-06 
1200.54 1.90258e-06 
1200.55 1.91142e-06 
1200.56 1.92025e-06 
1200.57 1.92907e-06 
1200.58 1.93789e-06 
1200.59 1.94671e-06 
1200.6 1.95553e-06 
1200.61 1.96557e-06 
1200.62 1.97441e-06 
1200.63 1.98326e-06 
1200.64 1.99214e-06 
1200.65 2.00104e-06 
1200.66 2.00996e-06 
1200.67 2.01892e-06 
1200.68 2.02791e-06 
1200.69 2.03695e-06 
1200.7 2.04603e-06 
1200.71 2.05515e-06 
1200.72 2.06433e-06 
1200.73 2.07369e-06 
1200.74 2.08299e-06 
1200.75 2.09236e-06 
1200.76 2.10179e-06 
1200.77 2.11129e-06 
1200.78 2.12087e-06 
1200.79 2.13053e-06 
1200.8 2.14027e-06 
1200.81 2.15009e-06 
1200.82 2.16e-06 
1200.83 2.17e-06 
1200.84 2.18009e-06 
1200.85 2.19028e-06 
1200.85 2.20056e-06 
1200.86 2.21093e-06 
1200.87 2.2214e-06 
1200.88 2.23197e-06 
1200.89 2.24264e-06 
1200.9 2.2534e-06 
1200.91 2.26426e-06 
1200.92 2.27522e-06 
1200.93 2.28626e-06 
1200.94 2.29741e-06 
1200.95 2.30864e-06 
1200.96 2.31996e-06 
1200.97 2.33136e-06 
1200.98 2.343e-06 
1200.99 2.35457e-06 
1201 2.3662e-06 
1201.01 2.37791e-06 
1201.02 2.38968e-06 
1201.03 2.40151e-06 
1201.04 2.41339e-06 
1201.05 2.42531e-06 
1201.06 2.43727e-06 
1201.07 2.44927e-06 
1201.08 2.46128e-06 
1201.09 2.47331e-06 
1201.1 2.48534e-06 
1201.11 2.49737e-06 
1201.12 2.50939e-06 
1201.13 2.52138e-06 
1201.14 2.53334e-06 
1201.15 2.54525e-06 
1201.16 2.55711e-06 
1201.17 2.5689e-06 
1201.18 2.58062e-06 
1201.19 2.59224e-06 
1201.2 2.60375e-06 
1201.21 2.61516e-06 
1201.22 2.62643e-06 
1201.23 2.6377e-06 
1201.24 2.64866e-06 
1201.25 2.65946e-06 
1201.26 2.67007e-06 
1201.27 2.68049e-06 
1201.28 2.69069e-06 
1201.28 2.70066e-06 
1201.29 2.71039e-06 
1201.3 2.71986e-06 
1201.31 2.72906e-06 
1201.32 2.73798e-06 
1201.33 2.74659e-06 
1201.34 2.75489e-06 
1201.35 2.76285e-06 
1201.36 2.77047e-06 
1201.37 2.77773e-06 
1201.38 2.78462e-06 
1201.39 2.79111e-06 
1201.4 2.79721e-06 
1201.41 2.80288e-06 
1201.42 2.80813e-06 
1201.43 2.81293e-06 
1201.44 2.81727e-06 
1201.45 2.82115e-06 
1201.46 2.82454e-06 
1201.47 2.82744e-06 
1201.48 2.82986e-06 
1201.49 2.83172e-06 
1201.5 2.83306e-06 
1201.51 2.83386e-06 
1201.52 2.8341e-06 
1201.53 2.83379e-06 
1201.54 2.83291e-06 
1201.55 2.83145e-06 
1201.56 2.82941e-06 
1201.57 2.82677e-06 
1201.58 2.82354e-06 
1201.59 2.8197e-06 
1201.6 2.81524e-06 
1201.61 2.81191e-06 
1201.62 2.80622e-06 
1201.63 2.7999e-06 
1201.64 2.79296e-06 
1201.65 2.78538e-06 
1201.66 2.77717e-06 
1201.67 2.76833e-06 
1201.68 2.75886e-06 
1201.69 2.74875e-06 
1201.7 2.73801e-06 
1201.7 2.72664e-06 
1201.71 2.71464e-06 
1201.72 2.70185e-06 
1201.73 2.68859e-06 
1201.74 2.67472e-06 
1201.75 2.66023e-06 
1201.76 2.64514e-06 
1201.77 2.62944e-06 
1201.78 2.61315e-06 
1201.79 2.59628e-06 
1201.8 2.57883e-06 
1201.81 2.5608e-06 
1201.82 2.54222e-06 
1201.83 2.52309e-06 
1201.84 2.50342e-06 
1201.85 2.48322e-06 
1201.86 2.4625e-06 
1201.87 2.44128e-06 
1201.88 2.41957e-06 
1201.89 2.39738e-06 
1201.9 2.37473e-06 
1201.91 2.35162e-06 
1201.92 2.32808e-06 
1201.93 2.30412e-06 
1201.94 2.27975e-06 
1201.95 2.25499e-06 
1201.96 2.22985e-06 
1201.97 2.20436e-06 
1201.98 2.1782e-06 
1201.99 2.15204e-06 
1202 2.12557e-06 
1202.01 2.09881e-06 
1202.02 2.07177e-06 
1202.03 2.04448e-06 
1202.04 2.01695e-06 
1202.05 1.9892e-06 
1202.06 1.96125e-06 
1202.07 1.93311e-06 
1202.08 1.9048e-06 
1202.09 1.87635e-06 
1202.1 1.84776e-06 
1202.11 1.81906e-06 
1202.12 1.79027e-06 
1202.13 1.76139e-06 
1202.13 1.73246e-06 
1202.14 1.70348e-06 
1202.15 1.67447e-06 
1202.16 1.64546e-06 
1202.17 1.61645e-06 
1202.18 1.58747e-06 
1202.19 1.55853e-06 
1202.2 1.52964e-06 
1202.21 1.50083e-06 
1202.22 1.47174e-06 
1202.23 1.44312e-06 
1202.24 1.41462e-06 
1202.25 1.38624e-06 
1202.26 1.35802e-06 
1202.27 1.32996e-06 
1202.28 1.30207e-06 
1202.29 1.27436e-06 
1202.3 1.24686e-06 
1202.31 1.21957e-06 
1202.32 1.1925e-06 
1202.33 1.16566e-06 
1202.34 1.13908e-06 
1202.35 1.11275e-06 
1202.36 1.08668e-06 
1202.37 1.06089e-06 
1202.38 1.03539e-06 
1202.39 1.01018e-06 
1202.4 9.85275e-07 
1202.41 9.60679e-07 
1202.42 9.364e-07 
1202.43 9.12445e-07 
1202.44 8.88822e-07 
1202.45 8.65536e-07 
1202.46 8.42591e-07 
1202.47 8.19994e-07 
1202.48 7.97474e-07 
1202.49 7.75591e-07 
1202.5 7.54068e-07 
1202.51 7.32907e-07 
1202.52 7.12115e-07 
1202.53 6.9169e-07 
1202.54 6.71637e-07 
1202.55 6.51957e-07 
1202.56 6.32651e-07 
1202.56 6.13721e-07 
1202.57 5.95166e-07 
1202.58 5.76987e-07 
1202.59 5.59186e-07 
1202.6 5.41758e-07 
1202.61 5.2503e-07 
1202.62 5.08341e-07 
1202.63 4.92024e-07 
1202.64 4.76079e-07 
1202.65 4.60502e-07 
1202.66 4.45291e-07 
1202.67 4.30445e-07 
1202.68 4.15959e-07 
1202.69 4.01832e-07 
1202.7 3.88059e-07 
1202.71 3.74638e-07 
1202.72 3.61565e-07 
1202.73 3.48678e-07 
1202.74 3.36292e-07 
1202.75 3.24241e-07 
1202.76 3.12522e-07 
1202.77 3.01128e-07 
1202.78 2.90057e-07 
1202.79 2.79302e-07 
1202.8 2.68859e-07 
1202.81 2.58723e-07 
1202.82 2.48889e-07 
1202.83 2.39351e-07 
1202.84 2.30104e-07 
1202.85 2.21143e-07 
1202.86 2.12461e-07 
1202.87 2.04055e-07 
1202.88 1.95918e-07 
1202.89 1.88044e-07 
1202.9 1.80429e-07 
1202.91 1.73066e-07 
1202.92 1.65949e-07 
1202.93 1.59073e-07 
1202.94 1.52433e-07 
1202.95 1.46023e-07 
1202.96 1.39837e-07 
1202.97 1.3387e-07 
1202.98 1.28116e-07 
1202.98 1.22501e-07 
1202.99 1.17159e-07 
1203 1.12013e-07 
1203.01 1.07059e-07 
1203.02 1.0229e-07 
1203.03 9.77026e-08 
1203.04 9.32902e-08 
1203.05 8.90482e-08 
1203.06 8.49716e-08 
1203.07 8.10552e-08 
1203.08 7.72942e-08 
1203.09 7.36837e-08 
1203.1 7.02191e-08 
1203.11 6.68956e-08 
1203.12 6.37087e-08 
1203.13 6.06539e-08 
1203.14 5.77269e-08 
1203.15 5.49232e-08 
1203.16 5.22386e-08 
1203.17 4.96692e-08 
1203.18 4.72108e-08 
1203.19 4.48594e-08 
1203.2 4.26113e-08 
1203.21 4.04626e-08 
1203.22 3.84099e-08 
1203.23 3.64254e-08 
1203.24 3.45548e-08 
1203.25 3.27696e-08 
1203.26 3.10665e-08 
1203.27 2.94424e-08 
1203.28 2.7894e-08 
1203.29 2.64185e-08 
1203.3 2.50129e-08 
1203.31 2.36743e-08 
1203.32 2.24001e-08 
1203.33 2.11876e-08 
1203.34 2.00342e-08 
1203.35 1.89374e-08 
1203.36 1.78948e-08 
1203.37 1.69041e-08 
1203.38 1.5963e-08 
1203.39 1.50694e-08 
1203.4 1.42213e-08 
1203.41 1.34164e-08 
1203.41 1.2653e-08 
1203.42 1.19292e-08 
1203.43 1.12431e-08 
1203.44 1.0593e-08 
1203.45 9.97722e-09 
1203.46 9.3942e-09 
1203.47 8.84235e-09 
1203.48 8.31387e-09 
1203.49 7.82036e-09 
1203.5 7.35374e-09 
1203.51 6.91271e-09 
1203.52 6.49601e-09 
1203.53 6.10244e-09 
1203.54 5.73085e-09 
1203.55 5.38012e-09 
1203.56 5.04922e-09 
1203.57 4.73712e-09 
1203.58 4.44287e-09 
1203.59 4.16553e-09 
1203.6 3.90423e-09 
1203.61 3.66039e-09 
1203.62 3.42854e-09 
1203.63 3.21032e-09 
1203.64 3.00502e-09 
1203.65 2.81193e-09 
1203.66 2.63039e-09 
1203.67 2.45976e-09 
1203.68 2.29946e-09 
1203.69 2.1489e-09 
1203.7 2.00754e-09 
1203.71 1.87487e-09 
1203.72 1.75039e-09 
1203.73 1.63224e-09 
1203.74 1.52287e-09 
1203.75 1.42037e-09 
1203.76 1.32433e-09 
1203.77 1.23439e-09 
1203.78 1.15018e-09 
1203.79 1.07136e-09 
1203.8 9.97621e-10 
1203.81 9.28653e-10 
1203.82 8.64171e-10 
1203.83 8.03903e-10 
1203.83 7.47594e-10 
1203.84 6.95003e-10 
1203.85 6.45901e-10 
1203.86 6.00071e-10 
1203.87 5.57312e-10 
1203.88 5.1743e-10 
1203.89 4.80246e-10 
1203.9 4.45589e-10 
1203.91 4.13297e-10 
1203.92 3.83221e-10 
1203.93 3.55217e-10 
1203.94 3.29152e-10 
1203.95 3.049e-10 
1203.96 2.82343e-10 
1203.97 2.6137e-10 
1203.98 2.4164e-10 
1203.99 2.23543e-10 
1204 2.06734e-10 
1204.01 1.91127e-10 
1204.02 1.76639e-10 
1204.03 1.63197e-10 
1204.04 1.50729e-10 
1204.05 1.39168e-10 
1204.06 1.28451e-10 
1204.07 1.18521e-10 
1204.08 1.09323e-10 
1204.09 1.00806e-10 
1204.1 9.2922e-11 
1204.11 8.56267e-11 
1204.12 7.88784e-11 
1204.13 7.26383e-11 
1204.14 6.68699e-11 
1204.15 6.15395e-11 
1204.16 5.66156e-11 
1204.17 5.20686e-11 
1204.18 4.78711e-11 
1204.19 4.39977e-11 
1204.2 4.04245e-11 
1204.21 3.71293e-11 
1204.22 3.40916e-11 
1204.23 3.12587e-11 
1204.24 2.86824e-11 
1204.25 2.63099e-11 
1204.26 2.41258e-11 
1204.26 2.21157e-11 
1204.27 2.02665e-11 
1204.28 1.85658e-11 
1204.29 1.70024e-11 
1204.3 1.55654e-11 
1204.31 1.42453e-11 
1204.32 1.30329e-11 
1204.33 1.19198e-11 
1204.34 1.08982e-11 
1204.35 9.96085e-12 
1204.36 9.10119e-12 
1204.37 8.313e-12 
1204.38 7.59058e-12 
1204.39 6.9287e-12 
1204.4 6.32245e-12 
1204.41 5.76737e-12 
1204.42 5.2593e-12 
1204.43 4.79443e-12 
1204.44 4.36921e-12 
1204.45 3.98041e-12 
1204.46 3.62503e-12 
1204.47 3.30029e-12 
1204.48 3.00013e-12 
1204.49 2.72958e-12 
1204.5 2.48261e-12 
1204.51 2.25726e-12 
1204.52 2.05169e-12 
1204.53 1.86423e-12 
1204.54 1.69335e-12 
1204.55 1.53763e-12 
1204.56 1.39577e-12 
1204.57 1.26658e-12 
1204.58 1.14898e-12 
1204.59 1.04196e-12 
1204.6 9.44596e-13 
1204.61 8.56051e-13 
1204.62 7.7603e-13 
1204.63 7.02827e-13 
1204.64 6.36321e-13 
1204.65 5.7592e-13 
1204.66 5.21082e-13 
1204.67 4.71312e-13 
1204.68 4.26157e-13 
1204.68 3.85201e-13 
1204.69 3.48069e-13 
1204.7 3.14412e-13 
1204.71 2.83918e-13 
1204.72 2.55969e-13 
1204.73 2.30991e-13 
1204.74 2.08382e-13 
1204.75 1.87925e-13 
1204.76 1.69421e-13 
1204.77 1.52689e-13 
1204.78 1.37564e-13 
1204.79 1.23897e-13 
1204.8 1.11552e-13 
1204.81 1.00403e-13 
1204.82 9.03398e-14 
1204.83 8.12583e-14 
1204.84 7.3066e-14 
1204.85 6.56781e-14 
1204.86 5.90179e-14 
1204.87 5.30158e-14 
1204.88 4.76085e-14 
1204.89 4.27388e-14 
1204.9 3.83547e-14 
1204.91 3.4409e-14 
1204.92 3.08592e-14 
1204.93 2.76666e-14 
1204.94 2.47961e-14 
1204.95 2.22162e-14 
1204.96 1.98982e-14 
1204.97 1.78163e-14 
1204.98 1.59249e-14 
1204.99 1.42493e-14 
1205 1.27458e-14 
1205.01 1.13973e-14 
1205.02 1.01881e-14 
1205.03 9.10425e-15 
1205.04 8.13302e-15 
1205.05 7.26303e-15 
1205.06 6.48399e-15 
1205.07 5.78662e-15 
1205.08 5.16257e-15 
1205.09 4.6043e-15 
1205.1 4.10507e-15 
1205.11 3.65878e-15 
1205.11 3.25994e-15 
1205.12 2.90362e-15 
1205.13 2.58541e-15 
1205.14 2.30132e-15 
1205.15 2.04778e-15 
1205.16 1.82157e-15 
1205.17 1.61983e-15 
1205.18 1.43995e-15 
1205.19 1.27964e-15 
1205.2 1.1368e-15 
1205.21 1.00957e-15 
1205.22 8.95034e-16 
1205.23 7.94277e-16 
1205.24 7.04692e-16 
1205.25 6.25006e-16 
1205.26 5.54151e-16 
1205.27 4.91167e-16 
1205.28 4.352e-16 
1205.29 3.85484e-16 
1205.3 3.41337e-16 
1205.31 3.02146e-16 
1205.32 2.67368e-16 
1205.33 2.36515e-16 
1205.34 2.09155e-16 
1205.35 1.84899e-16 
1205.36 1.63403e-16 
1205.37 1.44358e-16 
1205.38 1.27492e-16 
1205.39 1.1256e-16 
1205.4 9.93436e-17 
1205.41 8.76506e-17 
1205.42 7.73087e-17 
1205.43 6.81648e-17 
1205.44 6.00828e-17 
1205.45 5.29418e-17 
1205.46 4.66342e-17 
1205.47 4.10647e-17 
1205.48 3.60944e-17 
1205.49 3.17598e-17 
1205.5 2.79392e-17 
1205.51 2.45702e-17 
1205.52 2.16004e-17 
1205.53 1.89834e-17 
1205.54 1.6678e-17 
1205.54 1.46478e-17 
1205.55 1.28605e-17 
1205.56 1.12876e-17 
1205.57 9.90383e-18 
1205.58 8.68688e-18 
1205.59 7.61697e-18 
1205.6 6.67666e-18 
1205.61 5.85411e-18 
1205.62 5.12807e-18 
1205.63 4.49061e-18 
1205.64 3.9311e-18 
1205.65 3.44019e-18 
1205.66 3.00959e-18 
1205.67 2.63203e-18 
1205.68 2.30109e-18 
1205.69 2.0111e-18 
1205.7 1.75708e-18 
1205.71 1.53464e-18 
1205.72 1.33993e-18 
1205.73 1.16755e-18 
1205.74 1.01874e-18 
1205.75 8.88611e-19 
1205.76 7.74849e-19 
1205.77 6.75431e-19 
1205.78 5.88576e-19 
1205.79 5.12723e-19 
1205.8 4.46499e-19 
1205.81 3.88702e-19 
1205.82 3.38276e-19 
1205.83 2.94296e-19 
1205.84 2.5595e-19 
1205.85 2.22527e-19 
1205.86 1.93406e-19 
1205.87 1.68041e-19 
1205.88 1.45955e-19 
1205.89 1.2673e-19 
1205.9 1.10002e-19 
1205.91 9.54507e-20 
1205.92 8.27971e-20 
1205.93 7.17976e-20 
1205.94 6.22389e-20 
1205.95 5.39353e-20 
1205.96 4.67242e-20 
1205.96 4.0464e-20 
1205.97 3.50311e-20 
1205.98 3.0263e-20 
1205.99 2.61826e-20 
1206 2.26449e-20 
1206.01 1.95788e-20 
1206.02 1.69224e-20 
1206.03 1.46216e-20 
1206.04 1.26295e-20 
1206.05 1.09052e-20 
1206.06 9.4133e-21 
1206.07 8.12283e-21 
1206.08 7.00699e-21 
1206.09 6.04245e-21 
1206.1 5.20899e-21 
1206.11 4.48903e-21 
1206.12 3.86731e-21 
1206.13 3.33061e-21 
1206.14 2.86746e-21 
1206.15 2.4679e-21 
1206.16 2.12333e-21 
1206.17 1.82627e-21 
1206.18 1.57026e-21 
1206.19 1.3497e-21 
1206.2 1.15973e-21 
1206.21 9.96183e-22 
1206.22 8.55417e-22 
1206.23 7.32901e-22 
1206.24 6.28926e-22 
1206.25 5.39525e-22 
1206.26 4.62681e-22 
1206.27 3.96652e-22 
1206.28 3.39935e-22 
1206.29 2.91234e-22 
1206.3 2.49428e-22 
1206.31 2.13553e-22 
1206.32 1.82779e-22 
1206.33 1.56388e-22 
1206.34 1.33764e-22 
1206.35 1.14376e-22 
1206.36 9.77659e-23 
1206.37 8.35408e-23 
1206.38 7.13621e-23 
1206.39 6.0939e-23 
1206.39 5.20213e-23 
1206.4 4.43941e-23 
1206.41 3.78728e-23 
1206.42 3.22989e-23 
1206.43 2.75364e-23 
1206.44 2.34684e-23 
1206.45 1.99949e-23 
1206.46 1.70299e-23 
1206.47 1.44999e-23 
1206.48 1.23168e-23 
1206.49 1.04801e-23 
1206.5 8.91438e-24 
1206.51 7.58009e-24 
1206.52 6.44341e-24 
1206.53 5.4754e-24 
1206.54 4.6513e-24 
1206.55 3.94994e-24 
1206.56 3.35325e-24 
1206.57 2.84577e-24 
1206.58 2.41431e-24 
1206.59 2.04759e-24 
1206.6 0 
