#energy geo_1 
1186.6 1.52742e-43 
1186.61 1.89175e-43 
1186.62 2.32616e-43 
1186.63 2.88667e-43 
1186.64 3.57331e-43 
1186.65 4.40008e-43 
1186.66 5.43704e-43 
1186.67 6.71222e-43 
1186.68 8.28167e-43 
1186.69 1.02155e-42 
1186.7 1.25977e-42 
1186.71 1.55264e-42 
1186.72 1.91417e-42 
1186.73 2.36539e-42 
1186.74 2.9133e-42 
1186.75 3.58592e-42 
1186.76 4.41409e-42 
1186.77 5.43283e-42 
1186.78 6.68139e-42 
1186.79 8.21862e-42 
1186.8 1.0102e-41 
1186.81 1.24155e-41 
1186.81 1.52545e-41 
1186.82 1.87354e-41 
1186.83 2.30051e-41 
1186.84 2.8239e-41 
1186.85 3.46513e-41 
1186.86 4.25084e-41 
1186.87 5.21297e-41 
1186.88 6.3909e-41 
1186.89 7.8327e-41 
1186.9 9.59665e-41 
1186.91 1.17541e-40 
1186.92 1.43923e-40 
1186.93 1.76173e-40 
1186.94 2.1558e-40 
1186.95 2.6372e-40 
1186.96 3.22512e-40 
1186.97 3.94286e-40 
1186.98 4.83093e-40 
1186.99 5.90238e-40 
1187 7.20922e-40 
1187.01 8.80268e-40 
1187.02 1.0745e-39 
1187.03 1.31119e-39 
1187.04 1.59951e-39 
1187.05 1.95063e-39 
1187.06 2.37809e-39 
1187.07 2.89833e-39 
1187.08 3.53128e-39 
1187.09 4.30113e-39 
1187.1 5.23718e-39 
1187.11 6.37497e-39 
1187.12 7.75754e-39 
1187.13 9.43703e-39 
1187.14 1.14766e-38 
1187.15 1.39526e-38 
1187.16 1.69575e-38 
1187.17 2.06032e-38 
1187.18 2.5025e-38 
1187.19 3.03863e-38 
1187.2 3.68847e-38 
1187.21 4.47591e-38 
1187.22 5.42976e-38 
1187.23 6.60074e-38 
1187.24 8.00242e-38 
1187.24 9.69875e-38 
1187.25 1.1751e-37 
1187.26 1.42332e-37 
1187.27 1.72342e-37 
1187.28 2.08616e-37 
1187.29 2.52446e-37 
1187.3 3.05391e-37 
1187.31 3.69325e-37 
1187.32 4.46505e-37 
1187.33 5.39646e-37 
1187.34 6.52015e-37 
1187.35 7.87538e-37 
1187.36 9.50934e-37 
1187.37 1.14788e-36 
1187.38 1.38518e-36 
1187.39 1.67102e-36 
1187.4 2.01522e-36 
1187.41 2.42956e-36 
1187.42 2.92819e-36 
1187.43 3.52806e-36 
1187.44 4.24951e-36 
1187.45 5.11689e-36 
1187.46 6.15942e-36 
1187.47 7.41205e-36 
1187.48 8.93727e-36 
1187.49 1.07481e-35 
1187.5 1.29219e-35 
1187.51 1.55304e-35 
1187.52 1.86598e-35 
1187.53 2.24129e-35 
1187.54 2.69124e-35 
1187.55 3.23052e-35 
1187.56 3.87666e-35 
1187.57 4.65059e-35 
1187.58 5.57731e-35 
1187.59 6.68661e-35 
1187.6 8.01407e-35 
1187.61 9.60807e-35 
1187.62 1.15084e-34 
1187.63 1.37803e-34 
1187.64 1.64955e-34 
1187.65 1.97397e-34 
1187.66 2.36145e-34 
1187.66 2.82413e-34 
1187.67 3.3764e-34 
1187.68 4.03543e-34 
1187.69 4.8216e-34 
1187.7 5.75914e-34 
1187.71 6.87685e-34 
1187.72 8.20893e-34 
1187.73 9.81766e-34 
1187.74 1.17121e-33 
1187.75 1.39677e-33 
1187.76 1.66526e-33 
1187.77 1.98475e-33 
1187.78 2.36479e-33 
1187.79 2.81674e-33 
1187.8 3.35402e-33 
1187.81 3.99254e-33 
1187.82 4.75115e-33 
1187.83 5.65215e-33 
1187.84 6.72193e-33 
1187.85 7.99171e-33 
1187.86 9.49841e-33 
1187.87 1.12857e-32 
1187.88 1.34051e-32 
1187.89 1.59176e-32 
1187.9 1.88951e-32 
1187.91 2.24227e-32 
1187.92 2.66006e-32 
1187.93 3.15471e-32 
1187.94 3.74019e-32 
1187.95 4.43296e-32 
1187.96 5.25241e-32 
1187.97 6.22142e-32 
1187.98 7.38247e-32 
1187.99 8.73899e-32 
1188 1.03416e-31 
1188.01 1.22342e-31 
1188.02 1.44688e-31 
1188.03 1.71062e-31 
1188.04 2.02181e-31 
1188.05 2.38887e-31 
1188.06 2.82169e-31 
1188.07 3.3319e-31 
1188.08 3.93315e-31 
1188.09 4.64145e-31 
1188.09 5.47561e-31 
1188.1 6.45769e-31 
1188.11 7.61354e-31 
1188.12 8.9735e-31 
1188.13 1.05731e-30 
1188.14 1.2454e-30 
1188.15 1.46649e-30 
1188.16 1.7263e-30 
1188.17 2.03151e-30 
1188.18 2.38993e-30 
1188.19 2.81073e-30 
1188.2 3.30459e-30 
1188.21 3.88401e-30 
1188.22 4.56362e-30 
1188.23 5.37127e-30 
1188.24 6.30718e-30 
1188.25 7.40387e-30 
1188.26 8.68856e-30 
1188.27 1.0193e-29 
1188.28 1.19542e-29 
1188.29 1.40155e-29 
1188.3 1.6427e-29 
1188.31 1.92475e-29 
1188.32 2.25453e-29 
1188.33 2.63999e-29 
1188.34 3.0904e-29 
1188.35 3.61653e-29 
1188.36 4.23092e-29 
1188.37 4.94815e-29 
1188.38 5.78518e-29 
1188.39 6.7617e-29 
1188.4 7.9006e-29 
1188.41 9.22848e-29 
1188.42 1.07762e-28 
1188.43 1.25796e-28 
1188.44 1.46802e-28 
1188.45 1.71263e-28 
1188.46 1.99738e-28 
1188.47 2.32875e-28 
1188.48 2.71945e-28 
1188.49 3.16864e-28 
1188.5 3.69088e-28 
1188.51 4.29786e-28 
1188.52 5.00311e-28 
1188.52 5.82228e-28 
1188.53 6.77347e-28 
1188.54 7.87762e-28 
1188.55 9.15892e-28 
1188.56 1.06453e-27 
1188.57 1.23691e-27 
1188.58 1.43676e-27 
1188.59 1.66838e-27 
1188.6 1.93794e-27 
1188.61 2.24897e-27 
1188.62 2.60909e-27 
1188.63 3.02595e-27 
1188.64 3.50833e-27 
1188.65 4.06634e-27 
1188.66 4.71164e-27 
1188.67 5.45765e-27 
1188.68 6.31983e-27 
1188.69 7.31594e-27 
1188.7 8.46642e-27 
1188.71 9.7948e-27 
1188.72 1.13281e-26 
1188.73 1.31211e-26 
1188.74 1.51656e-26 
1188.75 1.75233e-26 
1188.76 2.02412e-26 
1188.77 2.33734e-26 
1188.78 2.6982e-26 
1188.79 3.1138e-26 
1188.8 3.59231e-26 
1188.81 4.14306e-26 
1188.82 4.77677e-26 
1188.83 5.50571e-26 
1188.84 6.34391e-26 
1188.85 7.30747e-26 
1188.86 8.41476e-26 
1188.87 9.68683e-26 
1188.88 1.11478e-25 
1188.89 1.2825e-25 
1188.9 1.47501e-25 
1188.91 1.69589e-25 
1188.92 1.94923e-25 
1188.93 2.23973e-25 
1188.94 2.57273e-25 
1188.94 2.95432e-25 
1188.95 3.39146e-25 
1188.96 3.89207e-25 
1188.97 4.46519e-25 
1188.98 5.12989e-25 
1188.99 5.88162e-25 
1189 6.74142e-25 
1189.01 7.72451e-25 
1189.02 8.84821e-25 
1189.03 1.01322e-24 
1189.04 1.1599e-24 
1189.05 1.3274e-24 
1189.06 1.51862e-24 
1189.07 1.73684e-24 
1189.08 1.98581e-24 
1189.09 2.26976e-24 
1189.1 2.59352e-24 
1189.11 2.96253e-24 
1189.12 3.38299e-24 
1189.13 3.86194e-24 
1189.14 4.40732e-24 
1189.15 5.02817e-24 
1189.16 5.7347e-24 
1189.17 6.53847e-24 
1189.18 7.4526e-24 
1189.19 8.49189e-24 
1189.2 9.67311e-24 
1189.21 1.10152e-23 
1189.22 1.25397e-23 
1189.23 1.42937e-23 
1189.24 1.62618e-23 
1189.25 1.8495e-23 
1189.26 2.10285e-23 
1189.27 2.39015e-23 
1189.28 2.71587e-23 
1189.29 3.08502e-23 
1189.3 3.50326e-23 
1189.31 3.97697e-23 
1189.32 4.51333e-23 
1189.33 5.12045e-23 
1189.34 5.80743e-23 
1189.35 6.58453e-23 
1189.36 7.46331e-23 
1189.36 8.45676e-23 
1189.37 9.57946e-23 
1189.38 1.08479e-22 
1189.39 1.22804e-22 
1189.4 1.38978e-22 
1189.41 1.57234e-22 
1189.42 1.77832e-22 
1189.43 2.01066e-22 
1189.44 2.27266e-22 
1189.45 2.568e-22 
1189.46 2.90082e-22 
1189.47 3.27577e-22 
1189.48 3.70362e-22 
1189.49 4.17972e-22 
1189.5 4.71556e-22 
1189.51 5.31845e-22 
1189.52 5.99655e-22 
1189.53 6.75902e-22 
1189.54 7.61608e-22 
1189.55 8.57915e-22 
1189.56 9.66101e-22 
1189.57 1.08759e-21 
1189.58 1.22398e-21 
1189.59 1.37705e-21 
1189.6 1.54878e-21 
1189.61 1.74247e-21 
1189.62 1.95856e-21 
1189.63 2.20076e-21 
1189.64 2.47214e-21 
1189.65 2.77613e-21 
1189.66 3.11654e-21 
1189.67 3.4976e-21 
1189.68 3.92404e-21 
1189.69 4.40111e-21 
1189.7 4.93464e-21 
1189.71 5.53114e-21 
1189.72 6.19783e-21 
1189.73 6.95256e-21 
1189.74 7.78572e-21 
1189.75 8.71602e-21 
1189.76 9.75445e-21 
1189.77 1.09132e-20 
1189.78 1.22058e-20 
1189.79 1.36474e-20 
1189.79 1.52544e-20 
1189.8 1.70454e-20 
1189.81 1.90407e-20 
1189.82 2.12631e-20 
1189.83 2.37374e-20 
1189.84 2.64915e-20 
1189.85 2.9556e-20 
1189.86 3.29647e-20 
1189.87 3.67552e-20 
1189.88 4.09688e-20 
1189.89 4.56513e-20 
1189.9 5.08533e-20 
1189.91 5.66304e-20 
1189.92 6.30443e-20 
1189.93 7.01629e-20 
1189.94 7.80611e-20 
1189.95 8.68215e-20 
1189.96 9.65351e-20 
1189.97 1.07302e-19 
1189.98 1.1939e-19 
1189.99 1.32624e-19 
1190 1.47278e-19 
1190.01 1.63502e-19 
1190.02 1.81456e-19 
1190.03 2.01319e-19 
1190.04 2.23287e-19 
1190.05 2.47576e-19 
1190.06 2.74422e-19 
1190.07 3.04085e-19 
1190.08 3.36849e-19 
1190.09 3.73029e-19 
1190.1 4.12966e-19 
1190.11 4.57037e-19 
1190.12 5.05654e-19 
1190.13 5.5927e-19 
1190.14 6.1838e-19 
1190.15 6.83524e-19 
1190.16 7.55297e-19 
1190.17 8.34349e-19 
1190.18 9.21388e-19 
1190.19 1.01719e-18 
1190.2 1.12261e-18 
1190.21 1.23857e-18 
1190.21 1.36608e-18 
1190.22 1.50809e-18 
1190.23 1.66231e-18 
1190.24 1.83174e-18 
1190.25 2.01781e-18 
1190.26 2.22209e-18 
1190.27 2.4463e-18 
1190.28 2.69229e-18 
1190.29 2.96211e-18 
1190.3 3.25795e-18 
1190.31 3.58222e-18 
1190.32 3.93756e-18 
1190.33 4.3268e-18 
1190.34 4.75304e-18 
1190.35 5.21966e-18 
1190.36 5.73031e-18 
1190.37 6.28896e-18 
1190.38 6.89995e-18 
1190.39 7.56794e-18 
1190.4 8.29803e-18 
1190.41 9.09574e-18 
1190.42 9.96704e-18 
1190.43 1.09184e-17 
1190.44 1.19569e-17 
1190.45 1.30901e-17 
1190.46 1.43263e-17 
1190.47 1.56743e-17 
1190.48 1.7163e-17 
1190.49 1.87663e-17 
1190.5 2.0513e-17 
1190.51 2.24152e-17 
1190.52 2.44863e-17 
1190.53 2.67405e-17 
1190.54 2.91931e-17 
1190.55 3.18609e-17 
1190.56 3.47616e-17 
1190.57 3.79147e-17 
1190.58 4.13409e-17 
1190.59 4.50628e-17 
1190.6 4.91046e-17 
1190.61 5.35255e-17 
1190.62 5.82902e-17 
1190.63 6.34593e-17 
1190.64 6.90654e-17 
1190.64 7.51434e-17 
1190.65 8.17311e-17 
1190.66 8.88686e-17 
1190.67 9.65996e-17 
1190.68 1.04971e-16 
1190.69 1.14032e-16 
1190.7 1.23836e-16 
1190.71 1.34443e-16 
1190.72 1.45912e-16 
1190.73 1.58472e-16 
1190.74 1.71884e-16 
1190.75 1.86373e-16 
1190.76 2.02021e-16 
1190.77 2.18915e-16 
1190.78 2.37149e-16 
1190.79 2.56821e-16 
1190.8 2.78039e-16 
1190.81 3.00917e-16 
1190.82 3.25577e-16 
1190.83 3.52148e-16 
1190.84 3.80769e-16 
1190.85 4.1159e-16 
1190.86 4.44767e-16 
1190.87 4.80469e-16 
1190.88 5.18877e-16 
1190.89 5.60181e-16 
1190.9 6.04586e-16 
1190.91 6.52308e-16 
1190.92 7.0358e-16 
1190.93 7.58646e-16 
1190.94 8.17768e-16 
1190.95 8.81225e-16 
1190.96 9.49312e-16 
1190.97 1.02234e-15 
1190.98 1.10166e-15 
1190.99 1.18567e-15 
1191 1.2757e-15 
1191.01 1.37213e-15 
1191.02 1.47539e-15 
1191.03 1.58594e-15 
1191.04 1.70424e-15 
1191.05 1.83079e-15 
1191.06 1.96614e-15 
1191.07 2.11084e-15 
1191.07 2.26548e-15 
1191.08 2.4307e-15 
1191.09 2.60716e-15 
1191.1 2.79557e-15 
1191.11 2.99666e-15 
1191.12 3.21122e-15 
1191.13 3.44008e-15 
1191.14 3.68411e-15 
1191.15 3.94423e-15 
1191.16 4.22141e-15 
1191.17 4.51667e-15 
1191.18 4.83108e-15 
1191.19 5.16578e-15 
1191.2 5.52196e-15 
1191.21 5.90087e-15 
1191.22 6.30383e-15 
1191.23 6.73775e-15 
1191.24 7.19337e-15 
1191.25 7.67744e-15 
1191.26 8.19154e-15 
1191.27 8.73736e-15 
1191.28 9.31667e-15 
1191.29 9.93132e-15 
1191.3 1.05832e-14 
1191.31 1.12745e-14 
1191.32 1.20072e-14 
1191.33 1.27835e-14 
1191.34 1.36058e-14 
1191.35 1.44766e-14 
1191.36 1.53983e-14 
1191.37 1.63736e-14 
1191.38 1.74054e-14 
1191.39 1.84965e-14 
1191.4 1.96499e-14 
1191.41 2.08688e-14 
1191.42 2.21564e-14 
1191.43 2.35163e-14 
1191.44 2.4952e-14 
1191.45 2.64671e-14 
1191.46 2.80656e-14 
1191.47 2.97515e-14 
1191.48 3.15525e-14 
1191.49 3.34265e-14 
1191.49 3.54017e-14 
1191.5 3.74821e-14 
1191.51 3.96726e-14 
1191.52 4.19783e-14 
1191.53 4.44043e-14 
1191.54 4.69563e-14 
1191.55 4.96397e-14 
1191.56 5.24605e-14 
1191.57 5.54246e-14 
1191.58 5.85385e-14 
1191.59 6.18085e-14 
1191.6 6.52819e-14 
1191.61 6.88868e-14 
1191.62 7.26688e-14 
1191.63 7.66353e-14 
1191.64 8.0794e-14 
1191.65 8.51527e-14 
1191.66 8.97196e-14 
1191.67 9.45032e-14 
1191.68 9.95121e-14 
1191.69 1.04755e-13 
1191.7 1.10242e-13 
1191.71 1.15982e-13 
1191.72 1.21984e-13 
1191.73 1.2834e-13 
1191.74 1.34902e-13 
1191.75 1.41759e-13 
1191.76 1.48921e-13 
1191.77 1.564e-13 
1191.78 1.64207e-13 
1191.79 1.72354e-13 
1191.8 1.80854e-13 
1191.81 1.8972e-13 
1191.82 1.98964e-13 
1191.83 2.08601e-13 
1191.84 2.18644e-13 
1191.85 2.29108e-13 
1191.86 2.40008e-13 
1191.87 2.51359e-13 
1191.88 2.63176e-13 
1191.89 2.75477e-13 
1191.9 2.88278e-13 
1191.91 3.01596e-13 
1191.92 3.1545e-13 
1191.92 3.29859e-13 
1191.93 3.44841e-13 
1191.94 3.60418e-13 
1191.95 3.7661e-13 
1191.96 3.93439e-13 
1191.97 4.10927e-13 
1191.98 4.29331e-13 
1191.99 4.48221e-13 
1192 4.67846e-13 
1192.01 4.88233e-13 
1192.02 5.09411e-13 
1192.03 5.3141e-13 
1192.04 5.54262e-13 
1192.05 5.78001e-13 
1192.06 6.02663e-13 
1192.07 6.28284e-13 
1192.08 6.54905e-13 
1192.09 6.82569e-13 
1192.1 7.11321e-13 
1192.11 7.4121e-13 
1192.12 7.72287e-13 
1192.13 8.04608e-13 
1192.14 8.38232e-13 
1192.15 8.73223e-13 
1192.16 9.09651e-13 
1192.17 9.47587e-13 
1192.18 9.87114e-13 
1192.19 1.02832e-12 
1192.2 1.07129e-12 
1192.21 1.11613e-12 
1192.22 1.16294e-12 
1192.23 1.21248e-12 
1192.24 1.26365e-12 
1192.25 1.31718e-12 
1192.26 1.37323e-12 
1192.27 1.43196e-12 
1192.28 1.49355e-12 
1192.29 1.55819e-12 
1192.3 1.62609e-12 
1192.31 1.69748e-12 
1192.32 1.77261e-12 
1192.33 1.85176e-12 
1192.34 1.93522e-12 
1192.34 2.0233e-12 
1192.35 2.11636e-12 
1192.36 2.21479e-12 
1192.37 2.31898e-12 
1192.38 2.4294e-12 
1192.39 2.54654e-12 
1192.4 2.67093e-12 
1192.41 2.80314e-12 
1192.42 2.94382e-12 
1192.43 3.09365e-12 
1192.44 3.25337e-12 
1192.45 3.42379e-12 
1192.46 3.6058e-12 
1192.47 3.80035e-12 
1192.48 4.01117e-12 
1192.49 4.2342e-12 
1192.5 4.47318e-12 
1192.51 4.72943e-12 
1192.52 5.00441e-12 
1192.53 5.29966e-12 
1192.54 5.61688e-12 
1192.55 5.95791e-12 
1192.56 6.32473e-12 
1192.57 6.71949e-12 
1192.58 7.14451e-12 
1192.59 7.60231e-12 
1192.6 8.0956e-12 
1192.61 8.63269e-12 
1192.62 9.20639e-12 
1192.63 9.82516e-12 
1192.64 1.04927e-11 
1192.65 1.1213e-11 
1192.66 1.19904e-11 
1192.67 1.28295e-11 
1192.68 1.37354e-11 
1192.69 1.47133e-11 
1192.7 1.57693e-11 
1192.71 1.69094e-11 
1192.72 1.81404e-11 
1192.73 1.94869e-11 
1192.74 2.09235e-11 
1192.75 2.24745e-11 
1192.76 2.41489e-11 
1192.77 2.59564e-11 
1192.77 2.79073e-11 
1192.78 3.00128e-11 
1192.79 3.22849e-11 
1192.8 3.47362e-11 
1192.81 3.73805e-11 
1192.82 4.02325e-11 
1192.83 4.33079e-11 
1192.84 4.66235e-11 
1192.85 5.01973e-11 
1192.86 5.40486e-11 
1192.87 5.81979e-11 
1192.88 6.26672e-11 
1192.89 6.748e-11 
1192.9 7.26613e-11 
1192.91 7.82378e-11 
1192.92 8.42381e-11 
1192.93 9.06926e-11 
1192.94 9.76337e-11 
1192.95 1.05096e-10 
1192.96 1.13116e-10 
1192.97 1.21733e-10 
1192.98 1.31109e-10 
1192.99 1.41056e-10 
1193 1.51734e-10 
1193.01 1.63193e-10 
1193.02 1.75485e-10 
1193.03 1.88668e-10 
1193.04 2.028e-10 
1193.05 2.17947e-10 
1193.06 2.34174e-10 
1193.07 2.51553e-10 
1193.08 2.7016e-10 
1193.09 2.90075e-10 
1193.1 3.11383e-10 
1193.11 3.34174e-10 
1193.12 3.58541e-10 
1193.13 3.84586e-10 
1193.14 4.12413e-10 
1193.15 4.42136e-10 
1193.16 4.73872e-10 
1193.17 5.07745e-10 
1193.18 5.43887e-10 
1193.19 5.82436e-10 
1193.19 6.23538e-10 
1193.2 6.67347e-10 
1193.21 7.14025e-10 
1193.22 7.64403e-10 
1193.23 8.17357e-10 
1193.24 8.73741e-10 
1193.25 9.3373e-10 
1193.26 9.97533e-10 
1193.27 1.06537e-09 
1193.28 1.13746e-09 
1193.29 1.21406e-09 
1193.3 1.29541e-09 
1193.31 1.38178e-09 
1193.32 1.47344e-09 
1193.33 1.57068e-09 
1193.34 1.6738e-09 
1193.35 1.78313e-09 
1193.36 1.89899e-09 
1193.37 2.02172e-09 
1193.38 2.15169e-09 
1193.39 2.28928e-09 
1193.4 2.43487e-09 
1193.41 2.58888e-09 
1193.42 2.75174e-09 
1193.43 2.92388e-09 
1193.44 3.10578e-09 
1193.45 3.2979e-09 
1193.46 3.50077e-09 
1193.47 3.71488e-09 
1193.48 3.9437e-09 
1193.49 4.18213e-09 
1193.5 4.43351e-09 
1193.51 4.69844e-09 
1193.52 4.97755e-09 
1193.53 5.2715e-09 
1193.54 5.58095e-09 
1193.55 5.9066e-09 
1193.56 6.24917e-09 
1193.57 6.60941e-09 
1193.58 6.98808e-09 
1193.59 7.38599e-09 
1193.6 7.80395e-09 
1193.61 8.24791e-09 
1193.62 8.70882e-09 
1193.62 9.19241e-09 
1193.63 9.69961e-09 
1193.64 1.02314e-08 
1193.65 1.07887e-08 
1193.66 1.13725e-08 
1193.67 1.19839e-08 
1193.68 1.2624e-08 
1193.69 1.32937e-08 
1193.7 1.39943e-08 
1193.71 1.47269e-08 
1193.72 1.54927e-08 
1193.73 1.6303e-08 
1193.74 1.71391e-08 
1193.75 1.8012e-08 
1193.76 1.8923e-08 
1193.77 1.98734e-08 
1193.78 2.08645e-08 
1193.79 2.18977e-08 
1193.8 2.29744e-08 
1193.81 2.40958e-08 
1193.82 2.52635e-08 
1193.83 2.64789e-08 
1193.84 2.77433e-08 
1193.85 2.90584e-08 
1193.86 3.04256e-08 
1193.87 3.18464e-08 
1193.88 3.33223e-08 
1193.89 3.48549e-08 
1193.9 3.64456e-08 
1193.91 3.80962e-08 
1193.92 3.9808e-08 
1193.93 4.15828e-08 
1193.94 4.34221e-08 
1193.95 4.53274e-08 
1193.96 4.73005e-08 
1193.97 4.93427e-08 
1193.98 5.14827e-08 
1193.99 5.36691e-08 
1194 5.59296e-08 
1194.01 5.82656e-08 
1194.02 6.06787e-08 
1194.03 6.31704e-08 
1194.04 6.57423e-08 
1194.05 6.83959e-08 
1194.05 7.11326e-08 
1194.06 7.39538e-08 
1194.07 7.68611e-08 
1194.08 7.98557e-08 
1194.09 8.2939e-08 
1194.1 8.61123e-08 
1194.11 8.93768e-08 
1194.12 9.27339e-08 
1194.13 9.61847e-08 
1194.14 9.97302e-08 
1194.15 1.03372e-07 
1194.16 1.0711e-07 
1194.17 1.10946e-07 
1194.18 1.1488e-07 
1194.19 1.18914e-07 
1194.2 1.23048e-07 
1194.21 1.27283e-07 
1194.22 1.3162e-07 
1194.23 1.36114e-07 
1194.24 1.40656e-07 
1194.25 1.453e-07 
1194.26 1.50047e-07 
1194.27 1.54897e-07 
1194.28 1.59849e-07 
1194.29 1.64905e-07 
1194.3 1.70063e-07 
1194.31 1.75323e-07 
1194.32 1.80685e-07 
1194.33 1.86148e-07 
1194.34 1.91712e-07 
1194.35 1.97375e-07 
1194.36 2.03137e-07 
1194.37 2.08997e-07 
1194.38 2.14954e-07 
1194.39 2.21005e-07 
1194.4 2.27151e-07 
1194.41 2.33389e-07 
1194.42 2.39717e-07 
1194.43 2.46134e-07 
1194.44 2.52637e-07 
1194.45 2.59225e-07 
1194.46 2.65895e-07 
1194.47 2.72645e-07 
1194.47 2.79559e-07 
1194.48 2.8646e-07 
1194.49 2.93434e-07 
1194.5 3.00477e-07 
1194.51 3.07585e-07 
1194.52 3.14755e-07 
1194.53 3.21983e-07 
1194.54 3.29267e-07 
1194.55 3.36602e-07 
1194.56 3.43985e-07 
1194.57 3.51411e-07 
1194.58 3.58877e-07 
1194.59 3.66378e-07 
1194.6 3.7391e-07 
1194.61 3.81705e-07 
1194.62 3.89291e-07 
1194.63 3.96893e-07 
1194.64 4.04508e-07 
1194.65 4.12131e-07 
1194.66 4.19756e-07 
1194.67 4.27378e-07 
1194.68 4.34993e-07 
1194.69 4.42596e-07 
1194.7 4.50179e-07 
1194.71 4.5774e-07 
1194.72 4.65271e-07 
1194.73 4.72861e-07 
1194.74 4.80317e-07 
1194.75 4.87727e-07 
1194.76 4.95086e-07 
1194.77 5.02388e-07 
1194.78 5.09627e-07 
1194.79 5.16798e-07 
1194.8 5.23895e-07 
1194.81 5.30913e-07 
1194.82 5.37845e-07 
1194.83 5.44687e-07 
1194.84 5.51432e-07 
1194.85 5.58075e-07 
1194.86 5.6461e-07 
1194.87 5.71033e-07 
1194.88 5.77338e-07 
1194.89 5.8352e-07 
1194.9 5.89573e-07 
1194.9 5.95493e-07 
1194.91 6.01275e-07 
1194.92 6.06913e-07 
1194.93 6.12403e-07 
1194.94 6.17741e-07 
1194.95 6.22923e-07 
1194.96 6.27943e-07 
1194.97 6.32798e-07 
1194.98 6.37542e-07 
1194.99 6.42054e-07 
1195 6.4639e-07 
1195.01 6.50546e-07 
1195.02 6.5452e-07 
1195.03 6.58308e-07 
1195.04 6.61909e-07 
1195.05 6.65319e-07 
1195.06 6.68537e-07 
1195.07 6.71561e-07 
1195.08 6.74389e-07 
1195.09 6.7702e-07 
1195.1 6.79452e-07 
1195.11 6.81686e-07 
1195.12 6.8372e-07 
1195.13 6.85554e-07 
1195.14 6.87189e-07 
1195.15 6.88624e-07 
1195.16 6.89861e-07 
1195.17 6.90901e-07 
1195.18 6.91744e-07 
1195.19 6.92393e-07 
1195.2 6.9285e-07 
1195.21 6.93116e-07 
1195.22 6.93195e-07 
1195.23 6.93087e-07 
1195.24 6.92798e-07 
1195.25 6.92331e-07 
1195.26 6.91691e-07 
1195.27 6.90882e-07 
1195.28 6.89908e-07 
1195.29 6.88774e-07 
1195.3 6.87487e-07 
1195.31 6.8605e-07 
1195.32 6.84472e-07 
1195.32 6.82756e-07 
1195.33 6.80911e-07 
1195.34 6.78943e-07 
1195.35 6.7686e-07 
1195.36 6.74669e-07 
1195.37 6.72378e-07 
1195.38 6.69995e-07 
1195.39 6.67528e-07 
1195.4 6.64987e-07 
1195.41 6.6238e-07 
1195.42 6.59717e-07 
1195.43 6.57007e-07 
1195.44 6.5426e-07 
1195.45 6.51485e-07 
1195.46 6.48695e-07 
1195.47 6.45897e-07 
1195.48 6.4307e-07 
1195.49 6.40293e-07 
1195.5 6.37543e-07 
1195.51 6.3483e-07 
1195.52 6.32167e-07 
1195.53 6.29565e-07 
1195.54 6.27035e-07 
1195.55 6.2459e-07 
1195.56 6.2224e-07 
1195.57 6.19999e-07 
1195.58 6.17879e-07 
1195.59 6.1589e-07 
1195.6 6.14047e-07 
1195.61 6.12738e-07 
1195.62 6.11219e-07 
1195.63 6.09881e-07 
1195.64 6.08735e-07 
1195.65 6.07795e-07 
1195.66 6.07072e-07 
1195.67 6.06578e-07 
1195.68 6.06324e-07 
1195.69 6.06322e-07 
1195.7 6.06584e-07 
1195.71 6.0712e-07 
1195.72 6.07942e-07 
1195.73 6.09076e-07 
1195.74 6.10505e-07 
1195.75 6.12251e-07 
1195.75 6.14324e-07 
1195.76 6.16734e-07 
1195.77 6.1949e-07 
1195.78 6.226e-07 
1195.79 6.26073e-07 
1195.8 6.29918e-07 
1195.81 6.34141e-07 
1195.82 6.3875e-07 
1195.83 6.43751e-07 
1195.84 6.49151e-07 
1195.85 6.54956e-07 
1195.86 6.61169e-07 
1195.87 6.67796e-07 
1195.88 6.74841e-07 
1195.89 6.82306e-07 
1195.9 6.90196e-07 
1195.91 6.9851e-07 
1195.92 7.07252e-07 
1195.93 7.16421e-07 
1195.94 7.26017e-07 
1195.95 7.3604e-07 
1195.96 7.46489e-07 
1195.97 7.5736e-07 
1195.98 7.68795e-07 
1195.99 7.80508e-07 
1196 7.92633e-07 
1196.01 8.05164e-07 
1196.02 8.18096e-07 
1196.03 8.31421e-07 
1196.04 8.45133e-07 
1196.05 8.59221e-07 
1196.06 8.73679e-07 
1196.07 8.88494e-07 
1196.08 9.03657e-07 
1196.09 9.19156e-07 
1196.1 9.34979e-07 
1196.11 9.51112e-07 
1196.12 9.67542e-07 
1196.13 9.84254e-07 
1196.14 1.00123e-06 
1196.15 1.01846e-06 
1196.16 1.03592e-06 
1196.17 1.0536e-06 
1196.17 1.07148e-06 
1196.18 1.08954e-06 
1196.19 1.10776e-06 
1196.2 1.12612e-06 
1196.21 1.14459e-06 
1196.22 1.1634e-06 
1196.23 1.18206e-06 
1196.24 1.20077e-06 
1196.25 1.21951e-06 
1196.26 1.23826e-06 
1196.27 1.257e-06 
1196.28 1.27571e-06 
1196.29 1.29435e-06 
1196.3 1.31291e-06 
1196.31 1.33136e-06 
1196.32 1.34967e-06 
1196.33 1.36783e-06 
1196.34 1.38581e-06 
1196.35 1.40358e-06 
1196.36 1.42113e-06 
1196.37 1.43841e-06 
1196.38 1.45542e-06 
1196.39 1.47213e-06 
1196.4 1.48851e-06 
1196.41 1.50454e-06 
1196.42 1.52019e-06 
1196.43 1.53545e-06 
1196.44 1.55029e-06 
1196.45 1.56469e-06 
1196.46 1.57863e-06 
1196.47 1.59209e-06 
1196.48 1.6052e-06 
1196.49 1.61762e-06 
1196.5 1.62951e-06 
1196.51 1.64083e-06 
1196.52 1.65158e-06 
1196.53 1.66173e-06 
1196.54 1.67128e-06 
1196.55 1.6802e-06 
1196.56 1.68849e-06 
1196.57 1.69612e-06 
1196.58 1.7031e-06 
1196.59 1.7094e-06 
1196.6 1.71502e-06 
1196.6 1.72102e-06 
1196.61 1.72525e-06 
1196.62 1.72878e-06 
1196.63 1.7316e-06 
1196.64 1.7337e-06 
1196.65 1.73509e-06 
1196.66 1.73576e-06 
1196.67 1.73571e-06 
1196.68 1.73494e-06 
1196.69 1.73346e-06 
1196.7 1.73126e-06 
1196.71 1.72835e-06 
1196.72 1.72474e-06 
1196.73 1.72037e-06 
1196.74 1.71536e-06 
1196.75 1.70967e-06 
1196.76 1.70331e-06 
1196.77 1.6963e-06 
1196.78 1.68864e-06 
1196.79 1.68034e-06 
1196.8 1.67143e-06 
1196.81 1.66191e-06 
1196.82 1.65181e-06 
1196.83 1.64114e-06 
1196.84 1.62992e-06 
1196.85 1.61817e-06 
1196.86 1.60591e-06 
1196.87 1.59316e-06 
1196.88 1.57995e-06 
1196.89 1.56629e-06 
1196.9 1.55221e-06 
1196.91 1.53774e-06 
1196.92 1.52289e-06 
1196.93 1.5077e-06 
1196.94 1.49219e-06 
1196.95 1.47639e-06 
1196.96 1.46032e-06 
1196.97 1.44402e-06 
1196.98 1.42729e-06 
1196.99 1.41059e-06 
1197 1.39374e-06 
1197.01 1.37676e-06 
1197.02 1.35968e-06 
1197.03 1.34253e-06 
1197.03 1.32535e-06 
1197.04 1.30815e-06 
1197.05 1.29097e-06 
1197.06 1.27384e-06 
1197.07 1.25679e-06 
1197.08 1.23984e-06 
1197.09 1.22302e-06 
1197.1 1.20636e-06 
1197.11 1.18988e-06 
1197.12 1.17362e-06 
1197.13 1.15761e-06 
1197.14 1.14186e-06 
1197.15 1.1264e-06 
1197.16 1.11126e-06 
1197.17 1.09647e-06 
1197.18 1.08204e-06 
1197.19 1.06801e-06 
1197.2 1.05438e-06 
1197.21 1.04119e-06 
1197.22 1.02846e-06 
1197.23 1.01606e-06 
1197.24 1.0043e-06 
1197.25 9.93067e-07 
1197.26 9.82364e-07 
1197.27 9.72211e-07 
1197.28 9.62625e-07 
1197.29 9.5362e-07 
1197.3 9.45212e-07 
1197.31 9.37412e-07 
1197.32 9.30233e-07 
1197.33 9.23687e-07 
1197.34 9.17783e-07 
1197.35 9.12531e-07 
1197.36 9.07938e-07 
1197.37 9.04011e-07 
1197.38 9.00758e-07 
1197.39 8.98181e-07 
1197.4 8.96285e-07 
1197.41 8.95073e-07 
1197.42 8.94546e-07 
1197.43 8.94704e-07 
1197.44 8.95547e-07 
1197.45 8.97073e-07 
1197.45 8.99279e-07 
1197.46 9.02161e-07 
1197.47 9.05714e-07 
1197.48 9.09989e-07 
1197.49 9.14874e-07 
1197.5 9.20408e-07 
1197.51 9.26582e-07 
1197.52 9.33386e-07 
1197.53 9.40809e-07 
1197.54 9.48839e-07 
1197.55 9.57462e-07 
1197.56 9.66664e-07 
1197.57 9.76431e-07 
1197.58 9.86745e-07 
1197.59 9.97592e-07 
1197.6 1.00895e-06 
1197.61 1.02144e-06 
1197.62 1.03378e-06 
1197.63 1.04657e-06 
1197.64 1.0598e-06 
1197.65 1.07345e-06 
1197.66 1.08748e-06 
1197.67 1.10189e-06 
1197.68 1.11664e-06 
1197.69 1.13172e-06 
1197.7 1.14709e-06 
1197.71 1.16274e-06 
1197.72 1.17864e-06 
1197.73 1.19496e-06 
1197.74 1.21128e-06 
1197.75 1.22777e-06 
1197.76 1.24441e-06 
1197.77 1.26116e-06 
1197.78 1.27801e-06 
1197.79 1.29492e-06 
1197.8 1.31188e-06 
1197.81 1.32884e-06 
1197.82 1.34579e-06 
1197.83 1.36271e-06 
1197.84 1.37956e-06 
1197.85 1.39631e-06 
1197.86 1.41295e-06 
1197.87 1.42945e-06 
1197.88 1.44578e-06 
1197.88 1.46193e-06 
1197.89 1.47786e-06 
1197.9 1.49355e-06 
1197.91 1.50898e-06 
1197.92 1.52413e-06 
1197.93 1.53898e-06 
1197.94 1.55351e-06 
1197.95 1.5677e-06 
1197.96 1.58153e-06 
1197.97 1.59498e-06 
1197.98 1.6082e-06 
1197.99 1.62084e-06 
1198 1.63306e-06 
1198.01 1.64484e-06 
1198.02 1.65617e-06 
1198.03 1.66704e-06 
1198.04 1.67744e-06 
1198.05 1.68736e-06 
1198.06 1.69679e-06 
1198.07 1.70574e-06 
1198.08 1.71418e-06 
1198.09 1.72212e-06 
1198.1 1.72956e-06 
1198.11 1.7365e-06 
1198.12 1.74293e-06 
1198.13 1.74887e-06 
1198.14 1.7543e-06 
1198.15 1.75924e-06 
1198.16 1.7637e-06 
1198.17 1.76767e-06 
1198.18 1.77118e-06 
1198.19 1.77423e-06 
1198.2 1.77683e-06 
1198.21 1.77899e-06 
1198.22 1.78073e-06 
1198.23 1.78209e-06 
1198.24 1.78304e-06 
1198.25 1.78362e-06 
1198.26 1.78385e-06 
1198.27 1.78375e-06 
1198.28 1.78335e-06 
1198.29 1.78267e-06 
1198.3 1.78172e-06 
1198.3 1.78055e-06 
1198.31 1.77917e-06 
1198.32 1.7776e-06 
1198.33 1.77589e-06 
1198.34 1.77406e-06 
1198.35 1.77213e-06 
1198.36 1.77014e-06 
1198.37 1.76812e-06 
1198.38 1.76611e-06 
1198.39 1.76413e-06 
1198.4 1.76221e-06 
1198.41 1.7604e-06 
1198.42 1.75872e-06 
1198.43 1.75721e-06 
1198.44 1.7559e-06 
1198.45 1.75482e-06 
1198.46 1.75402e-06 
1198.47 1.75353e-06 
1198.48 1.75337e-06 
1198.49 1.7536e-06 
1198.5 1.75423e-06 
1198.51 1.7553e-06 
1198.52 1.75685e-06 
1198.53 1.7589e-06 
1198.54 1.7615e-06 
1198.55 1.76467e-06 
1198.56 1.76844e-06 
1198.57 1.77284e-06 
1198.58 1.7779e-06 
1198.59 1.78365e-06 
1198.6 1.79012e-06 
1198.61 1.79845e-06 
1198.62 1.80643e-06 
1198.63 1.81521e-06 
1198.64 1.82481e-06 
1198.65 1.83525e-06 
1198.66 1.84654e-06 
1198.67 1.85871e-06 
1198.68 1.87177e-06 
1198.69 1.88574e-06 
1198.7 1.90064e-06 
1198.71 1.91647e-06 
1198.72 1.93325e-06 
1198.73 1.95121e-06 
1198.73 1.96992e-06 
1198.74 1.9896e-06 
1198.75 2.01025e-06 
1198.76 2.03188e-06 
1198.77 2.05448e-06 
1198.78 2.07806e-06 
1198.79 2.10261e-06 
1198.8 2.12812e-06 
1198.81 2.15459e-06 
1198.82 2.182e-06 
1198.83 2.21035e-06 
1198.84 2.23962e-06 
1198.85 2.2698e-06 
1198.86 2.30087e-06 
1198.87 2.33281e-06 
1198.88 2.3656e-06 
1198.89 2.39922e-06 
1198.9 2.43364e-06 
1198.91 2.46883e-06 
1198.92 2.50477e-06 
1198.93 2.54143e-06 
1198.94 2.57877e-06 
1198.95 2.61676e-06 
1198.96 2.65537e-06 
1198.97 2.69455e-06 
1198.98 2.73478e-06 
1198.99 2.77501e-06 
1199 2.8157e-06 
1199.01 2.8568e-06 
1199.02 2.89828e-06 
1199.03 2.94008e-06 
1199.04 2.98216e-06 
1199.05 3.02447e-06 
1199.06 3.06696e-06 
1199.07 3.10959e-06 
1199.08 3.1523e-06 
1199.09 3.19504e-06 
1199.1 3.23775e-06 
1199.11 3.2804e-06 
1199.12 3.32291e-06 
1199.13 3.36524e-06 
1199.14 3.40734e-06 
1199.15 3.44915e-06 
1199.15 3.49062e-06 
1199.16 3.53169e-06 
1199.17 3.5723e-06 
1199.18 3.61241e-06 
1199.19 3.65196e-06 
1199.2 3.69089e-06 
1199.21 3.72915e-06 
1199.22 3.76715e-06 
1199.23 3.80391e-06 
1199.24 3.83984e-06 
1199.25 3.87489e-06 
1199.26 3.90902e-06 
1199.27 3.94216e-06 
1199.28 3.97429e-06 
1199.29 4.00534e-06 
1199.3 4.03527e-06 
1199.31 4.06405e-06 
1199.32 4.09161e-06 
1199.33 4.11794e-06 
1199.34 4.14297e-06 
1199.35 4.16668e-06 
1199.36 4.18903e-06 
1199.37 4.20999e-06 
1199.38 4.22951e-06 
1199.39 4.24757e-06 
1199.4 4.26415e-06 
1199.41 4.2792e-06 
1199.42 4.29271e-06 
1199.43 4.30466e-06 
1199.44 4.31502e-06 
1199.45 4.32377e-06 
1199.46 4.33089e-06 
1199.47 4.33638e-06 
1199.48 4.34026e-06 
1199.49 4.34241e-06 
1199.5 4.3429e-06 
1199.51 4.34171e-06 
1199.52 4.33884e-06 
1199.53 4.33428e-06 
1199.54 4.32805e-06 
1199.55 4.32014e-06 
1199.56 4.31056e-06 
1199.57 4.29932e-06 
1199.58 4.28642e-06 
1199.58 4.27188e-06 
1199.59 4.25572e-06 
1199.6 4.23794e-06 
1199.61 4.22116e-06 
1199.62 4.2002e-06 
1199.63 4.17769e-06 
1199.64 4.15364e-06 
1199.65 4.12809e-06 
1199.66 4.10107e-06 
1199.67 4.0726e-06 
1199.68 4.04271e-06 
1199.69 4.01145e-06 
1199.7 3.97883e-06 
1199.71 3.9449e-06 
1199.72 3.90969e-06 
1199.73 3.87279e-06 
1199.74 3.83513e-06 
1199.75 3.79631e-06 
1199.76 3.75638e-06 
1199.77 3.71538e-06 
1199.78 3.67335e-06 
1199.79 3.63033e-06 
1199.8 3.58638e-06 
1199.81 3.54153e-06 
1199.82 3.49583e-06 
1199.83 3.44934e-06 
1199.84 3.40209e-06 
1199.85 3.35413e-06 
1199.86 3.30552e-06 
1199.87 3.2563e-06 
1199.88 3.20652e-06 
1199.89 3.15623e-06 
1199.9 3.10547e-06 
1199.91 3.05429e-06 
1199.92 3.00274e-06 
1199.93 2.95088e-06 
1199.94 2.89873e-06 
1199.95 2.84636e-06 
1199.96 2.7938e-06 
1199.97 2.74111e-06 
1199.98 2.68766e-06 
1199.99 2.63482e-06 
1200 2.58198e-06 
1200.01 2.52917e-06 
1200.01 2.47645e-06 
1200.02 2.42384e-06 
1200.03 2.37138e-06 
1200.04 2.31913e-06 
1200.05 2.26711e-06 
1200.06 2.21535e-06 
1200.07 2.16391e-06 
1200.08 2.1128e-06 
1200.09 2.06207e-06 
1200.1 2.01173e-06 
1200.11 1.96184e-06 
1200.12 1.9124e-06 
1200.13 1.86346e-06 
1200.14 1.81503e-06 
1200.15 1.76715e-06 
1200.16 1.71983e-06 
1200.17 1.67311e-06 
1200.18 1.62699e-06 
1200.19 1.5815e-06 
1200.2 1.53667e-06 
1200.21 1.4925e-06 
1200.22 1.44901e-06 
1200.23 1.40569e-06 
1200.24 1.36362e-06 
1200.25 1.32227e-06 
1200.26 1.28165e-06 
1200.27 1.24179e-06 
1200.28 1.20267e-06 
1200.29 1.16431e-06 
1200.3 1.12673e-06 
1200.31 1.08991e-06 
1200.32 1.05387e-06 
1200.33 1.01861e-06 
1200.34 9.84124e-07 
1200.35 9.50425e-07 
1200.36 9.17508e-07 
1200.37 8.85373e-07 
1200.38 8.54016e-07 
1200.39 8.23437e-07 
1200.4 7.93631e-07 
1200.41 7.64594e-07 
1200.42 7.36321e-07 
1200.43 7.08806e-07 
1200.43 6.82043e-07 
1200.44 6.56024e-07 
1200.45 6.30743e-07 
1200.46 6.0619e-07 
1200.47 5.82356e-07 
1200.48 5.58949e-07 
1200.49 5.36535e-07 
1200.5 5.14812e-07 
1200.51 4.93768e-07 
1200.52 4.73392e-07 
1200.53 4.53673e-07 
1200.54 4.34599e-07 
1200.55 4.16159e-07 
1200.56 3.9834e-07 
1200.57 3.81129e-07 
1200.58 3.64514e-07 
1200.59 3.48482e-07 
1200.6 3.3302e-07 
1200.61 3.18312e-07 
1200.62 3.03942e-07 
1200.63 2.90104e-07 
1200.64 2.76783e-07 
1200.65 2.63967e-07 
1200.66 2.51643e-07 
1200.67 2.39796e-07 
1200.68 2.28415e-07 
1200.69 2.17486e-07 
1200.7 2.06996e-07 
1200.71 1.96932e-07 
1200.72 1.87281e-07 
1200.73 1.77918e-07 
1200.74 1.69061e-07 
1200.75 1.6058e-07 
1200.76 1.52463e-07 
1200.77 1.44697e-07 
1200.78 1.37272e-07 
1200.79 1.30174e-07 
1200.8 1.23394e-07 
1200.81 1.16919e-07 
1200.82 1.10739e-07 
1200.83 1.04844e-07 
1200.84 9.92215e-08 
1200.85 9.38629e-08 
1200.85 8.87577e-08 
1200.86 8.38962e-08 
1200.87 7.92688e-08 
1200.88 7.48664e-08 
1200.89 7.06797e-08 
1200.9 6.67002e-08 
1200.91 6.29192e-08 
1200.92 5.93285e-08 
1200.93 5.59201e-08 
1200.94 5.26861e-08 
1200.95 4.9619e-08 
1200.96 4.67115e-08 
1200.97 4.39566e-08 
1200.98 4.13157e-08 
1200.99 3.88473e-08 
1201 3.65116e-08 
1201.01 3.43025e-08 
1201.02 3.22139e-08 
1201.03 3.02402e-08 
1201.04 2.8376e-08 
1201.05 2.66159e-08 
1201.06 2.49549e-08 
1201.07 2.3388e-08 
1201.08 2.19106e-08 
1201.09 2.05183e-08 
1201.1 1.92066e-08 
1201.11 1.79715e-08 
1201.12 1.68091e-08 
1201.13 1.57154e-08 
1201.14 1.46869e-08 
1201.15 1.37202e-08 
1201.16 1.28119e-08 
1201.17 1.1959e-08 
1201.18 1.11582e-08 
1201.19 1.04069e-08 
1201.2 9.70222e-09 
1201.21 9.0416e-09 
1201.22 8.42254e-09 
1201.23 7.83568e-09 
1201.24 7.29325e-09 
1201.25 6.78561e-09 
1201.26 6.31074e-09 
1201.27 5.86673e-09 
1201.28 5.45175e-09 
1201.28 5.06407e-09 
1201.29 4.70206e-09 
1201.3 4.36415e-09 
1201.31 4.04889e-09 
1201.32 3.75487e-09 
1201.33 3.4808e-09 
1201.34 3.22543e-09 
1201.35 2.98758e-09 
1201.36 2.76614e-09 
1201.37 2.56009e-09 
1201.38 2.36842e-09 
1201.39 2.19021e-09 
1201.4 2.02459e-09 
1201.41 1.87074e-09 
1201.42 1.72788e-09 
1201.43 1.59528e-09 
1201.44 1.47226e-09 
1201.45 1.35818e-09 
1201.46 1.25243e-09 
1201.47 1.15444e-09 
1201.48 1.0626e-09 
1201.49 9.78672e-10 
1201.5 9.01004e-10 
1201.51 8.29164e-10 
1201.52 7.62743e-10 
1201.53 7.01358e-10 
1201.54 6.44652e-10 
1201.55 5.92291e-10 
1201.56 5.43962e-10 
1201.57 4.99374e-10 
1201.58 4.58256e-10 
1201.59 4.20353e-10 
1201.6 3.85428e-10 
1201.61 3.5348e-10 
1201.62 3.23849e-10 
1201.63 2.96581e-10 
1201.64 2.715e-10 
1201.65 2.48439e-10 
1201.66 2.27244e-10 
1201.67 2.07774e-10 
1201.68 1.89895e-10 
1201.69 1.73483e-10 
1201.7 1.58426e-10 
1201.7 1.44618e-10 
1201.71 1.31959e-10 
1201.72 1.20221e-10 
1201.73 1.09608e-10 
1201.74 9.98921e-11 
1201.75 9.10003e-11 
1201.76 8.28663e-11 
1201.77 7.54289e-11 
1201.78 6.86311e-11 
1201.79 6.24207e-11 
1201.8 5.67493e-11 
1201.81 5.15722e-11 
1201.82 4.68484e-11 
1201.83 4.25401e-11 
1201.84 3.86123e-11 
1201.85 3.5033e-11 
1201.86 3.17726e-11 
1201.87 2.8804e-11 
1201.88 2.61021e-11 
1201.89 2.36441e-11 
1201.9 2.14089e-11 
1201.91 1.93772e-11 
1201.92 1.75311e-11 
1201.93 1.58545e-11 
1201.94 1.43325e-11 
1201.95 1.29513e-11 
1201.96 1.16985e-11 
1201.97 1.05625e-11 
1201.98 9.5208e-12 
1201.99 8.58932e-12 
1202 7.74583e-12 
1202.01 6.98235e-12 
1202.02 6.29157e-12 
1202.03 5.66683e-12 
1202.04 5.10206e-12 
1202.05 4.59171e-12 
1202.06 4.13074e-12 
1202.07 3.71454e-12 
1202.08 3.33893e-12 
1202.09 3.00008e-12 
1202.1 2.69452e-12 
1202.11 2.41911e-12 
1202.12 2.17096e-12 
1202.13 1.94748e-12 
1202.13 1.7463e-12 
1202.14 1.56527e-12 
1202.15 1.40243e-12 
1202.16 1.25603e-12 
1202.17 1.12445e-12 
1202.18 1.00625e-12 
1202.19 9.00109e-13 
1202.2 8.04838e-13 
1202.21 7.19359e-13 
1202.22 6.4184e-13 
1202.23 5.73162e-13 
1202.24 5.11664e-13 
1202.25 4.56579e-13 
1202.26 4.07259e-13 
1202.27 3.6312e-13 
1202.28 3.23633e-13 
1202.29 2.88324e-13 
1202.3 2.56762e-13 
1202.31 2.28563e-13 
1202.32 2.03379e-13 
1202.33 1.80896e-13 
1202.34 1.60833e-13 
1202.35 1.42938e-13 
1202.36 1.26982e-13 
1202.37 1.12762e-13 
1202.38 1.00093e-13 
1202.39 8.88121e-14 
1202.4 7.87704e-14 
1202.41 6.98358e-14 
1202.42 6.18896e-14 
1202.43 5.48253e-14 
1202.44 4.85476e-14 
1202.45 4.29714e-14 
1202.46 3.80202e-14 
1202.47 3.36259e-14 
1202.48 2.96815e-14 
1202.49 2.62296e-14 
1202.5 2.31697e-14 
1202.51 2.04585e-14 
1202.52 1.80572e-14 
1202.53 1.59313e-14 
1202.54 1.405e-14 
1202.55 1.23858e-14 
1202.56 1.09144e-14 
1202.56 9.61381e-15 
1202.57 8.4648e-15 
1202.58 7.45009e-15 
1202.59 6.55436e-15 
1202.6 5.76399e-15 
1202.61 5.07e-15 
1202.62 4.45501e-15 
1202.63 3.91304e-15 
1202.64 3.4356e-15 
1202.65 3.0152e-15 
1202.66 2.64517e-15 
1202.67 2.3196e-15 
1202.68 2.03329e-15 
1202.69 1.78159e-15 
1202.7 1.56042e-15 
1202.71 1.36615e-15 
1202.72 1.19558e-15 
1202.73 1.04414e-15 
1202.74 9.13027e-16 
1202.75 7.98058e-16 
1202.76 6.97283e-16 
1202.77 6.08987e-16 
1202.78 5.31656e-16 
1202.79 4.63957e-16 
1202.8 4.04714e-16 
1202.81 3.52893e-16 
1202.82 3.07583e-16 
1202.83 2.67982e-16 
1202.84 2.33384e-16 
1202.85 2.03171e-16 
1202.86 1.76798e-16 
1202.87 1.53786e-16 
1202.88 1.33715e-16 
1202.89 1.16216e-16 
1202.9 1.00966e-16 
1202.91 8.76823e-17 
1202.92 7.6115e-17 
1202.93 6.6047e-17 
1202.94 5.72875e-17 
1202.95 4.96697e-17 
1202.96 4.30473e-17 
1202.97 3.72928e-17 
1202.98 3.22944e-17 
1202.98 2.79042e-17 
1202.99 2.41445e-17 
1203 2.08829e-17 
1203.01 1.80546e-17 
1203.02 1.5603e-17 
1203.03 1.34789e-17 
1203.04 1.16392e-17 
1203.05 1.00465e-17 
1203.06 8.66825e-18 
1203.07 7.47605e-18 
1203.08 6.4452e-18 
1203.09 5.55425e-18 
1203.1 4.78451e-18 
1203.11 4.11979e-18 
1203.12 3.54597e-18 
1203.13 3.05084e-18 
1203.14 2.62379e-18 
1203.15 2.2556e-18 
1203.16 1.93829e-18 
1203.17 1.66494e-18 
1203.18 1.42956e-18 
1203.19 1.22696e-18 
1203.2 1.05265e-18 
1203.21 9.02737e-19 
1203.22 7.73859e-19 
1203.23 6.61831e-19 
1203.24 5.66883e-19 
1203.25 4.8536e-19 
1203.26 4.15393e-19 
1203.27 3.55367e-19 
1203.28 3.03892e-19 
1203.29 2.59768e-19 
1203.3 2.21961e-19 
1203.31 1.89579e-19 
1203.32 1.61856e-19 
1203.33 1.38131e-19 
1203.34 1.17836e-19 
1203.35 1.00482e-19 
1203.36 8.56493e-20 
1203.37 7.29763e-20 
1203.38 6.21534e-20 
1203.39 5.29141e-20 
1203.4 4.503e-20 
1203.41 3.83051e-20 
1203.41 3.25713e-20 
1203.42 2.76845e-20 
1203.43 2.35214e-20 
1203.44 1.99763e-20 
1203.45 1.69585e-20 
1203.46 1.43909e-20 
1203.47 1.2207e-20 
1203.48 1.0329e-20 
1203.49 8.75443e-21 
1203.5 7.41686e-21 
1203.51 6.28111e-21 
1203.52 5.31712e-21 
1203.53 4.49926e-21 
1203.54 3.80566e-21 
1203.55 3.21767e-21 
1203.56 2.71943e-21 
1203.57 2.29741e-21 
1203.58 1.94009e-21 
1203.59 1.63769e-21 
1203.6 1.38186e-21 
1203.61 1.16624e-21 
1203.62 9.83258e-22 
1203.63 8.28651e-22 
1203.64 6.98072e-22 
1203.65 5.87831e-22 
1203.66 4.94799e-22 
1203.67 4.16322e-22 
1203.68 3.50149e-22 
1203.69 2.94376e-22 
1203.7 2.47385e-22 
1203.71 2.07812e-22 
1203.72 1.74498e-22 
1203.73 1.46145e-22 
1203.74 1.22617e-22 
1203.75 1.02835e-22 
1203.76 8.62092e-23 
1203.77 7.22424e-23 
1203.78 6.05138e-23 
1203.79 5.06688e-23 
1203.8 4.24083e-23 
1203.81 3.54801e-23 
1203.82 2.96717e-23 
1203.83 2.48042e-23 
1203.83 2.07267e-23 
1203.84 1.73126e-23 
1203.85 1.44549e-23 
1203.86 1.20641e-23 
1203.87 1.00646e-23 
1203.88 8.39309e-24 
1203.89 6.99636e-24 
1203.9 5.8297e-24 
1203.91 4.85562e-24 
1203.92 4.04265e-24 
1203.93 3.36444e-24 
1203.94 2.79887e-24 
1203.95 2.32743e-24 
1203.96 1.93462e-24 
1203.97 1.60745e-24 
1203.98 1.33197e-24 
1203.99 1.10582e-24 
1204 9.17687e-25 
1204.01 7.61256e-25 
1204.02 6.31234e-25 
1204.03 5.23208e-25 
1204.04 4.33494e-25 
1204.05 3.59017e-25 
1204.06 2.97215e-25 
1204.07 2.45952e-25 
1204.08 2.03449e-25 
1204.09 1.68222e-25 
1204.1 1.39038e-25 
1204.11 1.14871e-25 
1204.12 9.4866e-26 
1204.13 7.83131e-26 
1204.14 6.46223e-26 
1204.15 5.33034e-26 
1204.16 4.39492e-26 
1204.17 3.62218e-26 
1204.18 2.98411e-26 
1204.19 2.45744e-26 
1204.2 2.0229e-26 
1204.21 1.66453e-26 
1204.22 1.36909e-26 
1204.23 1.12287e-26 
1204.24 9.22819e-27 
1204.25 7.581e-27 
1204.26 6.2253e-27 
1204.26 5.10996e-27 
1204.27 4.19276e-27 
1204.28 3.43879e-27 
1204.29 2.81926e-27 
1204.3 2.31041e-27 
1204.31 1.89264e-27 
1204.32 1.54978e-27 
1204.33 1.26851e-27 
1204.34 1.03787e-27 
1204.35 8.48825e-28 
1204.36 6.93931e-28 
1204.37 5.67072e-28 
1204.38 4.63216e-28 
1204.39 3.78228e-28 
1204.4 3.08708e-28 
1204.41 2.51864e-28 
1204.42 2.05403e-28 
1204.43 1.67445e-28 
1204.44 1.36447e-28 
1204.45 1.11142e-28 
1204.46 9.04929e-29 
1204.47 7.36506e-29 
1204.48 5.97642e-29 
1204.49 4.86014e-29 
1204.5 3.95076e-29 
1204.51 3.21023e-29 
1204.52 2.60745e-29 
1204.53 2.11699e-29 
1204.54 1.71809e-29 
1204.55 1.39379e-29 
1204.56 1.13025e-29 
1204.57 9.16165e-30 
1204.58 7.42331e-30 
1204.59 6.01236e-30 
1204.6 4.86762e-30 
1204.61 3.93924e-30 
1204.62 3.18859e-30 
1204.63 2.57836e-30 
1204.64 2.08406e-30 
1204.65 1.68385e-30 
1204.66 1.35993e-30 
1204.67 1.09789e-30 
1204.68 8.85975e-31 
1204.68 7.14675e-31 
1204.69 5.76263e-31 
1204.7 4.64468e-31 
1204.71 3.7421e-31 
1204.72 3.00555e-31 
1204.73 2.41952e-31 
1204.74 1.94697e-31 
1204.75 1.56607e-31 
1204.76 1.25918e-31 
1204.77 1.01202e-31 
1204.78 8.13048e-32 
1204.79 6.52929e-32 
1204.8 5.2413e-32 
1204.81 4.20568e-32 
1204.82 3.37332e-32 
1204.83 2.7046e-32 
1204.84 2.16757e-32 
1204.85 1.73647e-32 
1204.86 1.39054e-32 
1204.87 1.11308e-32 
1204.88 8.90617e-33 
1204.89 7.12329e-33 
1204.9 5.695e-33 
1204.91 4.55126e-33 
1204.92 3.63574e-33 
1204.93 2.90321e-33 
1204.94 2.31733e-33 
1204.95 1.84893e-33 
1204.96 1.47462e-33 
1204.97 1.1756e-33 
1204.98 9.34184e-34 
1204.99 7.44149e-34 
1205 5.92531e-34 
1205.01 4.71614e-34 
1205.02 3.7522e-34 
1205.03 2.98407e-34 
1205.04 2.37223e-34 
1205.05 1.88507e-34 
1205.06 1.49735e-34 
1205.07 1.18889e-34 
1205.08 9.43596e-35 
1205.09 7.48606e-35 
1205.1 5.93669e-35 
1205.11 4.70609e-35 
1205.11 3.72906e-35 
1205.12 2.95367e-35 
1205.13 2.33857e-35 
1205.14 1.85081e-35 
1205.15 1.46419e-35 
1205.16 1.15786e-35 
1205.17 9.15249e-36 
1205.18 7.2318e-36 
1205.19 5.71186e-36 
1205.2 4.50955e-36 
1205.21 3.55887e-36 
1205.22 2.80006e-36 
1205.23 2.20725e-36 
1205.24 1.73981e-36 
1205.25 1.3708e-36 
1205.26 1.07962e-36 
1205.27 8.49949e-37 
1205.28 6.68865e-37 
1205.29 5.26147e-37 
1205.3 4.13714e-37 
1205.31 3.25175e-37 
1205.32 2.55481e-37 
1205.33 2.00643e-37 
1205.34 1.57512e-37 
1205.35 1.23602e-37 
1205.36 9.69535e-38 
1205.37 7.60194e-38 
1205.38 5.95813e-38 
1205.39 4.66787e-38 
1205.4 3.65555e-38 
1205.41 2.8616e-38 
1205.42 2.23919e-38 
1205.43 1.75144e-38 
1205.44 1.36938e-38 
1205.45 1.07023e-38 
1205.46 8.36094e-39 
1205.47 6.52915e-39 
1205.48 5.08263e-39 
1205.49 3.96445e-39 
1205.5 3.0921e-39 
1205.51 2.41073e-39 
1205.52 1.87874e-39 
1205.53 1.46356e-39 
1205.54 1.13967e-39 
1205.54 8.87092e-40 
1205.55 6.90214e-40 
1205.56 5.36812e-40 
1205.57 4.17335e-40 
1205.58 3.24318e-40 
1205.59 2.51932e-40 
1205.6 1.95623e-40 
1205.61 1.5193e-40 
1205.62 1.17876e-40 
1205.63 9.14179e-41 
1205.64 7.08707e-41 
1205.65 5.49183e-41 
1205.66 4.25406e-41 
1205.67 3.29389e-41 
1205.68 2.54938e-41 
1205.69 1.97233e-41 
1205.7 1.52531e-41 
1205.71 1.17905e-41 
1205.72 9.11124e-42 
1205.73 7.0149e-42 
1205.74 5.41602e-42 
1205.75 4.18007e-42 
1205.76 3.22439e-42 
1205.77 2.4859e-42 
1205.78 1.91698e-42 
1205.79 1.47697e-42 
1205.8 1.13645e-42 
1205.81 8.75812e-43 
1205.82 6.74025e-43 
1205.83 5.1848e-43 
1205.84 3.9937e-43 
1205.85 3.06884e-43 
1205.86 2.35418e-43 
1205.87 1.80768e-43 
1205.88 1.38729e-43 
1205.89 1.06499e-43 
1205.9 8.12753e-44 
1205.91 6.16571e-44 
1205.92 4.76441e-44 
1205.93 3.64338e-44 
1205.94 2.8026e-44 
1205.95 2.10195e-44 
1205.96 1.68156e-44 
1205.96 1.26117e-44 
1205.97 9.80909e-45 
1205.98 8.40779e-45 
1205.99 5.60519e-45 
1206 4.2039e-45 
1206.01 2.8026e-45 
1206.02 2.8026e-45 
1206.03 2.8026e-45 
1206.04 1.4013e-45 
1206.05 1.4013e-45 
1206.06 1.4013e-45 
1206.07 1.4013e-45 
1206.08 0 
1206.09 0 
1206.1 0 
1206.11 0 
1206.12 0 
1206.13 0 
1206.14 0 
1206.15 0 
1206.16 0 
1206.17 0 
1206.18 0 
1206.19 0 
1206.2 0 
1206.21 0 
1206.22 0 
1206.23 0 
1206.24 0 
1206.25 0 
1206.26 0 
1206.27 0 
1206.28 0 
1206.29 0 
1206.3 0 
1206.31 0 
1206.32 0 
1206.33 0 
1206.34 0 
1206.35 0 
1206.36 0 
1206.37 0 
1206.38 0 
1206.39 0 
1206.39 0 
1206.4 0 
1206.41 0 
1206.42 0 
1206.43 0 
1206.44 0 
1206.45 0 
1206.46 0 
1206.47 0 
1206.48 0 
1206.49 0 
1206.5 0 
1206.51 0 
1206.52 0 
1206.53 0 
1206.54 0 
1206.55 0 
1206.56 0 
1206.57 0 
1206.58 0 
1206.59 0 
1206.6 0 
