#energy geo_1 
1186.6 6.81522e-07 
1186.61 6.81099e-07 
1186.62 6.80677e-07 
1186.63 6.80254e-07 
1186.64 6.79832e-07 
1186.65 6.79409e-07 
1186.66 6.78987e-07 
1186.67 6.78566e-07 
1186.68 6.78145e-07 
1186.69 6.77723e-07 
1186.7 6.77302e-07 
1186.71 6.76881e-07 
1186.72 6.7646e-07 
1186.73 6.76039e-07 
1186.74 6.75618e-07 
1186.75 6.75199e-07 
1186.76 6.74779e-07 
1186.77 6.74358e-07 
1186.78 6.73938e-07 
1186.79 6.73519e-07 
1186.8 6.731e-07 
1186.81 6.7268e-07 
1186.81 6.72262e-07 
1186.82 6.71843e-07 
1186.83 6.71424e-07 
1186.84 6.71005e-07 
1186.85 6.70587e-07 
1186.86 6.70169e-07 
1186.87 6.69751e-07 
1186.88 6.69334e-07 
1186.89 6.68916e-07 
1186.9 6.68499e-07 
1186.91 6.68081e-07 
1186.92 6.67664e-07 
1186.93 6.67247e-07 
1186.94 6.6683e-07 
1186.95 6.66414e-07 
1186.96 6.65998e-07 
1186.97 6.65582e-07 
1186.98 6.65165e-07 
1186.99 6.64749e-07 
1187 6.64333e-07 
1187.01 6.63917e-07 
1187.02 6.63502e-07 
1187.03 6.63087e-07 
1187.04 6.62673e-07 
1187.05 6.62258e-07 
1187.06 6.61843e-07 
1187.07 6.61428e-07 
1187.08 6.61014e-07 
1187.09 6.606e-07 
1187.1 6.60186e-07 
1187.11 6.59772e-07 
1187.12 6.59358e-07 
1187.13 6.58944e-07 
1187.14 6.58531e-07 
1187.15 6.58117e-07 
1187.16 6.57705e-07 
1187.17 6.57292e-07 
1187.18 6.56879e-07 
1187.19 6.56466e-07 
1187.2 6.56054e-07 
1187.21 6.55642e-07 
1187.22 6.55229e-07 
1187.23 6.54818e-07 
1187.24 6.54406e-07 
1187.24 6.53994e-07 
1187.25 6.53583e-07 
1187.26 6.53172e-07 
1187.27 6.52761e-07 
1187.28 6.5235e-07 
1187.29 6.51939e-07 
1187.3 6.51528e-07 
1187.31 6.51117e-07 
1187.32 6.50708e-07 
1187.33 6.50297e-07 
1187.34 6.49887e-07 
1187.35 6.49477e-07 
1187.36 6.49067e-07 
1187.37 6.48657e-07 
1187.38 6.48248e-07 
1187.39 6.47839e-07 
1187.4 6.4743e-07 
1187.41 6.47021e-07 
1187.42 6.46612e-07 
1187.43 6.46203e-07 
1187.44 6.45794e-07 
1187.45 6.45386e-07 
1187.46 6.44978e-07 
1187.47 6.4457e-07 
1187.48 6.44162e-07 
1187.49 6.43753e-07 
1187.5 6.43347e-07 
1187.51 6.42939e-07 
1187.52 6.42531e-07 
1187.53 6.42124e-07 
1187.54 6.41717e-07 
1187.55 6.4131e-07 
1187.56 6.40904e-07 
1187.57 6.40497e-07 
1187.58 6.4009e-07 
1187.59 6.39683e-07 
1187.6 6.39277e-07 
1187.61 6.3927e-07 
1187.62 6.38864e-07 
1187.63 6.38458e-07 
1187.64 6.38052e-07 
1187.65 6.37646e-07 
1187.66 6.3724e-07 
1187.66 6.36835e-07 
1187.67 6.36429e-07 
1187.68 6.36024e-07 
1187.69 6.35619e-07 
1187.7 6.35214e-07 
1187.71 6.34808e-07 
1187.72 6.34404e-07 
1187.73 6.33999e-07 
1187.74 6.33595e-07 
1187.75 6.3319e-07 
1187.76 6.32786e-07 
1187.77 6.32381e-07 
1187.78 6.31977e-07 
1187.79 6.31573e-07 
1187.8 6.3117e-07 
1187.81 6.30766e-07 
1187.82 6.30362e-07 
1187.83 6.29959e-07 
1187.84 6.29555e-07 
1187.85 6.29151e-07 
1187.86 6.28748e-07 
1187.87 6.28345e-07 
1187.88 6.27943e-07 
1187.89 6.27539e-07 
1187.9 6.27137e-07 
1187.91 6.26734e-07 
1187.92 6.26332e-07 
1187.93 6.25929e-07 
1187.94 6.25527e-07 
1187.95 6.25125e-07 
1187.96 6.24723e-07 
1187.97 6.24321e-07 
1187.98 6.23919e-07 
1187.99 6.23518e-07 
1188 6.23116e-07 
1188.01 6.22714e-07 
1188.02 6.22313e-07 
1188.03 6.21911e-07 
1188.04 6.2151e-07 
1188.05 6.21109e-07 
1188.06 6.20708e-07 
1188.07 6.20307e-07 
1188.08 6.19906e-07 
1188.09 6.19505e-07 
1188.09 6.19105e-07 
1188.1 6.18704e-07 
1188.11 6.18304e-07 
1188.12 6.17903e-07 
1188.13 6.17503e-07 
1188.14 6.17103e-07 
1188.15 6.16702e-07 
1188.16 6.16303e-07 
1188.17 6.15903e-07 
1188.18 6.15503e-07 
1188.19 6.15103e-07 
1188.2 6.14703e-07 
1188.21 6.14304e-07 
1188.22 6.13904e-07 
1188.23 6.13505e-07 
1188.24 6.13106e-07 
1188.25 6.12707e-07 
1188.26 6.12307e-07 
1188.27 6.11908e-07 
1188.28 6.11509e-07 
1188.29 6.1111e-07 
1188.3 6.10711e-07 
1188.31 6.10313e-07 
1188.32 6.09913e-07 
1188.33 6.09515e-07 
1188.34 6.09115e-07 
1188.35 6.08718e-07 
1188.36 6.08319e-07 
1188.37 6.07921e-07 
1188.38 6.07522e-07 
1188.39 6.07124e-07 
1188.4 6.06726e-07 
1188.41 6.06328e-07 
1188.42 6.05929e-07 
1188.43 6.05531e-07 
1188.44 6.05133e-07 
1188.45 6.04735e-07 
1188.46 6.04337e-07 
1188.47 6.03939e-07 
1188.48 6.03542e-07 
1188.49 6.03144e-07 
1188.5 6.02747e-07 
1188.51 6.02349e-07 
1188.52 6.01951e-07 
1188.52 6.01553e-07 
1188.53 6.01156e-07 
1188.54 6.00758e-07 
1188.55 6.0036e-07 
1188.56 5.99963e-07 
1188.57 5.99566e-07 
1188.58 5.99169e-07 
1188.59 5.98771e-07 
1188.6 5.98749e-07 
1188.61 5.98351e-07 
1188.62 5.97954e-07 
1188.63 5.97556e-07 
1188.64 5.97159e-07 
1188.65 5.96762e-07 
1188.66 5.96364e-07 
1188.67 5.95967e-07 
1188.68 5.9557e-07 
1188.69 5.95172e-07 
1188.7 5.94775e-07 
1188.71 5.94378e-07 
1188.72 5.93981e-07 
1188.73 5.93584e-07 
1188.74 5.93186e-07 
1188.75 5.92789e-07 
1188.76 5.92392e-07 
1188.77 5.91995e-07 
1188.78 5.91598e-07 
1188.79 5.91201e-07 
1188.8 5.90804e-07 
1188.81 5.90406e-07 
1188.82 5.9001e-07 
1188.83 5.89613e-07 
1188.84 5.89216e-07 
1188.85 5.88819e-07 
1188.86 5.88421e-07 
1188.87 5.88025e-07 
1188.88 5.87627e-07 
1188.89 5.8723e-07 
1188.9 5.86833e-07 
1188.91 5.86436e-07 
1188.92 5.86039e-07 
1188.93 5.85642e-07 
1188.94 5.85245e-07 
1188.94 5.84848e-07 
1188.95 5.84451e-07 
1188.96 5.84054e-07 
1188.97 5.83656e-07 
1188.98 5.83259e-07 
1188.99 5.82862e-07 
1189 5.82465e-07 
1189.01 5.82068e-07 
1189.02 5.8167e-07 
1189.03 5.81273e-07 
1189.04 5.80875e-07 
1189.05 5.80478e-07 
1189.06 5.80081e-07 
1189.07 5.79683e-07 
1189.08 5.79286e-07 
1189.09 5.78888e-07 
1189.1 5.78491e-07 
1189.11 5.78093e-07 
1189.12 5.77696e-07 
1189.13 5.77298e-07 
1189.14 5.769e-07 
1189.15 5.76502e-07 
1189.16 5.76105e-07 
1189.17 5.75707e-07 
1189.18 5.75309e-07 
1189.19 5.74911e-07 
1189.2 5.74513e-07 
1189.21 5.74115e-07 
1189.22 5.73717e-07 
1189.23 5.73318e-07 
1189.24 5.7292e-07 
1189.25 5.72521e-07 
1189.26 5.72123e-07 
1189.27 5.71725e-07 
1189.28 5.71326e-07 
1189.29 5.70928e-07 
1189.3 5.70529e-07 
1189.31 5.7013e-07 
1189.32 5.69732e-07 
1189.33 5.69332e-07 
1189.34 5.68933e-07 
1189.35 5.68535e-07 
1189.36 5.68135e-07 
1189.36 5.67736e-07 
1189.37 5.67337e-07 
1189.38 5.66938e-07 
1189.39 5.66538e-07 
1189.4 5.66138e-07 
1189.41 5.65739e-07 
1189.42 5.65339e-07 
1189.43 5.64939e-07 
1189.44 5.64539e-07 
1189.45 5.64139e-07 
1189.46 5.63738e-07 
1189.47 5.63338e-07 
1189.48 5.62938e-07 
1189.49 5.62538e-07 
1189.5 5.62137e-07 
1189.51 5.61736e-07 
1189.52 5.61335e-07 
1189.53 5.60934e-07 
1189.54 5.60533e-07 
1189.55 5.60132e-07 
1189.56 5.59731e-07 
1189.57 5.5933e-07 
1189.58 5.58928e-07 
1189.59 5.58526e-07 
1189.6 5.58125e-07 
1189.61 5.58071e-07 
1189.62 5.57668e-07 
1189.63 5.57266e-07 
1189.64 5.56864e-07 
1189.65 5.56461e-07 
1189.66 5.56058e-07 
1189.67 5.55655e-07 
1189.68 5.55252e-07 
1189.69 5.54848e-07 
1189.7 5.54445e-07 
1189.71 5.54042e-07 
1189.72 5.53638e-07 
1189.73 5.53233e-07 
1189.74 5.52829e-07 
1189.75 5.52425e-07 
1189.76 5.52021e-07 
1189.77 5.51616e-07 
1189.78 5.51212e-07 
1189.79 5.50807e-07 
1189.79 5.50402e-07 
1189.8 5.49996e-07 
1189.81 5.49591e-07 
1189.82 5.49185e-07 
1189.83 5.4878e-07 
1189.84 5.48374e-07 
1189.85 5.47968e-07 
1189.86 5.47561e-07 
1189.87 5.47155e-07 
1189.88 5.46748e-07 
1189.89 5.46341e-07 
1189.9 5.45934e-07 
1189.91 5.45527e-07 
1189.92 5.4512e-07 
1189.93 5.44712e-07 
1189.94 5.44304e-07 
1189.95 5.43896e-07 
1189.96 5.43488e-07 
1189.97 5.43079e-07 
1189.98 5.42671e-07 
1189.99 5.42262e-07 
1190 5.41852e-07 
1190.01 5.41443e-07 
1190.02 5.41033e-07 
1190.03 5.40624e-07 
1190.04 5.40214e-07 
1190.05 5.39804e-07 
1190.06 5.39393e-07 
1190.07 5.38983e-07 
1190.08 5.38572e-07 
1190.09 5.38161e-07 
1190.1 5.37749e-07 
1190.11 5.37337e-07 
1190.12 5.36926e-07 
1190.13 5.36514e-07 
1190.14 5.36102e-07 
1190.15 5.35689e-07 
1190.16 5.35276e-07 
1190.17 5.34863e-07 
1190.18 5.3445e-07 
1190.19 5.34036e-07 
1190.2 5.33623e-07 
1190.21 5.33208e-07 
1190.21 5.32794e-07 
1190.22 5.3238e-07 
1190.23 5.31965e-07 
1190.24 5.3155e-07 
1190.25 5.31134e-07 
1190.26 5.30719e-07 
1190.27 5.30303e-07 
1190.28 5.29886e-07 
1190.29 5.2947e-07 
1190.3 5.29053e-07 
1190.31 5.28636e-07 
1190.32 5.28219e-07 
1190.33 5.27801e-07 
1190.34 5.27383e-07 
1190.35 5.26965e-07 
1190.36 5.26547e-07 
1190.37 5.26128e-07 
1190.38 5.25709e-07 
1190.39 5.2529e-07 
1190.4 5.2487e-07 
1190.41 5.2445e-07 
1190.42 5.2403e-07 
1190.43 5.23609e-07 
1190.44 5.23188e-07 
1190.45 5.22767e-07 
1190.46 5.22345e-07 
1190.47 5.21923e-07 
1190.48 5.21502e-07 
1190.49 5.21079e-07 
1190.5 5.20656e-07 
1190.51 5.20233e-07 
1190.52 5.1981e-07 
1190.53 5.19386e-07 
1190.54 5.18962e-07 
1190.55 5.18537e-07 
1190.56 5.18112e-07 
1190.57 5.17687e-07 
1190.58 5.17262e-07 
1190.59 5.16836e-07 
1190.6 5.1641e-07 
1190.61 5.16305e-07 
1190.62 5.15878e-07 
1190.63 5.15451e-07 
1190.64 5.15023e-07 
1190.64 5.14594e-07 
1190.65 5.14166e-07 
1190.66 5.13737e-07 
1190.67 5.13308e-07 
1190.68 5.12878e-07 
1190.69 5.12448e-07 
1190.7 5.12017e-07 
1190.71 5.11587e-07 
1190.72 5.11155e-07 
1190.73 5.10724e-07 
1190.74 5.10292e-07 
1190.75 5.0986e-07 
1190.76 5.09427e-07 
1190.77 5.08994e-07 
1190.78 5.0856e-07 
1190.79 5.08126e-07 
1190.8 5.07692e-07 
1190.81 5.07257e-07 
1190.82 5.06822e-07 
1190.83 5.06387e-07 
1190.84 5.05951e-07 
1190.85 5.05515e-07 
1190.86 5.05078e-07 
1190.87 5.04641e-07 
1190.88 5.04204e-07 
1190.89 5.03766e-07 
1190.9 5.03327e-07 
1190.91 5.02889e-07 
1190.92 5.02449e-07 
1190.93 5.0201e-07 
1190.94 5.0157e-07 
1190.95 5.01129e-07 
1190.96 5.00689e-07 
1190.97 5.00247e-07 
1190.98 4.99805e-07 
1190.99 4.99363e-07 
1191 4.9892e-07 
1191.01 4.98477e-07 
1191.02 4.98034e-07 
1191.03 4.9759e-07 
1191.04 4.97145e-07 
1191.05 4.967e-07 
1191.06 4.96255e-07 
1191.07 4.95809e-07 
1191.07 4.95363e-07 
1191.08 4.94917e-07 
1191.09 4.94469e-07 
1191.1 4.94022e-07 
1191.11 4.93574e-07 
1191.12 4.93125e-07 
1191.13 4.92676e-07 
1191.14 4.92227e-07 
1191.15 4.91777e-07 
1191.16 4.91326e-07 
1191.17 4.90875e-07 
1191.18 4.90424e-07 
1191.19 4.89972e-07 
1191.2 4.8952e-07 
1191.21 4.89067e-07 
1191.22 4.88614e-07 
1191.23 4.8816e-07 
1191.24 4.87706e-07 
1191.25 4.87251e-07 
1191.26 4.86796e-07 
1191.27 4.8634e-07 
1191.28 4.85883e-07 
1191.29 4.85427e-07 
1191.3 4.84969e-07 
1191.31 4.84512e-07 
1191.32 4.84053e-07 
1191.33 4.83594e-07 
1191.34 4.83135e-07 
1191.35 4.82675e-07 
1191.36 4.82215e-07 
1191.37 4.81754e-07 
1191.38 4.81293e-07 
1191.39 4.80831e-07 
1191.4 4.80368e-07 
1191.41 4.79905e-07 
1191.42 4.79442e-07 
1191.43 4.78978e-07 
1191.44 4.78513e-07 
1191.45 4.78048e-07 
1191.46 4.77583e-07 
1191.47 4.77117e-07 
1191.48 4.76651e-07 
1191.49 4.76184e-07 
1191.49 4.75716e-07 
1191.5 4.75248e-07 
1191.51 4.74779e-07 
1191.52 4.7431e-07 
1191.53 4.73841e-07 
1191.54 4.73371e-07 
1191.55 4.729e-07 
1191.56 4.72429e-07 
1191.57 4.71957e-07 
1191.58 4.71485e-07 
1191.59 4.71012e-07 
1191.6 4.70833e-07 
1191.61 4.70359e-07 
1191.62 4.69884e-07 
1191.63 4.6941e-07 
1191.64 4.68935e-07 
1191.65 4.68458e-07 
1191.66 4.67983e-07 
1191.67 4.67506e-07 
1191.68 4.67029e-07 
1191.69 4.66551e-07 
1191.7 4.66074e-07 
1191.71 4.65595e-07 
1191.72 4.65117e-07 
1191.73 4.64638e-07 
1191.74 4.64159e-07 
1191.75 4.63679e-07 
1191.76 4.63199e-07 
1191.77 4.62719e-07 
1191.78 4.62239e-07 
1191.79 4.61758e-07 
1191.8 4.61278e-07 
1191.81 4.60798e-07 
1191.82 4.60317e-07 
1191.83 4.59836e-07 
1191.84 4.59355e-07 
1191.85 4.58874e-07 
1191.86 4.58394e-07 
1191.87 4.57913e-07 
1191.88 4.57433e-07 
1191.89 4.56954e-07 
1191.9 4.56474e-07 
1191.91 4.55995e-07 
1191.92 4.55516e-07 
1191.92 4.55039e-07 
1191.93 4.54562e-07 
1191.94 4.54085e-07 
1191.95 4.5361e-07 
1191.96 4.53136e-07 
1191.97 4.52663e-07 
1191.98 4.52191e-07 
1191.99 4.51721e-07 
1192 4.51252e-07 
1192.01 4.50785e-07 
1192.02 4.50321e-07 
1192.03 4.49858e-07 
1192.04 4.49398e-07 
1192.05 4.48941e-07 
1192.06 4.48486e-07 
1192.07 4.48034e-07 
1192.08 4.47586e-07 
1192.09 4.47141e-07 
1192.1 4.467e-07 
1192.11 4.46263e-07 
1192.12 4.45831e-07 
1192.13 4.45404e-07 
1192.14 4.44982e-07 
1192.15 4.44566e-07 
1192.16 4.44156e-07 
1192.17 4.43752e-07 
1192.18 4.43356e-07 
1192.19 4.42967e-07 
1192.2 4.42586e-07 
1192.21 4.42213e-07 
1192.22 4.4185e-07 
1192.23 4.41499e-07 
1192.24 4.41156e-07 
1192.25 4.40824e-07 
1192.26 4.40504e-07 
1192.27 4.40197e-07 
1192.28 4.39903e-07 
1192.29 4.39623e-07 
1192.3 4.39359e-07 
1192.31 4.39111e-07 
1192.32 4.3888e-07 
1192.33 4.38667e-07 
1192.34 4.38473e-07 
1192.34 4.38299e-07 
1192.35 4.38146e-07 
1192.36 4.38017e-07 
1192.37 4.37911e-07 
1192.38 4.37831e-07 
1192.39 4.37777e-07 
1192.4 4.37751e-07 
1192.41 4.37755e-07 
1192.42 4.37791e-07 
1192.43 4.37859e-07 
1192.44 4.37961e-07 
1192.45 4.38101e-07 
1192.46 4.38278e-07 
1192.47 4.38496e-07 
1192.48 4.38765e-07 
1192.49 4.3907e-07 
1192.5 4.39421e-07 
1192.51 4.39821e-07 
1192.52 4.40271e-07 
1192.53 4.40775e-07 
1192.54 4.41334e-07 
1192.55 4.41952e-07 
1192.56 4.42631e-07 
1192.57 4.43373e-07 
1192.58 4.44182e-07 
1192.59 4.4506e-07 
1192.6 4.4601e-07 
1192.61 4.47315e-07 
1192.62 4.48419e-07 
1192.63 4.49605e-07 
1192.64 4.50876e-07 
1192.65 4.52235e-07 
1192.66 4.53685e-07 
1192.67 4.55231e-07 
1192.68 4.56875e-07 
1192.69 4.58622e-07 
1192.7 4.60474e-07 
1192.71 4.62437e-07 
1192.72 4.64513e-07 
1192.73 4.66741e-07 
1192.74 4.69057e-07 
1192.75 4.71499e-07 
1192.76 4.74071e-07 
1192.77 4.76776e-07 
1192.77 4.7962e-07 
1192.78 4.82605e-07 
1192.79 4.85737e-07 
1192.8 4.89019e-07 
1192.81 4.92456e-07 
1192.82 4.96052e-07 
1192.83 4.99812e-07 
1192.84 5.03739e-07 
1192.85 5.07839e-07 
1192.86 5.12115e-07 
1192.87 5.16571e-07 
1192.88 5.21212e-07 
1192.89 5.26043e-07 
1192.9 5.31066e-07 
1192.91 5.36286e-07 
1192.92 5.41708e-07 
1192.93 5.47336e-07 
1192.94 5.53172e-07 
1192.95 5.59221e-07 
1192.96 5.65487e-07 
1192.97 5.71973e-07 
1192.98 5.78774e-07 
1192.99 5.85713e-07 
1193 5.92882e-07 
1193.01 6.00285e-07 
1193.02 6.07922e-07 
1193.03 6.15798e-07 
1193.04 6.23915e-07 
1193.05 6.32275e-07 
1193.06 6.4088e-07 
1193.07 6.49731e-07 
1193.08 6.58831e-07 
1193.09 6.68181e-07 
1193.1 6.77781e-07 
1193.11 6.87631e-07 
1193.12 6.97734e-07 
1193.13 7.08089e-07 
1193.14 7.18696e-07 
1193.15 7.29553e-07 
1193.16 7.40661e-07 
1193.17 7.52017e-07 
1193.18 7.63621e-07 
1193.19 7.75472e-07 
1193.19 7.87565e-07 
1193.2 7.99899e-07 
1193.21 8.1247e-07 
1193.22 8.25446e-07 
1193.23 8.38484e-07 
1193.24 8.51749e-07 
1193.25 8.65235e-07 
1193.26 8.78938e-07 
1193.27 8.92851e-07 
1193.28 9.0697e-07 
1193.29 9.21286e-07 
1193.3 9.35795e-07 
1193.31 9.50488e-07 
1193.32 9.65357e-07 
1193.33 9.80396e-07 
1193.34 9.95595e-07 
1193.35 1.01094e-06 
1193.36 1.02644e-06 
1193.37 1.04206e-06 
1193.38 1.05781e-06 
1193.39 1.07366e-06 
1193.4 1.08962e-06 
1193.41 1.10567e-06 
1193.42 1.12179e-06 
1193.43 1.13798e-06 
1193.44 1.15422e-06 
1193.45 1.1705e-06 
1193.46 1.18681e-06 
1193.47 1.20313e-06 
1193.48 1.21966e-06 
1193.49 1.23597e-06 
1193.5 1.25224e-06 
1193.51 1.26848e-06 
1193.52 1.28465e-06 
1193.53 1.30075e-06 
1193.54 1.31677e-06 
1193.55 1.33268e-06 
1193.56 1.34847e-06 
1193.57 1.36412e-06 
1193.58 1.37963e-06 
1193.59 1.39496e-06 
1193.6 1.41012e-06 
1193.61 1.42597e-06 
1193.62 1.44072e-06 
1193.62 1.45524e-06 
1193.63 1.46952e-06 
1193.64 1.48354e-06 
1193.65 1.49728e-06 
1193.66 1.51073e-06 
1193.67 1.52388e-06 
1193.68 1.5367e-06 
1193.69 1.54919e-06 
1193.7 1.56132e-06 
1193.71 1.57309e-06 
1193.72 1.58448e-06 
1193.73 1.59562e-06 
1193.74 1.60621e-06 
1193.75 1.61638e-06 
1193.76 1.62611e-06 
1193.77 1.6354e-06 
1193.78 1.64424e-06 
1193.79 1.65262e-06 
1193.8 1.66051e-06 
1193.81 1.66792e-06 
1193.82 1.67483e-06 
1193.83 1.68124e-06 
1193.84 1.68714e-06 
1193.85 1.69251e-06 
1193.86 1.69736e-06 
1193.87 1.70167e-06 
1193.88 1.70543e-06 
1193.89 1.70866e-06 
1193.9 1.71133e-06 
1193.91 1.71345e-06 
1193.92 1.71501e-06 
1193.93 1.71601e-06 
1193.94 1.71645e-06 
1193.95 1.71633e-06 
1193.96 1.71564e-06 
1193.97 1.71438e-06 
1193.98 1.71255e-06 
1193.99 1.71017e-06 
1194 1.70723e-06 
1194.01 1.70373e-06 
1194.02 1.69968e-06 
1194.03 1.69508e-06 
1194.04 1.68994e-06 
1194.05 1.68426e-06 
1194.05 1.67806e-06 
1194.06 1.67132e-06 
1194.07 1.66408e-06 
1194.08 1.65632e-06 
1194.09 1.64807e-06 
1194.1 1.63932e-06 
1194.11 1.63009e-06 
1194.12 1.6204e-06 
1194.13 1.61024e-06 
1194.14 1.59964e-06 
1194.15 1.5886e-06 
1194.16 1.57714e-06 
1194.17 1.56527e-06 
1194.18 1.553e-06 
1194.19 1.54034e-06 
1194.2 1.52732e-06 
1194.21 1.51394e-06 
1194.22 1.50021e-06 
1194.23 1.48599e-06 
1194.24 1.47162e-06 
1194.25 1.45696e-06 
1194.26 1.44202e-06 
1194.27 1.4268e-06 
1194.28 1.41134e-06 
1194.29 1.39564e-06 
1194.3 1.37972e-06 
1194.31 1.3636e-06 
1194.32 1.34729e-06 
1194.33 1.33081e-06 
1194.34 1.31417e-06 
1194.35 1.2974e-06 
1194.36 1.28049e-06 
1194.37 1.26348e-06 
1194.38 1.24638e-06 
1194.39 1.22919e-06 
1194.4 1.21194e-06 
1194.41 1.19465e-06 
1194.42 1.17731e-06 
1194.43 1.15996e-06 
1194.44 1.14261e-06 
1194.45 1.12526e-06 
1194.46 1.10793e-06 
1194.47 1.09064e-06 
1194.47 1.07319e-06 
1194.48 1.05601e-06 
1194.49 1.0389e-06 
1194.5 1.02188e-06 
1194.51 1.00496e-06 
1194.52 9.88144e-07 
1194.53 9.71447e-07 
1194.54 9.54881e-07 
1194.55 9.38454e-07 
1194.56 9.22175e-07 
1194.57 9.06055e-07 
1194.58 8.90103e-07 
1194.59 8.74326e-07 
1194.6 8.58732e-07 
1194.61 8.43854e-07 
1194.62 8.2864e-07 
1194.63 8.13632e-07 
1194.64 7.98834e-07 
1194.65 7.84254e-07 
1194.66 7.69896e-07 
1194.67 7.55766e-07 
1194.68 7.41868e-07 
1194.69 7.28207e-07 
1194.7 7.14786e-07 
1194.71 7.0161e-07 
1194.72 6.8868e-07 
1194.73 6.75849e-07 
1194.74 6.63424e-07 
1194.75 6.51253e-07 
1194.76 6.39339e-07 
1194.77 6.27682e-07 
1194.78 6.16283e-07 
1194.79 6.05143e-07 
1194.8 5.94264e-07 
1194.81 5.83644e-07 
1194.82 5.73283e-07 
1194.83 5.63183e-07 
1194.84 5.53341e-07 
1194.85 5.43757e-07 
1194.86 5.3443e-07 
1194.87 5.25359e-07 
1194.88 5.16543e-07 
1194.89 5.0798e-07 
1194.9 4.99668e-07 
1194.9 4.91606e-07 
1194.91 4.83791e-07 
1194.92 4.76221e-07 
1194.93 4.68895e-07 
1194.94 4.61809e-07 
1194.95 4.54961e-07 
1194.96 4.48349e-07 
1194.97 4.41971e-07 
1194.98 4.35754e-07 
1194.99 4.29837e-07 
1195 4.24145e-07 
1195.01 4.18677e-07 
1195.02 4.13428e-07 
1195.03 4.08397e-07 
1195.04 4.03581e-07 
1195.05 3.98976e-07 
1195.06 3.94581e-07 
1195.07 3.90394e-07 
1195.08 3.8641e-07 
1195.09 3.82629e-07 
1195.1 3.79048e-07 
1195.11 3.75664e-07 
1195.12 3.72475e-07 
1195.13 3.6948e-07 
1195.14 3.66675e-07 
1195.15 3.64059e-07 
1195.16 3.61631e-07 
1195.17 3.59388e-07 
1195.18 3.57329e-07 
1195.19 3.55453e-07 
1195.2 3.53757e-07 
1195.21 3.52241e-07 
1195.22 3.50903e-07 
1195.23 3.49736e-07 
1195.24 3.48753e-07 
1195.25 3.47947e-07 
1195.26 3.47315e-07 
1195.27 3.46857e-07 
1195.28 3.46572e-07 
1195.29 3.46461e-07 
1195.3 3.46522e-07 
1195.31 3.46755e-07 
1195.32 3.47161e-07 
1195.32 3.47739e-07 
1195.33 3.48489e-07 
1195.34 3.49412e-07 
1195.35 3.50507e-07 
1195.36 3.51774e-07 
1195.37 3.53215e-07 
1195.38 3.54828e-07 
1195.39 3.56616e-07 
1195.4 3.58577e-07 
1195.41 3.60713e-07 
1195.42 3.63024e-07 
1195.43 3.6551e-07 
1195.44 3.68172e-07 
1195.45 3.7101e-07 
1195.46 3.74025e-07 
1195.47 3.77217e-07 
1195.48 3.80636e-07 
1195.49 3.84185e-07 
1195.5 3.87912e-07 
1195.51 3.91816e-07 
1195.52 3.95899e-07 
1195.53 4.0016e-07 
1195.54 4.04598e-07 
1195.55 4.09214e-07 
1195.56 4.14008e-07 
1195.57 4.18977e-07 
1195.58 4.24123e-07 
1195.59 4.29444e-07 
1195.6 4.34939e-07 
1195.61 4.40881e-07 
1195.62 4.46724e-07 
1195.63 4.52736e-07 
1195.64 4.58917e-07 
1195.65 4.65265e-07 
1195.66 4.71776e-07 
1195.67 4.78448e-07 
1195.68 4.8528e-07 
1195.69 4.92267e-07 
1195.7 4.99407e-07 
1195.71 5.06696e-07 
1195.72 5.1413e-07 
1195.73 5.21809e-07 
1195.74 5.29524e-07 
1195.75 5.37371e-07 
1195.75 5.45346e-07 
1195.76 5.53445e-07 
1195.77 5.6166e-07 
1195.78 5.69988e-07 
1195.79 5.78422e-07 
1195.8 5.86956e-07 
1195.81 5.95583e-07 
1195.82 6.04298e-07 
1195.83 6.13092e-07 
1195.84 6.21959e-07 
1195.85 6.30892e-07 
1195.86 6.39883e-07 
1195.87 6.48924e-07 
1195.88 6.58007e-07 
1195.89 6.67124e-07 
1195.9 6.76266e-07 
1195.91 6.85425e-07 
1195.92 6.94592e-07 
1195.93 7.03759e-07 
1195.94 7.12916e-07 
1195.95 7.22054e-07 
1195.96 7.31163e-07 
1195.97 7.40236e-07 
1195.98 7.49382e-07 
1195.99 7.5835e-07 
1196 7.67254e-07 
1196.01 7.76082e-07 
1196.02 7.84826e-07 
1196.03 7.93475e-07 
1196.04 8.02021e-07 
1196.05 8.10457e-07 
1196.06 8.18769e-07 
1196.07 8.2695e-07 
1196.08 8.34994e-07 
1196.09 8.42888e-07 
1196.1 8.50627e-07 
1196.11 8.582e-07 
1196.12 8.656e-07 
1196.13 8.72821e-07 
1196.14 8.79852e-07 
1196.15 8.86689e-07 
1196.16 8.93323e-07 
1196.17 8.99748e-07 
1196.17 9.05959e-07 
1196.18 9.11948e-07 
1196.19 9.17712e-07 
1196.2 9.23244e-07 
1196.21 9.2854e-07 
1196.22 9.33663e-07 
1196.23 9.38473e-07 
1196.24 9.43035e-07 
1196.25 9.47347e-07 
1196.26 9.51406e-07 
1196.27 9.55212e-07 
1196.28 9.58763e-07 
1196.29 9.62057e-07 
1196.3 9.65096e-07 
1196.31 9.67878e-07 
1196.32 9.70405e-07 
1196.33 9.72678e-07 
1196.34 9.74699e-07 
1196.35 9.76472e-07 
1196.36 9.77996e-07 
1196.37 9.79279e-07 
1196.38 9.80321e-07 
1196.39 9.81129e-07 
1196.4 9.81708e-07 
1196.41 9.8206e-07 
1196.42 9.82195e-07 
1196.43 9.82119e-07 
1196.44 9.81837e-07 
1196.45 9.81357e-07 
1196.46 9.80687e-07 
1196.47 9.79835e-07 
1196.48 9.78804e-07 
1196.49 9.77611e-07 
1196.5 9.76264e-07 
1196.51 9.74772e-07 
1196.52 9.73144e-07 
1196.53 9.7139e-07 
1196.54 9.69522e-07 
1196.55 9.67549e-07 
1196.56 9.65483e-07 
1196.57 9.63335e-07 
1196.58 9.61116e-07 
1196.59 9.58836e-07 
1196.6 9.5651e-07 
1196.6 9.54741e-07 
1196.61 9.52351e-07 
1196.62 9.49948e-07 
1196.63 9.47545e-07 
1196.64 9.4515e-07 
1196.65 9.42779e-07 
1196.66 9.4044e-07 
1196.67 9.38146e-07 
1196.68 9.35909e-07 
1196.69 9.33738e-07 
1196.7 9.31646e-07 
1196.71 9.29643e-07 
1196.72 9.27739e-07 
1196.73 9.2593e-07 
1196.74 9.24257e-07 
1196.75 9.22713e-07 
1196.76 9.21307e-07 
1196.77 9.2005e-07 
1196.78 9.18948e-07 
1196.79 9.1801e-07 
1196.8 9.17244e-07 
1196.81 9.16659e-07 
1196.82 9.16259e-07 
1196.83 9.16052e-07 
1196.84 9.16044e-07 
1196.85 9.16241e-07 
1196.86 9.16647e-07 
1196.87 9.17266e-07 
1196.88 9.18104e-07 
1196.89 9.19163e-07 
1196.9 9.20447e-07 
1196.91 9.21957e-07 
1196.92 9.23696e-07 
1196.93 9.25665e-07 
1196.94 9.27866e-07 
1196.95 9.30296e-07 
1196.96 9.32958e-07 
1196.97 9.3585e-07 
1196.98 9.39019e-07 
1196.99 9.4237e-07 
1197 9.45945e-07 
1197.01 9.49741e-07 
1197.02 9.53756e-07 
1197.03 9.57984e-07 
1197.03 9.62423e-07 
1197.04 9.67066e-07 
1197.05 9.71909e-07 
1197.06 9.76944e-07 
1197.07 9.82167e-07 
1197.08 9.87571e-07 
1197.09 9.93148e-07 
1197.1 9.9889e-07 
1197.11 1.00479e-06 
1197.12 1.01084e-06 
1197.13 1.01703e-06 
1197.14 1.02335e-06 
1197.15 1.0298e-06 
1197.16 1.03635e-06 
1197.17 1.04301e-06 
1197.18 1.04976e-06 
1197.19 1.0566e-06 
1197.2 1.0635e-06 
1197.21 1.07047e-06 
1197.22 1.07749e-06 
1197.23 1.08464e-06 
1197.24 1.09172e-06 
1197.25 1.09882e-06 
1197.26 1.10592e-06 
1197.27 1.11301e-06 
1197.28 1.12009e-06 
1197.29 1.12713e-06 
1197.3 1.13413e-06 
1197.31 1.14108e-06 
1197.32 1.14796e-06 
1197.33 1.15476e-06 
1197.34 1.16148e-06 
1197.35 1.1681e-06 
1197.36 1.1746e-06 
1197.37 1.18098e-06 
1197.38 1.18723e-06 
1197.39 1.19334e-06 
1197.4 1.19928e-06 
1197.41 1.20507e-06 
1197.42 1.21068e-06 
1197.43 1.2161e-06 
1197.44 1.22133e-06 
1197.45 1.22636e-06 
1197.45 1.23117e-06 
1197.46 1.23576e-06 
1197.47 1.24012e-06 
1197.48 1.2443e-06 
1197.49 1.24817e-06 
1197.5 1.25179e-06 
1197.51 1.25514e-06 
1197.52 1.25824e-06 
1197.53 1.26106e-06 
1197.54 1.2636e-06 
1197.55 1.26585e-06 
1197.56 1.26782e-06 
1197.57 1.26949e-06 
1197.58 1.27087e-06 
1197.59 1.27195e-06 
1197.6 1.27272e-06 
1197.61 1.27397e-06 
1197.62 1.27413e-06 
1197.63 1.27398e-06 
1197.64 1.27351e-06 
1197.65 1.27273e-06 
1197.66 1.27164e-06 
1197.67 1.27024e-06 
1197.68 1.26852e-06 
1197.69 1.2665e-06 
1197.7 1.26416e-06 
1197.71 1.26152e-06 
1197.72 1.25857e-06 
1197.73 1.25529e-06 
1197.74 1.25174e-06 
1197.75 1.2479e-06 
1197.76 1.24376e-06 
1197.77 1.23935e-06 
1197.78 1.23465e-06 
1197.79 1.22968e-06 
1197.8 1.22444e-06 
1197.81 1.21895e-06 
1197.82 1.21319e-06 
1197.83 1.20719e-06 
1197.84 1.20096e-06 
1197.85 1.19449e-06 
1197.86 1.1878e-06 
1197.87 1.18089e-06 
1197.88 1.17378e-06 
1197.88 1.16648e-06 
1197.89 1.15899e-06 
1197.9 1.15133e-06 
1197.91 1.1435e-06 
1197.92 1.13552e-06 
1197.93 1.1274e-06 
1197.94 1.11914e-06 
1197.95 1.11077e-06 
1197.96 1.10228e-06 
1197.97 1.0937e-06 
1197.98 1.08493e-06 
1197.99 1.07619e-06 
1198 1.06739e-06 
1198.01 1.05854e-06 
1198.02 1.04966e-06 
1198.03 1.04075e-06 
1198.04 1.03184e-06 
1198.05 1.02292e-06 
1198.06 1.01402e-06 
1198.07 1.00516e-06 
1198.08 9.9633e-07 
1198.09 9.87558e-07 
1198.1 9.78854e-07 
1198.11 9.70231e-07 
1198.12 9.617e-07 
1198.13 9.53276e-07 
1198.14 9.44972e-07 
1198.15 9.36799e-07 
1198.16 9.2877e-07 
1198.17 9.20898e-07 
1198.18 9.13195e-07 
1198.19 9.05674e-07 
1198.2 8.98346e-07 
1198.21 8.91223e-07 
1198.22 8.84315e-07 
1198.23 8.77561e-07 
1198.24 8.71125e-07 
1198.25 8.64938e-07 
1198.26 8.59012e-07 
1198.27 8.53358e-07 
1198.28 8.47984e-07 
1198.29 8.42902e-07 
1198.3 8.38121e-07 
1198.3 8.33648e-07 
1198.31 8.29495e-07 
1198.32 8.2567e-07 
1198.33 8.22178e-07 
1198.34 8.19031e-07 
1198.35 8.16234e-07 
1198.36 8.13794e-07 
1198.37 8.11718e-07 
1198.38 8.10012e-07 
1198.39 8.08683e-07 
1198.4 8.07735e-07 
1198.41 8.07173e-07 
1198.42 8.07003e-07 
1198.43 8.07226e-07 
1198.44 8.07849e-07 
1198.45 8.08873e-07 
1198.46 8.10301e-07 
1198.47 8.12135e-07 
1198.48 8.14416e-07 
1198.49 8.17072e-07 
1198.5 8.20139e-07 
1198.51 8.23616e-07 
1198.52 8.27503e-07 
1198.53 8.31799e-07 
1198.54 8.36503e-07 
1198.55 8.41611e-07 
1198.56 8.47125e-07 
1198.57 8.5304e-07 
1198.58 8.59351e-07 
1198.59 8.66057e-07 
1198.6 8.73152e-07 
1198.61 8.81178e-07 
1198.62 8.89041e-07 
1198.63 8.97279e-07 
1198.64 9.05885e-07 
1198.65 9.14853e-07 
1198.66 9.24171e-07 
1198.67 9.33838e-07 
1198.68 9.43841e-07 
1198.69 9.54175e-07 
1198.7 9.64829e-07 
1198.71 9.75793e-07 
1198.72 9.87058e-07 
1198.73 9.98767e-07 
1198.73 1.01061e-06 
1198.74 1.02271e-06 
1198.75 1.03508e-06 
1198.76 1.04769e-06 
1198.77 1.06053e-06 
1198.78 1.0736e-06 
1198.79 1.08687e-06 
1198.8 1.10034e-06 
1198.81 1.11398e-06 
1198.82 1.1278e-06 
1198.83 1.14177e-06 
1198.84 1.15588e-06 
1198.85 1.17011e-06 
1198.86 1.18446e-06 
1198.87 1.1989e-06 
1198.88 1.21342e-06 
1198.89 1.22801e-06 
1198.9 1.24265e-06 
1198.91 1.25732e-06 
1198.92 1.27202e-06 
1198.93 1.28671e-06 
1198.94 1.3014e-06 
1198.95 1.31607e-06 
1198.96 1.33069e-06 
1198.97 1.34526e-06 
1198.98 1.35994e-06 
1198.99 1.37435e-06 
1199 1.38865e-06 
1199.01 1.40284e-06 
1199.02 1.41689e-06 
1199.03 1.4308e-06 
1199.04 1.44455e-06 
1199.05 1.45813e-06 
1199.06 1.47152e-06 
1199.07 1.48471e-06 
1199.08 1.49768e-06 
1199.09 1.51042e-06 
1199.1 1.52293e-06 
1199.11 1.53518e-06 
1199.12 1.54717e-06 
1199.13 1.55888e-06 
1199.14 1.57031e-06 
1199.15 1.58144e-06 
1199.15 1.59226e-06 
1199.16 1.60276e-06 
1199.17 1.61294e-06 
1199.18 1.62278e-06 
1199.19 1.63229e-06 
1199.2 1.64144e-06 
1199.21 1.65023e-06 
1199.22 1.65877e-06 
1199.23 1.66683e-06 
1199.24 1.67451e-06 
1199.25 1.68181e-06 
1199.26 1.68873e-06 
1199.27 1.69527e-06 
1199.28 1.7014e-06 
1199.29 1.70715e-06 
1199.3 1.71251e-06 
1199.31 1.71747e-06 
1199.32 1.72204e-06 
1199.33 1.72621e-06 
1199.34 1.72998e-06 
1199.35 1.73336e-06 
1199.36 1.73635e-06 
1199.37 1.73896e-06 
1199.38 1.74117e-06 
1199.39 1.74301e-06 
1199.4 1.74447e-06 
1199.41 1.74555e-06 
1199.42 1.74627e-06 
1199.43 1.74663e-06 
1199.44 1.74663e-06 
1199.45 1.74629e-06 
1199.46 1.74561e-06 
1199.47 1.74459e-06 
1199.48 1.74324e-06 
1199.49 1.74158e-06 
1199.5 1.73962e-06 
1199.51 1.73736e-06 
1199.52 1.73482e-06 
1199.53 1.732e-06 
1199.54 1.72893e-06 
1199.55 1.72559e-06 
1199.56 1.72202e-06 
1199.57 1.71822e-06 
1199.58 1.7142e-06 
1199.58 1.70998e-06 
1199.59 1.70556e-06 
1199.6 1.70096e-06 
1199.61 1.69725e-06 
1199.62 1.69233e-06 
1199.63 1.68727e-06 
1199.64 1.68208e-06 
1199.65 1.67677e-06 
1199.66 1.67136e-06 
1199.67 1.66586e-06 
1199.68 1.66029e-06 
1199.69 1.65465e-06 
1199.7 1.64896e-06 
1199.71 1.64323e-06 
1199.72 1.63748e-06 
1199.73 1.63165e-06 
1199.74 1.62588e-06 
1199.75 1.62013e-06 
1199.76 1.6144e-06 
1199.77 1.6087e-06 
1199.78 1.60305e-06 
1199.79 1.59746e-06 
1199.8 1.59193e-06 
1199.81 1.58648e-06 
1199.82 1.58112e-06 
1199.83 1.57586e-06 
1199.84 1.5707e-06 
1199.85 1.56566e-06 
1199.86 1.56074e-06 
1199.87 1.55595e-06 
1199.88 1.5513e-06 
1199.89 1.54679e-06 
1199.9 1.54244e-06 
1199.91 1.53824e-06 
1199.92 1.53421e-06 
1199.93 1.53035e-06 
1199.94 1.52665e-06 
1199.95 1.52314e-06 
1199.96 1.5198e-06 
1199.97 1.51665e-06 
1199.98 1.51365e-06 
1199.99 1.51087e-06 
1200 1.50827e-06 
1200.01 1.50587e-06 
1200.01 1.50365e-06 
1200.02 1.50162e-06 
1200.03 1.49978e-06 
1200.04 1.49813e-06 
1200.05 1.49666e-06 
1200.06 1.49537e-06 
1200.07 1.49426e-06 
1200.08 1.49333e-06 
1200.09 1.49257e-06 
1200.1 1.49198e-06 
1200.11 1.49155e-06 
1200.12 1.49127e-06 
1200.13 1.49116e-06 
1200.14 1.49118e-06 
1200.15 1.49135e-06 
1200.16 1.49165e-06 
1200.17 1.49207e-06 
1200.18 1.49262e-06 
1200.19 1.49327e-06 
1200.2 1.49403e-06 
1200.21 1.49488e-06 
1200.22 1.49582e-06 
1200.23 1.49685e-06 
1200.24 1.49793e-06 
1200.25 1.49908e-06 
1200.26 1.50026e-06 
1200.27 1.50149e-06 
1200.28 1.50275e-06 
1200.29 1.50403e-06 
1200.3 1.50531e-06 
1200.31 1.5066e-06 
1200.32 1.50787e-06 
1200.33 1.50912e-06 
1200.34 1.51034e-06 
1200.35 1.51151e-06 
1200.36 1.51263e-06 
1200.37 1.5137e-06 
1200.38 1.51468e-06 
1200.39 1.51558e-06 
1200.4 1.51639e-06 
1200.41 1.51709e-06 
1200.42 1.51768e-06 
1200.43 1.51815e-06 
1200.43 1.51848e-06 
1200.44 1.51867e-06 
1200.45 1.51871e-06 
1200.46 1.51859e-06 
1200.47 1.51829e-06 
1200.48 1.51782e-06 
1200.49 1.51716e-06 
1200.5 1.5163e-06 
1200.51 1.51524e-06 
1200.52 1.51398e-06 
1200.53 1.51249e-06 
1200.54 1.51078e-06 
1200.55 1.50884e-06 
1200.56 1.50667e-06 
1200.57 1.50425e-06 
1200.58 1.50158e-06 
1200.59 1.49866e-06 
1200.6 1.49549e-06 
1200.61 1.49297e-06 
1200.62 1.48926e-06 
1200.63 1.48528e-06 
1200.64 1.48103e-06 
1200.65 1.4765e-06 
1200.66 1.4717e-06 
1200.67 1.46661e-06 
1200.68 1.46124e-06 
1200.69 1.45558e-06 
1200.7 1.44964e-06 
1200.71 1.44342e-06 
1200.72 1.4369e-06 
1200.73 1.43002e-06 
1200.74 1.42294e-06 
1200.75 1.41557e-06 
1200.76 1.40792e-06 
1200.77 1.39998e-06 
1200.78 1.39177e-06 
1200.79 1.38328e-06 
1200.8 1.37452e-06 
1200.81 1.36549e-06 
1200.82 1.35619e-06 
1200.83 1.34663e-06 
1200.84 1.33681e-06 
1200.85 1.32673e-06 
1200.85 1.3164e-06 
1200.86 1.30583e-06 
1200.87 1.29502e-06 
1200.88 1.28397e-06 
1200.89 1.2727e-06 
1200.9 1.2612e-06 
1200.91 1.24948e-06 
1200.92 1.23756e-06 
1200.93 1.22543e-06 
1200.94 1.2131e-06 
1200.95 1.20059e-06 
1200.96 1.18789e-06 
1200.97 1.17502e-06 
1200.98 1.16181e-06 
1200.99 1.14861e-06 
1201 1.13526e-06 
1201.01 1.12176e-06 
1201.02 1.10813e-06 
1201.03 1.09436e-06 
1201.04 1.08048e-06 
1201.05 1.06649e-06 
1201.06 1.05239e-06 
1201.07 1.03819e-06 
1201.08 1.02391e-06 
1201.09 1.00955e-06 
1201.1 9.95124e-07 
1201.11 9.80631e-07 
1201.12 9.66084e-07 
1201.13 9.51492e-07 
1201.14 9.36862e-07 
1201.15 9.22203e-07 
1201.16 9.07523e-07 
1201.17 8.9283e-07 
1201.18 8.7813e-07 
1201.19 8.63434e-07 
1201.2 8.48748e-07 
1201.21 8.34079e-07 
1201.22 8.19436e-07 
1201.23 8.04643e-07 
1201.24 7.90073e-07 
1201.25 7.75549e-07 
1201.26 7.6108e-07 
1201.27 7.46672e-07 
1201.28 7.32332e-07 
1201.28 7.18065e-07 
1201.29 7.03879e-07 
1201.3 6.89779e-07 
1201.31 6.75772e-07 
1201.32 6.61862e-07 
1201.33 6.48058e-07 
1201.34 6.34361e-07 
1201.35 6.20779e-07 
1201.36 6.07317e-07 
1201.37 5.93979e-07 
1201.38 5.8077e-07 
1201.39 5.67694e-07 
1201.4 5.54756e-07 
1201.41 5.41959e-07 
1201.42 5.29308e-07 
1201.43 5.16805e-07 
1201.44 5.04456e-07 
1201.45 4.92261e-07 
1201.46 4.80226e-07 
1201.47 4.68352e-07 
1201.48 4.56497e-07 
1201.49 4.44955e-07 
1201.5 4.33583e-07 
1201.51 4.22381e-07 
1201.52 4.11352e-07 
1201.53 4.00496e-07 
1201.54 3.89817e-07 
1201.55 3.79314e-07 
1201.56 3.6899e-07 
1201.57 3.58845e-07 
1201.58 3.48879e-07 
1201.59 3.39093e-07 
1201.6 3.29489e-07 
1201.61 3.20263e-07 
1201.62 3.11015e-07 
1201.63 3.01948e-07 
1201.64 2.93061e-07 
1201.65 2.84355e-07 
1201.66 2.7583e-07 
1201.67 2.67483e-07 
1201.68 2.59316e-07 
1201.69 2.51326e-07 
1201.7 2.43513e-07 
1201.7 2.35875e-07 
1201.71 2.28412e-07 
1201.72 2.21033e-07 
1201.73 2.13917e-07 
1201.74 2.06971e-07 
1201.75 2.00193e-07 
1201.76 1.93582e-07 
1201.77 1.87136e-07 
1201.78 1.80853e-07 
1201.79 1.74732e-07 
1201.8 1.68769e-07 
1201.81 1.62964e-07 
1201.82 1.57313e-07 
1201.83 1.51814e-07 
1201.84 1.46467e-07 
1201.85 1.41267e-07 
1201.86 1.36213e-07 
1201.87 1.31302e-07 
1201.88 1.26533e-07 
1201.89 1.21901e-07 
1201.9 1.17406e-07 
1201.91 1.13044e-07 
1201.92 1.08814e-07 
1201.93 1.04711e-07 
1201.94 1.00735e-07 
1201.95 9.68818e-08 
1201.96 9.31496e-08 
1201.97 8.95355e-08 
1201.98 8.59942e-08 
1201.99 8.26102e-08 
1202 7.93369e-08 
1202.01 7.61715e-08 
1202.02 7.31115e-08 
1202.03 7.01544e-08 
1202.04 6.72976e-08 
1202.05 6.45388e-08 
1202.06 6.18754e-08 
1202.07 5.9305e-08 
1202.08 5.68251e-08 
1202.09 5.44334e-08 
1202.1 5.21275e-08 
1202.11 4.9905e-08 
1202.12 4.77636e-08 
1202.13 4.57011e-08 
1202.13 4.37151e-08 
1202.14 4.18035e-08 
1202.15 3.99641e-08 
1202.16 3.81947e-08 
1202.17 3.64932e-08 
1202.18 3.48576e-08 
1202.19 3.32858e-08 
1202.2 3.17757e-08 
1202.21 3.03256e-08 
1202.22 2.89166e-08 
1202.23 2.75807e-08 
1202.24 2.62993e-08 
1202.25 2.50703e-08 
1202.26 2.38919e-08 
1202.27 2.27624e-08 
1202.28 2.16801e-08 
1202.29 2.06434e-08 
1202.3 1.96506e-08 
1202.31 1.87003e-08 
1202.32 1.77908e-08 
1202.33 1.69207e-08 
1202.34 1.60886e-08 
1202.35 1.5293e-08 
1202.36 1.45326e-08 
1202.37 1.38061e-08 
1202.38 1.31121e-08 
1202.39 1.24495e-08 
1202.4 1.1817e-08 
1202.41 1.12134e-08 
1202.42 1.06376e-08 
1202.43 1.00885e-08 
1202.44 9.56504e-09 
1202.45 9.06612e-09 
1202.46 8.59077e-09 
1202.47 8.13802e-09 
1202.48 7.70168e-09 
1202.49 7.29159e-09 
1202.5 6.90137e-09 
1202.51 6.53017e-09 
1202.52 6.17717e-09 
1202.53 5.84158e-09 
1202.54 5.52264e-09 
1202.55 5.21963e-09 
1202.56 4.93183e-09 
1202.56 4.65857e-09 
1202.57 4.3992e-09 
1202.58 4.15308e-09 
1202.59 3.91961e-09 
1202.6 3.69821e-09 
1202.61 3.49047e-09 
1202.62 3.29143e-09 
1202.63 3.10285e-09 
1202.64 2.92424e-09 
1202.65 2.75513e-09 
1202.66 2.59505e-09 
1202.67 2.44358e-09 
1202.68 2.30029e-09 
1202.69 2.16478e-09 
1202.7 2.03667e-09 
1202.71 1.91561e-09 
1202.72 1.80122e-09 
1202.73 1.69186e-09 
1202.74 1.58992e-09 
1202.75 1.49369e-09 
1202.76 1.40289e-09 
1202.77 1.31723e-09 
1202.78 1.23645e-09 
1202.79 1.16029e-09 
1202.8 1.08851e-09 
1202.81 1.02088e-09 
1202.82 9.57175e-10 
1202.83 8.97192e-10 
1202.84 8.40727e-10 
1202.85 7.87591e-10 
1202.86 7.37602e-10 
1202.87 6.90589e-10 
1202.88 6.46388e-10 
1202.89 6.04843e-10 
1202.9 5.65807e-10 
1202.91 5.29139e-10 
1202.92 4.94705e-10 
1202.93 4.62381e-10 
1202.94 4.32045e-10 
1202.95 4.03584e-10 
1202.96 3.76891e-10 
1202.97 3.51862e-10 
1202.98 3.28402e-10 
1202.98 3.06152e-10 
1202.99 2.85575e-10 
1203 2.66306e-10 
1203.01 2.48265e-10 
1203.02 2.3138e-10 
1203.03 2.15582e-10 
1203.04 2.00806e-10 
1203.05 1.86989e-10 
1203.06 1.74073e-10 
1203.07 1.62002e-10 
1203.08 1.50726e-10 
1203.09 1.40194e-10 
1203.1 1.30362e-10 
1203.11 1.21184e-10 
1203.12 1.1262e-10 
1203.13 1.04631e-10 
1203.14 9.71815e-11 
1203.15 9.02365e-11 
1203.16 8.37639e-11 
1203.17 7.77332e-11 
1203.18 7.21162e-11 
1203.19 6.6886e-11 
1203.2 6.20174e-11 
1203.21 5.74867e-11 
1203.22 5.32718e-11 
1203.23 4.93046e-11 
1203.24 4.56634e-11 
1203.25 4.2279e-11 
1203.26 3.91342e-11 
1203.27 3.6213e-11 
1203.28 3.35003e-11 
1203.29 3.0982e-11 
1203.3 2.86447e-11 
1203.31 2.64763e-11 
1203.32 2.4465e-11 
1203.33 2.26e-11 
1203.34 2.08712e-11 
1203.35 1.92692e-11 
1203.36 1.77851e-11 
1203.37 1.64106e-11 
1203.38 1.51379e-11 
1203.39 1.396e-11 
1203.4 1.28701e-11 
1203.41 1.18619e-11 
1203.41 1.09295e-11 
1203.42 1.00675e-11 
1203.43 9.27092e-12 
1203.44 8.53489e-12 
1203.45 7.85505e-12 
1203.46 7.22729e-12 
1203.47 6.64781e-12 
1203.48 6.10663e-12 
1203.49 5.61378e-12 
1203.5 5.15922e-12 
1203.51 4.74012e-12 
1203.52 4.35382e-12 
1203.53 3.99786e-12 
1203.54 3.66995e-12 
1203.55 3.36798e-12 
1203.56 3.08997e-12 
1203.57 2.8341e-12 
1203.58 2.59867e-12 
1203.59 2.38212e-12 
1203.6 2.183e-12 
1203.61 2.00118e-12 
1203.62 1.83285e-12 
1203.63 1.6782e-12 
1203.64 1.53616e-12 
1203.65 1.40574e-12 
1203.66 1.28602e-12 
1203.67 1.17617e-12 
1203.68 1.07539e-12 
1203.69 9.82962e-13 
1203.7 8.98224e-13 
1203.71 8.20556e-13 
1203.72 7.49391e-13 
1203.73 6.83423e-13 
1203.74 6.23792e-13 
1203.75 5.69201e-13 
1203.76 5.1924e-13 
1203.77 4.73528e-13 
1203.78 4.31718e-13 
1203.79 3.93487e-13 
1203.8 3.58539e-13 
1203.81 3.26601e-13 
1203.82 2.97424e-13 
1203.83 2.70775e-13 
1203.83 2.46444e-13 
1203.84 2.24235e-13 
1203.85 2.0397e-13 
1203.86 1.85483e-13 
1203.87 1.68623e-13 
1203.88 1.53252e-13 
1203.89 1.39242e-13 
1203.9 1.26477e-13 
1203.91 1.14849e-13 
1203.92 1.04261e-13 
1203.93 9.46218e-14 
1203.94 8.58492e-14 
1203.95 7.78677e-14 
1203.96 7.0608e-14 
1203.97 6.40069e-14 
1203.98 5.79349e-14 
1203.99 5.24884e-14 
1204 4.75404e-14 
1204.01 4.30465e-14 
1204.02 3.89662e-14 
1204.03 3.52627e-14 
1204.04 3.1902e-14 
1204.05 2.88534e-14 
1204.06 2.60886e-14 
1204.07 2.35821e-14 
1204.08 2.13103e-14 
1204.09 1.92518e-14 
1204.1 1.73872e-14 
1204.11 1.56987e-14 
1204.12 1.41701e-14 
1204.13 1.27867e-14 
1204.14 1.15351e-14 
1204.15 1.0403e-14 
1204.16 9.37938e-15 
1204.17 8.45404e-15 
1204.18 7.61781e-15 
1204.19 6.86234e-15 
1204.2 6.18002e-15 
1204.21 5.56396e-15 
1204.22 5.00787e-15 
1204.23 4.50013e-15 
1204.24 4.04804e-15 
1204.25 3.64033e-15 
1204.26 3.27275e-15 
1204.26 2.94144e-15 
1204.27 2.64292e-15 
1204.28 2.37402e-15 
1204.29 2.13187e-15 
1204.3 1.91386e-15 
1204.31 1.71767e-15 
1204.32 1.54114e-15 
1204.33 1.38236e-15 
1204.34 1.23959e-15 
1204.35 1.11124e-15 
1204.36 9.95899e-16 
1204.37 8.92275e-16 
1204.38 7.99204e-16 
1204.39 7.15636e-16 
1204.4 6.40624e-16 
1204.41 5.73311e-16 
1204.42 5.12924e-16 
1204.43 4.58766e-16 
1204.44 4.1021e-16 
1204.45 3.66688e-16 
1204.46 3.2769e-16 
1204.47 2.92756e-16 
1204.48 2.61102e-16 
1204.49 2.33133e-16 
1204.5 2.081e-16 
1204.51 1.85702e-16 
1204.52 1.65667e-16 
1204.53 1.47752e-16 
1204.54 1.31737e-16 
1204.55 1.17423e-16 
1204.56 1.04636e-16 
1204.57 9.32136e-17 
1204.58 8.30148e-17 
1204.59 7.39108e-17 
1204.6 6.57864e-17 
1204.61 5.85383e-17 
1204.62 5.21061e-17 
1204.63 4.63388e-17 
1204.64 4.1198e-17 
1204.65 3.66171e-17 
1204.66 3.25363e-17 
1204.67 2.8902e-17 
1204.68 2.56663e-17 
1204.68 2.27863e-17 
1204.69 2.02238e-17 
1204.7 1.79443e-17 
1204.71 1.59171e-17 
1204.72 1.40938e-17 
1204.73 1.24944e-17 
1204.74 1.10734e-17 
1204.75 9.81125e-18 
1204.76 8.69044e-18 
1204.77 7.69547e-18 
1204.78 6.81247e-18 
1204.79 6.02906e-18 
1204.8 5.33422e-18 
1204.81 4.71811e-18 
1204.82 4.17197e-18 
1204.83 3.688e-18 
1204.84 3.25924e-18 
1204.85 2.8795e-18 
1204.86 2.54328e-18 
1204.87 2.24567e-18 
1204.88 1.98233e-18 
1204.89 1.74936e-18 
1204.9 1.54333e-18 
1204.91 1.36118e-18 
1204.92 1.20019e-18 
1204.93 1.05793e-18 
1204.94 9.32271e-19 
1204.95 8.21302e-19 
1204.96 7.23334e-19 
1204.97 6.3687e-19 
1204.98 5.59688e-19 
1204.99 4.92502e-19 
1205 4.33258e-19 
1205.01 3.81032e-19 
1205.02 3.35005e-19 
1205.03 2.94454e-19 
1205.04 2.58738e-19 
1205.05 2.27289e-19 
1205.06 1.99605e-19 
1205.07 1.75244e-19 
1205.08 1.53811e-19 
1205.09 1.34962e-19 
1205.1 1.18388e-19 
1205.11 1.0382e-19 
1205.11 9.10189e-20 
1205.12 7.97732e-20 
1205.13 6.9897e-20 
1205.14 6.1226e-20 
1205.15 5.36154e-20 
1205.16 4.69374e-20 
1205.17 4.10794e-20 
1205.18 3.59423e-20 
1205.19 3.14386e-20 
1205.2 2.74913e-20 
1205.21 2.40328e-20 
1205.22 2.09703e-20 
1205.23 1.83196e-20 
1205.24 1.60012e-20 
1205.25 1.39722e-20 
1205.26 1.21969e-20 
1205.27 1.06442e-20 
1205.28 9.28652e-21 
1205.29 8.09968e-21 
1205.3 7.06251e-21 
1205.31 6.15638e-21 
1205.32 5.36499e-21 
1205.33 4.67398e-21 
1205.34 4.07082e-21 
1205.35 3.54448e-21 
1205.36 3.08531e-21 
1205.37 2.68486e-21 
1205.38 2.33572e-21 
1205.39 2.0314e-21 
1205.4 1.76622e-21 
1205.41 1.53522e-21 
1205.42 1.33405e-21 
1205.43 1.15891e-21 
1205.44 1.00648e-21 
1205.45 8.73847e-22 
1205.46 7.58475e-22 
1205.47 6.58147e-22 
1205.48 5.69981e-22 
1205.49 4.94243e-22 
1205.5 4.28498e-22 
1205.51 3.71392e-22 
1205.52 3.21805e-22 
1205.53 2.78759e-22 
1205.54 2.41402e-22 
1205.54 2.08991e-22 
1205.55 1.80881e-22 
1205.56 1.56506e-22 
1205.57 1.35378e-22 
1205.58 1.17068e-22 
1205.59 1.01206e-22 
1205.6 8.74682e-23 
1205.61 7.56201e-23 
1205.62 6.5318e-23 
1205.63 5.64032e-23 
1205.64 4.86913e-23 
1205.65 4.20217e-23 
1205.66 3.62555e-23 
1205.67 3.12715e-23 
1205.68 2.69649e-23 
1205.69 2.32448e-23 
1205.7 2.00322e-23 
1205.71 1.72587e-23 
1205.72 1.48649e-23 
1205.73 1.27756e-23 
1205.74 1.09973e-23 
1205.75 9.46381e-24 
1205.76 8.14185e-24 
1205.77 7.00254e-24 
1205.78 6.02094e-24 
1205.79 5.17546e-24 
1205.8 4.44743e-24 
1205.81 3.82073e-24 
1205.82 3.28139e-24 
1205.83 2.81739e-24 
1205.84 2.41831e-24 
1205.85 2.07516e-24 
1205.86 1.7802e-24 
1205.87 1.52672e-24 
1205.88 1.30897e-24 
1205.89 1.12195e-24 
1205.9 9.61373e-25 
1205.91 8.23546e-25 
1205.92 7.05277e-25 
1205.93 6.0382e-25 
1205.94 5.1681e-25 
1205.95 4.42212e-25 
1205.96 3.78274e-25 
1205.96 3.23488e-25 
1205.97 2.76558e-25 
1205.98 2.35904e-25 
1205.99 2.01564e-25 
1206 1.72174e-25 
1206.01 1.47027e-25 
1206.02 1.25517e-25 
1206.03 1.07123e-25 
1206.04 9.1399e-26 
1206.05 7.79606e-26 
1206.06 6.64789e-26 
1206.07 5.66721e-26 
1206.08 4.82982e-26 
1206.09 4.11498e-26 
1206.1 3.50494e-26 
1206.11 2.98449e-26 
1206.12 2.54059e-26 
1206.13 2.1621e-26 
1206.14 1.83947e-26 
1206.15 1.56454e-26 
1206.16 1.33031e-26 
1206.17 1.13083e-26 
1206.18 9.60991e-27 
1206.19 8.16424e-27 
1206.2 6.93407e-27 
1206.21 5.88758e-27 
1206.22 4.99759e-27 
1206.23 4.23223e-27 
1206.24 3.59041e-27 
1206.25 3.04505e-27 
1206.26 2.58179e-27 
1206.27 2.18838e-27 
1206.28 1.85439e-27 
1206.29 1.57093e-27 
1206.3 1.33041e-27 
1206.31 1.1264e-27 
1206.32 9.53397e-28 
1206.33 8.06736e-28 
1206.34 6.82442e-28 
1206.35 5.77132e-28 
1206.36 4.87934e-28 
1206.37 4.12404e-28 
1206.38 3.48466e-28 
1206.39 2.94356e-28 
1206.39 2.48578e-28 
1206.4 2.09859e-28 
1206.41 1.7712e-28 
1206.42 1.49446e-28 
1206.43 1.2606e-28 
1206.44 1.06303e-28 
1206.45 8.96172e-29 
1206.46 7.55287e-29 
1206.47 6.36368e-29 
1206.48 5.34869e-29 
1206.49 4.50396e-29 
1206.5 3.79155e-29 
1206.51 3.19091e-29 
1206.52 2.68465e-29 
1206.53 2.25807e-29 
1206.54 1.89873e-29 
1206.55 1.59612e-29 
1206.56 1.34135e-29 
1206.57 1.12693e-29 
1206.58 9.46514e-30 
1206.59 7.94755e-30 
1206.6 0 
