#energy geo_1 
1186.6 0 
1186.61 0 
1186.62 0 
1186.63 0 
1186.64 0 
1186.65 0 
1186.66 0 
1186.67 0 
1186.68 0 
1186.69 0 
1186.7 0 
1186.71 0 
1186.72 0 
1186.73 0 
1186.74 0 
1186.75 0 
1186.76 0 
1186.77 0 
1186.78 0 
1186.79 0 
1186.8 0 
1186.81 0 
1186.81 0 
1186.82 0 
1186.83 0 
1186.84 0 
1186.85 0 
1186.86 0 
1186.87 0 
1186.88 0 
1186.89 0 
1186.9 0 
1186.91 0 
1186.92 0 
1186.93 0 
1186.94 0 
1186.95 0 
1186.96 0 
1186.97 0 
1186.98 0 
1186.99 0 
1187 0 
1187.01 0 
1187.02 0 
1187.03 0 
1187.04 0 
1187.05 0 
1187.06 0 
1187.07 0 
1187.08 0 
1187.09 0 
1187.1 0 
1187.11 0 
1187.12 0 
1187.13 0 
1187.14 0 
1187.15 0 
1187.16 0 
1187.17 0 
1187.18 0 
1187.19 0 
1187.2 0 
1187.21 0 
1187.22 0 
1187.23 0 
1187.24 0 
1187.24 0 
1187.25 0 
1187.26 0 
1187.27 0 
1187.28 0 
1187.29 0 
1187.3 0 
1187.31 0 
1187.32 0 
1187.33 0 
1187.34 0 
1187.35 0 
1187.36 0 
1187.37 0 
1187.38 0 
1187.39 0 
1187.4 0 
1187.41 0 
1187.42 0 
1187.43 0 
1187.44 0 
1187.45 0 
1187.46 0 
1187.47 0 
1187.48 0 
1187.49 0 
1187.5 0 
1187.51 0 
1187.52 0 
1187.53 0 
1187.54 0 
1187.55 0 
1187.56 0 
1187.57 0 
1187.58 0 
1187.59 0 
1187.6 0 
1187.61 0 
1187.62 0 
1187.63 0 
1187.64 0 
1187.65 0 
1187.66 0 
1187.66 0 
1187.67 0 
1187.68 0 
1187.69 0 
1187.7 0 
1187.71 0 
1187.72 0 
1187.73 0 
1187.74 0 
1187.75 0 
1187.76 0 
1187.77 0 
1187.78 0 
1187.79 0 
1187.8 0 
1187.81 0 
1187.82 0 
1187.83 0 
1187.84 0 
1187.85 0 
1187.86 0 
1187.87 0 
1187.88 0 
1187.89 0 
1187.9 0 
1187.91 0 
1187.92 0 
1187.93 0 
1187.94 0 
1187.95 0 
1187.96 0 
1187.97 0 
1187.98 0 
1187.99 0 
1188 1.4013e-45 
1188.01 1.4013e-45 
1188.02 1.4013e-45 
1188.03 1.4013e-45 
1188.04 2.8026e-45 
1188.05 2.8026e-45 
1188.06 2.8026e-45 
1188.07 4.2039e-45 
1188.08 7.00649e-45 
1188.09 8.40779e-45 
1188.09 1.26117e-44 
1188.1 1.68156e-44 
1188.11 2.24208e-44 
1188.12 2.94273e-44 
1188.13 4.06377e-44 
1188.14 5.60519e-44 
1188.15 7.42688e-44 
1188.16 1.00893e-43 
1188.17 1.35926e-43 
1188.18 1.82169e-43 
1188.19 2.46629e-43 
1188.2 3.32108e-43 
1188.21 4.48416e-43 
1188.22 6.02558e-43 
1188.23 8.11352e-43 
1188.24 1.09161e-42 
1188.25 1.46716e-42 
1188.26 1.97023e-42 
1188.27 2.64425e-42 
1188.28 3.54669e-42 
1188.29 4.75601e-42 
1188.3 6.3717e-42 
1188.31 8.53251e-42 
1188.32 1.14206e-41 
1188.33 1.52784e-41 
1188.34 2.04267e-41 
1188.35 2.72959e-41 
1188.36 3.6452e-41 
1188.37 4.86559e-41 
1188.38 6.49095e-41 
1188.39 8.65442e-41 
1188.4 1.15325e-40 
1188.41 1.53596e-40 
1188.42 2.04452e-40 
1188.43 2.71998e-40 
1188.44 3.61658e-40 
1188.45 4.80612e-40 
1188.46 6.38339e-40 
1188.47 8.47361e-40 
1188.48 1.12819e-39 
1188.49 1.49595e-39 
1188.5 1.98252e-39 
1188.51 2.62589e-39 
1188.52 3.47614e-39 
1188.52 4.59917e-39 
1188.53 6.08166e-39 
1188.54 8.0376e-39 
1188.55 1.06168e-38 
1188.56 1.40158e-38 
1188.57 1.84929e-38 
1188.58 2.43868e-38 
1188.59 3.21414e-38 
1188.6 4.2365e-38 
1188.61 5.5775e-38 
1188.62 7.33893e-38 
1188.63 9.65134e-38 
1188.64 1.26854e-37 
1188.65 1.6664e-37 
1188.66 2.18785e-37 
1188.67 2.8709e-37 
1188.68 3.76511e-37 
1188.69 4.93514e-37 
1188.7 6.46521e-37 
1188.71 8.46499e-37 
1188.72 1.10772e-36 
1188.73 1.45363e-36 
1188.74 1.90011e-36 
1188.75 2.48235e-36 
1188.76 3.24123e-36 
1188.77 4.22978e-36 
1188.78 5.5168e-36 
1188.79 7.19146e-36 
1188.8 9.36933e-36 
1188.81 1.22e-35 
1188.82 1.58772e-35 
1188.83 2.06514e-35 
1188.84 2.68464e-35 
1188.85 3.48805e-35 
1188.86 4.5294e-35 
1188.87 5.87842e-35 
1188.88 7.62502e-35 
1188.89 9.88515e-35 
1188.9 1.28081e-34 
1188.91 1.65863e-34 
1188.92 2.14672e-34 
1188.93 2.77691e-34 
1188.94 3.59012e-34 
1188.94 4.63893e-34 
1188.95 5.99085e-34 
1188.96 7.73249e-34 
1188.97 9.97497e-34 
1188.98 1.29016e-33 
1188.99 1.66247e-33 
1189 2.14105e-33 
1189.01 2.75588e-33 
1189.02 3.54532e-33 
1189.03 4.5584e-33 
1189.04 5.85773e-33 
1189.05 7.52329e-33 
1189.06 9.65712e-33 
1189.07 1.23894e-32 
1189.08 1.58859e-32 
1189.09 2.03579e-32 
1189.1 2.60746e-32 
1189.11 3.33783e-32 
1189.12 4.27042e-32 
1189.13 5.46057e-32 
1189.14 6.97858e-32 
1189.15 8.91368e-32 
1189.16 1.13791e-31 
1189.17 1.45185e-31 
1189.18 1.85137e-31 
1189.19 2.35955e-31 
1189.2 3.00556e-31 
1189.21 3.82633e-31 
1189.22 4.86856e-31 
1189.23 6.20988e-31 
1189.24 7.89261e-31 
1189.25 1.00258e-30 
1189.26 1.27286e-30 
1189.27 1.6151e-30 
1189.28 2.04825e-30 
1189.29 2.59613e-30 
1189.3 3.28875e-30 
1189.31 4.16386e-30 
1189.32 5.26893e-30 
1189.33 6.66363e-30 
1189.34 8.42287e-30 
1189.35 1.06407e-29 
1189.36 1.34351e-29 
1189.36 1.69541e-29 
1189.37 2.1383e-29 
1189.38 2.6954e-29 
1189.39 3.39578e-29 
1189.4 4.27579e-29 
1189.41 5.3809e-29 
1189.42 6.76791e-29 
1189.43 8.50776e-29 
1189.44 1.0689e-28 
1189.45 1.34221e-28 
1189.46 1.68447e-28 
1189.47 2.11286e-28 
1189.48 2.65621e-28 
1189.49 3.32803e-28 
1189.5 4.16747e-28 
1189.51 5.21578e-28 
1189.52 6.52421e-28 
1189.53 8.15637e-28 
1189.54 1.01913e-27 
1189.55 1.27268e-27 
1189.56 1.58844e-27 
1189.57 1.98146e-27 
1189.58 2.47037e-27 
1189.59 3.07821e-27 
1189.6 3.8335e-27 
1189.61 4.77446e-27 
1189.62 5.93942e-27 
1189.63 7.38457e-27 
1189.64 9.1763e-27 
1189.65 1.13965e-26 
1189.66 1.4146e-26 
1189.67 1.75493e-26 
1189.68 2.17594e-26 
1189.69 2.69647e-26 
1189.7 3.33968e-26 
1189.71 4.13404e-26 
1189.72 5.11453e-26 
1189.73 6.34088e-26 
1189.74 7.8361e-26 
1189.75 9.67859e-26 
1189.76 1.19477e-25 
1189.77 1.47407e-25 
1189.78 1.81767e-25 
1189.79 2.24012e-25 
1189.79 2.75924e-25 
1189.8 3.39678e-25 
1189.81 4.17934e-25 
1189.82 5.13936e-25 
1189.83 6.31642e-25 
1189.84 7.7588e-25 
1189.85 9.52531e-25 
1189.86 1.16876e-24 
1189.87 1.43328e-24 
1189.88 1.75671e-24 
1189.89 2.15194e-24 
1189.9 2.63463e-24 
1189.91 3.22382e-24 
1189.92 3.94261e-24 
1189.93 4.81901e-24 
1189.94 5.88698e-24 
1189.95 7.18769e-24 
1189.96 8.77095e-24 
1189.97 1.06971e-23 
1189.98 1.30713e-23 
1189.99 1.59241e-23 
1190 1.9389e-23 
1190.01 2.35947e-23 
1190.02 2.8697e-23 
1190.03 3.48834e-23 
1190.04 4.23802e-23 
1190.05 5.14597e-23 
1190.06 6.24501e-23 
1190.07 7.57461e-23 
1190.08 9.18224e-23 
1190.09 1.1125e-22 
1190.1 1.34713e-22 
1190.11 1.63035e-22 
1190.12 1.97203e-22 
1190.13 2.38401e-22 
1190.14 2.88047e-22 
1190.15 3.4784e-22 
1190.16 4.19814e-22 
1190.17 5.06402e-22 
1190.18 6.10514e-22 
1190.19 7.35625e-22 
1190.2 8.85888e-22 
1190.21 1.06626e-21 
1190.21 1.28265e-21 
1190.22 1.54565e-21 
1190.23 1.85727e-21 
1190.24 2.23049e-21 
1190.25 2.67723e-21 
1190.26 3.21169e-21 
1190.27 3.85072e-21 
1190.28 4.61436e-21 
1190.29 5.5264e-21 
1190.3 6.61507e-21 
1190.31 7.91384e-21 
1190.32 9.46241e-21 
1190.33 1.13078e-20 
1190.34 1.35056e-20 
1190.35 1.61217e-20 
1190.36 1.9234e-20 
1190.37 2.29346e-20 
1190.38 2.7332e-20 
1190.39 3.25547e-20 
1190.4 3.87541e-20 
1190.41 4.61087e-20 
1190.42 5.48288e-20 
1190.43 6.51622e-20 
1190.44 7.74005e-20 
1190.45 9.18868e-20 
1190.46 1.09024e-19 
1190.47 1.29287e-19 
1190.48 1.53557e-19 
1190.49 1.81895e-19 
1190.5 2.15344e-19 
1190.51 2.54804e-19 
1190.52 3.01328e-19 
1190.53 3.56152e-19 
1190.54 4.20719e-19 
1190.55 4.96719e-19 
1190.56 5.86124e-19 
1190.57 6.91242e-19 
1190.58 8.14763e-19 
1190.59 9.59829e-19 
1190.6 1.1301e-18 
1190.61 1.33068e-18 
1190.62 1.56502e-18 
1190.63 1.83961e-18 
1190.64 2.1612e-18 
1190.64 2.53761e-18 
1190.65 2.97794e-18 
1190.66 3.49275e-18 
1190.67 4.09431e-18 
1190.68 4.79683e-18 
1190.69 5.61681e-18 
1190.7 6.57334e-18 
1190.71 7.68854e-18 
1190.72 8.98799e-18 
1190.73 1.05217e-17 
1190.74 1.22864e-17 
1190.75 1.43392e-17 
1190.76 1.67257e-17 
1190.77 1.94987e-17 
1190.78 2.2719e-17 
1190.79 2.64565e-17 
1190.8 3.0792e-17 
1190.81 3.58182e-17 
1190.82 4.1642e-17 
1190.83 4.8386e-17 
1190.84 5.61914e-17 
1190.85 6.522e-17 
1190.86 7.56576e-17 
1190.87 8.77174e-17 
1190.88 1.01644e-16 
1190.89 1.17716e-16 
1190.9 1.36255e-16 
1190.91 1.57627e-16 
1190.92 1.82251e-16 
1190.93 2.10606e-16 
1190.94 2.43238e-16 
1190.95 2.80772e-16 
1190.96 3.2392e-16 
1190.97 3.73493e-16 
1190.98 4.31178e-16 
1190.99 4.96616e-16 
1191 5.71671e-16 
1191.01 6.57707e-16 
1191.02 7.56276e-16 
1191.03 8.69139e-16 
1191.04 9.98295e-16 
1191.05 1.14601e-15 
1191.06 1.31487e-15 
1191.07 1.50777e-15 
1191.07 1.72803e-15 
1191.08 1.97937e-15 
1191.09 2.26602e-15 
1191.1 2.59275e-15 
1191.11 2.96497e-15 
1191.12 3.38876e-15 
1191.13 3.87099e-15 
1191.14 4.41942e-15 
1191.15 5.04277e-15 
1191.16 5.75088e-15 
1191.17 6.55481e-15 
1191.18 7.46702e-15 
1191.19 8.50151e-15 
1191.2 9.67399e-15 
1191.21 1.10021e-14 
1191.22 1.25057e-14 
1191.23 1.42296e-14 
1191.24 1.61564e-14 
1191.25 1.8334e-14 
1191.26 2.07936e-14 
1191.27 2.35703e-14 
1191.28 2.6703e-14 
1191.29 3.02356e-14 
1191.3 3.42165e-14 
1191.31 3.87004e-14 
1191.32 4.37478e-14 
1191.33 4.94263e-14 
1191.34 5.58111e-14 
1191.35 6.29861e-14 
1191.36 7.10445e-14 
1191.37 8.00897e-14 
1191.38 9.02369e-14 
1191.39 1.01614e-13 
1191.4 1.14362e-13 
1191.41 1.28639e-13 
1191.42 1.44619e-13 
1191.43 1.62495e-13 
1191.44 1.82479e-13 
1191.45 2.04809e-13 
1191.46 2.29745e-13 
1191.47 2.57575e-13 
1191.48 2.89051e-13 
1191.49 3.23681e-13 
1191.49 3.62289e-13 
1191.5 4.0528e-13 
1191.51 4.53123e-13 
1191.52 5.06335e-13 
1191.53 5.65485e-13 
1191.54 6.31197e-13 
1191.55 7.04159e-13 
1191.56 7.85122e-13 
1191.57 8.74913e-13 
1191.58 9.74437e-13 
1191.59 1.08469e-12 
1191.6 1.2075e-12 
1191.61 1.34264e-12 
1191.62 1.49208e-12 
1191.63 1.65724e-12 
1191.64 1.83968e-12 
1191.65 2.04108e-12 
1191.66 2.26328e-12 
1191.67 2.50828e-12 
1191.68 2.77829e-12 
1191.69 3.07566e-12 
1191.7 3.403e-12 
1191.71 3.7631e-12 
1191.72 4.15902e-12 
1191.73 4.59977e-12 
1191.74 5.07809e-12 
1191.75 5.60307e-12 
1191.76 6.17892e-12 
1191.77 6.81021e-12 
1191.78 7.50187e-12 
1191.79 8.25924e-12 
1191.8 9.08806e-12 
1191.81 9.99457e-12 
1191.82 1.09854e-11 
1191.83 1.20679e-11 
1191.84 1.32498e-11 
1191.85 1.45394e-11 
1191.86 1.59457e-11 
1191.87 1.74785e-11 
1191.88 1.9148e-11 
1191.89 2.09656e-11 
1191.9 2.2943e-11 
1191.91 2.50931e-11 
1191.92 2.74296e-11 
1191.92 2.99671e-11 
1191.93 3.27215e-11 
1191.94 3.57093e-11 
1191.95 3.89486e-11 
1191.96 4.24583e-11 
1191.97 4.62589e-11 
1191.98 5.04254e-11 
1191.99 5.48784e-11 
1192 5.96917e-11 
1192.01 6.48915e-11 
1192.02 7.05055e-11 
1192.03 7.65631e-11 
1192.04 8.30954e-11 
1192.05 9.01354e-11 
1192.06 9.77181e-11 
1192.07 1.0588e-10 
1192.08 1.14662e-10 
1192.09 1.24103e-10 
1192.1 1.34247e-10 
1192.11 1.45141e-10 
1192.12 1.56833e-10 
1192.13 1.69374e-10 
1192.14 1.82816e-10 
1192.15 1.97217e-10 
1192.16 2.12636e-10 
1192.17 2.29134e-10 
1192.18 2.46776e-10 
1192.19 2.6563e-10 
1192.2 2.85768e-10 
1192.21 3.07263e-10 
1192.22 3.30193e-10 
1192.23 3.54956e-10 
1192.24 3.81024e-10 
1192.25 4.08781e-10 
1192.26 4.38319e-10 
1192.27 4.69734e-10 
1192.28 5.03123e-10 
1192.29 5.38589e-10 
1192.3 5.76238e-10 
1192.31 6.1618e-10 
1192.32 6.58529e-10 
1192.33 7.034e-10 
1192.34 7.50917e-10 
1192.34 8.01202e-10 
1192.35 8.54385e-10 
1192.36 9.10597e-10 
1192.37 9.69974e-10 
1192.38 1.03265e-09 
1192.39 1.09878e-09 
1192.4 1.1685e-09 
1192.41 1.24196e-09 
1192.42 1.31931e-09 
1192.43 1.40071e-09 
1192.44 1.48631e-09 
1192.45 1.57628e-09 
1192.46 1.67077e-09 
1192.47 1.76996e-09 
1192.48 1.87533e-09 
1192.49 1.98446e-09 
1192.5 2.09879e-09 
1192.51 2.21848e-09 
1192.52 2.34371e-09 
1192.53 2.47465e-09 
1192.54 2.61146e-09 
1192.55 2.75433e-09 
1192.56 2.90341e-09 
1192.57 3.05888e-09 
1192.58 3.2209e-09 
1192.59 3.38964e-09 
1192.6 3.56526e-09 
1192.61 3.75025e-09 
1192.62 3.94022e-09 
1192.63 4.13753e-09 
1192.64 4.34233e-09 
1192.65 4.55477e-09 
1192.66 4.77497e-09 
1192.67 5.00307e-09 
1192.68 5.23918e-09 
1192.69 5.48342e-09 
1192.7 5.73589e-09 
1192.71 5.99668e-09 
1192.72 6.26588e-09 
1192.73 6.5471e-09 
1192.74 6.83344e-09 
1192.75 7.12839e-09 
1192.76 7.43198e-09 
1192.77 7.74424e-09 
1192.77 8.06518e-09 
1192.78 8.39481e-09 
1192.79 8.7331e-09 
1192.8 9.08003e-09 
1192.81 9.43556e-09 
1192.82 9.79961e-09 
1192.83 1.01721e-08 
1192.84 1.0553e-08 
1192.85 1.09421e-08 
1192.86 1.13393e-08 
1192.87 1.17444e-08 
1192.88 1.21574e-08 
1192.89 1.25779e-08 
1192.9 1.30059e-08 
1192.91 1.3441e-08 
1192.92 1.3883e-08 
1192.93 1.43317e-08 
1192.94 1.47868e-08 
1192.95 1.52479e-08 
1192.96 1.57147e-08 
1192.97 1.6187e-08 
1192.98 1.66702e-08 
1192.99 1.71522e-08 
1193 1.76384e-08 
1193.01 1.81284e-08 
1193.02 1.86218e-08 
1193.03 1.9118e-08 
1193.04 1.96168e-08 
1193.05 2.01174e-08 
1193.06 2.06195e-08 
1193.07 2.11225e-08 
1193.08 2.16259e-08 
1193.09 2.21291e-08 
1193.1 2.26315e-08 
1193.11 2.31327e-08 
1193.12 2.36319e-08 
1193.13 2.41287e-08 
1193.14 2.46223e-08 
1193.15 2.51122e-08 
1193.16 2.55978e-08 
1193.17 2.60785e-08 
1193.18 2.65535e-08 
1193.19 2.70224e-08 
1193.19 2.74844e-08 
1193.2 2.79389e-08 
1193.21 2.83853e-08 
1193.22 2.88284e-08 
1193.23 2.92567e-08 
1193.24 2.9675e-08 
1193.25 3.00828e-08 
1193.26 3.04794e-08 
1193.27 3.08642e-08 
1193.28 3.12367e-08 
1193.29 3.15963e-08 
1193.3 3.19425e-08 
1193.31 3.22748e-08 
1193.32 3.25925e-08 
1193.33 3.28953e-08 
1193.34 3.31827e-08 
1193.35 3.34542e-08 
1193.36 3.37094e-08 
1193.37 3.39479e-08 
1193.38 3.41692e-08 
1193.39 3.43731e-08 
1193.4 3.45593e-08 
1193.41 3.47273e-08 
1193.42 3.4877e-08 
1193.43 3.50081e-08 
1193.44 3.51204e-08 
1193.45 3.52137e-08 
1193.46 3.52879e-08 
1193.47 3.53428e-08 
1193.48 3.53787e-08 
1193.49 3.53947e-08 
1193.5 3.53912e-08 
1193.51 3.53683e-08 
1193.52 3.5326e-08 
1193.53 3.52645e-08 
1193.54 3.51837e-08 
1193.55 3.5084e-08 
1193.56 3.49653e-08 
1193.57 3.4828e-08 
1193.58 3.46722e-08 
1193.59 3.44983e-08 
1193.6 3.43065e-08 
1193.61 3.41183e-08 
1193.62 3.38916e-08 
1193.62 3.36481e-08 
1193.63 3.33881e-08 
1193.64 3.31121e-08 
1193.65 3.28205e-08 
1193.66 3.25139e-08 
1193.67 3.21927e-08 
1193.68 3.18574e-08 
1193.69 3.15086e-08 
1193.7 3.11469e-08 
1193.71 3.07728e-08 
1193.72 3.03869e-08 
1193.73 2.99848e-08 
1193.74 2.9577e-08 
1193.75 2.91593e-08 
1193.76 2.87324e-08 
1193.77 2.82969e-08 
1193.78 2.78534e-08 
1193.79 2.74026e-08 
1193.8 2.69453e-08 
1193.81 2.6482e-08 
1193.82 2.60135e-08 
1193.83 2.55405e-08 
1193.84 2.50637e-08 
1193.85 2.45837e-08 
1193.86 2.41013e-08 
1193.87 2.36171e-08 
1193.88 2.31319e-08 
1193.89 2.26463e-08 
1193.9 2.2161e-08 
1193.91 2.16767e-08 
1193.92 2.1194e-08 
1193.93 2.07138e-08 
1193.94 2.02365e-08 
1193.95 1.9763e-08 
1193.96 1.92937e-08 
1193.97 1.88295e-08 
1193.98 1.83652e-08 
1193.99 1.7913e-08 
1194 1.74678e-08 
1194.01 1.703e-08 
1194.02 1.66005e-08 
1194.03 1.61798e-08 
1194.04 1.57685e-08 
1194.05 1.53672e-08 
1194.05 1.49766e-08 
1194.06 1.45973e-08 
1194.07 1.42299e-08 
1194.08 1.38749e-08 
1194.09 1.35331e-08 
1194.1 1.3205e-08 
1194.11 1.28912e-08 
1194.12 1.25923e-08 
1194.13 1.23091e-08 
1194.14 1.20421e-08 
1194.15 1.17919e-08 
1194.16 1.15593e-08 
1194.17 1.13449e-08 
1194.18 1.11493e-08 
1194.19 1.09734e-08 
1194.2 1.08177e-08 
1194.21 1.06831e-08 
1194.22 1.05702e-08 
1194.23 1.0479e-08 
1194.24 1.04124e-08 
1194.25 1.037e-08 
1194.26 1.03527e-08 
1194.27 1.03614e-08 
1194.28 1.0397e-08 
1194.29 1.04604e-08 
1194.3 1.05527e-08 
1194.31 1.06749e-08 
1194.32 1.0828e-08 
1194.33 1.10132e-08 
1194.34 1.12316e-08 
1194.35 1.14845e-08 
1194.36 1.17731e-08 
1194.37 1.20987e-08 
1194.38 1.24626e-08 
1194.39 1.28663e-08 
1194.4 1.33112e-08 
1194.41 1.37989e-08 
1194.42 1.43308e-08 
1194.43 1.49087e-08 
1194.44 1.55342e-08 
1194.45 1.6209e-08 
1194.46 1.6935e-08 
1194.47 1.7714e-08 
1194.47 1.85591e-08 
1194.48 1.94503e-08 
1194.49 2.04009e-08 
1194.5 2.14126e-08 
1194.51 2.24876e-08 
1194.52 2.36281e-08 
1194.53 2.48363e-08 
1194.54 2.61147e-08 
1194.55 2.74656e-08 
1194.56 2.88915e-08 
1194.57 3.03949e-08 
1194.58 3.19783e-08 
1194.59 3.36444e-08 
1194.6 3.53958e-08 
1194.61 3.72584e-08 
1194.62 3.91898e-08 
1194.63 4.12148e-08 
1194.64 4.33362e-08 
1194.65 4.55569e-08 
1194.66 4.78798e-08 
1194.67 5.03077e-08 
1194.68 5.28437e-08 
1194.69 5.54905e-08 
1194.7 5.82512e-08 
1194.71 6.11287e-08 
1194.72 6.41259e-08 
1194.73 6.72855e-08 
1194.74 7.05326e-08 
1194.75 7.39082e-08 
1194.76 7.74151e-08 
1194.77 8.10563e-08 
1194.78 8.48344e-08 
1194.79 8.87522e-08 
1194.8 9.28125e-08 
1194.81 9.70177e-08 
1194.82 1.0137e-07 
1194.83 1.05873e-07 
1194.84 1.10528e-07 
1194.85 1.15337e-07 
1194.86 1.20304e-07 
1194.87 1.25429e-07 
1194.88 1.30714e-07 
1194.89 1.36162e-07 
1194.9 1.41773e-07 
1194.9 1.4755e-07 
1194.91 1.53494e-07 
1194.92 1.59605e-07 
1194.93 1.65885e-07 
1194.94 1.72334e-07 
1194.95 1.78953e-07 
1194.96 1.85742e-07 
1194.97 1.92702e-07 
1194.98 1.99921e-07 
1194.99 2.07222e-07 
1195 2.14692e-07 
1195.01 2.2233e-07 
1195.02 2.30135e-07 
1195.03 2.38105e-07 
1195.04 2.46238e-07 
1195.05 2.54534e-07 
1195.06 2.62988e-07 
1195.07 2.716e-07 
1195.08 2.80365e-07 
1195.09 2.89281e-07 
1195.1 2.98343e-07 
1195.11 3.07549e-07 
1195.12 3.16894e-07 
1195.13 3.26374e-07 
1195.14 3.35984e-07 
1195.15 3.45718e-07 
1195.16 3.55571e-07 
1195.17 3.65539e-07 
1195.18 3.75613e-07 
1195.19 3.85789e-07 
1195.2 3.96059e-07 
1195.21 4.06417e-07 
1195.22 4.16855e-07 
1195.23 4.27498e-07 
1195.24 4.38074e-07 
1195.25 4.48707e-07 
1195.26 4.59388e-07 
1195.27 4.70109e-07 
1195.28 4.8086e-07 
1195.29 4.91633e-07 
1195.3 5.02418e-07 
1195.31 5.13206e-07 
1195.32 5.23987e-07 
1195.32 5.34751e-07 
1195.33 5.45488e-07 
1195.34 5.56188e-07 
1195.35 5.66841e-07 
1195.36 5.77435e-07 
1195.37 5.87961e-07 
1195.38 5.98409e-07 
1195.39 6.08767e-07 
1195.4 6.19024e-07 
1195.41 6.29172e-07 
1195.42 6.39198e-07 
1195.43 6.49092e-07 
1195.44 6.58845e-07 
1195.45 6.68445e-07 
1195.46 6.77883e-07 
1195.47 6.87148e-07 
1195.48 6.96344e-07 
1195.49 7.05234e-07 
1195.5 7.13922e-07 
1195.51 7.22401e-07 
1195.52 7.3066e-07 
1195.53 7.38694e-07 
1195.54 7.46492e-07 
1195.55 7.54048e-07 
1195.56 7.61354e-07 
1195.57 7.68405e-07 
1195.58 7.75193e-07 
1195.59 7.81714e-07 
1195.6 7.87962e-07 
1195.61 7.94426e-07 
1195.62 8.00119e-07 
1195.63 8.05529e-07 
1195.64 8.10652e-07 
1195.65 8.15487e-07 
1195.66 8.20032e-07 
1195.67 8.24288e-07 
1195.68 8.28256e-07 
1195.69 8.31936e-07 
1195.7 8.35331e-07 
1195.71 8.38445e-07 
1195.72 8.41281e-07 
1195.73 8.43875e-07 
1195.74 8.46169e-07 
1195.75 8.48204e-07 
1195.75 8.49988e-07 
1195.76 8.5153e-07 
1195.77 8.5284e-07 
1195.78 8.5393e-07 
1195.79 8.54812e-07 
1195.8 8.555e-07 
1195.81 8.56008e-07 
1195.82 8.56351e-07 
1195.83 8.56548e-07 
1195.84 8.56616e-07 
1195.85 8.56574e-07 
1195.86 8.56443e-07 
1195.87 8.56245e-07 
1195.88 8.56002e-07 
1195.89 8.55739e-07 
1195.9 8.55481e-07 
1195.91 8.55255e-07 
1195.92 8.55088e-07 
1195.93 8.55008e-07 
1195.94 8.55047e-07 
1195.95 8.55235e-07 
1195.96 8.55605e-07 
1195.97 8.56189e-07 
1195.98 8.57035e-07 
1195.99 8.58158e-07 
1196 8.59602e-07 
1196.01 8.61406e-07 
1196.02 8.63608e-07 
1196.03 8.66247e-07 
1196.04 8.69363e-07 
1196.05 8.72998e-07 
1196.06 8.77193e-07 
1196.07 8.8199e-07 
1196.08 8.87432e-07 
1196.09 8.93564e-07 
1196.1 9.00428e-07 
1196.11 9.08068e-07 
1196.12 9.1653e-07 
1196.13 9.25858e-07 
1196.14 9.36097e-07 
1196.15 9.47291e-07 
1196.16 9.59485e-07 
1196.17 9.72724e-07 
1196.17 9.8705e-07 
1196.18 1.00251e-06 
1196.19 1.01914e-06 
1196.2 1.03699e-06 
1196.21 1.0561e-06 
1196.22 1.07677e-06 
1196.23 1.09852e-06 
1196.24 1.12166e-06 
1196.25 1.1462e-06 
1196.26 1.17219e-06 
1196.27 1.19966e-06 
1196.28 1.22864e-06 
1196.29 1.25916e-06 
1196.3 1.29124e-06 
1196.31 1.32491e-06 
1196.32 1.36019e-06 
1196.33 1.3971e-06 
1196.34 1.43565e-06 
1196.35 1.47587e-06 
1196.36 1.51775e-06 
1196.37 1.5613e-06 
1196.38 1.60654e-06 
1196.39 1.65345e-06 
1196.4 1.70203e-06 
1196.41 1.75228e-06 
1196.42 1.80419e-06 
1196.43 1.85773e-06 
1196.44 1.91289e-06 
1196.45 1.96964e-06 
1196.46 2.02795e-06 
1196.47 2.0878e-06 
1196.48 2.14991e-06 
1196.49 2.21272e-06 
1196.5 2.27693e-06 
1196.51 2.3425e-06 
1196.52 2.40936e-06 
1196.53 2.47746e-06 
1196.54 2.54673e-06 
1196.55 2.6171e-06 
1196.56 2.6885e-06 
1196.57 2.76085e-06 
1196.58 2.83407e-06 
1196.59 2.90807e-06 
1196.6 2.98276e-06 
1196.6 3.05995e-06 
1196.61 3.13578e-06 
1196.62 3.21201e-06 
1196.63 3.28853e-06 
1196.64 3.36523e-06 
1196.65 3.442e-06 
1196.66 3.51873e-06 
1196.67 3.5953e-06 
1196.68 3.67159e-06 
1196.69 3.74748e-06 
1196.7 3.82284e-06 
1196.71 3.89756e-06 
1196.72 3.9715e-06 
1196.73 4.04545e-06 
1196.74 4.11746e-06 
1196.75 4.18831e-06 
1196.76 4.25788e-06 
1196.77 4.32605e-06 
1196.78 4.39268e-06 
1196.79 4.45765e-06 
1196.8 4.52085e-06 
1196.81 4.58215e-06 
1196.82 4.64144e-06 
1196.83 4.6986e-06 
1196.84 4.75351e-06 
1196.85 4.80607e-06 
1196.86 4.85617e-06 
1196.87 4.90372e-06 
1196.88 4.94861e-06 
1196.89 4.99075e-06 
1196.9 5.03006e-06 
1196.91 5.06645e-06 
1196.92 5.09985e-06 
1196.93 5.13018e-06 
1196.94 5.15738e-06 
1196.95 5.18139e-06 
1196.96 5.20216e-06 
1196.97 5.21964e-06 
1196.98 5.23394e-06 
1196.99 5.24468e-06 
1197 5.25204e-06 
1197.01 5.25598e-06 
1197.02 5.25651e-06 
1197.03 5.25361e-06 
1197.03 5.24728e-06 
1197.04 5.23753e-06 
1197.05 5.22438e-06 
1197.06 5.20786e-06 
1197.07 5.18798e-06 
1197.08 5.16479e-06 
1197.09 5.13833e-06 
1197.1 5.10865e-06 
1197.11 5.0758e-06 
1197.12 5.03984e-06 
1197.13 5.00084e-06 
1197.14 4.95888e-06 
1197.15 4.91403e-06 
1197.16 4.86637e-06 
1197.17 4.81599e-06 
1197.18 4.763e-06 
1197.19 4.70748e-06 
1197.2 4.64953e-06 
1197.21 4.58926e-06 
1197.22 4.52678e-06 
1197.23 4.46138e-06 
1197.24 4.39479e-06 
1197.25 4.32632e-06 
1197.26 4.25611e-06 
1197.27 4.18427e-06 
1197.28 4.11092e-06 
1197.29 4.03618e-06 
1197.3 3.96018e-06 
1197.31 3.88304e-06 
1197.32 3.80488e-06 
1197.33 3.72582e-06 
1197.34 3.64599e-06 
1197.35 3.56552e-06 
1197.36 3.4845e-06 
1197.37 3.40308e-06 
1197.38 3.32136e-06 
1197.39 3.23946e-06 
1197.4 3.15748e-06 
1197.41 3.07555e-06 
1197.42 2.99376e-06 
1197.43 2.91221e-06 
1197.44 2.83102e-06 
1197.45 2.75027e-06 
1197.45 2.67006e-06 
1197.46 2.59049e-06 
1197.47 2.51162e-06 
1197.48 2.43258e-06 
1197.49 2.3554e-06 
1197.5 2.27917e-06 
1197.51 2.20395e-06 
1197.52 2.12982e-06 
1197.53 2.05684e-06 
1197.54 1.98505e-06 
1197.55 1.91452e-06 
1197.56 1.8453e-06 
1197.57 1.77742e-06 
1197.58 1.71093e-06 
1197.59 1.64587e-06 
1197.6 1.58226e-06 
1197.61 1.52107e-06 
1197.62 1.46041e-06 
1197.63 1.40128e-06 
1197.64 1.3437e-06 
1197.65 1.28768e-06 
1197.66 1.23322e-06 
1197.67 1.18033e-06 
1197.68 1.12903e-06 
1197.69 1.0793e-06 
1197.7 1.03114e-06 
1197.71 9.84558e-07 
1197.72 9.39531e-07 
1197.73 8.9552e-07 
1197.74 8.53597e-07 
1197.75 8.13195e-07 
1197.76 7.74295e-07 
1197.77 7.36879e-07 
1197.78 7.00925e-07 
1197.79 6.6641e-07 
1197.8 6.33311e-07 
1197.81 6.01601e-07 
1197.82 5.71255e-07 
1197.83 5.42244e-07 
1197.84 5.1454e-07 
1197.85 4.88113e-07 
1197.86 4.62933e-07 
1197.87 4.3897e-07 
1197.88 4.16192e-07 
1197.88 3.94569e-07 
1197.89 3.74067e-07 
1197.9 3.54657e-07 
1197.91 3.36305e-07 
1197.92 3.1898e-07 
1197.93 3.02651e-07 
1197.94 2.87285e-07 
1197.95 2.72852e-07 
1197.96 2.5932e-07 
1197.97 2.46659e-07 
1197.98 2.34697e-07 
1197.99 2.23698e-07 
1198 2.13481e-07 
1198.01 2.04016e-07 
1198.02 1.95277e-07 
1198.03 1.87235e-07 
1198.04 1.79864e-07 
1198.05 1.73137e-07 
1198.06 1.67029e-07 
1198.07 1.61515e-07 
1198.08 1.5657e-07 
1198.09 1.52172e-07 
1198.1 1.48296e-07 
1198.11 1.44922e-07 
1198.12 1.42027e-07 
1198.13 1.3959e-07 
1198.14 1.3759e-07 
1198.15 1.36009e-07 
1198.16 1.34827e-07 
1198.17 1.34025e-07 
1198.18 1.33586e-07 
1198.19 1.33491e-07 
1198.2 1.33724e-07 
1198.21 1.34269e-07 
1198.22 1.35109e-07 
1198.23 1.36245e-07 
1198.24 1.37633e-07 
1198.25 1.39272e-07 
1198.26 1.41146e-07 
1198.27 1.43242e-07 
1198.28 1.45546e-07 
1198.29 1.48045e-07 
1198.3 1.50726e-07 
1198.3 1.53577e-07 
1198.31 1.56585e-07 
1198.32 1.59739e-07 
1198.33 1.63025e-07 
1198.34 1.66433e-07 
1198.35 1.6995e-07 
1198.36 1.73567e-07 
1198.37 1.77272e-07 
1198.38 1.81053e-07 
1198.39 1.849e-07 
1198.4 1.88804e-07 
1198.41 1.92752e-07 
1198.42 1.96736e-07 
1198.43 2.00744e-07 
1198.44 2.04768e-07 
1198.45 2.08796e-07 
1198.46 2.12821e-07 
1198.47 2.16831e-07 
1198.48 2.20868e-07 
1198.49 2.24823e-07 
1198.5 2.28736e-07 
1198.51 2.32599e-07 
1198.52 2.36402e-07 
1198.53 2.40139e-07 
1198.54 2.438e-07 
1198.55 2.47377e-07 
1198.56 2.50863e-07 
1198.57 2.5425e-07 
1198.58 2.5753e-07 
1198.59 2.60697e-07 
1198.6 2.63744e-07 
1198.61 2.66829e-07 
1198.62 2.69617e-07 
1198.63 2.72267e-07 
1198.64 2.74772e-07 
1198.65 2.77126e-07 
1198.66 2.79326e-07 
1198.67 2.81365e-07 
1198.68 2.83241e-07 
1198.69 2.84949e-07 
1198.7 2.86486e-07 
1198.71 2.87848e-07 
1198.72 2.89033e-07 
1198.73 2.9005e-07 
1198.73 2.90871e-07 
1198.74 2.9151e-07 
1198.75 2.91964e-07 
1198.76 2.92234e-07 
1198.77 2.92319e-07 
1198.78 2.92219e-07 
1198.79 2.91934e-07 
1198.8 2.91467e-07 
1198.81 2.90818e-07 
1198.82 2.89989e-07 
1198.83 2.88983e-07 
1198.84 2.87802e-07 
1198.85 2.8645e-07 
1198.86 2.8493e-07 
1198.87 2.83246e-07 
1198.88 2.81402e-07 
1198.89 2.79404e-07 
1198.9 2.77256e-07 
1198.91 2.74963e-07 
1198.92 2.72532e-07 
1198.93 2.69969e-07 
1198.94 2.6728e-07 
1198.95 2.64473e-07 
1198.96 2.61553e-07 
1198.97 2.58529e-07 
1198.98 2.55369e-07 
1198.99 2.52159e-07 
1199 2.48869e-07 
1199.01 2.45506e-07 
1199.02 2.4208e-07 
1199.03 2.386e-07 
1199.04 2.35074e-07 
1199.05 2.31512e-07 
1199.06 2.27923e-07 
1199.07 2.24317e-07 
1199.08 2.20703e-07 
1199.09 2.17091e-07 
1199.1 2.13491e-07 
1199.11 2.09912e-07 
1199.12 2.06366e-07 
1199.13 2.02861e-07 
1199.14 1.99409e-07 
1199.15 1.96018e-07 
1199.15 1.927e-07 
1199.16 1.89465e-07 
1199.17 1.86322e-07 
1199.18 1.83282e-07 
1199.19 1.80354e-07 
1199.2 1.7755e-07 
1199.21 1.7488e-07 
1199.22 1.72322e-07 
1199.23 1.69949e-07 
1199.24 1.67739e-07 
1199.25 1.65703e-07 
1199.26 1.63849e-07 
1199.27 1.62188e-07 
1199.28 1.60728e-07 
1199.29 1.59479e-07 
1199.3 1.58451e-07 
1199.31 1.57653e-07 
1199.32 1.57093e-07 
1199.33 1.56781e-07 
1199.34 1.56725e-07 
1199.35 1.56933e-07 
1199.36 1.57414e-07 
1199.37 1.58176e-07 
1199.38 1.59227e-07 
1199.39 1.60575e-07 
1199.4 1.62227e-07 
1199.41 1.64191e-07 
1199.42 1.66472e-07 
1199.43 1.69079e-07 
1199.44 1.72017e-07 
1199.45 1.75292e-07 
1199.46 1.78911e-07 
1199.47 1.82879e-07 
1199.48 1.87257e-07 
1199.49 1.91941e-07 
1199.5 1.96989e-07 
1199.51 2.02404e-07 
1199.52 2.08189e-07 
1199.53 2.14348e-07 
1199.54 2.20883e-07 
1199.55 2.27796e-07 
1199.56 2.3509e-07 
1199.57 2.42764e-07 
1199.58 2.5082e-07 
1199.58 2.59257e-07 
1199.59 2.68076e-07 
1199.6 2.77274e-07 
1199.61 2.87027e-07 
1199.62 2.96985e-07 
1199.63 3.07315e-07 
1199.64 3.18013e-07 
1199.65 3.29076e-07 
1199.66 3.40497e-07 
1199.67 3.52271e-07 
1199.68 3.64391e-07 
1199.69 3.7685e-07 
1199.7 3.89638e-07 
1199.71 4.02748e-07 
1199.72 4.16169e-07 
1199.73 4.30063e-07 
1199.74 4.44077e-07 
1199.75 4.58368e-07 
1199.76 4.72922e-07 
1199.77 4.87726e-07 
1199.78 5.02765e-07 
1199.79 5.18024e-07 
1199.8 5.33486e-07 
1199.81 5.49134e-07 
1199.82 5.64951e-07 
1199.83 5.80918e-07 
1199.84 5.97017e-07 
1199.85 6.13227e-07 
1199.86 6.29527e-07 
1199.87 6.45898e-07 
1199.88 6.62316e-07 
1199.89 6.78761e-07 
1199.9 6.95208e-07 
1199.91 7.11636e-07 
1199.92 7.2802e-07 
1199.93 7.44337e-07 
1199.94 7.60561e-07 
1199.95 7.7667e-07 
1199.96 7.92637e-07 
1199.97 8.08437e-07 
1199.98 8.24239e-07 
1199.99 8.3963e-07 
1200 8.54779e-07 
1200.01 8.6966e-07 
1200.01 8.84249e-07 
1200.02 8.98522e-07 
1200.03 9.12454e-07 
1200.04 9.2602e-07 
1200.05 9.39198e-07 
1200.06 9.51963e-07 
1200.07 9.64294e-07 
1200.08 9.76167e-07 
1200.09 9.87562e-07 
1200.1 9.98457e-07 
1200.11 1.00883e-06 
1200.12 1.01867e-06 
1200.13 1.02795e-06 
1200.14 1.03665e-06 
1200.15 1.04477e-06 
1200.16 1.05228e-06 
1200.17 1.05916e-06 
1200.18 1.06541e-06 
1200.19 1.07102e-06 
1200.2 1.07597e-06 
1200.21 1.08025e-06 
1200.22 1.08386e-06 
1200.23 1.08682e-06 
1200.24 1.08905e-06 
1200.25 1.09058e-06 
1200.26 1.09142e-06 
1200.27 1.09157e-06 
1200.28 1.09101e-06 
1200.29 1.08976e-06 
1200.3 1.08782e-06 
1200.31 1.08518e-06 
1200.32 1.08186e-06 
1200.33 1.07786e-06 
1200.34 1.07319e-06 
1200.35 1.06785e-06 
1200.36 1.06186e-06 
1200.37 1.05523e-06 
1200.38 1.04797e-06 
1200.39 1.04009e-06 
1200.4 1.03161e-06 
1200.41 1.02255e-06 
1200.42 1.01291e-06 
1200.43 1.00273e-06 
1200.43 9.9201e-07 
1200.44 9.80778e-07 
1200.45 9.69053e-07 
1200.46 9.56856e-07 
1200.47 9.44207e-07 
1200.48 9.30963e-07 
1200.49 9.17473e-07 
1200.5 9.036e-07 
1200.51 8.89367e-07 
1200.52 8.74798e-07 
1200.53 8.59916e-07 
1200.54 8.44747e-07 
1200.55 8.29314e-07 
1200.56 8.13642e-07 
1200.57 7.97755e-07 
1200.58 7.81677e-07 
1200.59 7.65433e-07 
1200.6 7.49046e-07 
1200.61 7.32995e-07 
1200.62 7.16385e-07 
1200.63 6.99703e-07 
1200.64 6.82972e-07 
1200.65 6.66214e-07 
1200.66 6.49451e-07 
1200.67 6.32705e-07 
1200.68 6.15996e-07 
1200.69 5.99344e-07 
1200.7 5.82769e-07 
1200.71 5.66289e-07 
1200.72 5.49924e-07 
1200.73 5.33487e-07 
1200.74 5.17402e-07 
1200.75 5.0148e-07 
1200.76 4.85738e-07 
1200.77 4.70188e-07 
1200.78 4.54845e-07 
1200.79 4.3972e-07 
1200.8 4.24827e-07 
1200.81 4.10175e-07 
1200.82 3.95775e-07 
1200.83 3.81635e-07 
1200.84 3.67766e-07 
1200.85 3.54173e-07 
1200.85 3.40865e-07 
1200.86 3.27846e-07 
1200.87 3.15123e-07 
1200.88 3.027e-07 
1200.89 2.9058e-07 
1200.9 2.78767e-07 
1200.91 2.67263e-07 
1200.92 2.5607e-07 
1200.93 2.45188e-07 
1200.94 2.34618e-07 
1200.95 2.24361e-07 
1200.96 2.14414e-07 
1200.97 2.04777e-07 
1200.98 1.95334e-07 
1200.99 1.86314e-07 
1201 1.77598e-07 
1201.01 1.6918e-07 
1201.02 1.61058e-07 
1201.03 1.53229e-07 
1201.04 1.45686e-07 
1201.05 1.38426e-07 
1201.06 1.31443e-07 
1201.07 1.24733e-07 
1201.08 1.1829e-07 
1201.09 1.12108e-07 
1201.1 1.0618e-07 
1201.11 1.00502e-07 
1201.12 9.50665e-08 
1201.13 8.98674e-08 
1201.14 8.48982e-08 
1201.15 8.01524e-08 
1201.16 7.56235e-08 
1201.17 7.13048e-08 
1201.18 6.71897e-08 
1201.19 6.32715e-08 
1201.2 5.95437e-08 
1201.21 5.59996e-08 
1201.22 5.26327e-08 
1201.23 4.93978e-08 
1201.24 4.6368e-08 
1201.25 4.34962e-08 
1201.26 4.07762e-08 
1201.27 3.82018e-08 
1201.28 3.5767e-08 
1201.28 3.34659e-08 
1201.29 3.12929e-08 
1201.3 2.92422e-08 
1201.31 2.73084e-08 
1201.32 2.54861e-08 
1201.33 2.37702e-08 
1201.34 2.21557e-08 
1201.35 2.06376e-08 
1201.36 1.92112e-08 
1201.37 1.78719e-08 
1201.38 1.66154e-08 
1201.39 1.54373e-08 
1201.4 1.43336e-08 
1201.41 1.33002e-08 
1201.42 1.23335e-08 
1201.43 1.14297e-08 
1201.44 1.05853e-08 
1201.45 9.79706e-09 
1201.46 9.06169e-09 
1201.47 8.37616e-09 
1201.48 7.72983e-09 
1201.49 7.13586e-09 
1201.5 6.5833e-09 
1201.51 6.06965e-09 
1201.52 5.59248e-09 
1201.53 5.14953e-09 
1201.54 4.73863e-09 
1201.55 4.35773e-09 
1201.56 4.00487e-09 
1201.57 3.67823e-09 
1201.58 3.37607e-09 
1201.59 3.09675e-09 
1201.6 2.83872e-09 
1201.61 2.60213e-09 
1201.62 2.38226e-09 
1201.63 2.17957e-09 
1201.64 1.99285e-09 
1201.65 1.82096e-09 
1201.66 1.66283e-09 
1201.67 1.51745e-09 
1201.68 1.38391e-09 
1201.69 1.2613e-09 
1201.7 1.14883e-09 
1201.7 1.04571e-09 
1201.71 9.51237e-10 
1201.72 8.63713e-10 
1201.73 7.84672e-10 
1201.74 7.12408e-10 
1201.75 6.46384e-10 
1201.76 5.86104e-10 
1201.77 5.31105e-10 
1201.78 4.8096e-10 
1201.79 4.35269e-10 
1201.8 3.93668e-10 
1201.81 3.55814e-10 
1201.82 3.21394e-10 
1201.83 2.90118e-10 
1201.84 2.61718e-10 
1201.85 2.35947e-10 
1201.86 2.12577e-10 
1201.87 1.914e-10 
1201.88 1.72222e-10 
1201.89 1.54866e-10 
1201.9 1.3917e-10 
1201.91 1.24985e-10 
1201.92 1.12174e-10 
1201.93 1.00611e-10 
1201.94 9.01828e-11 
1201.95 8.07835e-11 
1201.96 7.23176e-11 
1201.97 6.46974e-11 
1201.98 5.77619e-11 
1201.99 5.16089e-11 
1202 4.60818e-11 
1202.01 4.11203e-11 
1202.02 3.66695e-11 
1202.03 3.26795e-11 
1202.04 2.9105e-11 
1202.05 2.59049e-11 
1202.06 2.30419e-11 
1202.07 2.04821e-11 
1202.08 1.81951e-11 
1202.09 1.61531e-11 
1202.1 1.43311e-11 
1202.11 1.27065e-11 
1202.12 1.12588e-11 
1202.13 9.96967e-12 
1202.13 8.82249e-12 
1202.14 7.80232e-12 
1202.15 6.8957e-12 
1202.16 6.09052e-12 
1202.17 5.37592e-12 
1202.18 4.74212e-12 
1202.19 4.18037e-12 
1202.2 3.6828e-12 
1202.21 3.24238e-12 
1202.22 2.8485e-12 
1202.23 2.50438e-12 
1202.24 2.20063e-12 
1202.25 1.93249e-12 
1202.26 1.69593e-12 
1202.27 1.48738e-12 
1202.28 1.30363e-12 
1202.29 1.14186e-12 
1202.3 9.9952e-13 
1202.31 8.74363e-13 
1202.32 7.64388e-13 
1202.33 6.67818e-13 
1202.34 5.83075e-13 
1202.35 5.08759e-13 
1202.36 4.43631e-13 
1202.37 3.86592e-13 
1202.38 3.36672e-13 
1202.39 2.9301e-13 
1202.4 2.54847e-13 
1202.41 2.21512e-13 
1202.42 1.92415e-13 
1202.43 1.67033e-13 
1202.44 1.44906e-13 
1202.45 1.2563e-13 
1202.46 1.08848e-13 
1202.47 9.42475e-14 
1202.48 8.14057e-14 
1202.49 7.03955e-14 
1202.5 6.08355e-14 
1202.51 5.25401e-14 
1202.52 4.53468e-14 
1202.53 3.91133e-14 
1202.54 3.3715e-14 
1202.55 2.90432e-14 
1202.56 2.50028e-14 
1202.56 2.15106e-14 
1202.57 1.84944e-14 
1202.58 1.58909e-14 
1202.59 1.36452e-14 
1202.6 1.17093e-14 
1202.61 1.00479e-14 
1202.62 8.61132e-15 
1202.63 7.37543e-15 
1202.64 6.31287e-15 
1202.65 5.39994e-15 
1202.66 4.61607e-15 
1202.67 3.94346e-15 
1202.68 3.3667e-15 
1202.69 2.87246e-15 
1202.7 2.4492e-15 
1202.71 2.08697e-15 
1202.72 1.77718e-15 
1202.73 1.50935e-15 
1202.74 1.28364e-15 
1202.75 1.09099e-15 
1202.76 9.26658e-16 
1202.77 7.86574e-16 
1202.78 6.6724e-16 
1202.79 5.65647e-16 
1202.8 4.79216e-16 
1202.81 4.05732e-16 
1202.82 3.43296e-16 
1202.83 2.90282e-16 
1202.84 2.45298e-16 
1202.85 2.07152e-16 
1202.86 1.74826e-16 
1202.87 1.4745e-16 
1202.88 1.24281e-16 
1202.89 1.04686e-16 
1202.9 8.81233e-17 
1202.91 7.41339e-17 
1202.92 6.23254e-17 
1202.93 5.23642e-17 
1202.94 4.39669e-17 
1202.95 3.68926e-17 
1202.96 3.09368e-17 
1202.97 2.59258e-17 
1202.98 2.17126e-17 
1202.98 1.81319e-17 
1202.99 1.51657e-17 
1203 1.26766e-17 
1203.01 1.05893e-17 
1203.02 8.83999e-18 
1203.03 7.37494e-18 
1203.04 6.14875e-18 
1203.05 5.12315e-18 
1203.06 4.26588e-18 
1203.07 3.54979e-18 
1203.08 2.95202e-18 
1203.09 2.45333e-18 
1203.1 2.03759e-18 
1203.11 1.69121e-18 
1203.12 1.40282e-18 
1203.13 1.16285e-18 
1203.14 9.63324e-19 
1203.15 7.97519e-19 
1203.16 6.59829e-19 
1203.17 5.45562e-19 
1203.18 4.50794e-19 
1203.19 3.7225e-19 
1203.2 3.07194e-19 
1203.21 2.53345e-19 
1203.22 2.08802e-19 
1203.23 1.71562e-19 
1203.24 1.41216e-19 
1203.25 1.16163e-19 
1203.26 9.54934e-20 
1203.27 7.84514e-20 
1203.28 6.44095e-20 
1203.29 5.28471e-20 
1203.3 4.33325e-20 
1203.31 3.55082e-20 
1203.32 2.90781e-20 
1203.33 2.37971e-20 
1203.34 1.94627e-20 
1203.35 1.59077e-20 
1203.36 1.29936e-20 
1203.37 1.06066e-20 
1203.38 8.65254e-21 
1203.39 7.05397e-21 
1203.4 5.74705e-21 
1203.41 4.67927e-21 
1203.41 3.80744e-21 
1203.42 3.09606e-21 
1203.43 2.51599e-21 
1203.44 2.04329e-21 
1203.45 1.65833e-21 
1203.46 1.34504e-21 
1203.47 1.09024e-21 
1203.48 8.80815e-22 
1203.49 7.13036e-22 
1203.5 5.76845e-22 
1203.51 4.66369e-22 
1203.52 3.76809e-22 
1203.53 3.04253e-22 
1203.54 2.45511e-22 
1203.55 1.97983e-22 
1203.56 1.59554e-22 
1203.57 1.28502e-22 
1203.58 1.03426e-22 
1203.59 8.3191e-23 
1203.6 6.68718e-23 
1203.61 5.37526e-23 
1203.62 4.31529e-23 
1203.63 3.46212e-23 
1203.64 2.77585e-23 
1203.65 2.22419e-23 
1203.66 1.78102e-23 
1203.67 1.42524e-23 
1203.68 1.13981e-23 
1203.69 9.10949e-24 
1203.7 7.27577e-24 
1203.71 5.80746e-24 
1203.72 4.63249e-24 
1203.73 3.68242e-24 
1203.74 2.93361e-24 
1203.75 2.33557e-24 
1203.76 1.85826e-24 
1203.77 1.47754e-24 
1203.78 1.17408e-24 
1203.79 9.32341e-25 
1203.8 7.39903e-25 
1203.81 5.86809e-25 
1203.82 4.65094e-25 
1203.83 3.68389e-25 
1203.83 2.91604e-25 
1203.84 2.30676e-25 
1203.85 1.82362e-25 
1203.86 1.44074e-25 
1203.87 1.13753e-25 
1203.88 8.9755e-26 
1203.89 7.07746e-26 
1203.9 5.57722e-26 
1203.91 4.39218e-26 
1203.92 3.45672e-26 
1203.93 2.71875e-26 
1203.94 2.13697e-26 
1203.95 1.6786e-26 
1203.96 1.31771e-26 
1203.97 1.03374e-26 
1203.98 8.07987e-27 
1203.99 6.3305e-27 
1204 4.95671e-27 
1204.01 3.87856e-27 
1204.02 3.03298e-27 
1204.03 2.37023e-27 
1204.04 1.85111e-27 
1204.05 1.44477e-27 
1204.06 1.1269e-27 
1204.07 8.784e-28 
1204.08 6.84262e-28 
1204.09 5.3269e-28 
1204.1 4.14427e-28 
1204.11 3.22214e-28 
1204.12 2.50358e-28 
1204.13 1.94402e-28 
1204.14 1.50856e-28 
1204.15 1.16989e-28 
1204.16 9.06671e-29 
1204.17 7.02225e-29 
1204.18 5.43532e-29 
1204.19 4.20432e-29 
1204.2 3.25003e-29 
1204.21 2.51074e-29 
1204.22 1.93838e-29 
1204.23 1.49068e-29 
1204.24 1.14938e-29 
1204.25 8.85646e-30 
1204.26 6.81993e-30 
1204.26 5.24834e-30 
1204.27 4.03632e-30 
1204.28 3.10221e-30 
1204.29 2.38275e-30 
1204.3 1.82897e-30 
1204.31 1.403e-30 
1204.32 1.07555e-30 
1204.33 8.23996e-31 
1204.34 6.30873e-31 
1204.35 4.82703e-31 
1204.36 3.69097e-31 
1204.37 2.82047e-31 
1204.38 2.1539e-31 
1204.39 1.64381e-31 
1204.4 1.25372e-31 
1204.41 9.55584e-32 
1204.42 7.2788e-32 
1204.43 5.54081e-32 
1204.44 4.2151e-32 
1204.45 3.20453e-32 
1204.46 2.43469e-32 
1204.47 1.8486e-32 
1204.48 1.39787e-32 
1204.49 1.06e-32 
1204.5 8.03284e-33 
1204.51 6.0835e-33 
1204.52 4.60426e-33 
1204.53 3.48247e-33 
1204.54 2.63231e-33 
1204.55 1.98843e-33 
1204.56 1.50108e-33 
1204.57 1.13245e-33 
1204.58 8.53799e-34 
1204.59 6.43302e-34 
1204.6 4.84391e-34 
1204.61 3.64501e-34 
1204.62 2.74278e-34 
1204.63 2.06128e-34 
1204.64 1.54812e-34 
1204.65 1.16197e-34 
1204.66 8.71582e-35 
1204.67 6.53344e-35 
1204.68 4.89438e-35 
1204.68 3.66417e-35 
1204.69 2.74141e-35 
1204.7 2.04973e-35 
1204.71 1.53158e-35 
1204.72 1.13951e-35 
1204.73 8.50355e-36 
1204.74 6.3417e-36 
1204.75 4.72642e-36 
1204.76 3.52031e-36 
1204.77 2.62031e-36 
1204.78 1.94915e-36 
1204.79 1.44897e-36 
1204.8 1.07645e-36 
1204.81 7.99196e-37 
1204.82 5.92971e-37 
1204.83 4.39678e-37 
1204.84 3.25806e-37 
1204.85 2.41271e-37 
1204.86 1.78555e-37 
1204.87 1.32057e-37 
1204.88 9.76049e-38 
1204.89 7.20949e-38 
1204.9 5.32181e-38 
1204.91 3.92587e-38 
1204.92 2.89424e-38 
1204.93 2.13233e-38 
1204.94 1.56999e-38 
1204.95 1.15521e-38 
1204.96 8.49466e-39 
1204.97 6.24243e-39 
1204.98 4.56673e-39 
1204.99 3.35161e-39 
1205 2.45823e-39 
1205.01 1.80183e-39 
1205.02 1.31986e-39 
1205.03 9.66191e-40 
1205.04 7.06837e-40 
1205.05 5.16772e-40 
1205.06 3.77571e-40 
1205.07 2.75691e-40 
1205.08 2.01173e-40 
1205.09 1.46702e-40 
1205.1 1.06911e-40 
1205.11 7.78631e-41 
1205.11 5.66713e-41 
1205.12 4.12192e-41 
1205.13 2.9964e-41 
1205.14 2.17678e-41 
1205.15 1.5801e-41 
1205.16 1.1464e-41 
1205.17 8.3111e-42 
1205.18 6.02278e-42 
1205.19 4.36224e-42 
1205.2 3.15572e-42 
1205.21 2.28272e-42 
1205.22 1.64372e-42 
1205.23 1.1869e-42 
1205.24 8.56193e-43 
1205.25 6.17973e-43 
1205.26 4.45613e-43 
1205.27 3.19496e-43 
1205.28 2.31214e-43 
1205.29 1.65353e-43 
1205.3 1.1911e-43 
1205.31 8.54792e-44 
1205.32 6.16571e-44 
1205.33 4.48416e-44 
1205.34 3.22299e-44 
1205.35 2.24208e-44 
1205.36 1.68156e-44 
1205.37 1.12104e-44 
1205.38 8.40779e-45 
1205.39 5.60519e-45 
1205.4 4.2039e-45 
1205.41 2.8026e-45 
1205.42 2.8026e-45 
1205.43 1.4013e-45 
1205.44 1.4013e-45 
1205.45 1.4013e-45 
1205.46 0 
1205.47 0 
1205.48 0 
1205.49 0 
1205.5 0 
1205.51 0 
1205.52 0 
1205.53 0 
1205.54 0 
1205.54 0 
1205.55 0 
1205.56 0 
1205.57 0 
1205.58 0 
1205.59 0 
1205.6 0 
1205.61 0 
1205.62 0 
1205.63 0 
1205.64 0 
1205.65 0 
1205.66 0 
1205.67 0 
1205.68 0 
1205.69 0 
1205.7 0 
1205.71 0 
1205.72 0 
1205.73 0 
1205.74 0 
1205.75 0 
1205.76 0 
1205.77 0 
1205.78 0 
1205.79 0 
1205.8 0 
1205.81 0 
1205.82 0 
1205.83 0 
1205.84 0 
1205.85 0 
1205.86 0 
1205.87 0 
1205.88 0 
1205.89 0 
1205.9 0 
1205.91 0 
1205.92 0 
1205.93 0 
1205.94 0 
1205.95 0 
1205.96 0 
1205.96 0 
1205.97 0 
1205.98 0 
1205.99 0 
1206 0 
1206.01 0 
1206.02 0 
1206.03 0 
1206.04 0 
1206.05 0 
1206.06 0 
1206.07 0 
1206.08 0 
1206.09 0 
1206.1 0 
1206.11 0 
1206.12 0 
1206.13 0 
1206.14 0 
1206.15 0 
1206.16 0 
1206.17 0 
1206.18 0 
1206.19 0 
1206.2 0 
1206.21 0 
1206.22 0 
1206.23 0 
1206.24 0 
1206.25 0 
1206.26 0 
1206.27 0 
1206.28 0 
1206.29 0 
1206.3 0 
1206.31 0 
1206.32 0 
1206.33 0 
1206.34 0 
1206.35 0 
1206.36 0 
1206.37 0 
1206.38 0 
1206.39 0 
1206.39 0 
1206.4 0 
1206.41 0 
1206.42 0 
1206.43 0 
1206.44 0 
1206.45 0 
1206.46 0 
1206.47 0 
1206.48 0 
1206.49 0 
1206.5 0 
1206.51 0 
1206.52 0 
1206.53 0 
1206.54 0 
1206.55 0 
1206.56 0 
1206.57 0 
1206.58 0 
1206.59 0 
1206.6 0 
