#energy geo_1 
1186.6 1.59894e-06 
1186.61 1.59802e-06 
1186.62 1.5971e-06 
1186.63 1.59617e-06 
1186.64 1.59525e-06 
1186.65 1.59433e-06 
1186.66 1.59341e-06 
1186.67 1.59249e-06 
1186.68 1.59157e-06 
1186.69 1.59065e-06 
1186.7 1.58973e-06 
1186.71 1.58882e-06 
1186.72 1.5879e-06 
1186.73 1.58698e-06 
1186.74 1.58606e-06 
1186.75 1.58514e-06 
1186.76 1.58422e-06 
1186.77 1.5833e-06 
1186.78 1.58239e-06 
1186.79 1.58147e-06 
1186.8 1.58056e-06 
1186.81 1.57964e-06 
1186.81 1.57872e-06 
1186.82 1.57781e-06 
1186.83 1.57689e-06 
1186.84 1.57598e-06 
1186.85 1.57506e-06 
1186.86 1.57415e-06 
1186.87 1.57324e-06 
1186.88 1.57233e-06 
1186.89 1.57141e-06 
1186.9 1.5705e-06 
1186.91 1.56959e-06 
1186.92 1.56867e-06 
1186.93 1.56776e-06 
1186.94 1.56685e-06 
1186.95 1.56594e-06 
1186.96 1.56503e-06 
1186.97 1.56412e-06 
1186.98 1.56321e-06 
1186.99 1.5623e-06 
1187 1.56139e-06 
1187.01 1.56048e-06 
1187.02 1.55957e-06 
1187.03 1.55867e-06 
1187.04 1.55776e-06 
1187.05 1.55685e-06 
1187.06 1.55595e-06 
1187.07 1.55504e-06 
1187.08 1.55413e-06 
1187.09 1.55323e-06 
1187.1 1.55232e-06 
1187.11 1.55142e-06 
1187.12 1.55051e-06 
1187.13 1.54961e-06 
1187.14 1.5487e-06 
1187.15 1.5478e-06 
1187.16 1.5469e-06 
1187.17 1.54599e-06 
1187.18 1.54509e-06 
1187.19 1.54418e-06 
1187.2 1.54328e-06 
1187.21 1.54238e-06 
1187.22 1.54148e-06 
1187.23 1.54058e-06 
1187.24 1.53968e-06 
1187.24 1.53878e-06 
1187.25 1.53787e-06 
1187.26 1.53697e-06 
1187.27 1.53608e-06 
1187.28 1.53518e-06 
1187.29 1.53428e-06 
1187.3 1.53338e-06 
1187.31 1.53248e-06 
1187.32 1.53158e-06 
1187.33 1.53069e-06 
1187.34 1.52979e-06 
1187.35 1.52889e-06 
1187.36 1.52799e-06 
1187.37 1.5271e-06 
1187.38 1.52621e-06 
1187.39 1.52531e-06 
1187.4 1.52441e-06 
1187.41 1.52352e-06 
1187.42 1.52262e-06 
1187.43 1.52173e-06 
1187.44 1.52084e-06 
1187.45 1.51994e-06 
1187.46 1.51905e-06 
1187.47 1.51816e-06 
1187.48 1.51727e-06 
1187.49 1.51638e-06 
1187.5 1.51548e-06 
1187.51 1.51459e-06 
1187.52 1.5137e-06 
1187.53 1.51281e-06 
1187.54 1.51192e-06 
1187.55 1.51103e-06 
1187.56 1.51014e-06 
1187.57 1.50926e-06 
1187.58 1.50836e-06 
1187.59 1.50748e-06 
1187.6 1.50659e-06 
1187.61 1.50664e-06 
1187.62 1.50575e-06 
1187.63 1.50486e-06 
1187.64 1.50397e-06 
1187.65 1.50309e-06 
1187.66 1.5022e-06 
1187.66 1.50132e-06 
1187.67 1.50043e-06 
1187.68 1.49954e-06 
1187.69 1.49866e-06 
1187.7 1.49777e-06 
1187.71 1.49689e-06 
1187.72 1.496e-06 
1187.73 1.49512e-06 
1187.74 1.49424e-06 
1187.75 1.49335e-06 
1187.76 1.49247e-06 
1187.77 1.49159e-06 
1187.78 1.4907e-06 
1187.79 1.48982e-06 
1187.8 1.48894e-06 
1187.81 1.48806e-06 
1187.82 1.48718e-06 
1187.83 1.4863e-06 
1187.84 1.48542e-06 
1187.85 1.48454e-06 
1187.86 1.48366e-06 
1187.87 1.48278e-06 
1187.88 1.4819e-06 
1187.89 1.48102e-06 
1187.9 1.48014e-06 
1187.91 1.47927e-06 
1187.92 1.47839e-06 
1187.93 1.47751e-06 
1187.94 1.47663e-06 
1187.95 1.47576e-06 
1187.96 1.47488e-06 
1187.97 1.47401e-06 
1187.98 1.47313e-06 
1187.99 1.47226e-06 
1188 1.47138e-06 
1188.01 1.47051e-06 
1188.02 1.46963e-06 
1188.03 1.46876e-06 
1188.04 1.46789e-06 
1188.05 1.46702e-06 
1188.06 1.46614e-06 
1188.07 1.46527e-06 
1188.08 1.4644e-06 
1188.09 1.46353e-06 
1188.09 1.46266e-06 
1188.1 1.46179e-06 
1188.11 1.46092e-06 
1188.12 1.46004e-06 
1188.13 1.45918e-06 
1188.14 1.4583e-06 
1188.15 1.45744e-06 
1188.16 1.45657e-06 
1188.17 1.4557e-06 
1188.18 1.45483e-06 
1188.19 1.45396e-06 
1188.2 1.4531e-06 
1188.21 1.45223e-06 
1188.22 1.45136e-06 
1188.23 1.4505e-06 
1188.24 1.44963e-06 
1188.25 1.44877e-06 
1188.26 1.4479e-06 
1188.27 1.44704e-06 
1188.28 1.44617e-06 
1188.29 1.44531e-06 
1188.3 1.44444e-06 
1188.31 1.44358e-06 
1188.32 1.44272e-06 
1188.33 1.44185e-06 
1188.34 1.44099e-06 
1188.35 1.44013e-06 
1188.36 1.43927e-06 
1188.37 1.43841e-06 
1188.38 1.43754e-06 
1188.39 1.43669e-06 
1188.4 1.43582e-06 
1188.41 1.43496e-06 
1188.42 1.43411e-06 
1188.43 1.43325e-06 
1188.44 1.43239e-06 
1188.45 1.43153e-06 
1188.46 1.43067e-06 
1188.47 1.42981e-06 
1188.48 1.42895e-06 
1188.49 1.4281e-06 
1188.5 1.42724e-06 
1188.51 1.42638e-06 
1188.52 1.42553e-06 
1188.52 1.42467e-06 
1188.53 1.42382e-06 
1188.54 1.42296e-06 
1188.55 1.42211e-06 
1188.56 1.42126e-06 
1188.57 1.4204e-06 
1188.58 1.41955e-06 
1188.59 1.41869e-06 
1188.6 1.41872e-06 
1188.61 1.41787e-06 
1188.62 1.41702e-06 
1188.63 1.41617e-06 
1188.64 1.41532e-06 
1188.65 1.41446e-06 
1188.66 1.41361e-06 
1188.67 1.41276e-06 
1188.68 1.41191e-06 
1188.69 1.41106e-06 
1188.7 1.41021e-06 
1188.71 1.40936e-06 
1188.72 1.40851e-06 
1188.73 1.40766e-06 
1188.74 1.40682e-06 
1188.75 1.40597e-06 
1188.76 1.40512e-06 
1188.77 1.40427e-06 
1188.78 1.40343e-06 
1188.79 1.40258e-06 
1188.8 1.40173e-06 
1188.81 1.40089e-06 
1188.82 1.40004e-06 
1188.83 1.3992e-06 
1188.84 1.39835e-06 
1188.85 1.39751e-06 
1188.86 1.39666e-06 
1188.87 1.39582e-06 
1188.88 1.39498e-06 
1188.89 1.39413e-06 
1188.9 1.39329e-06 
1188.91 1.39245e-06 
1188.92 1.39161e-06 
1188.93 1.39076e-06 
1188.94 1.38992e-06 
1188.94 1.38908e-06 
1188.95 1.38824e-06 
1188.96 1.3874e-06 
1188.97 1.38656e-06 
1188.98 1.38572e-06 
1188.99 1.38488e-06 
1189 1.38405e-06 
1189.01 1.38321e-06 
1189.02 1.38237e-06 
1189.03 1.38153e-06 
1189.04 1.3807e-06 
1189.05 1.37986e-06 
1189.06 1.37902e-06 
1189.07 1.37818e-06 
1189.08 1.37735e-06 
1189.09 1.37651e-06 
1189.1 1.37568e-06 
1189.11 1.37484e-06 
1189.12 1.37401e-06 
1189.13 1.37318e-06 
1189.14 1.37234e-06 
1189.15 1.37151e-06 
1189.16 1.37067e-06 
1189.17 1.36984e-06 
1189.18 1.36901e-06 
1189.19 1.36818e-06 
1189.2 1.36735e-06 
1189.21 1.36652e-06 
1189.22 1.36568e-06 
1189.23 1.36485e-06 
1189.24 1.36403e-06 
1189.25 1.36319e-06 
1189.26 1.36236e-06 
1189.27 1.36154e-06 
1189.28 1.36071e-06 
1189.29 1.35988e-06 
1189.3 1.35905e-06 
1189.31 1.35823e-06 
1189.32 1.3574e-06 
1189.33 1.35657e-06 
1189.34 1.35574e-06 
1189.35 1.35492e-06 
1189.36 1.35409e-06 
1189.36 1.35327e-06 
1189.37 1.35244e-06 
1189.38 1.35162e-06 
1189.39 1.35079e-06 
1189.4 1.34997e-06 
1189.41 1.34915e-06 
1189.42 1.34832e-06 
1189.43 1.3475e-06 
1189.44 1.34668e-06 
1189.45 1.34586e-06 
1189.46 1.34503e-06 
1189.47 1.34421e-06 
1189.48 1.34339e-06 
1189.49 1.34257e-06 
1189.5 1.34175e-06 
1189.51 1.34093e-06 
1189.52 1.34011e-06 
1189.53 1.33929e-06 
1189.54 1.33847e-06 
1189.55 1.33766e-06 
1189.56 1.33684e-06 
1189.57 1.33602e-06 
1189.58 1.3352e-06 
1189.59 1.33439e-06 
1189.6 1.33357e-06 
1189.61 1.33358e-06 
1189.62 1.33277e-06 
1189.63 1.33195e-06 
1189.64 1.33114e-06 
1189.65 1.33032e-06 
1189.66 1.32951e-06 
1189.67 1.32869e-06 
1189.68 1.32788e-06 
1189.69 1.32706e-06 
1189.7 1.32625e-06 
1189.71 1.32544e-06 
1189.72 1.32463e-06 
1189.73 1.32381e-06 
1189.74 1.323e-06 
1189.75 1.32219e-06 
1189.76 1.32138e-06 
1189.77 1.32057e-06 
1189.78 1.31976e-06 
1189.79 1.31895e-06 
1189.79 1.31814e-06 
1189.8 1.31733e-06 
1189.81 1.31652e-06 
1189.82 1.31571e-06 
1189.83 1.3149e-06 
1189.84 1.3141e-06 
1189.85 1.31329e-06 
1189.86 1.31248e-06 
1189.87 1.31168e-06 
1189.88 1.31087e-06 
1189.89 1.31006e-06 
1189.9 1.30926e-06 
1189.91 1.30845e-06 
1189.92 1.30765e-06 
1189.93 1.30684e-06 
1189.94 1.30604e-06 
1189.95 1.30523e-06 
1189.96 1.30443e-06 
1189.97 1.30363e-06 
1189.98 1.30283e-06 
1189.99 1.30202e-06 
1190 1.30122e-06 
1190.01 1.30042e-06 
1190.02 1.29962e-06 
1190.03 1.29882e-06 
1190.04 1.29802e-06 
1190.05 1.29722e-06 
1190.06 1.29642e-06 
1190.07 1.29562e-06 
1190.08 1.29482e-06 
1190.09 1.29402e-06 
1190.1 1.29323e-06 
1190.11 1.29243e-06 
1190.12 1.29163e-06 
1190.13 1.29083e-06 
1190.14 1.29004e-06 
1190.15 1.28924e-06 
1190.16 1.28844e-06 
1190.17 1.28765e-06 
1190.18 1.28685e-06 
1190.19 1.28606e-06 
1190.2 1.28526e-06 
1190.21 1.28447e-06 
1190.21 1.28368e-06 
1190.22 1.28288e-06 
1190.23 1.28209e-06 
1190.24 1.2813e-06 
1190.25 1.28051e-06 
1190.26 1.27971e-06 
1190.27 1.27892e-06 
1190.28 1.27813e-06 
1190.29 1.27734e-06 
1190.3 1.27655e-06 
1190.31 1.27576e-06 
1190.32 1.27497e-06 
1190.33 1.27418e-06 
1190.34 1.2734e-06 
1190.35 1.27261e-06 
1190.36 1.27182e-06 
1190.37 1.27103e-06 
1190.38 1.27024e-06 
1190.39 1.26946e-06 
1190.4 1.26867e-06 
1190.41 1.26788e-06 
1190.42 1.2671e-06 
1190.43 1.26631e-06 
1190.44 1.26553e-06 
1190.45 1.26474e-06 
1190.46 1.26396e-06 
1190.47 1.26318e-06 
1190.48 1.26239e-06 
1190.49 1.26161e-06 
1190.5 1.26083e-06 
1190.51 1.26004e-06 
1190.52 1.25926e-06 
1190.53 1.25848e-06 
1190.54 1.2577e-06 
1190.55 1.25692e-06 
1190.56 1.25614e-06 
1190.57 1.25536e-06 
1190.58 1.25458e-06 
1190.59 1.2538e-06 
1190.6 1.25302e-06 
1190.61 1.25302e-06 
1190.62 1.25224e-06 
1190.63 1.25146e-06 
1190.64 1.25069e-06 
1190.64 1.24991e-06 
1190.65 1.24913e-06 
1190.66 1.24836e-06 
1190.67 1.24758e-06 
1190.68 1.2468e-06 
1190.69 1.24603e-06 
1190.7 1.24525e-06 
1190.71 1.24448e-06 
1190.72 1.2437e-06 
1190.73 1.24293e-06 
1190.74 1.24215e-06 
1190.75 1.24138e-06 
1190.76 1.24061e-06 
1190.77 1.23983e-06 
1190.78 1.23906e-06 
1190.79 1.23829e-06 
1190.8 1.23752e-06 
1190.81 1.23675e-06 
1190.82 1.23598e-06 
1190.83 1.23521e-06 
1190.84 1.23444e-06 
1190.85 1.23367e-06 
1190.86 1.2329e-06 
1190.87 1.23213e-06 
1190.88 1.23136e-06 
1190.89 1.23059e-06 
1190.9 1.22983e-06 
1190.91 1.22906e-06 
1190.92 1.22829e-06 
1190.93 1.22753e-06 
1190.94 1.22676e-06 
1190.95 1.22599e-06 
1190.96 1.22523e-06 
1190.97 1.22446e-06 
1190.98 1.2237e-06 
1190.99 1.22293e-06 
1191 1.22217e-06 
1191.01 1.22141e-06 
1191.02 1.22064e-06 
1191.03 1.21988e-06 
1191.04 1.21912e-06 
1191.05 1.21836e-06 
1191.06 1.21759e-06 
1191.07 1.21683e-06 
1191.07 1.21607e-06 
1191.08 1.21531e-06 
1191.09 1.21455e-06 
1191.1 1.21379e-06 
1191.11 1.21303e-06 
1191.12 1.21227e-06 
1191.13 1.21152e-06 
1191.14 1.21076e-06 
1191.15 1.21e-06 
1191.16 1.20924e-06 
1191.17 1.20848e-06 
1191.18 1.20773e-06 
1191.19 1.20697e-06 
1191.2 1.20621e-06 
1191.21 1.20546e-06 
1191.22 1.2047e-06 
1191.23 1.20395e-06 
1191.24 1.2032e-06 
1191.25 1.20244e-06 
1191.26 1.20169e-06 
1191.27 1.20093e-06 
1191.28 1.20018e-06 
1191.29 1.19943e-06 
1191.3 1.19867e-06 
1191.31 1.19792e-06 
1191.32 1.19717e-06 
1191.33 1.19642e-06 
1191.34 1.19567e-06 
1191.35 1.19492e-06 
1191.36 1.19417e-06 
1191.37 1.19342e-06 
1191.38 1.19267e-06 
1191.39 1.19192e-06 
1191.4 1.19117e-06 
1191.41 1.19042e-06 
1191.42 1.18968e-06 
1191.43 1.18893e-06 
1191.44 1.18818e-06 
1191.45 1.18744e-06 
1191.46 1.18669e-06 
1191.47 1.18594e-06 
1191.48 1.1852e-06 
1191.49 1.18445e-06 
1191.49 1.18371e-06 
1191.5 1.18296e-06 
1191.51 1.18222e-06 
1191.52 1.18148e-06 
1191.53 1.18073e-06 
1191.54 1.17999e-06 
1191.55 1.17925e-06 
1191.56 1.1785e-06 
1191.57 1.17776e-06 
1191.58 1.17702e-06 
1191.59 1.17628e-06 
1191.6 1.17627e-06 
1191.61 1.17553e-06 
1191.62 1.17479e-06 
1191.63 1.17405e-06 
1191.64 1.17331e-06 
1191.65 1.17257e-06 
1191.66 1.17183e-06 
1191.67 1.17109e-06 
1191.68 1.17035e-06 
1191.69 1.16961e-06 
1191.7 1.16888e-06 
1191.71 1.16814e-06 
1191.72 1.1674e-06 
1191.73 1.16667e-06 
1191.74 1.16593e-06 
1191.75 1.16519e-06 
1191.76 1.16446e-06 
1191.77 1.16372e-06 
1191.78 1.16299e-06 
1191.79 1.16225e-06 
1191.8 1.16152e-06 
1191.81 1.16079e-06 
1191.82 1.16005e-06 
1191.83 1.15932e-06 
1191.84 1.15859e-06 
1191.85 1.15786e-06 
1191.86 1.15713e-06 
1191.87 1.15639e-06 
1191.88 1.15566e-06 
1191.89 1.15493e-06 
1191.9 1.1542e-06 
1191.91 1.15347e-06 
1191.92 1.15274e-06 
1191.92 1.15201e-06 
1191.93 1.15129e-06 
1191.94 1.15056e-06 
1191.95 1.14983e-06 
1191.96 1.1491e-06 
1191.97 1.14837e-06 
1191.98 1.14764e-06 
1191.99 1.14692e-06 
1192 1.14619e-06 
1192.01 1.14547e-06 
1192.02 1.14474e-06 
1192.03 1.14401e-06 
1192.04 1.14329e-06 
1192.05 1.14257e-06 
1192.06 1.14184e-06 
1192.07 1.14112e-06 
1192.08 1.14039e-06 
1192.09 1.13967e-06 
1192.1 1.13895e-06 
1192.11 1.13822e-06 
1192.12 1.1375e-06 
1192.13 1.13678e-06 
1192.14 1.13606e-06 
1192.15 1.13534e-06 
1192.16 1.13462e-06 
1192.17 1.1339e-06 
1192.18 1.13318e-06 
1192.19 1.13246e-06 
1192.2 1.13174e-06 
1192.21 1.13102e-06 
1192.22 1.1303e-06 
1192.23 1.12958e-06 
1192.24 1.12886e-06 
1192.25 1.12815e-06 
1192.26 1.12743e-06 
1192.27 1.12671e-06 
1192.28 1.126e-06 
1192.29 1.12528e-06 
1192.3 1.12456e-06 
1192.31 1.12385e-06 
1192.32 1.12313e-06 
1192.33 1.12242e-06 
1192.34 1.1217e-06 
1192.34 1.12099e-06 
1192.35 1.12027e-06 
1192.36 1.11956e-06 
1192.37 1.11885e-06 
1192.38 1.11813e-06 
1192.39 1.11742e-06 
1192.4 1.11671e-06 
1192.41 1.116e-06 
1192.42 1.11529e-06 
1192.43 1.11457e-06 
1192.44 1.11386e-06 
1192.45 1.11315e-06 
1192.46 1.11244e-06 
1192.47 1.11173e-06 
1192.48 1.11102e-06 
1192.49 1.11031e-06 
1192.5 1.1096e-06 
1192.51 1.1089e-06 
1192.52 1.10819e-06 
1192.53 1.10748e-06 
1192.54 1.10677e-06 
1192.55 1.10606e-06 
1192.56 1.10536e-06 
1192.57 1.10465e-06 
1192.58 1.10394e-06 
1192.59 1.10324e-06 
1192.6 1.10253e-06 
1192.61 1.10251e-06 
1192.62 1.10181e-06 
1192.63 1.1011e-06 
1192.64 1.1004e-06 
1192.65 1.09969e-06 
1192.66 1.09899e-06 
1192.67 1.09828e-06 
1192.68 1.09758e-06 
1192.69 1.09687e-06 
1192.7 1.09617e-06 
1192.71 1.09547e-06 
1192.72 1.09477e-06 
1192.73 1.09406e-06 
1192.74 1.09336e-06 
1192.75 1.09266e-06 
1192.76 1.09196e-06 
1192.77 1.09126e-06 
1192.77 1.09056e-06 
1192.78 1.08986e-06 
1192.79 1.08916e-06 
1192.8 1.08846e-06 
1192.81 1.08776e-06 
1192.82 1.08706e-06 
1192.83 1.08636e-06 
1192.84 1.08566e-06 
1192.85 1.08496e-06 
1192.86 1.08427e-06 
1192.87 1.08357e-06 
1192.88 1.08287e-06 
1192.89 1.08217e-06 
1192.9 1.08148e-06 
1192.91 1.08078e-06 
1192.92 1.08008e-06 
1192.93 1.07939e-06 
1192.94 1.07869e-06 
1192.95 1.078e-06 
1192.96 1.0773e-06 
1192.97 1.07661e-06 
1192.98 1.07591e-06 
1192.99 1.07522e-06 
1193 1.07452e-06 
1193.01 1.07383e-06 
1193.02 1.07314e-06 
1193.03 1.07245e-06 
1193.04 1.07175e-06 
1193.05 1.07106e-06 
1193.06 1.07037e-06 
1193.07 1.06968e-06 
1193.08 1.06898e-06 
1193.09 1.06829e-06 
1193.1 1.0676e-06 
1193.11 1.06691e-06 
1193.12 1.06622e-06 
1193.13 1.06553e-06 
1193.14 1.06484e-06 
1193.15 1.06415e-06 
1193.16 1.06346e-06 
1193.17 1.06277e-06 
1193.18 1.06208e-06 
1193.19 1.06139e-06 
1193.19 1.0607e-06 
1193.2 1.06002e-06 
1193.21 1.05933e-06 
1193.22 1.05864e-06 
1193.23 1.05795e-06 
1193.24 1.05726e-06 
1193.25 1.05658e-06 
1193.26 1.05589e-06 
1193.27 1.0552e-06 
1193.28 1.05452e-06 
1193.29 1.05383e-06 
1193.3 1.05315e-06 
1193.31 1.05246e-06 
1193.32 1.05177e-06 
1193.33 1.05109e-06 
1193.34 1.0504e-06 
1193.35 1.04972e-06 
1193.36 1.04903e-06 
1193.37 1.04835e-06 
1193.38 1.04767e-06 
1193.39 1.04698e-06 
1193.4 1.0463e-06 
1193.41 1.04562e-06 
1193.42 1.04493e-06 
1193.43 1.04425e-06 
1193.44 1.04357e-06 
1193.45 1.04288e-06 
1193.46 1.0422e-06 
1193.47 1.04152e-06 
1193.48 1.04084e-06 
1193.49 1.04016e-06 
1193.5 1.03948e-06 
1193.51 1.0388e-06 
1193.52 1.03811e-06 
1193.53 1.03743e-06 
1193.54 1.03676e-06 
1193.55 1.03607e-06 
1193.56 1.0354e-06 
1193.57 1.03471e-06 
1193.58 1.03403e-06 
1193.59 1.03335e-06 
1193.6 1.03268e-06 
1193.61 1.03264e-06 
1193.62 1.03196e-06 
1193.62 1.03128e-06 
1193.63 1.0306e-06 
1193.64 1.02992e-06 
1193.65 1.02924e-06 
1193.66 1.02856e-06 
1193.67 1.02789e-06 
1193.68 1.02721e-06 
1193.69 1.02653e-06 
1193.7 1.02585e-06 
1193.71 1.02517e-06 
1193.72 1.0245e-06 
1193.73 1.02382e-06 
1193.74 1.02314e-06 
1193.75 1.02247e-06 
1193.76 1.02179e-06 
1193.77 1.02111e-06 
1193.78 1.02044e-06 
1193.79 1.01976e-06 
1193.8 1.01909e-06 
1193.81 1.01841e-06 
1193.82 1.01773e-06 
1193.83 1.01706e-06 
1193.84 1.01638e-06 
1193.85 1.01571e-06 
1193.86 1.01503e-06 
1193.87 1.01436e-06 
1193.88 1.01368e-06 
1193.89 1.01301e-06 
1193.9 1.01233e-06 
1193.91 1.01166e-06 
1193.92 1.01099e-06 
1193.93 1.01031e-06 
1193.94 1.00964e-06 
1193.95 1.00896e-06 
1193.96 1.00829e-06 
1193.97 1.00761e-06 
1193.98 1.00694e-06 
1193.99 1.00627e-06 
1194 1.0056e-06 
1194.01 1.00492e-06 
1194.02 1.00425e-06 
1194.03 1.00358e-06 
1194.04 1.0029e-06 
1194.05 1.00223e-06 
1194.05 1.00156e-06 
1194.06 1.00089e-06 
1194.07 1.00021e-06 
1194.08 9.99542e-07 
1194.09 9.98871e-07 
1194.1 9.98198e-07 
1194.11 9.97524e-07 
1194.12 9.96853e-07 
1194.13 9.96183e-07 
1194.14 9.95511e-07 
1194.15 9.94839e-07 
1194.16 9.94167e-07 
1194.17 9.93497e-07 
1194.18 9.92825e-07 
1194.19 9.92154e-07 
1194.2 9.91484e-07 
1194.21 9.90812e-07 
1194.22 9.9014e-07 
1194.23 9.89469e-07 
1194.24 9.88799e-07 
1194.25 9.88128e-07 
1194.26 9.87456e-07 
1194.27 9.86786e-07 
1194.28 9.86113e-07 
1194.29 9.85446e-07 
1194.3 9.84774e-07 
1194.31 9.84103e-07 
1194.32 9.83434e-07 
1194.33 9.82763e-07 
1194.34 9.82091e-07 
1194.35 9.81422e-07 
1194.36 9.80751e-07 
1194.37 9.80081e-07 
1194.38 9.79412e-07 
1194.39 9.78741e-07 
1194.4 9.7807e-07 
1194.41 9.774e-07 
1194.42 9.7673e-07 
1194.43 9.76059e-07 
1194.44 9.7539e-07 
1194.45 9.7472e-07 
1194.46 9.74049e-07 
1194.47 9.73379e-07 
1194.47 9.72711e-07 
1194.48 9.72038e-07 
1194.49 9.7137e-07 
1194.5 9.70699e-07 
1194.51 9.70029e-07 
1194.52 9.69359e-07 
1194.53 9.68689e-07 
1194.54 9.68019e-07 
1194.55 9.67349e-07 
1194.56 9.66678e-07 
1194.57 9.66009e-07 
1194.58 9.65338e-07 
1194.59 9.64669e-07 
1194.6 9.63998e-07 
1194.61 9.63926e-07 
1194.62 9.63254e-07 
1194.63 9.62584e-07 
1194.64 9.61912e-07 
1194.65 9.61243e-07 
1194.66 9.60571e-07 
1194.67 9.599e-07 
1194.68 9.59227e-07 
1194.69 9.58557e-07 
1194.7 9.57886e-07 
1194.71 9.57216e-07 
1194.72 9.56544e-07 
1194.73 9.55874e-07 
1194.74 9.55201e-07 
1194.75 9.5453e-07 
1194.76 9.53857e-07 
1194.77 9.53187e-07 
1194.78 9.52515e-07 
1194.79 9.51843e-07 
1194.8 9.5117e-07 
1194.81 9.50499e-07 
1194.82 9.49826e-07 
1194.83 9.49154e-07 
1194.84 9.48482e-07 
1194.85 9.47809e-07 
1194.86 9.47137e-07 
1194.87 9.46465e-07 
1194.88 9.45792e-07 
1194.89 9.45119e-07 
1194.9 9.44446e-07 
1194.9 9.43774e-07 
1194.91 9.43099e-07 
1194.92 9.42426e-07 
1194.93 9.41753e-07 
1194.94 9.41079e-07 
1194.95 9.40404e-07 
1194.96 9.39732e-07 
1194.97 9.39057e-07 
1194.98 9.38383e-07 
1194.99 9.37709e-07 
1195 9.37034e-07 
1195.01 9.3636e-07 
1195.02 9.35685e-07 
1195.03 9.35009e-07 
1195.04 9.34335e-07 
1195.05 9.33661e-07 
1195.06 9.32984e-07 
1195.07 9.32309e-07 
1195.08 9.31633e-07 
1195.09 9.30956e-07 
1195.1 9.30279e-07 
1195.11 9.29603e-07 
1195.12 9.28927e-07 
1195.13 9.2825e-07 
1195.14 9.27573e-07 
1195.15 9.26895e-07 
1195.16 9.26218e-07 
1195.17 9.25541e-07 
1195.18 9.24863e-07 
1195.19 9.24184e-07 
1195.2 9.23507e-07 
1195.21 9.22827e-07 
1195.22 9.22148e-07 
1195.23 9.2147e-07 
1195.24 9.2079e-07 
1195.25 9.2011e-07 
1195.26 9.1943e-07 
1195.27 9.18751e-07 
1195.28 9.1807e-07 
1195.29 9.1739e-07 
1195.3 9.16709e-07 
1195.31 9.16027e-07 
1195.32 9.15347e-07 
1195.32 9.14666e-07 
1195.33 9.13983e-07 
1195.34 9.13302e-07 
1195.35 9.12619e-07 
1195.36 9.11936e-07 
1195.37 9.11253e-07 
1195.38 9.1057e-07 
1195.39 9.09886e-07 
1195.4 9.09202e-07 
1195.41 9.08518e-07 
1195.42 9.07833e-07 
1195.43 9.07149e-07 
1195.44 9.06463e-07 
1195.45 9.05778e-07 
1195.46 9.05093e-07 
1195.47 9.04408e-07 
1195.48 9.03721e-07 
1195.49 9.03033e-07 
1195.5 9.02347e-07 
1195.51 9.01659e-07 
1195.52 9.00972e-07 
1195.53 9.00283e-07 
1195.54 8.99595e-07 
1195.55 8.98906e-07 
1195.56 8.98216e-07 
1195.57 8.97527e-07 
1195.58 8.96837e-07 
1195.59 8.96147e-07 
1195.6 8.95456e-07 
1195.61 8.9532e-07 
1195.62 8.94627e-07 
1195.63 8.93935e-07 
1195.64 8.93243e-07 
1195.65 8.9255e-07 
1195.66 8.91856e-07 
1195.67 8.91162e-07 
1195.68 8.90469e-07 
1195.69 8.89775e-07 
1195.7 8.89079e-07 
1195.71 8.88384e-07 
1195.72 8.87688e-07 
1195.73 8.86992e-07 
1195.74 8.86296e-07 
1195.75 8.85598e-07 
1195.75 8.849e-07 
1195.76 8.84203e-07 
1195.77 8.83505e-07 
1195.78 8.82807e-07 
1195.79 8.82107e-07 
1195.8 8.81408e-07 
1195.81 8.80707e-07 
1195.82 8.80006e-07 
1195.83 8.79305e-07 
1195.84 8.78605e-07 
1195.85 8.77903e-07 
1195.86 8.77201e-07 
1195.87 8.76498e-07 
1195.88 8.75795e-07 
1195.89 8.75091e-07 
1195.9 8.74387e-07 
1195.91 8.73684e-07 
1195.92 8.72979e-07 
1195.93 8.72274e-07 
1195.94 8.71567e-07 
1195.95 8.70862e-07 
1195.96 8.70155e-07 
1195.97 8.69449e-07 
1195.98 8.68741e-07 
1195.99 8.68034e-07 
1196 8.67326e-07 
1196.01 8.66617e-07 
1196.02 8.65908e-07 
1196.03 8.65198e-07 
1196.04 8.6449e-07 
1196.05 8.63781e-07 
1196.06 8.63071e-07 
1196.07 8.6236e-07 
1196.08 8.61649e-07 
1196.09 8.60938e-07 
1196.1 8.60226e-07 
1196.11 8.59515e-07 
1196.12 8.58804e-07 
1196.13 8.58091e-07 
1196.14 8.5738e-07 
1196.15 8.56667e-07 
1196.16 8.55955e-07 
1196.17 8.55242e-07 
1196.17 8.5453e-07 
1196.18 8.53818e-07 
1196.19 8.53104e-07 
1196.2 8.52391e-07 
1196.21 8.51679e-07 
1196.22 8.50967e-07 
1196.23 8.50256e-07 
1196.24 8.49544e-07 
1196.25 8.48832e-07 
1196.26 8.48121e-07 
1196.27 8.4741e-07 
1196.28 8.467e-07 
1196.29 8.4599e-07 
1196.3 8.45281e-07 
1196.31 8.44573e-07 
1196.32 8.43866e-07 
1196.33 8.43159e-07 
1196.34 8.42453e-07 
1196.35 8.41748e-07 
1196.36 8.41045e-07 
1196.37 8.40342e-07 
1196.38 8.39642e-07 
1196.39 8.38943e-07 
1196.4 8.38245e-07 
1196.41 8.3755e-07 
1196.42 8.36856e-07 
1196.43 8.36164e-07 
1196.44 8.35475e-07 
1196.45 8.34788e-07 
1196.46 8.34104e-07 
1196.47 8.33423e-07 
1196.48 8.32744e-07 
1196.49 8.32069e-07 
1196.5 8.31396e-07 
1196.51 8.30728e-07 
1196.52 8.30065e-07 
1196.53 8.29404e-07 
1196.54 8.28748e-07 
1196.55 8.28097e-07 
1196.56 8.27451e-07 
1196.57 8.2681e-07 
1196.58 8.26176e-07 
1196.59 8.25546e-07 
1196.6 8.24923e-07 
1196.6 8.24817e-07 
1196.61 8.24208e-07 
1196.62 8.23605e-07 
1196.63 8.23011e-07 
1196.64 8.22425e-07 
1196.65 8.21848e-07 
1196.66 8.2128e-07 
1196.67 8.20721e-07 
1196.68 8.20174e-07 
1196.69 8.19636e-07 
1196.7 8.19109e-07 
1196.71 8.18595e-07 
1196.72 8.18093e-07 
1196.73 8.17608e-07 
1196.74 8.17133e-07 
1196.75 8.16672e-07 
1196.76 8.16227e-07 
1196.77 8.15796e-07 
1196.78 8.15383e-07 
1196.79 8.14988e-07 
1196.8 8.1461e-07 
1196.81 8.1425e-07 
1196.82 8.13911e-07 
1196.83 8.13593e-07 
1196.84 8.13295e-07 
1196.85 8.1302e-07 
1196.86 8.12768e-07 
1196.87 8.1254e-07 
1196.88 8.12338e-07 
1196.89 8.12163e-07 
1196.9 8.12015e-07 
1196.91 8.11895e-07 
1196.92 8.11805e-07 
1196.93 8.11746e-07 
1196.94 8.1172e-07 
1196.95 8.11725e-07 
1196.96 8.11765e-07 
1196.97 8.11843e-07 
1196.98 8.11968e-07 
1196.99 8.12121e-07 
1197 8.12313e-07 
1197.01 8.12547e-07 
1197.02 8.12823e-07 
1197.03 8.13145e-07 
1197.03 8.13511e-07 
1197.04 8.13924e-07 
1197.05 8.14386e-07 
1197.06 8.14899e-07 
1197.07 8.15464e-07 
1197.08 8.16082e-07 
1197.09 8.16756e-07 
1197.1 8.17487e-07 
1197.11 8.18274e-07 
1197.12 8.19124e-07 
1197.13 8.20035e-07 
1197.14 8.21011e-07 
1197.15 8.22052e-07 
1197.16 8.23161e-07 
1197.17 8.24338e-07 
1197.18 8.25586e-07 
1197.19 8.26909e-07 
1197.2 8.28305e-07 
1197.21 8.29778e-07 
1197.22 8.31329e-07 
1197.23 8.32993e-07 
1197.24 8.34707e-07 
1197.25 8.36508e-07 
1197.26 8.38393e-07 
1197.27 8.40368e-07 
1197.28 8.42432e-07 
1197.29 8.44586e-07 
1197.3 8.46834e-07 
1197.31 8.49178e-07 
1197.32 8.51619e-07 
1197.33 8.54158e-07 
1197.34 8.56799e-07 
1197.35 8.59541e-07 
1197.36 8.62387e-07 
1197.37 8.6534e-07 
1197.38 8.684e-07 
1197.39 8.71568e-07 
1197.4 8.74847e-07 
1197.41 8.78238e-07 
1197.42 8.81742e-07 
1197.43 8.85361e-07 
1197.44 8.89096e-07 
1197.45 8.92948e-07 
1197.45 8.96919e-07 
1197.46 9.0101e-07 
1197.47 9.05221e-07 
1197.48 9.09619e-07 
1197.49 9.14077e-07 
1197.5 9.18657e-07 
1197.51 9.23361e-07 
1197.52 9.2819e-07 
1197.53 9.33144e-07 
1197.54 9.38224e-07 
1197.55 9.43431e-07 
1197.56 9.48764e-07 
1197.57 9.54221e-07 
1197.58 9.59806e-07 
1197.59 9.65516e-07 
1197.6 9.71353e-07 
1197.61 9.77921e-07 
1197.62 9.84011e-07 
1197.63 9.90227e-07 
1197.64 9.96566e-07 
1197.65 1.00303e-06 
1197.66 1.00961e-06 
1197.67 1.01632e-06 
1197.68 1.02314e-06 
1197.69 1.03008e-06 
1197.7 1.03714e-06 
1197.71 1.04431e-06 
1197.72 1.0516e-06 
1197.73 1.0591e-06 
1197.74 1.0666e-06 
1197.75 1.07421e-06 
1197.76 1.08193e-06 
1197.77 1.08974e-06 
1197.78 1.09766e-06 
1197.79 1.10566e-06 
1197.8 1.11376e-06 
1197.81 1.12195e-06 
1197.82 1.13022e-06 
1197.83 1.13858e-06 
1197.84 1.14701e-06 
1197.85 1.15552e-06 
1197.86 1.16409e-06 
1197.87 1.17273e-06 
1197.88 1.18144e-06 
1197.88 1.1902e-06 
1197.89 1.19901e-06 
1197.9 1.20787e-06 
1197.91 1.21677e-06 
1197.92 1.22571e-06 
1197.93 1.23469e-06 
1197.94 1.24369e-06 
1197.95 1.25271e-06 
1197.96 1.26175e-06 
1197.97 1.2708e-06 
1197.98 1.27998e-06 
1197.99 1.28904e-06 
1198 1.29809e-06 
1198.01 1.30713e-06 
1198.02 1.31615e-06 
1198.03 1.32515e-06 
1198.04 1.33412e-06 
1198.05 1.34305e-06 
1198.06 1.35194e-06 
1198.07 1.36078e-06 
1198.08 1.36957e-06 
1198.09 1.3783e-06 
1198.1 1.38696e-06 
1198.11 1.39555e-06 
1198.12 1.40406e-06 
1198.13 1.41249e-06 
1198.14 1.42082e-06 
1198.15 1.42906e-06 
1198.16 1.43719e-06 
1198.17 1.44521e-06 
1198.18 1.45312e-06 
1198.19 1.46091e-06 
1198.2 1.46857e-06 
1198.21 1.47609e-06 
1198.22 1.48348e-06 
1198.23 1.49082e-06 
1198.24 1.49791e-06 
1198.25 1.50485e-06 
1198.26 1.51163e-06 
1198.27 1.51824e-06 
1198.28 1.52468e-06 
1198.29 1.53094e-06 
1198.3 1.53703e-06 
1198.3 1.54293e-06 
1198.31 1.54864e-06 
1198.32 1.55416e-06 
1198.33 1.55949e-06 
1198.34 1.56461e-06 
1198.35 1.56953e-06 
1198.36 1.57425e-06 
1198.37 1.57875e-06 
1198.38 1.58304e-06 
1198.39 1.58712e-06 
1198.4 1.59097e-06 
1198.41 1.59461e-06 
1198.42 1.59802e-06 
1198.43 1.60121e-06 
1198.44 1.60418e-06 
1198.45 1.60691e-06 
1198.46 1.60942e-06 
1198.47 1.6117e-06 
1198.48 1.61379e-06 
1198.49 1.61561e-06 
1198.5 1.61719e-06 
1198.51 1.61855e-06 
1198.52 1.61968e-06 
1198.53 1.62057e-06 
1198.54 1.62124e-06 
1198.55 1.62169e-06 
1198.56 1.6219e-06 
1198.57 1.6219e-06 
1198.58 1.62167e-06 
1198.59 1.62122e-06 
1198.6 1.62055e-06 
1198.61 1.62067e-06 
1198.62 1.61957e-06 
1198.63 1.61826e-06 
1198.64 1.61674e-06 
1198.65 1.61502e-06 
1198.66 1.6131e-06 
1198.67 1.61098e-06 
1198.68 1.60867e-06 
1198.69 1.60617e-06 
1198.7 1.60348e-06 
1198.71 1.60062e-06 
1198.72 1.59757e-06 
1198.73 1.59433e-06 
1198.73 1.59094e-06 
1198.74 1.58739e-06 
1198.75 1.58369e-06 
1198.76 1.57983e-06 
1198.77 1.57582e-06 
1198.78 1.57168e-06 
1198.79 1.56739e-06 
1198.8 1.56297e-06 
1198.81 1.55843e-06 
1198.82 1.55376e-06 
1198.83 1.54898e-06 
1198.84 1.54409e-06 
1198.85 1.53909e-06 
1198.86 1.534e-06 
1198.87 1.52881e-06 
1198.88 1.52353e-06 
1198.89 1.51817e-06 
1198.9 1.51273e-06 
1198.91 1.50722e-06 
1198.92 1.50164e-06 
1198.93 1.496e-06 
1198.94 1.49031e-06 
1198.95 1.48456e-06 
1198.96 1.47877e-06 
1198.97 1.47293e-06 
1198.98 1.467e-06 
1198.99 1.4611e-06 
1199 1.45516e-06 
1199.01 1.44921e-06 
1199.02 1.44324e-06 
1199.03 1.43725e-06 
1199.04 1.43126e-06 
1199.05 1.42526e-06 
1199.06 1.41925e-06 
1199.07 1.41325e-06 
1199.08 1.40725e-06 
1199.09 1.40126e-06 
1199.1 1.39529e-06 
1199.11 1.38933e-06 
1199.12 1.38338e-06 
1199.13 1.37745e-06 
1199.14 1.37155e-06 
1199.15 1.36567e-06 
1199.15 1.35982e-06 
1199.16 1.354e-06 
1199.17 1.34821e-06 
1199.18 1.34245e-06 
1199.19 1.33673e-06 
1199.2 1.33104e-06 
1199.21 1.32538e-06 
1199.22 1.31971e-06 
1199.23 1.31413e-06 
1199.24 1.30859e-06 
1199.25 1.30309e-06 
1199.26 1.29763e-06 
1199.27 1.29221e-06 
1199.28 1.28683e-06 
1199.29 1.28149e-06 
1199.3 1.27618e-06 
1199.31 1.27092e-06 
1199.32 1.26569e-06 
1199.33 1.2605e-06 
1199.34 1.25534e-06 
1199.35 1.25022e-06 
1199.36 1.24513e-06 
1199.37 1.24008e-06 
1199.38 1.23506e-06 
1199.39 1.23006e-06 
1199.4 1.2251e-06 
1199.41 1.22016e-06 
1199.42 1.21525e-06 
1199.43 1.21036e-06 
1199.44 1.20549e-06 
1199.45 1.20064e-06 
1199.46 1.19581e-06 
1199.47 1.19099e-06 
1199.48 1.18614e-06 
1199.49 1.18135e-06 
1199.5 1.17657e-06 
1199.51 1.17179e-06 
1199.52 1.16702e-06 
1199.53 1.16226e-06 
1199.54 1.15749e-06 
1199.55 1.15273e-06 
1199.56 1.14795e-06 
1199.57 1.14318e-06 
1199.58 1.13839e-06 
1199.58 1.1336e-06 
1199.59 1.12879e-06 
1199.6 1.12398e-06 
1199.61 1.11983e-06 
1199.62 1.11498e-06 
1199.63 1.1101e-06 
1199.64 1.10521e-06 
1199.65 1.10029e-06 
1199.66 1.09535e-06 
1199.67 1.09038e-06 
1199.68 1.08538e-06 
1199.69 1.08036e-06 
1199.7 1.0753e-06 
1199.71 1.07022e-06 
1199.72 1.0651e-06 
1199.73 1.05989e-06 
1199.74 1.05471e-06 
1199.75 1.04949e-06 
1199.76 1.04423e-06 
1199.77 1.03893e-06 
1199.78 1.0336e-06 
1199.79 1.02823e-06 
1199.8 1.02282e-06 
1199.81 1.01738e-06 
1199.82 1.01189e-06 
1199.83 1.00637e-06 
1199.84 1.00081e-06 
1199.85 9.95208e-07 
1199.86 9.8957e-07 
1199.87 9.83895e-07 
1199.88 9.78182e-07 
1199.89 9.72433e-07 
1199.9 9.66647e-07 
1199.91 9.60827e-07 
1199.92 9.54972e-07 
1199.93 9.49084e-07 
1199.94 9.43163e-07 
1199.95 9.3721e-07 
1199.96 9.31228e-07 
1199.97 9.25216e-07 
1199.98 9.19116e-07 
1199.99 9.13051e-07 
1200 9.06961e-07 
1200.01 9.00848e-07 
1200.01 8.94712e-07 
1200.02 8.88557e-07 
1200.03 8.82384e-07 
1200.04 8.76195e-07 
1200.05 8.6999e-07 
1200.06 8.63774e-07 
1200.07 8.57546e-07 
1200.08 8.51309e-07 
1200.09 8.45065e-07 
1200.1 8.38817e-07 
1200.11 8.32566e-07 
1200.12 8.26313e-07 
1200.13 8.20062e-07 
1200.14 8.13814e-07 
1200.15 8.07572e-07 
1200.16 8.01337e-07 
1200.17 7.95111e-07 
1200.18 7.88898e-07 
1200.19 7.82698e-07 
1200.2 7.76514e-07 
1200.21 7.70347e-07 
1200.22 7.64201e-07 
1200.23 7.58017e-07 
1200.24 7.51917e-07 
1200.25 7.45843e-07 
1200.26 7.39798e-07 
1200.27 7.33782e-07 
1200.28 7.27798e-07 
1200.29 7.21848e-07 
1200.3 7.15934e-07 
1200.31 7.10057e-07 
1200.32 7.04219e-07 
1200.33 6.98422e-07 
1200.34 6.92667e-07 
1200.35 6.86957e-07 
1200.36 6.81292e-07 
1200.37 6.75674e-07 
1200.38 6.70105e-07 
1200.39 6.64585e-07 
1200.4 6.59118e-07 
1200.41 6.53703e-07 
1200.42 6.48342e-07 
1200.43 6.43036e-07 
1200.43 6.37786e-07 
1200.44 6.32594e-07 
1200.45 6.27459e-07 
1200.46 6.22384e-07 
1200.47 6.17369e-07 
1200.48 6.12371e-07 
1200.49 6.07479e-07 
1200.5 6.02651e-07 
1200.51 5.97885e-07 
1200.52 5.93183e-07 
1200.53 5.88546e-07 
1200.54 5.83973e-07 
1200.55 5.79466e-07 
1200.56 5.75025e-07 
1200.57 5.7065e-07 
1200.58 5.66341e-07 
1200.59 5.62098e-07 
1200.6 5.57924e-07 
1200.61 5.54158e-07 
1200.62 5.50115e-07 
1200.63 5.46139e-07 
1200.64 5.42231e-07 
1200.65 5.38391e-07 
1200.66 5.34619e-07 
1200.67 5.30915e-07 
1200.68 5.27278e-07 
1200.69 5.23709e-07 
1200.7 5.20208e-07 
1200.71 5.16775e-07 
1200.72 5.1341e-07 
1200.73 5.1009e-07 
1200.74 5.06861e-07 
1200.75 5.03699e-07 
1200.76 5.00606e-07 
1200.77 4.9758e-07 
1200.78 4.94622e-07 
1200.79 4.91733e-07 
1200.8 4.8891e-07 
1200.81 4.86156e-07 
1200.82 4.8347e-07 
1200.83 4.80852e-07 
1200.84 4.78303e-07 
1200.85 4.75822e-07 
1200.85 4.73411e-07 
1200.86 4.7107e-07 
1200.87 4.68798e-07 
1200.88 4.66597e-07 
1200.89 4.64468e-07 
1200.9 4.6241e-07 
1200.91 4.60425e-07 
1200.92 4.58514e-07 
1200.93 4.56676e-07 
1200.94 4.54915e-07 
1200.95 4.53231e-07 
1200.96 4.51624e-07 
1200.97 4.50097e-07 
1200.98 4.48653e-07 
1200.99 4.47291e-07 
1201 4.46013e-07 
1201.01 4.44822e-07 
1201.02 4.4372e-07 
1201.03 4.42708e-07 
1201.04 4.41789e-07 
1201.05 4.40967e-07 
1201.06 4.40243e-07 
1201.07 4.3962e-07 
1201.08 4.39102e-07 
1201.09 4.38692e-07 
1201.1 4.38393e-07 
1201.11 4.3821e-07 
1201.12 4.38145e-07 
1201.13 4.38203e-07 
1201.14 4.38388e-07 
1201.15 4.38705e-07 
1201.16 4.39159e-07 
1201.17 4.39755e-07 
1201.18 4.40497e-07 
1201.19 4.41392e-07 
1201.2 4.42444e-07 
1201.21 4.43661e-07 
1201.22 4.45047e-07 
1201.23 4.46652e-07 
1201.24 4.48401e-07 
1201.25 4.50341e-07 
1201.26 4.52479e-07 
1201.27 4.54822e-07 
1201.28 4.57379e-07 
1201.28 4.60156e-07 
1201.29 4.63164e-07 
1201.3 4.6641e-07 
1201.31 4.69904e-07 
1201.32 4.73654e-07 
1201.33 4.77672e-07 
1201.34 4.81965e-07 
1201.35 4.86545e-07 
1201.36 4.91422e-07 
1201.37 4.96607e-07 
1201.38 5.0211e-07 
1201.39 5.07944e-07 
1201.4 5.1412e-07 
1201.41 5.2065e-07 
1201.42 5.27545e-07 
1201.43 5.3482e-07 
1201.44 5.42486e-07 
1201.45 5.50558e-07 
1201.46 5.59047e-07 
1201.47 5.67967e-07 
1201.48 5.77475e-07 
1201.49 5.87308e-07 
1201.5 5.97616e-07 
1201.51 6.08412e-07 
1201.52 6.19714e-07 
1201.53 6.31535e-07 
1201.54 6.4389e-07 
1201.55 6.56797e-07 
1201.56 6.7027e-07 
1201.57 6.84325e-07 
1201.58 6.9898e-07 
1201.59 7.1425e-07 
1201.6 7.30152e-07 
1201.61 7.47162e-07 
1201.62 7.64389e-07 
1201.63 7.82297e-07 
1201.64 8.00906e-07 
1201.65 8.2023e-07 
1201.66 8.40289e-07 
1201.67 8.61099e-07 
1201.68 8.82677e-07 
1201.69 9.0504e-07 
1201.7 9.28207e-07 
1201.7 9.52193e-07 
1201.71 9.77014e-07 
1201.72 1.00304e-06 
1201.73 1.02959e-06 
1201.74 1.05704e-06 
1201.75 1.08539e-06 
1201.76 1.11465e-06 
1201.77 1.14486e-06 
1201.78 1.17601e-06 
1201.79 1.20813e-06 
1201.8 1.24123e-06 
1201.81 1.27533e-06 
1201.82 1.31045e-06 
1201.83 1.34658e-06 
1201.84 1.38376e-06 
1201.85 1.42198e-06 
1201.86 1.46128e-06 
1201.87 1.50164e-06 
1201.88 1.5431e-06 
1201.89 1.58565e-06 
1201.9 1.62931e-06 
1201.91 1.67409e-06 
1201.92 1.71999e-06 
1201.93 1.76703e-06 
1201.94 1.81521e-06 
1201.95 1.86454e-06 
1201.96 1.91502e-06 
1201.97 1.96666e-06 
1201.98 2.02015e-06 
1201.99 2.07413e-06 
1202 2.12928e-06 
1202.01 2.18559e-06 
1202.02 2.24307e-06 
1202.03 2.30171e-06 
1202.04 2.36151e-06 
1202.05 2.42247e-06 
1202.06 2.48459e-06 
1202.07 2.54785e-06 
1202.08 2.61226e-06 
1202.09 2.67779e-06 
1202.1 2.74444e-06 
1202.11 2.8122e-06 
1202.12 2.88106e-06 
1202.13 2.95101e-06 
1202.13 3.02202e-06 
1202.14 3.09408e-06 
1202.15 3.16717e-06 
1202.16 3.24129e-06 
1202.17 3.31638e-06 
1202.18 3.39245e-06 
1202.19 3.46947e-06 
1202.2 3.54742e-06 
1202.21 3.62625e-06 
1202.22 3.70698e-06 
1202.23 3.78752e-06 
1202.24 3.86887e-06 
1202.25 3.951e-06 
1202.26 4.03386e-06 
1202.27 4.11742e-06 
1202.28 4.20166e-06 
1202.29 4.28652e-06 
1202.3 4.37197e-06 
1202.31 4.45795e-06 
1202.32 4.54445e-06 
1202.33 4.63142e-06 
1202.34 4.7188e-06 
1202.35 4.80654e-06 
1202.36 4.89461e-06 
1202.37 4.98295e-06 
1202.38 5.07151e-06 
1202.39 5.16025e-06 
1202.4 5.24911e-06 
1202.41 5.33802e-06 
1202.42 5.42697e-06 
1202.43 5.51586e-06 
1202.44 5.60465e-06 
1202.45 5.69329e-06 
1202.46 5.78171e-06 
1202.47 5.86987e-06 
1202.48 5.9588e-06 
1202.49 6.04623e-06 
1202.5 6.1332e-06 
1202.51 6.21966e-06 
1202.52 6.30555e-06 
1202.53 6.3908e-06 
1202.54 6.47535e-06 
1202.55 6.55914e-06 
1202.56 6.64212e-06 
1202.56 6.72421e-06 
1202.57 6.80535e-06 
1202.58 6.88548e-06 
1202.59 6.96454e-06 
1202.6 7.04247e-06 
1202.61 7.12359e-06 
1202.62 7.19911e-06 
1202.63 7.27334e-06 
1202.64 7.34616e-06 
1202.65 7.41757e-06 
1202.66 7.48746e-06 
1202.67 7.55581e-06 
1202.68 7.62256e-06 
1202.69 7.68763e-06 
1202.7 7.75099e-06 
1202.71 7.81257e-06 
1202.72 7.87232e-06 
1202.73 7.93092e-06 
1202.74 7.98684e-06 
1202.75 8.04078e-06 
1202.76 8.0927e-06 
1202.77 8.14253e-06 
1202.78 8.19026e-06 
1202.79 8.23583e-06 
1202.8 8.27919e-06 
1202.81 8.32032e-06 
1202.82 8.35918e-06 
1202.83 8.39571e-06 
1202.84 8.42991e-06 
1202.85 8.46173e-06 
1202.86 8.49114e-06 
1202.87 8.51813e-06 
1202.88 8.54264e-06 
1202.89 8.56469e-06 
1202.9 8.58423e-06 
1202.91 8.60124e-06 
1202.92 8.61572e-06 
1202.93 8.62765e-06 
1202.94 8.63701e-06 
1202.95 8.64382e-06 
1202.96 8.64803e-06 
1202.97 8.64967e-06 
1202.98 8.6487e-06 
1202.98 8.64512e-06 
1202.99 8.63896e-06 
1203 8.63023e-06 
1203.01 8.61892e-06 
1203.02 8.60504e-06 
1203.03 8.58862e-06 
1203.04 8.56966e-06 
1203.05 8.54817e-06 
1203.06 8.52419e-06 
1203.07 8.49773e-06 
1203.08 8.46881e-06 
1203.09 8.43745e-06 
1203.1 8.40368e-06 
1203.11 8.36754e-06 
1203.12 8.32905e-06 
1203.13 8.28825e-06 
1203.14 8.24517e-06 
1203.15 8.19985e-06 
1203.16 8.15232e-06 
1203.17 8.10265e-06 
1203.18 8.05085e-06 
1203.19 7.99698e-06 
1203.2 7.94108e-06 
1203.21 7.8832e-06 
1203.22 7.82338e-06 
1203.23 7.76093e-06 
1203.24 7.69738e-06 
1203.25 7.63206e-06 
1203.26 7.56501e-06 
1203.27 7.4963e-06 
1203.28 7.42598e-06 
1203.29 7.3541e-06 
1203.3 7.28073e-06 
1203.31 7.20591e-06 
1203.32 7.12972e-06 
1203.33 7.05221e-06 
1203.34 6.97344e-06 
1203.35 6.89348e-06 
1203.36 6.81237e-06 
1203.37 6.73019e-06 
1203.38 6.64701e-06 
1203.39 6.56286e-06 
1203.4 6.47784e-06 
1203.41 6.39199e-06 
1203.41 6.30538e-06 
1203.42 6.21806e-06 
1203.43 6.13011e-06 
1203.44 6.04158e-06 
1203.45 5.95252e-06 
1203.46 5.86302e-06 
1203.47 5.77312e-06 
1203.48 5.68176e-06 
1203.49 5.59125e-06 
1203.5 5.50051e-06 
1203.51 5.40963e-06 
1203.52 5.31863e-06 
1203.53 5.22759e-06 
1203.54 5.13655e-06 
1203.55 5.04559e-06 
1203.56 4.95474e-06 
1203.57 4.86405e-06 
1203.58 4.77359e-06 
1203.59 4.68339e-06 
1203.6 4.59351e-06 
1203.61 4.50677e-06 
1203.62 4.41761e-06 
1203.63 4.32892e-06 
1203.64 4.24072e-06 
1203.65 4.15306e-06 
1203.66 4.06599e-06 
1203.67 3.97955e-06 
1203.68 3.89376e-06 
1203.69 3.80868e-06 
1203.7 3.72433e-06 
1203.71 3.64075e-06 
1203.72 3.55797e-06 
1203.73 3.475e-06 
1203.74 3.39393e-06 
1203.75 3.31375e-06 
1203.76 3.23448e-06 
1203.77 3.15616e-06 
1203.78 3.0788e-06 
1203.79 3.00244e-06 
1203.8 2.92708e-06 
1203.81 2.85276e-06 
1203.82 2.77948e-06 
1203.83 2.70726e-06 
1203.83 2.63613e-06 
1203.84 2.56609e-06 
1203.85 2.49715e-06 
1203.86 2.42934e-06 
1203.87 2.36265e-06 
1203.88 2.2971e-06 
1203.89 2.2327e-06 
1203.9 2.16944e-06 
1203.91 2.10734e-06 
1203.92 2.0464e-06 
1203.93 1.98662e-06 
1203.94 1.92801e-06 
1203.95 1.87056e-06 
1203.96 1.81427e-06 
1203.97 1.75915e-06 
1203.98 1.70452e-06 
1203.99 1.65172e-06 
1204 1.60008e-06 
1204.01 1.54959e-06 
1204.02 1.50023e-06 
1204.03 1.45201e-06 
1204.04 1.40491e-06 
1204.05 1.35893e-06 
1204.06 1.31406e-06 
1204.07 1.27029e-06 
1204.08 1.2276e-06 
1204.09 1.18599e-06 
1204.1 1.14544e-06 
1204.11 1.10595e-06 
1204.12 1.06749e-06 
1204.13 1.03007e-06 
1204.14 9.93649e-07 
1204.15 9.58229e-07 
1204.16 9.23794e-07 
1204.17 8.90326e-07 
1204.18 8.57813e-07 
1204.19 8.26237e-07 
1204.2 7.95582e-07 
1204.21 7.65834e-07 
1204.22 7.36974e-07 
1204.23 7.08645e-07 
1204.24 6.81527e-07 
1204.25 6.55248e-07 
1204.26 6.29793e-07 
1204.26 6.05143e-07 
1204.27 5.81283e-07 
1204.28 5.58194e-07 
1204.29 5.35861e-07 
1204.3 5.14266e-07 
1204.31 4.93392e-07 
1204.32 4.73223e-07 
1204.33 4.5374e-07 
1204.34 4.34929e-07 
1204.35 4.16771e-07 
1204.36 3.99251e-07 
1204.37 3.82351e-07 
1204.38 3.66057e-07 
1204.39 3.50351e-07 
1204.4 3.35217e-07 
1204.41 3.2064e-07 
1204.42 3.06605e-07 
1204.43 2.93095e-07 
1204.44 2.80096e-07 
1204.45 2.67593e-07 
1204.46 2.5557e-07 
1204.47 2.44014e-07 
1204.48 2.32774e-07 
1204.49 2.22113e-07 
1204.5 2.11877e-07 
1204.51 2.02052e-07 
1204.52 1.92623e-07 
1204.53 1.8358e-07 
1204.54 1.74908e-07 
1204.55 1.66595e-07 
1204.56 1.58629e-07 
1204.57 1.50999e-07 
1204.58 1.43692e-07 
1204.59 1.36698e-07 
1204.6 1.30004e-07 
1204.61 1.23602e-07 
1204.62 1.17551e-07 
1204.63 1.11694e-07 
1204.64 1.06096e-07 
1204.65 1.00749e-07 
1204.66 9.56423e-08 
1204.67 9.0767e-08 
1204.68 8.61143e-08 
1204.68 8.16753e-08 
1204.69 7.74417e-08 
1204.7 7.34054e-08 
1204.71 6.95584e-08 
1204.72 6.58485e-08 
1204.73 6.23597e-08 
1204.74 5.90378e-08 
1204.75 5.5876e-08 
1204.76 5.28676e-08 
1204.77 5.0006e-08 
1204.78 4.7285e-08 
1204.79 4.46985e-08 
1204.8 4.22408e-08 
1204.81 3.99062e-08 
1204.82 3.76892e-08 
1204.83 3.55846e-08 
1204.84 3.35873e-08 
1204.85 3.16926e-08 
1204.86 2.98958e-08 
1204.87 2.81923e-08 
1204.88 2.65778e-08 
1204.89 2.50482e-08 
1204.9 2.35995e-08 
1204.91 2.22279e-08 
1204.92 2.09296e-08 
1204.93 1.97013e-08 
1204.94 1.85394e-08 
1204.95 1.74408e-08 
1204.96 1.64023e-08 
1204.97 1.5421e-08 
1204.98 1.44828e-08 
1204.99 1.3608e-08 
1205 1.27822e-08 
1205.01 1.20029e-08 
1205.02 1.12678e-08 
1205.03 1.05744e-08 
1205.04 9.9207e-09 
1205.05 9.30461e-09 
1205.06 8.72414e-09 
1205.07 8.17742e-09 
1205.08 7.66264e-09 
1205.09 7.17809e-09 
1205.1 6.72216e-09 
1205.11 6.29328e-09 
1205.11 5.88998e-09 
1205.12 5.51086e-09 
1205.13 5.15459e-09 
1205.14 4.81989e-09 
1205.15 4.50557e-09 
1205.16 4.21047e-09 
1205.17 3.9335e-09 
1205.18 3.67365e-09 
1205.19 3.42993e-09 
1205.2 3.2014e-09 
1205.21 2.9872e-09 
1205.22 2.78414e-09 
1205.23 2.59621e-09 
1205.24 2.4203e-09 
1205.25 2.25562e-09 
1205.26 2.10152e-09 
1205.27 1.95735e-09 
1205.28 1.82252e-09 
1205.29 1.69646e-09 
1205.3 1.57865e-09 
1205.31 1.46858e-09 
1205.32 1.36576e-09 
1205.33 1.26976e-09 
1205.34 1.18015e-09 
1205.35 1.09654e-09 
1205.36 1.01854e-09 
1205.37 9.45802e-10 
1205.38 8.77994e-10 
1205.39 8.14801e-10 
1205.4 7.55927e-10 
1205.41 7.01096e-10 
1205.42 6.50046e-10 
1205.43 6.0253e-10 
1205.44 5.58319e-10 
1205.45 5.17196e-10 
1205.46 4.78957e-10 
1205.47 4.4341e-10 
1205.48 4.09995e-10 
1205.49 3.79323e-10 
1205.5 3.50852e-10 
1205.51 3.24419e-10 
1205.52 2.99888e-10 
1205.53 2.77127e-10 
1205.54 2.56017e-10 
1205.54 2.36443e-10 
1205.55 2.183e-10 
1205.56 2.01488e-10 
1205.57 1.85915e-10 
1205.58 1.71493e-10 
1205.59 1.58142e-10 
1205.6 1.45787e-10 
1205.61 1.34439e-10 
1205.62 1.23861e-10 
1205.63 1.1408e-10 
1205.64 1.0504e-10 
1205.65 9.66873e-11 
1205.66 8.89718e-11 
1205.67 8.18472e-11 
1205.68 7.52704e-11 
1205.69 6.92012e-11 
1205.7 6.36021e-11 
1205.71 5.84383e-11 
1205.72 5.36776e-11 
1205.73 4.92372e-11 
1205.74 4.51985e-11 
1205.75 4.14786e-11 
1205.76 3.80533e-11 
1205.77 3.49004e-11 
1205.78 3.1999e-11 
1205.79 2.93299e-11 
1205.8 2.68754e-11 
1205.81 2.46188e-11 
1205.82 2.25449e-11 
1205.83 2.06394e-11 
1205.84 1.88893e-11 
1205.85 1.72824e-11 
1205.86 1.58073e-11 
1205.87 1.44538e-11 
1205.88 1.32123e-11 
1205.89 1.20737e-11 
1205.9 1.10299e-11 
1205.91 1.00732e-11 
1205.92 9.19682e-12 
1205.93 8.39411e-12 
1205.94 7.65915e-12 
1205.95 6.98642e-12 
1205.96 6.37086e-12 
1205.96 5.80777e-12 
1205.97 5.29286e-12 
1205.98 4.81652e-12 
1205.99 4.38682e-12 
1206 3.99425e-12 
1206.01 3.63571e-12 
1206.02 3.30835e-12 
1206.03 3.00956e-12 
1206.04 2.73692e-12 
1206.05 2.48823e-12 
1206.06 2.26146e-12 
1206.07 2.05473e-12 
1206.08 1.86634e-12 
1206.09 1.6947e-12 
1206.1 1.53839e-12 
1206.11 1.39607e-12 
1206.12 1.26654e-12 
1206.13 1.14867e-12 
1206.14 1.04146e-12 
1206.15 9.43972e-13 
1206.16 8.5535e-13 
1206.17 7.74813e-13 
1206.18 7.01648e-13 
1206.19 6.35199e-13 
1206.2 5.7487e-13 
1206.21 5.20113e-13 
1206.22 4.70429e-13 
1206.23 4.24828e-13 
1206.24 3.84013e-13 
1206.25 3.47014e-13 
1206.26 3.13485e-13 
1206.27 2.8311e-13 
1206.28 2.55601e-13 
1206.29 2.30696e-13 
1206.3 2.08154e-13 
1206.31 1.87758e-13 
1206.32 1.69309e-13 
1206.33 1.52627e-13 
1206.34 1.37547e-13 
1206.35 1.23919e-13 
1206.36 1.11608e-13 
1206.37 1.00489e-13 
1206.38 9.04513e-14 
1206.39 8.13912e-14 
1206.39 7.32165e-14 
1206.4 6.58429e-14 
1206.41 5.9194e-14 
1206.42 5.32004e-14 
1206.43 4.77993e-14 
1206.44 4.29335e-14 
1206.45 3.85513e-14 
1206.46 3.4606e-14 
1206.47 3.1055e-14 
1206.48 2.78222e-14 
1206.49 2.49521e-14 
1206.5 2.23714e-14 
1206.51 2.00515e-14 
1206.52 1.79667e-14 
1206.53 1.60939e-14 
1206.54 1.44119e-14 
1206.55 1.29018e-14 
1206.56 1.15464e-14 
1206.57 1.03303e-14 
1206.58 9.23955e-15 
1206.59 8.26145e-15 
1206.6 0 
