#energy geo_1 
1186.6 0 
1186.61 0 
1186.62 0 
1186.63 0 
1186.64 0 
1186.65 0 
1186.66 0 
1186.67 0 
1186.68 0 
1186.69 0 
1186.7 0 
1186.71 0 
1186.72 0 
1186.73 0 
1186.74 0 
1186.75 0 
1186.76 0 
1186.77 0 
1186.78 0 
1186.79 0 
1186.8 0 
1186.81 0 
1186.81 0 
1186.82 0 
1186.83 0 
1186.84 0 
1186.85 0 
1186.86 0 
1186.87 0 
1186.88 0 
1186.89 0 
1186.9 0 
1186.91 0 
1186.92 0 
1186.93 0 
1186.94 0 
1186.95 0 
1186.96 0 
1186.97 0 
1186.98 0 
1186.99 0 
1187 0 
1187.01 0 
1187.02 0 
1187.03 0 
1187.04 0 
1187.05 0 
1187.06 0 
1187.07 0 
1187.08 0 
1187.09 0 
1187.1 0 
1187.11 0 
1187.12 0 
1187.13 0 
1187.14 0 
1187.15 0 
1187.16 0 
1187.17 0 
1187.18 0 
1187.19 0 
1187.2 0 
1187.21 0 
1187.22 0 
1187.23 0 
1187.24 1.4013e-45 
1187.24 1.4013e-45 
1187.25 1.4013e-45 
1187.26 1.4013e-45 
1187.27 1.4013e-45 
1187.28 2.8026e-45 
1187.29 2.8026e-45 
1187.3 2.8026e-45 
1187.31 2.8026e-45 
1187.32 4.2039e-45 
1187.33 7.00649e-45 
1187.34 8.40779e-45 
1187.35 9.80909e-45 
1187.36 1.26117e-44 
1187.37 1.54143e-44 
1187.38 1.96182e-44 
1187.39 2.38221e-44 
1187.4 3.08286e-44 
1187.41 3.92364e-44 
1187.42 5.04467e-44 
1187.43 6.16571e-44 
1187.44 7.84727e-44 
1187.45 9.80909e-44 
1187.46 1.23314e-43 
1187.47 1.54143e-43 
1187.48 1.9478e-43 
1187.49 2.43826e-43 
1187.5 3.06884e-43 
1187.51 3.85357e-43 
1187.52 4.83448e-43 
1187.53 6.06762e-43 
1187.54 7.60905e-43 
1187.55 9.54284e-43 
1187.56 1.19531e-42 
1187.57 1.49799e-42 
1187.58 1.87354e-42 
1187.59 2.34717e-42 
1187.6 2.93712e-42 
1187.61 3.67561e-42 
1187.62 4.59626e-42 
1187.63 5.74532e-42 
1187.64 7.17745e-42 
1187.65 8.96551e-42 
1187.66 1.1195e-41 
1187.66 1.39737e-41 
1187.67 1.7435e-41 
1187.68 2.17453e-41 
1187.69 2.71123e-41 
1187.7 3.37909e-41 
1187.71 4.21034e-41 
1187.72 5.2438e-41 
1187.73 6.54659e-41 
1187.74 8.14785e-41 
1187.75 1.0137e-40 
1187.76 1.26075e-40 
1187.77 1.56742e-40 
1187.78 1.94799e-40 
1187.79 2.42008e-40 
1187.8 3.00555e-40 
1187.81 3.73129e-40 
1187.82 4.63065e-40 
1187.83 5.74471e-40 
1187.84 7.12422e-40 
1187.85 8.83187e-40 
1187.86 1.09449e-39 
1187.87 1.35586e-39 
1187.88 1.67905e-39 
1187.89 2.07854e-39 
1187.9 2.57215e-39 
1187.91 3.18184e-39 
1187.92 3.93465e-39 
1187.93 4.86382e-39 
1187.94 6.01027e-39 
1187.95 7.42429e-39 
1187.96 9.1677e-39 
1187.97 1.13165e-38 
1187.98 1.40006e-38 
1187.99 1.72696e-38 
1188 2.12944e-38 
1188.01 2.62477e-38 
1188.02 3.23416e-38 
1188.03 3.98362e-38 
1188.04 4.90499e-38 
1188.05 6.0373e-38 
1188.06 7.42835e-38 
1188.07 9.13664e-38 
1188.08 1.12338e-37 
1188.09 1.38073e-37 
1188.09 1.69643e-37 
1188.1 2.08357e-37 
1188.11 2.55815e-37 
1188.12 3.13969e-37 
1188.13 3.85206e-37 
1188.14 4.72437e-37 
1188.15 5.79215e-37 
1188.16 7.09871e-37 
1188.17 8.6969e-37 
1188.18 1.06511e-36 
1188.19 1.30397e-36 
1188.2 1.59583e-36 
1188.21 1.95231e-36 
1188.22 2.38757e-36 
1188.23 2.92616e-36 
1188.24 3.57596e-36 
1188.25 4.3685e-36 
1188.26 5.33477e-36 
1188.27 6.51245e-36 
1188.28 7.94726e-36 
1188.29 9.69472e-36 
1188.3 1.18222e-35 
1188.31 1.44113e-35 
1188.32 1.75613e-35 
1188.33 2.1392e-35 
1188.34 2.60491e-35 
1188.35 3.17087e-35 
1188.36 3.85841e-35 
1188.37 4.69334e-35 
1188.38 5.70692e-35 
1188.39 6.93689e-35 
1188.4 8.42895e-35 
1188.41 1.02383e-34 
1188.42 1.24315e-34 
1188.43 1.50892e-34 
1188.44 1.83085e-34 
1188.45 2.22067e-34 
1188.46 2.69252e-34 
1188.47 3.26347e-34 
1188.48 3.96356e-34 
1188.49 4.80057e-34 
1188.5 5.81226e-34 
1188.51 7.03464e-34 
1188.52 8.51106e-34 
1188.52 1.02937e-33 
1188.53 1.24451e-33 
1188.54 1.50409e-33 
1188.55 1.81717e-33 
1188.56 2.19462e-33 
1188.57 2.64953e-33 
1188.58 3.19758e-33 
1188.59 3.85762e-33 
1188.6 4.65513e-33 
1188.61 5.61202e-33 
1188.62 6.76318e-33 
1188.63 8.14756e-33 
1188.64 9.8118e-33 
1188.65 1.18118e-32 
1188.66 1.42143e-32 
1188.67 1.70993e-32 
1188.68 2.05626e-32 
1188.69 2.47185e-32 
1188.7 2.97038e-32 
1188.71 3.56816e-32 
1188.72 4.28472e-32 
1188.73 5.15508e-32 
1188.74 6.18587e-32 
1188.75 7.42011e-32 
1188.76 8.89743e-32 
1188.77 1.06651e-31 
1188.78 1.27793e-31 
1188.79 1.53072e-31 
1188.8 1.83285e-31 
1188.81 2.19384e-31 
1188.82 2.62498e-31 
1188.83 3.13973e-31 
1188.84 3.75408e-31 
1188.85 4.48703e-31 
1188.86 5.36117e-31 
1188.87 6.4033e-31 
1188.88 7.64528e-31 
1188.89 9.12489e-31 
1188.9 1.08869e-30 
1188.91 1.29846e-30 
1188.92 1.54809e-30 
1188.93 1.84505e-30 
1188.94 2.19819e-30 
1188.94 2.61799e-30 
1188.95 3.11683e-30 
1188.96 3.7094e-30 
1188.97 4.41306e-30 
1188.98 5.25968e-30 
1188.99 6.2529e-30 
1189 7.43103e-30 
1189.01 8.82796e-30 
1189.02 1.04838e-29 
1189.03 1.24457e-29 
1189.04 1.47694e-29 
1189.05 1.75208e-29 
1189.06 2.07772e-29 
1189.07 2.46301e-29 
1189.08 2.91871e-29 
1189.09 3.45748e-29 
1189.1 4.09423e-29 
1189.11 4.84652e-29 
1189.12 5.73498e-29 
1189.13 6.78389e-29 
1189.14 8.02177e-29 
1189.15 9.48213e-29 
1189.16 1.12043e-28 
1189.17 1.32346e-28 
1189.18 1.56272e-28 
1189.19 1.84457e-28 
1189.2 2.17648e-28 
1189.21 2.56719e-28 
1189.22 3.02696e-28 
1189.23 3.57512e-28 
1189.24 4.21236e-28 
1189.25 4.96142e-28 
1189.26 5.84158e-28 
1189.27 6.87542e-28 
1189.28 8.08934e-28 
1189.29 9.51418e-28 
1189.3 1.1186e-27 
1189.31 1.31468e-27 
1189.32 1.54459e-27 
1189.33 1.81405e-27 
1189.34 2.12976e-27 
1189.35 2.49952e-27 
1189.36 2.93243e-27 
1189.36 3.43909e-27 
1189.37 4.03183e-27 
1189.38 4.72505e-27 
1189.39 5.53548e-27 
1189.4 6.4826e-27 
1189.41 7.58904e-27 
1189.42 8.88116e-27 
1189.43 1.03895e-26 
1189.44 1.21498e-26 
1189.45 1.42032e-26 
1189.46 1.65976e-26 
1189.47 1.93888e-26 
1189.48 2.26852e-26 
1189.49 2.6481e-26 
1189.5 3.0901e-26 
1189.51 3.60458e-26 
1189.52 4.20321e-26 
1189.53 4.8995e-26 
1189.54 5.7091e-26 
1189.55 6.6501e-26 
1189.56 7.74342e-26 
1189.57 9.01327e-26 
1189.58 1.04876e-25 
1189.59 1.21988e-25 
1189.6 1.4184e-25 
1189.61 1.64966e-25 
1189.62 1.91676e-25 
1189.63 2.22631e-25 
1189.64 2.58492e-25 
1189.65 3.00022e-25 
1189.66 3.481e-25 
1189.67 4.03738e-25 
1189.68 4.68101e-25 
1189.69 5.4253e-25 
1189.7 6.28569e-25 
1189.71 7.27993e-25 
1189.72 8.4284e-25 
1189.73 9.77239e-25 
1189.74 1.13059e-24 
1189.75 1.30754e-24 
1189.76 1.51165e-24 
1189.77 1.74699e-24 
1189.78 2.01825e-24 
1189.79 2.33079e-24 
1189.79 2.69077e-24 
1189.8 3.10523e-24 
1189.81 3.58226e-24 
1189.82 4.13108e-24 
1189.83 4.76228e-24 
1189.84 5.48796e-24 
1189.85 6.32196e-24 
1189.86 7.2801e-24 
1189.87 8.38044e-24 
1189.88 9.64365e-24 
1189.89 1.10933e-23 
1189.9 1.27563e-23 
1189.91 1.46633e-23 
1189.92 1.68494e-23 
1189.93 1.93545e-23 
1189.94 2.22241e-23 
1189.95 2.55101e-23 
1189.96 2.92714e-23 
1189.97 3.35752e-23 
1189.98 3.85639e-23 
1189.99 4.42022e-23 
1190 5.06467e-23 
1190.01 5.80101e-23 
1190.02 6.64203e-23 
1190.03 7.60225e-23 
1190.04 8.69817e-23 
1190.05 9.94853e-23 
1190.06 1.13745e-22 
1190.07 1.30003e-22 
1190.08 1.48531e-22 
1190.09 1.6964e-22 
1190.1 1.93678e-22 
1190.11 2.21044e-22 
1190.12 2.52186e-22 
1190.13 2.87613e-22 
1190.14 3.279e-22 
1190.15 3.73695e-22 
1190.16 4.25734e-22 
1190.17 4.84846e-22 
1190.18 5.51969e-22 
1190.19 6.28159e-22 
1190.2 7.1461e-22 
1190.21 8.12668e-22 
1190.21 9.2385e-22 
1190.22 1.05155e-21 
1190.23 1.19455e-21 
1190.24 1.35651e-21 
1190.25 1.53989e-21 
1190.26 1.74743e-21 
1190.27 1.98223e-21 
1190.28 2.24777e-21 
1190.29 2.54798e-21 
1190.3 2.88725e-21 
1190.31 3.27052e-21 
1190.32 3.70334e-21 
1190.33 4.19194e-21 
1190.34 4.74332e-21 
1190.35 5.36529e-21 
1190.36 6.06664e-21 
1190.37 6.85723e-21 
1190.38 7.74807e-21 
1190.39 8.75151e-21 
1190.4 9.88136e-21 
1190.41 1.11531e-20 
1190.42 1.2584e-20 
1190.43 1.41934e-20 
1190.44 1.60029e-20 
1190.45 1.80366e-20 
1190.46 2.03216e-20 
1190.47 2.28878e-20 
1190.48 2.58069e-20 
1190.49 2.90449e-20 
1190.5 3.26774e-20 
1190.51 3.67511e-20 
1190.52 4.13178e-20 
1190.53 4.64354e-20 
1190.54 5.21682e-20 
1190.55 5.85877e-20 
1190.56 6.57736e-20 
1190.57 7.38145e-20 
1190.58 8.28088e-20 
1190.59 9.28658e-20 
1190.6 1.04107e-19 
1190.61 1.16739e-19 
1190.62 1.30777e-19 
1190.63 1.46449e-19 
1190.64 1.63942e-19 
1190.64 1.83458e-19 
1190.65 2.05224e-19 
1190.66 2.2949e-19 
1190.67 2.56534e-19 
1190.68 2.86662e-19 
1190.69 3.20214e-19 
1190.7 3.57564e-19 
1190.71 3.99129e-19 
1190.72 4.45365e-19 
1190.73 4.97458e-19 
1190.74 5.54686e-19 
1190.75 6.18277e-19 
1190.76 6.88911e-19 
1190.77 7.67339e-19 
1190.78 8.54391e-19 
1190.79 9.50978e-19 
1190.8 1.0581e-18 
1190.81 1.17688e-18 
1190.82 1.30852e-18 
1190.83 1.45436e-18 
1190.84 1.61588e-18 
1190.85 1.79469e-18 
1190.86 1.99258e-18 
1190.87 2.21149e-18 
1190.88 2.45358e-18 
1190.89 2.7212e-18 
1190.9 3.01693e-18 
1190.91 3.34359e-18 
1190.92 3.70431e-18 
1190.93 4.10246e-18 
1190.94 4.54179e-18 
1190.95 5.02637e-18 
1190.96 5.56066e-18 
1190.97 6.14954e-18 
1190.98 6.80687e-18 
1190.99 7.52231e-18 
1191 8.30997e-18 
1191.01 9.17682e-18 
1191.02 1.01305e-17 
1191.03 1.11792e-17 
1191.04 1.23321e-17 
1191.05 1.35991e-17 
1191.06 1.49908e-17 
1191.07 1.65191e-17 
1191.07 1.81966e-17 
1191.08 2.00373e-17 
1191.09 2.20564e-17 
1191.1 2.42702e-17 
1191.11 2.66966e-17 
1191.12 2.93551e-17 
1191.13 3.22668e-17 
1191.14 3.54547e-17 
1191.15 3.89435e-17 
1191.16 4.27604e-17 
1191.17 4.69345e-17 
1191.18 5.14977e-17 
1191.19 5.64843e-17 
1191.2 6.19316e-17 
1191.21 6.788e-17 
1191.22 7.43731e-17 
1191.23 8.15506e-17 
1191.24 8.9287e-17 
1191.25 9.77223e-17 
1191.26 1.06916e-16 
1191.27 1.16933e-16 
1191.28 1.27843e-16 
1191.29 1.39721e-16 
1191.3 1.52648e-16 
1191.31 1.66711e-16 
1191.32 1.82004e-16 
1191.33 1.9863e-16 
1191.34 2.16696e-16 
1191.35 2.36321e-16 
1191.36 2.57632e-16 
1191.37 2.80763e-16 
1191.38 3.05862e-16 
1191.39 3.33085e-16 
1191.4 3.62602e-16 
1191.41 3.94593e-16 
1191.42 4.29252e-16 
1191.43 4.66789e-16 
1191.44 5.07427e-16 
1191.45 5.51406e-16 
1191.46 5.98981e-16 
1191.47 6.50429e-16 
1191.48 7.06795e-16 
1191.49 7.66919e-16 
1191.49 8.31894e-16 
1191.5 9.02051e-16 
1191.51 9.77775e-16 
1191.52 1.05948e-15 
1191.53 1.14759e-15 
1191.54 1.2426e-15 
1191.55 1.34498e-15 
1191.56 1.45528e-15 
1191.57 1.57406e-15 
1191.58 1.70193e-15 
1191.59 1.83953e-15 
1191.6 1.98877e-15 
1191.61 2.14802e-15 
1191.62 2.31919e-15 
1191.63 2.5031e-15 
1191.64 2.70063e-15 
1191.65 2.91271e-15 
1191.66 3.14032e-15 
1191.67 3.38451e-15 
1191.68 3.64637e-15 
1191.69 3.9271e-15 
1191.7 4.22792e-15 
1191.71 4.55015e-15 
1191.72 4.8952e-15 
1191.73 5.2693e-15 
1191.74 5.6648e-15 
1191.75 6.0878e-15 
1191.76 6.54005e-15 
1191.77 7.02338e-15 
1191.78 7.53973e-15 
1191.79 8.09115e-15 
1191.8 8.67979e-15 
1191.81 9.30792e-15 
1191.82 9.97794e-15 
1191.83 1.06924e-14 
1191.84 1.14538e-14 
1191.85 1.22652e-14 
1191.86 1.31292e-14 
1191.87 1.40492e-14 
1191.88 1.50282e-14 
1191.89 1.60697e-14 
1191.9 1.71772e-14 
1191.91 1.83545e-14 
1191.92 1.96054e-14 
1191.92 2.09341e-14 
1191.93 2.23449e-14 
1191.94 2.38422e-14 
1191.95 2.54307e-14 
1191.96 2.71154e-14 
1191.97 2.89013e-14 
1191.98 3.08182e-14 
1191.99 3.28244e-14 
1192 3.49486e-14 
1192.01 3.71971e-14 
1192.02 3.9576e-14 
1192.03 4.2092e-14 
1192.04 4.47519e-14 
1192.05 4.75629e-14 
1192.06 5.05324e-14 
1192.07 5.36681e-14 
1192.08 5.6978e-14 
1192.09 6.04703e-14 
1192.1 6.41538e-14 
1192.11 6.80373e-14 
1192.12 7.21301e-14 
1192.13 7.64418e-14 
1192.14 8.09822e-14 
1192.15 8.57616e-14 
1192.16 9.07906e-14 
1192.17 9.60802e-14 
1192.18 1.01642e-13 
1192.19 1.07486e-13 
1192.2 1.13627e-13 
1192.21 1.20075e-13 
1192.22 1.26844e-13 
1192.23 1.34037e-13 
1192.24 1.41491e-13 
1192.25 1.49306e-13 
1192.26 1.57496e-13 
1192.27 1.66077e-13 
1192.28 1.75062e-13 
1192.29 1.84468e-13 
1192.3 1.94309e-13 
1192.31 2.04603e-13 
1192.32 2.15364e-13 
1192.33 2.26611e-13 
1192.34 2.3836e-13 
1192.34 2.50629e-13 
1192.35 2.63435e-13 
1192.36 2.76797e-13 
1192.37 2.90733e-13 
1192.38 3.05262e-13 
1192.39 3.20402e-13 
1192.4 3.36174e-13 
1192.41 3.52596e-13 
1192.42 3.69689e-13 
1192.43 3.87473e-13 
1192.44 4.05967e-13 
1192.45 4.25193e-13 
1192.46 4.45171e-13 
1192.47 4.65923e-13 
1192.48 4.87743e-13 
1192.49 5.10114e-13 
1192.5 5.33322e-13 
1192.51 5.57388e-13 
1192.52 5.82335e-13 
1192.53 6.08182e-13 
1192.54 6.34952e-13 
1192.55 6.62667e-13 
1192.56 6.91347e-13 
1192.57 7.21015e-13 
1192.58 7.5169e-13 
1192.59 7.83396e-13 
1192.6 8.16152e-13 
1192.61 8.50506e-13 
1192.62 8.85449e-13 
1192.63 9.21505e-13 
1192.64 9.58695e-13 
1192.65 9.97039e-13 
1192.66 1.03656e-12 
1192.67 1.07727e-12 
1192.68 1.11919e-12 
1192.69 1.16235e-12 
1192.7 1.20676e-12 
1192.71 1.25243e-12 
1192.72 1.29939e-12 
1192.73 1.34827e-12 
1192.74 1.39787e-12 
1192.75 1.44881e-12 
1192.76 1.5011e-12 
1192.77 1.55477e-12 
1192.77 1.60982e-12 
1192.78 1.66627e-12 
1192.79 1.72414e-12 
1192.8 1.78345e-12 
1192.81 1.8442e-12 
1192.82 1.90641e-12 
1192.83 1.97011e-12 
1192.84 2.0353e-12 
1192.85 2.102e-12 
1192.86 2.17023e-12 
1192.87 2.24e-12 
1192.88 2.31133e-12 
1192.89 2.38425e-12 
1192.9 2.45877e-12 
1192.91 2.5349e-12 
1192.92 2.61269e-12 
1192.93 2.69215e-12 
1192.94 2.7733e-12 
1192.95 2.85618e-12 
1192.96 2.94083e-12 
1192.97 3.02728e-12 
1192.98 3.11669e-12 
1192.99 3.20689e-12 
1193 3.29903e-12 
1193.01 3.39317e-12 
1193.02 3.48937e-12 
1193.03 3.5877e-12 
1193.04 3.68825e-12 
1193.05 3.7911e-12 
1193.06 3.89635e-12 
1193.07 4.00412e-12 
1193.08 4.11452e-12 
1193.09 4.22769e-12 
1193.1 4.34379e-12 
1193.11 4.46298e-12 
1193.12 4.58546e-12 
1193.13 4.71143e-12 
1193.14 4.84111e-12 
1193.15 4.97478e-12 
1193.16 5.1127e-12 
1193.17 5.25519e-12 
1193.18 5.40259e-12 
1193.19 5.55527e-12 
1193.19 5.71366e-12 
1193.2 5.8782e-12 
1193.21 6.04939e-12 
1193.22 6.23012e-12 
1193.23 6.41637e-12 
1193.24 6.61114e-12 
1193.25 6.8151e-12 
1193.26 7.02904e-12 
1193.27 7.2538e-12 
1193.28 7.49034e-12 
1193.29 7.73966e-12 
1193.3 8.00289e-12 
1193.31 8.28123e-12 
1193.32 8.576e-12 
1193.33 8.88862e-12 
1193.34 9.22067e-12 
1193.35 9.57381e-12 
1193.36 9.94988e-12 
1193.37 1.03509e-11 
1193.38 1.07789e-11 
1193.39 1.12363e-11 
1193.4 1.17257e-11 
1193.41 1.22496e-11 
1193.42 1.28111e-11 
1193.43 1.34134e-11 
1193.44 1.40598e-11 
1193.45 1.47541e-11 
1193.46 1.55002e-11 
1193.47 1.63025e-11 
1193.48 1.71767e-11 
1193.49 1.81063e-11 
1193.5 1.9107e-11 
1193.51 2.01847e-11 
1193.52 2.13455e-11 
1193.53 2.25961e-11 
1193.54 2.39436e-11 
1193.55 2.53956e-11 
1193.56 2.69605e-11 
1193.57 2.86469e-11 
1193.58 3.04644e-11 
1193.59 3.24231e-11 
1193.6 3.45337e-11 
1193.61 3.68306e-11 
1193.62 3.92822e-11 
1193.62 4.19231e-11 
1193.63 4.47675e-11 
1193.64 4.78304e-11 
1193.65 5.1128e-11 
1193.66 5.46774e-11 
1193.67 5.84971e-11 
1193.68 6.26066e-11 
1193.69 6.70267e-11 
1193.7 7.17796e-11 
1193.71 7.68889e-11 
1193.72 8.23798e-11 
1193.73 8.83554e-11 
1193.74 9.46969e-11 
1193.75 1.01506e-10 
1193.76 1.08814e-10 
1193.77 1.16655e-10 
1193.78 1.25066e-10 
1193.79 1.34084e-10 
1193.8 1.43751e-10 
1193.81 1.54109e-10 
1193.82 1.65204e-10 
1193.83 1.77084e-10 
1193.84 1.898e-10 
1193.85 2.03406e-10 
1193.86 2.17959e-10 
1193.87 2.33519e-10 
1193.88 2.5015e-10 
1193.89 2.67918e-10 
1193.9 2.86896e-10 
1193.91 3.07156e-10 
1193.92 3.28778e-10 
1193.93 3.51845e-10 
1193.94 3.76444e-10 
1193.95 4.02667e-10 
1193.96 4.3061e-10 
1193.97 4.60375e-10 
1193.98 4.92477e-10 
1193.99 5.26238e-10 
1194 5.62159e-10 
1194.01 6.00363e-10 
1194.02 6.4098e-10 
1194.03 6.84146e-10 
1194.04 7.30004e-10 
1194.05 7.78701e-10 
1194.05 8.30395e-10 
1194.06 8.85248e-10 
1194.07 9.43431e-10 
1194.08 1.00512e-09 
1194.09 1.07051e-09 
1194.1 1.13978e-09 
1194.11 1.21315e-09 
1194.12 1.29082e-09 
1194.13 1.37302e-09 
1194.14 1.45996e-09 
1194.15 1.5519e-09 
1194.16 1.64908e-09 
1194.17 1.75177e-09 
1194.18 1.86022e-09 
1194.19 1.97472e-09 
1194.2 2.09556e-09 
1194.21 2.22304e-09 
1194.22 2.35747e-09 
1194.23 2.501e-09 
1194.24 2.65042e-09 
1194.25 2.8078e-09 
1194.26 2.9735e-09 
1194.27 3.1479e-09 
1194.28 3.33138e-09 
1194.29 3.52433e-09 
1194.3 3.72717e-09 
1194.31 3.94031e-09 
1194.32 4.1642e-09 
1194.33 4.39928e-09 
1194.34 4.64602e-09 
1194.35 4.90488e-09 
1194.36 5.17636e-09 
1194.37 5.46097e-09 
1194.38 5.75921e-09 
1194.39 6.07162e-09 
1194.4 6.39874e-09 
1194.41 6.74112e-09 
1194.42 7.09934e-09 
1194.43 7.47398e-09 
1194.44 7.86565e-09 
1194.45 8.27493e-09 
1194.46 8.70247e-09 
1194.47 9.14889e-09 
1194.47 9.62093e-09 
1194.48 1.01072e-08 
1194.49 1.06145e-08 
1194.5 1.11433e-08 
1194.51 1.16944e-08 
1194.52 1.22685e-08 
1194.53 1.28662e-08 
1194.54 1.34884e-08 
1194.55 1.41356e-08 
1194.56 1.48088e-08 
1194.57 1.55086e-08 
1194.58 1.62358e-08 
1194.59 1.69912e-08 
1194.6 1.77755e-08 
1194.61 1.8601e-08 
1194.62 1.9446e-08 
1194.63 2.03224e-08 
1194.64 2.12309e-08 
1194.65 2.21722e-08 
1194.66 2.31473e-08 
1194.67 2.41568e-08 
1194.68 2.52016e-08 
1194.69 2.62825e-08 
1194.7 2.74003e-08 
1194.71 2.85557e-08 
1194.72 2.97496e-08 
1194.73 3.09984e-08 
1194.74 3.22719e-08 
1194.75 3.35862e-08 
1194.76 3.49421e-08 
1194.77 3.63401e-08 
1194.78 3.77812e-08 
1194.79 3.92659e-08 
1194.8 4.0795e-08 
1194.81 4.23692e-08 
1194.82 4.39891e-08 
1194.83 4.56554e-08 
1194.84 4.73687e-08 
1194.85 4.91297e-08 
1194.86 5.09389e-08 
1194.87 5.27968e-08 
1194.88 5.47041e-08 
1194.89 5.66613e-08 
1194.9 5.86687e-08 
1194.9 6.0727e-08 
1194.91 6.28365e-08 
1194.92 6.49976e-08 
1194.93 6.72107e-08 
1194.94 6.94762e-08 
1194.95 7.17943e-08 
1194.96 7.41654e-08 
1194.97 7.65896e-08 
1194.98 7.90986e-08 
1194.99 8.16305e-08 
1195 8.42161e-08 
1195.01 8.68556e-08 
1195.02 8.9549e-08 
1195.03 9.22964e-08 
1195.04 9.50977e-08 
1195.05 9.79529e-08 
1195.06 1.00862e-07 
1195.07 1.03825e-07 
1195.08 1.06841e-07 
1195.09 1.09912e-07 
1195.1 1.13035e-07 
1195.11 1.16211e-07 
1195.12 1.19441e-07 
1195.13 1.22722e-07 
1195.14 1.26057e-07 
1195.15 1.29443e-07 
1195.16 1.3288e-07 
1195.17 1.36369e-07 
1195.18 1.39909e-07 
1195.19 1.43499e-07 
1195.2 1.4714e-07 
1195.21 1.50829e-07 
1195.22 1.54569e-07 
1195.23 1.58404e-07 
1195.24 1.62241e-07 
1195.25 1.66126e-07 
1195.26 1.70058e-07 
1195.27 1.74038e-07 
1195.28 1.78064e-07 
1195.29 1.82137e-07 
1195.3 1.86255e-07 
1195.31 1.9042e-07 
1195.32 1.94629e-07 
1195.32 1.98884e-07 
1195.33 2.03185e-07 
1195.34 2.0753e-07 
1195.35 2.11919e-07 
1195.36 2.16354e-07 
1195.37 2.20833e-07 
1195.38 2.25358e-07 
1195.39 2.29927e-07 
1195.4 2.34542e-07 
1195.41 2.39203e-07 
1195.42 2.4391e-07 
1195.43 2.48663e-07 
1195.44 2.53465e-07 
1195.45 2.58314e-07 
1195.46 2.63213e-07 
1195.47 2.68162e-07 
1195.48 2.73225e-07 
1195.49 2.78279e-07 
1195.5 2.83386e-07 
1195.51 2.8855e-07 
1195.52 2.93771e-07 
1195.53 2.99051e-07 
1195.54 3.04394e-07 
1195.55 3.09799e-07 
1195.56 3.15272e-07 
1195.57 3.20813e-07 
1195.58 3.26425e-07 
1195.59 3.32113e-07 
1195.6 3.37878e-07 
1195.61 3.43937e-07 
1195.62 3.49872e-07 
1195.63 3.55896e-07 
1195.64 3.62013e-07 
1195.65 3.68227e-07 
1195.66 3.74543e-07 
1195.67 3.80965e-07 
1195.68 3.87498e-07 
1195.69 3.94148e-07 
1195.7 4.00919e-07 
1195.71 4.07818e-07 
1195.72 4.14849e-07 
1195.73 4.22111e-07 
1195.74 4.29428e-07 
1195.75 4.36898e-07 
1195.75 4.44527e-07 
1195.76 4.5232e-07 
1195.77 4.60287e-07 
1195.78 4.68433e-07 
1195.79 4.76767e-07 
1195.8 4.85295e-07 
1195.81 4.94027e-07 
1195.82 5.0297e-07 
1195.83 5.12132e-07 
1195.84 5.21522e-07 
1195.85 5.31148e-07 
1195.86 5.41019e-07 
1195.87 5.51144e-07 
1195.88 5.61532e-07 
1195.89 5.72191e-07 
1195.9 5.83132e-07 
1195.91 5.94364e-07 
1195.92 6.05895e-07 
1195.93 6.17735e-07 
1195.94 6.29894e-07 
1195.95 6.42381e-07 
1195.96 6.55206e-07 
1195.97 6.68378e-07 
1195.98 6.82078e-07 
1195.99 6.95977e-07 
1196 7.10253e-07 
1196.01 7.24913e-07 
1196.02 7.39968e-07 
1196.03 7.55426e-07 
1196.04 7.71297e-07 
1196.05 7.87589e-07 
1196.06 8.04311e-07 
1196.07 8.21471e-07 
1196.08 8.39079e-07 
1196.09 8.57141e-07 
1196.1 8.75665e-07 
1196.11 8.9466e-07 
1196.12 9.14132e-07 
1196.13 9.34088e-07 
1196.14 9.54534e-07 
1196.15 9.75478e-07 
1196.16 9.96923e-07 
1196.17 1.01888e-06 
1196.17 1.04134e-06 
1196.18 1.06432e-06 
1196.19 1.08783e-06 
1196.2 1.11186e-06 
1196.21 1.13641e-06 
1196.22 1.16182e-06 
1196.23 1.18743e-06 
1196.24 1.21359e-06 
1196.25 1.24028e-06 
1196.26 1.2675e-06 
1196.27 1.29525e-06 
1196.28 1.32353e-06 
1196.29 1.35234e-06 
1196.3 1.38168e-06 
1196.31 1.41154e-06 
1196.32 1.44191e-06 
1196.33 1.4728e-06 
1196.34 1.5042e-06 
1196.35 1.53609e-06 
1196.36 1.56848e-06 
1196.37 1.60135e-06 
1196.38 1.6347e-06 
1196.39 1.66852e-06 
1196.4 1.70279e-06 
1196.41 1.73751e-06 
1196.42 1.77265e-06 
1196.43 1.80822e-06 
1196.44 1.84419e-06 
1196.45 1.88055e-06 
1196.46 1.91728e-06 
1196.47 1.95438e-06 
1196.48 1.99228e-06 
1196.49 2.03005e-06 
1196.5 2.06811e-06 
1196.51 2.10646e-06 
1196.52 2.14508e-06 
1196.53 2.18394e-06 
1196.54 2.22302e-06 
1196.55 2.2623e-06 
1196.56 2.30175e-06 
1196.57 2.34136e-06 
1196.58 2.38109e-06 
1196.59 2.42093e-06 
1196.6 2.46084e-06 
1196.6 2.50234e-06 
1196.61 2.54234e-06 
1196.62 2.58234e-06 
1196.63 2.62231e-06 
1196.64 2.66221e-06 
1196.65 2.70203e-06 
1196.66 2.74172e-06 
1196.67 2.78126e-06 
1196.68 2.82062e-06 
1196.69 2.85976e-06 
1196.7 2.89867e-06 
1196.71 2.9373e-06 
1196.72 2.97562e-06 
1196.73 3.01408e-06 
1196.74 3.05169e-06 
1196.75 3.0889e-06 
1196.76 3.12568e-06 
1196.77 3.162e-06 
1196.78 3.19782e-06 
1196.79 3.23311e-06 
1196.8 3.26784e-06 
1196.81 3.30199e-06 
1196.82 3.33551e-06 
1196.83 3.36838e-06 
1196.84 3.40057e-06 
1196.85 3.43205e-06 
1196.86 3.46278e-06 
1196.87 3.49275e-06 
1196.88 3.52191e-06 
1196.89 3.55025e-06 
1196.9 3.57773e-06 
1196.91 3.60434e-06 
1196.92 3.63003e-06 
1196.93 3.65479e-06 
1196.94 3.67859e-06 
1196.95 3.70141e-06 
1196.96 3.72323e-06 
1196.97 3.74402e-06 
1196.98 3.76399e-06 
1196.99 3.78265e-06 
1197 3.80022e-06 
1197.01 3.81668e-06 
1197.02 3.83201e-06 
1197.03 3.84621e-06 
1197.03 3.85925e-06 
1197.04 3.87111e-06 
1197.05 3.8818e-06 
1197.06 3.89129e-06 
1197.07 3.89957e-06 
1197.08 3.90664e-06 
1197.09 3.91248e-06 
1197.1 3.91709e-06 
1197.11 3.92047e-06 
1197.12 3.9226e-06 
1197.13 3.92349e-06 
1197.14 3.92313e-06 
1197.15 3.92152e-06 
1197.16 3.91867e-06 
1197.17 3.91456e-06 
1197.18 3.90922e-06 
1197.19 3.90263e-06 
1197.2 3.89481e-06 
1197.21 3.88577e-06 
1197.22 3.8755e-06 
1197.23 3.86387e-06 
1197.24 3.85118e-06 
1197.25 3.83729e-06 
1197.26 3.82223e-06 
1197.27 3.80601e-06 
1197.28 3.78863e-06 
1197.29 3.77013e-06 
1197.3 3.7505e-06 
1197.31 3.72978e-06 
1197.32 3.70798e-06 
1197.33 3.68511e-06 
1197.34 3.66121e-06 
1197.35 3.63629e-06 
1197.36 3.61038e-06 
1197.37 3.58349e-06 
1197.38 3.55566e-06 
1197.39 3.5269e-06 
1197.4 3.49724e-06 
1197.41 3.46672e-06 
1197.42 3.43535e-06 
1197.43 3.40316e-06 
1197.44 3.37018e-06 
1197.45 3.33645e-06 
1197.45 3.30198e-06 
1197.46 3.26681e-06 
1197.47 3.23097e-06 
1197.48 3.19403e-06 
1197.49 3.15693e-06 
1197.5 3.11925e-06 
1197.51 3.08102e-06 
1197.52 3.04228e-06 
1197.53 3.00305e-06 
1197.54 2.96336e-06 
1197.55 2.92325e-06 
1197.56 2.88275e-06 
1197.57 2.84189e-06 
1197.58 2.8007e-06 
1197.59 2.75921e-06 
1197.6 2.71745e-06 
1197.61 2.6771e-06 
1197.62 2.63488e-06 
1197.63 2.59248e-06 
1197.64 2.54993e-06 
1197.65 2.50727e-06 
1197.66 2.46452e-06 
1197.67 2.42172e-06 
1197.68 2.37889e-06 
1197.69 2.33605e-06 
1197.7 2.29324e-06 
1197.71 2.25049e-06 
1197.72 2.20781e-06 
1197.73 2.16471e-06 
1197.74 2.12228e-06 
1197.75 2.08e-06 
1197.76 2.0379e-06 
1197.77 1.99601e-06 
1197.78 1.95434e-06 
1197.79 1.91292e-06 
1197.8 1.87177e-06 
1197.81 1.83091e-06 
1197.82 1.79036e-06 
1197.83 1.75014e-06 
1197.84 1.71027e-06 
1197.85 1.67077e-06 
1197.86 1.63164e-06 
1197.87 1.59292e-06 
1197.88 1.55461e-06 
1197.88 1.51673e-06 
1197.89 1.4793e-06 
1197.9 1.44232e-06 
1197.91 1.40581e-06 
1197.92 1.36977e-06 
1197.93 1.33423e-06 
1197.94 1.2992e-06 
1197.95 1.26467e-06 
1197.96 1.23066e-06 
1197.97 1.19718e-06 
1197.98 1.16383e-06 
1197.99 1.13143e-06 
1198 1.09958e-06 
1198.01 1.06828e-06 
1198.02 1.03754e-06 
1198.03 1.00736e-06 
1198.04 9.7774e-07 
1198.05 9.4869e-07 
1198.06 9.20209e-07 
1198.07 8.92299e-07 
1198.08 8.64959e-07 
1198.09 8.38192e-07 
1198.1 8.11995e-07 
1198.11 7.8637e-07 
1198.12 7.61313e-07 
1198.13 7.36825e-07 
1198.14 7.12902e-07 
1198.15 6.89543e-07 
1198.16 6.66744e-07 
1198.17 6.44502e-07 
1198.18 6.22814e-07 
1198.19 6.01675e-07 
1198.2 5.8108e-07 
1198.21 5.61026e-07 
1198.22 5.41508e-07 
1198.23 5.22285e-07 
1198.24 5.03828e-07 
1198.25 4.85889e-07 
1198.26 4.68464e-07 
1198.27 4.51545e-07 
1198.28 4.35127e-07 
1198.29 4.19204e-07 
1198.3 4.03769e-07 
1198.3 3.88814e-07 
1198.31 3.74335e-07 
1198.32 3.60323e-07 
1198.33 3.46773e-07 
1198.34 3.33677e-07 
1198.35 3.21029e-07 
1198.36 3.08821e-07 
1198.37 2.97048e-07 
1198.38 2.85701e-07 
1198.39 2.74776e-07 
1198.4 2.64265e-07 
1198.41 2.54162e-07 
1198.42 2.4446e-07 
1198.43 2.35154e-07 
1198.44 2.26236e-07 
1198.45 2.17703e-07 
1198.46 2.09546e-07 
1198.47 2.01763e-07 
1198.48 1.94255e-07 
1198.49 1.87205e-07 
1198.5 1.80511e-07 
1198.51 1.7417e-07 
1198.52 1.68176e-07 
1198.53 1.62527e-07 
1198.54 1.57218e-07 
1198.55 1.52246e-07 
1198.56 1.47608e-07 
1198.57 1.433e-07 
1198.58 1.3932e-07 
1198.59 1.35667e-07 
1198.6 1.32337e-07 
1198.61 1.2941e-07 
1198.62 1.26724e-07 
1198.63 1.24358e-07 
1198.64 1.22312e-07 
1198.65 1.20587e-07 
1198.66 1.19183e-07 
1198.67 1.18101e-07 
1198.68 1.17341e-07 
1198.69 1.16906e-07 
1198.7 1.16796e-07 
1198.71 1.17016e-07 
1198.72 1.17566e-07 
1198.73 1.18464e-07 
1198.73 1.19691e-07 
1198.74 1.21259e-07 
1198.75 1.23174e-07 
1198.76 1.2544e-07 
1198.77 1.28062e-07 
1198.78 1.31045e-07 
1198.79 1.34396e-07 
1198.8 1.38121e-07 
1198.81 1.42226e-07 
1198.82 1.46718e-07 
1198.83 1.51605e-07 
1198.84 1.56895e-07 
1198.85 1.62596e-07 
1198.86 1.68715e-07 
1198.87 1.75262e-07 
1198.88 1.82246e-07 
1198.89 1.89676e-07 
1198.9 1.97561e-07 
1198.91 2.05911e-07 
1198.92 2.14737e-07 
1198.93 2.24049e-07 
1198.94 2.33856e-07 
1198.95 2.44171e-07 
1198.96 2.55002e-07 
1198.97 2.66362e-07 
1198.98 2.78413e-07 
1198.99 2.9087e-07 
1199 3.03887e-07 
1199.01 3.17478e-07 
1199.02 3.31651e-07 
1199.03 3.4642e-07 
1199.04 3.61794e-07 
1199.05 3.77785e-07 
1199.06 3.94403e-07 
1199.07 4.11658e-07 
1199.08 4.29562e-07 
1199.09 4.48123e-07 
1199.1 4.67353e-07 
1199.11 4.87259e-07 
1199.12 5.07852e-07 
1199.13 5.29139e-07 
1199.14 5.5113e-07 
1199.15 5.73831e-07 
1199.15 5.9725e-07 
1199.16 6.21394e-07 
1199.17 6.46269e-07 
1199.18 6.71879e-07 
1199.19 6.9823e-07 
1199.2 7.25325e-07 
1199.21 7.53168e-07 
1199.22 7.82128e-07 
1199.23 8.11477e-07 
1199.24 8.41582e-07 
1199.25 8.72439e-07 
1199.26 9.04046e-07 
1199.27 9.36401e-07 
1199.28 9.695e-07 
1199.29 1.00334e-06 
1199.3 1.03791e-06 
1199.31 1.07321e-06 
1199.32 1.10923e-06 
1199.33 1.14596e-06 
1199.34 1.1834e-06 
1199.35 1.22151e-06 
1199.36 1.26031e-06 
1199.37 1.29976e-06 
1199.38 1.33987e-06 
1199.39 1.3806e-06 
1199.4 1.42194e-06 
1199.41 1.46387e-06 
1199.42 1.50637e-06 
1199.43 1.54942e-06 
1199.44 1.59299e-06 
1199.45 1.63706e-06 
1199.46 1.68161e-06 
1199.47 1.7266e-06 
1199.48 1.77257e-06 
1199.49 1.81837e-06 
1199.5 1.86452e-06 
1199.51 1.91099e-06 
1199.52 1.95774e-06 
1199.53 2.00475e-06 
1199.54 2.05197e-06 
1199.55 2.09937e-06 
1199.56 2.1469e-06 
1199.57 2.19454e-06 
1199.58 2.24222e-06 
1199.58 2.28993e-06 
1199.59 2.3376e-06 
1199.6 2.3852e-06 
1199.61 2.43419e-06 
1199.62 2.48154e-06 
1199.63 2.52868e-06 
1199.64 2.57558e-06 
1199.65 2.62216e-06 
1199.66 2.6684e-06 
1199.67 2.71425e-06 
1199.68 2.75964e-06 
1199.69 2.80455e-06 
1199.7 2.84891e-06 
1199.71 2.89268e-06 
1199.72 2.93582e-06 
1199.73 2.97879e-06 
1199.74 3.02049e-06 
1199.75 3.0614e-06 
1199.76 3.10148e-06 
1199.77 3.14069e-06 
1199.78 3.17897e-06 
1199.79 3.21628e-06 
1199.8 3.25257e-06 
1199.81 3.28781e-06 
1199.82 3.32194e-06 
1199.83 3.35492e-06 
1199.84 3.38672e-06 
1199.85 3.4173e-06 
1199.86 3.44661e-06 
1199.87 3.47462e-06 
1199.88 3.50129e-06 
1199.89 3.52659e-06 
1199.9 3.55048e-06 
1199.91 3.57294e-06 
1199.92 3.59394e-06 
1199.93 3.61344e-06 
1199.94 3.63143e-06 
1199.95 3.64788e-06 
1199.96 3.66276e-06 
1199.97 3.67606e-06 
1199.98 3.68789e-06 
1199.99 3.69797e-06 
1200 3.70641e-06 
1200.01 3.7132e-06 
1200.01 3.71835e-06 
1200.02 3.72184e-06 
1200.03 3.72367e-06 
1200.04 3.72384e-06 
1200.05 3.72234e-06 
1200.06 3.71918e-06 
1200.07 3.71436e-06 
1200.08 3.70789e-06 
1200.09 3.69978e-06 
1200.1 3.69004e-06 
1200.11 3.67868e-06 
1200.12 3.66572e-06 
1200.13 3.65117e-06 
1200.14 3.63505e-06 
1200.15 3.61739e-06 
1200.16 3.5982e-06 
1200.17 3.57752e-06 
1200.18 3.55537e-06 
1200.19 3.53177e-06 
1200.2 3.50677e-06 
1200.21 3.48039e-06 
1200.22 3.45266e-06 
1200.23 3.42325e-06 
1200.24 3.39292e-06 
1200.25 3.36136e-06 
1200.26 3.32861e-06 
1200.27 3.2947e-06 
1200.28 3.25968e-06 
1200.29 3.2236e-06 
1200.3 3.18648e-06 
1200.31 3.14839e-06 
1200.32 3.10937e-06 
1200.33 3.06945e-06 
1200.34 3.0287e-06 
1200.35 2.98715e-06 
1200.36 2.94485e-06 
1200.37 2.90186e-06 
1200.38 2.85821e-06 
1200.39 2.81397e-06 
1200.4 2.76917e-06 
1200.41 2.72386e-06 
1200.42 2.67811e-06 
1200.43 2.63194e-06 
1200.43 2.58541e-06 
1200.44 2.53858e-06 
1200.45 2.49147e-06 
1200.46 2.44415e-06 
1200.47 2.39666e-06 
1200.48 2.34844e-06 
1200.49 2.30074e-06 
1200.5 2.25299e-06 
1200.51 2.20526e-06 
1200.52 2.15757e-06 
1200.53 2.10996e-06 
1200.54 2.06249e-06 
1200.55 2.01519e-06 
1200.56 1.96808e-06 
1200.57 1.92123e-06 
1200.58 1.87465e-06 
1200.59 1.82838e-06 
1200.6 1.78245e-06 
1200.61 1.73798e-06 
1200.62 1.69281e-06 
1200.63 1.64808e-06 
1200.64 1.60382e-06 
1200.65 1.56004e-06 
1200.66 1.51679e-06 
1200.67 1.47407e-06 
1200.68 1.43192e-06 
1200.69 1.39035e-06 
1200.7 1.34939e-06 
1200.71 1.30904e-06 
1200.72 1.26934e-06 
1200.73 1.2298e-06 
1200.74 1.19143e-06 
1200.75 1.15374e-06 
1200.76 1.11674e-06 
1200.77 1.08045e-06 
1200.78 1.04487e-06 
1200.79 1.01001e-06 
1200.8 9.75871e-07 
1200.81 9.42468e-07 
1200.82 9.09803e-07 
1200.83 8.77877e-07 
1200.84 8.46693e-07 
1200.85 8.16252e-07 
1200.85 7.86554e-07 
1200.86 7.57598e-07 
1200.87 7.29382e-07 
1200.88 7.01903e-07 
1200.89 6.75157e-07 
1200.9 6.4914e-07 
1200.91 6.23848e-07 
1200.92 5.99272e-07 
1200.93 5.75408e-07 
1200.94 5.52247e-07 
1200.95 5.29782e-07 
1200.96 5.08003e-07 
1200.97 4.86902e-07 
1200.98 4.66218e-07 
1200.99 4.46451e-07 
1201 4.27331e-07 
1201.01 4.08847e-07 
1201.02 3.90988e-07 
1201.03 3.73742e-07 
1201.04 3.57097e-07 
1201.05 3.41041e-07 
1201.06 3.25562e-07 
1201.07 3.10646e-07 
1201.08 2.96281e-07 
1201.09 2.82454e-07 
1201.1 2.69152e-07 
1201.11 2.56362e-07 
1201.12 2.44071e-07 
1201.13 2.32265e-07 
1201.14 2.20931e-07 
1201.15 2.10057e-07 
1201.16 1.99628e-07 
1201.17 1.89633e-07 
1201.18 1.80058e-07 
1201.19 1.70889e-07 
1201.2 1.62115e-07 
1201.21 1.53723e-07 
1201.22 1.457e-07 
1201.23 1.37941e-07 
1201.24 1.30624e-07 
1201.25 1.2364e-07 
1201.26 1.16978e-07 
1201.27 1.10624e-07 
1201.28 1.0457e-07 
1201.28 9.88019e-08 
1201.29 9.33107e-08 
1201.3 8.80854e-08 
1201.31 8.31154e-08 
1201.32 7.83909e-08 
1201.33 7.39019e-08 
1201.34 6.96388e-08 
1201.35 6.55923e-08 
1201.36 6.17534e-08 
1201.37 5.81131e-08 
1201.38 5.46631e-08 
1201.39 5.13948e-08 
1201.4 4.83004e-08 
1201.41 4.5372e-08 
1201.42 4.26021e-08 
1201.43 3.99835e-08 
1201.44 3.7509e-08 
1201.45 3.5172e-08 
1201.46 3.29658e-08 
1201.47 3.08842e-08 
1201.48 2.88973e-08 
1201.49 2.70483e-08 
1201.5 2.53063e-08 
1201.51 2.36659e-08 
1201.52 2.21219e-08 
1201.53 2.06694e-08 
1201.54 1.93037e-08 
1201.55 1.80201e-08 
1201.56 1.68144e-08 
1201.57 1.56824e-08 
1201.58 1.462e-08 
1201.59 1.36235e-08 
1201.6 1.26893e-08 
1201.61 1.18211e-08 
1201.62 1.10006e-08 
1201.63 1.02325e-08 
1201.64 9.51377e-09 
1201.65 8.84158e-09 
1201.66 8.21321e-09 
1201.67 7.62609e-09 
1201.68 7.07778e-09 
1201.69 6.56595e-09 
1201.7 6.08842e-09 
1201.7 5.6431e-09 
1201.71 5.22801e-09 
1201.72 4.83662e-09 
1201.73 4.47683e-09 
1201.74 4.14195e-09 
1201.75 3.8304e-09 
1201.76 3.54071e-09 
1201.77 3.27146e-09 
1201.78 3.02134e-09 
1201.79 2.7891e-09 
1201.8 2.57355e-09 
1201.81 2.37361e-09 
1201.82 2.18822e-09 
1201.83 2.0164e-09 
1201.84 1.85725e-09 
1201.85 1.7099e-09 
1201.86 1.57353e-09 
1201.87 1.44739e-09 
1201.88 1.33077e-09 
1201.89 1.223e-09 
1201.9 1.12345e-09 
1201.91 1.03155e-09 
1201.92 9.4674e-10 
1201.93 8.68515e-10 
1201.94 7.96398e-10 
1201.95 7.29943e-10 
1201.96 6.68734e-10 
1201.97 6.12384e-10 
1201.98 5.5991e-10 
1201.99 5.12269e-10 
1202 4.68472e-10 
1202.01 4.28229e-10 
1202.02 3.91267e-10 
1202.03 3.57336e-10 
1202.04 3.26202e-10 
1202.05 2.97647e-10 
1202.06 2.71471e-10 
1202.07 2.47486e-10 
1202.08 2.25519e-10 
1202.09 2.0541e-10 
1202.1 1.87011e-10 
1202.11 1.70184e-10 
1202.12 1.54802e-10 
1202.13 1.40747e-10 
1202.13 1.27911e-10 
1202.14 1.16194e-10 
1202.15 1.05502e-10 
1202.16 9.57522e-11 
1202.17 8.68643e-11 
1202.18 7.87662e-11 
1202.19 7.13911e-11 
1202.2 6.46777e-11 
1202.21 5.85694e-11 
1202.22 5.29512e-11 
1202.23 4.79045e-11 
1202.24 4.33219e-11 
1202.25 3.91602e-11 
1202.26 3.53825e-11 
1202.27 3.19549e-11 
1202.28 2.88465e-11 
1202.29 2.60288e-11 
1202.3 2.34759e-11 
1202.31 2.11638e-11 
1202.32 1.9071e-11 
1202.33 1.71774e-11 
1202.34 1.5465e-11 
1202.35 1.3917e-11 
1202.36 1.25184e-11 
1202.37 1.12553e-11 
1202.38 1.01151e-11 
1202.39 9.08641e-12 
1202.4 8.15866e-12 
1202.41 7.32236e-12 
1202.42 6.56885e-12 
1202.43 5.89025e-12 
1202.44 5.27939e-12 
1202.45 4.72977e-12 
1202.46 4.23547e-12 
1202.47 3.79114e-12 
1202.48 3.38718e-12 
1202.49 3.02911e-12 
1202.5 2.70769e-12 
1202.51 2.41929e-12 
1202.52 2.16064e-12 
1202.53 1.92879e-12 
1202.54 1.72104e-12 
1202.55 1.53499e-12 
1202.56 1.36843e-12 
1202.56 1.2194e-12 
1202.57 1.08612e-12 
1202.58 9.66975e-13 
1202.59 8.60514e-13 
1202.6 7.65431e-13 
1202.61 6.80969e-13 
1202.62 6.05184e-13 
1202.63 5.37593e-13 
1202.64 4.77338e-13 
1202.65 4.23647e-13 
1202.66 3.75827e-13 
1202.67 3.33256e-13 
1202.68 2.95375e-13 
1202.69 2.61683e-13 
1202.7 2.31731e-13 
1202.71 2.05115e-13 
1202.72 1.81475e-13 
1202.73 1.60241e-13 
1202.74 1.41646e-13 
1202.75 1.25152e-13 
1202.76 1.1053e-13 
1202.77 9.75722e-14 
1202.78 8.60952e-14 
1202.79 7.59342e-14 
1202.8 6.69425e-14 
1202.81 5.89892e-14 
1202.82 5.19576e-14 
1202.83 4.57437e-14 
1202.84 4.0255e-14 
1202.85 3.54091e-14 
1202.86 3.11325e-14 
1202.87 2.73603e-14 
1202.88 2.40344e-14 
1202.89 2.11033e-14 
1202.9 1.85214e-14 
1202.91 1.62482e-14 
1202.92 1.42476e-14 
1202.93 1.24877e-14 
1202.94 1.09403e-14 
1202.95 9.58039e-15 
1202.96 8.38577e-15 
1202.97 7.33683e-15 
1202.98 6.41623e-15 
1202.98 5.59919e-15 
1202.99 4.89222e-15 
1203 4.27261e-15 
1203.01 3.7298e-15 
1203.02 3.2545e-15 
1203.03 2.8385e-15 
1203.04 2.47457e-15 
1203.05 2.15633e-15 
1203.06 1.87818e-15 
1203.07 1.63518e-15 
1203.08 1.42298e-15 
1203.09 1.23777e-15 
1203.1 1.07618e-15 
1203.11 9.35273e-16 
1203.12 8.12449e-16 
1203.13 7.0544e-16 
1203.14 6.12251e-16 
1203.15 5.31135e-16 
1203.16 4.60561e-16 
1203.17 3.99185e-16 
1203.18 3.45834e-16 
1203.19 2.9948e-16 
1203.2 2.59222e-16 
1203.21 2.24276e-16 
1203.22 1.93955e-16 
1203.23 1.67352e-16 
1203.24 1.44597e-16 
1203.25 1.24879e-16 
1203.26 1.07803e-16 
1203.27 9.30194e-17 
1203.28 8.02276e-17 
1203.29 6.9164e-17 
1203.3 5.95995e-17 
1203.31 5.13346e-17 
1203.32 4.41962e-17 
1203.33 3.80333e-17 
1203.34 3.27153e-17 
1203.35 2.81282e-17 
1203.36 2.41735e-17 
1203.37 2.07656e-17 
1203.38 1.78301e-17 
1203.39 1.53027e-17 
1203.4 1.31277e-17 
1203.41 1.12569e-17 
1203.41 9.6483e-18 
1203.42 8.2659e-18 
1203.43 7.0784e-18 
1203.44 6.05879e-18 
1203.45 5.18374e-18 
1203.46 4.43309e-18 
1203.47 3.78944e-18 
1203.48 3.23143e-18 
1203.49 2.75977e-18 
1203.5 2.3559e-18 
1203.51 2.01024e-18 
1203.52 1.71452e-18 
1203.53 1.46166e-18 
1203.54 1.24553e-18 
1203.55 1.06088e-18 
1203.56 9.03207e-19 
1203.57 7.68622e-19 
1203.58 6.53799e-19 
1203.59 5.55881e-19 
1203.6 4.72417e-19 
1203.61 4.01552e-19 
1203.62 3.40955e-19 
1203.63 2.89373e-19 
1203.64 2.45485e-19 
1203.65 2.08161e-19 
1203.66 1.76432e-19 
1203.67 1.49473e-19 
1203.68 1.26577e-19 
1203.69 1.0714e-19 
1203.7 9.0647e-20 
1203.71 7.66588e-20 
1203.72 6.48003e-20 
1203.73 5.46363e-20 
1203.74 4.6143e-20 
1203.75 3.89525e-20 
1203.76 3.28679e-20 
1203.77 2.77213e-20 
1203.78 2.33701e-20 
1203.79 1.96931e-20 
1203.8 1.65873e-20 
1203.81 1.3965e-20 
1203.82 1.1752e-20 
1203.83 9.88528e-21 
1203.83 8.31137e-21 
1203.84 6.98493e-21 
1203.85 5.86755e-21 
1203.86 4.92673e-21 
1203.87 4.1349e-21 
1203.88 3.46879e-21 
1203.89 2.90869e-21 
1203.9 2.43794e-21 
1203.91 2.04246e-21 
1203.92 1.71037e-21 
1203.93 1.43164e-21 
1203.94 1.19779e-21 
1203.95 1.0017e-21 
1203.96 8.37329e-22 
1203.97 6.99621e-22 
1203.98 5.82983e-22 
1203.99 4.86667e-22 
1204 4.06082e-22 
1204.01 3.38689e-22 
1204.02 2.82354e-22 
1204.03 2.35285e-22 
1204.04 1.95975e-22 
1204.05 1.63159e-22 
1204.06 1.35778e-22 
1204.07 1.12941e-22 
1204.08 9.39033e-23 
1204.09 7.80398e-23 
1204.1 6.48272e-23 
1204.11 5.38275e-23 
1204.12 4.46742e-23 
1204.13 3.70609e-23 
1204.14 3.07313e-23 
1204.15 2.54713e-23 
1204.16 2.11022e-23 
1204.17 1.74747e-23 
1204.18 1.44643e-23 
1204.19 1.19672e-23 
1204.2 9.89677e-24 
1204.21 8.18088e-24 
1204.22 6.75946e-24 
1204.23 5.56917e-24 
1204.24 4.5974e-24 
1204.25 3.79349e-24 
1204.26 3.12877e-24 
1204.26 2.57936e-24 
1204.27 2.12548e-24 
1204.28 1.75069e-24 
1204.29 1.44134e-24 
1204.3 1.18612e-24 
1204.31 9.7566e-25 
1204.32 8.02183e-25 
1204.33 6.59256e-25 
1204.34 5.41553e-25 
1204.35 4.44666e-25 
1204.36 3.64949e-25 
1204.37 2.9939e-25 
1204.38 2.45498e-25 
1204.39 2.01217e-25 
1204.4 1.64849e-25 
1204.41 1.34994e-25 
1204.42 1.10497e-25 
1204.43 9.04044e-26 
1204.44 7.39325e-26 
1204.45 6.04349e-26 
1204.46 4.93794e-26 
1204.47 4.03283e-26 
1204.48 3.2838e-26 
1204.49 2.67948e-26 
1204.5 2.18539e-26 
1204.51 1.78162e-26 
1204.52 1.4518e-26 
1204.53 1.1825e-26 
1204.54 9.62732e-27 
1204.55 7.83456e-27 
1204.56 6.37278e-27 
1204.57 5.18144e-27 
1204.58 4.21092e-27 
1204.59 3.42066e-27 
1204.6 2.77746e-27 
1204.61 2.2542e-27 
1204.62 1.82982e-27 
1204.63 1.48377e-27 
1204.64 1.20262e-27 
1204.65 9.74307e-28 
1204.66 7.88987e-28 
1204.67 6.38631e-28 
1204.68 5.16697e-28 
1204.68 4.17857e-28 
1204.69 3.37774e-28 
1204.7 2.72916e-28 
1204.71 2.20414e-28 
1204.72 1.77456e-28 
1204.73 1.43189e-28 
1204.74 1.15488e-28 
1204.75 9.31036e-29 
1204.76 7.50246e-29 
1204.77 6.04291e-29 
1204.78 4.86514e-29 
1204.79 3.91516e-29 
1204.8 3.14927e-29 
1204.81 2.53208e-29 
1204.82 2.03493e-29 
1204.83 1.63466e-29 
1204.84 1.31254e-29 
1204.85 1.05342e-29 
1204.86 8.45082e-30 
1204.87 6.77643e-30 
1204.88 5.43136e-30 
1204.89 4.35134e-30 
1204.9 3.48452e-30 
1204.91 2.78913e-30 
1204.92 2.23152e-30 
1204.93 1.78459e-30 
1204.94 1.42653e-30 
1204.95 1.13981e-30 
1204.96 9.10305e-31 
1204.97 7.26689e-31 
1204.98 5.78215e-31 
1204.99 4.61169e-31 
1205 3.67652e-31 
1205.01 2.92967e-31 
1205.02 2.3335e-31 
1205.03 1.85782e-31 
1205.04 1.47844e-31 
1205.05 1.17601e-31 
1205.06 9.35022e-32 
1205.07 7.43088e-32 
1205.08 5.90289e-32 
1205.09 4.687e-32 
1205.1 3.7199e-32 
1205.11 2.95102e-32 
1205.11 2.34003e-32 
1205.12 1.8547e-32 
1205.13 1.46938e-32 
1205.14 1.16359e-32 
1205.15 9.21025e-33 
1205.16 7.28701e-33 
1205.17 5.76279e-33 
1205.18 4.55535e-33 
1205.19 3.5993e-33 
1205.2 2.84262e-33 
1205.21 2.24402e-33 
1205.22 1.76601e-33 
1205.23 1.39241e-33 
1205.24 1.09772e-33 
1205.25 8.65007e-34 
1205.26 6.81325e-34 
1205.27 5.36407e-34 
1205.28 4.22125e-34 
1205.29 3.32042e-34 
1205.3 2.61066e-34 
1205.31 2.05171e-34 
1205.32 1.6117e-34 
1205.33 1.2655e-34 
1205.34 9.93215e-35 
1205.35 7.79167e-35 
1205.36 6.10977e-35 
1205.37 4.78877e-35 
1205.38 3.75171e-35 
1205.39 2.93793e-35 
1205.4 2.29963e-35 
1205.41 1.79921e-35 
1205.42 1.40706e-35 
1205.43 1.09988e-35 
1205.44 8.59385e-36 
1205.45 6.71174e-36 
1205.46 5.23948e-36 
1205.47 4.08834e-36 
1205.48 3.17991e-36 
1205.49 2.47816e-36 
1205.5 1.9311e-36 
1205.51 1.50413e-36 
1205.52 1.17104e-36 
1205.53 9.11302e-37 
1205.54 7.0886e-37 
1205.54 5.51143e-37 
1205.55 4.28326e-37 
1205.56 3.32729e-37 
1205.57 2.58352e-37 
1205.58 2.00512e-37 
1205.59 1.55551e-37 
1205.6 1.20618e-37 
1205.61 9.35457e-38 
1205.62 7.24729e-38 
1205.63 5.61219e-38 
1205.64 4.34406e-38 
1205.65 3.36097e-38 
1205.66 2.5992e-38 
1205.67 2.00919e-38 
1205.68 1.55242e-38 
1205.69 1.19895e-38 
1205.7 9.2555e-39 
1205.71 7.14175e-39 
1205.72 5.50827e-39 
1205.73 4.23271e-39 
1205.74 3.26166e-39 
1205.75 2.51226e-39 
1205.76 1.93418e-39 
1205.77 1.48845e-39 
1205.78 1.14493e-39 
1205.79 8.80293e-40 
1205.8 6.76524e-40 
1205.81 5.19691e-40 
1205.82 3.99037e-40 
1205.83 3.06257e-40 
1205.84 2.34946e-40 
1205.85 1.80158e-40 
1205.86 1.38083e-40 
1205.87 1.0579e-40 
1205.88 8.10119e-41 
1205.89 6.20075e-41 
1205.9 4.74424e-41 
1205.91 3.6281e-41 
1205.92 2.77331e-41 
1205.93 2.11904e-41 
1205.94 1.61836e-41 
1205.95 1.23552e-41 
1205.96 9.42653e-42 
1205.96 7.19006e-42 
1205.97 5.48188e-42 
1205.98 4.16186e-42 
1205.99 3.17114e-42 
1206 2.41444e-42 
1206.01 1.8371e-42 
1206.02 1.39709e-42 
1206.03 1.06218e-42 
1206.04 8.07148e-43 
1206.05 6.13769e-43 
1206.06 4.66632e-43 
1206.07 3.53127e-43 
1206.08 2.67648e-43 
1206.09 2.03188e-43 
1206.1 1.54143e-43 
1206.11 1.16308e-43 
1206.12 8.82818e-44 
1206.13 6.5861e-44 
1206.14 5.04467e-44 
1206.15 3.78351e-44 
1206.16 2.94273e-44 
1206.17 2.24208e-44 
1206.18 1.68156e-44 
1206.19 1.26117e-44 
1206.2 8.40779e-45 
1206.21 7.00649e-45 
1206.22 5.60519e-45 
1206.23 4.2039e-45 
1206.24 2.8026e-45 
1206.25 2.8026e-45 
1206.26 2.8026e-45 
1206.27 1.4013e-45 
1206.28 1.4013e-45 
1206.29 1.4013e-45 
1206.3 0 
1206.31 0 
1206.32 0 
1206.33 0 
1206.34 0 
1206.35 0 
1206.36 0 
1206.37 0 
1206.38 0 
1206.39 0 
1206.39 0 
1206.4 0 
1206.41 0 
1206.42 0 
1206.43 0 
1206.44 0 
1206.45 0 
1206.46 0 
1206.47 0 
1206.48 0 
1206.49 0 
1206.5 0 
1206.51 0 
1206.52 0 
1206.53 0 
1206.54 0 
1206.55 0 
1206.56 0 
1206.57 0 
1206.58 0 
1206.59 0 
1206.6 0 
