#energy geo_1 
1186.6 0 
1186.61 0 
1186.62 0 
1186.63 0 
1186.64 0 
1186.65 0 
1186.66 0 
1186.67 0 
1186.68 0 
1186.69 0 
1186.7 0 
1186.71 0 
1186.72 0 
1186.73 0 
1186.74 0 
1186.75 0 
1186.76 0 
1186.77 0 
1186.78 0 
1186.79 0 
1186.8 0 
1186.81 0 
1186.81 0 
1186.82 0 
1186.83 0 
1186.84 0 
1186.85 0 
1186.86 0 
1186.87 0 
1186.88 0 
1186.89 0 
1186.9 0 
1186.91 0 
1186.92 0 
1186.93 0 
1186.94 0 
1186.95 0 
1186.96 0 
1186.97 0 
1186.98 0 
1186.99 0 
1187 0 
1187.01 0 
1187.02 0 
1187.03 0 
1187.04 0 
1187.05 0 
1187.06 0 
1187.07 0 
1187.08 0 
1187.09 0 
1187.1 0 
1187.11 0 
1187.12 0 
1187.13 0 
1187.14 0 
1187.15 0 
1187.16 0 
1187.17 0 
1187.18 0 
1187.19 0 
1187.2 0 
1187.21 0 
1187.22 0 
1187.23 0 
1187.24 0 
1187.24 0 
1187.25 0 
1187.26 0 
1187.27 0 
1187.28 0 
1187.29 0 
1187.3 0 
1187.31 0 
1187.32 0 
1187.33 0 
1187.34 0 
1187.35 0 
1187.36 0 
1187.37 0 
1187.38 0 
1187.39 0 
1187.4 0 
1187.41 0 
1187.42 0 
1187.43 0 
1187.44 0 
1187.45 0 
1187.46 0 
1187.47 0 
1187.48 0 
1187.49 0 
1187.5 0 
1187.51 0 
1187.52 0 
1187.53 0 
1187.54 0 
1187.55 0 
1187.56 0 
1187.57 0 
1187.58 0 
1187.59 0 
1187.6 0 
1187.61 0 
1187.62 0 
1187.63 0 
1187.64 0 
1187.65 0 
1187.66 0 
1187.66 0 
1187.67 0 
1187.68 0 
1187.69 0 
1187.7 0 
1187.71 0 
1187.72 0 
1187.73 0 
1187.74 0 
1187.75 0 
1187.76 0 
1187.77 0 
1187.78 0 
1187.79 0 
1187.8 0 
1187.81 0 
1187.82 0 
1187.83 0 
1187.84 0 
1187.85 0 
1187.86 0 
1187.87 0 
1187.88 0 
1187.89 0 
1187.9 0 
1187.91 0 
1187.92 0 
1187.93 0 
1187.94 0 
1187.95 0 
1187.96 0 
1187.97 0 
1187.98 0 
1187.99 0 
1188 0 
1188.01 0 
1188.02 0 
1188.03 0 
1188.04 0 
1188.05 0 
1188.06 0 
1188.07 0 
1188.08 0 
1188.09 0 
1188.09 0 
1188.1 0 
1188.11 0 
1188.12 0 
1188.13 0 
1188.14 0 
1188.15 0 
1188.16 0 
1188.17 0 
1188.18 0 
1188.19 0 
1188.2 0 
1188.21 0 
1188.22 0 
1188.23 0 
1188.24 0 
1188.25 0 
1188.26 0 
1188.27 0 
1188.28 0 
1188.29 0 
1188.3 0 
1188.31 0 
1188.32 0 
1188.33 0 
1188.34 0 
1188.35 0 
1188.36 0 
1188.37 0 
1188.38 0 
1188.39 0 
1188.4 0 
1188.41 0 
1188.42 0 
1188.43 0 
1188.44 0 
1188.45 0 
1188.46 0 
1188.47 0 
1188.48 0 
1188.49 0 
1188.5 0 
1188.51 0 
1188.52 0 
1188.52 0 
1188.53 0 
1188.54 0 
1188.55 0 
1188.56 0 
1188.57 0 
1188.58 0 
1188.59 0 
1188.6 0 
1188.61 0 
1188.62 0 
1188.63 0 
1188.64 0 
1188.65 0 
1188.66 0 
1188.67 0 
1188.68 0 
1188.69 0 
1188.7 0 
1188.71 0 
1188.72 1.4013e-45 
1188.73 1.4013e-45 
1188.74 1.4013e-45 
1188.75 1.4013e-45 
1188.76 2.8026e-45 
1188.77 2.8026e-45 
1188.78 2.8026e-45 
1188.79 4.2039e-45 
1188.8 5.60519e-45 
1188.81 8.40779e-45 
1188.82 1.12104e-44 
1188.83 1.4013e-44 
1188.84 1.82169e-44 
1188.85 2.38221e-44 
1188.86 3.22299e-44 
1188.87 4.2039e-44 
1188.88 5.46506e-44 
1188.89 7.28675e-44 
1188.9 9.66896e-44 
1188.91 1.27518e-43 
1188.92 1.65353e-43 
1188.93 2.17201e-43 
1188.94 2.85865e-43 
1188.94 3.75548e-43 
1188.95 4.91856e-43 
1188.96 6.44597e-43 
1188.97 8.44983e-43 
1188.98 1.11263e-42 
1188.99 1.45455e-42 
1189 1.90296e-42 
1189.01 2.48871e-42 
1189.02 3.25241e-42 
1189.03 4.24874e-42 
1189.04 5.54634e-42 
1189.05 7.23631e-42 
1189.06 9.43915e-42 
1189.07 1.2302e-41 
1189.08 1.60281e-41 
1189.09 2.08723e-41 
1189.1 2.7167e-41 
1189.11 3.53393e-41 
1189.12 4.59486e-41 
1189.13 5.97135e-41 
1189.14 7.75591e-41 
1189.15 1.00692e-40 
1189.16 1.30654e-40 
1189.17 1.69445e-40 
1189.18 2.19641e-40 
1189.19 2.84563e-40 
1189.2 3.68488e-40 
1189.21 4.76919e-40 
1189.22 6.16945e-40 
1189.23 8.0024e-40 
1189.24 1.03413e-39 
1189.25 1.33571e-39 
1189.26 1.72435e-39 
1189.27 2.22494e-39 
1189.28 2.86939e-39 
1189.29 3.69862e-39 
1189.3 4.76507e-39 
1189.31 6.13588e-39 
1189.32 7.89703e-39 
1189.33 1.01585e-38 
1189.34 1.30609e-38 
1189.35 1.67841e-38 
1189.36 2.15575e-38 
1189.36 2.76745e-38 
1189.37 3.55091e-38 
1189.38 4.55384e-38 
1189.39 5.83707e-38 
1189.4 7.47809e-38 
1189.41 9.5756e-38 
1189.42 1.22552e-37 
1189.43 1.56766e-37 
1189.44 2.0043e-37 
1189.45 2.56126e-37 
1189.46 3.27132e-37 
1189.47 4.17609e-37 
1189.48 5.34464e-37 
1189.49 6.81586e-37 
1189.5 8.68765e-37 
1189.51 1.10678e-36 
1189.52 1.40929e-36 
1189.53 1.79358e-36 
1189.54 2.28148e-36 
1189.55 2.90063e-36 
1189.56 3.68592e-36 
1189.57 4.68144e-36 
1189.58 5.9428e-36 
1189.59 7.54018e-36 
1189.6 9.56206e-36 
1189.61 1.21274e-35 
1189.62 1.53637e-35 
1189.63 1.94537e-35 
1189.64 2.462e-35 
1189.65 3.11423e-35 
1189.66 3.93726e-35 
1189.67 4.97525e-35 
1189.68 6.28369e-35 
1189.69 7.9322e-35 
1189.7 1.00081e-34 
1189.71 1.26208e-34 
1189.72 1.59076e-34 
1189.73 2.00979e-34 
1189.74 2.53058e-34 
1189.75 3.1847e-34 
1189.76 4.00587e-34 
1189.77 5.03621e-34 
1189.78 6.32833e-34 
1189.79 7.94792e-34 
1189.79 9.97692e-34 
1189.8 1.25175e-33 
1189.81 1.56971e-33 
1189.82 1.96743e-33 
1189.83 2.46466e-33 
1189.84 3.08599e-33 
1189.85 3.86198e-33 
1189.86 4.83064e-33 
1189.87 6.03918e-33 
1189.88 7.54624e-33 
1189.89 9.42458e-33 
1189.9 1.17645e-32 
1189.91 1.46778e-32 
1189.92 1.83033e-32 
1189.93 2.28126e-32 
1189.94 2.84184e-32 
1189.95 3.53838e-32 
1189.96 4.40339e-32 
1189.97 5.47708e-32 
1189.98 6.82763e-32 
1189.99 8.48372e-32 
1190 1.05361e-31 
1190.01 1.30784e-31 
1190.02 1.62259e-31 
1190.03 2.01206e-31 
1190.04 2.49374e-31 
1190.05 3.08917e-31 
1190.06 3.82481e-31 
1190.07 4.73322e-31 
1190.08 5.8544e-31 
1190.09 7.23748e-31 
1190.1 8.94274e-31 
1190.11 1.10442e-30 
1190.12 1.36325e-30 
1190.13 1.68188e-30 
1190.14 2.07392e-30 
1190.15 2.55606e-30 
1190.16 3.14867e-30 
1190.17 3.8767e-30 
1190.18 4.77064e-30 
1190.19 5.86772e-30 
1190.2 7.21341e-30 
1190.21 8.86322e-30 
1190.21 1.08848e-29 
1190.22 1.33949e-29 
1190.23 1.64333e-29 
1190.24 2.01506e-29 
1190.25 2.46961e-29 
1190.26 3.02517e-29 
1190.27 3.70381e-29 
1190.28 4.53239e-29 
1190.29 5.5435e-29 
1190.3 6.77673e-29 
1190.31 8.28009e-29 
1190.32 1.01118e-28 
1190.33 1.23424e-28 
1190.34 1.50575e-28 
1190.35 1.83604e-28 
1190.36 2.23764e-28 
1190.37 2.7257e-28 
1190.38 3.31852e-28 
1190.39 4.03822e-28 
1190.4 4.91149e-28 
1190.41 5.97058e-28 
1190.42 7.25434e-28 
1190.43 8.80965e-28 
1190.44 1.0693e-27 
1190.45 1.29723e-27 
1190.46 1.57294e-27 
1190.47 1.90629e-27 
1190.48 2.31463e-27 
1190.49 2.80229e-27 
1190.5 3.39096e-27 
1190.51 4.10119e-27 
1190.52 4.95767e-27 
1190.53 5.98995e-27 
1190.54 7.23349e-27 
1190.55 8.73074e-27 
1190.56 1.05325e-26 
1190.57 1.26997e-26 
1190.58 1.5305e-26 
1190.59 1.84354e-26 
1190.6 2.21948e-26 
1190.61 2.67237e-26 
1190.62 3.21404e-26 
1190.63 3.86354e-26 
1190.64 4.64193e-26 
1190.64 5.57429e-26 
1190.65 6.69053e-26 
1190.66 8.02619e-26 
1190.67 9.6236e-26 
1190.68 1.15331e-25 
1190.69 1.38143e-25 
1190.7 1.65384e-25 
1190.71 1.97896e-25 
1190.72 2.36679e-25 
1190.73 2.83549e-25 
1190.74 3.3877e-25 
1190.75 4.04539e-25 
1190.76 4.82831e-25 
1190.77 5.75982e-25 
1190.78 6.86754e-25 
1190.79 8.18412e-25 
1190.8 9.74814e-25 
1190.81 1.16051e-24 
1190.82 1.38089e-24 
1190.83 1.64227e-24 
1190.84 1.95213e-24 
1190.85 2.31928e-24 
1190.86 2.75408e-24 
1190.87 3.26872e-24 
1190.88 3.87755e-24 
1190.89 4.59745e-24 
1190.9 5.44822e-24 
1190.91 6.45315e-24 
1190.92 7.63954e-24 
1190.93 9.03945e-24 
1190.94 1.06904e-23 
1190.95 1.26365e-23 
1190.96 1.49292e-23 
1190.97 1.7629e-23 
1190.98 2.08494e-23 
1190.99 2.45945e-23 
1191 2.89976e-23 
1191.01 3.41715e-23 
1191.02 4.02481e-23 
1191.03 4.73811e-23 
1191.04 5.57498e-23 
1191.05 6.55633e-23 
1191.06 7.7065e-23 
1191.07 9.05383e-23 
1191.07 1.06313e-22 
1191.08 1.24773e-22 
1191.09 1.46363e-22 
1191.1 1.71601e-22 
1191.11 2.0109e-22 
1191.12 2.35525e-22 
1191.13 2.75718e-22 
1191.14 3.22604e-22 
1191.15 3.77272e-22 
1191.16 4.40979e-22 
1191.17 5.15181e-22 
1191.18 6.01562e-22 
1191.19 7.02069e-22 
1191.2 8.18952e-22 
1191.21 9.54807e-22 
1191.22 1.11263e-21 
1191.23 1.29835e-21 
1191.24 1.51142e-21 
1191.25 1.75855e-21 
1191.26 2.04504e-21 
1191.27 2.377e-21 
1191.28 2.76144e-21 
1191.29 3.20642e-21 
1191.3 3.72121e-21 
1191.31 4.31645e-21 
1191.32 5.00436e-21 
1191.33 5.79894e-21 
1191.34 6.71626e-21 
1191.35 7.77474e-21 
1191.36 8.99544e-21 
1191.37 1.04025e-20 
1191.38 1.20235e-20 
1191.39 1.38901e-20 
1191.4 1.60383e-20 
1191.41 1.85092e-20 
1191.42 2.135e-20 
1191.43 2.46142e-20 
1191.44 2.83631e-20 
1191.45 3.26662e-20 
1191.46 3.76031e-20 
1191.47 4.32641e-20 
1191.48 4.98449e-20 
1191.49 5.7283e-20 
1191.49 6.58056e-20 
1191.5 7.55578e-20 
1191.51 8.6711e-20 
1191.52 9.94599e-20 
1191.53 1.14025e-19 
1191.54 1.30657e-19 
1191.55 1.49638e-19 
1191.56 1.7129e-19 
1191.57 1.95974e-19 
1191.58 2.24102e-19 
1191.59 2.56136e-19 
1191.6 2.92782e-19 
1191.61 3.34293e-19 
1191.62 3.81496e-19 
1191.63 4.35141e-19 
1191.64 4.96078e-19 
1191.65 5.6526e-19 
1191.66 6.43762e-19 
1191.67 7.32793e-19 
1191.68 8.33712e-19 
1191.69 9.48046e-19 
1191.7 1.07751e-18 
1191.71 1.22403e-18 
1191.72 1.38977e-18 
1191.73 1.57964e-18 
1191.74 1.79169e-18 
1191.75 2.03117e-18 
1191.76 2.30149e-18 
1191.77 2.60645e-18 
1191.78 2.95033e-18 
1191.79 3.33787e-18 
1191.8 3.77439e-18 
1191.81 4.26583e-18 
1191.82 4.8188e-18 
1191.83 5.44068e-18 
1191.84 6.13968e-18 
1191.85 6.92497e-18 
1191.86 7.80672e-18 
1191.87 8.79626e-18 
1191.88 9.90618e-18 
1191.89 1.11505e-17 
1191.9 1.25447e-17 
1191.91 1.4106e-17 
1191.92 1.58536e-17 
1191.92 1.78086e-17 
1191.93 1.99945e-17 
1191.94 2.24373e-17 
1191.95 2.51657e-17 
1191.96 2.82116e-17 
1191.97 3.161e-17 
1191.98 3.54497e-17 
1191.99 3.96793e-17 
1192 4.43909e-17 
1192.01 4.96367e-17 
1192.02 5.54741e-17 
1192.03 6.19665e-17 
1192.04 6.91835e-17 
1192.05 7.72016e-17 
1192.06 8.61052e-17 
1192.07 9.59867e-17 
1192.08 1.06948e-16 
1192.09 1.191e-16 
1192.1 1.32565e-16 
1192.11 1.47478e-16 
1192.12 1.63984e-16 
1192.13 1.82246e-16 
1192.14 2.02437e-16 
1192.15 2.24752e-16 
1192.16 2.49399e-16 
1192.17 2.76608e-16 
1192.18 3.06629e-16 
1192.19 3.39735e-16 
1192.2 3.76224e-16 
1192.21 4.1642e-16 
1192.22 4.60676e-16 
1192.23 5.10015e-16 
1192.24 5.6364e-16 
1192.25 6.22586e-16 
1192.26 6.87347e-16 
1192.27 7.58457e-16 
1192.28 8.36499e-16 
1192.29 9.22101e-16 
1192.3 1.01594e-15 
1192.31 1.11877e-15 
1192.32 1.23137e-15 
1192.33 1.35462e-15 
1192.34 1.48945e-15 
1192.34 1.63686e-15 
1192.35 1.79794e-15 
1192.36 1.97387e-15 
1192.37 2.16591e-15 
1192.38 2.37543e-15 
1192.39 2.60389e-15 
1192.4 2.85286e-15 
1192.41 3.12405e-15 
1192.42 3.41928e-15 
1192.43 3.7405e-15 
1192.44 4.08982e-15 
1192.45 4.46948e-15 
1192.46 4.88189e-15 
1192.47 5.32965e-15 
1192.48 5.82184e-15 
1192.49 6.34929e-15 
1192.5 6.92101e-15 
1192.51 7.54036e-15 
1192.52 8.21096e-15 
1192.53 8.93664e-15 
1192.54 9.72151e-15 
1192.55 1.05699e-14 
1192.56 1.14865e-14 
1192.57 1.24763e-14 
1192.58 1.35444e-14 
1192.59 1.46965e-14 
1192.6 1.59384e-14 
1192.61 1.72872e-14 
1192.62 1.8729e-14 
1192.63 2.02807e-14 
1192.64 2.19498e-14 
1192.65 2.37442e-14 
1192.66 2.56721e-14 
1192.67 2.77425e-14 
1192.68 2.99646e-14 
1192.69 3.23482e-14 
1192.7 3.49036e-14 
1192.71 3.76417e-14 
1192.72 4.0574e-14 
1192.73 4.3753e-14 
1192.74 4.7113e-14 
1192.75 5.07051e-14 
1192.76 5.45434e-14 
1192.77 5.86424e-14 
1192.77 6.30173e-14 
1192.78 6.76841e-14 
1192.79 7.26595e-14 
1192.8 7.79609e-14 
1192.81 8.36066e-14 
1192.82 8.96154e-14 
1192.83 9.60071e-14 
1192.84 1.02802e-13 
1192.85 1.10023e-13 
1192.86 1.1769e-13 
1192.87 1.25827e-13 
1192.88 1.34459e-13 
1192.89 1.4361e-13 
1192.9 1.53305e-13 
1192.91 1.63572e-13 
1192.92 1.74437e-13 
1192.93 1.85929e-13 
1192.94 1.98078e-13 
1192.95 2.10913e-13 
1192.96 2.24465e-13 
1192.97 2.38766e-13 
1192.98 2.54043e-13 
1192.99 2.69952e-13 
1193 2.86711e-13 
1193.01 3.04355e-13 
1193.02 3.22921e-13 
1193.03 3.42445e-13 
1193.04 3.62965e-13 
1193.05 3.84518e-13 
1193.06 4.07144e-13 
1193.07 4.30881e-13 
1193.08 4.5577e-13 
1193.09 4.81851e-13 
1193.1 5.09166e-13 
1193.11 5.37755e-13 
1193.12 5.6766e-13 
1193.13 5.98923e-13 
1193.14 6.31586e-13 
1193.15 6.65691e-13 
1193.16 7.0128e-13 
1193.17 7.38396e-13 
1193.18 7.77081e-13 
1193.19 8.17375e-13 
1193.19 8.59322e-13 
1193.2 9.02961e-13 
1193.21 9.48333e-13 
1193.22 9.9609e-13 
1193.23 1.04506e-12 
1193.24 1.09589e-12 
1193.25 1.1486e-12 
1193.26 1.20324e-12 
1193.27 1.25984e-12 
1193.28 1.31843e-12 
1193.29 1.37904e-12 
1193.3 1.4417e-12 
1193.31 1.50644e-12 
1193.32 1.57329e-12 
1193.33 1.64227e-12 
1193.34 1.71339e-12 
1193.35 1.78669e-12 
1193.36 1.86218e-12 
1193.37 1.93986e-12 
1193.38 2.01976e-12 
1193.39 2.10188e-12 
1193.4 2.18622e-12 
1193.41 2.2728e-12 
1193.42 2.36159e-12 
1193.43 2.45261e-12 
1193.44 2.54583e-12 
1193.45 2.64126e-12 
1193.46 2.73886e-12 
1193.47 2.83863e-12 
1193.48 2.94182e-12 
1193.49 3.04585e-12 
1193.5 3.15196e-12 
1193.51 3.26011e-12 
1193.52 3.37025e-12 
1193.53 3.48233e-12 
1193.54 3.59631e-12 
1193.55 3.71214e-12 
1193.56 3.82974e-12 
1193.57 3.94905e-12 
1193.58 4.07001e-12 
1193.59 4.19254e-12 
1193.6 4.31656e-12 
1193.61 4.44474e-12 
1193.62 4.57156e-12 
1193.62 4.69961e-12 
1193.63 4.82879e-12 
1193.64 4.95899e-12 
1193.65 5.09011e-12 
1193.66 5.22204e-12 
1193.67 5.35466e-12 
1193.68 5.48786e-12 
1193.69 5.62151e-12 
1193.7 5.75548e-12 
1193.71 5.88966e-12 
1193.72 6.0239e-12 
1193.73 6.15974e-12 
1193.74 6.29369e-12 
1193.75 6.42729e-12 
1193.76 6.5604e-12 
1193.77 6.69286e-12 
1193.78 6.82454e-12 
1193.79 6.95528e-12 
1193.8 7.08493e-12 
1193.81 7.21335e-12 
1193.82 7.34038e-12 
1193.83 7.46588e-12 
1193.84 7.5897e-12 
1193.85 7.71168e-12 
1193.86 7.83169e-12 
1193.87 7.94957e-12 
1193.88 8.0652e-12 
1193.89 8.17841e-12 
1193.9 8.2891e-12 
1193.91 8.39711e-12 
1193.92 8.50234e-12 
1193.93 8.60465e-12 
1193.94 8.70394e-12 
1193.95 8.80011e-12 
1193.96 8.89305e-12 
1193.97 8.98269e-12 
1193.98 9.07e-12 
1193.99 9.15277e-12 
1194 9.23204e-12 
1194.01 9.30778e-12 
1194.02 9.37998e-12 
1194.03 9.44863e-12 
1194.04 9.51377e-12 
1194.05 9.57543e-12 
1194.05 9.63368e-12 
1194.06 9.68864e-12 
1194.07 9.74043e-12 
1194.08 9.78921e-12 
1194.09 9.83521e-12 
1194.1 9.87867e-12 
1194.11 9.9199e-12 
1194.12 9.95925e-12 
1194.13 9.99715e-12 
1194.14 1.00341e-11 
1194.15 1.00706e-11 
1194.16 1.01074e-11 
1194.17 1.01452e-11 
1194.18 1.01849e-11 
1194.19 1.02274e-11 
1194.2 1.0274e-11 
1194.21 1.03257e-11 
1194.22 1.03842e-11 
1194.23 1.04519e-11 
1194.24 1.0529e-11 
1194.25 1.06184e-11 
1194.26 1.07225e-11 
1194.27 1.08439e-11 
1194.28 1.09857e-11 
1194.29 1.11512e-11 
1194.3 1.13442e-11 
1194.31 1.1569e-11 
1194.32 1.18304e-11 
1194.33 1.21337e-11 
1194.34 1.2485e-11 
1194.35 1.28911e-11 
1194.36 1.33595e-11 
1194.37 1.38986e-11 
1194.38 1.4518e-11 
1194.39 1.52282e-11 
1194.4 1.6041e-11 
1194.41 1.69696e-11 
1194.42 1.80287e-11 
1194.43 1.92346e-11 
1194.44 2.06055e-11 
1194.45 2.21618e-11 
1194.46 2.39261e-11 
1194.47 2.59233e-11 
1194.47 2.82133e-11 
1194.48 3.0765e-11 
1194.49 3.36451e-11 
1194.5 3.68897e-11 
1194.51 4.05409e-11 
1194.52 4.46452e-11 
1194.53 4.92543e-11 
1194.54 5.44251e-11 
1194.55 6.02205e-11 
1194.56 6.67097e-11 
1194.57 7.39695e-11 
1194.58 8.2084e-11 
1194.59 9.11461e-11 
1194.6 1.01258e-10 
1194.61 1.12601e-10 
1194.62 1.25167e-10 
1194.63 1.39155e-10 
1194.64 1.54713e-10 
1194.65 1.72003e-10 
1194.66 1.91204e-10 
1194.67 2.12511e-10 
1194.68 2.36138e-10 
1194.69 2.62316e-10 
1194.7 2.91301e-10 
1194.71 3.23369e-10 
1194.72 3.58824e-10 
1194.73 3.98509e-10 
1194.74 4.41807e-10 
1194.75 4.89573e-10 
1194.76 5.42232e-10 
1194.77 6.00244e-10 
1194.78 6.64108e-10 
1194.79 7.34364e-10 
1194.8 8.11599e-10 
1194.81 8.96446e-10 
1194.82 9.89591e-10 
1194.83 1.09177e-09 
1194.84 1.20379e-09 
1194.85 1.32651e-09 
1194.86 1.46086e-09 
1194.87 1.60783e-09 
1194.88 1.7685e-09 
1194.89 1.94403e-09 
1194.9 2.13566e-09 
1194.9 2.34472e-09 
1194.91 2.57264e-09 
1194.92 2.82095e-09 
1194.93 3.09127e-09 
1194.94 3.38538e-09 
1194.95 3.70512e-09 
1194.96 4.05249e-09 
1194.97 4.42963e-09 
1194.98 4.84413e-09 
1194.99 5.28818e-09 
1195 5.76927e-09 
1195.01 6.29012e-09 
1195.02 6.85362e-09 
1195.03 7.46285e-09 
1195.04 8.12105e-09 
1195.05 8.83167e-09 
1195.06 9.59834e-09 
1195.07 1.04249e-08 
1195.08 1.13154e-08 
1195.09 1.22741e-08 
1195.1 1.33056e-08 
1195.11 1.44145e-08 
1195.12 1.56058e-08 
1195.13 1.68848e-08 
1195.14 1.82569e-08 
1195.15 1.97279e-08 
1195.16 2.13038e-08 
1195.17 2.29909e-08 
1195.18 2.47956e-08 
1195.19 2.67249e-08 
1195.2 2.87859e-08 
1195.21 3.0986e-08 
1195.22 3.33329e-08 
1195.23 3.58669e-08 
1195.24 3.85337e-08 
1195.25 4.13724e-08 
1195.26 4.43917e-08 
1195.27 4.76009e-08 
1195.28 5.10094e-08 
1195.29 5.4627e-08 
1195.3 5.84636e-08 
1195.31 6.25297e-08 
1195.32 6.68357e-08 
1195.32 7.13925e-08 
1195.33 7.62111e-08 
1195.34 8.13028e-08 
1195.35 8.66793e-08 
1195.36 9.2352e-08 
1195.37 9.8333e-08 
1195.38 1.04634e-07 
1195.39 1.11268e-07 
1195.4 1.18247e-07 
1195.41 1.25582e-07 
1195.42 1.33288e-07 
1195.43 1.41376e-07 
1195.44 1.49858e-07 
1195.45 1.58748e-07 
1195.46 1.68057e-07 
1195.47 1.77798e-07 
1195.48 1.88114e-07 
1195.49 1.98761e-07 
1195.5 2.09877e-07 
1195.51 2.21472e-07 
1195.52 2.33558e-07 
1195.53 2.46146e-07 
1195.54 2.59246e-07 
1195.55 2.72869e-07 
1195.56 2.87024e-07 
1195.57 3.01719e-07 
1195.58 3.16964e-07 
1195.59 3.32766e-07 
1195.6 3.49132e-07 
1195.61 3.66294e-07 
1195.62 3.83817e-07 
1195.63 4.01921e-07 
1195.64 4.20609e-07 
1195.65 4.39884e-07 
1195.66 4.59747e-07 
1195.67 4.802e-07 
1195.68 5.01242e-07 
1195.69 5.22871e-07 
1195.7 5.45083e-07 
1195.71 5.67876e-07 
1195.72 5.91243e-07 
1195.73 6.15479e-07 
1195.74 6.39979e-07 
1195.75 6.65029e-07 
1195.75 6.90616e-07 
1195.76 7.16728e-07 
1195.77 7.43352e-07 
1195.78 7.70471e-07 
1195.79 7.98068e-07 
1195.8 8.26124e-07 
1195.81 8.54619e-07 
1195.82 8.83531e-07 
1195.83 9.12837e-07 
1195.84 9.4251e-07 
1195.85 9.72526e-07 
1195.86 1.00286e-06 
1195.87 1.03347e-06 
1195.88 1.06433e-06 
1195.89 1.09542e-06 
1195.9 1.12669e-06 
1195.91 1.15812e-06 
1195.92 1.18965e-06 
1195.93 1.22127e-06 
1195.94 1.25292e-06 
1195.95 1.28457e-06 
1195.96 1.31618e-06 
1195.97 1.34771e-06 
1195.98 1.37949e-06 
1195.99 1.41071e-06 
1196 1.44172e-06 
1196.01 1.47247e-06 
1196.02 1.5029e-06 
1196.03 1.53299e-06 
1196.04 1.56268e-06 
1196.05 1.59193e-06 
1196.06 1.62069e-06 
1196.07 1.64891e-06 
1196.08 1.67656e-06 
1196.09 1.70357e-06 
1196.1 1.72992e-06 
1196.11 1.75556e-06 
1196.12 1.78043e-06 
1196.13 1.80451e-06 
1196.14 1.82774e-06 
1196.15 1.8501e-06 
1196.16 1.87153e-06 
1196.17 1.892e-06 
1196.17 1.91148e-06 
1196.18 1.92993e-06 
1196.19 1.94731e-06 
1196.2 1.9636e-06 
1196.21 1.97877e-06 
1196.22 1.99295e-06 
1196.23 2.00578e-06 
1196.24 2.01741e-06 
1196.25 2.02781e-06 
1196.26 2.03697e-06 
1196.27 2.04488e-06 
1196.28 2.05151e-06 
1196.29 2.05687e-06 
1196.3 2.06093e-06 
1196.31 2.0637e-06 
1196.32 2.06516e-06 
1196.33 2.06532e-06 
1196.34 2.06418e-06 
1196.35 2.06174e-06 
1196.36 2.05801e-06 
1196.37 2.05299e-06 
1196.38 2.0467e-06 
1196.39 2.03916e-06 
1196.4 2.03037e-06 
1196.41 2.02036e-06 
1196.42 2.00914e-06 
1196.43 1.99675e-06 
1196.44 1.9832e-06 
1196.45 1.96852e-06 
1196.46 1.95275e-06 
1196.47 1.93591e-06 
1196.48 1.91781e-06 
1196.49 1.89893e-06 
1196.5 1.87908e-06 
1196.51 1.85832e-06 
1196.52 1.83668e-06 
1196.53 1.81419e-06 
1196.54 1.7909e-06 
1196.55 1.76686e-06 
1196.56 1.74211e-06 
1196.57 1.71669e-06 
1196.58 1.69066e-06 
1196.59 1.66404e-06 
1196.6 1.6369e-06 
1196.6 1.61028e-06 
1196.61 1.58221e-06 
1196.62 1.55376e-06 
1196.63 1.52496e-06 
1196.64 1.49588e-06 
1196.65 1.46655e-06 
1196.66 1.43702e-06 
1196.67 1.40734e-06 
1196.68 1.37756e-06 
1196.69 1.34771e-06 
1196.7 1.31785e-06 
1196.71 1.28801e-06 
1196.72 1.25824e-06 
1196.73 1.2282e-06 
1196.74 1.19868e-06 
1196.75 1.16935e-06 
1196.76 1.14024e-06 
1196.77 1.1114e-06 
1196.78 1.08284e-06 
1196.79 1.05461e-06 
1196.8 1.02673e-06 
1196.81 9.99243e-07 
1196.82 9.72168e-07 
1196.83 9.45533e-07 
1196.84 9.19363e-07 
1196.85 8.93681e-07 
1196.86 8.68508e-07 
1196.87 8.43864e-07 
1196.88 8.19767e-07 
1196.89 7.96233e-07 
1196.9 7.73277e-07 
1196.91 7.50911e-07 
1196.92 7.29146e-07 
1196.93 7.07993e-07 
1196.94 6.87459e-07 
1196.95 6.67551e-07 
1196.96 6.48273e-07 
1196.97 6.29629e-07 
1196.98 6.114e-07 
1196.99 5.94037e-07 
1197 5.77309e-07 
1197.01 5.61214e-07 
1197.02 5.45749e-07 
1197.03 5.30909e-07 
1197.03 5.16689e-07 
1197.04 5.03081e-07 
1197.05 4.90077e-07 
1197.06 4.77668e-07 
1197.07 4.65845e-07 
1197.08 4.54596e-07 
1197.09 4.43911e-07 
1197.1 4.33775e-07 
1197.11 4.24177e-07 
1197.12 4.15102e-07 
1197.13 4.06536e-07 
1197.14 3.98464e-07 
1197.15 3.90871e-07 
1197.16 3.83741e-07 
1197.17 3.77058e-07 
1197.18 3.70805e-07 
1197.19 3.64965e-07 
1197.2 3.59522e-07 
1197.21 3.54458e-07 
1197.22 3.49756e-07 
1197.23 3.45347e-07 
1197.24 3.41321e-07 
1197.25 3.37605e-07 
1197.26 3.34182e-07 
1197.27 3.31033e-07 
1197.28 3.28143e-07 
1197.29 3.25495e-07 
1197.3 3.23071e-07 
1197.31 3.20855e-07 
1197.32 3.18831e-07 
1197.33 3.16984e-07 
1197.34 3.15297e-07 
1197.35 3.13755e-07 
1197.36 3.12344e-07 
1197.37 3.11049e-07 
1197.38 3.09855e-07 
1197.39 3.0875e-07 
1197.4 3.0772e-07 
1197.41 3.06753e-07 
1197.42 3.05836e-07 
1197.43 3.04956e-07 
1197.44 3.04104e-07 
1197.45 3.03269e-07 
1197.45 3.02439e-07 
1197.46 3.01605e-07 
1197.47 3.00758e-07 
1197.48 2.99878e-07 
1197.49 2.98978e-07 
1197.5 2.98041e-07 
1197.51 2.97058e-07 
1197.52 2.96024e-07 
1197.53 2.94932e-07 
1197.54 2.93775e-07 
1197.55 2.9255e-07 
1197.56 2.91252e-07 
1197.57 2.89876e-07 
1197.58 2.88418e-07 
1197.59 2.86876e-07 
1197.6 2.85246e-07 
1197.61 2.83702e-07 
1197.62 2.8189e-07 
1197.63 2.79985e-07 
1197.64 2.77986e-07 
1197.65 2.75892e-07 
1197.66 2.73704e-07 
1197.67 2.71421e-07 
1197.68 2.69044e-07 
1197.69 2.66573e-07 
1197.7 2.64011e-07 
1197.71 2.61359e-07 
1197.72 2.58618e-07 
1197.73 2.55755e-07 
1197.74 2.52844e-07 
1197.75 2.49851e-07 
1197.76 2.46781e-07 
1197.77 2.43637e-07 
1197.78 2.40422e-07 
1197.79 2.37139e-07 
1197.8 2.33794e-07 
1197.81 2.3039e-07 
1197.82 2.26931e-07 
1197.83 2.23423e-07 
1197.84 2.19869e-07 
1197.85 2.16276e-07 
1197.86 2.12647e-07 
1197.87 2.08989e-07 
1197.88 2.05306e-07 
1197.88 2.01603e-07 
1197.89 1.97888e-07 
1197.9 1.94165e-07 
1197.91 1.9044e-07 
1197.92 1.86718e-07 
1197.93 1.83007e-07 
1197.94 1.79313e-07 
1197.95 1.7564e-07 
1197.96 1.71997e-07 
1197.97 1.68389e-07 
1197.98 1.64778e-07 
1197.99 1.6126e-07 
1198 1.57798e-07 
1198.01 1.54397e-07 
1198.02 1.51066e-07 
1198.03 1.4781e-07 
1198.04 1.44637e-07 
1198.05 1.41555e-07 
1198.06 1.3857e-07 
1198.07 1.35691e-07 
1198.08 1.32924e-07 
1198.09 1.30277e-07 
1198.1 1.27759e-07 
1198.11 1.25378e-07 
1198.12 1.23141e-07 
1198.13 1.21057e-07 
1198.14 1.19134e-07 
1198.15 1.17382e-07 
1198.16 1.15808e-07 
1198.17 1.14423e-07 
1198.18 1.13234e-07 
1198.19 1.12253e-07 
1198.2 1.11487e-07 
1198.21 1.10948e-07 
1198.22 1.10644e-07 
1198.23 1.10587e-07 
1198.24 1.10788e-07 
1198.25 1.11257e-07 
1198.26 1.12003e-07 
1198.27 1.13037e-07 
1198.28 1.1437e-07 
1198.29 1.16013e-07 
1198.3 1.17977e-07 
1198.3 1.20274e-07 
1198.31 1.22914e-07 
1198.32 1.2591e-07 
1198.33 1.29272e-07 
1198.34 1.33012e-07 
1198.35 1.37142e-07 
1198.36 1.41672e-07 
1198.37 1.46613e-07 
1198.38 1.51977e-07 
1198.39 1.57775e-07 
1198.4 1.64017e-07 
1198.41 1.70713e-07 
1198.42 1.77873e-07 
1198.43 1.85508e-07 
1198.44 1.93627e-07 
1198.45 2.02237e-07 
1198.46 2.11347e-07 
1198.47 2.20966e-07 
1198.48 2.31229e-07 
1198.49 2.4189e-07 
1198.5 2.53078e-07 
1198.51 2.64796e-07 
1198.52 2.7705e-07 
1198.53 2.89841e-07 
1198.54 3.03172e-07 
1198.55 3.17042e-07 
1198.56 3.31452e-07 
1198.57 3.46399e-07 
1198.58 3.61881e-07 
1198.59 3.77893e-07 
1198.6 3.9443e-07 
1198.61 4.11738e-07 
1198.62 4.29311e-07 
1198.63 4.47384e-07 
1198.64 4.65944e-07 
1198.65 4.84978e-07 
1198.66 5.04471e-07 
1198.67 5.24408e-07 
1198.68 5.44768e-07 
1198.69 5.65534e-07 
1198.7 5.86684e-07 
1198.71 6.08194e-07 
1198.72 6.3004e-07 
1198.73 6.52474e-07 
1198.73 6.74915e-07 
1198.74 6.97608e-07 
1198.75 7.20523e-07 
1198.76 7.43627e-07 
1198.77 7.66886e-07 
1198.78 7.90265e-07 
1198.79 8.13728e-07 
1198.8 8.37238e-07 
1198.81 8.60756e-07 
1198.82 8.84243e-07 
1198.83 9.07659e-07 
1198.84 9.30962e-07 
1198.85 9.54111e-07 
1198.86 9.77064e-07 
1198.87 9.99779e-07 
1198.88 1.02221e-06 
1198.89 1.04432e-06 
1198.9 1.06607e-06 
1198.91 1.0874e-06 
1198.92 1.10828e-06 
1198.93 1.12868e-06 
1198.94 1.14853e-06 
1198.95 1.16782e-06 
1198.96 1.18649e-06 
1198.97 1.20452e-06 
1198.98 1.22207e-06 
1198.99 1.23867e-06 
1199 1.25453e-06 
1199.01 1.26959e-06 
1199.02 1.28385e-06 
1199.03 1.29725e-06 
1199.04 1.3098e-06 
1199.05 1.32144e-06 
1199.06 1.33218e-06 
1199.07 1.34199e-06 
1199.08 1.35085e-06 
1199.09 1.35876e-06 
1199.1 1.3657e-06 
1199.11 1.37166e-06 
1199.12 1.37665e-06 
1199.13 1.38066e-06 
1199.14 1.38369e-06 
1199.15 1.38575e-06 
1199.15 1.38684e-06 
1199.16 1.38699e-06 
1199.17 1.3862e-06 
1199.18 1.38448e-06 
1199.19 1.38187e-06 
1199.2 1.37839e-06 
1199.21 1.37405e-06 
1199.22 1.36882e-06 
1199.23 1.36288e-06 
1199.24 1.35617e-06 
1199.25 1.34875e-06 
1199.26 1.34066e-06 
1199.27 1.33194e-06 
1199.28 1.32263e-06 
1199.29 1.31278e-06 
1199.3 1.30245e-06 
1199.31 1.29167e-06 
1199.32 1.2805e-06 
1199.33 1.26901e-06 
1199.34 1.25724e-06 
1199.35 1.24525e-06 
1199.36 1.2331e-06 
1199.37 1.22085e-06 
1199.38 1.20856e-06 
1199.39 1.19629e-06 
1199.4 1.1841e-06 
1199.41 1.17206e-06 
1199.42 1.16022e-06 
1199.43 1.14865e-06 
1199.44 1.13741e-06 
1199.45 1.12657e-06 
1199.46 1.11618e-06 
1199.47 1.1063e-06 
1199.48 1.09689e-06 
1199.49 1.08823e-06 
1199.5 1.08027e-06 
1199.51 1.07307e-06 
1199.52 1.06667e-06 
1199.53 1.06113e-06 
1199.54 1.05652e-06 
1199.55 1.05287e-06 
1199.56 1.05025e-06 
1199.57 1.0487e-06 
1199.58 1.04828e-06 
1199.58 1.04902e-06 
1199.59 1.05096e-06 
1199.6 1.05417e-06 
1199.61 1.05932e-06 
1199.62 1.06515e-06 
1199.63 1.07235e-06 
1199.64 1.08096e-06 
1199.65 1.09101e-06 
1199.66 1.10252e-06 
1199.67 1.11554e-06 
1199.68 1.13007e-06 
1199.69 1.14615e-06 
1199.7 1.16381e-06 
1199.71 1.18305e-06 
1199.72 1.2039e-06 
1199.73 1.22666e-06 
1199.74 1.25079e-06 
1199.75 1.27657e-06 
1199.76 1.304e-06 
1199.77 1.3331e-06 
1199.78 1.36387e-06 
1199.79 1.3963e-06 
1199.8 1.43041e-06 
1199.81 1.46619e-06 
1199.82 1.50363e-06 
1199.83 1.54273e-06 
1199.84 1.58349e-06 
1199.85 1.62588e-06 
1199.86 1.66991e-06 
1199.87 1.71555e-06 
1199.88 1.76278e-06 
1199.89 1.81159e-06 
1199.9 1.86196e-06 
1199.91 1.91387e-06 
1199.92 1.96728e-06 
1199.93 2.02218e-06 
1199.94 2.07853e-06 
1199.95 2.1363e-06 
1199.96 2.19546e-06 
1199.97 2.25596e-06 
1199.98 2.31858e-06 
1199.99 2.38168e-06 
1200 2.44603e-06 
1200.01 2.51156e-06 
1200.01 2.57824e-06 
1200.02 2.64602e-06 
1200.03 2.71483e-06 
1200.04 2.78465e-06 
1200.05 2.8554e-06 
1200.06 2.92703e-06 
1200.07 2.9995e-06 
1200.08 3.07273e-06 
1200.09 3.14667e-06 
1200.1 3.22125e-06 
1200.11 3.29642e-06 
1200.12 3.3721e-06 
1200.13 3.44822e-06 
1200.14 3.52473e-06 
1200.15 3.60154e-06 
1200.16 3.67859e-06 
1200.17 3.75579e-06 
1200.18 3.83309e-06 
1200.19 3.9104e-06 
1200.2 3.98765e-06 
1200.21 4.06475e-06 
1200.22 4.14163e-06 
1200.23 4.21917e-06 
1200.24 4.29537e-06 
1200.25 4.37111e-06 
1200.26 4.44631e-06 
1200.27 4.52089e-06 
1200.28 4.59476e-06 
1200.29 4.66785e-06 
1200.3 4.74007e-06 
1200.31 4.81134e-06 
1200.32 4.88158e-06 
1200.33 4.95071e-06 
1200.34 5.01865e-06 
1200.35 5.08533e-06 
1200.36 5.15065e-06 
1200.37 5.21455e-06 
1200.38 5.27695e-06 
1200.39 5.33777e-06 
1200.4 5.39694e-06 
1200.41 5.45439e-06 
1200.42 5.51004e-06 
1200.43 5.56383e-06 
1200.43 5.61569e-06 
1200.44 5.66556e-06 
1200.45 5.71336e-06 
1200.46 5.75905e-06 
1200.47 5.80256e-06 
1200.48 5.84434e-06 
1200.49 5.88331e-06 
1200.5 5.91993e-06 
1200.51 5.95418e-06 
1200.52 5.98599e-06 
1200.53 6.01533e-06 
1200.54 6.04217e-06 
1200.55 6.06646e-06 
1200.56 6.08817e-06 
1200.57 6.10728e-06 
1200.58 6.12376e-06 
1200.59 6.13759e-06 
1200.6 6.14875e-06 
1200.61 6.16101e-06 
1200.62 6.16679e-06 
1200.63 6.16987e-06 
1200.64 6.17023e-06 
1200.65 6.16788e-06 
1200.66 6.16283e-06 
1200.67 6.15507e-06 
1200.68 6.14462e-06 
1200.69 6.13149e-06 
1200.7 6.1157e-06 
1200.71 6.09727e-06 
1200.72 6.07623e-06 
1200.73 6.05229e-06 
1200.74 6.02607e-06 
1200.75 5.99732e-06 
1200.76 5.96609e-06 
1200.77 5.93241e-06 
1200.78 5.89633e-06 
1200.79 5.8579e-06 
1200.8 5.81715e-06 
1200.81 5.77416e-06 
1200.82 5.72896e-06 
1200.83 5.68161e-06 
1200.84 5.63218e-06 
1200.85 5.58073e-06 
1200.85 5.52732e-06 
1200.86 5.47201e-06 
1200.87 5.41487e-06 
1200.88 5.35598e-06 
1200.89 5.29539e-06 
1200.9 5.23319e-06 
1200.91 5.16945e-06 
1200.92 5.10424e-06 
1200.93 5.03764e-06 
1200.94 4.96972e-06 
1200.95 4.90056e-06 
1200.96 4.83024e-06 
1200.97 4.75884e-06 
1200.98 4.68552e-06 
1200.99 4.61218e-06 
1201 4.53798e-06 
1201.01 4.46302e-06 
1201.02 4.38737e-06 
1201.03 4.3111e-06 
1201.04 4.2343e-06 
1201.05 4.15703e-06 
1201.06 4.07939e-06 
1201.07 4.00143e-06 
1201.08 3.92324e-06 
1201.09 3.84489e-06 
1201.1 3.76644e-06 
1201.11 3.68797e-06 
1201.12 3.60955e-06 
1201.13 3.53125e-06 
1201.14 3.45312e-06 
1201.15 3.37524e-06 
1201.16 3.29767e-06 
1201.17 3.22046e-06 
1201.18 3.14368e-06 
1201.19 3.06738e-06 
1201.2 2.99162e-06 
1201.21 2.91644e-06 
1201.22 2.84191e-06 
1201.23 2.76714e-06 
1201.24 2.69403e-06 
1201.25 2.62171e-06 
1201.26 2.5502e-06 
1201.27 2.47956e-06 
1201.28 2.40981e-06 
1201.28 2.34099e-06 
1201.29 2.27314e-06 
1201.3 2.20629e-06 
1201.31 2.14046e-06 
1201.32 2.07568e-06 
1201.33 2.01198e-06 
1201.34 1.94938e-06 
1201.35 1.88789e-06 
1201.36 1.82754e-06 
1201.37 1.76834e-06 
1201.38 1.71031e-06 
1201.39 1.65345e-06 
1201.4 1.59778e-06 
1201.41 1.54331e-06 
1201.42 1.49004e-06 
1201.43 1.43797e-06 
1201.44 1.38712e-06 
1201.45 1.33747e-06 
1201.46 1.28904e-06 
1201.47 1.24181e-06 
1201.48 1.19522e-06 
1201.49 1.15041e-06 
1201.5 1.1068e-06 
1201.51 1.06437e-06 
1201.52 1.02311e-06 
1201.53 9.83029e-07 
1201.54 9.44098e-07 
1201.55 9.0631e-07 
1201.56 8.69653e-07 
1201.57 8.34111e-07 
1201.58 7.99671e-07 
1201.59 7.66315e-07 
1201.6 7.34028e-07 
1201.61 7.03225e-07 
1201.62 6.73004e-07 
1201.63 6.43799e-07 
1201.64 6.1559e-07 
1201.65 5.88359e-07 
1201.66 5.62085e-07 
1201.67 5.36748e-07 
1201.68 5.12328e-07 
1201.69 4.88804e-07 
1201.7 4.66156e-07 
1201.7 4.44361e-07 
1201.71 4.23399e-07 
1201.72 4.03002e-07 
1201.73 3.83652e-07 
1201.74 3.6507e-07 
1201.75 3.47235e-07 
1201.76 3.30127e-07 
1201.77 3.13723e-07 
1201.78 2.98004e-07 
1201.79 2.82948e-07 
1201.8 2.68534e-07 
1201.81 2.54743e-07 
1201.82 2.41553e-07 
1201.83 2.28946e-07 
1201.84 2.16902e-07 
1201.85 2.05401e-07 
1201.86 1.94424e-07 
1201.87 1.83953e-07 
1201.88 1.73969e-07 
1201.89 1.64455e-07 
1201.9 1.55393e-07 
1201.91 1.46765e-07 
1201.92 1.38556e-07 
1201.93 1.30749e-07 
1201.94 1.23327e-07 
1201.95 1.16275e-07 
1201.96 1.09578e-07 
1201.97 1.03222e-07 
1201.98 9.71183e-08 
1201.99 9.14037e-08 
1202 8.59877e-08 
1202.01 8.0857e-08 
1202.02 7.5999e-08 
1202.03 7.14015e-08 
1202.04 6.70526e-08 
1202.05 6.2941e-08 
1202.06 5.90555e-08 
1202.07 5.53854e-08 
1202.08 5.19207e-08 
1202.09 4.86513e-08 
1202.1 4.55677e-08 
1202.11 4.26608e-08 
1202.12 3.99218e-08 
1202.13 3.73422e-08 
1202.13 3.4914e-08 
1202.14 3.26293e-08 
1202.15 3.04807e-08 
1202.16 2.84611e-08 
1202.17 2.65636e-08 
1202.18 2.47817e-08 
1202.19 2.31092e-08 
1202.2 2.15401e-08 
1202.21 2.00687e-08 
1202.22 1.86734e-08 
1202.23 1.7382e-08 
1202.24 1.61732e-08 
1202.25 1.50419e-08 
1202.26 1.39835e-08 
1202.27 1.29939e-08 
1202.28 1.2069e-08 
1202.29 1.12051e-08 
1202.3 1.03984e-08 
1202.31 9.64551e-09 
1202.32 8.94323e-09 
1202.33 8.28843e-09 
1202.34 7.6782e-09 
1202.35 7.10978e-09 
1202.36 6.58054e-09 
1202.37 6.08801e-09 
1202.38 5.62988e-09 
1202.39 5.20393e-09 
1202.4 4.8081e-09 
1202.41 4.44042e-09 
1202.42 4.09905e-09 
1202.43 3.78227e-09 
1202.44 3.48843e-09 
1202.45 3.21601e-09 
1202.46 2.96355e-09 
1202.47 2.72972e-09 
1202.48 2.51063e-09 
1202.49 2.31048e-09 
1202.5 2.12536e-09 
1202.51 1.95421e-09 
1202.52 1.79606e-09 
1202.53 1.64997e-09 
1202.54 1.51511e-09 
1202.55 1.39065e-09 
1202.56 1.27586e-09 
1202.56 1.17003e-09 
1202.57 1.0725e-09 
1202.58 9.82674e-10 
1202.59 8.99975e-10 
1202.6 8.23872e-10 
1202.61 7.54337e-10 
1202.62 6.89943e-10 
1202.63 6.30768e-10 
1202.64 5.76416e-10 
1202.65 5.26515e-10 
1202.66 4.80723e-10 
1202.67 4.3872e-10 
1202.68 4.00212e-10 
1202.69 3.64923e-10 
1202.7 3.32599e-10 
1202.71 3.03006e-10 
1202.72 2.75924e-10 
1202.73 2.50856e-10 
1202.74 2.28233e-10 
1202.75 2.07559e-10 
1202.76 1.88675e-10 
1202.77 1.71433e-10 
1202.78 1.55699e-10 
1202.79 1.41347e-10 
1202.8 1.28261e-10 
1202.81 1.16335e-10 
1202.82 1.05472e-10 
1202.83 9.55815e-11 
1202.84 8.65803e-11 
1202.85 7.83922e-11 
1202.86 7.09473e-11 
1202.87 6.41812e-11 
1202.88 5.80348e-11 
1202.89 5.2454e-11 
1202.9 4.73891e-11 
1202.91 4.27943e-11 
1202.92 3.86281e-11 
1202.93 3.48522e-11 
1202.94 3.14315e-11 
1202.95 2.83341e-11 
1202.96 2.55308e-11 
1202.97 2.29946e-11 
1202.98 2.07013e-11 
1202.98 1.86039e-11 
1202.99 1.67337e-11 
1203 1.50449e-11 
1203.01 1.35206e-11 
1203.02 1.21453e-11 
1203.03 1.09052e-11 
1203.04 9.78737e-12 
1203.05 8.78027e-12 
1203.06 7.87334e-12 
1203.07 7.05698e-12 
1203.08 6.32249e-12 
1203.09 5.66195e-12 
1203.1 5.06819e-12 
1203.11 4.53471e-12 
1203.12 4.0556e-12 
1203.13 3.62551e-12 
1203.14 3.23961e-12 
1203.15 2.89351e-12 
1203.16 2.58325e-12 
1203.17 2.30525e-12 
1203.18 2.05626e-12 
1203.19 1.83335e-12 
1203.2 1.6339e-12 
1203.21 1.4555e-12 
1203.22 1.29601e-12 
1203.23 1.1518e-12 
1203.24 1.02469e-12 
1203.25 9.11195e-13 
1203.26 8.09918e-13 
1203.27 7.19582e-13 
1203.28 6.3904e-13 
1203.29 5.67264e-13 
1203.3 5.03328e-13 
1203.31 4.46403e-13 
1203.32 3.95741e-13 
1203.33 3.50675e-13 
1203.34 3.10604e-13 
1203.35 2.74991e-13 
1203.36 2.43354e-13 
1203.37 2.15263e-13 
1203.38 1.9033e-13 
1203.39 1.68211e-13 
1203.4 1.48598e-13 
1203.41 1.31213e-13 
1203.41 1.15812e-13 
1203.42 1.02173e-13 
1203.43 9.01011e-14 
1203.44 7.94204e-14 
1203.45 6.99751e-14 
1203.46 6.16259e-14 
1203.47 5.42492e-14 
1203.48 4.7658e-14 
1203.49 4.19161e-14 
1203.5 3.68498e-14 
1203.51 3.23816e-14 
1203.52 2.84427e-14 
1203.53 2.49719e-14 
1203.54 2.1915e-14 
1203.55 1.92239e-14 
1203.56 1.68558e-14 
1203.57 1.4773e-14 
1203.58 1.29418e-14 
1203.59 1.13326e-14 
1203.6 9.91918e-15 
1203.61 8.68353e-15 
1203.62 7.5938e-15 
1203.63 6.63791e-15 
1203.64 5.79979e-15 
1203.65 5.06527e-15 
1203.66 4.42183e-15 
1203.67 3.85843e-15 
1203.68 3.36533e-15 
1203.69 2.93396e-15 
1203.7 2.55676e-15 
1203.71 2.22707e-15 
1203.72 1.93905e-15 
1203.73 1.68459e-15 
1203.74 1.46543e-15 
1203.75 1.27422e-15 
1203.76 1.10747e-15 
1203.77 9.62116e-16 
1203.78 8.35474e-16 
1203.79 7.25183e-16 
1203.8 6.29175e-16 
1203.81 5.45638e-16 
1203.82 4.72984e-16 
1203.83 4.09824e-16 
1203.83 3.54942e-16 
1203.84 3.07275e-16 
1203.85 2.65892e-16 
1203.86 2.29981e-16 
1203.87 1.98833e-16 
1203.88 1.71828e-16 
1203.89 1.48425e-16 
1203.9 1.28154e-16 
1203.91 1.10602e-16 
1203.92 9.54127e-17 
1203.93 8.22729e-17 
1203.94 7.09115e-17 
1203.95 6.10922e-17 
1203.96 5.26094e-17 
1203.97 4.52846e-17 
1203.98 3.88892e-17 
1203.99 3.34451e-17 
1204 2.87504e-17 
1204.01 2.47038e-17 
1204.02 2.12175e-17 
1204.03 1.82152e-17 
1204.04 1.56308e-17 
1204.05 1.34072e-17 
1204.06 1.14949e-17 
1204.07 9.851e-18 
1204.08 8.43849e-18 
1204.09 7.22534e-18 
1204.1 6.18387e-18 
1204.11 5.2902e-18 
1204.12 4.52369e-18 
1204.13 3.86654e-18 
1204.14 3.3034e-18 
1204.15 2.82104e-18 
1204.16 2.40805e-18 
1204.17 2.05462e-18 
1204.18 1.75229e-18 
1204.19 1.4938e-18 
1204.2 1.27287e-18 
1204.21 1.08414e-18 
1204.22 9.22991e-19 
1204.23 7.83864e-19 
1204.24 6.66757e-19 
1204.25 5.66897e-19 
1204.26 4.8178e-19 
1204.26 4.09264e-19 
1204.27 3.4751e-19 
1204.28 2.94944e-19 
1204.29 2.50219e-19 
1204.3 2.12183e-19 
1204.31 1.7985e-19 
1204.32 1.52377e-19 
1204.33 1.29044e-19 
1204.34 1.09235e-19 
1204.35 9.24272e-20 
1204.36 7.81708e-20 
1204.37 6.60843e-20 
1204.38 5.58421e-20 
1204.39 4.71665e-20 
1204.4 3.98212e-20 
1204.41 3.36051e-20 
1204.42 2.83468e-20 
1204.43 2.39008e-20 
1204.44 2.01433e-20 
1204.45 1.6969e-20 
1204.46 1.42887e-20 
1204.47 1.20264e-20 
1204.48 1.0096e-20 
1204.49 8.49008e-21 
1204.5 7.13643e-21 
1204.51 5.99597e-21 
1204.52 5.03555e-21 
1204.53 4.22711e-21 
1204.54 3.54691e-21 
1204.55 2.97485e-21 
1204.56 2.49395e-21 
1204.57 2.08988e-21 
1204.58 1.7505e-21 
1204.59 1.4656e-21 
1204.6 1.22652e-21 
1204.61 1.02599e-21 
1204.62 8.58397e-22 
1204.63 7.17424e-22 
1204.64 5.99338e-22 
1204.65 5.0047e-22 
1204.66 4.17727e-22 
1204.67 3.4851e-22 
1204.68 2.90635e-22 
1204.68 2.42265e-22 
1204.69 2.01856e-22 
1204.7 1.68113e-22 
1204.71 1.39949e-22 
1204.72 1.16185e-22 
1204.73 9.66348e-23 
1204.74 8.03391e-23 
1204.75 6.67621e-23 
1204.76 5.54551e-23 
1204.77 4.60429e-23 
1204.78 3.82114e-23 
1204.79 3.1698e-23 
1204.8 2.62833e-23 
1204.81 2.1784e-23 
1204.82 1.80469e-23 
1204.83 1.49444e-23 
1204.84 1.23698e-23 
1204.85 1.02343e-23 
1204.86 8.46368e-24 
1204.87 6.99634e-24 
1204.88 5.78085e-24 
1204.89 4.77443e-24 
1204.9 3.94149e-24 
1204.91 3.25243e-24 
1204.92 2.68266e-24 
1204.93 2.21172e-24 
1204.94 1.82266e-24 
1204.95 1.50138e-24 
1204.96 1.23618e-24 
1204.97 1.01739e-24 
1204.98 8.34903e-25 
1204.99 6.86521e-25 
1205 5.64262e-25 
1205.01 4.63572e-25 
1205.02 3.80682e-25 
1205.03 3.12476e-25 
1205.04 2.56378e-25 
1205.05 2.10258e-25 
1205.06 1.72359e-25 
1205.07 1.41229e-25 
1205.08 1.15671e-25 
1205.09 9.46963e-26 
1205.1 7.74909e-26 
1205.11 6.33837e-26 
1205.11 5.18219e-26 
1205.12 4.23505e-26 
1205.13 3.45949e-26 
1205.14 2.82472e-26 
1205.15 2.30541e-26 
1205.16 1.88074e-26 
1205.17 1.53362e-26 
1205.18 1.25002e-26 
1205.19 1.01842e-26 
1205.2 8.29362e-27 
1205.21 6.75104e-27 
1205.22 5.48016e-27 
1205.23 4.45582e-27 
1205.24 3.62226e-27 
1205.25 2.94334e-27 
1205.26 2.39061e-27 
1205.27 1.94083e-27 
1205.28 1.57498e-27 
1205.29 1.27753e-27 
1205.3 1.03581e-27 
1205.31 8.39446e-28 
1205.32 6.80013e-28 
1205.33 5.50617e-28 
1205.34 4.45648e-28 
1205.35 3.60531e-28 
1205.36 2.91543e-28 
1205.37 2.35653e-28 
1205.38 1.90393e-28 
1205.39 1.53758e-28 
1205.4 1.24118e-28 
1205.41 1.00147e-28 
1205.42 8.07709e-29 
1205.43 6.51146e-29 
1205.44 5.247e-29 
1205.45 4.22623e-29 
1205.46 3.40254e-29 
1205.47 2.73819e-29 
1205.48 2.1972e-29 
1205.49 1.76614e-29 
1205.5 1.41942e-29 
1205.51 1.14026e-29 
1205.52 9.15602e-30 
1205.53 7.34884e-30 
1205.54 5.89576e-30 
1205.54 4.72792e-30 
1205.55 3.78973e-30 
1205.56 3.03639e-30 
1205.57 2.43172e-30 
1205.58 1.94662e-30 
1205.59 1.5576e-30 
1205.6 1.24578e-30 
1205.61 9.96553e-31 
1205.62 7.96348e-31 
1205.63 6.36084e-31 
1205.64 5.0785e-31 
1205.65 4.05289e-31 
1205.66 3.23299e-31 
1205.67 2.57782e-31 
1205.68 2.05451e-31 
1205.69 1.63672e-31 
1205.7 1.30332e-31 
1205.71 1.03737e-31 
1205.72 8.2533e-32 
1205.73 6.54463e-32 
1205.74 5.20228e-32 
1205.75 4.13344e-32 
1205.76 3.28276e-32 
1205.77 2.60601e-32 
1205.78 2.06786e-32 
1205.79 1.64012e-32 
1205.8 1.30028e-32 
1205.81 1.03041e-32 
1205.82 8.16192e-33 
1205.83 6.46224e-33 
1205.84 5.11426e-33 
1205.85 4.04568e-33 
1205.86 3.19896e-33 
1205.87 2.52834e-33 
1205.88 1.99743e-33 
1205.89 1.57731e-33 
1205.9 1.24501e-33 
1205.91 9.82278e-34 
1205.92 7.74652e-34 
1205.93 6.10644e-34 
1205.94 4.81148e-34 
1205.95 3.78946e-34 
1205.96 2.98323e-34 
1205.96 2.34749e-34 
1205.97 1.84642e-34 
1205.98 1.4473e-34 
1205.99 1.13737e-34 
1206 8.93414e-35 
1206.01 7.01477e-35 
1206.02 5.50532e-35 
1206.03 4.31878e-35 
1206.04 3.38648e-35 
1206.05 2.65427e-35 
1206.06 2.07947e-35 
1206.07 1.62842e-35 
1206.08 1.27465e-35 
1206.09 9.97295e-36 
1206.1 7.79948e-36 
1206.11 6.09701e-36 
1206.12 4.76406e-36 
1206.13 3.72089e-36 
1206.14 2.90486e-36 
1206.15 2.26679e-36 
1206.16 1.76811e-36 
1206.17 1.37852e-36 
1206.18 1.07431e-36 
1206.19 8.3686e-37 
1206.2 6.51606e-37 
1206.21 5.07139e-37 
1206.22 3.94528e-37 
1206.23 3.05824e-37 
1206.24 2.37705e-37 
1206.25 1.84677e-37 
1206.26 1.43416e-37 
1206.27 1.11325e-37 
1206.28 8.63764e-38 
1206.29 6.69896e-38 
1206.3 5.19312e-38 
1206.31 4.024e-38 
1206.32 3.11672e-38 
1206.33 2.41294e-38 
1206.34 1.86725e-38 
1206.35 1.44434e-38 
1206.36 1.11672e-38 
1206.37 8.63037e-39 
1206.38 6.66688e-39 
1206.39 5.14785e-39 
1206.39 3.97317e-39 
1206.4 3.06519e-39 
1206.41 2.36368e-39 
1206.42 1.82191e-39 
1206.43 1.4037e-39 
1206.44 1.08101e-39 
1206.45 8.32143e-40 
1206.46 6.40284e-40 
1206.47 4.92444e-40 
1206.48 3.7733e-40 
1206.49 2.8995e-40 
1206.5 2.22706e-40 
1206.51 1.70981e-40 
1206.52 1.31213e-40 
1206.53 1.0065e-40 
1206.54 7.71709e-41 
1206.55 5.91446e-41 
1206.56 4.53082e-41 
1206.57 3.46933e-41 
1206.58 2.65532e-41 
1206.59 2.0316e-41 
1206.6 0 
