#energy geo_1 
1186.6 0 
1186.61 0 
1186.62 0 
1186.63 0 
1186.64 0 
1186.65 0 
1186.66 0 
1186.67 0 
1186.68 0 
1186.69 0 
1186.7 0 
1186.71 0 
1186.72 0 
1186.73 0 
1186.74 0 
1186.75 0 
1186.76 0 
1186.77 0 
1186.78 0 
1186.79 0 
1186.8 0 
1186.81 0 
1186.81 0 
1186.82 0 
1186.83 0 
1186.84 0 
1186.85 0 
1186.86 0 
1186.87 0 
1186.88 0 
1186.89 0 
1186.9 0 
1186.91 0 
1186.92 0 
1186.93 0 
1186.94 0 
1186.95 0 
1186.96 0 
1186.97 0 
1186.98 0 
1186.99 0 
1187 0 
1187.01 0 
1187.02 0 
1187.03 0 
1187.04 0 
1187.05 0 
1187.06 0 
1187.07 0 
1187.08 0 
1187.09 0 
1187.1 0 
1187.11 0 
1187.12 0 
1187.13 0 
1187.14 0 
1187.15 0 
1187.16 0 
1187.17 0 
1187.18 0 
1187.19 0 
1187.2 0 
1187.21 0 
1187.22 0 
1187.23 0 
1187.24 0 
1187.24 0 
1187.25 0 
1187.26 0 
1187.27 0 
1187.28 0 
1187.29 0 
1187.3 0 
1187.31 0 
1187.32 0 
1187.33 0 
1187.34 0 
1187.35 0 
1187.36 0 
1187.37 0 
1187.38 0 
1187.39 0 
1187.4 0 
1187.41 0 
1187.42 0 
1187.43 0 
1187.44 0 
1187.45 0 
1187.46 0 
1187.47 0 
1187.48 0 
1187.49 0 
1187.5 0 
1187.51 0 
1187.52 0 
1187.53 0 
1187.54 0 
1187.55 0 
1187.56 0 
1187.57 0 
1187.58 0 
1187.59 0 
1187.6 0 
1187.61 0 
1187.62 0 
1187.63 0 
1187.64 0 
1187.65 0 
1187.66 0 
1187.66 0 
1187.67 0 
1187.68 0 
1187.69 0 
1187.7 0 
1187.71 0 
1187.72 0 
1187.73 0 
1187.74 0 
1187.75 0 
1187.76 0 
1187.77 0 
1187.78 0 
1187.79 0 
1187.8 0 
1187.81 0 
1187.82 0 
1187.83 0 
1187.84 0 
1187.85 0 
1187.86 0 
1187.87 0 
1187.88 0 
1187.89 0 
1187.9 0 
1187.91 0 
1187.92 0 
1187.93 0 
1187.94 0 
1187.95 0 
1187.96 0 
1187.97 0 
1187.98 0 
1187.99 0 
1188 0 
1188.01 0 
1188.02 0 
1188.03 0 
1188.04 0 
1188.05 0 
1188.06 0 
1188.07 0 
1188.08 0 
1188.09 0 
1188.09 0 
1188.1 0 
1188.11 0 
1188.12 0 
1188.13 0 
1188.14 0 
1188.15 0 
1188.16 0 
1188.17 0 
1188.18 0 
1188.19 0 
1188.2 0 
1188.21 0 
1188.22 0 
1188.23 0 
1188.24 0 
1188.25 0 
1188.26 0 
1188.27 0 
1188.28 0 
1188.29 0 
1188.3 0 
1188.31 0 
1188.32 0 
1188.33 0 
1188.34 0 
1188.35 0 
1188.36 0 
1188.37 0 
1188.38 0 
1188.39 0 
1188.4 0 
1188.41 0 
1188.42 0 
1188.43 0 
1188.44 0 
1188.45 0 
1188.46 0 
1188.47 0 
1188.48 0 
1188.49 0 
1188.5 0 
1188.51 0 
1188.52 0 
1188.52 0 
1188.53 0 
1188.54 0 
1188.55 0 
1188.56 0 
1188.57 0 
1188.58 0 
1188.59 0 
1188.6 0 
1188.61 0 
1188.62 0 
1188.63 0 
1188.64 0 
1188.65 0 
1188.66 0 
1188.67 0 
1188.68 0 
1188.69 0 
1188.7 0 
1188.71 0 
1188.72 0 
1188.73 0 
1188.74 0 
1188.75 0 
1188.76 0 
1188.77 0 
1188.78 0 
1188.79 0 
1188.8 0 
1188.81 0 
1188.82 0 
1188.83 0 
1188.84 0 
1188.85 0 
1188.86 0 
1188.87 0 
1188.88 0 
1188.89 0 
1188.9 0 
1188.91 0 
1188.92 0 
1188.93 0 
1188.94 0 
1188.94 0 
1188.95 0 
1188.96 0 
1188.97 0 
1188.98 0 
1188.99 0 
1189 0 
1189.01 0 
1189.02 0 
1189.03 0 
1189.04 0 
1189.05 0 
1189.06 0 
1189.07 0 
1189.08 0 
1189.09 0 
1189.1 0 
1189.11 0 
1189.12 0 
1189.13 0 
1189.14 0 
1189.15 0 
1189.16 0 
1189.17 0 
1189.18 0 
1189.19 0 
1189.2 0 
1189.21 0 
1189.22 0 
1189.23 0 
1189.24 0 
1189.25 0 
1189.26 0 
1189.27 0 
1189.28 0 
1189.29 0 
1189.3 0 
1189.31 0 
1189.32 0 
1189.33 0 
1189.34 0 
1189.35 0 
1189.36 0 
1189.36 0 
1189.37 0 
1189.38 0 
1189.39 0 
1189.4 0 
1189.41 0 
1189.42 0 
1189.43 0 
1189.44 0 
1189.45 0 
1189.46 0 
1189.47 0 
1189.48 0 
1189.49 0 
1189.5 0 
1189.51 0 
1189.52 0 
1189.53 0 
1189.54 0 
1189.55 0 
1189.56 0 
1189.57 0 
1189.58 0 
1189.59 0 
1189.6 0 
1189.61 0 
1189.62 0 
1189.63 0 
1189.64 0 
1189.65 0 
1189.66 0 
1189.67 0 
1189.68 0 
1189.69 0 
1189.7 0 
1189.71 0 
1189.72 0 
1189.73 0 
1189.74 0 
1189.75 0 
1189.76 0 
1189.77 0 
1189.78 0 
1189.79 0 
1189.79 0 
1189.8 0 
1189.81 0 
1189.82 0 
1189.83 0 
1189.84 0 
1189.85 0 
1189.86 0 
1189.87 0 
1189.88 0 
1189.89 0 
1189.9 0 
1189.91 0 
1189.92 0 
1189.93 0 
1189.94 0 
1189.95 0 
1189.96 0 
1189.97 0 
1189.98 0 
1189.99 0 
1190 0 
1190.01 0 
1190.02 0 
1190.03 0 
1190.04 0 
1190.05 0 
1190.06 0 
1190.07 0 
1190.08 0 
1190.09 0 
1190.1 0 
1190.11 0 
1190.12 0 
1190.13 0 
1190.14 0 
1190.15 0 
1190.16 0 
1190.17 0 
1190.18 0 
1190.19 0 
1190.2 0 
1190.21 0 
1190.21 0 
1190.22 0 
1190.23 0 
1190.24 0 
1190.25 0 
1190.26 0 
1190.27 0 
1190.28 0 
1190.29 0 
1190.3 0 
1190.31 0 
1190.32 0 
1190.33 0 
1190.34 0 
1190.35 0 
1190.36 0 
1190.37 0 
1190.38 0 
1190.39 0 
1190.4 0 
1190.41 0 
1190.42 0 
1190.43 0 
1190.44 0 
1190.45 0 
1190.46 0 
1190.47 0 
1190.48 0 
1190.49 0 
1190.5 0 
1190.51 0 
1190.52 0 
1190.53 0 
1190.54 0 
1190.55 0 
1190.56 0 
1190.57 0 
1190.58 0 
1190.59 0 
1190.6 0 
1190.61 0 
1190.62 0 
1190.63 0 
1190.64 0 
1190.64 0 
1190.65 0 
1190.66 0 
1190.67 0 
1190.68 0 
1190.69 0 
1190.7 0 
1190.71 0 
1190.72 0 
1190.73 0 
1190.74 0 
1190.75 0 
1190.76 0 
1190.77 0 
1190.78 1.4013e-45 
1190.79 1.4013e-45 
1190.8 1.4013e-45 
1190.81 2.8026e-45 
1190.82 2.8026e-45 
1190.83 2.8026e-45 
1190.84 4.2039e-45 
1190.85 7.00649e-45 
1190.86 9.80909e-45 
1190.87 1.4013e-44 
1190.88 1.82169e-44 
1190.89 2.66247e-44 
1190.9 3.78351e-44 
1190.91 5.32493e-44 
1190.92 7.42688e-44 
1190.93 1.05097e-43 
1190.94 1.45735e-43 
1190.95 2.01787e-43 
1190.96 2.81661e-43 
1190.97 3.93765e-43 
1190.98 5.52112e-43 
1190.99 7.6651e-43 
1191 1.06639e-42 
1191.01 1.48257e-42 
1191.02 2.05991e-42 
1191.03 2.85865e-42 
1191.04 3.96427e-42 
1191.05 5.49309e-42 
1191.06 7.60765e-42 
1191.07 1.05252e-41 
1191.07 1.45525e-41 
1191.08 2.01058e-41 
1191.09 2.77541e-41 
1191.1 3.82863e-41 
1191.11 5.27715e-41 
1191.12 7.2684e-41 
1191.13 1.00032e-40 
1191.14 1.37564e-40 
1191.15 1.89034e-40 
1191.16 2.59565e-40 
1191.17 3.5614e-40 
1191.18 4.88274e-40 
1191.19 6.68921e-40 
1191.2 9.15705e-40 
1191.21 1.25258e-39 
1191.22 1.71207e-39 
1191.23 2.34746e-39 
1191.24 3.20367e-39 
1191.25 4.36885e-39 
1191.26 5.95325e-39 
1191.27 8.10607e-39 
1191.28 1.1029e-38 
1191.29 1.49944e-38 
1191.3 2.037e-38 
1191.31 2.76517e-38 
1191.32 3.75077e-38 
1191.33 5.0838e-38 
1191.34 6.88533e-38 
1191.35 9.31815e-38 
1191.36 1.26009e-37 
1191.37 1.70273e-37 
1191.38 2.29909e-37 
1191.39 3.10196e-37 
1191.4 4.182e-37 
1191.41 5.63379e-37 
1191.42 7.58379e-37 
1191.43 1.02009e-36 
1191.44 1.37108e-36 
1191.45 1.84142e-36 
1191.46 2.47123e-36 
1191.47 3.31392e-36 
1191.48 4.45942e-36 
1191.49 5.96742e-36 
1191.49 7.98393e-36 
1191.5 1.06737e-35 
1191.51 1.42588e-35 
1191.52 1.90335e-35 
1191.53 2.53877e-35 
1191.54 3.38373e-35 
1191.55 4.50648e-35 
1191.56 5.99719e-35 
1191.57 7.97493e-35 
1191.58 1.05968e-34 
1191.59 1.40699e-34 
1191.6 1.86786e-34 
1191.61 2.47627e-34 
1191.62 3.28034e-34 
1191.63 4.3422e-34 
1191.64 5.7434e-34 
1191.65 7.59096e-34 
1191.66 1.00252e-33 
1191.67 1.32299e-33 
1191.68 1.74458e-33 
1191.69 2.29876e-33 
1191.7 3.02667e-33 
1191.71 3.98202e-33 
1191.72 5.23494e-33 
1191.73 6.90029e-33 
1191.74 9.0575e-33 
1191.75 1.188e-32 
1191.76 1.55703e-32 
1191.77 2.03912e-32 
1191.78 2.66845e-32 
1191.79 3.48934e-32 
1191.8 4.55928e-32 
1191.81 5.95274e-32 
1191.82 7.76617e-32 
1191.83 1.01243e-31 
1191.84 1.31884e-31 
1191.85 1.71668e-31 
1191.86 2.23282e-31 
1191.87 2.90192e-31 
1191.88 3.76867e-31 
1191.89 4.89055e-31 
1191.9 6.34157e-31 
1191.91 8.21683e-31 
1191.92 1.06385e-30 
1191.92 1.37634e-30 
1191.93 1.77926e-30 
1191.94 2.29837e-30 
1191.95 2.96668e-30 
1191.96 3.82639e-30 
1191.97 4.93148e-30 
1191.98 6.37096e-30 
1191.99 8.19833e-30 
1192 1.05418e-29 
1192.01 1.35448e-29 
1192.02 1.739e-29 
1192.03 2.23097e-29 
1192.04 2.85995e-29 
1192.05 3.66346e-29 
1192.06 4.68913e-29 
1192.07 5.99738e-29 
1192.08 7.66478e-29 
1192.09 9.78829e-29 
1192.1 1.24906e-28 
1192.11 1.59267e-28 
1192.12 2.02927e-28 
1192.13 2.58357e-28 
1192.14 3.28678e-28 
1192.15 4.17819e-28 
1192.16 5.30733e-28 
1192.17 6.73646e-28 
1192.18 8.54389e-28 
1192.19 1.0828e-27 
1192.2 1.37123e-27 
1192.21 1.73516e-27 
1192.22 2.19401e-27 
1192.23 2.78019e-27 
1192.24 3.50999e-27 
1192.25 4.42799e-27 
1192.26 5.58181e-27 
1192.27 7.03094e-27 
1192.28 8.84951e-27 
1192.29 1.113e-26 
1192.3 1.39874e-26 
1192.31 1.75651e-26 
1192.32 2.2041e-26 
1192.33 2.76363e-26 
1192.34 3.46256e-26 
1192.34 4.33495e-26 
1192.35 5.423e-26 
1192.36 6.77896e-26 
1192.37 8.46751e-26 
1192.38 1.05686e-25 
1192.39 1.31809e-25 
1192.4 1.64265e-25 
1192.41 2.04555e-25 
1192.42 2.54534e-25 
1192.43 3.16483e-25 
1192.44 3.93209e-25 
1192.45 4.88162e-25 
1192.46 6.05584e-25 
1192.47 7.50676e-25 
1192.48 9.32308e-25 
1192.49 1.15391e-24 
1192.5 1.42709e-24 
1192.51 1.7636e-24 
1192.52 2.1778e-24 
1192.53 2.68722e-24 
1192.54 3.31328e-24 
1192.55 4.08207e-24 
1192.56 5.02542e-24 
1192.57 6.18206e-24 
1192.58 7.5991e-24 
1192.59 9.33382e-24 
1192.6 1.14558e-23 
1192.61 1.40582e-23 
1192.62 1.72279e-23 
1192.63 2.10962e-23 
1192.64 2.58134e-23 
1192.65 3.15613e-23 
1192.66 3.85596e-23 
1192.67 4.70737e-23 
1192.68 5.7424e-23 
1192.69 6.99967e-23 
1192.7 8.52569e-23 
1192.71 1.03765e-22 
1192.72 1.26194e-22 
1192.73 1.53729e-22 
1192.74 1.86671e-22 
1192.75 2.265e-22 
1192.76 2.74617e-22 
1192.77 3.32703e-22 
1192.77 4.02767e-22 
1192.78 4.87213e-22 
1192.79 5.88916e-22 
1192.8 7.11305e-22 
1192.81 8.58475e-22 
1192.82 1.0353e-21 
1192.83 1.2476e-21 
1192.84 1.50229e-21 
1192.85 1.80759e-21 
1192.86 2.17327e-21 
1192.87 2.61094e-21 
1192.88 3.13436e-21 
1192.89 3.75984e-21 
1192.9 4.50669e-21 
1192.91 5.39778e-21 
1192.92 6.46014e-21 
1192.93 7.72568e-21 
1192.94 9.23209e-21 
1192.95 1.10238e-20 
1192.96 1.31532e-20 
1192.97 1.5682e-20 
1192.98 1.87235e-20 
1192.99 2.2289e-20 
1193 2.65131e-20 
1193.01 3.15138e-20 
1193.02 3.7429e-20 
1193.03 4.44207e-20 
1193.04 5.26781e-20 
1193.05 6.2423e-20 
1193.06 7.3914e-20 
1193.07 8.74537e-20 
1193.08 1.03395e-19 
1193.09 1.22148e-19 
1193.1 1.44193e-19 
1193.11 1.70086e-19 
1193.12 2.00476e-19 
1193.13 2.36116e-19 
1193.14 2.7788e-19 
1193.15 3.26781e-19 
1193.16 3.83995e-19 
1193.17 4.50882e-19 
1193.18 5.29016e-19 
1193.19 6.20216e-19 
1193.19 7.26584e-19 
1193.2 8.50546e-19 
1193.21 9.94897e-19 
1193.22 1.1653e-18 
1193.23 1.36077e-18 
1193.24 1.58806e-18 
1193.25 1.8519e-18 
1193.26 2.15793e-18 
1193.27 2.51261e-18 
1193.28 2.92335e-18 
1193.29 3.39864e-18 
1193.3 3.9482e-18 
1193.31 4.58312e-18 
1193.32 5.31609e-18 
1193.33 6.16157e-18 
1193.34 7.13608e-18 
1193.35 8.25841e-18 
1193.36 9.54996e-18 
1193.37 1.10351e-17 
1193.38 1.27414e-17 
1193.39 1.47004e-17 
1193.4 1.69476e-17 
1193.41 1.95235e-17 
1193.42 2.24737e-17 
1193.43 2.58499e-17 
1193.44 2.97107e-17 
1193.45 3.41221e-17 
1193.46 3.91586e-17 
1193.47 4.49042e-17 
1193.48 5.1541e-17 
1193.49 5.90128e-17 
1193.5 6.75161e-17 
1193.51 7.71859e-17 
1193.52 8.81732e-17 
1193.53 1.00648e-16 
1193.54 1.148e-16 
1193.55 1.30841e-16 
1193.56 1.49011e-16 
1193.57 1.69574e-16 
1193.58 1.92828e-16 
1193.59 2.19104e-16 
1193.6 2.48769e-16 
1193.61 2.82411e-16 
1193.62 3.2016e-16 
1193.62 3.62677e-16 
1193.63 4.10528e-16 
1193.64 4.64337e-16 
1193.65 5.24798e-16 
1193.66 5.9268e-16 
1193.67 6.68832e-16 
1193.68 7.54192e-16 
1193.69 8.49798e-16 
1193.7 9.56793e-16 
1193.71 1.07644e-15 
1193.72 1.21012e-15 
1193.73 1.36134e-15 
1193.74 1.52806e-15 
1193.75 1.71388e-15 
1193.76 1.92084e-15 
1193.77 2.15114e-15 
1193.78 2.40722e-15 
1193.79 2.69173e-15 
1193.8 3.00757e-15 
1193.81 3.35791e-15 
1193.82 3.74619e-15 
1193.83 4.17619e-15 
1193.84 4.652e-15 
1193.85 5.17805e-15 
1193.86 5.75921e-15 
1193.87 6.4007e-15 
1193.88 7.10821e-15 
1193.89 7.88792e-15 
1193.9 8.74647e-15 
1193.91 9.69107e-15 
1193.92 1.07295e-14 
1193.93 1.18701e-14 
1193.94 1.3122e-14 
1193.95 1.44949e-14 
1193.96 1.59991e-14 
1193.97 1.7646e-14 
1193.98 1.94711e-14 
1193.99 2.14425e-14 
1194 2.35954e-14 
1194.01 2.59447e-14 
1194.02 2.85061e-14 
1194.03 3.12965e-14 
1194.04 3.43339e-14 
1194.05 3.76373e-14 
1194.05 4.12271e-14 
1194.06 4.51248e-14 
1194.07 4.93533e-14 
1194.08 5.39369e-14 
1194.09 5.89013e-14 
1194.1 6.42735e-14 
1194.11 7.00822e-14 
1194.12 7.63575e-14 
1194.13 8.31313e-14 
1194.14 9.0437e-14 
1194.15 9.83097e-14 
1194.16 1.06786e-13 
1194.17 1.15905e-13 
1194.18 1.25707e-13 
1194.19 1.36233e-13 
1194.2 1.47528e-13 
1194.21 1.59638e-13 
1194.22 1.72611e-13 
1194.23 1.86674e-13 
1194.24 2.01534e-13 
1194.25 2.1741e-13 
1194.26 2.34359e-13 
1194.27 2.52435e-13 
1194.28 2.71699e-13 
1194.29 2.9221e-13 
1194.3 3.14029e-13 
1194.31 3.3722e-13 
1194.32 3.61847e-13 
1194.33 3.87977e-13 
1194.34 4.15677e-13 
1194.35 4.45014e-13 
1194.36 4.76059e-13 
1194.37 5.08881e-13 
1194.38 5.43551e-13 
1194.39 5.8014e-13 
1194.4 6.18719e-13 
1194.41 6.59361e-13 
1194.42 7.02137e-13 
1194.43 7.47118e-13 
1194.44 7.94373e-13 
1194.45 8.43973e-13 
1194.46 8.95987e-13 
1194.47 9.5048e-13 
1194.47 1.00826e-12 
1194.48 1.06793e-12 
1194.49 1.13028e-12 
1194.5 1.19535e-12 
1194.51 1.26321e-12 
1194.52 1.33391e-12 
1194.53 1.40748e-12 
1194.54 1.48399e-12 
1194.55 1.56345e-12 
1194.56 1.64592e-12 
1194.57 1.73141e-12 
1194.58 1.81995e-12 
1194.59 1.91157e-12 
1194.6 2.00626e-12 
1194.61 2.10534e-12 
1194.62 2.20626e-12 
1194.63 2.31026e-12 
1194.64 2.41731e-12 
1194.65 2.5274e-12 
1194.66 2.64048e-12 
1194.67 2.75652e-12 
1194.68 2.87546e-12 
1194.69 2.99725e-12 
1194.7 3.12181e-12 
1194.71 3.24907e-12 
1194.72 3.37894e-12 
1194.73 3.51299e-12 
1194.74 3.6478e-12 
1194.75 3.78489e-12 
1194.76 3.92414e-12 
1194.77 4.06542e-12 
1194.78 4.20856e-12 
1194.79 4.35342e-12 
1194.8 4.49983e-12 
1194.81 4.64762e-12 
1194.82 4.79661e-12 
1194.83 4.94659e-12 
1194.84 5.09737e-12 
1194.85 5.24874e-12 
1194.86 5.40048e-12 
1194.87 5.55237e-12 
1194.88 5.70418e-12 
1194.89 5.85567e-12 
1194.9 6.00659e-12 
1194.9 6.15671e-12 
1194.91 6.30577e-12 
1194.92 6.45351e-12 
1194.93 6.59967e-12 
1194.94 6.74399e-12 
1194.95 6.88621e-12 
1194.96 7.02607e-12 
1194.97 7.16331e-12 
1194.98 7.29931e-12 
1194.99 7.43046e-12 
1195 7.55819e-12 
1195.01 7.68226e-12 
1195.02 7.80241e-12 
1195.03 7.91839e-12 
1195.04 8.02997e-12 
1195.05 8.13691e-12 
1195.06 8.23898e-12 
1195.07 8.33597e-12 
1195.08 8.42767e-12 
1195.09 8.51388e-12 
1195.1 8.59441e-12 
1195.11 8.66909e-12 
1195.12 8.73775e-12 
1195.13 8.80023e-12 
1195.14 8.8564e-12 
1195.15 8.90613e-12 
1195.16 8.94931e-12 
1195.17 8.98584e-12 
1195.18 9.01564e-12 
1195.19 9.03864e-12 
1195.2 9.05479e-12 
1195.21 9.06405e-12 
1195.22 9.06641e-12 
1195.23 9.06175e-12 
1195.24 9.05021e-12 
1195.25 9.0318e-12 
1195.26 9.00656e-12 
1195.27 8.97455e-12 
1195.28 8.93584e-12 
1195.29 8.89054e-12 
1195.3 8.83874e-12 
1195.31 8.78057e-12 
1195.32 8.71615e-12 
1195.32 8.64566e-12 
1195.33 8.56924e-12 
1195.34 8.48707e-12 
1195.35 8.39936e-12 
1195.36 8.3063e-12 
1195.37 8.20812e-12 
1195.38 8.10504e-12 
1195.39 7.99731e-12 
1195.4 7.88519e-12 
1195.41 7.76896e-12 
1195.42 7.64888e-12 
1195.43 7.52526e-12 
1195.44 7.39842e-12 
1195.45 7.26868e-12 
1195.46 7.13638e-12 
1195.47 7.00189e-12 
1195.48 6.86388e-12 
1195.49 6.72616e-12 
1195.5 6.58748e-12 
1195.51 6.4483e-12 
1195.52 6.30913e-12 
1195.53 6.17049e-12 
1195.54 6.03299e-12 
1195.55 5.89727e-12 
1195.56 5.76405e-12 
1195.57 5.63412e-12 
1195.58 5.50837e-12 
1195.59 5.38779e-12 
1195.6 5.27351e-12 
1195.61 5.17e-12 
1195.62 5.07227e-12 
1195.63 4.98524e-12 
1195.64 4.9108e-12 
1195.65 4.85113e-12 
1195.66 4.80877e-12 
1195.67 4.78659e-12 
1195.68 4.78794e-12 
1195.69 4.81668e-12 
1195.7 4.87728e-12 
1195.71 4.97488e-12 
1195.72 5.11544e-12 
1195.73 5.30858e-12 
1195.74 5.55757e-12 
1195.75 5.87367e-12 
1195.75 6.26751e-12 
1195.76 6.75134e-12 
1195.77 7.3393e-12 
1195.78 8.04766e-12 
1195.79 8.89515e-12 
1195.8 9.90332e-12 
1195.81 1.10969e-11 
1195.82 1.25043e-11 
1195.83 1.41582e-11 
1195.84 1.60957e-11 
1195.85 1.83598e-11 
1195.86 2.09991e-11 
1195.87 2.40694e-11 
1195.88 2.76345e-11 
1195.89 3.17667e-11 
1195.9 3.65488e-11 
1195.91 4.20746e-11 
1195.92 4.84508e-11 
1195.93 5.57986e-11 
1195.94 6.4255e-11 
1195.95 7.39758e-11 
1195.96 8.51365e-11 
1195.97 9.79361e-11 
1195.98 1.12795e-10 
1195.99 1.29601e-10 
1196 1.48812e-10 
1196.01 1.70749e-10 
1196.02 1.95771e-10 
1196.03 2.24284e-10 
1196.04 2.56741e-10 
1196.05 2.9365e-10 
1196.06 3.3558e-10 
1196.07 3.83167e-10 
1196.08 4.37118e-10 
1196.09 4.98226e-10 
1196.1 5.6737e-10 
1196.11 6.45529e-10 
1196.12 7.33792e-10 
1196.13 8.33367e-10 
1196.14 9.45591e-10 
1196.15 1.07195e-09 
1196.16 1.21408e-09 
1196.17 1.37379e-09 
1196.17 1.55308e-09 
1196.18 1.75415e-09 
1196.19 1.97944e-09 
1196.2 2.23159e-09 
1196.21 2.51354e-09 
1196.22 2.8329e-09 
1196.23 3.18463e-09 
1196.24 3.57701e-09 
1196.25 4.01403e-09 
1196.26 4.50027e-09 
1196.27 5.04074e-09 
1196.28 5.6409e-09 
1196.29 6.30666e-09 
1196.3 7.04448e-09 
1196.31 7.86133e-09 
1196.32 8.76477e-09 
1196.33 9.76299e-09 
1196.34 1.08648e-08 
1196.35 1.20798e-08 
1196.36 1.34182e-08 
1196.37 1.48911e-08 
1196.38 1.65104e-08 
1196.39 1.82888e-08 
1196.4 2.024e-08 
1196.41 2.23786e-08 
1196.42 2.47202e-08 
1196.43 2.72816e-08 
1196.44 3.00805e-08 
1196.45 3.31358e-08 
1196.46 3.64676e-08 
1196.47 4.00973e-08 
1196.48 4.40989e-08 
1196.49 4.83977e-08 
1196.5 5.30664e-08 
1196.51 5.81316e-08 
1196.52 6.36213e-08 
1196.53 6.95648e-08 
1196.54 7.59932e-08 
1196.55 8.29387e-08 
1196.56 9.04351e-08 
1196.57 9.85177e-08 
1196.58 1.07223e-07 
1196.59 1.1659e-07 
1196.6 1.26658e-07 
1196.6 1.37552e-07 
1196.61 1.49153e-07 
1196.62 1.61582e-07 
1196.63 1.74885e-07 
1196.64 1.89108e-07 
1196.65 2.04298e-07 
1196.66 2.20504e-07 
1196.67 2.37775e-07 
1196.68 2.56162e-07 
1196.69 2.75714e-07 
1196.7 2.96484e-07 
1196.71 3.18523e-07 
1196.72 3.41883e-07 
1196.73 3.66935e-07 
1196.74 3.93112e-07 
1196.75 4.20766e-07 
1196.76 4.49948e-07 
1196.77 4.80709e-07 
1196.78 5.13097e-07 
1196.79 5.47159e-07 
1196.8 5.82942e-07 
1196.81 6.2049e-07 
1196.82 6.59845e-07 
1196.83 7.01046e-07 
1196.84 7.44129e-07 
1196.85 7.89128e-07 
1196.86 8.36074e-07 
1196.87 8.84991e-07 
1196.88 9.35903e-07 
1196.89 9.88826e-07 
1196.9 1.04377e-06 
1196.91 1.10076e-06 
1196.92 1.15977e-06 
1196.93 1.22082e-06 
1196.94 1.28389e-06 
1196.95 1.34897e-06 
1196.96 1.41604e-06 
1196.97 1.48506e-06 
1196.98 1.5569e-06 
1196.99 1.62975e-06 
1197 1.70442e-06 
1197.01 1.78087e-06 
1197.02 1.85902e-06 
1197.03 1.9388e-06 
1197.03 2.02013e-06 
1197.04 2.10292e-06 
1197.05 2.18708e-06 
1197.06 2.2725e-06 
1197.07 2.35906e-06 
1197.08 2.44666e-06 
1197.09 2.53516e-06 
1197.1 2.62442e-06 
1197.11 2.71432e-06 
1197.12 2.80469e-06 
1197.13 2.89538e-06 
1197.14 2.98624e-06 
1197.15 3.07709e-06 
1197.16 3.16778e-06 
1197.17 3.25811e-06 
1197.18 3.34792e-06 
1197.19 3.43701e-06 
1197.2 3.52521e-06 
1197.21 3.61232e-06 
1197.22 3.69815e-06 
1197.23 3.78356e-06 
1197.24 3.86625e-06 
1197.25 3.94708e-06 
1197.26 4.02587e-06 
1197.27 4.10243e-06 
1197.28 4.17657e-06 
1197.29 4.24811e-06 
1197.3 4.31687e-06 
1197.31 4.38268e-06 
1197.32 4.44538e-06 
1197.33 4.50479e-06 
1197.34 4.56077e-06 
1197.35 4.61317e-06 
1197.36 4.66184e-06 
1197.37 4.70667e-06 
1197.38 4.74752e-06 
1197.39 4.7843e-06 
1197.4 4.81689e-06 
1197.41 4.84521e-06 
1197.42 4.86918e-06 
1197.43 4.88874e-06 
1197.44 4.90383e-06 
1197.45 4.91441e-06 
1197.45 4.92044e-06 
1197.46 4.92193e-06 
1197.47 4.91885e-06 
1197.48 4.91109e-06 
1197.49 4.89888e-06 
1197.5 4.88216e-06 
1197.51 4.861e-06 
1197.52 4.83544e-06 
1197.53 4.80556e-06 
1197.54 4.77144e-06 
1197.55 4.73318e-06 
1197.56 4.69087e-06 
1197.57 4.64464e-06 
1197.58 4.5946e-06 
1197.59 4.54089e-06 
1197.6 4.48364e-06 
1197.61 4.42575e-06 
1197.62 4.36186e-06 
1197.63 4.29492e-06 
1197.64 4.22509e-06 
1197.65 4.15254e-06 
1197.66 4.07745e-06 
1197.67 4.00002e-06 
1197.68 3.92042e-06 
1197.69 3.83884e-06 
1197.7 3.75548e-06 
1197.71 3.67053e-06 
1197.72 3.58417e-06 
1197.73 3.49551e-06 
1197.74 3.40691e-06 
1197.75 3.31748e-06 
1197.76 3.2274e-06 
1197.77 3.13687e-06 
1197.78 3.04605e-06 
1197.79 2.95511e-06 
1197.8 2.86424e-06 
1197.81 2.77359e-06 
1197.82 2.68332e-06 
1197.83 2.59358e-06 
1197.84 2.50452e-06 
1197.85 2.41628e-06 
1197.86 2.32899e-06 
1197.87 2.24277e-06 
1197.88 2.15775e-06 
1197.88 2.07402e-06 
1197.89 1.9917e-06 
1197.9 1.91087e-06 
1197.91 1.83162e-06 
1197.92 1.75404e-06 
1197.93 1.67818e-06 
1197.94 1.60412e-06 
1197.95 1.5319e-06 
1197.96 1.46158e-06 
1197.97 1.3932e-06 
1197.98 1.32597e-06 
1197.99 1.26158e-06 
1198 1.1992e-06 
1198.01 1.13885e-06 
1198.02 1.08053e-06 
1198.03 1.02425e-06 
1198.04 9.70007e-07 
1198.05 9.17783e-07 
1198.06 8.67566e-07 
1198.07 8.19336e-07 
1198.08 7.73071e-07 
1198.09 7.28743e-07 
1198.1 6.8632e-07 
1198.11 6.45768e-07 
1198.12 6.07049e-07 
1198.13 5.70123e-07 
1198.14 5.34948e-07 
1198.15 5.01477e-07 
1198.16 4.69666e-07 
1198.17 4.39465e-07 
1198.18 4.10824e-07 
1198.19 3.83695e-07 
1198.2 3.58026e-07 
1198.21 3.33764e-07 
1198.22 3.10858e-07 
1198.23 2.88994e-07 
1198.24 2.68659e-07 
1198.25 2.49524e-07 
1198.26 2.31537e-07 
1198.27 2.14648e-07 
1198.28 1.98806e-07 
1198.29 1.83963e-07 
1198.3 1.70071e-07 
1198.3 1.57082e-07 
1198.31 1.44951e-07 
1198.32 1.33634e-07 
1198.33 1.23085e-07 
1198.34 1.13265e-07 
1198.35 1.04132e-07 
1198.36 9.56466e-08 
1198.37 8.77717e-08 
1198.38 8.04709e-08 
1198.39 7.37092e-08 
1198.4 6.74535e-08 
1198.41 6.1672e-08 
1198.42 5.63341e-08 
1198.43 5.14111e-08 
1198.44 4.68753e-08 
1198.45 4.27006e-08 
1198.46 3.88624e-08 
1198.47 3.5337e-08 
1198.48 3.20638e-08 
1198.49 2.91024e-08 
1198.5 2.6391e-08 
1198.51 2.3911e-08 
1198.52 2.16452e-08 
1198.53 1.95772e-08 
1198.54 1.76917e-08 
1198.55 1.59746e-08 
1198.56 1.44126e-08 
1198.57 1.29931e-08 
1198.58 1.17047e-08 
1198.59 1.05366e-08 
1198.6 9.47884e-09 
1198.61 8.52749e-09 
1198.62 7.66296e-09 
1198.63 6.88319e-09 
1198.64 6.18088e-09 
1198.65 5.54933e-09 
1198.66 4.98236e-09 
1198.67 4.47432e-09 
1198.68 4.02e-09 
1198.69 3.61467e-09 
1198.7 3.25399e-09 
1198.71 2.934e-09 
1198.72 2.65112e-09 
1198.73 2.39918e-09 
1198.73 2.18143e-09 
1198.74 1.99189e-09 
1198.75 1.82819e-09 
1198.76 1.68819e-09 
1198.77 1.56999e-09 
1198.78 1.4719e-09 
1198.79 1.39243e-09 
1198.8 1.33029e-09 
1198.81 1.28434e-09 
1198.82 1.25362e-09 
1198.83 1.23731e-09 
1198.84 1.23474e-09 
1198.85 1.24536e-09 
1198.86 1.26875e-09 
1198.87 1.3046e-09 
1198.88 1.35273e-09 
1198.89 1.41304e-09 
1198.9 1.48554e-09 
1198.91 1.57033e-09 
1198.92 1.66762e-09 
1198.93 1.77767e-09 
1198.94 1.90086e-09 
1198.95 2.03764e-09 
1198.96 2.18854e-09 
1198.97 2.35417e-09 
1198.98 2.53759e-09 
1198.99 2.73505e-09 
1199 2.94955e-09 
1199.01 3.18204e-09 
1199.02 3.43351e-09 
1199.03 3.70504e-09 
1199.04 3.99781e-09 
1199.05 4.31307e-09 
1199.06 4.65214e-09 
1199.07 5.01643e-09 
1199.08 5.40745e-09 
1199.09 5.82678e-09 
1199.1 6.2761e-09 
1199.11 6.75718e-09 
1199.12 7.27187e-09 
1199.13 7.82214e-09 
1199.14 8.41003e-09 
1199.15 9.0377e-09 
1199.15 9.70739e-09 
1199.16 1.04215e-08 
1199.17 1.11824e-08 
1199.18 1.19927e-08 
1199.19 1.28551e-08 
1199.2 1.37724e-08 
1199.21 1.47474e-08 
1199.22 1.5797e-08 
1199.23 1.68971e-08 
1199.24 1.80648e-08 
1199.25 1.9303e-08 
1199.26 2.06152e-08 
1199.27 2.20049e-08 
1199.28 2.3476e-08 
1199.29 2.50321e-08 
1199.3 2.66772e-08 
1199.31 2.84154e-08 
1199.32 3.02508e-08 
1199.33 3.21876e-08 
1199.34 3.42303e-08 
1199.35 3.63833e-08 
1199.36 3.86513e-08 
1199.37 4.10387e-08 
1199.38 4.35506e-08 
1199.39 4.61916e-08 
1199.4 4.89667e-08 
1199.41 5.18811e-08 
1199.42 5.49396e-08 
1199.43 5.81476e-08 
1199.44 6.15102e-08 
1199.45 6.50326e-08 
1199.46 6.87203e-08 
1199.47 7.25785e-08 
1199.48 7.66641e-08 
1199.49 8.08817e-08 
1199.5 8.5286e-08 
1199.51 8.98823e-08 
1199.52 9.4676e-08 
1199.53 9.96724e-08 
1199.54 1.04877e-07 
1199.55 1.10294e-07 
1199.56 1.15929e-07 
1199.57 1.21788e-07 
1199.58 1.27875e-07 
1199.58 1.34195e-07 
1199.59 1.40752e-07 
1199.6 1.47551e-07 
1199.61 1.54691e-07 
1199.62 1.61991e-07 
1199.63 1.69545e-07 
1199.64 1.77358e-07 
1199.65 1.85431e-07 
1199.66 1.9377e-07 
1199.67 2.02375e-07 
1199.68 2.1125e-07 
1199.69 2.20398e-07 
1199.7 2.29819e-07 
1199.71 2.39516e-07 
1199.72 2.49488e-07 
1199.73 2.59869e-07 
1199.74 2.70399e-07 
1199.75 2.81208e-07 
1199.76 2.92292e-07 
1199.77 3.03653e-07 
1199.78 3.15287e-07 
1199.79 3.27192e-07 
1199.8 3.39367e-07 
1199.81 3.51808e-07 
1199.82 3.64511e-07 
1199.83 3.77472e-07 
1199.84 3.90686e-07 
1199.85 4.04148e-07 
1199.86 4.17851e-07 
1199.87 4.31789e-07 
1199.88 4.45955e-07 
1199.89 4.60341e-07 
1199.9 4.74939e-07 
1199.91 4.89739e-07 
1199.92 5.04732e-07 
1199.93 5.19907e-07 
1199.94 5.35254e-07 
1199.95 5.50761e-07 
1199.96 5.66416e-07 
1199.97 5.82207e-07 
1199.98 5.9832e-07 
1199.99 6.14342e-07 
1200 6.30458e-07 
1200.01 6.46653e-07 
1200.01 6.62912e-07 
1200.02 6.79218e-07 
1200.03 6.95556e-07 
1200.04 7.11909e-07 
1200.05 7.28258e-07 
1200.06 7.44588e-07 
1200.07 7.60879e-07 
1200.08 7.77113e-07 
1200.09 7.93273e-07 
1200.1 8.09338e-07 
1200.11 8.2529e-07 
1200.12 8.4111e-07 
1200.13 8.56778e-07 
1200.14 8.72274e-07 
1200.15 8.8758e-07 
1200.16 9.02674e-07 
1200.17 9.17538e-07 
1200.18 9.32152e-07 
1200.19 9.46497e-07 
1200.2 9.60553e-07 
1200.21 9.74301e-07 
1200.22 9.87722e-07 
1200.23 1.00096e-06 
1200.24 1.01366e-06 
1200.25 1.02599e-06 
1200.26 1.03791e-06 
1200.27 1.04942e-06 
1200.28 1.0605e-06 
1200.29 1.07112e-06 
1200.3 1.08128e-06 
1200.31 1.09096e-06 
1200.32 1.10015e-06 
1200.33 1.10883e-06 
1200.34 1.11699e-06 
1200.35 1.12462e-06 
1200.36 1.13171e-06 
1200.37 1.13825e-06 
1200.38 1.14422e-06 
1200.39 1.14962e-06 
1200.4 1.15445e-06 
1200.41 1.15869e-06 
1200.42 1.16235e-06 
1200.43 1.16541e-06 
1200.43 1.16788e-06 
1200.44 1.16974e-06 
1200.45 1.17101e-06 
1200.46 1.17168e-06 
1200.47 1.17175e-06 
1200.48 1.17122e-06 
1200.49 1.1701e-06 
1200.5 1.16839e-06 
1200.51 1.1661e-06 
1200.52 1.16324e-06 
1200.53 1.15981e-06 
1200.54 1.15582e-06 
1200.55 1.1513e-06 
1200.56 1.14623e-06 
1200.57 1.14065e-06 
1200.58 1.13456e-06 
1200.59 1.12798e-06 
1200.6 1.12093e-06 
1200.61 1.1141e-06 
1200.62 1.10614e-06 
1200.63 1.09777e-06 
1200.64 1.089e-06 
1200.65 1.07985e-06 
1200.66 1.07034e-06 
1200.67 1.06051e-06 
1200.68 1.05037e-06 
1200.69 1.03995e-06 
1200.7 1.02928e-06 
1200.71 1.01838e-06 
1200.72 1.00729e-06 
1200.73 9.95883e-07 
1200.74 9.8448e-07 
1200.75 9.72969e-07 
1200.76 9.61382e-07 
1200.77 9.49751e-07 
1200.78 9.38109e-07 
1200.79 9.26489e-07 
1200.8 9.14925e-07 
1200.81 9.03451e-07 
1200.82 8.92103e-07 
1200.83 8.80915e-07 
1200.84 8.69924e-07 
1200.85 8.59165e-07 
1200.85 8.48676e-07 
1200.86 8.38493e-07 
1200.87 8.28653e-07 
1200.88 8.19193e-07 
1200.89 8.1015e-07 
1200.9 8.01562e-07 
1200.91 7.93467e-07 
1200.92 7.85901e-07 
1200.93 7.78903e-07 
1200.94 7.72508e-07 
1200.95 7.66755e-07 
1200.96 7.61679e-07 
1200.97 7.57317e-07 
1200.98 7.53665e-07 
1200.99 7.50849e-07 
1201 7.48853e-07 
1201.01 7.47713e-07 
1201.02 7.47461e-07 
1201.03 7.4813e-07 
1201.04 7.49752e-07 
1201.05 7.52359e-07 
1201.06 7.5598e-07 
1201.07 7.60643e-07 
1201.08 7.66377e-07 
1201.09 7.73208e-07 
1201.1 7.8116e-07 
1201.11 7.90258e-07 
1201.12 8.00522e-07 
1201.13 8.11973e-07 
1201.14 8.2463e-07 
1201.15 8.38509e-07 
1201.16 8.53623e-07 
1201.17 8.69987e-07 
1201.18 8.8761e-07 
1201.19 9.065e-07 
1201.2 9.26663e-07 
1201.21 9.48101e-07 
1201.22 9.70817e-07 
1201.23 9.95116e-07 
1201.24 1.02039e-06 
1201.25 1.04693e-06 
1201.26 1.07473e-06 
1201.27 1.10376e-06 
1201.28 1.13401e-06 
1201.28 1.16547e-06 
1201.29 1.19812e-06 
1201.3 1.23192e-06 
1201.31 1.26685e-06 
1201.32 1.30287e-06 
1201.33 1.33996e-06 
1201.34 1.37807e-06 
1201.35 1.41717e-06 
1201.36 1.45721e-06 
1201.37 1.49813e-06 
1201.38 1.5399e-06 
1201.39 1.58246e-06 
1201.4 1.62574e-06 
1201.41 1.6697e-06 
1201.42 1.71427e-06 
1201.43 1.75938e-06 
1201.44 1.80497e-06 
1201.45 1.85096e-06 
1201.46 1.89728e-06 
1201.47 1.94387e-06 
1201.48 1.99122e-06 
1201.49 2.03808e-06 
1201.5 2.08497e-06 
1201.51 2.13179e-06 
1201.52 2.17846e-06 
1201.53 2.2249e-06 
1201.54 2.27103e-06 
1201.55 2.31675e-06 
1201.56 2.36197e-06 
1201.57 2.40662e-06 
1201.58 2.45059e-06 
1201.59 2.49381e-06 
1201.6 2.53619e-06 
1201.61 2.57922e-06 
1201.62 2.61967e-06 
1201.63 2.65903e-06 
1201.64 2.6972e-06 
1201.65 2.7341e-06 
1201.66 2.76966e-06 
1201.67 2.80379e-06 
1201.68 2.83643e-06 
1201.69 2.86749e-06 
1201.7 2.89692e-06 
1201.7 2.92464e-06 
1201.71 2.95059e-06 
1201.72 2.97501e-06 
1201.73 2.99722e-06 
1201.74 3.0175e-06 
1201.75 3.0358e-06 
1201.76 3.05207e-06 
1201.77 3.06627e-06 
1201.78 3.07837e-06 
1201.79 3.08834e-06 
1201.8 3.09615e-06 
1201.81 3.10178e-06 
1201.82 3.10523e-06 
1201.83 3.10647e-06 
1201.84 3.1055e-06 
1201.85 3.10232e-06 
1201.86 3.09694e-06 
1201.87 3.08936e-06 
1201.88 3.0796e-06 
1201.89 3.06768e-06 
1201.9 3.05362e-06 
1201.91 3.03744e-06 
1201.92 3.01919e-06 
1201.93 2.9989e-06 
1201.94 2.9766e-06 
1201.95 2.95235e-06 
1201.96 2.9262e-06 
1201.97 2.89819e-06 
1201.98 2.868e-06 
1201.99 2.83645e-06 
1202 2.80322e-06 
1202.01 2.76839e-06 
1202.02 2.73202e-06 
1202.03 2.69419e-06 
1202.04 2.65497e-06 
1202.05 2.61443e-06 
1202.06 2.57266e-06 
1202.07 2.52973e-06 
1202.08 2.48573e-06 
1202.09 2.44073e-06 
1202.1 2.39481e-06 
1202.11 2.34807e-06 
1202.12 2.30057e-06 
1202.13 2.25242e-06 
1202.13 2.20367e-06 
1202.14 2.15443e-06 
1202.15 2.10477e-06 
1202.16 2.05477e-06 
1202.17 2.0045e-06 
1202.18 1.95406e-06 
1202.19 1.90351e-06 
1202.2 1.85293e-06 
1202.21 1.80239e-06 
1202.22 1.75133e-06 
1202.23 1.70109e-06 
1202.24 1.65109e-06 
1202.25 1.60141e-06 
1202.26 1.5521e-06 
1202.27 1.50322e-06 
1202.28 1.45483e-06 
1202.29 1.40698e-06 
1202.3 1.35972e-06 
1202.31 1.3131e-06 
1202.32 1.26716e-06 
1202.33 1.22195e-06 
1202.34 1.17749e-06 
1202.35 1.13384e-06 
1202.36 1.09101e-06 
1202.37 1.04905e-06 
1202.38 1.00797e-06 
1202.39 9.67793e-07 
1202.4 9.2855e-07 
1202.41 8.90255e-07 
1202.42 8.52922e-07 
1202.43 8.16565e-07 
1202.44 7.81193e-07 
1202.45 7.46812e-07 
1202.46 7.13429e-07 
1202.47 6.81046e-07 
1202.48 6.49277e-07 
1202.49 6.18904e-07 
1202.5 5.89526e-07 
1202.51 5.61137e-07 
1202.52 5.33729e-07 
1202.53 5.07292e-07 
1202.54 4.81817e-07 
1202.55 4.5729e-07 
1202.56 4.33699e-07 
1202.56 4.11027e-07 
1202.57 3.89258e-07 
1202.58 3.68377e-07 
1202.59 3.48363e-07 
1202.6 3.29199e-07 
1202.61 3.11055e-07 
1202.62 2.93518e-07 
1202.63 2.7677e-07 
1202.64 2.60789e-07 
1202.65 2.45553e-07 
1202.66 2.3104e-07 
1202.67 2.17228e-07 
1202.68 2.04094e-07 
1202.69 1.91615e-07 
1202.7 1.7977e-07 
1202.71 1.68534e-07 
1202.72 1.57887e-07 
1202.73 1.47683e-07 
1202.74 1.38152e-07 
1202.75 1.29143e-07 
1202.76 1.20634e-07 
1202.77 1.12604e-07 
1202.78 1.05033e-07 
1202.79 9.78994e-08 
1202.8 9.11849e-08 
1202.81 8.48694e-08 
1202.82 7.89343e-08 
1202.83 7.33612e-08 
1202.84 6.81323e-08 
1202.85 6.32304e-08 
1202.86 5.86387e-08 
1202.87 5.43412e-08 
1202.88 5.03222e-08 
1202.89 4.65668e-08 
1202.9 4.30605e-08 
1202.91 3.97894e-08 
1202.92 3.67403e-08 
1202.93 3.39003e-08 
1202.94 3.12572e-08 
1202.95 2.87993e-08 
1202.96 2.65156e-08 
1202.97 2.43953e-08 
1202.98 2.24283e-08 
1202.98 2.05831e-08 
1202.99 1.8896e-08 
1203 1.73347e-08 
1203.01 1.58908e-08 
1203.02 1.45567e-08 
1203.03 1.3325e-08 
1203.04 1.21886e-08 
1203.05 1.11411e-08 
1203.06 1.01763e-08 
1203.07 9.28833e-09 
1203.08 8.4717e-09 
1203.09 7.72129e-09 
1203.1 7.03226e-09 
1203.11 6.40008e-09 
1203.12 5.82053e-09 
1203.13 5.28963e-09 
1203.14 4.80369e-09 
1203.15 4.35923e-09 
1203.16 3.95304e-09 
1203.17 3.5821e-09 
1203.18 3.24363e-09 
1203.19 2.93501e-09 
1203.2 2.65384e-09 
1203.21 2.39787e-09 
1203.22 2.16503e-09 
1203.23 1.95086e-09 
1203.24 1.75886e-09 
1203.25 1.58461e-09 
1203.26 1.42659e-09 
1203.27 1.2834e-09 
1203.28 1.15375e-09 
1203.29 1.03645e-09 
1203.3 9.30398e-10 
1203.31 8.34596e-10 
1203.32 7.48117e-10 
1203.33 6.70114e-10 
1203.34 5.9981e-10 
1203.35 5.36495e-10 
1203.36 4.79516e-10 
1203.37 4.28278e-10 
1203.38 3.82239e-10 
1203.39 3.40903e-10 
1203.4 3.03817e-10 
1203.41 2.7057e-10 
1203.41 2.40787e-10 
1203.42 2.14127e-10 
1203.43 1.90282e-10 
1203.44 1.6897e-10 
1203.45 1.49936e-10 
1203.46 1.32951e-10 
1203.47 1.17804e-10 
1203.48 1.04148e-10 
1203.49 9.21489e-11 
1203.5 8.1473e-11 
1203.51 7.19819e-11 
1203.52 6.35505e-11 
1203.53 5.60661e-11 
1203.54 4.94274e-11 
1203.55 4.35433e-11 
1203.56 3.8332e-11 
1203.57 3.37199e-11 
1203.58 2.96414e-11 
1203.59 2.60373e-11 
1203.6 2.28549e-11 
1203.61 2.00593e-11 
1203.62 1.75821e-11 
1203.63 1.53997e-11 
1203.64 1.34785e-11 
1203.65 1.17884e-11 
1203.66 1.03028e-11 
1203.67 8.99788e-12 
1203.68 7.85257e-12 
1203.69 6.84809e-12 
1203.7 5.96779e-12 
1203.71 5.19688e-12 
1203.72 4.52229e-12 
1203.73 3.92554e-12 
1203.74 3.41102e-12 
1203.75 2.96179e-12 
1203.76 2.56986e-12 
1203.77 2.22819e-12 
1203.78 1.93054e-12 
1203.79 1.67145e-12 
1203.8 1.44608e-12 
1203.81 1.2502e-12 
1203.82 1.08007e-12 
1203.83 9.32415e-13 
1203.83 8.04365e-13 
1203.84 6.93399e-13 
1203.85 5.97309e-13 
1203.86 5.14163e-13 
1203.87 4.42272e-13 
1203.88 3.80157e-13 
1203.89 3.2653e-13 
1203.9 2.80265e-13 
1203.91 2.40382e-13 
1203.92 2.06025e-13 
1203.93 1.76451e-13 
1203.94 1.51013e-13 
1203.95 1.29149e-13 
1203.96 1.1037e-13 
1203.97 9.4254e-14 
1203.98 8.02733e-14 
1203.99 6.84522e-14 
1204 5.83297e-14 
1204.01 4.96681e-14 
1204.02 4.22622e-14 
1204.03 3.59346e-14 
1204.04 3.05322e-14 
1204.05 2.59233e-14 
1204.06 2.19943e-14 
1204.07 1.86472e-14 
1204.08 1.57981e-14 
1204.09 1.33746e-14 
1204.1 1.13147e-14 
1204.11 9.56513e-15 
1204.12 8.08025e-15 
1204.13 6.82096e-15 
1204.14 5.75376e-15 
1204.15 4.85003e-15 
1204.16 4.08529e-15 
1204.17 3.43864e-15 
1204.18 2.89226e-15 
1204.19 2.43094e-15 
1204.2 2.04172e-15 
1204.21 1.71358e-15 
1204.22 1.43714e-15 
1204.23 1.20176e-15 
1204.24 1.00642e-15 
1204.25 8.42228e-16 
1204.26 7.0431e-16 
1204.26 5.88552e-16 
1204.27 4.91463e-16 
1204.28 4.10094e-16 
1204.29 3.4195e-16 
1204.3 2.84923e-16 
1204.31 2.37234e-16 
1204.32 1.97385e-16 
1204.33 1.64111e-16 
1204.34 1.36347e-16 
1204.35 1.13198e-16 
1204.36 9.3912e-17 
1204.37 7.78552e-17 
1204.38 6.44971e-17 
1204.39 5.33923e-17 
1204.4 4.41676e-17 
1204.41 3.65102e-17 
1204.42 3.01586e-17 
1204.43 2.4894e-17 
1204.44 2.05335e-17 
1204.45 1.69246e-17 
1204.46 1.39399e-17 
1204.47 1.14732e-17 
1204.48 9.41314e-18 
1204.49 7.73623e-18 
1204.5 6.35346e-18 
1204.51 5.21408e-18 
1204.52 4.27593e-18 
1204.53 3.50404e-18 
1204.54 2.86942e-18 
1204.55 2.34804e-18 
1204.56 1.92e-18 
1204.57 1.56886e-18 
1204.58 1.28101e-18 
1204.59 1.04522e-18 
1204.6 8.52216e-19 
1204.61 6.94347e-19 
1204.62 5.6566e-19 
1204.63 4.60209e-19 
1204.64 3.74145e-19 
1204.65 3.03956e-19 
1204.66 2.46756e-19 
1204.67 2.00175e-19 
1204.68 1.62271e-19 
1204.68 1.31448e-19 
1204.69 1.06404e-19 
1204.7 8.60683e-20 
1204.71 6.95691e-20 
1204.72 5.60421e-20 
1204.73 4.5233e-20 
1204.74 3.64823e-20 
1204.75 2.94033e-20 
1204.76 2.36807e-20 
1204.77 1.90581e-20 
1204.78 1.53268e-20 
1204.79 1.23171e-20 
1204.8 9.89127e-21 
1204.81 7.93745e-21 
1204.82 6.36497e-21 
1204.83 5.10032e-21 
1204.84 4.08399e-21 
1204.85 3.26782e-21 
1204.86 2.61287e-21 
1204.87 2.08768e-21 
1204.88 1.66684e-21 
1204.89 1.32988e-21 
1204.9 1.06027e-21 
1204.91 8.44704e-22 
1204.92 6.72481e-22 
1204.93 5.34984e-22 
1204.94 4.25293e-22 
1204.95 3.37849e-22 
1204.96 2.68189e-22 
1204.97 2.12739e-22 
1204.98 1.68142e-22 
1204.99 1.33183e-22 
1205 1.05416e-22 
1205.01 8.33784e-23 
1205.02 6.59e-23 
1205.03 5.20478e-23 
1205.04 4.10777e-23 
1205.05 3.23963e-23 
1205.06 2.55312e-23 
1205.07 2.01063e-23 
1205.08 1.58227e-23 
1205.09 1.24427e-23 
1205.1 9.77764e-24 
1205.11 7.67785e-24 
1205.11 6.02464e-24 
1205.12 4.72399e-24 
1205.13 3.70146e-24 
1205.14 2.89816e-24 
1205.15 2.26756e-24 
1205.16 1.77288e-24 
1205.17 1.38512e-24 
1205.18 1.08139e-24 
1205.19 8.43647e-25 
1205.2 6.57698e-25 
1205.21 5.12364e-25 
1205.22 3.9775e-25 
1205.23 3.09296e-25 
1205.24 2.40425e-25 
1205.25 1.86755e-25 
1205.26 1.44961e-25 
1205.27 1.12438e-25 
1205.28 8.71493e-26 
1205.29 6.74994e-26 
1205.3 5.22422e-26 
1205.31 4.04045e-26 
1205.32 3.12265e-26 
1205.33 2.41159e-26 
1205.34 1.8611e-26 
1205.35 1.43523e-26 
1205.36 1.10601e-26 
1205.37 8.51694e-27 
1205.38 6.5538e-27 
1205.39 5.03952e-27 
1205.4 3.87232e-27 
1205.41 2.97331e-27 
1205.42 2.28136e-27 
1205.43 1.74918e-27 
1205.44 1.34017e-27 
1205.45 1.02606e-27 
1205.46 7.85e-28 
1205.47 6.00142e-28 
1205.48 4.5713e-28 
1205.49 3.48829e-28 
1205.5 2.66104e-28 
1205.51 2.0285e-28 
1205.52 1.5452e-28 
1205.53 1.1762e-28 
1205.54 8.94672e-29 
1205.54 6.80036e-29 
1205.55 5.16519e-29 
1205.56 3.92036e-29 
1205.57 2.9734e-29 
1205.58 2.25354e-29 
1205.59 1.70672e-29 
1205.6 1.29166e-29 
1205.61 9.77425e-30 
1205.62 7.38652e-30 
1205.63 5.57805e-30 
1205.64 4.20931e-30 
1205.65 3.17413e-30 
1205.66 2.3918e-30 
1205.67 1.80099e-30 
1205.68 1.35514e-30 
1205.69 1.01893e-30 
1205.7 7.65574e-31 
1205.71 5.74801e-31 
1205.72 4.31255e-31 
1205.73 3.22159e-31 
1205.74 2.41354e-31 
1205.75 1.80686e-31 
1205.76 1.35171e-31 
1205.77 1.01047e-31 
1205.78 7.54837e-32 
1205.79 5.63466e-32 
1205.8 4.20309e-32 
1205.81 3.13296e-32 
1205.82 2.33361e-32 
1205.83 1.73694e-32 
1205.84 1.29191e-32 
1205.85 9.60199e-33 
1205.86 7.13145e-33 
1205.87 5.29274e-33 
1205.88 3.92527e-33 
1205.89 2.909e-33 
1205.9 2.15429e-33 
1205.91 1.59423e-33 
1205.92 1.17892e-33 
1205.93 8.71169e-34 
1205.94 6.43291e-34 
1205.95 4.74677e-34 
1205.96 3.50005e-34 
1205.96 2.57892e-34 
1205.97 1.89883e-34 
1205.98 1.39172e-34 
1205.99 1.02322e-34 
1206 7.51749e-35 
1206.01 5.51902e-35 
1206.02 4.0489e-35 
1206.03 2.96823e-35 
1206.04 2.17443e-35 
1206.05 1.59176e-35 
1206.06 1.16438e-35 
1206.07 8.51141e-36 
1206.08 6.21716e-36 
1206.09 4.53805e-36 
1206.1 3.31003e-36 
1206.11 2.41258e-36 
1206.12 1.75718e-36 
1206.13 1.2789e-36 
1206.14 9.30131e-37 
1206.15 6.75985e-37 
1206.16 4.90926e-37 
1206.17 3.56272e-37 
1206.18 2.58364e-37 
1206.19 1.87227e-37 
1206.2 1.35579e-37 
1206.21 9.81073e-38 
1206.22 7.09409e-38 
1206.23 5.10519e-38 
1206.24 3.68616e-38 
1206.25 2.65965e-38 
1206.26 1.9176e-38 
1206.27 1.38159e-38 
1206.28 9.9469e-39 
1206.29 7.15617e-39 
1206.3 5.1447e-39 
1206.31 3.69594e-39 
1206.32 2.65324e-39 
1206.33 1.90333e-39 
1206.34 1.36439e-39 
1206.35 9.77341e-40 
1206.36 6.99587e-40 
1206.37 5.00406e-40 
1206.38 3.57676e-40 
1206.39 2.55472e-40 
1206.39 1.8234e-40 
1206.4 1.3005e-40 
1206.41 9.26875e-41 
1206.42 6.60124e-41 
1206.43 4.69785e-41 
1206.44 3.34098e-41 
1206.45 2.37422e-41 
1206.46 1.68604e-41 
1206.47 1.19629e-41 
1206.48 8.44703e-42 
1206.49 5.98635e-42 
1206.5 4.23893e-42 
1206.51 2.99878e-42 
1206.52 2.12157e-42 
1206.53 1.49799e-42 
1206.54 1.05798e-42 
1206.55 7.46892e-43 
1206.56 5.25487e-43 
1206.57 3.69943e-43 
1206.58 2.60642e-43 
1206.59 1.8357e-43 
1206.6 0 
