#energy geo_1 
1186.6 5.62871e-07 
1186.61 5.62522e-07 
1186.62 5.62175e-07 
1186.63 5.61828e-07 
1186.64 5.6148e-07 
1186.65 5.61133e-07 
1186.66 5.60786e-07 
1186.67 5.6044e-07 
1186.68 5.60092e-07 
1186.69 5.59746e-07 
1186.7 5.594e-07 
1186.71 5.59055e-07 
1186.72 5.58709e-07 
1186.73 5.58364e-07 
1186.74 5.58018e-07 
1186.75 5.57672e-07 
1186.76 5.57328e-07 
1186.77 5.56983e-07 
1186.78 5.56639e-07 
1186.79 5.56294e-07 
1186.8 5.55951e-07 
1186.81 5.55607e-07 
1186.81 5.55262e-07 
1186.82 5.54919e-07 
1186.83 5.54576e-07 
1186.84 5.54233e-07 
1186.85 5.53889e-07 
1186.86 5.53546e-07 
1186.87 5.53204e-07 
1186.88 5.52862e-07 
1186.89 5.52519e-07 
1186.9 5.52178e-07 
1186.91 5.51835e-07 
1186.92 5.51494e-07 
1186.93 5.51153e-07 
1186.94 5.50811e-07 
1186.95 5.5047e-07 
1186.96 5.5013e-07 
1186.97 5.49789e-07 
1186.98 5.49448e-07 
1186.99 5.49109e-07 
1187 5.48768e-07 
1187.01 5.48428e-07 
1187.02 5.48089e-07 
1187.03 5.4775e-07 
1187.04 5.4741e-07 
1187.05 5.47071e-07 
1187.06 5.46733e-07 
1187.07 5.46394e-07 
1187.08 5.46055e-07 
1187.09 5.45717e-07 
1187.1 5.45378e-07 
1187.11 5.45041e-07 
1187.12 5.44703e-07 
1187.13 5.44365e-07 
1187.14 5.44028e-07 
1187.15 5.43691e-07 
1187.16 5.43355e-07 
1187.17 5.43018e-07 
1187.18 5.42681e-07 
1187.19 5.42345e-07 
1187.2 5.42009e-07 
1187.21 5.41673e-07 
1187.22 5.41336e-07 
1187.23 5.41002e-07 
1187.24 5.40666e-07 
1187.24 5.40331e-07 
1187.25 5.39995e-07 
1187.26 5.3966e-07 
1187.27 5.39326e-07 
1187.28 5.38991e-07 
1187.29 5.38657e-07 
1187.3 5.38323e-07 
1187.31 5.3799e-07 
1187.32 5.37656e-07 
1187.33 5.37323e-07 
1187.34 5.36989e-07 
1187.35 5.36657e-07 
1187.36 5.36323e-07 
1187.37 5.35991e-07 
1187.38 5.35659e-07 
1187.39 5.35326e-07 
1187.4 5.34994e-07 
1187.41 5.34662e-07 
1187.42 5.3433e-07 
1187.43 5.33998e-07 
1187.44 5.33667e-07 
1187.45 5.33336e-07 
1187.46 5.33005e-07 
1187.47 5.32674e-07 
1187.48 5.32343e-07 
1187.49 5.32013e-07 
1187.5 5.31683e-07 
1187.51 5.31353e-07 
1187.52 5.31023e-07 
1187.53 5.30693e-07 
1187.54 5.30364e-07 
1187.55 5.30035e-07 
1187.56 5.29706e-07 
1187.57 5.29377e-07 
1187.58 5.29048e-07 
1187.59 5.2872e-07 
1187.6 5.28391e-07 
1187.61 5.28393e-07 
1187.62 5.28065e-07 
1187.63 5.27737e-07 
1187.64 5.27409e-07 
1187.65 5.27081e-07 
1187.66 5.26754e-07 
1187.66 5.26426e-07 
1187.67 5.261e-07 
1187.68 5.25773e-07 
1187.69 5.25446e-07 
1187.7 5.25119e-07 
1187.71 5.24794e-07 
1187.72 5.24467e-07 
1187.73 5.24141e-07 
1187.74 5.23815e-07 
1187.75 5.2349e-07 
1187.76 5.23164e-07 
1187.77 5.22839e-07 
1187.78 5.22514e-07 
1187.79 5.22189e-07 
1187.8 5.21865e-07 
1187.81 5.2154e-07 
1187.82 5.21216e-07 
1187.83 5.20892e-07 
1187.84 5.20568e-07 
1187.85 5.20244e-07 
1187.86 5.1992e-07 
1187.87 5.19597e-07 
1187.88 5.19274e-07 
1187.89 5.18951e-07 
1187.9 5.18628e-07 
1187.91 5.18305e-07 
1187.92 5.17983e-07 
1187.93 5.17661e-07 
1187.94 5.17338e-07 
1187.95 5.17017e-07 
1187.96 5.16695e-07 
1187.97 5.16373e-07 
1187.98 5.16052e-07 
1187.99 5.15731e-07 
1188 5.15409e-07 
1188.01 5.15088e-07 
1188.02 5.14768e-07 
1188.03 5.14447e-07 
1188.04 5.14127e-07 
1188.05 5.13807e-07 
1188.06 5.13486e-07 
1188.07 5.13167e-07 
1188.08 5.12847e-07 
1188.09 5.12528e-07 
1188.09 5.12208e-07 
1188.1 5.11889e-07 
1188.11 5.11569e-07 
1188.12 5.11251e-07 
1188.13 5.10932e-07 
1188.14 5.10613e-07 
1188.15 5.10295e-07 
1188.16 5.09977e-07 
1188.17 5.09659e-07 
1188.18 5.09342e-07 
1188.19 5.09024e-07 
1188.2 5.08706e-07 
1188.21 5.08389e-07 
1188.22 5.08072e-07 
1188.23 5.07755e-07 
1188.24 5.07438e-07 
1188.25 5.07121e-07 
1188.26 5.06805e-07 
1188.27 5.06489e-07 
1188.28 5.06172e-07 
1188.29 5.05856e-07 
1188.3 5.05541e-07 
1188.31 5.05225e-07 
1188.32 5.0491e-07 
1188.33 5.04594e-07 
1188.34 5.04279e-07 
1188.35 5.03963e-07 
1188.36 5.03649e-07 
1188.37 5.03334e-07 
1188.38 5.0302e-07 
1188.39 5.02705e-07 
1188.4 5.02391e-07 
1188.41 5.02077e-07 
1188.42 5.01763e-07 
1188.43 5.01449e-07 
1188.44 5.01135e-07 
1188.45 5.00822e-07 
1188.46 5.00509e-07 
1188.47 5.00195e-07 
1188.48 4.99882e-07 
1188.49 4.99569e-07 
1188.5 4.99256e-07 
1188.51 4.98944e-07 
1188.52 4.98632e-07 
1188.52 4.98319e-07 
1188.53 4.98007e-07 
1188.54 4.97695e-07 
1188.55 4.97383e-07 
1188.56 4.97072e-07 
1188.57 4.9676e-07 
1188.58 4.96449e-07 
1188.59 4.96137e-07 
1188.6 4.96136e-07 
1188.61 4.95824e-07 
1188.62 4.95513e-07 
1188.63 4.95202e-07 
1188.64 4.94892e-07 
1188.65 4.94581e-07 
1188.66 4.9427e-07 
1188.67 4.9396e-07 
1188.68 4.9365e-07 
1188.69 4.9334e-07 
1188.7 4.9303e-07 
1188.71 4.9272e-07 
1188.72 4.92411e-07 
1188.73 4.92101e-07 
1188.74 4.91792e-07 
1188.75 4.91482e-07 
1188.76 4.91173e-07 
1188.77 4.90864e-07 
1188.78 4.90555e-07 
1188.79 4.90247e-07 
1188.8 4.89937e-07 
1188.81 4.89629e-07 
1188.82 4.89321e-07 
1188.83 4.89013e-07 
1188.84 4.88704e-07 
1188.85 4.88396e-07 
1188.86 4.88088e-07 
1188.87 4.87781e-07 
1188.88 4.87473e-07 
1188.89 4.87166e-07 
1188.9 4.86858e-07 
1188.91 4.86551e-07 
1188.92 4.86244e-07 
1188.93 4.85937e-07 
1188.94 4.8563e-07 
1188.94 4.85323e-07 
1188.95 4.85016e-07 
1188.96 4.8471e-07 
1188.97 4.84403e-07 
1188.98 4.84097e-07 
1188.99 4.8379e-07 
1189 4.83484e-07 
1189.01 4.83179e-07 
1189.02 4.82872e-07 
1189.03 4.82566e-07 
1189.04 4.8226e-07 
1189.05 4.81955e-07 
1189.06 4.81649e-07 
1189.07 4.81343e-07 
1189.08 4.81039e-07 
1189.09 4.80733e-07 
1189.1 4.80428e-07 
1189.11 4.80123e-07 
1189.12 4.79818e-07 
1189.13 4.79513e-07 
1189.14 4.79208e-07 
1189.15 4.78904e-07 
1189.16 4.78599e-07 
1189.17 4.78295e-07 
1189.18 4.7799e-07 
1189.19 4.77686e-07 
1189.2 4.77382e-07 
1189.21 4.77077e-07 
1189.22 4.76774e-07 
1189.23 4.76469e-07 
1189.24 4.76165e-07 
1189.25 4.75861e-07 
1189.26 4.75558e-07 
1189.27 4.75254e-07 
1189.28 4.7495e-07 
1189.29 4.74647e-07 
1189.3 4.74343e-07 
1189.31 4.7404e-07 
1189.32 4.73737e-07 
1189.33 4.73434e-07 
1189.34 4.7313e-07 
1189.35 4.72827e-07 
1189.36 4.72524e-07 
1189.36 4.72221e-07 
1189.37 4.71918e-07 
1189.38 4.71615e-07 
1189.39 4.71313e-07 
1189.4 4.7101e-07 
1189.41 4.70707e-07 
1189.42 4.70405e-07 
1189.43 4.70102e-07 
1189.44 4.69799e-07 
1189.45 4.69496e-07 
1189.46 4.69194e-07 
1189.47 4.68892e-07 
1189.48 4.68589e-07 
1189.49 4.68287e-07 
1189.5 4.67985e-07 
1189.51 4.67683e-07 
1189.52 4.67381e-07 
1189.53 4.67079e-07 
1189.54 4.66777e-07 
1189.55 4.66475e-07 
1189.56 4.66172e-07 
1189.57 4.65871e-07 
1189.58 4.65569e-07 
1189.59 4.65267e-07 
1189.6 4.64965e-07 
1189.61 4.64953e-07 
1189.62 4.64651e-07 
1189.63 4.64349e-07 
1189.64 4.64047e-07 
1189.65 4.63745e-07 
1189.66 4.63443e-07 
1189.67 4.6314e-07 
1189.68 4.62839e-07 
1189.69 4.62537e-07 
1189.7 4.62235e-07 
1189.71 4.61933e-07 
1189.72 4.61631e-07 
1189.73 4.6133e-07 
1189.74 4.61028e-07 
1189.75 4.60726e-07 
1189.76 4.60424e-07 
1189.77 4.60122e-07 
1189.78 4.5982e-07 
1189.79 4.59519e-07 
1189.79 4.59217e-07 
1189.8 4.58915e-07 
1189.81 4.58613e-07 
1189.82 4.58311e-07 
1189.83 4.58009e-07 
1189.84 4.57708e-07 
1189.85 4.57405e-07 
1189.86 4.57103e-07 
1189.87 4.56802e-07 
1189.88 4.56499e-07 
1189.89 4.56197e-07 
1189.9 4.55895e-07 
1189.91 4.55594e-07 
1189.92 4.55291e-07 
1189.93 4.54989e-07 
1189.94 4.54687e-07 
1189.95 4.54385e-07 
1189.96 4.54083e-07 
1189.97 4.53781e-07 
1189.98 4.53478e-07 
1189.99 4.53176e-07 
1190 4.52873e-07 
1190.01 4.52571e-07 
1190.02 4.52268e-07 
1190.03 4.51966e-07 
1190.04 4.51664e-07 
1190.05 4.51361e-07 
1190.06 4.51058e-07 
1190.07 4.50755e-07 
1190.08 4.50452e-07 
1190.09 4.50149e-07 
1190.1 4.49847e-07 
1190.11 4.49543e-07 
1190.12 4.49241e-07 
1190.13 4.48937e-07 
1190.14 4.48634e-07 
1190.15 4.48331e-07 
1190.16 4.48027e-07 
1190.17 4.47724e-07 
1190.18 4.4742e-07 
1190.19 4.47116e-07 
1190.2 4.46813e-07 
1190.21 4.46509e-07 
1190.21 4.46205e-07 
1190.22 4.45901e-07 
1190.23 4.45597e-07 
1190.24 4.45293e-07 
1190.25 4.44988e-07 
1190.26 4.44684e-07 
1190.27 4.44379e-07 
1190.28 4.44074e-07 
1190.29 4.4377e-07 
1190.3 4.43465e-07 
1190.31 4.4316e-07 
1190.32 4.42854e-07 
1190.33 4.42549e-07 
1190.34 4.42244e-07 
1190.35 4.41939e-07 
1190.36 4.41633e-07 
1190.37 4.41327e-07 
1190.38 4.41021e-07 
1190.39 4.40715e-07 
1190.4 4.40409e-07 
1190.41 4.40103e-07 
1190.42 4.39796e-07 
1190.43 4.3949e-07 
1190.44 4.39183e-07 
1190.45 4.38875e-07 
1190.46 4.38569e-07 
1190.47 4.38261e-07 
1190.48 4.37954e-07 
1190.49 4.37646e-07 
1190.5 4.37339e-07 
1190.51 4.3703e-07 
1190.52 4.36723e-07 
1190.53 4.36414e-07 
1190.54 4.36106e-07 
1190.55 4.35797e-07 
1190.56 4.35488e-07 
1190.57 4.35179e-07 
1190.58 4.3487e-07 
1190.59 4.34561e-07 
1190.6 4.34251e-07 
1190.61 4.34212e-07 
1190.62 4.33902e-07 
1190.63 4.33591e-07 
1190.64 4.33281e-07 
1190.64 4.3297e-07 
1190.65 4.32659e-07 
1190.66 4.32348e-07 
1190.67 4.32036e-07 
1190.68 4.31724e-07 
1190.69 4.31413e-07 
1190.7 4.311e-07 
1190.71 4.30788e-07 
1190.72 4.30476e-07 
1190.73 4.30163e-07 
1190.74 4.2985e-07 
1190.75 4.29536e-07 
1190.76 4.29223e-07 
1190.77 4.28909e-07 
1190.78 4.28595e-07 
1190.79 4.2828e-07 
1190.8 4.27966e-07 
1190.81 4.27651e-07 
1190.82 4.27336e-07 
1190.83 4.27021e-07 
1190.84 4.26705e-07 
1190.85 4.26389e-07 
1190.86 4.26073e-07 
1190.87 4.25757e-07 
1190.88 4.2544e-07 
1190.89 4.25123e-07 
1190.9 4.24805e-07 
1190.91 4.24488e-07 
1190.92 4.2417e-07 
1190.93 4.23852e-07 
1190.94 4.23533e-07 
1190.95 4.23214e-07 
1190.96 4.22895e-07 
1190.97 4.22575e-07 
1190.98 4.22256e-07 
1190.99 4.21936e-07 
1191 4.21615e-07 
1191.01 4.21295e-07 
1191.02 4.20973e-07 
1191.03 4.20652e-07 
1191.04 4.2033e-07 
1191.05 4.20008e-07 
1191.06 4.19686e-07 
1191.07 4.19362e-07 
1191.07 4.19039e-07 
1191.08 4.18716e-07 
1191.09 4.18392e-07 
1191.1 4.18068e-07 
1191.11 4.17743e-07 
1191.12 4.17418e-07 
1191.13 4.17093e-07 
1191.14 4.16767e-07 
1191.15 4.16441e-07 
1191.16 4.16115e-07 
1191.17 4.15788e-07 
1191.18 4.1546e-07 
1191.19 4.15133e-07 
1191.2 4.14805e-07 
1191.21 4.14476e-07 
1191.22 4.14147e-07 
1191.23 4.13818e-07 
1191.24 4.13488e-07 
1191.25 4.13158e-07 
1191.26 4.12827e-07 
1191.27 4.12497e-07 
1191.28 4.12165e-07 
1191.29 4.11833e-07 
1191.3 4.11501e-07 
1191.31 4.11168e-07 
1191.32 4.10835e-07 
1191.33 4.10501e-07 
1191.34 4.10167e-07 
1191.35 4.09832e-07 
1191.36 4.09497e-07 
1191.37 4.09162e-07 
1191.38 4.08826e-07 
1191.39 4.0849e-07 
1191.4 4.08153e-07 
1191.41 4.07815e-07 
1191.42 4.07477e-07 
1191.43 4.07139e-07 
1191.44 4.068e-07 
1191.45 4.06461e-07 
1191.46 4.06121e-07 
1191.47 4.05781e-07 
1191.48 4.0544e-07 
1191.49 4.05098e-07 
1191.49 4.04756e-07 
1191.5 4.04414e-07 
1191.51 4.04071e-07 
1191.52 4.03728e-07 
1191.53 4.03383e-07 
1191.54 4.03039e-07 
1191.55 4.02694e-07 
1191.56 4.02348e-07 
1191.57 4.02002e-07 
1191.58 4.01655e-07 
1191.59 4.01307e-07 
1191.6 4.01209e-07 
1191.61 4.00861e-07 
1191.62 4.00511e-07 
1191.63 4.00161e-07 
1191.64 3.99811e-07 
1191.65 3.9946e-07 
1191.66 3.99108e-07 
1191.67 3.98756e-07 
1191.68 3.98403e-07 
1191.69 3.9805e-07 
1191.7 3.97696e-07 
1191.71 3.97341e-07 
1191.72 3.96986e-07 
1191.73 3.9663e-07 
1191.74 3.96273e-07 
1191.75 3.95916e-07 
1191.76 3.95558e-07 
1191.77 3.952e-07 
1191.78 3.94841e-07 
1191.79 3.94481e-07 
1191.8 3.94121e-07 
1191.81 3.9376e-07 
1191.82 3.93398e-07 
1191.83 3.93035e-07 
1191.84 3.92672e-07 
1191.85 3.92309e-07 
1191.86 3.91944e-07 
1191.87 3.91579e-07 
1191.88 3.91213e-07 
1191.89 3.90847e-07 
1191.9 3.90479e-07 
1191.91 3.90112e-07 
1191.92 3.89743e-07 
1191.92 3.89374e-07 
1191.93 3.89004e-07 
1191.94 3.88633e-07 
1191.95 3.88262e-07 
1191.96 3.8789e-07 
1191.97 3.87516e-07 
1191.98 3.87143e-07 
1191.99 3.86769e-07 
1192 3.86393e-07 
1192.01 3.86017e-07 
1192.02 3.85641e-07 
1192.03 3.85263e-07 
1192.04 3.84885e-07 
1192.05 3.84506e-07 
1192.06 3.84126e-07 
1192.07 3.83745e-07 
1192.08 3.83364e-07 
1192.09 3.82982e-07 
1192.1 3.82599e-07 
1192.11 3.82215e-07 
1192.12 3.81831e-07 
1192.13 3.81445e-07 
1192.14 3.81059e-07 
1192.15 3.80672e-07 
1192.16 3.80284e-07 
1192.17 3.79895e-07 
1192.18 3.79506e-07 
1192.19 3.79116e-07 
1192.2 3.78724e-07 
1192.21 3.78332e-07 
1192.22 3.77939e-07 
1192.23 3.77545e-07 
1192.24 3.77151e-07 
1192.25 3.76755e-07 
1192.26 3.76359e-07 
1192.27 3.75962e-07 
1192.28 3.75563e-07 
1192.29 3.75164e-07 
1192.3 3.74765e-07 
1192.31 3.74363e-07 
1192.32 3.73962e-07 
1192.33 3.73559e-07 
1192.34 3.73155e-07 
1192.34 3.72751e-07 
1192.35 3.72346e-07 
1192.36 3.71939e-07 
1192.37 3.71532e-07 
1192.38 3.71124e-07 
1192.39 3.70715e-07 
1192.4 3.70304e-07 
1192.41 3.69893e-07 
1192.42 3.69481e-07 
1192.43 3.69068e-07 
1192.44 3.68654e-07 
1192.45 3.68239e-07 
1192.46 3.67823e-07 
1192.47 3.67406e-07 
1192.48 3.66989e-07 
1192.49 3.66569e-07 
1192.5 3.66149e-07 
1192.51 3.65729e-07 
1192.52 3.65307e-07 
1192.53 3.64884e-07 
1192.54 3.6446e-07 
1192.55 3.64035e-07 
1192.56 3.63609e-07 
1192.57 3.63182e-07 
1192.58 3.62754e-07 
1192.59 3.62325e-07 
1192.6 3.61895e-07 
1192.61 3.61688e-07 
1192.62 3.61255e-07 
1192.63 3.60822e-07 
1192.64 3.60387e-07 
1192.65 3.59951e-07 
1192.66 3.59514e-07 
1192.67 3.59077e-07 
1192.68 3.58638e-07 
1192.69 3.58197e-07 
1192.7 3.57756e-07 
1192.71 3.57314e-07 
1192.72 3.56871e-07 
1192.73 3.56426e-07 
1192.74 3.55981e-07 
1192.75 3.55534e-07 
1192.76 3.55086e-07 
1192.77 3.54637e-07 
1192.77 3.54187e-07 
1192.78 3.53736e-07 
1192.79 3.53283e-07 
1192.8 3.5283e-07 
1192.81 3.52375e-07 
1192.82 3.51919e-07 
1192.83 3.51462e-07 
1192.84 3.51004e-07 
1192.85 3.50545e-07 
1192.86 3.50085e-07 
1192.87 3.49623e-07 
1192.88 3.4916e-07 
1192.89 3.48696e-07 
1192.9 3.48231e-07 
1192.91 3.47764e-07 
1192.92 3.47297e-07 
1192.93 3.46829e-07 
1192.94 3.46359e-07 
1192.95 3.45887e-07 
1192.96 3.45415e-07 
1192.97 3.44942e-07 
1192.98 3.44467e-07 
1192.99 3.43991e-07 
1193 3.43514e-07 
1193.01 3.43036e-07 
1193.02 3.42556e-07 
1193.03 3.42075e-07 
1193.04 3.41593e-07 
1193.05 3.4111e-07 
1193.06 3.40626e-07 
1193.07 3.4014e-07 
1193.08 3.39653e-07 
1193.09 3.39165e-07 
1193.1 3.38676e-07 
1193.11 3.38185e-07 
1193.12 3.37694e-07 
1193.13 3.37201e-07 
1193.14 3.36707e-07 
1193.15 3.36211e-07 
1193.16 3.35715e-07 
1193.17 3.35217e-07 
1193.18 3.34718e-07 
1193.19 3.34218e-07 
1193.19 3.33717e-07 
1193.2 3.33214e-07 
1193.21 3.3271e-07 
1193.22 3.32206e-07 
1193.23 3.317e-07 
1193.24 3.31193e-07 
1193.25 3.30685e-07 
1193.26 3.30175e-07 
1193.27 3.29665e-07 
1193.28 3.29153e-07 
1193.29 3.2864e-07 
1193.3 3.28127e-07 
1193.31 3.27612e-07 
1193.32 3.27096e-07 
1193.33 3.26579e-07 
1193.34 3.26061e-07 
1193.35 3.25542e-07 
1193.36 3.25022e-07 
1193.37 3.24501e-07 
1193.38 3.2398e-07 
1193.39 3.23457e-07 
1193.4 3.22933e-07 
1193.41 3.22409e-07 
1193.42 3.21884e-07 
1193.43 3.21358e-07 
1193.44 3.20831e-07 
1193.45 3.20304e-07 
1193.46 3.19776e-07 
1193.47 3.19248e-07 
1193.48 3.18719e-07 
1193.49 3.18189e-07 
1193.5 3.17659e-07 
1193.51 3.17128e-07 
1193.52 3.16597e-07 
1193.53 3.16066e-07 
1193.54 3.15535e-07 
1193.55 3.15003e-07 
1193.56 3.14471e-07 
1193.57 3.1394e-07 
1193.58 3.13408e-07 
1193.59 3.12876e-07 
1193.6 3.12345e-07 
1193.61 3.12008e-07 
1193.62 3.11477e-07 
1193.62 3.10947e-07 
1193.63 3.10417e-07 
1193.64 3.09888e-07 
1193.65 3.0936e-07 
1193.66 3.08833e-07 
1193.67 3.08306e-07 
1193.68 3.07782e-07 
1193.69 3.07258e-07 
1193.7 3.06736e-07 
1193.71 3.06216e-07 
1193.72 3.05697e-07 
1193.73 3.05182e-07 
1193.74 3.04668e-07 
1193.75 3.04156e-07 
1193.76 3.03647e-07 
1193.77 3.0314e-07 
1193.78 3.02637e-07 
1193.79 3.02137e-07 
1193.8 3.0164e-07 
1193.81 3.01147e-07 
1193.82 3.00658e-07 
1193.83 3.00173e-07 
1193.84 2.99693e-07 
1193.85 2.99217e-07 
1193.86 2.98746e-07 
1193.87 2.98281e-07 
1193.88 2.97822e-07 
1193.89 2.97368e-07 
1193.9 2.96922e-07 
1193.91 2.96481e-07 
1193.92 2.96048e-07 
1193.93 2.95623e-07 
1193.94 2.95205e-07 
1193.95 2.94796e-07 
1193.96 2.94395e-07 
1193.97 2.94004e-07 
1193.98 2.93626e-07 
1193.99 2.93255e-07 
1194 2.92895e-07 
1194.01 2.92546e-07 
1194.02 2.92209e-07 
1194.03 2.91884e-07 
1194.04 2.91572e-07 
1194.05 2.91275e-07 
1194.05 2.90991e-07 
1194.06 2.90722e-07 
1194.07 2.90469e-07 
1194.08 2.90232e-07 
1194.09 2.90012e-07 
1194.1 2.8981e-07 
1194.11 2.89627e-07 
1194.12 2.89462e-07 
1194.13 2.89318e-07 
1194.14 2.89195e-07 
1194.15 2.89094e-07 
1194.16 2.89016e-07 
1194.17 2.88961e-07 
1194.18 2.88931e-07 
1194.19 2.88927e-07 
1194.2 2.8895e-07 
1194.21 2.89e-07 
1194.22 2.89079e-07 
1194.23 2.89198e-07 
1194.24 2.89338e-07 
1194.25 2.8951e-07 
1194.26 2.89717e-07 
1194.27 2.89957e-07 
1194.28 2.90234e-07 
1194.29 2.90547e-07 
1194.3 2.909e-07 
1194.31 2.91292e-07 
1194.32 2.91725e-07 
1194.33 2.92201e-07 
1194.34 2.92721e-07 
1194.35 2.93287e-07 
1194.36 2.939e-07 
1194.37 2.94562e-07 
1194.38 2.95275e-07 
1194.39 2.96039e-07 
1194.4 2.96856e-07 
1194.41 2.97729e-07 
1194.42 2.98659e-07 
1194.43 2.99648e-07 
1194.44 3.00698e-07 
1194.45 3.0181e-07 
1194.46 3.02986e-07 
1194.47 3.04228e-07 
1194.47 3.05565e-07 
1194.48 3.06946e-07 
1194.49 3.08399e-07 
1194.5 3.09926e-07 
1194.51 3.1153e-07 
1194.52 3.13212e-07 
1194.53 3.14974e-07 
1194.54 3.16818e-07 
1194.55 3.18747e-07 
1194.56 3.20764e-07 
1194.57 3.22868e-07 
1194.58 3.25064e-07 
1194.59 3.27354e-07 
1194.6 3.29739e-07 
1194.61 3.32429e-07 
1194.62 3.35014e-07 
1194.63 3.37702e-07 
1194.64 3.40495e-07 
1194.65 3.43396e-07 
1194.66 3.46407e-07 
1194.67 3.49529e-07 
1194.68 3.52767e-07 
1194.69 3.56121e-07 
1194.7 3.59595e-07 
1194.71 3.6319e-07 
1194.72 3.6691e-07 
1194.73 3.70815e-07 
1194.74 3.74793e-07 
1194.75 3.78901e-07 
1194.76 3.83144e-07 
1194.77 3.87523e-07 
1194.78 3.92041e-07 
1194.79 3.967e-07 
1194.8 4.01502e-07 
1194.81 4.0645e-07 
1194.82 4.11546e-07 
1194.83 4.16792e-07 
1194.84 4.2219e-07 
1194.85 4.27743e-07 
1194.86 4.33454e-07 
1194.87 4.39323e-07 
1194.88 4.45353e-07 
1194.89 4.51546e-07 
1194.9 4.57905e-07 
1194.9 4.64431e-07 
1194.91 4.71125e-07 
1194.92 4.7799e-07 
1194.93 4.85028e-07 
1194.94 4.92241e-07 
1194.95 4.99629e-07 
1194.96 5.07196e-07 
1194.97 5.1494e-07 
1194.98 5.22976e-07 
1194.99 5.31085e-07 
1195 5.39378e-07 
1195.01 5.47854e-07 
1195.02 5.56517e-07 
1195.03 5.65365e-07 
1195.04 5.74401e-07 
1195.05 5.83625e-07 
1195.06 5.93037e-07 
1195.07 6.02638e-07 
1195.08 6.1243e-07 
1195.09 6.22411e-07 
1195.1 6.32582e-07 
1195.11 6.42944e-07 
1195.12 6.53496e-07 
1195.13 6.64238e-07 
1195.14 6.7517e-07 
1195.15 6.86292e-07 
1195.16 6.97603e-07 
1195.17 7.09102e-07 
1195.18 7.20789e-07 
1195.19 7.32662e-07 
1195.2 7.44721e-07 
1195.21 7.56963e-07 
1195.22 7.69388e-07 
1195.23 7.82164e-07 
1195.24 7.94955e-07 
1195.25 8.0792e-07 
1195.26 8.21062e-07 
1195.27 8.34378e-07 
1195.28 8.47865e-07 
1195.29 8.61522e-07 
1195.3 8.75345e-07 
1195.31 8.8933e-07 
1195.32 9.03476e-07 
1195.32 9.17781e-07 
1195.33 9.3224e-07 
1195.34 9.46849e-07 
1195.35 9.61604e-07 
1195.36 9.76505e-07 
1195.37 9.91544e-07 
1195.38 1.00672e-06 
1195.39 1.02203e-06 
1195.4 1.03746e-06 
1195.41 1.05302e-06 
1195.42 1.0687e-06 
1195.43 1.08449e-06 
1195.44 1.10039e-06 
1195.45 1.11639e-06 
1195.46 1.13249e-06 
1195.47 1.14869e-06 
1195.48 1.16518e-06 
1195.49 1.18155e-06 
1195.5 1.19799e-06 
1195.51 1.21451e-06 
1195.52 1.23109e-06 
1195.53 1.24773e-06 
1195.54 1.26442e-06 
1195.55 1.28116e-06 
1195.56 1.29794e-06 
1195.57 1.31476e-06 
1195.58 1.3316e-06 
1195.59 1.34847e-06 
1195.6 1.36535e-06 
1195.61 1.3831e-06 
1195.62 1.40001e-06 
1195.63 1.41691e-06 
1195.64 1.4338e-06 
1195.65 1.45067e-06 
1195.66 1.46752e-06 
1195.67 1.48434e-06 
1195.68 1.50112e-06 
1195.69 1.51785e-06 
1195.7 1.53454e-06 
1195.71 1.55117e-06 
1195.72 1.56773e-06 
1195.73 1.58445e-06 
1195.74 1.60086e-06 
1195.75 1.6172e-06 
1195.75 1.63344e-06 
1195.76 1.64958e-06 
1195.77 1.66563e-06 
1195.78 1.68156e-06 
1195.79 1.69738e-06 
1195.8 1.71308e-06 
1195.81 1.72865e-06 
1195.82 1.74409e-06 
1195.83 1.75939e-06 
1195.84 1.77454e-06 
1195.85 1.78955e-06 
1195.86 1.8044e-06 
1195.87 1.81909e-06 
1195.88 1.83362e-06 
1195.89 1.84798e-06 
1195.9 1.86217e-06 
1195.91 1.87618e-06 
1195.92 1.89e-06 
1195.93 1.90364e-06 
1195.94 1.91709e-06 
1195.95 1.93034e-06 
1195.96 1.9434e-06 
1195.97 1.95626e-06 
1195.98 1.96908e-06 
1195.99 1.98153e-06 
1196 1.99376e-06 
1196.01 2.00579e-06 
1196.02 2.01761e-06 
1196.03 2.02921e-06 
1196.04 2.0406e-06 
1196.05 2.05177e-06 
1196.06 2.06272e-06 
1196.07 2.07345e-06 
1196.08 2.08397e-06 
1196.09 2.09426e-06 
1196.1 2.10434e-06 
1196.11 2.11419e-06 
1196.12 2.12383e-06 
1196.13 2.13325e-06 
1196.14 2.14245e-06 
1196.15 2.15144e-06 
1196.16 2.16021e-06 
1196.17 2.16877e-06 
1196.17 2.17712e-06 
1196.18 2.18526e-06 
1196.19 2.19319e-06 
1196.2 2.20092e-06 
1196.21 2.20845e-06 
1196.22 2.21588e-06 
1196.23 2.22301e-06 
1196.24 2.22996e-06 
1196.25 2.23671e-06 
1196.26 2.24328e-06 
1196.27 2.24967e-06 
1196.28 2.25589e-06 
1196.29 2.26193e-06 
1196.3 2.26781e-06 
1196.31 2.27353e-06 
1196.32 2.27908e-06 
1196.33 2.28449e-06 
1196.34 2.28974e-06 
1196.35 2.29485e-06 
1196.36 2.29983e-06 
1196.37 2.30467e-06 
1196.38 2.30938e-06 
1196.39 2.31397e-06 
1196.4 2.31845e-06 
1196.41 2.32281e-06 
1196.42 2.32706e-06 
1196.43 2.33121e-06 
1196.44 2.33527e-06 
1196.45 2.33924e-06 
1196.46 2.34312e-06 
1196.47 2.34692e-06 
1196.48 2.3507e-06 
1196.49 2.35436e-06 
1196.5 2.35795e-06 
1196.51 2.36148e-06 
1196.52 2.36495e-06 
1196.53 2.36838e-06 
1196.54 2.37176e-06 
1196.55 2.37509e-06 
1196.56 2.37839e-06 
1196.57 2.38166e-06 
1196.58 2.3849e-06 
1196.59 2.38811e-06 
1196.6 2.3913e-06 
1196.6 2.39595e-06 
1196.61 2.39911e-06 
1196.62 2.40225e-06 
1196.63 2.40538e-06 
1196.64 2.40851e-06 
1196.65 2.41163e-06 
1196.66 2.41474e-06 
1196.67 2.41785e-06 
1196.68 2.42096e-06 
1196.69 2.42407e-06 
1196.7 2.42719e-06 
1196.71 2.4303e-06 
1196.72 2.43341e-06 
1196.73 2.43658e-06 
1196.74 2.43969e-06 
1196.75 2.44281e-06 
1196.76 2.44592e-06 
1196.77 2.44904e-06 
1196.78 2.45215e-06 
1196.79 2.45525e-06 
1196.8 2.45834e-06 
1196.81 2.46143e-06 
1196.82 2.4645e-06 
1196.83 2.46755e-06 
1196.84 2.47058e-06 
1196.85 2.4736e-06 
1196.86 2.47658e-06 
1196.87 2.47953e-06 
1196.88 2.48244e-06 
1196.89 2.48531e-06 
1196.9 2.48814e-06 
1196.91 2.49091e-06 
1196.92 2.49363e-06 
1196.93 2.49628e-06 
1196.94 2.49886e-06 
1196.95 2.50137e-06 
1196.96 2.50379e-06 
1196.97 2.50613e-06 
1196.98 2.5084e-06 
1196.99 2.51053e-06 
1197 2.51256e-06 
1197.01 2.51446e-06 
1197.02 2.51624e-06 
1197.03 2.51789e-06 
1197.03 2.5194e-06 
1197.04 2.52076e-06 
1197.05 2.52197e-06 
1197.06 2.52301e-06 
1197.07 2.52388e-06 
1197.08 2.52457e-06 
1197.09 2.52507e-06 
1197.1 2.52537e-06 
1197.11 2.52547e-06 
1197.12 2.52536e-06 
1197.13 2.52503e-06 
1197.14 2.52447e-06 
1197.15 2.52368e-06 
1197.16 2.52264e-06 
1197.17 2.52136e-06 
1197.18 2.51981e-06 
1197.19 2.518e-06 
1197.2 2.51591e-06 
1197.21 2.51355e-06 
1197.22 2.5109e-06 
1197.23 2.50792e-06 
1197.24 2.50467e-06 
1197.25 2.50112e-06 
1197.26 2.49726e-06 
1197.27 2.49307e-06 
1197.28 2.48857e-06 
1197.29 2.48374e-06 
1197.3 2.47857e-06 
1197.31 2.47306e-06 
1197.32 2.46722e-06 
1197.33 2.46103e-06 
1197.34 2.45448e-06 
1197.35 2.44759e-06 
1197.36 2.44034e-06 
1197.37 2.43273e-06 
1197.38 2.42477e-06 
1197.39 2.41643e-06 
1197.4 2.40774e-06 
1197.41 2.39868e-06 
1197.42 2.38926e-06 
1197.43 2.37947e-06 
1197.44 2.36931e-06 
1197.45 2.35879e-06 
1197.45 2.3479e-06 
1197.46 2.33665e-06 
1197.47 2.32504e-06 
1197.48 2.31292e-06 
1197.49 2.30058e-06 
1197.5 2.28789e-06 
1197.51 2.27485e-06 
1197.52 2.26146e-06 
1197.53 2.24773e-06 
1197.54 2.23365e-06 
1197.55 2.21924e-06 
1197.56 2.2045e-06 
1197.57 2.18944e-06 
1197.58 2.17405e-06 
1197.59 2.15836e-06 
1197.6 2.14235e-06 
1197.61 2.12736e-06 
1197.62 2.11075e-06 
1197.63 2.09386e-06 
1197.64 2.07668e-06 
1197.65 2.05924e-06 
1197.66 2.04153e-06 
1197.67 2.02357e-06 
1197.68 2.00536e-06 
1197.69 1.98692e-06 
1197.7 1.96825e-06 
1197.71 1.94936e-06 
1197.72 1.93026e-06 
1197.73 1.91073e-06 
1197.74 1.89124e-06 
1197.75 1.87157e-06 
1197.76 1.85174e-06 
1197.77 1.83174e-06 
1197.78 1.8116e-06 
1197.79 1.79132e-06 
1197.8 1.77092e-06 
1197.81 1.7504e-06 
1197.82 1.72977e-06 
1197.83 1.70905e-06 
1197.84 1.68825e-06 
1197.85 1.66737e-06 
1197.86 1.64643e-06 
1197.87 1.62544e-06 
1197.88 1.60441e-06 
1197.88 1.58336e-06 
1197.89 1.56228e-06 
1197.9 1.54119e-06 
1197.91 1.52011e-06 
1197.92 1.49904e-06 
1197.93 1.47799e-06 
1197.94 1.45698e-06 
1197.95 1.43601e-06 
1197.96 1.4151e-06 
1197.97 1.39425e-06 
1197.98 1.37322e-06 
1197.99 1.35253e-06 
1198 1.33193e-06 
1198.01 1.31143e-06 
1198.02 1.29105e-06 
1198.03 1.27078e-06 
1198.04 1.25065e-06 
1198.05 1.23064e-06 
1198.06 1.21079e-06 
1198.07 1.19108e-06 
1198.08 1.17154e-06 
1198.09 1.15216e-06 
1198.1 1.13296e-06 
1198.11 1.11394e-06 
1198.12 1.09512e-06 
1198.13 1.07648e-06 
1198.14 1.05804e-06 
1198.15 1.03982e-06 
1198.16 1.0218e-06 
1198.17 1.004e-06 
1198.18 9.86425e-07 
1198.19 9.69077e-07 
1198.2 9.5196e-07 
1198.21 9.35079e-07 
1198.22 9.18439e-07 
1198.23 9.0184e-07 
1198.24 8.85693e-07 
1198.25 8.69795e-07 
1198.26 8.54151e-07 
1198.27 8.38761e-07 
1198.28 8.2363e-07 
1198.29 8.08757e-07 
1198.3 7.94146e-07 
1198.3 7.79799e-07 
1198.31 7.65715e-07 
1198.32 7.51895e-07 
1198.33 7.38343e-07 
1198.34 7.25056e-07 
1198.35 7.12036e-07 
1198.36 6.99283e-07 
1198.37 6.86796e-07 
1198.38 6.74575e-07 
1198.39 6.62619e-07 
1198.4 6.50929e-07 
1198.41 6.39502e-07 
1198.42 6.28336e-07 
1198.43 6.17433e-07 
1198.44 6.06789e-07 
1198.45 5.96402e-07 
1198.46 5.86272e-07 
1198.47 5.76395e-07 
1198.48 5.66653e-07 
1198.49 5.5728e-07 
1198.5 5.48154e-07 
1198.51 5.39272e-07 
1198.52 5.30632e-07 
1198.53 5.22229e-07 
1198.54 5.14063e-07 
1198.55 5.06128e-07 
1198.56 4.98424e-07 
1198.57 4.90945e-07 
1198.58 4.83689e-07 
1198.59 4.76651e-07 
1198.6 4.69831e-07 
1198.61 4.63509e-07 
1198.62 4.57105e-07 
1198.63 4.50906e-07 
1198.64 4.44909e-07 
1198.65 4.3911e-07 
1198.66 4.33505e-07 
1198.67 4.2809e-07 
1198.68 4.22862e-07 
1198.69 4.17816e-07 
1198.7 4.1295e-07 
1198.71 4.08259e-07 
1198.72 4.0374e-07 
1198.73 3.99337e-07 
1198.73 3.95151e-07 
1198.74 3.91126e-07 
1198.75 3.87257e-07 
1198.76 3.8354e-07 
1198.77 3.79974e-07 
1198.78 3.76552e-07 
1198.79 3.73273e-07 
1198.8 3.70132e-07 
1198.81 3.67126e-07 
1198.82 3.64252e-07 
1198.83 3.61506e-07 
1198.84 3.58885e-07 
1198.85 3.56386e-07 
1198.86 3.54005e-07 
1198.87 3.51739e-07 
1198.88 3.49586e-07 
1198.89 3.47542e-07 
1198.9 3.45604e-07 
1198.91 3.4377e-07 
1198.92 3.42036e-07 
1198.93 3.40401e-07 
1198.94 3.3886e-07 
1198.95 3.37413e-07 
1198.96 3.36055e-07 
1198.97 3.34786e-07 
1198.98 3.33589e-07 
1198.99 3.32489e-07 
1199 3.31471e-07 
1199.01 3.3053e-07 
1199.02 3.29667e-07 
1199.03 3.28878e-07 
1199.04 3.28163e-07 
1199.05 3.27518e-07 
1199.06 3.26943e-07 
1199.07 3.26435e-07 
1199.08 3.25994e-07 
1199.09 3.25616e-07 
1199.1 3.25302e-07 
1199.11 3.2505e-07 
1199.12 3.24857e-07 
1199.13 3.24723e-07 
1199.14 3.24646e-07 
1199.15 3.24626e-07 
1199.15 3.24662e-07 
1199.16 3.24752e-07 
1199.17 3.24894e-07 
1199.18 3.25089e-07 
1199.19 3.25336e-07 
1199.2 3.25632e-07 
1199.21 3.25978e-07 
1199.22 3.2638e-07 
1199.23 3.26824e-07 
1199.24 3.27315e-07 
1199.25 3.27852e-07 
1199.26 3.28435e-07 
1199.27 3.29064e-07 
1199.28 3.29738e-07 
1199.29 3.30455e-07 
1199.3 3.31216e-07 
1199.31 3.32021e-07 
1199.32 3.32868e-07 
1199.33 3.33757e-07 
1199.34 3.34687e-07 
1199.35 3.35659e-07 
1199.36 3.36672e-07 
1199.37 3.37724e-07 
1199.38 3.38816e-07 
1199.39 3.39948e-07 
1199.4 3.41119e-07 
1199.41 3.42328e-07 
1199.42 3.43575e-07 
1199.43 3.44859e-07 
1199.44 3.46181e-07 
1199.45 3.47539e-07 
1199.46 3.48933e-07 
1199.47 3.50363e-07 
1199.48 3.51847e-07 
1199.49 3.53346e-07 
1199.5 3.5488e-07 
1199.51 3.56447e-07 
1199.52 3.58046e-07 
1199.53 3.59678e-07 
1199.54 3.61341e-07 
1199.55 3.63034e-07 
1199.56 3.64758e-07 
1199.57 3.66511e-07 
1199.58 3.68293e-07 
1199.58 3.70102e-07 
1199.59 3.71939e-07 
1199.6 3.73801e-07 
1199.61 3.75921e-07 
1199.62 3.77834e-07 
1199.63 3.7977e-07 
1199.64 3.81728e-07 
1199.65 3.83708e-07 
1199.66 3.85708e-07 
1199.67 3.87728e-07 
1199.68 3.89765e-07 
1199.69 3.91819e-07 
1199.7 3.93889e-07 
1199.71 3.95973e-07 
1199.72 3.98071e-07 
1199.73 4.00207e-07 
1199.74 4.02328e-07 
1199.75 4.04456e-07 
1199.76 4.06593e-07 
1199.77 4.08736e-07 
1199.78 4.10883e-07 
1199.79 4.13034e-07 
1199.8 4.15187e-07 
1199.81 4.17341e-07 
1199.82 4.19492e-07 
1199.83 4.21641e-07 
1199.84 4.23785e-07 
1199.85 4.25924e-07 
1199.86 4.28054e-07 
1199.87 4.30175e-07 
1199.88 4.32284e-07 
1199.89 4.34381e-07 
1199.9 4.36462e-07 
1199.91 4.38527e-07 
1199.92 4.40574e-07 
1199.93 4.42601e-07 
1199.94 4.44606e-07 
1199.95 4.46587e-07 
1199.96 4.48543e-07 
1199.97 4.50471e-07 
1199.98 4.52395e-07 
1199.99 4.54263e-07 
1200 4.56098e-07 
1200.01 4.57899e-07 
1200.01 4.59663e-07 
1200.02 4.61389e-07 
1200.03 4.63074e-07 
1200.04 4.64719e-07 
1200.05 4.6632e-07 
1200.06 4.67875e-07 
1200.07 4.69383e-07 
1200.08 4.70843e-07 
1200.09 4.72252e-07 
1200.1 4.73609e-07 
1200.11 4.74912e-07 
1200.12 4.7616e-07 
1200.13 4.77351e-07 
1200.14 4.78483e-07 
1200.15 4.79555e-07 
1200.16 4.80566e-07 
1200.17 4.81513e-07 
1200.18 4.82397e-07 
1200.19 4.83215e-07 
1200.2 4.83965e-07 
1200.21 4.84647e-07 
1200.22 4.85259e-07 
1200.23 4.85807e-07 
1200.24 4.86276e-07 
1200.25 4.86671e-07 
1200.26 4.86992e-07 
1200.27 4.87238e-07 
1200.28 4.87407e-07 
1200.29 4.875e-07 
1200.3 4.87514e-07 
1200.31 4.8745e-07 
1200.32 4.87306e-07 
1200.33 4.87083e-07 
1200.34 4.86778e-07 
1200.35 4.86392e-07 
1200.36 4.85924e-07 
1200.37 4.85374e-07 
1200.38 4.84742e-07 
1200.39 4.84027e-07 
1200.4 4.83228e-07 
1200.41 4.82346e-07 
1200.42 4.8138e-07 
1200.43 4.80331e-07 
1200.43 4.79198e-07 
1200.44 4.77983e-07 
1200.45 4.76683e-07 
1200.46 4.75301e-07 
1200.47 4.73834e-07 
1200.48 4.72267e-07 
1200.49 4.70636e-07 
1200.5 4.68923e-07 
1200.51 4.67129e-07 
1200.52 4.65254e-07 
1200.53 4.63298e-07 
1200.54 4.61263e-07 
1200.55 4.59149e-07 
1200.56 4.56958e-07 
1200.57 4.5469e-07 
1200.58 4.52345e-07 
1200.59 4.49925e-07 
1200.6 4.47431e-07 
1200.61 4.45139e-07 
1200.62 4.42499e-07 
1200.63 4.39787e-07 
1200.64 4.37006e-07 
1200.65 4.34156e-07 
1200.66 4.31239e-07 
1200.67 4.28257e-07 
1200.68 4.25209e-07 
1200.69 4.221e-07 
1200.7 4.18929e-07 
1200.71 4.15697e-07 
1200.72 4.12408e-07 
1200.73 4.0902e-07 
1200.74 4.05617e-07 
1200.75 4.02161e-07 
1200.76 3.98654e-07 
1200.77 3.95096e-07 
1200.78 3.91489e-07 
1200.79 3.87837e-07 
1200.8 3.84138e-07 
1200.81 3.80397e-07 
1200.82 3.76615e-07 
1200.83 3.72793e-07 
1200.84 3.68933e-07 
1200.85 3.65038e-07 
1200.85 3.61109e-07 
1200.86 3.57147e-07 
1200.87 3.53155e-07 
1200.88 3.49135e-07 
1200.89 3.45088e-07 
1200.9 3.41018e-07 
1200.91 3.36924e-07 
1200.92 3.3281e-07 
1200.93 3.28676e-07 
1200.94 3.24526e-07 
1200.95 3.2036e-07 
1200.96 3.16182e-07 
1200.97 3.11991e-07 
1200.98 3.07739e-07 
1200.99 3.03531e-07 
1201 2.99318e-07 
1201.01 2.951e-07 
1201.02 2.9088e-07 
1201.03 2.86659e-07 
1201.04 2.8244e-07 
1201.05 2.78222e-07 
1201.06 2.7401e-07 
1201.07 2.69804e-07 
1201.08 2.65605e-07 
1201.09 2.61417e-07 
1201.1 2.57239e-07 
1201.11 2.53073e-07 
1201.12 2.48922e-07 
1201.13 2.44786e-07 
1201.14 2.40668e-07 
1201.15 2.36568e-07 
1201.16 2.32488e-07 
1201.17 2.28429e-07 
1201.18 2.24392e-07 
1201.19 2.2038e-07 
1201.2 2.16393e-07 
1201.21 2.12432e-07 
1201.22 2.08498e-07 
1201.23 2.04545e-07 
1201.24 2.0067e-07 
1201.25 1.96827e-07 
1201.26 1.93015e-07 
1201.27 1.89236e-07 
1201.28 1.85491e-07 
1201.28 1.81781e-07 
1201.29 1.78106e-07 
1201.3 1.74469e-07 
1201.31 1.70868e-07 
1201.32 1.67305e-07 
1201.33 1.63781e-07 
1201.34 1.60297e-07 
1201.35 1.56852e-07 
1201.36 1.53449e-07 
1201.37 1.50086e-07 
1201.38 1.46766e-07 
1201.39 1.43488e-07 
1201.4 1.40252e-07 
1201.41 1.3706e-07 
1201.42 1.33911e-07 
1201.43 1.30806e-07 
1201.44 1.27745e-07 
1201.45 1.24729e-07 
1201.46 1.21757e-07 
1201.47 1.18831e-07 
1201.48 1.15914e-07 
1201.49 1.13078e-07 
1201.5 1.10287e-07 
1201.51 1.07542e-07 
1201.52 1.04843e-07 
1201.53 1.02189e-07 
1201.54 9.95804e-08 
1201.55 9.70172e-08 
1201.56 9.44994e-08 
1201.57 9.20269e-08 
1201.58 8.95996e-08 
1201.59 8.72171e-08 
1201.6 8.48796e-08 
1201.61 8.26376e-08 
1201.62 8.03877e-08 
1201.63 7.81819e-08 
1201.64 7.60201e-08 
1201.65 7.39019e-08 
1201.66 7.1827e-08 
1201.67 6.97951e-08 
1201.68 6.78059e-08 
1201.69 6.58589e-08 
1201.7 6.39539e-08 
1201.7 6.20904e-08 
1201.71 6.0268e-08 
1201.72 5.84644e-08 
1201.73 5.67235e-08 
1201.74 5.50224e-08 
1201.75 5.33606e-08 
1201.76 5.17376e-08 
1201.77 5.01531e-08 
1201.78 4.86065e-08 
1201.79 4.70972e-08 
1201.8 4.56248e-08 
1201.81 4.41888e-08 
1201.82 4.27887e-08 
1201.83 4.14238e-08 
1201.84 4.00936e-08 
1201.85 3.87977e-08 
1201.86 3.75354e-08 
1201.87 3.63063e-08 
1201.88 3.51097e-08 
1201.89 3.39451e-08 
1201.9 3.2812e-08 
1201.91 3.17098e-08 
1201.92 3.06378e-08 
1201.93 2.95956e-08 
1201.94 2.85826e-08 
1201.95 2.75982e-08 
1201.96 2.66419e-08 
1201.97 2.57131e-08 
1201.98 2.48001e-08 
1201.99 2.39249e-08 
1202 2.30756e-08 
1202.01 2.22515e-08 
1202.02 2.14522e-08 
1202.03 2.0677e-08 
1202.04 1.99255e-08 
1202.05 1.91971e-08 
1202.06 1.84913e-08 
1202.07 1.78075e-08 
1202.08 1.71452e-08 
1202.09 1.65039e-08 
1202.1 1.58832e-08 
1202.11 1.52824e-08 
1202.12 1.47012e-08 
1202.13 1.41389e-08 
1202.13 1.35952e-08 
1202.14 1.30695e-08 
1202.15 1.25614e-08 
1202.16 1.20704e-08 
1202.17 1.1596e-08 
1202.18 1.11378e-08 
1202.19 1.06954e-08 
1202.2 1.02683e-08 
1202.21 9.85614e-09 
1202.22 9.45361e-09 
1202.23 9.07005e-09 
1202.24 8.7002e-09 
1202.25 8.3436e-09 
1202.26 7.99987e-09 
1202.27 7.66861e-09 
1202.28 7.34945e-09 
1202.29 7.04204e-09 
1202.3 6.746e-09 
1202.31 6.46099e-09 
1202.32 6.18666e-09 
1202.33 5.92268e-09 
1202.34 5.66872e-09 
1202.35 5.42446e-09 
1202.36 5.18958e-09 
1202.37 4.96379e-09 
1202.38 4.74677e-09 
1202.39 4.53825e-09 
1202.4 4.33794e-09 
1202.41 4.14556e-09 
1202.42 3.96084e-09 
1202.43 3.78352e-09 
1202.44 3.61335e-09 
1202.45 3.45007e-09 
1202.46 3.29345e-09 
1202.47 3.14324e-09 
1202.48 2.99747e-09 
1202.49 2.8595e-09 
1202.5 2.72729e-09 
1202.51 2.60061e-09 
1202.52 2.47928e-09 
1202.53 2.36309e-09 
1202.54 2.25185e-09 
1202.55 2.14537e-09 
1202.56 2.04348e-09 
1202.56 1.946e-09 
1202.57 1.85277e-09 
1202.58 1.76361e-09 
1202.59 1.67838e-09 
1202.6 1.59691e-09 
1202.61 1.52001e-09 
1202.62 1.44559e-09 
1202.63 1.37452e-09 
1202.64 1.30666e-09 
1202.65 1.24187e-09 
1202.66 1.18004e-09 
1202.67 1.12104e-09 
1202.68 1.06475e-09 
1202.69 1.01107e-09 
1202.7 9.59887e-10 
1202.71 9.11092e-10 
1202.72 8.64589e-10 
1202.73 8.19739e-10 
1202.74 7.77555e-10 
1202.75 7.37379e-10 
1202.76 6.99126e-10 
1202.77 6.62711e-10 
1202.78 6.28056e-10 
1202.79 5.95082e-10 
1202.8 5.63715e-10 
1202.81 5.33885e-10 
1202.82 5.05522e-10 
1202.83 4.78561e-10 
1202.84 4.52938e-10 
1202.85 4.28593e-10 
1202.86 4.05467e-10 
1202.87 3.83505e-10 
1202.88 3.62653e-10 
1202.89 3.4286e-10 
1202.9 3.24075e-10 
1202.91 3.06253e-10 
1202.92 2.89347e-10 
1202.93 2.73314e-10 
1202.94 2.58113e-10 
1202.95 2.43704e-10 
1202.96 2.30048e-10 
1202.97 2.17111e-10 
1202.98 2.04856e-10 
1202.98 1.93109e-10 
1202.99 1.82128e-10 
1203 1.71734e-10 
1203.01 1.61897e-10 
1203.02 1.52591e-10 
1203.03 1.43787e-10 
1203.04 1.35462e-10 
1203.05 1.27591e-10 
1203.06 1.20151e-10 
1203.07 1.1312e-10 
1203.08 1.06477e-10 
1203.09 1.00202e-10 
1203.1 9.42759e-11 
1203.11 8.86811e-11 
1203.12 8.33999e-11 
1203.13 7.8416e-11 
1203.14 7.37137e-11 
1203.15 6.92782e-11 
1203.16 6.50954e-11 
1203.17 6.11516e-11 
1203.18 5.74341e-11 
1203.19 5.39308e-11 
1203.2 5.063e-11 
1203.21 4.75209e-11 
1203.22 4.45929e-11 
1203.23 4.18026e-11 
1203.24 3.92096e-11 
1203.25 3.67694e-11 
1203.26 3.44734e-11 
1203.27 3.23137e-11 
1203.28 3.02827e-11 
1203.29 2.83731e-11 
1203.3 2.6578e-11 
1203.31 2.48911e-11 
1203.32 2.33061e-11 
1203.33 2.18172e-11 
1203.34 2.0419e-11 
1203.35 1.91062e-11 
1203.36 1.78739e-11 
1203.37 1.67173e-11 
1203.38 1.56322e-11 
1203.39 1.46143e-11 
1203.4 1.36597e-11 
1203.41 1.27646e-11 
1203.41 1.19256e-11 
1203.42 1.11393e-11 
1203.43 1.04025e-11 
1203.44 9.71233e-12 
1203.45 9.06597e-12 
1203.46 8.46076e-12 
1203.47 7.89421e-12 
1203.48 7.35758e-12 
1203.49 6.86187e-12 
1203.5 6.39816e-12 
1203.51 5.96447e-12 
1203.52 5.55895e-12 
1203.53 5.17988e-12 
1203.54 4.82558e-12 
1203.55 4.49454e-12 
1203.56 4.18529e-12 
1203.57 3.89645e-12 
1203.58 3.62676e-12 
1203.59 3.37499e-12 
1203.6 3.14001e-12 
1203.61 2.92255e-12 
1203.62 2.71787e-12 
1203.63 2.52698e-12 
1203.64 2.34897e-12 
1203.65 2.18303e-12 
1203.66 2.02836e-12 
1203.67 1.88424e-12 
1203.68 1.74997e-12 
1203.69 1.62492e-12 
1203.7 1.50847e-12 
1203.71 1.40005e-12 
1203.72 1.29915e-12 
1203.73 1.20412e-12 
1203.74 1.11684e-12 
1203.75 1.03566e-12 
1203.76 9.6017e-13 
1203.77 8.89987e-13 
1203.78 8.24753e-13 
1203.79 7.64132e-13 
1203.8 7.07812e-13 
1203.81 6.55499e-13 
1203.82 6.06918e-13 
1203.83 5.61815e-13 
1203.83 5.1995e-13 
1203.84 4.81098e-13 
1203.85 4.45052e-13 
1203.86 4.11616e-13 
1203.87 3.80609e-13 
1203.88 3.5186e-13 
1203.89 3.25211e-13 
1203.9 3.00514e-13 
1203.91 2.77632e-13 
1203.92 2.56436e-13 
1203.93 2.36806e-13 
1203.94 2.18631e-13 
1203.95 2.01806e-13 
1203.96 1.86235e-13 
1203.97 1.71828e-13 
1203.98 1.58341e-13 
1203.99 1.46027e-13 
1204 1.34641e-13 
1204.01 1.24116e-13 
1204.02 1.14388e-13 
1204.03 1.054e-13 
1204.04 9.70966e-14 
1204.05 8.94277e-14 
1204.06 8.23464e-14 
1204.07 7.58092e-14 
1204.08 6.97756e-14 
1204.09 6.42082e-14 
1204.1 5.90719e-14 
1204.11 5.43346e-14 
1204.12 4.99663e-14 
1204.13 4.5939e-14 
1204.14 4.22271e-14 
1204.15 3.88066e-14 
1204.16 3.56553e-14 
1204.17 3.27527e-14 
1204.18 3.00798e-14 
1204.19 2.7619e-14 
1204.2 2.53539e-14 
1204.21 2.32695e-14 
1204.22 2.13517e-14 
1204.23 1.95666e-14 
1204.24 1.79461e-14 
1204.25 1.64562e-14 
1204.26 1.50866e-14 
1204.26 1.3828e-14 
1204.27 1.26717e-14 
1204.28 1.16094e-14 
1204.29 1.06339e-14 
1204.3 9.73822e-15 
1204.31 8.91601e-15 
1204.32 8.16144e-15 
1204.33 7.46908e-15 
1204.34 6.83396e-15 
1204.35 6.25146e-15 
1204.36 5.71737e-15 
1204.37 5.22775e-15 
1204.38 4.77902e-15 
1204.39 4.36784e-15 
1204.4 3.99116e-15 
1204.41 3.64617e-15 
1204.42 3.33026e-15 
1204.43 3.04106e-15 
1204.44 2.77636e-15 
1204.45 2.53415e-15 
1204.46 2.31256e-15 
1204.47 2.10988e-15 
1204.48 1.92233e-15 
1204.49 1.75307e-15 
1204.5 1.59837e-15 
1204.51 1.457e-15 
1204.52 1.32784e-15 
1204.53 1.20987e-15 
1204.54 1.10213e-15 
1204.55 1.00377e-15 
1204.56 9.13987e-16 
1204.57 8.32051e-16 
1204.58 7.57293e-16 
1204.59 6.89101e-16 
1204.6 6.26912e-16 
1204.61 5.7021e-16 
1204.62 5.18842e-16 
1204.63 4.71708e-16 
1204.64 4.28761e-16 
1204.65 3.89638e-16 
1204.66 3.54008e-16 
1204.67 3.21565e-16 
1204.68 2.92031e-16 
1204.68 2.65152e-16 
1204.69 2.40693e-16 
1204.7 2.18443e-16 
1204.71 1.98206e-16 
1204.72 1.79586e-16 
1204.73 1.62877e-16 
1204.74 1.4769e-16 
1204.75 1.33889e-16 
1204.76 1.21352e-16 
1204.77 1.09964e-16 
1204.78 9.96236e-17 
1204.79 9.02354e-17 
1204.8 8.17139e-17 
1204.81 7.39809e-17 
1204.82 6.69651e-17 
1204.83 6.06012e-17 
1204.84 5.48301e-17 
1204.85 4.95977e-17 
1204.86 4.48547e-17 
1204.87 4.05564e-17 
1204.88 3.66619e-17 
1204.89 3.31342e-17 
1204.9 2.99393e-17 
1204.91 2.70465e-17 
1204.92 2.44279e-17 
1204.93 2.20579e-17 
1204.94 1.99135e-17 
1204.95 1.79737e-17 
1204.96 1.62192e-17 
1204.97 1.46328e-17 
1204.98 1.31816e-17 
1204.99 1.18871e-17 
1205 1.07173e-17 
1205.01 9.66049e-18 
1205.02 8.70599e-18 
1205.03 7.84409e-18 
1205.04 7.06596e-18 
1205.05 6.36362e-18 
1205.06 5.72983e-18 
1205.07 5.15803e-18 
1205.08 4.64228e-18 
1205.09 4.17717e-18 
1205.1 3.75785e-18 
1205.11 3.37987e-18 
1205.11 3.03924e-18 
1205.12 2.73234e-18 
1205.13 2.45589e-18 
1205.14 2.20693e-18 
1205.15 1.98277e-18 
1205.16 1.78099e-18 
1205.17 1.59939e-18 
1205.18 1.43599e-18 
1205.19 1.289e-18 
1205.2 1.15681e-18 
1205.21 1.03794e-18 
1205.22 9.29884e-19 
1205.23 8.33907e-19 
1205.24 7.47725e-19 
1205.25 6.70302e-19 
1205.26 6.00764e-19 
1205.27 5.38322e-19 
1205.28 4.82263e-19 
1205.29 4.31948e-19 
1205.3 3.86797e-19 
1205.31 3.46289e-19 
1205.32 3.09956e-19 
1205.33 2.77374e-19 
1205.34 2.48162e-19 
1205.35 2.21978e-19 
1205.36 1.98513e-19 
1205.37 1.7749e-19 
1205.38 1.58658e-19 
1205.39 1.41793e-19 
1205.4 1.26693e-19 
1205.41 1.13176e-19 
1205.42 1.01079e-19 
1205.43 9.02557e-20 
1205.44 8.05732e-20 
1205.45 7.19137e-20 
1205.46 6.41707e-20 
1205.47 5.72489e-20 
1205.48 5.09934e-20 
1205.49 4.54693e-20 
1205.5 4.05379e-20 
1205.51 3.61333e-20 
1205.52 3.22003e-20 
1205.53 2.86891e-20 
1205.54 2.55551e-20 
1205.54 2.27585e-20 
1205.55 2.02634e-20 
1205.56 1.8038e-20 
1205.57 1.60534e-20 
1205.58 1.42841e-20 
1205.59 1.27069e-20 
1205.6 1.13014e-20 
1205.61 1.00554e-20 
1205.62 8.93927e-21 
1205.63 7.94527e-21 
1205.64 7.06026e-21 
1205.65 6.27245e-21 
1205.66 5.57132e-21 
1205.67 4.94747e-21 
1205.68 4.39252e-21 
1205.69 3.89896e-21 
1205.7 3.46009e-21 
1205.71 3.06995e-21 
1205.72 2.7232e-21 
1205.73 2.41147e-21 
1205.74 2.13815e-21 
1205.75 1.89539e-21 
1205.76 1.67983e-21 
1205.77 1.48845e-21 
1205.78 1.31859e-21 
1205.79 1.16786e-21 
1205.8 1.03413e-21 
1205.81 9.15509e-22 
1205.82 8.10319e-22 
1205.83 7.17057e-22 
1205.84 6.34391e-22 
1205.85 5.61131e-22 
1205.86 4.96222e-22 
1205.87 4.38725e-22 
1205.88 3.87805e-22 
1205.89 3.4272e-22 
1205.9 3.02809e-22 
1205.91 2.67488e-22 
1205.92 2.36235e-22 
1205.93 2.08587e-22 
1205.94 1.84135e-22 
1205.95 1.62514e-22 
1205.96 1.434e-22 
1205.96 1.26506e-22 
1205.97 1.11578e-22 
1205.98 9.82349e-23 
1205.99 8.66046e-23 
1206 7.63344e-23 
1206.01 6.72674e-23 
1206.02 5.92644e-23 
1206.03 5.2202e-23 
1206.04 4.59712e-23 
1206.05 4.04751e-23 
1206.06 3.56283e-23 
1206.07 3.13551e-23 
1206.08 2.75883e-23 
1206.09 2.42686e-23 
1206.1 2.13438e-23 
1206.11 1.87673e-23 
1206.12 1.64982e-23 
1206.13 1.45003e-23 
1206.14 1.27415e-23 
1206.15 1.11936e-23 
1206.16 9.83156e-24 
1206.17 8.63337e-24 
1206.18 7.57954e-24 
1206.19 6.65288e-24 
1206.2 5.83824e-24 
1206.21 5.12222e-24 
1206.22 4.49303e-24 
1206.23 3.93379e-24 
1206.24 3.44906e-24 
1206.25 3.02339e-24 
1206.26 2.64967e-24 
1206.27 2.32164e-24 
1206.28 2.03377e-24 
1206.29 1.7812e-24 
1206.3 1.55966e-24 
1206.31 1.36537e-24 
1206.32 1.19502e-24 
1206.33 1.0457e-24 
1206.34 9.14833e-25 
1206.35 8.00167e-25 
1206.36 6.99721e-25 
1206.37 6.11749e-25 
1206.38 5.34719e-25 
1206.39 4.67287e-25 
1206.39 4.08268e-25 
1206.4 3.56625e-25 
1206.41 3.11446e-25 
1206.42 2.71931e-25 
1206.43 2.37377e-25 
1206.44 2.07168e-25 
1206.45 1.80764e-25 
1206.46 1.57691e-25 
1206.47 1.37532e-25 
1206.48 1.19719e-25 
1206.49 1.04368e-25 
1206.5 9.09662e-26 
1206.51 7.92675e-26 
1206.52 6.90581e-26 
1206.53 6.01505e-26 
1206.54 5.23803e-26 
1206.55 4.56039e-26 
1206.56 3.96954e-26 
1206.57 3.45449e-26 
1206.58 3.0056e-26 
1206.59 2.61448e-26 
1206.6 0 
