#energy geo_1 
1186.6 0 
1186.61 0 
1186.62 0 
1186.63 0 
1186.64 0 
1186.65 0 
1186.66 0 
1186.67 0 
1186.68 0 
1186.69 0 
1186.7 0 
1186.71 0 
1186.72 0 
1186.73 0 
1186.74 0 
1186.75 0 
1186.76 0 
1186.77 0 
1186.78 0 
1186.79 0 
1186.8 0 
1186.81 0 
1186.81 0 
1186.82 0 
1186.83 0 
1186.84 0 
1186.85 0 
1186.86 0 
1186.87 0 
1186.88 0 
1186.89 0 
1186.9 0 
1186.91 0 
1186.92 0 
1186.93 0 
1186.94 0 
1186.95 0 
1186.96 0 
1186.97 0 
1186.98 0 
1186.99 0 
1187 0 
1187.01 0 
1187.02 0 
1187.03 0 
1187.04 0 
1187.05 0 
1187.06 0 
1187.07 0 
1187.08 0 
1187.09 0 
1187.1 0 
1187.11 0 
1187.12 0 
1187.13 0 
1187.14 0 
1187.15 0 
1187.16 0 
1187.17 0 
1187.18 0 
1187.19 0 
1187.2 0 
1187.21 0 
1187.22 0 
1187.23 0 
1187.24 0 
1187.24 0 
1187.25 0 
1187.26 0 
1187.27 0 
1187.28 0 
1187.29 0 
1187.3 0 
1187.31 0 
1187.32 0 
1187.33 0 
1187.34 0 
1187.35 0 
1187.36 0 
1187.37 0 
1187.38 0 
1187.39 0 
1187.4 0 
1187.41 0 
1187.42 0 
1187.43 0 
1187.44 0 
1187.45 0 
1187.46 0 
1187.47 0 
1187.48 0 
1187.49 0 
1187.5 0 
1187.51 0 
1187.52 0 
1187.53 0 
1187.54 0 
1187.55 0 
1187.56 0 
1187.57 0 
1187.58 0 
1187.59 0 
1187.6 0 
1187.61 0 
1187.62 0 
1187.63 0 
1187.64 0 
1187.65 0 
1187.66 0 
1187.66 0 
1187.67 0 
1187.68 0 
1187.69 0 
1187.7 0 
1187.71 0 
1187.72 0 
1187.73 0 
1187.74 0 
1187.75 0 
1187.76 0 
1187.77 0 
1187.78 0 
1187.79 0 
1187.8 0 
1187.81 0 
1187.82 0 
1187.83 0 
1187.84 0 
1187.85 0 
1187.86 0 
1187.87 0 
1187.88 0 
1187.89 0 
1187.9 0 
1187.91 0 
1187.92 0 
1187.93 0 
1187.94 0 
1187.95 0 
1187.96 0 
1187.97 0 
1187.98 0 
1187.99 0 
1188 0 
1188.01 0 
1188.02 0 
1188.03 0 
1188.04 0 
1188.05 0 
1188.06 0 
1188.07 0 
1188.08 0 
1188.09 0 
1188.09 0 
1188.1 0 
1188.11 0 
1188.12 0 
1188.13 0 
1188.14 0 
1188.15 0 
1188.16 0 
1188.17 0 
1188.18 0 
1188.19 0 
1188.2 0 
1188.21 0 
1188.22 0 
1188.23 0 
1188.24 0 
1188.25 0 
1188.26 0 
1188.27 0 
1188.28 0 
1188.29 0 
1188.3 0 
1188.31 0 
1188.32 0 
1188.33 0 
1188.34 0 
1188.35 0 
1188.36 0 
1188.37 0 
1188.38 0 
1188.39 0 
1188.4 0 
1188.41 0 
1188.42 0 
1188.43 0 
1188.44 0 
1188.45 0 
1188.46 0 
1188.47 0 
1188.48 0 
1188.49 0 
1188.5 0 
1188.51 0 
1188.52 0 
1188.52 0 
1188.53 0 
1188.54 0 
1188.55 0 
1188.56 0 
1188.57 0 
1188.58 0 
1188.59 0 
1188.6 0 
1188.61 0 
1188.62 0 
1188.63 0 
1188.64 0 
1188.65 0 
1188.66 0 
1188.67 0 
1188.68 0 
1188.69 0 
1188.7 0 
1188.71 0 
1188.72 0 
1188.73 0 
1188.74 0 
1188.75 0 
1188.76 0 
1188.77 0 
1188.78 0 
1188.79 0 
1188.8 0 
1188.81 0 
1188.82 0 
1188.83 0 
1188.84 0 
1188.85 0 
1188.86 0 
1188.87 0 
1188.88 0 
1188.89 0 
1188.9 0 
1188.91 0 
1188.92 0 
1188.93 0 
1188.94 0 
1188.94 0 
1188.95 0 
1188.96 0 
1188.97 0 
1188.98 0 
1188.99 0 
1189 0 
1189.01 0 
1189.02 0 
1189.03 0 
1189.04 0 
1189.05 0 
1189.06 0 
1189.07 0 
1189.08 0 
1189.09 0 
1189.1 0 
1189.11 0 
1189.12 0 
1189.13 0 
1189.14 0 
1189.15 0 
1189.16 0 
1189.17 0 
1189.18 0 
1189.19 0 
1189.2 0 
1189.21 0 
1189.22 0 
1189.23 0 
1189.24 0 
1189.25 0 
1189.26 0 
1189.27 0 
1189.28 0 
1189.29 0 
1189.3 0 
1189.31 0 
1189.32 0 
1189.33 0 
1189.34 0 
1189.35 0 
1189.36 0 
1189.36 0 
1189.37 0 
1189.38 0 
1189.39 0 
1189.4 0 
1189.41 0 
1189.42 0 
1189.43 0 
1189.44 0 
1189.45 0 
1189.46 0 
1189.47 0 
1189.48 0 
1189.49 0 
1189.5 0 
1189.51 0 
1189.52 0 
1189.53 0 
1189.54 0 
1189.55 0 
1189.56 0 
1189.57 0 
1189.58 0 
1189.59 0 
1189.6 0 
1189.61 0 
1189.62 0 
1189.63 0 
1189.64 0 
1189.65 0 
1189.66 0 
1189.67 0 
1189.68 0 
1189.69 0 
1189.7 0 
1189.71 0 
1189.72 0 
1189.73 0 
1189.74 0 
1189.75 0 
1189.76 0 
1189.77 0 
1189.78 0 
1189.79 0 
1189.79 0 
1189.8 0 
1189.81 0 
1189.82 0 
1189.83 0 
1189.84 0 
1189.85 0 
1189.86 0 
1189.87 0 
1189.88 0 
1189.89 0 
1189.9 0 
1189.91 0 
1189.92 0 
1189.93 0 
1189.94 0 
1189.95 0 
1189.96 0 
1189.97 0 
1189.98 0 
1189.99 0 
1190 0 
1190.01 0 
1190.02 0 
1190.03 0 
1190.04 0 
1190.05 0 
1190.06 0 
1190.07 0 
1190.08 0 
1190.09 0 
1190.1 0 
1190.11 0 
1190.12 0 
1190.13 0 
1190.14 0 
1190.15 0 
1190.16 0 
1190.17 0 
1190.18 0 
1190.19 0 
1190.2 0 
1190.21 0 
1190.21 0 
1190.22 0 
1190.23 0 
1190.24 0 
1190.25 0 
1190.26 0 
1190.27 0 
1190.28 0 
1190.29 0 
1190.3 0 
1190.31 0 
1190.32 0 
1190.33 0 
1190.34 0 
1190.35 0 
1190.36 0 
1190.37 0 
1190.38 0 
1190.39 0 
1190.4 0 
1190.41 0 
1190.42 0 
1190.43 0 
1190.44 0 
1190.45 0 
1190.46 0 
1190.47 0 
1190.48 0 
1190.49 0 
1190.5 0 
1190.51 0 
1190.52 0 
1190.53 0 
1190.54 0 
1190.55 0 
1190.56 0 
1190.57 0 
1190.58 0 
1190.59 0 
1190.6 0 
1190.61 0 
1190.62 0 
1190.63 0 
1190.64 0 
1190.64 0 
1190.65 0 
1190.66 0 
1190.67 0 
1190.68 0 
1190.69 1.4013e-45 
1190.7 1.4013e-45 
1190.71 1.4013e-45 
1190.72 1.4013e-45 
1190.73 2.8026e-45 
1190.74 2.8026e-45 
1190.75 4.2039e-45 
1190.76 5.60519e-45 
1190.77 8.40779e-45 
1190.78 9.80909e-45 
1190.79 1.4013e-44 
1190.8 1.82169e-44 
1190.81 2.38221e-44 
1190.82 3.08286e-44 
1190.83 4.2039e-44 
1190.84 5.60519e-44 
1190.85 7.56701e-44 
1190.86 9.94922e-44 
1190.87 1.34525e-43 
1190.88 1.79366e-43 
1190.89 2.36819e-43 
1190.9 3.16693e-43 
1190.91 4.21791e-43 
1190.92 5.61921e-43 
1190.93 7.46892e-43 
1190.94 9.93521e-43 
1190.95 1.32142e-42 
1190.96 1.75443e-42 
1190.97 2.33036e-42 
1190.98 3.10247e-42 
1190.99 4.11421e-42 
1191 5.45105e-42 
1191.01 7.22229e-42 
1191.02 9.56246e-42 
1191.03 1.26495e-41 
1191.04 1.67259e-41 
1191.05 2.21055e-41 
1191.06 2.91975e-41 
1191.07 3.85413e-41 
1191.07 5.08489e-41 
1191.08 6.70465e-41 
1191.09 8.83547e-41 
1191.1 1.16368e-40 
1191.11 1.53175e-40 
1191.12 2.01507e-40 
1191.13 2.64939e-40 
1191.14 3.4814e-40 
1191.15 4.57206e-40 
1191.16 6.001e-40 
1191.17 7.87203e-40 
1191.18 1.03205e-39 
1191.19 1.35229e-39 
1191.2 1.77088e-39 
1191.21 2.31771e-39 
1191.22 3.03167e-39 
1191.23 3.97658e-39 
1191.24 5.19556e-39 
1191.25 6.78434e-39 
1191.26 8.8539e-39 
1191.27 1.15482e-38 
1191.28 1.50537e-38 
1191.29 1.96122e-38 
1191.3 2.55365e-38 
1191.31 3.32314e-38 
1191.32 4.32202e-38 
1191.33 5.61793e-38 
1191.34 7.29825e-38 
1191.35 9.47573e-38 
1191.36 1.22958e-37 
1191.37 1.59462e-37 
1191.38 2.06683e-37 
1191.39 2.67736e-37 
1191.4 3.46625e-37 
1191.41 4.48503e-37 
1191.42 5.79993e-37 
1191.43 7.49603e-37 
1191.44 9.6826e-37 
1191.45 1.24998e-36 
1191.46 1.61276e-36 
1191.47 2.07963e-36 
1191.48 2.68978e-36 
1191.49 3.46295e-36 
1191.49 4.45775e-36 
1191.5 5.73504e-36 
1191.51 7.3741e-36 
1191.52 9.47618e-36 
1191.53 1.21705e-35 
1191.54 1.56221e-35 
1191.55 2.0041e-35 
1191.56 2.56951e-35 
1191.57 3.29256e-35 
1191.58 4.21667e-35 
1191.59 5.39706e-35 
1191.6 6.90824e-35 
1191.61 8.832e-35 
1191.62 1.1285e-34 
1191.63 1.44111e-34 
1191.64 1.83927e-34 
1191.65 2.34608e-34 
1191.66 2.99085e-34 
1191.67 3.81063e-34 
1191.68 4.85234e-34 
1191.69 6.17529e-34 
1191.7 7.85445e-34 
1191.71 9.98449e-34 
1191.72 1.26849e-33 
1191.73 1.61546e-33 
1191.74 2.05003e-33 
1191.75 2.6e-33 
1191.76 3.29564e-33 
1191.77 4.17502e-33 
1191.78 5.28602e-33 
1191.79 6.68884e-33 
1191.8 8.45911e-33 
1191.81 1.06918e-32 
1191.82 1.3506e-32 
1191.83 1.70513e-32 
1191.84 2.15149e-32 
1191.85 2.71314e-32 
1191.86 3.41946e-32 
1191.87 4.30719e-32 
1191.88 5.4223e-32 
1191.89 6.82219e-32 
1191.9 8.5786e-32 
1191.91 1.0781e-31 
1191.92 1.35412e-31 
1191.92 1.69983e-31 
1191.93 2.13258e-31 
1191.94 2.67398e-31 
1191.95 3.3509e-31 
1191.96 4.19679e-31 
1191.97 5.25321e-31 
1191.98 6.5902e-31 
1191.99 8.23961e-31 
1192 1.0296e-30 
1192.01 1.28582e-30 
1192.02 1.60488e-30 
1192.03 2.00197e-30 
1192.04 2.49589e-30 
1192.05 3.10989e-30 
1192.06 3.87273e-30 
1192.07 4.81992e-30 
1192.08 5.99536e-30 
1192.09 7.45319e-30 
1192.1 9.26022e-30 
1192.11 1.14988e-29 
1192.12 1.42703e-29 
1192.13 1.76998e-29 
1192.14 2.19409e-29 
1192.15 2.71828e-29 
1192.16 3.36576e-29 
1192.17 4.1651e-29 
1192.18 5.15133e-29 
1192.19 6.36745e-29 
1192.2 7.86616e-29 
1192.21 9.71208e-29 
1192.22 1.19843e-28 
1192.23 1.48185e-28 
1192.24 1.82644e-28 
1192.25 2.24988e-28 
1192.26 2.76991e-28 
1192.27 3.40818e-28 
1192.28 4.19114e-28 
1192.29 5.15102e-28 
1192.3 6.32713e-28 
1192.31 7.76733e-28 
1192.32 9.52991e-28 
1192.33 1.16858e-27 
1192.34 1.43212e-27 
1192.34 1.75409e-27 
1192.35 2.14721e-27 
1192.36 2.62695e-27 
1192.37 3.21203e-27 
1192.38 3.92518e-27 
1192.39 4.79393e-27 
1192.4 5.85161e-27 
1192.41 7.13857e-27 
1192.42 8.7036e-27 
1192.43 1.06057e-26 
1192.44 1.2916e-26 
1192.45 1.57207e-26 
1192.46 1.91235e-26 
1192.47 2.32496e-26 
1192.48 2.83185e-26 
1192.49 3.43888e-26 
1192.5 4.17366e-26 
1192.51 5.06253e-26 
1192.52 6.13721e-26 
1192.53 7.43577e-26 
1192.54 9.00395e-26 
1192.55 1.08966e-25 
1192.56 1.31796e-25 
1192.57 1.59318e-25 
1192.58 1.92477e-25 
1192.59 2.32405e-25 
1192.6 2.80456e-25 
1192.61 3.38458e-25 
1192.62 4.07968e-25 
1192.63 4.91474e-25 
1192.64 5.91733e-25 
1192.65 7.12038e-25 
1192.66 8.56314e-25 
1192.67 1.02923e-24 
1192.68 1.23637e-24 
1192.69 1.48434e-24 
1192.7 1.78102e-24 
1192.71 2.13579e-24 
1192.72 2.55976e-24 
1192.73 3.07305e-24 
1192.74 3.67884e-24 
1192.75 4.40153e-24 
1192.76 5.26319e-24 
1192.77 6.28993e-24 
1192.77 7.51268e-24 
1192.78 8.968e-24 
1192.79 1.06991e-23 
1192.8 1.27571e-23 
1192.81 1.52023e-23 
1192.82 1.81058e-23 
1192.83 2.15515e-23 
1192.84 2.56383e-23 
1192.85 3.04827e-23 
1192.86 3.62217e-23 
1192.87 4.30166e-23 
1192.88 5.1057e-23 
1192.89 6.05657e-23 
1192.9 7.18042e-23 
1192.91 8.50795e-23 
1192.92 1.00752e-22 
1192.93 1.19242e-22 
1192.94 1.41046e-22 
1192.95 1.66742e-22 
1192.96 1.97005e-22 
1192.97 2.32629e-22 
1192.98 2.75106e-22 
1192.99 3.24479e-22 
1193 3.82495e-22 
1193.01 4.50626e-22 
1193.02 5.3059e-22 
1193.03 6.24387e-22 
1193.04 7.34344e-22 
1193.05 8.63173e-22 
1193.06 1.01402e-21 
1193.07 1.19056e-21 
1193.08 1.39702e-21 
1193.09 1.63836e-21 
1193.1 1.92029e-21 
1193.11 2.24945e-21 
1193.12 2.63353e-21 
1193.13 3.08142e-21 
1193.14 3.60343e-21 
1193.15 4.21146e-21 
1193.16 4.91928e-21 
1193.17 5.74278e-21 
1193.18 6.7003e-21 
1193.19 7.81302e-21 
1193.19 9.10532e-21 
1193.2 1.06053e-20 
1193.21 1.23453e-20 
1193.22 1.43919e-20 
1193.23 1.67315e-20 
1193.24 1.94432e-20 
1193.25 2.25815e-20 
1193.26 2.62113e-20 
1193.27 3.04072e-20 
1193.28 3.52547e-20 
1193.29 4.08516e-20 
1193.3 4.731e-20 
1193.31 5.47581e-20 
1193.32 6.33426e-20 
1193.33 7.32311e-20 
1193.34 8.46148e-20 
1193.35 9.77124e-20 
1193.36 1.12773e-19 
1193.37 1.3008e-19 
1193.38 1.49958e-19 
1193.39 1.72775e-19 
1193.4 1.9895e-19 
1193.41 2.28959e-19 
1193.42 2.63344e-19 
1193.43 3.02721e-19 
1193.44 3.47786e-19 
1193.45 3.99332e-19 
1193.46 4.58255e-19 
1193.47 5.25573e-19 
1193.48 6.03462e-19 
1193.49 6.91316e-19 
1193.5 7.91507e-19 
1193.51 9.057e-19 
1193.52 1.03578e-18 
1193.53 1.18386e-18 
1193.54 1.35234e-18 
1193.55 1.54391e-18 
1193.56 1.76162e-18 
1193.57 2.00888e-18 
1193.58 2.28953e-18 
1193.59 2.60791e-18 
1193.6 2.96885e-18 
1193.61 3.37993e-18 
1193.62 3.84333e-18 
1193.62 4.36778e-18 
1193.63 4.96095e-18 
1193.64 5.63146e-18 
1193.65 6.38895e-18 
1193.66 7.24418e-18 
1193.67 8.2092e-18 
1193.68 9.29747e-18 
1193.69 1.0524e-17 
1193.7 1.19055e-17 
1193.71 1.34607e-17 
1193.72 1.52103e-17 
1193.73 1.72036e-17 
1193.74 1.94174e-17 
1193.75 2.19036e-17 
1193.76 2.4694e-17 
1193.77 2.7824e-17 
1193.78 3.13327e-17 
1193.79 3.52638e-17 
1193.8 3.96655e-17 
1193.81 4.4591e-17 
1193.82 5.00996e-17 
1193.83 5.62565e-17 
1193.84 6.3134e-17 
1193.85 7.08119e-17 
1193.86 7.9378e-17 
1193.87 8.89297e-17 
1193.88 9.95737e-17 
1193.89 1.11428e-16 
1193.9 1.24622e-16 
1193.91 1.393e-16 
1193.92 1.55617e-16 
1193.93 1.73745e-16 
1193.94 1.93875e-16 
1193.95 2.16214e-16 
1193.96 2.40989e-16 
1193.97 2.68449e-16 
1193.98 2.99268e-16 
1193.99 3.32985e-16 
1194 3.70291e-16 
1194.01 4.1154e-16 
1194.02 4.57123e-16 
1194.03 5.07465e-16 
1194.04 5.6303e-16 
1194.05 6.24321e-16 
1194.05 6.91889e-16 
1194.06 7.66333e-16 
1194.07 8.483e-16 
1194.08 9.38499e-16 
1194.09 1.0377e-15 
1194.1 1.14672e-15 
1194.11 1.26648e-15 
1194.12 1.39794e-15 
1194.13 1.54218e-15 
1194.14 1.70031e-15 
1194.15 1.8736e-15 
1194.16 2.06336e-15 
1194.17 2.27105e-15 
1194.18 2.49822e-15 
1194.19 2.74653e-15 
1194.2 3.01781e-15 
1194.21 3.31399e-15 
1194.22 3.63715e-15 
1194.23 3.99415e-15 
1194.24 4.3786e-15 
1194.25 4.79731e-15 
1194.26 5.25307e-15 
1194.27 5.74884e-15 
1194.28 6.2878e-15 
1194.29 6.87336e-15 
1194.3 7.50916e-15 
1194.31 8.1991e-15 
1194.32 8.9473e-15 
1194.33 9.75821e-15 
1194.34 1.06365e-14 
1194.35 1.15873e-14 
1194.36 1.26158e-14 
1194.37 1.37278e-14 
1194.38 1.49293e-14 
1194.39 1.62266e-14 
1194.4 1.76266e-14 
1194.41 1.91365e-14 
1194.42 2.07638e-14 
1194.43 2.25166e-14 
1194.44 2.44035e-14 
1194.45 2.64334e-14 
1194.46 2.86158e-14 
1194.47 3.09606e-14 
1194.47 3.35123e-14 
1194.48 3.62154e-14 
1194.49 3.91156e-14 
1194.5 4.2224e-14 
1194.51 4.55533e-14 
1194.52 4.9117e-14 
1194.53 5.29293e-14 
1194.54 5.7005e-14 
1194.55 6.13594e-14 
1194.56 6.60086e-14 
1194.57 7.09696e-14 
1194.58 7.62599e-14 
1194.59 8.18977e-14 
1194.6 8.79021e-14 
1194.61 9.43515e-14 
1194.62 1.01153e-13 
1194.63 1.08383e-13 
1194.64 1.16064e-13 
1194.65 1.24218e-13 
1194.66 1.32869e-13 
1194.67 1.42041e-13 
1194.68 1.5176e-13 
1194.69 1.62051e-13 
1194.7 1.72941e-13 
1194.71 1.84458e-13 
1194.72 1.96629e-13 
1194.73 2.09648e-13 
1194.74 2.23225e-13 
1194.75 2.37545e-13 
1194.76 2.52639e-13 
1194.77 2.68539e-13 
1194.78 2.85276e-13 
1194.79 3.02884e-13 
1194.8 3.21395e-13 
1194.81 3.40843e-13 
1194.82 3.61261e-13 
1194.83 3.82683e-13 
1194.84 4.05145e-13 
1194.85 4.2868e-13 
1194.86 4.53323e-13 
1194.87 4.7911e-13 
1194.88 5.06074e-13 
1194.89 5.34252e-13 
1194.9 5.63676e-13 
1194.9 5.94381e-13 
1194.91 6.26403e-13 
1194.92 6.59772e-13 
1194.93 6.94523e-13 
1194.94 7.30689e-13 
1194.95 7.68299e-13 
1194.96 8.07386e-13 
1194.97 8.47978e-13 
1194.98 8.9064e-13 
1194.99 9.34348e-13 
1195 9.79643e-13 
1195.01 1.02655e-12 
1195.02 1.07509e-12 
1195.03 1.12529e-12 
1195.04 1.17717e-12 
1195.05 1.23074e-12 
1195.06 1.28602e-12 
1195.07 1.34303e-12 
1195.08 1.40177e-12 
1195.09 1.46225e-12 
1195.1 1.52449e-12 
1195.11 1.58849e-12 
1195.12 1.65424e-12 
1195.13 1.72176e-12 
1195.14 1.79103e-12 
1195.15 1.86205e-12 
1195.16 1.93482e-12 
1195.17 2.00933e-12 
1195.18 2.08556e-12 
1195.19 2.1635e-12 
1195.2 2.24314e-12 
1195.21 2.32445e-12 
1195.22 2.40742e-12 
1195.23 2.4931e-12 
1195.24 2.57934e-12 
1195.25 2.66718e-12 
1195.26 2.75659e-12 
1195.27 2.84755e-12 
1195.28 2.94005e-12 
1195.29 3.03405e-12 
1195.3 3.12955e-12 
1195.31 3.22654e-12 
1195.32 3.325e-12 
1195.32 3.42494e-12 
1195.33 3.52637e-12 
1195.34 3.6293e-12 
1195.35 3.73376e-12 
1195.36 3.83978e-12 
1195.37 3.94744e-12 
1195.38 4.05679e-12 
1195.39 4.16793e-12 
1195.4 4.28099e-12 
1195.41 4.3961e-12 
1195.42 4.51346e-12 
1195.43 4.63328e-12 
1195.44 4.7558e-12 
1195.45 4.88135e-12 
1195.46 5.01029e-12 
1195.47 5.14302e-12 
1195.48 5.2818e-12 
1195.49 5.42376e-12 
1195.5 5.57125e-12 
1195.51 5.72504e-12 
1195.52 5.886e-12 
1195.53 6.05512e-12 
1195.54 6.23353e-12 
1195.55 6.42255e-12 
1195.56 6.62365e-12 
1195.57 6.83848e-12 
1195.58 7.06896e-12 
1195.59 7.31721e-12 
1195.6 7.58566e-12 
1195.61 7.88191e-12 
1195.62 8.19943e-12 
1195.63 8.54639e-12 
1195.64 8.92664e-12 
1195.65 9.34451e-12 
1195.66 9.80486e-12 
1195.67 1.03131e-11 
1195.68 1.08753e-11 
1195.69 1.14982e-11 
1195.7 1.21894e-11 
1195.71 1.29573e-11 
1195.72 1.38112e-11 
1195.73 1.4774e-11 
1195.74 1.58338e-11 
1195.75 1.70147e-11 
1195.75 1.83309e-11 
1195.76 1.97982e-11 
1195.77 2.14342e-11 
1195.78 2.32583e-11 
1195.79 2.52919e-11 
1195.8 2.75589e-11 
1195.81 3.00853e-11 
1195.82 3.29002e-11 
1195.83 3.60354e-11 
1195.84 3.95262e-11 
1195.85 4.34111e-11 
1195.86 4.77329e-11 
1195.87 5.25383e-11 
1195.88 5.78789e-11 
1195.89 6.38113e-11 
1195.9 7.03973e-11 
1195.91 7.77052e-11 
1195.92 8.58095e-11 
1195.93 9.47917e-11 
1195.94 1.04741e-10 
1195.95 1.15756e-10 
1195.96 1.27942e-10 
1195.97 1.41417e-10 
1195.98 1.56502e-10 
1195.99 1.72966e-10 
1196 1.91138e-10 
1196.01 2.11181e-10 
1196.02 2.33275e-10 
1196.03 2.57614e-10 
1196.04 2.8441e-10 
1196.05 3.13894e-10 
1196.06 3.46313e-10 
1196.07 3.81938e-10 
1196.08 4.21062e-10 
1196.09 4.64002e-10 
1196.1 5.11099e-10 
1196.11 5.62725e-10 
1196.12 6.19279e-10 
1196.13 6.81193e-10 
1196.14 7.48932e-10 
1196.15 8.22998e-10 
1196.16 9.03931e-10 
1196.17 9.92313e-10 
1196.17 1.08877e-09 
1196.18 1.19397e-09 
1196.19 1.30863e-09 
1196.2 1.43354e-09 
1196.21 1.56951e-09 
1196.22 1.71945e-09 
1196.23 1.88037e-09 
1196.24 2.0553e-09 
1196.25 2.24526e-09 
1196.26 2.4514e-09 
1196.27 2.67496e-09 
1196.28 2.91725e-09 
1196.29 3.17969e-09 
1196.3 3.46377e-09 
1196.31 3.77107e-09 
1196.32 4.1033e-09 
1196.33 4.46223e-09 
1196.34 4.84978e-09 
1196.35 5.26796e-09 
1196.36 5.7189e-09 
1196.37 6.20487e-09 
1196.38 6.72825e-09 
1196.39 7.29157e-09 
1196.4 7.89748e-09 
1196.41 8.54879e-09 
1196.42 9.24846e-09 
1196.43 9.9996e-09 
1196.44 1.08055e-08 
1196.45 1.16695e-08 
1196.46 1.25954e-08 
1196.47 1.35868e-08 
1196.48 1.46614e-08 
1196.49 1.57969e-08 
1196.5 1.70105e-08 
1196.51 1.83067e-08 
1196.52 1.96902e-08 
1196.53 2.1166e-08 
1196.54 2.27391e-08 
1196.55 2.44149e-08 
1196.56 2.6199e-08 
1196.57 2.80971e-08 
1196.58 3.01152e-08 
1196.59 3.22595e-08 
1196.6 3.45363e-08 
1196.6 3.69752e-08 
1196.61 3.95388e-08 
1196.62 4.22556e-08 
1196.63 4.51327e-08 
1196.64 4.81776e-08 
1196.65 5.1398e-08 
1196.66 5.48018e-08 
1196.67 5.8397e-08 
1196.68 6.21918e-08 
1196.69 6.61946e-08 
1196.7 7.0414e-08 
1196.71 7.48588e-08 
1196.72 7.95378e-08 
1196.73 8.45231e-08 
1196.74 8.9701e-08 
1196.75 9.51406e-08 
1196.76 1.00851e-07 
1196.77 1.06843e-07 
1196.78 1.13124e-07 
1196.79 1.19705e-07 
1196.8 1.26594e-07 
1196.81 1.33803e-07 
1196.82 1.41339e-07 
1196.83 1.49213e-07 
1196.84 1.57434e-07 
1196.85 1.66012e-07 
1196.86 1.74954e-07 
1196.87 1.84271e-07 
1196.88 1.93971e-07 
1196.89 2.04063e-07 
1196.9 2.14555e-07 
1196.91 2.25454e-07 
1196.92 2.3677e-07 
1196.93 2.48509e-07 
1196.94 2.60677e-07 
1196.95 2.73283e-07 
1196.96 2.86331e-07 
1196.97 2.99827e-07 
1196.98 3.13954e-07 
1196.99 3.28367e-07 
1197 3.43242e-07 
1197.01 3.58582e-07 
1197.02 3.74389e-07 
1197.03 3.90665e-07 
1197.03 4.07412e-07 
1197.04 4.24629e-07 
1197.05 4.42315e-07 
1197.06 4.6047e-07 
1197.07 4.79091e-07 
1197.08 4.98175e-07 
1197.09 5.17718e-07 
1197.1 5.37713e-07 
1197.11 5.58156e-07 
1197.12 5.79038e-07 
1197.13 6.00352e-07 
1197.14 6.22088e-07 
1197.15 6.44235e-07 
1197.16 6.66783e-07 
1197.17 6.89717e-07 
1197.18 7.13025e-07 
1197.19 7.36692e-07 
1197.2 7.607e-07 
1197.21 7.85034e-07 
1197.22 8.09674e-07 
1197.23 8.34915e-07 
1197.24 8.60112e-07 
1197.25 8.85553e-07 
1197.26 9.11216e-07 
1197.27 9.37077e-07 
1197.28 9.6311e-07 
1197.29 9.8929e-07 
1197.3 1.01559e-06 
1197.31 1.04198e-06 
1197.32 1.06844e-06 
1197.33 1.09493e-06 
1197.34 1.12142e-06 
1197.35 1.14789e-06 
1197.36 1.17429e-06 
1197.37 1.20061e-06 
1197.38 1.22679e-06 
1197.39 1.25282e-06 
1197.4 1.27866e-06 
1197.41 1.30427e-06 
1197.42 1.32962e-06 
1197.43 1.35468e-06 
1197.44 1.3794e-06 
1197.45 1.40375e-06 
1197.45 1.42771e-06 
1197.46 1.45123e-06 
1197.47 1.47428e-06 
1197.48 1.4971e-06 
1197.49 1.51909e-06 
1197.5 1.54052e-06 
1197.51 1.56133e-06 
1197.52 1.58151e-06 
1197.53 1.60102e-06 
1197.54 1.61983e-06 
1197.55 1.63791e-06 
1197.56 1.65522e-06 
1197.57 1.67175e-06 
1197.58 1.68746e-06 
1197.59 1.70234e-06 
1197.6 1.71635e-06 
1197.61 1.73054e-06 
1197.62 1.74276e-06 
1197.63 1.75405e-06 
1197.64 1.76439e-06 
1197.65 1.77376e-06 
1197.66 1.78216e-06 
1197.67 1.78956e-06 
1197.68 1.79596e-06 
1197.69 1.80134e-06 
1197.7 1.8057e-06 
1197.71 1.80903e-06 
1197.72 1.81132e-06 
1197.73 1.81259e-06 
1197.74 1.8128e-06 
1197.75 1.81198e-06 
1197.76 1.81013e-06 
1197.77 1.80725e-06 
1197.78 1.80336e-06 
1197.79 1.79846e-06 
1197.8 1.79256e-06 
1197.81 1.78568e-06 
1197.82 1.77784e-06 
1197.83 1.76905e-06 
1197.84 1.75932e-06 
1197.85 1.7487e-06 
1197.86 1.73718e-06 
1197.87 1.72481e-06 
1197.88 1.7116e-06 
1197.88 1.69759e-06 
1197.89 1.68281e-06 
1197.9 1.66728e-06 
1197.91 1.65105e-06 
1197.92 1.63414e-06 
1197.93 1.61659e-06 
1197.94 1.59844e-06 
1197.95 1.57972e-06 
1197.96 1.56049e-06 
1197.97 1.54077e-06 
1197.98 1.52036e-06 
1197.99 1.49981e-06 
1198 1.4789e-06 
1198.01 1.45769e-06 
1198.02 1.43622e-06 
1198.03 1.41454e-06 
1198.04 1.39269e-06 
1198.05 1.37073e-06 
1198.06 1.34869e-06 
1198.07 1.32664e-06 
1198.08 1.30461e-06 
1198.09 1.28267e-06 
1198.1 1.26085e-06 
1198.11 1.23921e-06 
1198.12 1.2178e-06 
1198.13 1.19666e-06 
1198.14 1.17586e-06 
1198.15 1.15543e-06 
1198.16 1.13543e-06 
1198.17 1.11591e-06 
1198.18 1.09691e-06 
1198.19 1.07849e-06 
1198.2 1.06069e-06 
1198.21 1.04355e-06 
1198.22 1.02714e-06 
1198.23 1.01129e-06 
1198.24 9.96453e-07 
1198.25 9.82465e-07 
1198.26 9.69373e-07 
1198.27 9.57216e-07 
1198.28 9.46038e-07 
1198.29 9.35877e-07 
1198.3 9.26771e-07 
1198.3 9.18759e-07 
1198.31 9.11875e-07 
1198.32 9.06155e-07 
1198.33 9.0163e-07 
1198.34 8.9833e-07 
1198.35 8.96287e-07 
1198.36 8.95526e-07 
1198.37 8.96072e-07 
1198.38 8.97949e-07 
1198.39 9.01179e-07 
1198.4 9.05778e-07 
1198.41 9.11765e-07 
1198.42 9.19153e-07 
1198.43 9.27954e-07 
1198.44 9.38176e-07 
1198.45 9.49827e-07 
1198.46 9.62909e-07 
1198.47 9.77423e-07 
1198.48 9.93577e-07 
1198.49 1.01096e-06 
1198.5 1.02977e-06 
1198.51 1.04998e-06 
1198.52 1.07158e-06 
1198.53 1.09456e-06 
1198.54 1.11889e-06 
1198.55 1.14454e-06 
1198.56 1.1715e-06 
1198.57 1.19973e-06 
1198.58 1.2292e-06 
1198.59 1.25986e-06 
1198.6 1.29169e-06 
1198.61 1.32544e-06 
1198.62 1.35947e-06 
1198.63 1.3945e-06 
1198.64 1.43051e-06 
1198.65 1.46741e-06 
1198.66 1.50516e-06 
1198.67 1.54369e-06 
1198.68 1.58293e-06 
1198.69 1.62282e-06 
1198.7 1.66328e-06 
1198.71 1.70423e-06 
1198.72 1.74561e-06 
1198.73 1.78786e-06 
1198.73 1.82984e-06 
1198.74 1.872e-06 
1198.75 1.91425e-06 
1198.76 1.9565e-06 
1198.77 1.99867e-06 
1198.78 2.04067e-06 
1198.79 2.08241e-06 
1198.8 2.12379e-06 
1198.81 2.16473e-06 
1198.82 2.20513e-06 
1198.83 2.24491e-06 
1198.84 2.28397e-06 
1198.85 2.32222e-06 
1198.86 2.35958e-06 
1198.87 2.39595e-06 
1198.88 2.43126e-06 
1198.89 2.46541e-06 
1198.9 2.49832e-06 
1198.91 2.52992e-06 
1198.92 2.56013e-06 
1198.93 2.58886e-06 
1198.94 2.61606e-06 
1198.95 2.64165e-06 
1198.96 2.66556e-06 
1198.97 2.68774e-06 
1198.98 2.70837e-06 
1198.99 2.72689e-06 
1199 2.74352e-06 
1199.01 2.7582e-06 
1199.02 2.77091e-06 
1199.03 2.78161e-06 
1199.04 2.79026e-06 
1199.05 2.79685e-06 
1199.06 2.80135e-06 
1199.07 2.80374e-06 
1199.08 2.80403e-06 
1199.09 2.8022e-06 
1199.1 2.79825e-06 
1199.11 2.7922e-06 
1199.12 2.78404e-06 
1199.13 2.77381e-06 
1199.14 2.76152e-06 
1199.15 2.74719e-06 
1199.15 2.73087e-06 
1199.16 2.71257e-06 
1199.17 2.69235e-06 
1199.18 2.67025e-06 
1199.19 2.64632e-06 
1199.2 2.62061e-06 
1199.21 2.59318e-06 
1199.22 2.56371e-06 
1199.23 2.53302e-06 
1199.24 2.50078e-06 
1199.25 2.46709e-06 
1199.26 2.43202e-06 
1199.27 2.39564e-06 
1199.28 2.35803e-06 
1199.29 2.31926e-06 
1199.3 2.27943e-06 
1199.31 2.23861e-06 
1199.32 2.19689e-06 
1199.33 2.15434e-06 
1199.34 2.11107e-06 
1199.35 2.06715e-06 
1199.36 2.02267e-06 
1199.37 1.97772e-06 
1199.38 1.93237e-06 
1199.39 1.88672e-06 
1199.4 1.84085e-06 
1199.41 1.79484e-06 
1199.42 1.74878e-06 
1199.43 1.70274e-06 
1199.44 1.6568e-06 
1199.45 1.61104e-06 
1199.46 1.56553e-06 
1199.47 1.52036e-06 
1199.48 1.47502e-06 
1199.49 1.43071e-06 
1199.5 1.38694e-06 
1199.51 1.34376e-06 
1199.52 1.30123e-06 
1199.53 1.25943e-06 
1199.54 1.21839e-06 
1199.55 1.17817e-06 
1199.56 1.13882e-06 
1199.57 1.10039e-06 
1199.58 1.06293e-06 
1199.58 1.02647e-06 
1199.59 9.91044e-07 
1199.6 9.567e-07 
1199.61 9.24038e-07 
1199.62 8.91925e-07 
1199.63 8.6098e-07 
1199.64 8.31229e-07 
1199.65 8.02693e-07 
1199.66 7.75394e-07 
1199.67 7.49347e-07 
1199.68 7.24569e-07 
1199.69 7.01072e-07 
1199.7 6.78868e-07 
1199.71 6.57965e-07 
1199.72 6.38369e-07 
1199.73 6.19866e-07 
1199.74 6.02916e-07 
1199.75 5.87282e-07 
1199.76 5.72966e-07 
1199.77 5.59964e-07 
1199.78 5.48274e-07 
1199.79 5.37891e-07 
1199.8 5.28808e-07 
1199.81 5.21018e-07 
1199.82 5.14513e-07 
1199.83 5.09283e-07 
1199.84 5.05316e-07 
1199.85 5.02602e-07 
1199.86 5.01126e-07 
1199.87 5.00876e-07 
1199.88 5.01835e-07 
1199.89 5.0399e-07 
1199.9 5.07323e-07 
1199.91 5.11816e-07 
1199.92 5.17452e-07 
1199.93 5.24212e-07 
1199.94 5.32075e-07 
1199.95 5.41022e-07 
1199.96 5.5103e-07 
1199.97 5.62078e-07 
1199.98 5.74307e-07 
1199.99 5.87371e-07 
1200 6.01409e-07 
1200.01 6.1639e-07 
1200.01 6.32288e-07 
1200.02 6.49076e-07 
1200.03 6.66725e-07 
1200.04 6.85207e-07 
1200.05 7.04492e-07 
1200.06 7.2455e-07 
1200.07 7.45349e-07 
1200.08 7.66857e-07 
1200.09 7.89041e-07 
1200.1 8.11867e-07 
1200.11 8.35298e-07 
1200.12 8.59301e-07 
1200.13 8.83836e-07 
1200.14 9.08867e-07 
1200.15 9.34355e-07 
1200.16 9.6026e-07 
1200.17 9.86541e-07 
1200.18 1.01316e-06 
1200.19 1.04007e-06 
1200.2 1.06723e-06 
1200.21 1.09459e-06 
1200.22 1.12212e-06 
1200.23 1.15011e-06 
1200.24 1.17783e-06 
1200.25 1.20557e-06 
1200.26 1.23329e-06 
1200.27 1.26093e-06 
1200.28 1.28847e-06 
1200.29 1.31584e-06 
1200.3 1.343e-06 
1200.31 1.36989e-06 
1200.32 1.39649e-06 
1200.33 1.42272e-06 
1200.34 1.44856e-06 
1200.35 1.47395e-06 
1200.36 1.49884e-06 
1200.37 1.52319e-06 
1200.38 1.54695e-06 
1200.39 1.57008e-06 
1200.4 1.59254e-06 
1200.41 1.61428e-06 
1200.42 1.63526e-06 
1200.43 1.65544e-06 
1200.43 1.67478e-06 
1200.44 1.69325e-06 
1200.45 1.7108e-06 
1200.46 1.72741e-06 
1200.47 1.74303e-06 
1200.48 1.75782e-06 
1200.49 1.77138e-06 
1200.5 1.78387e-06 
1200.51 1.79527e-06 
1200.52 1.80555e-06 
1200.53 1.8147e-06 
1200.54 1.82269e-06 
1200.55 1.82951e-06 
1200.56 1.83514e-06 
1200.57 1.83958e-06 
1200.58 1.84281e-06 
1200.59 1.84482e-06 
1200.6 1.84563e-06 
1200.61 1.84635e-06 
1200.62 1.84471e-06 
1200.63 1.84187e-06 
1200.64 1.83781e-06 
1200.65 1.83255e-06 
1200.66 1.8261e-06 
1200.67 1.81848e-06 
1200.68 1.8097e-06 
1200.69 1.79978e-06 
1200.7 1.78873e-06 
1200.71 1.77659e-06 
1200.72 1.76337e-06 
1200.73 1.74891e-06 
1200.74 1.73361e-06 
1200.75 1.71732e-06 
1200.76 1.70008e-06 
1200.77 1.68191e-06 
1200.78 1.66286e-06 
1200.79 1.64296e-06 
1200.8 1.62224e-06 
1200.81 1.60076e-06 
1200.82 1.57854e-06 
1200.83 1.55563e-06 
1200.84 1.53208e-06 
1200.85 1.50793e-06 
1200.85 1.48322e-06 
1200.86 1.458e-06 
1200.87 1.43231e-06 
1200.88 1.4062e-06 
1200.89 1.37971e-06 
1200.9 1.35289e-06 
1200.91 1.32579e-06 
1200.92 1.29845e-06 
1200.93 1.27092e-06 
1200.94 1.24325e-06 
1200.95 1.21547e-06 
1200.96 1.18763e-06 
1200.97 1.15978e-06 
1200.98 1.13162e-06 
1200.99 1.10387e-06 
1201 1.07624e-06 
1201.01 1.04876e-06 
1201.02 1.02148e-06 
1201.03 9.94425e-07 
1201.04 9.67643e-07 
1201.05 9.41167e-07 
1201.06 9.15032e-07 
1201.07 8.89271e-07 
1201.08 8.63916e-07 
1201.09 8.38999e-07 
1201.1 8.14549e-07 
1201.11 7.90594e-07 
1201.12 7.67161e-07 
1201.13 7.44276e-07 
1201.14 7.21962e-07 
1201.15 7.00241e-07 
1201.16 6.79135e-07 
1201.17 6.58664e-07 
1201.18 6.38844e-07 
1201.19 6.19694e-07 
1201.2 6.01228e-07 
1201.21 5.8346e-07 
1201.22 5.66402e-07 
1201.23 5.49867e-07 
1201.24 5.34272e-07 
1201.25 5.19417e-07 
1201.26 5.05309e-07 
1201.27 4.91954e-07 
1201.28 4.79357e-07 
1201.28 4.67521e-07 
1201.29 4.56448e-07 
1201.3 4.46139e-07 
1201.31 4.36594e-07 
1201.32 4.27812e-07 
1201.33 4.19791e-07 
1201.34 4.12527e-07 
1201.35 4.06017e-07 
1201.36 4.00254e-07 
1201.37 3.95233e-07 
1201.38 3.90946e-07 
1201.39 3.87386e-07 
1201.4 3.84543e-07 
1201.41 3.82407e-07 
1201.42 3.80969e-07 
1201.43 3.80216e-07 
1201.44 3.80137e-07 
1201.45 3.80718e-07 
1201.46 3.81946e-07 
1201.47 3.83806e-07 
1201.48 3.86318e-07 
1201.49 3.89404e-07 
1201.5 3.93075e-07 
1201.51 3.97314e-07 
1201.52 4.02103e-07 
1201.53 4.07424e-07 
1201.54 4.13257e-07 
1201.55 4.19584e-07 
1201.56 4.26385e-07 
1201.57 4.33638e-07 
1201.58 4.41323e-07 
1201.59 4.49419e-07 
1201.6 4.57903e-07 
1201.61 4.67042e-07 
1201.62 4.7624e-07 
1201.63 4.85759e-07 
1201.64 4.95575e-07 
1201.65 5.05663e-07 
1201.66 5.15999e-07 
1201.67 5.26558e-07 
1201.68 5.37317e-07 
1201.69 5.48248e-07 
1201.7 5.59329e-07 
1201.7 5.70532e-07 
1201.71 5.81832e-07 
1201.72 5.93347e-07 
1201.73 6.04765e-07 
1201.74 6.16203e-07 
1201.75 6.27635e-07 
1201.76 6.39035e-07 
1201.77 6.50378e-07 
1201.78 6.61639e-07 
1201.79 6.72792e-07 
1201.8 6.83812e-07 
1201.81 6.94674e-07 
1201.82 7.05354e-07 
1201.83 7.15829e-07 
1201.84 7.26075e-07 
1201.85 7.36068e-07 
1201.86 7.45786e-07 
1201.87 7.55207e-07 
1201.88 7.64311e-07 
1201.89 7.73076e-07 
1201.9 7.81482e-07 
1201.91 7.8951e-07 
1201.92 7.97142e-07 
1201.93 8.0436e-07 
1201.94 8.11149e-07 
1201.95 8.17491e-07 
1201.96 8.23372e-07 
1201.97 8.28779e-07 
1201.98 8.33757e-07 
1201.99 8.38172e-07 
1202 8.42077e-07 
1202.01 8.45462e-07 
1202.02 8.48321e-07 
1202.03 8.50645e-07 
1202.04 8.52428e-07 
1202.05 8.53665e-07 
1202.06 8.54353e-07 
1202.07 8.54489e-07 
1202.08 8.54073e-07 
1202.09 8.53102e-07 
1202.1 8.5158e-07 
1202.11 8.49507e-07 
1202.12 8.46887e-07 
1202.13 8.43725e-07 
1202.13 8.40026e-07 
1202.14 8.35797e-07 
1202.15 8.31045e-07 
1202.16 8.25779e-07 
1202.17 8.20009e-07 
1202.18 8.13746e-07 
1202.19 8.07001e-07 
1202.2 7.99787e-07 
1202.21 7.92117e-07 
1202.22 7.83899e-07 
1202.23 7.75358e-07 
1202.24 7.66403e-07 
1202.25 7.57053e-07 
1202.26 7.47326e-07 
1202.27 7.37239e-07 
1202.28 7.26809e-07 
1202.29 7.16055e-07 
1202.3 7.04996e-07 
1202.31 6.93651e-07 
1202.32 6.82039e-07 
1202.33 6.70179e-07 
1202.34 6.58092e-07 
1202.35 6.45798e-07 
1202.36 6.33315e-07 
1202.37 6.20665e-07 
1202.38 6.07866e-07 
1202.39 5.94939e-07 
1202.4 5.81903e-07 
1202.41 5.68778e-07 
1202.42 5.55582e-07 
1202.43 5.42335e-07 
1202.44 5.29054e-07 
1202.45 5.15759e-07 
1202.46 5.02466e-07 
1202.47 4.89193e-07 
1202.48 4.75791e-07 
1202.49 4.62609e-07 
1202.5 4.49495e-07 
1202.51 4.36464e-07 
1202.52 4.23532e-07 
1202.53 4.10712e-07 
1202.54 3.98018e-07 
1202.55 3.85461e-07 
1202.56 3.73055e-07 
1202.56 3.6081e-07 
1202.57 3.48736e-07 
1202.58 3.36845e-07 
1202.59 3.25144e-07 
1202.6 3.13643e-07 
1202.61 3.02535e-07 
1202.62 2.91449e-07 
1202.63 2.80584e-07 
1202.64 2.69946e-07 
1202.65 2.59539e-07 
1202.66 2.4937e-07 
1202.67 2.3944e-07 
1202.68 2.29755e-07 
1202.69 2.20316e-07 
1202.7 2.11125e-07 
1202.71 2.02185e-07 
1202.72 1.93495e-07 
1202.73 1.84953e-07 
1202.74 1.76769e-07 
1202.75 1.68835e-07 
1202.76 1.61152e-07 
1202.77 1.53717e-07 
1202.78 1.46528e-07 
1202.79 1.39583e-07 
1202.8 1.32879e-07 
1202.81 1.26414e-07 
1202.82 1.20185e-07 
1202.83 1.14187e-07 
1202.84 1.08416e-07 
1202.85 1.0287e-07 
1202.86 9.75427e-08 
1202.87 9.24304e-08 
1202.88 8.75283e-08 
1202.89 8.28315e-08 
1202.9 7.8335e-08 
1202.91 7.40338e-08 
1202.92 6.99226e-08 
1202.93 6.59961e-08 
1202.94 6.22491e-08 
1202.95 5.86761e-08 
1202.96 5.52717e-08 
1202.97 5.20304e-08 
1202.98 4.8947e-08 
1202.98 4.59802e-08 
1202.99 4.31979e-08 
1203 4.05572e-08 
1203.01 3.80528e-08 
1203.02 3.56795e-08 
1203.03 3.34322e-08 
1203.04 3.13057e-08 
1203.05 2.92952e-08 
1203.06 2.73957e-08 
1203.07 2.56025e-08 
1203.08 2.39109e-08 
1203.09 2.23163e-08 
1203.1 2.08143e-08 
1203.11 1.94006e-08 
1203.12 1.8071e-08 
1203.13 1.68214e-08 
1203.14 1.56479e-08 
1203.15 1.45467e-08 
1203.16 1.35141e-08 
1203.17 1.25464e-08 
1203.18 1.16404e-08 
1203.19 1.07927e-08 
1203.2 1.00001e-08 
1203.21 9.25961e-09 
1203.22 8.5683e-09 
1203.23 7.91559e-09 
1203.24 7.31491e-09 
1203.25 6.75534e-09 
1203.26 6.23447e-09 
1203.27 5.74997e-09 
1203.28 5.29962e-09 
1203.29 4.88132e-09 
1203.3 4.49307e-09 
1203.31 4.13298e-09 
1203.32 3.79924e-09 
1203.33 3.49014e-09 
1203.34 3.20408e-09 
1203.35 2.93952e-09 
1203.36 2.69503e-09 
1203.37 2.46924e-09 
1203.38 2.26088e-09 
1203.39 2.06874e-09 
1203.4 1.89167e-09 
1203.41 1.72863e-09 
1203.41 1.57859e-09 
1203.42 1.44062e-09 
1203.43 1.31385e-09 
1203.44 1.19744e-09 
1203.45 1.09062e-09 
1203.46 9.92683e-10 
1203.47 9.02941e-10 
1203.48 8.19789e-10 
1203.49 7.44688e-10 
1203.5 6.76021e-10 
1203.51 6.1328e-10 
1203.52 5.55996e-10 
1203.53 5.0373e-10 
1203.54 4.56076e-10 
1203.55 4.12658e-10 
1203.56 3.73127e-10 
1203.57 3.37161e-10 
1203.58 3.0446e-10 
1203.59 2.7475e-10 
1203.6 2.47775e-10 
1203.61 2.2344e-10 
1203.62 2.01237e-10 
1203.63 1.81121e-10 
1203.64 1.62908e-10 
1203.65 1.4643e-10 
1203.66 1.31532e-10 
1203.67 1.18072e-10 
1203.68 1.05919e-10 
1203.69 9.49549e-11 
1203.7 8.50693e-11 
1203.71 7.61626e-11 
1203.72 6.81434e-11 
1203.73 6.0843e-11 
1203.74 5.43646e-11 
1203.75 4.8544e-11 
1203.76 4.33179e-11 
1203.77 3.8629e-11 
1203.78 3.4425e-11 
1203.79 3.06582e-11 
1203.8 2.72856e-11 
1203.81 2.4268e-11 
1203.82 2.15698e-11 
1203.83 1.9159e-11 
1203.83 1.70065e-11 
1203.84 1.50858e-11 
1203.85 1.33732e-11 
1203.86 1.18472e-11 
1203.87 1.04884e-11 
1203.88 9.27938e-12 
1203.89 8.20428e-12 
1203.9 7.24895e-12 
1203.91 6.40064e-12 
1203.92 5.64788e-12 
1203.93 4.98036e-12 
1203.94 4.38884e-12 
1203.95 3.86502e-12 
1203.96 3.40148e-12 
1203.97 2.99155e-12 
1203.98 2.62505e-12 
1203.99 2.30563e-12 
1204 2.02374e-12 
1204.01 1.77515e-12 
1204.02 1.55607e-12 
1204.03 1.36312e-12 
1204.04 1.19331e-12 
1204.05 1.04397e-12 
1204.06 9.12715e-13 
1204.07 7.97436e-13 
1204.08 6.96257e-13 
1204.09 6.07515e-13 
1204.1 5.29734e-13 
1204.11 4.61607e-13 
1204.12 4.01976e-13 
1204.13 3.49818e-13 
1204.14 3.04226e-13 
1204.15 2.64402e-13 
1204.16 2.2964e-13 
1204.17 1.99316e-13 
1204.18 1.72882e-13 
1204.19 1.49856e-13 
1204.2 1.2981e-13 
1204.21 1.12372e-13 
1204.22 9.72122e-14 
1204.23 8.38889e-14 
1204.24 7.24754e-14 
1204.25 6.25735e-14 
1204.26 5.39888e-14 
1204.26 4.65511e-14 
1204.27 4.01116e-14 
1204.28 3.45401e-14 
1204.29 2.97228e-14 
1204.3 2.55606e-14 
1204.31 2.19667e-14 
1204.32 1.88657e-14 
1204.33 1.61917e-14 
1204.34 1.38876e-14 
1204.35 1.19035e-14 
1204.36 1.01962e-14 
1204.37 8.72793e-15 
1204.38 7.4662e-15 
1204.39 6.38266e-15 
1204.4 5.45277e-15 
1204.41 4.65528e-15 
1204.42 3.9718e-15 
1204.43 3.38644e-15 
1204.44 2.88544e-15 
1204.45 2.45694e-15 
1204.46 2.0907e-15 
1204.47 1.77787e-15 
1204.48 1.50778e-15 
1204.49 1.28048e-15 
1204.5 1.08672e-15 
1204.51 9.21677e-16 
1204.52 7.81182e-16 
1204.53 6.61666e-16 
1204.54 5.60066e-16 
1204.55 4.73754e-16 
1204.56 4.0048e-16 
1204.57 3.38315e-16 
1204.58 2.85612e-16 
1204.59 2.40959e-16 
1204.6 2.03154e-16 
1204.61 1.71167e-16 
1204.62 1.4421e-16 
1204.63 1.21344e-16 
1204.64 1.02036e-16 
1204.65 8.57436e-17 
1204.66 7.20052e-17 
1204.67 6.04282e-17 
1204.68 5.06791e-17 
1204.68 4.24748e-17 
1204.69 3.55752e-17 
1204.7 2.97767e-17 
1204.71 2.49069e-17 
1204.72 2.07731e-17 
1204.73 1.73528e-17 
1204.74 1.4486e-17 
1204.75 1.20849e-17 
1204.76 1.00751e-17 
1204.77 8.39401e-18 
1204.78 6.98881e-18 
1204.79 5.81501e-18 
1204.8 4.83517e-18 
1204.81 4.01778e-18 
1204.82 3.33637e-18 
1204.83 2.76869e-18 
1204.84 2.29609e-18 
1204.85 1.90291e-18 
1204.86 1.57601e-18 
1204.87 1.30441e-18 
1204.88 1.07891e-18 
1204.89 8.91797e-19 
1204.9 7.36651e-19 
1204.91 6.08094e-19 
1204.92 5.01641e-19 
1204.93 4.13551e-19 
1204.94 3.40706e-19 
1204.95 2.80506e-19 
1204.96 2.30791e-19 
1204.97 1.89762e-19 
1204.98 1.55541e-19 
1204.99 1.2772e-19 
1205 1.04806e-19 
1205.01 8.59459e-20 
1205.02 7.04335e-20 
1205.03 5.76828e-20 
1205.04 4.72093e-20 
1205.05 3.86119e-20 
1205.06 3.15594e-20 
1205.07 2.57781e-20 
1205.08 2.10419e-20 
1205.09 1.71646e-20 
1205.1 1.39925e-20 
1205.11 1.13991e-20 
1205.11 9.28024e-21 
1205.12 7.55025e-21 
1205.13 6.13871e-21 
1205.14 4.98777e-21 
1205.15 4.04994e-21 
1205.16 3.28628e-21 
1205.17 2.66486e-21 
1205.18 2.15952e-21 
1205.19 1.74886e-21 
1205.2 1.41535e-21 
1205.21 1.14469e-21 
1205.22 9.22956e-22 
1205.23 7.45271e-22 
1205.24 6.01554e-22 
1205.25 4.85231e-22 
1205.26 3.91143e-22 
1205.27 3.15091e-22 
1205.28 2.53659e-22 
1205.29 2.0407e-22 
1205.3 1.64066e-22 
1205.31 1.31818e-22 
1205.32 1.05838e-22 
1205.33 8.49228e-23 
1205.34 6.80957e-23 
1205.35 5.45668e-23 
1205.36 4.36969e-23 
1205.37 3.49692e-23 
1205.38 2.79663e-23 
1205.39 2.2351e-23 
1205.4 1.78515e-23 
1205.41 1.42483e-23 
1205.42 1.13649e-23 
1205.43 9.05906e-24 
1205.44 7.21628e-24 
1205.45 5.74456e-24 
1205.46 4.56997e-24 
1205.47 3.63316e-24 
1205.48 2.87905e-24 
1205.49 2.28513e-24 
1205.5 1.81309e-24 
1205.51 1.4376e-24 
1205.52 1.13913e-24 
1205.53 9.0203e-25 
1205.54 7.1381e-25 
1205.54 5.64491e-25 
1205.55 4.46114e-25 
1205.56 3.52328e-25 
1205.57 2.78075e-25 
1205.58 2.19326e-25 
1205.59 1.72875e-25 
1205.6 1.36172e-25 
1205.61 1.07257e-25 
1205.62 8.43739e-26 
1205.63 6.63291e-26 
1205.64 5.21091e-26 
1205.65 4.09107e-26 
1205.66 3.20977e-26 
1205.67 2.51665e-26 
1205.68 1.97191e-26 
1205.69 1.54406e-26 
1205.7 1.20824e-26 
1205.71 9.4484e-27 
1205.72 7.38372e-27 
1205.73 5.7486e-27 
1205.74 4.48645e-27 
1205.75 3.49911e-27 
1205.76 2.72725e-27 
1205.77 2.12425e-27 
1205.78 1.65349e-27 
1205.79 1.2862e-27 
1205.8 9.99841e-28 
1205.81 7.76723e-28 
1205.82 6.02997e-28 
1205.83 4.67818e-28 
1205.84 3.62704e-28 
1205.85 2.81023e-28 
1205.86 2.17593e-28 
1205.87 1.68368e-28 
1205.88 1.30194e-28 
1205.89 1.00608e-28 
1205.9 7.76943e-29 
1205.91 5.99597e-29 
1205.92 4.62427e-29 
1205.93 3.56402e-29 
1205.94 2.74505e-29 
1205.95 2.11288e-29 
1205.96 1.62522e-29 
1205.96 1.24929e-29 
1205.97 9.5968e-30 
1205.98 7.3429e-30 
1205.99 5.6332e-30 
1206 4.31873e-30 
1206.01 3.3088e-30 
1206.02 2.53337e-30 
1206.03 1.93839e-30 
1206.04 1.48216e-30 
1206.05 1.13257e-30 
1206.06 8.64862e-31 
1206.07 6.59997e-31 
1206.08 5.03328e-31 
1206.09 3.83596e-31 
1206.1 2.92153e-31 
1206.11 2.22361e-31 
1206.12 1.69131e-31 
1206.13 1.28558e-31 
1206.14 9.76537e-32 
1206.15 7.41297e-32 
1206.16 5.62353e-32 
1206.17 4.26324e-32 
1206.18 3.22986e-32 
1206.19 2.44535e-32 
1206.2 1.85017e-32 
1206.21 1.39893e-32 
1206.22 1.05705e-32 
1206.23 7.95387e-33 
1206.24 6.00205e-33 
1206.25 4.52621e-33 
1206.26 3.41101e-33 
1206.27 2.56888e-33 
1206.28 1.93339e-33 
1206.29 1.45415e-33 
1206.3 1.09297e-33 
1206.31 8.20967e-34 
1206.32 6.16247e-34 
1206.33 4.62272e-34 
1206.34 3.4654e-34 
1206.35 2.59611e-34 
1206.36 1.94359e-34 
1206.37 1.45413e-34 
1206.38 1.08721e-34 
1206.39 8.12336e-35 
1206.39 6.06558e-35 
1206.4 4.52609e-35 
1206.41 3.3751e-35 
1206.42 2.51515e-35 
1206.43 1.87307e-35 
1206.44 1.39399e-35 
1206.45 1.03676e-35 
1206.46 7.70563e-36 
1206.47 5.72338e-36 
1206.48 4.23245e-36 
1206.49 3.13949e-36 
1206.5 2.32724e-36 
1206.51 1.724e-36 
1206.52 1.27628e-36 
1206.53 9.44206e-37 
1206.54 6.98076e-37 
1206.55 5.15765e-37 
1206.56 3.80815e-37 
1206.57 2.80989e-37 
1206.58 2.07195e-37 
1206.59 1.5268e-37 
1206.6 0 
