#energy geo_1 
1186.6 8.36336e-07 
1186.61 8.35826e-07 
1186.62 8.35317e-07 
1186.63 8.34807e-07 
1186.64 8.34298e-07 
1186.65 8.33789e-07 
1186.66 8.33279e-07 
1186.67 8.3277e-07 
1186.68 8.32263e-07 
1186.69 8.31754e-07 
1186.7 8.31245e-07 
1186.71 8.30737e-07 
1186.72 8.3023e-07 
1186.73 8.29724e-07 
1186.74 8.29217e-07 
1186.75 8.28709e-07 
1186.76 8.28203e-07 
1186.77 8.27695e-07 
1186.78 8.2719e-07 
1186.79 8.26684e-07 
1186.8 8.26177e-07 
1186.81 8.25672e-07 
1186.81 8.25166e-07 
1186.82 8.24662e-07 
1186.83 8.24157e-07 
1186.84 8.23651e-07 
1186.85 8.23147e-07 
1186.86 8.22643e-07 
1186.87 8.22139e-07 
1186.88 8.21635e-07 
1186.89 8.2113e-07 
1186.9 8.20628e-07 
1186.91 8.20125e-07 
1186.92 8.19621e-07 
1186.93 8.1912e-07 
1186.94 8.18617e-07 
1186.95 8.18115e-07 
1186.96 8.17613e-07 
1186.97 8.1711e-07 
1186.98 8.16609e-07 
1186.99 8.16108e-07 
1187 8.15606e-07 
1187.01 8.15104e-07 
1187.02 8.14605e-07 
1187.03 8.14105e-07 
1187.04 8.13605e-07 
1187.05 8.13104e-07 
1187.06 8.12604e-07 
1187.07 8.12106e-07 
1187.08 8.11606e-07 
1187.09 8.11106e-07 
1187.1 8.10608e-07 
1187.11 8.10109e-07 
1187.12 8.0961e-07 
1187.13 8.09112e-07 
1187.14 8.08614e-07 
1187.15 8.08117e-07 
1187.16 8.07619e-07 
1187.17 8.07122e-07 
1187.18 8.06626e-07 
1187.19 8.06128e-07 
1187.2 8.05631e-07 
1187.21 8.05135e-07 
1187.22 8.04639e-07 
1187.23 8.04143e-07 
1187.24 8.03647e-07 
1187.24 8.03152e-07 
1187.25 8.02657e-07 
1187.26 8.02161e-07 
1187.27 8.01666e-07 
1187.28 8.01171e-07 
1187.29 8.00678e-07 
1187.3 8.00184e-07 
1187.31 7.99689e-07 
1187.32 7.99196e-07 
1187.33 7.98703e-07 
1187.34 7.9821e-07 
1187.35 7.97716e-07 
1187.36 7.97223e-07 
1187.37 7.96731e-07 
1187.38 7.96238e-07 
1187.39 7.95746e-07 
1187.4 7.95254e-07 
1187.41 7.94764e-07 
1187.42 7.94272e-07 
1187.43 7.93781e-07 
1187.44 7.9329e-07 
1187.45 7.928e-07 
1187.46 7.92309e-07 
1187.47 7.91819e-07 
1187.48 7.9133e-07 
1187.49 7.90839e-07 
1187.5 7.9035e-07 
1187.51 7.89859e-07 
1187.52 7.89372e-07 
1187.53 7.88882e-07 
1187.54 7.88394e-07 
1187.55 7.87906e-07 
1187.56 7.87417e-07 
1187.57 7.86929e-07 
1187.58 7.86441e-07 
1187.59 7.85954e-07 
1187.6 7.85466e-07 
1187.61 7.85466e-07 
1187.62 7.84979e-07 
1187.63 7.84493e-07 
1187.64 7.84006e-07 
1187.65 7.83519e-07 
1187.66 7.83034e-07 
1187.66 7.82547e-07 
1187.67 7.82061e-07 
1187.68 7.81576e-07 
1187.69 7.81092e-07 
1187.7 7.80607e-07 
1187.71 7.80121e-07 
1187.72 7.79638e-07 
1187.73 7.79152e-07 
1187.74 7.78668e-07 
1187.75 7.78184e-07 
1187.76 7.77701e-07 
1187.77 7.77218e-07 
1187.78 7.76735e-07 
1187.79 7.76253e-07 
1187.8 7.75769e-07 
1187.81 7.75287e-07 
1187.82 7.74804e-07 
1187.83 7.74323e-07 
1187.84 7.73841e-07 
1187.85 7.7336e-07 
1187.86 7.72879e-07 
1187.87 7.72397e-07 
1187.88 7.71917e-07 
1187.89 7.71437e-07 
1187.9 7.70956e-07 
1187.91 7.70476e-07 
1187.92 7.69996e-07 
1187.93 7.69516e-07 
1187.94 7.69037e-07 
1187.95 7.68558e-07 
1187.96 7.68079e-07 
1187.97 7.67601e-07 
1187.98 7.67122e-07 
1187.99 7.66644e-07 
1188 7.66166e-07 
1188.01 7.65687e-07 
1188.02 7.6521e-07 
1188.03 7.64733e-07 
1188.04 7.64256e-07 
1188.05 7.6378e-07 
1188.06 7.63304e-07 
1188.07 7.62826e-07 
1188.08 7.6235e-07 
1188.09 7.61875e-07 
1188.09 7.614e-07 
1188.1 7.60924e-07 
1188.11 7.60448e-07 
1188.12 7.59973e-07 
1188.13 7.59499e-07 
1188.14 7.59025e-07 
1188.15 7.58551e-07 
1188.16 7.58077e-07 
1188.17 7.57603e-07 
1188.18 7.5713e-07 
1188.19 7.56656e-07 
1188.2 7.56183e-07 
1188.21 7.5571e-07 
1188.22 7.55238e-07 
1188.23 7.54766e-07 
1188.24 7.54294e-07 
1188.25 7.53821e-07 
1188.26 7.5335e-07 
1188.27 7.5288e-07 
1188.28 7.52407e-07 
1188.29 7.51937e-07 
1188.3 7.51466e-07 
1188.31 7.50996e-07 
1188.32 7.50525e-07 
1188.33 7.50056e-07 
1188.34 7.49586e-07 
1188.35 7.49117e-07 
1188.36 7.48648e-07 
1188.37 7.48179e-07 
1188.38 7.4771e-07 
1188.39 7.47242e-07 
1188.4 7.46773e-07 
1188.41 7.46305e-07 
1188.42 7.45838e-07 
1188.43 7.4537e-07 
1188.44 7.44903e-07 
1188.45 7.44436e-07 
1188.46 7.43969e-07 
1188.47 7.43503e-07 
1188.48 7.43036e-07 
1188.49 7.4257e-07 
1188.5 7.42104e-07 
1188.51 7.41638e-07 
1188.52 7.41172e-07 
1188.52 7.40708e-07 
1188.53 7.40243e-07 
1188.54 7.39778e-07 
1188.55 7.39314e-07 
1188.56 7.3885e-07 
1188.57 7.38385e-07 
1188.58 7.37922e-07 
1188.59 7.37458e-07 
1188.6 7.37452e-07 
1188.61 7.36988e-07 
1188.62 7.36525e-07 
1188.63 7.36063e-07 
1188.64 7.356e-07 
1188.65 7.35137e-07 
1188.66 7.34675e-07 
1188.67 7.34213e-07 
1188.68 7.33751e-07 
1188.69 7.33291e-07 
1188.7 7.32829e-07 
1188.71 7.32368e-07 
1188.72 7.31908e-07 
1188.73 7.31447e-07 
1188.74 7.30987e-07 
1188.75 7.30527e-07 
1188.76 7.30068e-07 
1188.77 7.29609e-07 
1188.78 7.29149e-07 
1188.79 7.2869e-07 
1188.8 7.28231e-07 
1188.81 7.27773e-07 
1188.82 7.27315e-07 
1188.83 7.26856e-07 
1188.84 7.26399e-07 
1188.85 7.25942e-07 
1188.86 7.25484e-07 
1188.87 7.25027e-07 
1188.88 7.24571e-07 
1188.89 7.24113e-07 
1188.9 7.23658e-07 
1188.91 7.23201e-07 
1188.92 7.22746e-07 
1188.93 7.2229e-07 
1188.94 7.21834e-07 
1188.94 7.2138e-07 
1188.95 7.20924e-07 
1188.96 7.20469e-07 
1188.97 7.20015e-07 
1188.98 7.19561e-07 
1188.99 7.19107e-07 
1189 7.18653e-07 
1189.01 7.182e-07 
1189.02 7.17747e-07 
1189.03 7.17293e-07 
1189.04 7.16841e-07 
1189.05 7.16389e-07 
1189.06 7.15937e-07 
1189.07 7.15484e-07 
1189.08 7.15032e-07 
1189.09 7.14581e-07 
1189.1 7.14129e-07 
1189.11 7.13678e-07 
1189.12 7.13227e-07 
1189.13 7.12777e-07 
1189.14 7.12326e-07 
1189.15 7.11876e-07 
1189.16 7.11427e-07 
1189.17 7.10977e-07 
1189.18 7.10527e-07 
1189.19 7.10078e-07 
1189.2 7.09629e-07 
1189.21 7.09181e-07 
1189.22 7.08732e-07 
1189.23 7.08284e-07 
1189.24 7.07835e-07 
1189.25 7.07388e-07 
1189.26 7.06941e-07 
1189.27 7.06493e-07 
1189.28 7.06046e-07 
1189.29 7.05599e-07 
1189.3 7.05152e-07 
1189.31 7.04707e-07 
1189.32 7.0426e-07 
1189.33 7.03814e-07 
1189.34 7.03369e-07 
1189.35 7.02923e-07 
1189.36 7.02478e-07 
1189.36 7.02034e-07 
1189.37 7.01589e-07 
1189.38 7.01145e-07 
1189.39 7.007e-07 
1189.4 7.00256e-07 
1189.41 6.99812e-07 
1189.42 6.99369e-07 
1189.43 6.98925e-07 
1189.44 6.98483e-07 
1189.45 6.9804e-07 
1189.46 6.97596e-07 
1189.47 6.97156e-07 
1189.48 6.96712e-07 
1189.49 6.96271e-07 
1189.5 6.95829e-07 
1189.51 6.95388e-07 
1189.52 6.94946e-07 
1189.53 6.94506e-07 
1189.54 6.94065e-07 
1189.55 6.93625e-07 
1189.56 6.93185e-07 
1189.57 6.92744e-07 
1189.58 6.92305e-07 
1189.59 6.91865e-07 
1189.6 6.91425e-07 
1189.61 6.91414e-07 
1189.62 6.90976e-07 
1189.63 6.90537e-07 
1189.64 6.90098e-07 
1189.65 6.8966e-07 
1189.66 6.89222e-07 
1189.67 6.88783e-07 
1189.68 6.88345e-07 
1189.69 6.87909e-07 
1189.7 6.87471e-07 
1189.71 6.87034e-07 
1189.72 6.86598e-07 
1189.73 6.8616e-07 
1189.74 6.85724e-07 
1189.75 6.85287e-07 
1189.76 6.84852e-07 
1189.77 6.84416e-07 
1189.78 6.83981e-07 
1189.79 6.83546e-07 
1189.79 6.83111e-07 
1189.8 6.82677e-07 
1189.81 6.82242e-07 
1189.82 6.81808e-07 
1189.83 6.81373e-07 
1189.84 6.8094e-07 
1189.85 6.80506e-07 
1189.86 6.80073e-07 
1189.87 6.7964e-07 
1189.88 6.79206e-07 
1189.89 6.78774e-07 
1189.9 6.78341e-07 
1189.91 6.77909e-07 
1189.92 6.77477e-07 
1189.93 6.77045e-07 
1189.94 6.76614e-07 
1189.95 6.76182e-07 
1189.96 6.75752e-07 
1189.97 6.75321e-07 
1189.98 6.7489e-07 
1189.99 6.74459e-07 
1190 6.74029e-07 
1190.01 6.736e-07 
1190.02 6.73169e-07 
1190.03 6.72739e-07 
1190.04 6.7231e-07 
1190.05 6.71881e-07 
1190.06 6.71453e-07 
1190.07 6.71024e-07 
1190.08 6.70595e-07 
1190.09 6.70167e-07 
1190.1 6.69739e-07 
1190.11 6.69312e-07 
1190.12 6.68884e-07 
1190.13 6.68456e-07 
1190.14 6.68029e-07 
1190.15 6.67602e-07 
1190.16 6.67175e-07 
1190.17 6.66748e-07 
1190.18 6.66323e-07 
1190.19 6.65897e-07 
1190.2 6.65471e-07 
1190.21 6.65045e-07 
1190.21 6.64619e-07 
1190.22 6.64195e-07 
1190.23 6.63769e-07 
1190.24 6.63345e-07 
1190.25 6.6292e-07 
1190.26 6.62496e-07 
1190.27 6.62072e-07 
1190.28 6.61648e-07 
1190.29 6.61224e-07 
1190.3 6.60801e-07 
1190.31 6.60377e-07 
1190.32 6.59954e-07 
1190.33 6.59531e-07 
1190.34 6.59108e-07 
1190.35 6.58685e-07 
1190.36 6.58264e-07 
1190.37 6.57842e-07 
1190.38 6.5742e-07 
1190.39 6.56999e-07 
1190.4 6.56577e-07 
1190.41 6.56155e-07 
1190.42 6.55735e-07 
1190.43 6.55313e-07 
1190.44 6.54893e-07 
1190.45 6.54473e-07 
1190.46 6.54053e-07 
1190.47 6.53632e-07 
1190.48 6.53212e-07 
1190.49 6.52792e-07 
1190.5 6.52374e-07 
1190.51 6.51955e-07 
1190.52 6.51535e-07 
1190.53 6.51117e-07 
1190.54 6.50698e-07 
1190.55 6.50279e-07 
1190.56 6.49861e-07 
1190.57 6.49443e-07 
1190.58 6.49025e-07 
1190.59 6.48608e-07 
1190.6 6.4819e-07 
1190.61 6.48174e-07 
1190.62 6.47756e-07 
1190.63 6.47339e-07 
1190.64 6.46922e-07 
1190.64 6.46506e-07 
1190.65 6.46089e-07 
1190.66 6.45673e-07 
1190.67 6.45256e-07 
1190.68 6.4484e-07 
1190.69 6.44425e-07 
1190.7 6.44009e-07 
1190.71 6.43594e-07 
1190.72 6.43178e-07 
1190.73 6.42763e-07 
1190.74 6.42348e-07 
1190.75 6.41934e-07 
1190.76 6.41519e-07 
1190.77 6.41105e-07 
1190.78 6.40691e-07 
1190.79 6.40277e-07 
1190.8 6.39862e-07 
1190.81 6.39449e-07 
1190.82 6.39036e-07 
1190.83 6.38622e-07 
1190.84 6.3821e-07 
1190.85 6.37797e-07 
1190.86 6.37384e-07 
1190.87 6.36972e-07 
1190.88 6.36559e-07 
1190.89 6.36147e-07 
1190.9 6.35735e-07 
1190.91 6.35324e-07 
1190.92 6.34912e-07 
1190.93 6.345e-07 
1190.94 6.34089e-07 
1190.95 6.33678e-07 
1190.96 6.33266e-07 
1190.97 6.32855e-07 
1190.98 6.32445e-07 
1190.99 6.32034e-07 
1191 6.31624e-07 
1191.01 6.31213e-07 
1191.02 6.30804e-07 
1191.03 6.30394e-07 
1191.04 6.29984e-07 
1191.05 6.29575e-07 
1191.06 6.29165e-07 
1191.07 6.28756e-07 
1191.07 6.28347e-07 
1191.08 6.27938e-07 
1191.09 6.27529e-07 
1191.1 6.27121e-07 
1191.11 6.26712e-07 
1191.12 6.26304e-07 
1191.13 6.25896e-07 
1191.14 6.25488e-07 
1191.15 6.2508e-07 
1191.16 6.24672e-07 
1191.17 6.24265e-07 
1191.18 6.23857e-07 
1191.19 6.2345e-07 
1191.2 6.23043e-07 
1191.21 6.22636e-07 
1191.22 6.22229e-07 
1191.23 6.21823e-07 
1191.24 6.21416e-07 
1191.25 6.2101e-07 
1191.26 6.20604e-07 
1191.27 6.20197e-07 
1191.28 6.19791e-07 
1191.29 6.19385e-07 
1191.3 6.18979e-07 
1191.31 6.18574e-07 
1191.32 6.18168e-07 
1191.33 6.17763e-07 
1191.34 6.17358e-07 
1191.35 6.16953e-07 
1191.36 6.16548e-07 
1191.37 6.16142e-07 
1191.38 6.15738e-07 
1191.39 6.15334e-07 
1191.4 6.14929e-07 
1191.41 6.14525e-07 
1191.42 6.1412e-07 
1191.43 6.13717e-07 
1191.44 6.13312e-07 
1191.45 6.12909e-07 
1191.46 6.12505e-07 
1191.47 6.12101e-07 
1191.48 6.11698e-07 
1191.49 6.11294e-07 
1191.49 6.10891e-07 
1191.5 6.10488e-07 
1191.51 6.10084e-07 
1191.52 6.09682e-07 
1191.53 6.09278e-07 
1191.54 6.08876e-07 
1191.55 6.08473e-07 
1191.56 6.08071e-07 
1191.57 6.07668e-07 
1191.58 6.07266e-07 
1191.59 6.06864e-07 
1191.6 6.06836e-07 
1191.61 6.06434e-07 
1191.62 6.06031e-07 
1191.63 6.05629e-07 
1191.64 6.05227e-07 
1191.65 6.04825e-07 
1191.66 6.04423e-07 
1191.67 6.04022e-07 
1191.68 6.0362e-07 
1191.69 6.03218e-07 
1191.7 6.02816e-07 
1191.71 6.02415e-07 
1191.72 6.02014e-07 
1191.73 6.01612e-07 
1191.74 6.0121e-07 
1191.75 6.0081e-07 
1191.76 6.00408e-07 
1191.77 6.00007e-07 
1191.78 5.99607e-07 
1191.79 5.99206e-07 
1191.8 5.98805e-07 
1191.81 5.98404e-07 
1191.82 5.98003e-07 
1191.83 5.97603e-07 
1191.84 5.97202e-07 
1191.85 5.96801e-07 
1191.86 5.964e-07 
1191.87 5.96e-07 
1191.88 5.956e-07 
1191.89 5.952e-07 
1191.9 5.94799e-07 
1191.91 5.94399e-07 
1191.92 5.93999e-07 
1191.92 5.93599e-07 
1191.93 5.93199e-07 
1191.94 5.92799e-07 
1191.95 5.92398e-07 
1191.96 5.91998e-07 
1191.97 5.91599e-07 
1191.98 5.91199e-07 
1191.99 5.90799e-07 
1192 5.90399e-07 
1192.01 5.89999e-07 
1192.02 5.89599e-07 
1192.03 5.89199e-07 
1192.04 5.888e-07 
1192.05 5.884e-07 
1192.06 5.88e-07 
1192.07 5.876e-07 
1192.08 5.87201e-07 
1192.09 5.86801e-07 
1192.1 5.86402e-07 
1192.11 5.86002e-07 
1192.12 5.85602e-07 
1192.13 5.85203e-07 
1192.14 5.84803e-07 
1192.15 5.84404e-07 
1192.16 5.84004e-07 
1192.17 5.83604e-07 
1192.18 5.83205e-07 
1192.19 5.82806e-07 
1192.2 5.82406e-07 
1192.21 5.82006e-07 
1192.22 5.81606e-07 
1192.23 5.81207e-07 
1192.24 5.80807e-07 
1192.25 5.80408e-07 
1192.26 5.80008e-07 
1192.27 5.79608e-07 
1192.28 5.79209e-07 
1192.29 5.78809e-07 
1192.3 5.78409e-07 
1192.31 5.78009e-07 
1192.32 5.77609e-07 
1192.33 5.7721e-07 
1192.34 5.7681e-07 
1192.34 5.7641e-07 
1192.35 5.7601e-07 
1192.36 5.7561e-07 
1192.37 5.7521e-07 
1192.38 5.7481e-07 
1192.39 5.7441e-07 
1192.4 5.7401e-07 
1192.41 5.73609e-07 
1192.42 5.7321e-07 
1192.43 5.72809e-07 
1192.44 5.7241e-07 
1192.45 5.72009e-07 
1192.46 5.71608e-07 
1192.47 5.71208e-07 
1192.48 5.70807e-07 
1192.49 5.70407e-07 
1192.5 5.70007e-07 
1192.51 5.69606e-07 
1192.52 5.69205e-07 
1192.53 5.68804e-07 
1192.54 5.68404e-07 
1192.55 5.68002e-07 
1192.56 5.67602e-07 
1192.57 5.67201e-07 
1192.58 5.668e-07 
1192.59 5.66398e-07 
1192.6 5.65998e-07 
1192.61 5.65945e-07 
1192.62 5.65544e-07 
1192.63 5.65142e-07 
1192.64 5.64741e-07 
1192.65 5.64339e-07 
1192.66 5.63937e-07 
1192.67 5.63535e-07 
1192.68 5.63133e-07 
1192.69 5.62731e-07 
1192.7 5.6233e-07 
1192.71 5.61927e-07 
1192.72 5.61524e-07 
1192.73 5.61123e-07 
1192.74 5.6072e-07 
1192.75 5.60318e-07 
1192.76 5.59916e-07 
1192.77 5.59513e-07 
1192.77 5.5911e-07 
1192.78 5.58708e-07 
1192.79 5.58305e-07 
1192.8 5.57902e-07 
1192.81 5.575e-07 
1192.82 5.57097e-07 
1192.83 5.56694e-07 
1192.84 5.56291e-07 
1192.85 5.55888e-07 
1192.86 5.55485e-07 
1192.87 5.55082e-07 
1192.88 5.5468e-07 
1192.89 5.54276e-07 
1192.9 5.53873e-07 
1192.91 5.5347e-07 
1192.92 5.53067e-07 
1192.93 5.52664e-07 
1192.94 5.52261e-07 
1192.95 5.51858e-07 
1192.96 5.51455e-07 
1192.97 5.51052e-07 
1192.98 5.50649e-07 
1192.99 5.50246e-07 
1193 5.49843e-07 
1193.01 5.4944e-07 
1193.02 5.49037e-07 
1193.03 5.48634e-07 
1193.04 5.48232e-07 
1193.05 5.47829e-07 
1193.06 5.47426e-07 
1193.07 5.47024e-07 
1193.08 5.46622e-07 
1193.09 5.4622e-07 
1193.1 5.45818e-07 
1193.11 5.45416e-07 
1193.12 5.45014e-07 
1193.13 5.44613e-07 
1193.14 5.44211e-07 
1193.15 5.4381e-07 
1193.16 5.43409e-07 
1193.17 5.43008e-07 
1193.18 5.42608e-07 
1193.19 5.42208e-07 
1193.19 5.41808e-07 
1193.2 5.41409e-07 
1193.21 5.41009e-07 
1193.22 5.40611e-07 
1193.23 5.40212e-07 
1193.24 5.39814e-07 
1193.25 5.39416e-07 
1193.26 5.39019e-07 
1193.27 5.38622e-07 
1193.28 5.38226e-07 
1193.29 5.3783e-07 
1193.3 5.37435e-07 
1193.31 5.3704e-07 
1193.32 5.36646e-07 
1193.33 5.36252e-07 
1193.34 5.35859e-07 
1193.35 5.35466e-07 
1193.36 5.35074e-07 
1193.37 5.34683e-07 
1193.38 5.34293e-07 
1193.39 5.33904e-07 
1193.4 5.33515e-07 
1193.41 5.33127e-07 
1193.42 5.3274e-07 
1193.43 5.32353e-07 
1193.44 5.31968e-07 
1193.45 5.31583e-07 
1193.46 5.312e-07 
1193.47 5.30818e-07 
1193.48 5.30437e-07 
1193.49 5.30057e-07 
1193.5 5.29677e-07 
1193.51 5.293e-07 
1193.52 5.28923e-07 
1193.53 5.28547e-07 
1193.54 5.28173e-07 
1193.55 5.278e-07 
1193.56 5.27429e-07 
1193.57 5.27058e-07 
1193.58 5.2669e-07 
1193.59 5.26322e-07 
1193.6 5.25956e-07 
1193.61 5.25916e-07 
1193.62 5.25553e-07 
1193.62 5.25192e-07 
1193.63 5.24833e-07 
1193.64 5.24475e-07 
1193.65 5.24119e-07 
1193.66 5.23765e-07 
1193.67 5.23413e-07 
1193.68 5.23062e-07 
1193.69 5.22714e-07 
1193.7 5.22367e-07 
1193.71 5.22023e-07 
1193.72 5.2168e-07 
1193.73 5.21341e-07 
1193.74 5.21003e-07 
1193.75 5.20667e-07 
1193.76 5.20334e-07 
1193.77 5.20002e-07 
1193.78 5.19673e-07 
1193.79 5.19347e-07 
1193.8 5.19023e-07 
1193.81 5.18701e-07 
1193.82 5.18382e-07 
1193.83 5.18065e-07 
1193.84 5.17751e-07 
1193.85 5.1744e-07 
1193.86 5.17131e-07 
1193.87 5.16825e-07 
1193.88 5.16522e-07 
1193.89 5.16222e-07 
1193.9 5.15924e-07 
1193.91 5.15629e-07 
1193.92 5.15336e-07 
1193.93 5.15047e-07 
1193.94 5.14761e-07 
1193.95 5.14478e-07 
1193.96 5.14197e-07 
1193.97 5.1392e-07 
1193.98 5.13648e-07 
1193.99 5.13376e-07 
1194 5.13108e-07 
1194.01 5.12843e-07 
1194.02 5.12581e-07 
1194.03 5.12322e-07 
1194.04 5.12066e-07 
1194.05 5.11814e-07 
1194.05 5.11563e-07 
1194.06 5.11317e-07 
1194.07 5.11074e-07 
1194.08 5.10833e-07 
1194.09 5.10596e-07 
1194.1 5.10362e-07 
1194.11 5.10131e-07 
1194.12 5.09903e-07 
1194.13 5.09678e-07 
1194.14 5.09456e-07 
1194.15 5.09237e-07 
1194.16 5.09022e-07 
1194.17 5.08808e-07 
1194.18 5.08598e-07 
1194.19 5.08391e-07 
1194.2 5.08187e-07 
1194.21 5.07986e-07 
1194.22 5.07787e-07 
1194.23 5.07595e-07 
1194.24 5.07402e-07 
1194.25 5.07212e-07 
1194.26 5.07024e-07 
1194.27 5.06838e-07 
1194.28 5.06655e-07 
1194.29 5.06475e-07 
1194.3 5.06297e-07 
1194.31 5.06121e-07 
1194.32 5.05947e-07 
1194.33 5.05775e-07 
1194.34 5.05606e-07 
1194.35 5.05438e-07 
1194.36 5.05272e-07 
1194.37 5.05108e-07 
1194.38 5.04945e-07 
1194.39 5.04784e-07 
1194.4 5.04625e-07 
1194.41 5.04466e-07 
1194.42 5.04309e-07 
1194.43 5.04154e-07 
1194.44 5.03998e-07 
1194.45 5.03844e-07 
1194.46 5.03691e-07 
1194.47 5.03538e-07 
1194.47 5.0339e-07 
1194.48 5.03238e-07 
1194.49 5.03086e-07 
1194.5 5.02934e-07 
1194.51 5.02783e-07 
1194.52 5.0263e-07 
1194.53 5.02478e-07 
1194.54 5.02325e-07 
1194.55 5.02172e-07 
1194.56 5.02017e-07 
1194.57 5.01862e-07 
1194.58 5.01705e-07 
1194.59 5.01548e-07 
1194.6 5.01389e-07 
1194.61 5.01537e-07 
1194.62 5.01375e-07 
1194.63 5.0121e-07 
1194.64 5.01044e-07 
1194.65 5.00875e-07 
1194.66 5.00704e-07 
1194.67 5.0053e-07 
1194.68 5.00354e-07 
1194.69 5.00175e-07 
1194.7 4.99992e-07 
1194.71 4.99807e-07 
1194.72 4.99618e-07 
1194.73 4.9943e-07 
1194.74 4.99234e-07 
1194.75 4.99034e-07 
1194.76 4.9883e-07 
1194.77 4.98622e-07 
1194.78 4.9841e-07 
1194.79 4.98193e-07 
1194.8 4.97972e-07 
1194.81 4.97746e-07 
1194.82 4.97515e-07 
1194.83 4.9728e-07 
1194.84 4.97039e-07 
1194.85 4.96793e-07 
1194.86 4.96541e-07 
1194.87 4.96284e-07 
1194.88 4.96021e-07 
1194.89 4.95753e-07 
1194.9 4.95479e-07 
1194.9 4.95199e-07 
1194.91 4.94913e-07 
1194.92 4.94621e-07 
1194.93 4.94322e-07 
1194.94 4.94018e-07 
1194.95 4.93707e-07 
1194.96 4.93389e-07 
1194.97 4.93065e-07 
1194.98 4.92737e-07 
1194.99 4.92401e-07 
1195 4.92057e-07 
1195.01 4.91707e-07 
1195.02 4.9135e-07 
1195.03 4.90987e-07 
1195.04 4.90616e-07 
1195.05 4.9024e-07 
1195.06 4.89857e-07 
1195.07 4.89467e-07 
1195.08 4.89071e-07 
1195.09 4.88668e-07 
1195.1 4.88259e-07 
1195.11 4.87843e-07 
1195.12 4.87422e-07 
1195.13 4.86993e-07 
1195.14 4.8656e-07 
1195.15 4.8612e-07 
1195.16 4.85674e-07 
1195.17 4.85223e-07 
1195.18 4.84766e-07 
1195.19 4.84303e-07 
1195.2 4.83836e-07 
1195.21 4.83364e-07 
1195.22 4.82886e-07 
1195.23 4.82405e-07 
1195.24 4.81919e-07 
1195.25 4.81429e-07 
1195.26 4.80934e-07 
1195.27 4.80437e-07 
1195.28 4.79936e-07 
1195.29 4.79431e-07 
1195.3 4.78925e-07 
1195.31 4.78416e-07 
1195.32 4.77904e-07 
1195.32 4.77392e-07 
1195.33 4.76877e-07 
1195.34 4.76362e-07 
1195.35 4.75847e-07 
1195.36 4.75331e-07 
1195.37 4.74816e-07 
1195.38 4.74302e-07 
1195.39 4.73789e-07 
1195.4 4.73278e-07 
1195.41 4.72769e-07 
1195.42 4.72262e-07 
1195.43 4.71759e-07 
1195.44 4.7126e-07 
1195.45 4.70765e-07 
1195.46 4.70275e-07 
1195.47 4.69791e-07 
1195.48 4.69315e-07 
1195.49 4.68843e-07 
1195.5 4.6838e-07 
1195.51 4.67924e-07 
1195.52 4.67478e-07 
1195.53 4.67041e-07 
1195.54 4.66614e-07 
1195.55 4.66197e-07 
1195.56 4.65793e-07 
1195.57 4.65401e-07 
1195.58 4.65023e-07 
1195.59 4.64658e-07 
1195.6 4.64308e-07 
1195.61 4.6426e-07 
1195.62 4.63943e-07 
1195.63 4.63642e-07 
1195.64 4.6336e-07 
1195.65 4.63097e-07 
1195.66 4.62854e-07 
1195.67 4.62633e-07 
1195.68 4.62433e-07 
1195.69 4.62255e-07 
1195.7 4.62102e-07 
1195.71 4.61974e-07 
1195.72 4.61871e-07 
1195.73 4.61803e-07 
1195.74 4.61755e-07 
1195.75 4.61736e-07 
1195.75 4.61747e-07 
1195.76 4.6179e-07 
1195.77 4.61864e-07 
1195.78 4.61972e-07 
1195.79 4.62114e-07 
1195.8 4.62291e-07 
1195.81 4.62505e-07 
1195.82 4.62756e-07 
1195.83 4.63047e-07 
1195.84 4.63376e-07 
1195.85 4.63748e-07 
1195.86 4.64161e-07 
1195.87 4.64618e-07 
1195.88 4.65119e-07 
1195.89 4.65666e-07 
1195.9 4.66261e-07 
1195.91 4.66903e-07 
1195.92 4.67594e-07 
1195.93 4.68337e-07 
1195.94 4.6913e-07 
1195.95 4.69977e-07 
1195.96 4.70878e-07 
1195.97 4.71834e-07 
1195.98 4.72868e-07 
1195.99 4.73939e-07 
1196 4.7507e-07 
1196.01 4.7626e-07 
1196.02 4.77511e-07 
1196.03 4.78825e-07 
1196.04 4.80203e-07 
1196.05 4.81645e-07 
1196.06 4.83154e-07 
1196.07 4.84729e-07 
1196.08 4.86372e-07 
1196.09 4.88085e-07 
1196.1 4.89868e-07 
1196.11 4.91722e-07 
1196.12 4.93649e-07 
1196.13 4.95649e-07 
1196.14 4.97724e-07 
1196.15 4.99875e-07 
1196.16 5.02101e-07 
1196.17 5.04405e-07 
1196.17 5.06788e-07 
1196.18 5.09249e-07 
1196.19 5.11791e-07 
1196.2 5.14413e-07 
1196.21 5.17117e-07 
1196.22 5.19948e-07 
1196.23 5.22818e-07 
1196.24 5.25772e-07 
1196.25 5.28811e-07 
1196.26 5.31934e-07 
1196.27 5.35144e-07 
1196.28 5.38439e-07 
1196.29 5.41821e-07 
1196.3 5.45289e-07 
1196.31 5.48846e-07 
1196.32 5.5249e-07 
1196.33 5.56222e-07 
1196.34 5.60041e-07 
1196.35 5.63949e-07 
1196.36 5.67946e-07 
1196.37 5.72031e-07 
1196.38 5.76204e-07 
1196.39 5.80466e-07 
1196.4 5.84816e-07 
1196.41 5.89254e-07 
1196.42 5.93779e-07 
1196.43 5.98392e-07 
1196.44 6.03093e-07 
1196.45 6.07879e-07 
1196.46 6.12752e-07 
1196.47 6.1771e-07 
1196.48 6.22826e-07 
1196.49 6.27954e-07 
1196.5 6.33166e-07 
1196.51 6.38459e-07 
1196.52 6.43834e-07 
1196.53 6.49289e-07 
1196.54 6.54824e-07 
1196.55 6.60436e-07 
1196.56 6.66125e-07 
1196.57 6.7189e-07 
1196.58 6.77728e-07 
1196.59 6.83639e-07 
1196.6 6.89621e-07 
1196.6 6.961e-07 
1196.61 7.02223e-07 
1196.62 7.0841e-07 
1196.63 7.14662e-07 
1196.64 7.20976e-07 
1196.65 7.27349e-07 
1196.66 7.33779e-07 
1196.67 7.40266e-07 
1196.68 7.46805e-07 
1196.69 7.53396e-07 
1196.7 7.60035e-07 
1196.71 7.66719e-07 
1196.72 7.73447e-07 
1196.73 7.8031e-07 
1196.74 7.87117e-07 
1196.75 7.9396e-07 
1196.76 8.00834e-07 
1196.77 8.07738e-07 
1196.78 8.14669e-07 
1196.79 8.21623e-07 
1196.8 8.28597e-07 
1196.81 8.35589e-07 
1196.82 8.42595e-07 
1196.83 8.49611e-07 
1196.84 8.56636e-07 
1196.85 8.63664e-07 
1196.86 8.70693e-07 
1196.87 8.77719e-07 
1196.88 8.8474e-07 
1196.89 8.91751e-07 
1196.9 8.98749e-07 
1196.91 9.05731e-07 
1196.92 9.12692e-07 
1196.93 9.19629e-07 
1196.94 9.26539e-07 
1196.95 9.33419e-07 
1196.96 9.40263e-07 
1196.97 9.4707e-07 
1196.98 9.53928e-07 
1196.99 9.60646e-07 
1197 9.67316e-07 
1197.01 9.73932e-07 
1197.02 9.80493e-07 
1197.03 9.86993e-07 
1197.03 9.93429e-07 
1197.04 9.99799e-07 
1197.05 1.0061e-06 
1197.06 1.01232e-06 
1197.07 1.01847e-06 
1197.08 1.02454e-06 
1197.09 1.03052e-06 
1197.1 1.03641e-06 
1197.11 1.04222e-06 
1197.12 1.04793e-06 
1197.13 1.05354e-06 
1197.14 1.05905e-06 
1197.15 1.06446e-06 
1197.16 1.06977e-06 
1197.17 1.07496e-06 
1197.18 1.08004e-06 
1197.19 1.08501e-06 
1197.2 1.08987e-06 
1197.21 1.0946e-06 
1197.22 1.09921e-06 
1197.23 1.10377e-06 
1197.24 1.10813e-06 
1197.25 1.11236e-06 
1197.26 1.11647e-06 
1197.27 1.12044e-06 
1197.28 1.12428e-06 
1197.29 1.12799e-06 
1197.3 1.13156e-06 
1197.31 1.13499e-06 
1197.32 1.13829e-06 
1197.33 1.14145e-06 
1197.34 1.14446e-06 
1197.35 1.14734e-06 
1197.36 1.15007e-06 
1197.37 1.15267e-06 
1197.38 1.15512e-06 
1197.39 1.15743e-06 
1197.4 1.1596e-06 
1197.41 1.16163e-06 
1197.42 1.16352e-06 
1197.43 1.16526e-06 
1197.44 1.16687e-06 
1197.45 1.16834e-06 
1197.45 1.16967e-06 
1197.46 1.17087e-06 
1197.47 1.17193e-06 
1197.48 1.17288e-06 
1197.49 1.17367e-06 
1197.5 1.17433e-06 
1197.51 1.17487e-06 
1197.52 1.17528e-06 
1197.53 1.17557e-06 
1197.54 1.17574e-06 
1197.55 1.17579e-06 
1197.56 1.17572e-06 
1197.57 1.17554e-06 
1197.58 1.17525e-06 
1197.59 1.17486e-06 
1197.6 1.17436e-06 
1197.61 1.17449e-06 
1197.62 1.17379e-06 
1197.63 1.17301e-06 
1197.64 1.17214e-06 
1197.65 1.17118e-06 
1197.66 1.17015e-06 
1197.67 1.16903e-06 
1197.68 1.16785e-06 
1197.69 1.1666e-06 
1197.7 1.16529e-06 
1197.71 1.16392e-06 
1197.72 1.16249e-06 
1197.73 1.16101e-06 
1197.74 1.1595e-06 
1197.75 1.15794e-06 
1197.76 1.15635e-06 
1197.77 1.15473e-06 
1197.78 1.15309e-06 
1197.79 1.15143e-06 
1197.8 1.14975e-06 
1197.81 1.14807e-06 
1197.82 1.14638e-06 
1197.83 1.1447e-06 
1197.84 1.14302e-06 
1197.85 1.14135e-06 
1197.86 1.1397e-06 
1197.87 1.13807e-06 
1197.88 1.13647e-06 
1197.88 1.1349e-06 
1197.89 1.13337e-06 
1197.9 1.13188e-06 
1197.91 1.13043e-06 
1197.92 1.12904e-06 
1197.93 1.1277e-06 
1197.94 1.12642e-06 
1197.95 1.12521e-06 
1197.96 1.12406e-06 
1197.97 1.12299e-06 
1197.98 1.12199e-06 
1197.99 1.12107e-06 
1198 1.12024e-06 
1198.01 1.1195e-06 
1198.02 1.11885e-06 
1198.03 1.11829e-06 
1198.04 1.11784e-06 
1198.05 1.11748e-06 
1198.06 1.11723e-06 
1198.07 1.11708e-06 
1198.08 1.11705e-06 
1198.09 1.11712e-06 
1198.1 1.11731e-06 
1198.11 1.11761e-06 
1198.12 1.11802e-06 
1198.13 1.11856e-06 
1198.14 1.11921e-06 
1198.15 1.11998e-06 
1198.16 1.12087e-06 
1198.17 1.12189e-06 
1198.18 1.12302e-06 
1198.19 1.12427e-06 
1198.2 1.12564e-06 
1198.21 1.12714e-06 
1198.22 1.12875e-06 
1198.23 1.13051e-06 
1198.24 1.13235e-06 
1198.25 1.13431e-06 
1198.26 1.13638e-06 
1198.27 1.13857e-06 
1198.28 1.14086e-06 
1198.29 1.14325e-06 
1198.3 1.14575e-06 
1198.3 1.14835e-06 
1198.31 1.15105e-06 
1198.32 1.15383e-06 
1198.33 1.15671e-06 
1198.34 1.15967e-06 
1198.35 1.16272e-06 
1198.36 1.16583e-06 
1198.37 1.16902e-06 
1198.38 1.17228e-06 
1198.39 1.1756e-06 
1198.4 1.17898e-06 
1198.41 1.1824e-06 
1198.42 1.18588e-06 
1198.43 1.18939e-06 
1198.44 1.19294e-06 
1198.45 1.19651e-06 
1198.46 1.20011e-06 
1198.47 1.20372e-06 
1198.48 1.20739e-06 
1198.49 1.21102e-06 
1198.5 1.21464e-06 
1198.51 1.21824e-06 
1198.52 1.22183e-06 
1198.53 1.2254e-06 
1198.54 1.22893e-06 
1198.55 1.23243e-06 
1198.56 1.23588e-06 
1198.57 1.23928e-06 
1198.58 1.24262e-06 
1198.59 1.24589e-06 
1198.6 1.24909e-06 
1198.61 1.25298e-06 
1198.62 1.25601e-06 
1198.63 1.25895e-06 
1198.64 1.2618e-06 
1198.65 1.26453e-06 
1198.66 1.26715e-06 
1198.67 1.26965e-06 
1198.68 1.27203e-06 
1198.69 1.27427e-06 
1198.7 1.27638e-06 
1198.71 1.27834e-06 
1198.72 1.28015e-06 
1198.73 1.28184e-06 
1198.73 1.28334e-06 
1198.74 1.28467e-06 
1198.75 1.28584e-06 
1198.76 1.28683e-06 
1198.77 1.28765e-06 
1198.78 1.28828e-06 
1198.79 1.28873e-06 
1198.8 1.289e-06 
1198.81 1.28907e-06 
1198.82 1.28895e-06 
1198.83 1.28863e-06 
1198.84 1.28812e-06 
1198.85 1.28741e-06 
1198.86 1.28651e-06 
1198.87 1.2854e-06 
1198.88 1.28409e-06 
1198.89 1.28259e-06 
1198.9 1.28088e-06 
1198.91 1.27897e-06 
1198.92 1.27687e-06 
1198.93 1.27458e-06 
1198.94 1.27209e-06 
1198.95 1.26941e-06 
1198.96 1.26655e-06 
1198.97 1.26351e-06 
1198.98 1.26025e-06 
1198.99 1.25685e-06 
1199 1.25328e-06 
1199.01 1.24955e-06 
1199.02 1.24567e-06 
1199.03 1.24163e-06 
1199.04 1.23745e-06 
1199.05 1.23313e-06 
1199.06 1.22869e-06 
1199.07 1.22413e-06 
1199.08 1.21946e-06 
1199.09 1.21469e-06 
1199.1 1.20983e-06 
1199.11 1.2049e-06 
1199.12 1.19989e-06 
1199.13 1.19483e-06 
1199.14 1.18973e-06 
1199.15 1.18459e-06 
1199.15 1.17944e-06 
1199.16 1.17428e-06 
1199.17 1.16913e-06 
1199.18 1.164e-06 
1199.19 1.15891e-06 
1199.2 1.15388e-06 
1199.21 1.14891e-06 
1199.22 1.14399e-06 
1199.23 1.13921e-06 
1199.24 1.13455e-06 
1199.25 1.13003e-06 
1199.26 1.12566e-06 
1199.27 1.12147e-06 
1199.28 1.11747e-06 
1199.29 1.11367e-06 
1199.3 1.11011e-06 
1199.31 1.10679e-06 
1199.32 1.10374e-06 
1199.33 1.10097e-06 
1199.34 1.09851e-06 
1199.35 1.09638e-06 
1199.36 1.09459e-06 
1199.37 1.09317e-06 
1199.38 1.09214e-06 
1199.39 1.09152e-06 
1199.4 1.09133e-06 
1199.41 1.09159e-06 
1199.42 1.09232e-06 
1199.43 1.09354e-06 
1199.44 1.09527e-06 
1199.45 1.09754e-06 
1199.46 1.10036e-06 
1199.47 1.10375e-06 
1199.48 1.1078e-06 
1199.49 1.11241e-06 
1199.5 1.11766e-06 
1199.51 1.12356e-06 
1199.52 1.13013e-06 
1199.53 1.13739e-06 
1199.54 1.14537e-06 
1199.55 1.15407e-06 
1199.56 1.16352e-06 
1199.57 1.17372e-06 
1199.58 1.18471e-06 
1199.58 1.1965e-06 
1199.59 1.20909e-06 
1199.6 1.22251e-06 
1199.61 1.23752e-06 
1199.62 1.25264e-06 
1199.63 1.26862e-06 
1199.64 1.28548e-06 
1199.65 1.30322e-06 
1199.66 1.32185e-06 
1199.67 1.34139e-06 
1199.68 1.36185e-06 
1199.69 1.38322e-06 
1199.7 1.40551e-06 
1199.71 1.42873e-06 
1199.72 1.45288e-06 
1199.73 1.4783e-06 
1199.74 1.50433e-06 
1199.75 1.5313e-06 
1199.76 1.5592e-06 
1199.77 1.58802e-06 
1199.78 1.61777e-06 
1199.79 1.64844e-06 
1199.8 1.68002e-06 
1199.81 1.71251e-06 
1199.82 1.74588e-06 
1199.83 1.78014e-06 
1199.84 1.81526e-06 
1199.85 1.85123e-06 
1199.86 1.88805e-06 
1199.87 1.92568e-06 
1199.88 1.96412e-06 
1199.89 2.00333e-06 
1199.9 2.0433e-06 
1199.91 2.08401e-06 
1199.92 2.12543e-06 
1199.93 2.16752e-06 
1199.94 2.21028e-06 
1199.95 2.25365e-06 
1199.96 2.29762e-06 
1199.97 2.34215e-06 
1199.98 2.38779e-06 
1199.99 2.43334e-06 
1200 2.47935e-06 
1200.01 2.52578e-06 
1200.01 2.57258e-06 
1200.02 2.61972e-06 
1200.03 2.66715e-06 
1200.04 2.71483e-06 
1200.05 2.76272e-06 
1200.06 2.81077e-06 
1200.07 2.85895e-06 
1200.08 2.90719e-06 
1200.09 2.95544e-06 
1200.1 3.00367e-06 
1200.11 3.05182e-06 
1200.12 3.09985e-06 
1200.13 3.1477e-06 
1200.14 3.19532e-06 
1200.15 3.24266e-06 
1200.16 3.28966e-06 
1200.17 3.33628e-06 
1200.18 3.38246e-06 
1200.19 3.42816e-06 
1200.2 3.4733e-06 
1200.21 3.51786e-06 
1200.22 3.56177e-06 
1200.23 3.60552e-06 
1200.24 3.64797e-06 
1200.25 3.68962e-06 
1200.26 3.73041e-06 
1200.27 3.7703e-06 
1200.28 3.80924e-06 
1200.29 3.84718e-06 
1200.3 3.88407e-06 
1200.31 3.91986e-06 
1200.32 3.95452e-06 
1200.33 3.98799e-06 
1200.34 4.02024e-06 
1200.35 4.05121e-06 
1200.36 4.08088e-06 
1200.37 4.1092e-06 
1200.38 4.13613e-06 
1200.39 4.16165e-06 
1200.4 4.18571e-06 
1200.41 4.20829e-06 
1200.42 4.22935e-06 
1200.43 4.24886e-06 
1200.43 4.26681e-06 
1200.44 4.28316e-06 
1200.45 4.29789e-06 
1200.46 4.31099e-06 
1200.47 4.32243e-06 
1200.48 4.33232e-06 
1200.49 4.34039e-06 
1200.5 4.34676e-06 
1200.51 4.35143e-06 
1200.52 4.35438e-06 
1200.53 4.35563e-06 
1200.54 4.35515e-06 
1200.55 4.35296e-06 
1200.56 4.34905e-06 
1200.57 4.34343e-06 
1200.58 4.33612e-06 
1200.59 4.3271e-06 
1200.6 4.3164e-06 
1200.61 4.30669e-06 
1200.62 4.29266e-06 
1200.63 4.277e-06 
1200.64 4.25972e-06 
1200.65 4.24086e-06 
1200.66 4.22042e-06 
1200.67 4.19844e-06 
1200.68 4.17495e-06 
1200.69 4.14997e-06 
1200.7 4.12354e-06 
1200.71 4.0957e-06 
1200.72 4.06647e-06 
1200.73 4.0355e-06 
1200.74 4.0036e-06 
1200.75 3.97043e-06 
1200.76 3.93603e-06 
1200.77 3.90044e-06 
1200.78 3.86371e-06 
1200.79 3.82588e-06 
1200.8 3.787e-06 
1200.81 3.74712e-06 
1200.82 3.70627e-06 
1200.83 3.66451e-06 
1200.84 3.62189e-06 
1200.85 3.57846e-06 
1200.85 3.53426e-06 
1200.86 3.48934e-06 
1200.87 3.44376e-06 
1200.88 3.39757e-06 
1200.89 3.35081e-06 
1200.9 3.30353e-06 
1200.91 3.25579e-06 
1200.92 3.20764e-06 
1200.93 3.15913e-06 
1200.94 3.1103e-06 
1200.95 3.0612e-06 
1200.96 3.01189e-06 
1200.97 2.9624e-06 
1200.98 2.91218e-06 
1200.99 2.86249e-06 
1201 2.81278e-06 
1201.01 2.76308e-06 
1201.02 2.71345e-06 
1201.03 2.66391e-06 
1201.04 2.61452e-06 
1201.05 2.56531e-06 
1201.06 2.51633e-06 
1201.07 2.46761e-06 
1201.08 2.41919e-06 
1201.09 2.37111e-06 
1201.1 2.3234e-06 
1201.11 2.2761e-06 
1201.12 2.22923e-06 
1201.13 2.18283e-06 
1201.14 2.13693e-06 
1201.15 2.09156e-06 
1201.16 2.04673e-06 
1201.17 2.00248e-06 
1201.18 1.95884e-06 
1201.19 1.91581e-06 
1201.2 1.87344e-06 
1201.21 1.83172e-06 
1201.22 1.79068e-06 
1201.23 1.74985e-06 
1201.24 1.71023e-06 
1201.25 1.67134e-06 
1201.26 1.63319e-06 
1201.27 1.59579e-06 
1201.28 1.55914e-06 
1201.28 1.52327e-06 
1201.29 1.48816e-06 
1201.3 1.45384e-06 
1201.31 1.4203e-06 
1201.32 1.38755e-06 
1201.33 1.35558e-06 
1201.34 1.32441e-06 
1201.35 1.29402e-06 
1201.36 1.26442e-06 
1201.37 1.23561e-06 
1201.38 1.20758e-06 
1201.39 1.18032e-06 
1201.4 1.15384e-06 
1201.41 1.12812e-06 
1201.42 1.10316e-06 
1201.43 1.07895e-06 
1201.44 1.05548e-06 
1201.45 1.03274e-06 
1201.46 1.01073e-06 
1201.47 9.89421e-07 
1201.48 9.68563e-07 
1201.49 9.48653e-07 
1201.5 9.29418e-07 
1201.51 9.10844e-07 
1201.52 8.92919e-07 
1201.53 8.75628e-07 
1201.54 8.58958e-07 
1201.55 8.42893e-07 
1201.56 8.2742e-07 
1201.57 8.12522e-07 
1201.58 7.98185e-07 
1201.59 7.84393e-07 
1201.6 7.71132e-07 
1201.61 7.58848e-07 
1201.62 7.46591e-07 
1201.63 7.34817e-07 
1201.64 7.23509e-07 
1201.65 7.12652e-07 
1201.66 7.0223e-07 
1201.67 6.92227e-07 
1201.68 6.82629e-07 
1201.69 6.73418e-07 
1201.7 6.64579e-07 
1201.7 6.56099e-07 
1201.71 6.47961e-07 
1201.72 6.40055e-07 
1201.73 6.3256e-07 
1201.74 6.25362e-07 
1201.75 6.18449e-07 
1201.76 6.11805e-07 
1201.77 6.05417e-07 
1201.78 5.99272e-07 
1201.79 5.93355e-07 
1201.8 5.87655e-07 
1201.81 5.82158e-07 
1201.82 5.76854e-07 
1201.83 5.71728e-07 
1201.84 5.66771e-07 
1201.85 5.6197e-07 
1201.86 5.57315e-07 
1201.87 5.52796e-07 
1201.88 5.48401e-07 
1201.89 5.44121e-07 
1201.9 5.39948e-07 
1201.91 5.3587e-07 
1201.92 5.31879e-07 
1201.93 5.27968e-07 
1201.94 5.24128e-07 
1201.95 5.20351e-07 
1201.96 5.1663e-07 
1201.97 5.12957e-07 
1201.98 5.09281e-07 
1201.99 5.05685e-07 
1202 5.0212e-07 
1202.01 4.98577e-07 
1202.02 4.95052e-07 
1202.03 4.91539e-07 
1202.04 4.88035e-07 
1202.05 4.84535e-07 
1202.06 4.81032e-07 
1202.07 4.77526e-07 
1202.08 4.74011e-07 
1202.09 4.70484e-07 
1202.1 4.66941e-07 
1202.11 4.63381e-07 
1202.12 4.59801e-07 
1202.13 4.56198e-07 
1202.13 4.52569e-07 
1202.14 4.48913e-07 
1202.15 4.4523e-07 
1202.16 4.41515e-07 
1202.17 4.3777e-07 
1202.18 4.33992e-07 
1202.19 4.30181e-07 
1202.2 4.26336e-07 
1202.21 4.22456e-07 
1202.22 4.18494e-07 
1202.23 4.14545e-07 
1202.24 4.10561e-07 
1202.25 4.06542e-07 
1202.26 4.02489e-07 
1202.27 3.98401e-07 
1202.28 3.9428e-07 
1202.29 3.90127e-07 
1202.3 3.85942e-07 
1202.31 3.81725e-07 
1202.32 3.77479e-07 
1202.33 3.73203e-07 
1202.34 3.689e-07 
1202.35 3.6457e-07 
1202.36 3.60215e-07 
1202.37 3.55836e-07 
1202.38 3.51435e-07 
1202.39 3.47012e-07 
1202.4 3.42571e-07 
1202.41 3.38112e-07 
1202.42 3.33637e-07 
1202.43 3.29148e-07 
1202.44 3.24647e-07 
1202.45 3.20134e-07 
1202.46 3.15612e-07 
1202.47 3.11084e-07 
1202.48 3.06494e-07 
1202.49 3.01957e-07 
1202.5 2.97418e-07 
1202.51 2.92879e-07 
1202.52 2.88342e-07 
1202.53 2.83809e-07 
1202.54 2.79282e-07 
1202.55 2.74763e-07 
1202.56 2.70253e-07 
1202.56 2.65754e-07 
1202.57 2.61268e-07 
1202.58 2.56796e-07 
1202.59 2.52342e-07 
1202.6 2.47904e-07 
1202.61 2.43637e-07 
1202.62 2.39238e-07 
1202.63 2.34863e-07 
1202.64 2.30512e-07 
1202.65 2.26187e-07 
1202.66 2.2189e-07 
1202.67 2.17622e-07 
1202.68 2.13385e-07 
1202.69 2.09179e-07 
1202.7 2.05007e-07 
1202.71 2.00869e-07 
1202.72 1.96767e-07 
1202.73 1.92651e-07 
1202.74 1.88625e-07 
1202.75 1.84637e-07 
1202.76 1.8069e-07 
1202.77 1.76784e-07 
1202.78 1.72921e-07 
1202.79 1.691e-07 
1202.8 1.65324e-07 
1202.81 1.61593e-07 
1202.82 1.57907e-07 
1202.83 1.54267e-07 
1202.84 1.50675e-07 
1202.85 1.4713e-07 
1202.86 1.43633e-07 
1202.87 1.40185e-07 
1202.88 1.36787e-07 
1202.89 1.33438e-07 
1202.9 1.30139e-07 
1202.91 1.26891e-07 
1202.92 1.23693e-07 
1202.93 1.20546e-07 
1202.94 1.17451e-07 
1202.95 1.14407e-07 
1202.96 1.11415e-07 
1202.97 1.08474e-07 
1202.98 1.05585e-07 
1202.98 1.02712e-07 
1202.99 9.99271e-08 
1203 9.71935e-08 
1203.01 9.45117e-08 
1203.02 9.18813e-08 
1203.03 8.9302e-08 
1203.04 8.67739e-08 
1203.05 8.42966e-08 
1203.06 8.18698e-08 
1203.07 7.94935e-08 
1203.08 7.71671e-08 
1203.09 7.48905e-08 
1203.1 7.2663e-08 
1203.11 7.04846e-08 
1203.12 6.83545e-08 
1203.13 6.62726e-08 
1203.14 6.42383e-08 
1203.15 6.22511e-08 
1203.16 6.03105e-08 
1203.17 5.84161e-08 
1203.18 5.65673e-08 
1203.19 5.47635e-08 
1203.2 5.30041e-08 
1203.21 5.12887e-08 
1203.22 4.96165e-08 
1203.23 4.79671e-08 
1203.24 4.63803e-08 
1203.25 4.48349e-08 
1203.26 4.33304e-08 
1203.27 4.1866e-08 
1203.28 4.04412e-08 
1203.29 3.90553e-08 
1203.3 3.77076e-08 
1203.31 3.63974e-08 
1203.32 3.51242e-08 
1203.33 3.3887e-08 
1203.34 3.26855e-08 
1203.35 3.15188e-08 
1203.36 3.03862e-08 
1203.37 2.92872e-08 
1203.38 2.82209e-08 
1203.39 2.71868e-08 
1203.4 2.61841e-08 
1203.41 2.52122e-08 
1203.41 2.42704e-08 
1203.42 2.3358e-08 
1203.43 2.24744e-08 
1203.44 2.16189e-08 
1203.45 2.07908e-08 
1203.46 1.99896e-08 
1203.47 1.92145e-08 
1203.48 1.84556e-08 
1203.49 1.77312e-08 
1203.5 1.7031e-08 
1203.51 1.63545e-08 
1203.52 1.57009e-08 
1203.53 1.50698e-08 
1203.54 1.44605e-08 
1203.55 1.38724e-08 
1203.56 1.33049e-08 
1203.57 1.27575e-08 
1203.58 1.22296e-08 
1203.59 1.17207e-08 
1203.6 1.12302e-08 
1203.61 1.07641e-08 
1203.62 1.03086e-08 
1203.63 9.86985e-09 
1203.64 9.44748e-09 
1203.65 9.04097e-09 
1203.66 8.64981e-09 
1203.67 8.27355e-09 
1203.68 7.9117e-09 
1203.69 7.56381e-09 
1203.7 7.22944e-09 
1203.71 6.90816e-09 
1203.72 6.59952e-09 
1203.73 6.2995e-09 
1203.74 6.01507e-09 
1203.75 5.74208e-09 
1203.76 5.48013e-09 
1203.77 5.22883e-09 
1203.78 4.98783e-09 
1203.79 4.75677e-09 
1203.8 4.5353e-09 
1203.81 4.32307e-09 
1203.82 4.11976e-09 
1203.83 3.92505e-09 
1203.83 3.73862e-09 
1203.84 3.56016e-09 
1203.85 3.38939e-09 
1203.86 3.22602e-09 
1203.87 3.06976e-09 
1203.88 2.92036e-09 
1203.89 2.77754e-09 
1203.9 2.64106e-09 
1203.91 2.51066e-09 
1203.92 2.38611e-09 
1203.93 2.26719e-09 
1203.94 2.15366e-09 
1203.95 2.04531e-09 
1203.96 1.94194e-09 
1203.97 1.84334e-09 
1203.98 1.74816e-09 
1203.99 1.65857e-09 
1204 1.57319e-09 
1204.01 1.49184e-09 
1204.02 1.41434e-09 
1204.03 1.34054e-09 
1204.04 1.27028e-09 
1204.05 1.2034e-09 
1204.06 1.13977e-09 
1204.07 1.07923e-09 
1204.08 1.02166e-09 
1204.09 9.66918e-10 
1204.1 9.14885e-10 
1204.11 8.6544e-10 
1204.12 8.18465e-10 
1204.13 7.7385e-10 
1204.14 7.31486e-10 
1204.15 6.91272e-10 
1204.16 6.53107e-10 
1204.17 6.16898e-10 
1204.18 5.82552e-10 
1204.19 5.49984e-10 
1204.2 5.19108e-10 
1204.21 4.89845e-10 
1204.22 4.62118e-10 
1204.23 4.35534e-10 
1204.24 4.10677e-10 
1204.25 3.87144e-10 
1204.26 3.64869e-10 
1204.26 3.43791e-10 
1204.27 3.23852e-10 
1204.28 3.04993e-10 
1204.29 2.87162e-10 
1204.3 2.70307e-10 
1204.31 2.54379e-10 
1204.32 2.3933e-10 
1204.33 2.25116e-10 
1204.34 2.11694e-10 
1204.35 1.99023e-10 
1204.36 1.87065e-10 
1204.37 1.75782e-10 
1204.38 1.65139e-10 
1204.39 1.55102e-10 
1204.4 1.45639e-10 
1204.41 1.3672e-10 
1204.42 1.28315e-10 
1204.43 1.20398e-10 
1204.44 1.12941e-10 
1204.45 1.0592e-10 
1204.46 9.93109e-11 
1204.47 9.30912e-11 
1204.48 8.71688e-11 
1204.49 8.16691e-11 
1204.5 7.64976e-11 
1204.51 7.1636e-11 
1204.52 6.70668e-11 
1204.53 6.27735e-11 
1204.54 5.87407e-11 
1204.55 5.49533e-11 
1204.56 5.13976e-11 
1204.57 4.806e-11 
1204.58 4.49281e-11 
1204.59 4.199e-11 
1204.6 3.92343e-11 
1204.61 3.66505e-11 
1204.62 3.42493e-11 
1204.63 3.19781e-11 
1204.64 2.98501e-11 
1204.65 2.78568e-11 
1204.66 2.59902e-11 
1204.67 2.42427e-11 
1204.68 2.26072e-11 
1204.68 2.10768e-11 
1204.69 1.96452e-11 
1204.7 1.83063e-11 
1204.71 1.70544e-11 
1204.72 1.58702e-11 
1204.73 1.47776e-11 
1204.74 1.37568e-11 
1204.75 1.28034e-11 
1204.76 1.19132e-11 
1204.77 1.10821e-11 
1204.78 1.03065e-11 
1204.79 9.58273e-12 
1204.8 8.90765e-12 
1204.81 8.27808e-12 
1204.82 7.69111e-12 
1204.83 7.144e-12 
1204.84 6.63418e-12 
1204.85 6.15923e-12 
1204.86 5.71686e-12 
1204.87 5.30496e-12 
1204.88 4.92153e-12 
1204.89 4.56469e-12 
1204.9 4.23268e-12 
1204.91 3.92385e-12 
1204.92 3.63665e-12 
1204.93 3.36965e-12 
1204.94 3.12148e-12 
1204.95 2.89088e-12 
1204.96 2.67666e-12 
1204.97 2.4777e-12 
1204.98 2.29074e-12 
1204.99 2.11941e-12 
1205 1.96042e-12 
1205.01 1.8129e-12 
1205.02 1.67608e-12 
1205.03 1.5492e-12 
1205.04 1.43157e-12 
1205.05 1.32254e-12 
1205.06 1.22152e-12 
1205.07 1.12794e-12 
1205.08 1.04127e-12 
1205.09 9.61023e-13 
1205.1 8.86743e-13 
1205.11 8.18003e-13 
1205.11 7.54404e-13 
1205.12 6.9558e-13 
1205.13 6.41185e-13 
1205.14 5.90897e-13 
1205.15 5.4442e-13 
1205.16 5.01475e-13 
1205.17 4.61803e-13 
1205.18 4.25166e-13 
1205.19 3.91338e-13 
1205.2 3.60114e-13 
1205.21 3.31299e-13 
1205.22 3.04408e-13 
1205.23 2.799e-13 
1205.24 2.57313e-13 
1205.25 2.3649e-13 
1205.26 2.17299e-13 
1205.27 1.99616e-13 
1205.28 1.83326e-13 
1205.29 1.68325e-13 
1205.3 1.54513e-13 
1205.31 1.41799e-13 
1205.32 1.301e-13 
1205.33 1.19336e-13 
1205.34 1.09436e-13 
1205.35 1.00333e-13 
1205.36 9.19638e-14 
1205.37 8.42723e-14 
1205.38 7.72051e-14 
1205.39 7.07131e-14 
1205.4 6.4751e-14 
1205.41 5.9277e-14 
1205.42 5.42525e-14 
1205.43 4.96416e-14 
1205.44 4.54114e-14 
1205.45 4.15315e-14 
1205.46 3.79736e-14 
1205.47 3.47121e-14 
1205.48 3.16886e-14 
1205.49 2.89511e-14 
1205.5 2.64449e-14 
1205.51 2.41497e-14 
1205.52 2.20482e-14 
1205.53 2.01246e-14 
1205.54 1.83644e-14 
1205.54 1.6754e-14 
1205.55 1.5281e-14 
1205.56 1.39341e-14 
1205.57 1.27028e-14 
1205.58 1.15775e-14 
1205.59 1.05492e-14 
1205.6 9.60993e-15 
1205.61 8.75747e-15 
1205.62 7.97378e-15 
1205.63 7.25843e-15 
1205.64 6.60564e-15 
1205.65 6.01008e-15 
1205.66 5.46686e-15 
1205.67 4.97151e-15 
1205.68 4.51994e-15 
1205.69 4.10837e-15 
1205.7 3.73336e-15 
1205.71 3.39175e-15 
1205.72 3.08063e-15 
1205.73 2.79399e-15 
1205.74 2.53645e-15 
1205.75 2.30208e-15 
1205.76 2.08885e-15 
1205.77 1.8949e-15 
1205.78 1.71854e-15 
1205.79 1.55821e-15 
1205.8 1.41249e-15 
1205.81 1.28008e-15 
1205.82 1.1598e-15 
1205.83 1.05056e-15 
1205.84 9.5138e-16 
1205.85 8.61348e-16 
1205.86 7.79644e-16 
1205.87 7.05516e-16 
1205.88 6.3828e-16 
1205.89 5.77308e-16 
1205.9 5.22032e-16 
1205.91 4.71933e-16 
1205.92 4.26537e-16 
1205.93 3.85412e-16 
1205.94 3.48167e-16 
1205.95 3.14443e-16 
1205.96 2.83916e-16 
1205.96 2.5629e-16 
1205.97 2.31295e-16 
1205.98 2.08417e-16 
1205.99 1.87998e-16 
1206 1.69537e-16 
1206.01 1.52852e-16 
1206.02 1.37774e-16 
1206.03 1.24154e-16 
1206.04 1.11852e-16 
1206.05 1.00744e-16 
1206.06 9.07175e-17 
1206.07 8.16685e-17 
1206.08 7.3504e-17 
1206.09 6.61394e-17 
1206.1 5.9498e-17 
1206.11 5.35104e-17 
1206.12 4.81135e-17 
1206.13 4.32502e-17 
1206.14 3.8869e-17 
1206.15 3.49229e-17 
1206.16 3.13698e-17 
1206.17 2.81712e-17 
1206.18 2.52925e-17 
1206.19 2.27024e-17 
1206.2 2.03725e-17 
1206.21 1.82772e-17 
1206.22 1.63934e-17 
1206.23 1.46801e-17 
1206.24 1.31605e-17 
1206.25 1.17953e-17 
1206.26 1.05691e-17 
1206.27 9.46806e-18 
1206.28 8.47963e-18 
1206.29 7.59251e-18 
1206.3 6.79653e-18 
1206.31 6.0825e-18 
1206.32 5.44214e-18 
1206.33 4.868e-18 
1206.34 4.35335e-18 
1206.35 3.89216e-18 
1206.36 3.47897e-18 
1206.37 3.10887e-18 
1206.38 2.77746e-18 
1206.39 2.48077e-18 
1206.39 2.21523e-18 
1206.4 1.97762e-18 
1206.41 1.76506e-18 
1206.42 1.57497e-18 
1206.43 1.40499e-18 
1206.44 1.25306e-18 
1206.45 1.11728e-18 
1206.46 9.95962e-19 
1206.47 8.87602e-19 
1206.48 7.89695e-19 
1206.49 7.03427e-19 
1206.5 6.26429e-19 
1206.51 5.57723e-19 
1206.52 4.96429e-19 
1206.53 4.41763e-19 
1206.54 3.9302e-19 
1206.55 3.49569e-19 
1206.56 3.10846e-19 
1206.57 2.76344e-19 
1206.58 2.45611e-19 
1206.59 2.18243e-19 
1206.6 0 
