#energy geo_1 
1186.6 1.07469e-06 
1186.61 1.07405e-06 
1186.62 1.07342e-06 
1186.63 1.07278e-06 
1186.64 1.07215e-06 
1186.65 1.07151e-06 
1186.66 1.07088e-06 
1186.67 1.07024e-06 
1186.68 1.06961e-06 
1186.69 1.06897e-06 
1186.7 1.06834e-06 
1186.71 1.06771e-06 
1186.72 1.06707e-06 
1186.73 1.06644e-06 
1186.74 1.06581e-06 
1186.75 1.06518e-06 
1186.76 1.06454e-06 
1186.77 1.06391e-06 
1186.78 1.06328e-06 
1186.79 1.06265e-06 
1186.8 1.06202e-06 
1186.81 1.06139e-06 
1186.81 1.06076e-06 
1186.82 1.06013e-06 
1186.83 1.0595e-06 
1186.84 1.05887e-06 
1186.85 1.05824e-06 
1186.86 1.05761e-06 
1186.87 1.05698e-06 
1186.88 1.05635e-06 
1186.89 1.05573e-06 
1186.9 1.0551e-06 
1186.91 1.05447e-06 
1186.92 1.05384e-06 
1186.93 1.05322e-06 
1186.94 1.05259e-06 
1186.95 1.05196e-06 
1186.96 1.05134e-06 
1186.97 1.05071e-06 
1186.98 1.05009e-06 
1186.99 1.04946e-06 
1187 1.04883e-06 
1187.01 1.04821e-06 
1187.02 1.04759e-06 
1187.03 1.04696e-06 
1187.04 1.04634e-06 
1187.05 1.04571e-06 
1187.06 1.04509e-06 
1187.07 1.04447e-06 
1187.08 1.04384e-06 
1187.09 1.04322e-06 
1187.1 1.0426e-06 
1187.11 1.04198e-06 
1187.12 1.04136e-06 
1187.13 1.04073e-06 
1187.14 1.04011e-06 
1187.15 1.03949e-06 
1187.16 1.03887e-06 
1187.17 1.03825e-06 
1187.18 1.03763e-06 
1187.19 1.03701e-06 
1187.2 1.03639e-06 
1187.21 1.03577e-06 
1187.22 1.03515e-06 
1187.23 1.03454e-06 
1187.24 1.03392e-06 
1187.24 1.0333e-06 
1187.25 1.03268e-06 
1187.26 1.03206e-06 
1187.27 1.03145e-06 
1187.28 1.03083e-06 
1187.29 1.03021e-06 
1187.3 1.0296e-06 
1187.31 1.02898e-06 
1187.32 1.02836e-06 
1187.33 1.02775e-06 
1187.34 1.02713e-06 
1187.35 1.02652e-06 
1187.36 1.0259e-06 
1187.37 1.02529e-06 
1187.38 1.02467e-06 
1187.39 1.02406e-06 
1187.4 1.02345e-06 
1187.41 1.02283e-06 
1187.42 1.02222e-06 
1187.43 1.02161e-06 
1187.44 1.02099e-06 
1187.45 1.02038e-06 
1187.46 1.01977e-06 
1187.47 1.01915e-06 
1187.48 1.01855e-06 
1187.49 1.01793e-06 
1187.5 1.01732e-06 
1187.51 1.01671e-06 
1187.52 1.0161e-06 
1187.53 1.01549e-06 
1187.54 1.01488e-06 
1187.55 1.01427e-06 
1187.56 1.01366e-06 
1187.57 1.01305e-06 
1187.58 1.01244e-06 
1187.59 1.01183e-06 
1187.6 1.01123e-06 
1187.61 1.01124e-06 
1187.62 1.01064e-06 
1187.63 1.01003e-06 
1187.64 1.00942e-06 
1187.65 1.00881e-06 
1187.66 1.00821e-06 
1187.66 1.0076e-06 
1187.67 1.00699e-06 
1187.68 1.00639e-06 
1187.69 1.00578e-06 
1187.7 1.00517e-06 
1187.71 1.00457e-06 
1187.72 1.00396e-06 
1187.73 1.00336e-06 
1187.74 1.00275e-06 
1187.75 1.00215e-06 
1187.76 1.00154e-06 
1187.77 1.00094e-06 
1187.78 1.00034e-06 
1187.79 9.99734e-07 
1187.8 9.99131e-07 
1187.81 9.98527e-07 
1187.82 9.97925e-07 
1187.83 9.97323e-07 
1187.84 9.9672e-07 
1187.85 9.96119e-07 
1187.86 9.95518e-07 
1187.87 9.94916e-07 
1187.88 9.94314e-07 
1187.89 9.93713e-07 
1187.9 9.93113e-07 
1187.91 9.92513e-07 
1187.92 9.91912e-07 
1187.93 9.91313e-07 
1187.94 9.90713e-07 
1187.95 9.90115e-07 
1187.96 9.89516e-07 
1187.97 9.88917e-07 
1187.98 9.88318e-07 
1187.99 9.8772e-07 
1188 9.87122e-07 
1188.01 9.86524e-07 
1188.02 9.85926e-07 
1188.03 9.85329e-07 
1188.04 9.84733e-07 
1188.05 9.84136e-07 
1188.06 9.8354e-07 
1188.07 9.82943e-07 
1188.08 9.82346e-07 
1188.09 9.81752e-07 
1188.09 9.81156e-07 
1188.1 9.80561e-07 
1188.11 9.79966e-07 
1188.12 9.79373e-07 
1188.13 9.78779e-07 
1188.14 9.78183e-07 
1188.15 9.77589e-07 
1188.16 9.76995e-07 
1188.17 9.76403e-07 
1188.18 9.7581e-07 
1188.19 9.75216e-07 
1188.2 9.74624e-07 
1188.21 9.74031e-07 
1188.22 9.73439e-07 
1188.23 9.72846e-07 
1188.24 9.72256e-07 
1188.25 9.71664e-07 
1188.26 9.71073e-07 
1188.27 9.70483e-07 
1188.28 9.69892e-07 
1188.29 9.69303e-07 
1188.3 9.68712e-07 
1188.31 9.68121e-07 
1188.32 9.67532e-07 
1188.33 9.66942e-07 
1188.34 9.66353e-07 
1188.35 9.65765e-07 
1188.36 9.65176e-07 
1188.37 9.64588e-07 
1188.38 9.64e-07 
1188.39 9.63412e-07 
1188.4 9.62824e-07 
1188.41 9.62237e-07 
1188.42 9.6165e-07 
1188.43 9.61063e-07 
1188.44 9.60476e-07 
1188.45 9.59889e-07 
1188.46 9.59303e-07 
1188.47 9.58717e-07 
1188.48 9.58131e-07 
1188.49 9.57546e-07 
1188.5 9.56961e-07 
1188.51 9.56376e-07 
1188.52 9.5579e-07 
1188.52 9.55206e-07 
1188.53 9.54621e-07 
1188.54 9.54037e-07 
1188.55 9.53454e-07 
1188.56 9.5287e-07 
1188.57 9.52287e-07 
1188.58 9.51703e-07 
1188.59 9.5112e-07 
1188.6 9.51128e-07 
1188.61 9.50545e-07 
1188.62 9.49962e-07 
1188.63 9.4938e-07 
1188.64 9.48796e-07 
1188.65 9.48215e-07 
1188.66 9.47635e-07 
1188.67 9.47052e-07 
1188.68 9.46472e-07 
1188.69 9.45891e-07 
1188.7 9.45309e-07 
1188.71 9.44728e-07 
1188.72 9.44149e-07 
1188.73 9.43568e-07 
1188.74 9.42989e-07 
1188.75 9.42409e-07 
1188.76 9.41829e-07 
1188.77 9.41251e-07 
1188.78 9.40672e-07 
1188.79 9.40093e-07 
1188.8 9.39514e-07 
1188.81 9.38936e-07 
1188.82 9.38358e-07 
1188.83 9.37779e-07 
1188.84 9.37202e-07 
1188.85 9.36625e-07 
1188.86 9.36047e-07 
1188.87 9.3547e-07 
1188.88 9.34894e-07 
1188.89 9.34317e-07 
1188.9 9.3374e-07 
1188.91 9.33165e-07 
1188.92 9.32589e-07 
1188.93 9.32013e-07 
1188.94 9.31437e-07 
1188.94 9.30862e-07 
1188.95 9.30286e-07 
1188.96 9.29711e-07 
1188.97 9.29138e-07 
1188.98 9.28562e-07 
1188.99 9.27988e-07 
1189 9.27414e-07 
1189.01 9.2684e-07 
1189.02 9.26267e-07 
1189.03 9.25693e-07 
1189.04 9.2512e-07 
1189.05 9.24547e-07 
1189.06 9.23973e-07 
1189.07 9.23401e-07 
1189.08 9.22829e-07 
1189.09 9.22257e-07 
1189.1 9.21684e-07 
1189.11 9.21113e-07 
1189.12 9.20541e-07 
1189.13 9.19969e-07 
1189.14 9.19397e-07 
1189.15 9.18826e-07 
1189.16 9.18255e-07 
1189.17 9.17685e-07 
1189.18 9.17115e-07 
1189.19 9.16544e-07 
1189.2 9.15974e-07 
1189.21 9.15404e-07 
1189.22 9.14834e-07 
1189.23 9.14264e-07 
1189.24 9.13695e-07 
1189.25 9.13126e-07 
1189.26 9.12556e-07 
1189.27 9.11987e-07 
1189.28 9.11419e-07 
1189.29 9.10851e-07 
1189.3 9.10282e-07 
1189.31 9.09714e-07 
1189.32 9.09145e-07 
1189.33 9.08578e-07 
1189.34 9.0801e-07 
1189.35 9.07442e-07 
1189.36 9.06876e-07 
1189.36 9.06308e-07 
1189.37 9.05742e-07 
1189.38 9.05176e-07 
1189.39 9.04608e-07 
1189.4 9.04042e-07 
1189.41 9.03476e-07 
1189.42 9.02909e-07 
1189.43 9.02344e-07 
1189.44 9.01777e-07 
1189.45 9.01212e-07 
1189.46 9.00646e-07 
1189.47 9.00081e-07 
1189.48 8.99516e-07 
1189.49 8.9895e-07 
1189.5 8.98386e-07 
1189.51 8.9782e-07 
1189.52 8.97256e-07 
1189.53 8.96692e-07 
1189.54 8.96127e-07 
1189.55 8.95564e-07 
1189.56 8.94999e-07 
1189.57 8.94436e-07 
1189.58 8.93872e-07 
1189.59 8.93308e-07 
1189.6 8.92746e-07 
1189.61 8.92734e-07 
1189.62 8.92172e-07 
1189.63 8.91608e-07 
1189.64 8.91044e-07 
1189.65 8.90481e-07 
1189.66 8.89919e-07 
1189.67 8.89357e-07 
1189.68 8.88793e-07 
1189.69 8.88231e-07 
1189.7 8.87669e-07 
1189.71 8.87106e-07 
1189.72 8.86545e-07 
1189.73 8.85982e-07 
1189.74 8.85421e-07 
1189.75 8.84859e-07 
1189.76 8.84297e-07 
1189.77 8.83735e-07 
1189.78 8.83174e-07 
1189.79 8.82613e-07 
1189.79 8.82052e-07 
1189.8 8.81491e-07 
1189.81 8.8093e-07 
1189.82 8.8037e-07 
1189.83 8.79809e-07 
1189.84 8.79249e-07 
1189.85 8.78688e-07 
1189.86 8.78127e-07 
1189.87 8.77569e-07 
1189.88 8.77007e-07 
1189.89 8.76448e-07 
1189.9 8.75888e-07 
1189.91 8.75329e-07 
1189.92 8.74768e-07 
1189.93 8.74208e-07 
1189.94 8.73649e-07 
1189.95 8.73089e-07 
1189.96 8.72531e-07 
1189.97 8.71971e-07 
1189.98 8.71412e-07 
1189.99 8.70852e-07 
1190 8.70294e-07 
1190.01 8.69735e-07 
1190.02 8.69176e-07 
1190.03 8.68618e-07 
1190.04 8.68059e-07 
1190.05 8.675e-07 
1190.06 8.66941e-07 
1190.07 8.66384e-07 
1190.08 8.65825e-07 
1190.09 8.65267e-07 
1190.1 8.64709e-07 
1190.11 8.64152e-07 
1190.12 8.63593e-07 
1190.13 8.63035e-07 
1190.14 8.62478e-07 
1190.15 8.6192e-07 
1190.16 8.61361e-07 
1190.17 8.60803e-07 
1190.18 8.60246e-07 
1190.19 8.59688e-07 
1190.2 8.59131e-07 
1190.21 8.58573e-07 
1190.21 8.58017e-07 
1190.22 8.57459e-07 
1190.23 8.56902e-07 
1190.24 8.56345e-07 
1190.25 8.55787e-07 
1190.26 8.5523e-07 
1190.27 8.54672e-07 
1190.28 8.54116e-07 
1190.29 8.53559e-07 
1190.3 8.53002e-07 
1190.31 8.52445e-07 
1190.32 8.51888e-07 
1190.33 8.51331e-07 
1190.34 8.50774e-07 
1190.35 8.50217e-07 
1190.36 8.49662e-07 
1190.37 8.49104e-07 
1190.38 8.48547e-07 
1190.39 8.47991e-07 
1190.4 8.47434e-07 
1190.41 8.46877e-07 
1190.42 8.4632e-07 
1190.43 8.45764e-07 
1190.44 8.45207e-07 
1190.45 8.44651e-07 
1190.46 8.44094e-07 
1190.47 8.43538e-07 
1190.48 8.4298e-07 
1190.49 8.42423e-07 
1190.5 8.41867e-07 
1190.51 8.4131e-07 
1190.52 8.40753e-07 
1190.53 8.40197e-07 
1190.54 8.3964e-07 
1190.55 8.39084e-07 
1190.56 8.38527e-07 
1190.57 8.37971e-07 
1190.58 8.37413e-07 
1190.59 8.36856e-07 
1190.6 8.363e-07 
1190.61 8.36261e-07 
1190.62 8.35703e-07 
1190.63 8.35146e-07 
1190.64 8.3459e-07 
1190.64 8.34032e-07 
1190.65 8.33474e-07 
1190.66 8.32918e-07 
1190.67 8.32359e-07 
1190.68 8.31802e-07 
1190.69 8.31245e-07 
1190.7 8.30688e-07 
1190.71 8.3013e-07 
1190.72 8.29573e-07 
1190.73 8.29015e-07 
1190.74 8.28457e-07 
1190.75 8.279e-07 
1190.76 8.27342e-07 
1190.77 8.26784e-07 
1190.78 8.26225e-07 
1190.79 8.25669e-07 
1190.8 8.25111e-07 
1190.81 8.24552e-07 
1190.82 8.23994e-07 
1190.83 8.23436e-07 
1190.84 8.22878e-07 
1190.85 8.22319e-07 
1190.86 8.21761e-07 
1190.87 8.21202e-07 
1190.88 8.20644e-07 
1190.89 8.20085e-07 
1190.9 8.19526e-07 
1190.91 8.18967e-07 
1190.92 8.18408e-07 
1190.93 8.17849e-07 
1190.94 8.1729e-07 
1190.95 8.16732e-07 
1190.96 8.16171e-07 
1190.97 8.15612e-07 
1190.98 8.15053e-07 
1190.99 8.14493e-07 
1191 8.13933e-07 
1191.01 8.13374e-07 
1191.02 8.12812e-07 
1191.03 8.12254e-07 
1191.04 8.11693e-07 
1191.05 8.11132e-07 
1191.06 8.10572e-07 
1191.07 8.10012e-07 
1191.07 8.09451e-07 
1191.08 8.08889e-07 
1191.09 8.08329e-07 
1191.1 8.07767e-07 
1191.11 8.07206e-07 
1191.12 8.06645e-07 
1191.13 8.06083e-07 
1191.14 8.05521e-07 
1191.15 8.0496e-07 
1191.16 8.04398e-07 
1191.17 8.03835e-07 
1191.18 8.03273e-07 
1191.19 8.0271e-07 
1191.2 8.02148e-07 
1191.21 8.01585e-07 
1191.22 8.01021e-07 
1191.23 8.00459e-07 
1191.24 7.99896e-07 
1191.25 7.99333e-07 
1191.26 7.98769e-07 
1191.27 7.98204e-07 
1191.28 7.97641e-07 
1191.29 7.97076e-07 
1191.3 7.96512e-07 
1191.31 7.95948e-07 
1191.32 7.95382e-07 
1191.33 7.94817e-07 
1191.34 7.94252e-07 
1191.35 7.93686e-07 
1191.36 7.93121e-07 
1191.37 7.92555e-07 
1191.38 7.91988e-07 
1191.39 7.91422e-07 
1191.4 7.90856e-07 
1191.41 7.9029e-07 
1191.42 7.89722e-07 
1191.43 7.89155e-07 
1191.44 7.88588e-07 
1191.45 7.88021e-07 
1191.46 7.87453e-07 
1191.47 7.86884e-07 
1191.48 7.86316e-07 
1191.49 7.85748e-07 
1191.49 7.85179e-07 
1191.5 7.84609e-07 
1191.51 7.84041e-07 
1191.52 7.83471e-07 
1191.53 7.82901e-07 
1191.54 7.82331e-07 
1191.55 7.81761e-07 
1191.56 7.8119e-07 
1191.57 7.80619e-07 
1191.58 7.80049e-07 
1191.59 7.79477e-07 
1191.6 7.79387e-07 
1191.61 7.78815e-07 
1191.62 7.78243e-07 
1191.63 7.7767e-07 
1191.64 7.77097e-07 
1191.65 7.76523e-07 
1191.66 7.7595e-07 
1191.67 7.75376e-07 
1191.68 7.74801e-07 
1191.69 7.74227e-07 
1191.7 7.73652e-07 
1191.71 7.73076e-07 
1191.72 7.72501e-07 
1191.73 7.71925e-07 
1191.74 7.71349e-07 
1191.75 7.70773e-07 
1191.76 7.70196e-07 
1191.77 7.6962e-07 
1191.78 7.69042e-07 
1191.79 7.68464e-07 
1191.8 7.67886e-07 
1191.81 7.67307e-07 
1191.82 7.66729e-07 
1191.83 7.6615e-07 
1191.84 7.65571e-07 
1191.85 7.6499e-07 
1191.86 7.6441e-07 
1191.87 7.6383e-07 
1191.88 7.63249e-07 
1191.89 7.62668e-07 
1191.9 7.62087e-07 
1191.91 7.61505e-07 
1191.92 7.60923e-07 
1191.92 7.6034e-07 
1191.93 7.59757e-07 
1191.94 7.59174e-07 
1191.95 7.5859e-07 
1191.96 7.58006e-07 
1191.97 7.57421e-07 
1191.98 7.56837e-07 
1191.99 7.56251e-07 
1192 7.55666e-07 
1192.01 7.5508e-07 
1192.02 7.54493e-07 
1192.03 7.53907e-07 
1192.04 7.5332e-07 
1192.05 7.52732e-07 
1192.06 7.52144e-07 
1192.07 7.51555e-07 
1192.08 7.50967e-07 
1192.09 7.50377e-07 
1192.1 7.49788e-07 
1192.11 7.49197e-07 
1192.12 7.48607e-07 
1192.13 7.48016e-07 
1192.14 7.47425e-07 
1192.15 7.46834e-07 
1192.16 7.46241e-07 
1192.17 7.45648e-07 
1192.18 7.45055e-07 
1192.19 7.44462e-07 
1192.2 7.43868e-07 
1192.21 7.43274e-07 
1192.22 7.42679e-07 
1192.23 7.42084e-07 
1192.24 7.41488e-07 
1192.25 7.40892e-07 
1192.26 7.40295e-07 
1192.27 7.39699e-07 
1192.28 7.39101e-07 
1192.29 7.38502e-07 
1192.3 7.37904e-07 
1192.31 7.37306e-07 
1192.32 7.36706e-07 
1192.33 7.36107e-07 
1192.34 7.35507e-07 
1192.34 7.34906e-07 
1192.35 7.34305e-07 
1192.36 7.33703e-07 
1192.37 7.33102e-07 
1192.38 7.32499e-07 
1192.39 7.31896e-07 
1192.4 7.31292e-07 
1192.41 7.30689e-07 
1192.42 7.30085e-07 
1192.43 7.2948e-07 
1192.44 7.28875e-07 
1192.45 7.28269e-07 
1192.46 7.27664e-07 
1192.47 7.27057e-07 
1192.48 7.2645e-07 
1192.49 7.25843e-07 
1192.5 7.25236e-07 
1192.51 7.24627e-07 
1192.52 7.24018e-07 
1192.53 7.23409e-07 
1192.54 7.228e-07 
1192.55 7.22191e-07 
1192.56 7.21581e-07 
1192.57 7.2097e-07 
1192.58 7.20358e-07 
1192.59 7.19747e-07 
1192.6 7.19136e-07 
1192.61 7.18968e-07 
1192.62 7.18354e-07 
1192.63 7.17741e-07 
1192.64 7.17128e-07 
1192.65 7.16514e-07 
1192.66 7.159e-07 
1192.67 7.15286e-07 
1192.68 7.14671e-07 
1192.69 7.14055e-07 
1192.7 7.13441e-07 
1192.71 7.12825e-07 
1192.72 7.1221e-07 
1192.73 7.11593e-07 
1192.74 7.10977e-07 
1192.75 7.10362e-07 
1192.76 7.09746e-07 
1192.77 7.09128e-07 
1192.77 7.08512e-07 
1192.78 7.07895e-07 
1192.79 7.07279e-07 
1192.8 7.06662e-07 
1192.81 7.06045e-07 
1192.82 7.05429e-07 
1192.83 7.04812e-07 
1192.84 7.04196e-07 
1192.85 7.03579e-07 
1192.86 7.02963e-07 
1192.87 7.02347e-07 
1192.88 7.01732e-07 
1192.89 7.01117e-07 
1192.9 7.00501e-07 
1192.91 6.99887e-07 
1192.92 6.99273e-07 
1192.93 6.9866e-07 
1192.94 6.98046e-07 
1192.95 6.97434e-07 
1192.96 6.96822e-07 
1192.97 6.96211e-07 
1192.98 6.95602e-07 
1192.99 6.94993e-07 
1193 6.94384e-07 
1193.01 6.93777e-07 
1193.02 6.93171e-07 
1193.03 6.92566e-07 
1193.04 6.91962e-07 
1193.05 6.9136e-07 
1193.06 6.90759e-07 
1193.07 6.9016e-07 
1193.08 6.89562e-07 
1193.09 6.88966e-07 
1193.1 6.88373e-07 
1193.11 6.87781e-07 
1193.12 6.87191e-07 
1193.13 6.86603e-07 
1193.14 6.86018e-07 
1193.15 6.85435e-07 
1193.16 6.84855e-07 
1193.17 6.84277e-07 
1193.18 6.83703e-07 
1193.19 6.83131e-07 
1193.19 6.82563e-07 
1193.2 6.81998e-07 
1193.21 6.81436e-07 
1193.22 6.80881e-07 
1193.23 6.80327e-07 
1193.24 6.79778e-07 
1193.25 6.79233e-07 
1193.26 6.78692e-07 
1193.27 6.78157e-07 
1193.28 6.77625e-07 
1193.29 6.771e-07 
1193.3 6.7658e-07 
1193.31 6.76066e-07 
1193.32 6.75557e-07 
1193.33 6.75055e-07 
1193.34 6.74559e-07 
1193.35 6.7407e-07 
1193.36 6.73588e-07 
1193.37 6.73114e-07 
1193.38 6.72648e-07 
1193.39 6.72189e-07 
1193.4 6.71738e-07 
1193.41 6.71296e-07 
1193.42 6.70864e-07 
1193.43 6.7044e-07 
1193.44 6.70027e-07 
1193.45 6.69623e-07 
1193.46 6.6923e-07 
1193.47 6.68848e-07 
1193.48 6.68482e-07 
1193.49 6.68123e-07 
1193.5 6.67778e-07 
1193.51 6.67444e-07 
1193.52 6.67124e-07 
1193.53 6.66817e-07 
1193.54 6.66524e-07 
1193.55 6.66246e-07 
1193.56 6.65984e-07 
1193.57 6.65737e-07 
1193.58 6.65506e-07 
1193.59 6.65293e-07 
1193.6 6.65097e-07 
1193.61 6.6533e-07 
1193.62 6.6517e-07 
1193.62 6.6503e-07 
1193.63 6.6491e-07 
1193.64 6.64811e-07 
1193.65 6.64733e-07 
1193.66 6.64677e-07 
1193.67 6.64643e-07 
1193.68 6.64633e-07 
1193.69 6.64648e-07 
1193.7 6.64688e-07 
1193.71 6.64753e-07 
1193.72 6.64844e-07 
1193.73 6.64973e-07 
1193.74 6.65121e-07 
1193.75 6.65297e-07 
1193.76 6.65503e-07 
1193.77 6.6574e-07 
1193.78 6.66009e-07 
1193.79 6.6631e-07 
1193.8 6.66645e-07 
1193.81 6.67014e-07 
1193.82 6.67418e-07 
1193.83 6.67859e-07 
1193.84 6.68337e-07 
1193.85 6.68854e-07 
1193.86 6.6941e-07 
1193.87 6.70006e-07 
1193.88 6.70644e-07 
1193.89 6.71324e-07 
1193.9 6.72049e-07 
1193.91 6.72817e-07 
1193.92 6.73631e-07 
1193.93 6.74493e-07 
1193.94 6.75402e-07 
1193.95 6.76361e-07 
1193.96 6.77371e-07 
1193.97 6.78431e-07 
1193.98 6.79569e-07 
1193.99 6.80738e-07 
1194 6.81961e-07 
1194.01 6.83242e-07 
1194.02 6.8458e-07 
1194.03 6.85978e-07 
1194.04 6.87435e-07 
1194.05 6.88954e-07 
1194.05 6.90536e-07 
1194.06 6.92183e-07 
1194.07 6.93894e-07 
1194.08 6.95673e-07 
1194.09 6.97519e-07 
1194.1 6.99435e-07 
1194.11 7.01421e-07 
1194.12 7.03479e-07 
1194.13 7.05612e-07 
1194.14 7.07818e-07 
1194.15 7.101e-07 
1194.16 7.1246e-07 
1194.17 7.14899e-07 
1194.18 7.17417e-07 
1194.19 7.20016e-07 
1194.2 7.22698e-07 
1194.21 7.25465e-07 
1194.22 7.28315e-07 
1194.23 7.313e-07 
1194.24 7.34326e-07 
1194.25 7.37441e-07 
1194.26 7.40646e-07 
1194.27 7.43943e-07 
1194.28 7.47333e-07 
1194.29 7.50816e-07 
1194.3 7.54394e-07 
1194.31 7.58069e-07 
1194.32 7.61841e-07 
1194.33 7.65711e-07 
1194.34 7.69681e-07 
1194.35 7.73751e-07 
1194.36 7.77924e-07 
1194.37 7.82199e-07 
1194.38 7.86577e-07 
1194.39 7.91061e-07 
1194.4 7.9565e-07 
1194.41 8.00345e-07 
1194.42 8.05148e-07 
1194.43 8.10058e-07 
1194.44 8.15077e-07 
1194.45 8.20206e-07 
1194.46 8.25446e-07 
1194.47 8.30795e-07 
1194.47 8.36337e-07 
1194.48 8.41911e-07 
1194.49 8.47598e-07 
1194.5 8.53398e-07 
1194.51 8.59312e-07 
1194.52 8.65339e-07 
1194.53 8.71481e-07 
1194.54 8.77736e-07 
1194.55 8.84106e-07 
1194.56 8.9059e-07 
1194.57 8.97189e-07 
1194.58 9.03902e-07 
1194.59 9.1073e-07 
1194.6 9.17671e-07 
1194.61 9.25298e-07 
1194.62 9.32471e-07 
1194.63 9.39759e-07 
1194.64 9.47158e-07 
1194.65 9.5467e-07 
1194.66 9.62295e-07 
1194.67 9.7003e-07 
1194.68 9.77875e-07 
1194.69 9.8583e-07 
1194.7 9.93893e-07 
1194.71 1.00206e-06 
1194.72 1.01034e-06 
1194.73 1.01884e-06 
1194.74 1.02733e-06 
1194.75 1.03592e-06 
1194.76 1.04461e-06 
1194.77 1.0534e-06 
1194.78 1.06229e-06 
1194.79 1.07128e-06 
1194.8 1.08036e-06 
1194.81 1.08954e-06 
1194.82 1.09881e-06 
1194.83 1.10816e-06 
1194.84 1.1176e-06 
1194.85 1.12713e-06 
1194.86 1.13674e-06 
1194.87 1.14643e-06 
1194.88 1.15619e-06 
1194.89 1.16604e-06 
1194.9 1.17595e-06 
1194.9 1.18594e-06 
1194.91 1.19599e-06 
1194.92 1.2061e-06 
1194.93 1.21628e-06 
1194.94 1.22651e-06 
1194.95 1.2368e-06 
1194.96 1.24714e-06 
1194.97 1.25752e-06 
1194.98 1.2681e-06 
1194.99 1.27857e-06 
1195 1.28908e-06 
1195.01 1.29963e-06 
1195.02 1.3102e-06 
1195.03 1.32081e-06 
1195.04 1.33143e-06 
1195.05 1.34207e-06 
1195.06 1.35273e-06 
1195.07 1.3634e-06 
1195.08 1.37407e-06 
1195.09 1.38475e-06 
1195.1 1.39543e-06 
1195.11 1.40609e-06 
1195.12 1.41675e-06 
1195.13 1.4274e-06 
1195.14 1.43802e-06 
1195.15 1.44862e-06 
1195.16 1.45919e-06 
1195.17 1.46972e-06 
1195.18 1.48022e-06 
1195.19 1.49068e-06 
1195.2 1.50109e-06 
1195.21 1.51145e-06 
1195.22 1.52175e-06 
1195.23 1.53212e-06 
1195.24 1.54229e-06 
1195.25 1.5524e-06 
1195.26 1.56242e-06 
1195.27 1.57237e-06 
1195.28 1.58222e-06 
1195.29 1.59199e-06 
1195.3 1.60166e-06 
1195.31 1.61123e-06 
1195.32 1.6207e-06 
1195.32 1.63006e-06 
1195.33 1.6393e-06 
1195.34 1.64842e-06 
1195.35 1.65742e-06 
1195.36 1.66629e-06 
1195.37 1.67503e-06 
1195.38 1.68362e-06 
1195.39 1.69208e-06 
1195.4 1.70039e-06 
1195.41 1.70854e-06 
1195.42 1.71654e-06 
1195.43 1.72438e-06 
1195.44 1.73206e-06 
1195.45 1.73956e-06 
1195.46 1.74689e-06 
1195.47 1.75404e-06 
1195.48 1.76111e-06 
1195.49 1.76789e-06 
1195.5 1.77448e-06 
1195.51 1.78088e-06 
1195.52 1.78708e-06 
1195.53 1.79308e-06 
1195.54 1.79888e-06 
1195.55 1.80446e-06 
1195.56 1.80984e-06 
1195.57 1.815e-06 
1195.58 1.81994e-06 
1195.59 1.82466e-06 
1195.6 1.82915e-06 
1195.61 1.83456e-06 
1195.62 1.8386e-06 
1195.63 1.84241e-06 
1195.64 1.84599e-06 
1195.65 1.84932e-06 
1195.66 1.85242e-06 
1195.67 1.85528e-06 
1195.68 1.8579e-06 
1195.69 1.86026e-06 
1195.7 1.86239e-06 
1195.71 1.86426e-06 
1195.72 1.86588e-06 
1195.73 1.86728e-06 
1195.74 1.86839e-06 
1195.75 1.86926e-06 
1195.75 1.86986e-06 
1195.76 1.87021e-06 
1195.77 1.87031e-06 
1195.78 1.87015e-06 
1195.79 1.86973e-06 
1195.8 1.86906e-06 
1195.81 1.86813e-06 
1195.82 1.86695e-06 
1195.83 1.8655e-06 
1195.84 1.86381e-06 
1195.85 1.86185e-06 
1195.86 1.85964e-06 
1195.87 1.85718e-06 
1195.88 1.85446e-06 
1195.89 1.8515e-06 
1195.9 1.84828e-06 
1195.91 1.84481e-06 
1195.92 1.8411e-06 
1195.93 1.83714e-06 
1195.94 1.83293e-06 
1195.95 1.82849e-06 
1195.96 1.8238e-06 
1195.97 1.81888e-06 
1195.98 1.81366e-06 
1195.99 1.80827e-06 
1196 1.80264e-06 
1196.01 1.79679e-06 
1196.02 1.79071e-06 
1196.03 1.78441e-06 
1196.04 1.77789e-06 
1196.05 1.77116e-06 
1196.06 1.76421e-06 
1196.07 1.75706e-06 
1196.08 1.74969e-06 
1196.09 1.74213e-06 
1196.1 1.73437e-06 
1196.11 1.72641e-06 
1196.12 1.71827e-06 
1196.13 1.70993e-06 
1196.14 1.70142e-06 
1196.15 1.69272e-06 
1196.16 1.68385e-06 
1196.17 1.67482e-06 
1196.17 1.66561e-06 
1196.18 1.65625e-06 
1196.19 1.64672e-06 
1196.2 1.63705e-06 
1196.21 1.62723e-06 
1196.22 1.61715e-06 
1196.23 1.60704e-06 
1196.24 1.5968e-06 
1196.25 1.58644e-06 
1196.26 1.57595e-06 
1196.27 1.56534e-06 
1196.28 1.55461e-06 
1196.29 1.54378e-06 
1196.3 1.53285e-06 
1196.31 1.52181e-06 
1196.32 1.51068e-06 
1196.33 1.49947e-06 
1196.34 1.48816e-06 
1196.35 1.47679e-06 
1196.36 1.46533e-06 
1196.37 1.45381e-06 
1196.38 1.44223e-06 
1196.39 1.43058e-06 
1196.4 1.41889e-06 
1196.41 1.40714e-06 
1196.42 1.39536e-06 
1196.43 1.38353e-06 
1196.44 1.37168e-06 
1196.45 1.35979e-06 
1196.46 1.34789e-06 
1196.47 1.33596e-06 
1196.48 1.32389e-06 
1196.49 1.31194e-06 
1196.5 1.3e-06 
1196.51 1.28806e-06 
1196.52 1.27612e-06 
1196.53 1.2642e-06 
1196.54 1.2523e-06 
1196.55 1.24042e-06 
1196.56 1.22857e-06 
1196.57 1.21675e-06 
1196.58 1.20497e-06 
1196.59 1.19323e-06 
1196.6 1.18153e-06 
1196.6 1.17061e-06 
1196.61 1.15902e-06 
1196.62 1.14749e-06 
1196.63 1.13603e-06 
1196.64 1.12464e-06 
1196.65 1.11332e-06 
1196.66 1.10208e-06 
1196.67 1.09093e-06 
1196.68 1.07986e-06 
1196.69 1.06889e-06 
1196.7 1.05802e-06 
1196.71 1.04725e-06 
1196.72 1.03659e-06 
1196.73 1.02592e-06 
1196.74 1.01549e-06 
1196.75 1.00517e-06 
1196.76 9.94988e-07 
1196.77 9.84931e-07 
1196.78 9.75007e-07 
1196.79 9.65222e-07 
1196.8 9.5558e-07 
1196.81 9.46083e-07 
1196.82 9.36739e-07 
1196.83 9.2755e-07 
1196.84 9.1852e-07 
1196.85 9.09656e-07 
1196.86 9.00959e-07 
1196.87 8.92435e-07 
1196.88 8.84088e-07 
1196.89 8.75923e-07 
1196.9 8.67942e-07 
1196.91 8.60152e-07 
1196.92 8.52556e-07 
1196.93 8.45158e-07 
1196.94 8.37963e-07 
1196.95 8.30974e-07 
1196.96 8.24197e-07 
1196.97 8.17636e-07 
1196.98 8.11223e-07 
1196.99 8.05108e-07 
1197 7.99221e-07 
1197.01 7.93566e-07 
1197.02 7.88147e-07 
1197.03 7.8297e-07 
1197.03 7.78037e-07 
1197.04 7.73353e-07 
1197.05 7.68923e-07 
1197.06 7.6475e-07 
1197.07 7.60838e-07 
1197.08 7.57192e-07 
1197.09 7.53815e-07 
1197.1 7.50712e-07 
1197.11 7.47887e-07 
1197.12 7.45343e-07 
1197.13 7.43085e-07 
1197.14 7.41115e-07 
1197.15 7.39438e-07 
1197.16 7.38058e-07 
1197.17 7.36978e-07 
1197.18 7.36202e-07 
1197.19 7.35731e-07 
1197.2 7.35572e-07 
1197.21 7.35727e-07 
1197.22 7.36198e-07 
1197.23 7.37009e-07 
1197.24 7.38126e-07 
1197.25 7.39569e-07 
1197.26 7.4134e-07 
1197.27 7.43441e-07 
1197.28 7.45875e-07 
1197.29 7.48643e-07 
1197.3 7.51748e-07 
1197.31 7.55191e-07 
1197.32 7.58974e-07 
1197.33 7.63098e-07 
1197.34 7.67565e-07 
1197.35 7.72375e-07 
1197.36 7.77528e-07 
1197.37 7.83026e-07 
1197.38 7.88868e-07 
1197.39 7.95054e-07 
1197.4 8.01584e-07 
1197.41 8.08456e-07 
1197.42 8.1567e-07 
1197.43 8.23225e-07 
1197.44 8.3112e-07 
1197.45 8.3935e-07 
1197.45 8.47915e-07 
1197.46 8.56812e-07 
1197.47 8.66038e-07 
1197.48 8.75719e-07 
1197.49 8.85596e-07 
1197.5 8.9579e-07 
1197.51 9.06298e-07 
1197.52 9.17112e-07 
1197.53 9.2823e-07 
1197.54 9.39645e-07 
1197.55 9.51351e-07 
1197.56 9.63341e-07 
1197.57 9.75609e-07 
1197.58 9.88147e-07 
1197.59 1.00095e-06 
1197.6 1.014e-06 
1197.61 1.02793e-06 
1197.62 1.04148e-06 
1197.63 1.05525e-06 
1197.64 1.06924e-06 
1197.65 1.08344e-06 
1197.66 1.09783e-06 
1197.67 1.11242e-06 
1197.68 1.12717e-06 
1197.69 1.14209e-06 
1197.7 1.15716e-06 
1197.71 1.17236e-06 
1197.72 1.1877e-06 
1197.73 1.20334e-06 
1197.74 1.21889e-06 
1197.75 1.23452e-06 
1197.76 1.25022e-06 
1197.77 1.26597e-06 
1197.78 1.28177e-06 
1197.79 1.2976e-06 
1197.8 1.31343e-06 
1197.81 1.32926e-06 
1197.82 1.34508e-06 
1197.83 1.36085e-06 
1197.84 1.37658e-06 
1197.85 1.39224e-06 
1197.86 1.40782e-06 
1197.87 1.4233e-06 
1197.88 1.43866e-06 
1197.88 1.45389e-06 
1197.89 1.46897e-06 
1197.9 1.48389e-06 
1197.91 1.49863e-06 
1197.92 1.51317e-06 
1197.93 1.52749e-06 
1197.94 1.54159e-06 
1197.95 1.55544e-06 
1197.96 1.56904e-06 
1197.97 1.58235e-06 
1197.98 1.59554e-06 
1197.99 1.60826e-06 
1198 1.62065e-06 
1198.01 1.6327e-06 
1198.02 1.64441e-06 
1198.03 1.65575e-06 
1198.04 1.66671e-06 
1198.05 1.67728e-06 
1198.06 1.68745e-06 
1198.07 1.6972e-06 
1198.08 1.70653e-06 
1198.09 1.71542e-06 
1198.1 1.72385e-06 
1198.11 1.73183e-06 
1198.12 1.73934e-06 
1198.13 1.74637e-06 
1198.14 1.75291e-06 
1198.15 1.75896e-06 
1198.16 1.76451e-06 
1198.17 1.76955e-06 
1198.18 1.77407e-06 
1198.19 1.77807e-06 
1198.2 1.78155e-06 
1198.21 1.7845e-06 
1198.22 1.78692e-06 
1198.23 1.78883e-06 
1198.24 1.79018e-06 
1198.25 1.79098e-06 
1198.26 1.79125e-06 
1198.27 1.79097e-06 
1198.28 1.79017e-06 
1198.29 1.78882e-06 
1198.3 1.78694e-06 
1198.3 1.78454e-06 
1198.31 1.78161e-06 
1198.32 1.77815e-06 
1198.33 1.77418e-06 
1198.34 1.7697e-06 
1198.35 1.76471e-06 
1198.36 1.75923e-06 
1198.37 1.75326e-06 
1198.38 1.7468e-06 
1198.39 1.73988e-06 
1198.4 1.73249e-06 
1198.41 1.72464e-06 
1198.42 1.71636e-06 
1198.43 1.70764e-06 
1198.44 1.69851e-06 
1198.45 1.68897e-06 
1198.46 1.67903e-06 
1198.47 1.66871e-06 
1198.48 1.65789e-06 
1198.49 1.64685e-06 
1198.5 1.63546e-06 
1198.51 1.62375e-06 
1198.52 1.61173e-06 
1198.53 1.59941e-06 
1198.54 1.58681e-06 
1198.55 1.57394e-06 
1198.56 1.56083e-06 
1198.57 1.54748e-06 
1198.58 1.53392e-06 
1198.59 1.52015e-06 
1198.6 1.5062e-06 
1198.61 1.493e-06 
1198.62 1.47873e-06 
1198.63 1.46431e-06 
1198.64 1.44978e-06 
1198.65 1.43514e-06 
1198.66 1.42041e-06 
1198.67 1.40562e-06 
1198.68 1.39077e-06 
1198.69 1.37588e-06 
1198.7 1.36096e-06 
1198.71 1.34604e-06 
1198.72 1.33113e-06 
1198.73 1.31606e-06 
1198.73 1.3012e-06 
1198.74 1.2864e-06 
1198.75 1.27166e-06 
1198.76 1.25701e-06 
1198.77 1.24244e-06 
1198.78 1.22798e-06 
1198.79 1.21364e-06 
1198.8 1.19943e-06 
1198.81 1.18536e-06 
1198.82 1.17145e-06 
1198.83 1.1577e-06 
1198.84 1.14413e-06 
1198.85 1.13074e-06 
1198.86 1.11755e-06 
1198.87 1.10456e-06 
1198.88 1.09179e-06 
1198.89 1.07924e-06 
1198.9 1.06692e-06 
1198.91 1.05484e-06 
1198.92 1.043e-06 
1198.93 1.03141e-06 
1198.94 1.02008e-06 
1198.95 1.00901e-06 
1198.96 9.98211e-07 
1198.97 9.8768e-07 
1198.98 9.77307e-07 
1198.99 9.67333e-07 
1199 9.57641e-07 
1199.01 9.48233e-07 
1199.02 9.39113e-07 
1199.03 9.3028e-07 
1199.04 9.21736e-07 
1199.05 9.13483e-07 
1199.06 9.05519e-07 
1199.07 8.97847e-07 
1199.08 8.90464e-07 
1199.09 8.8337e-07 
1199.1 8.76564e-07 
1199.11 8.70045e-07 
1199.12 8.63809e-07 
1199.13 8.57855e-07 
1199.14 8.5218e-07 
1199.15 8.46782e-07 
1199.15 8.41657e-07 
1199.16 8.36802e-07 
1199.17 8.32213e-07 
1199.18 8.27884e-07 
1199.19 8.23814e-07 
1199.2 8.19995e-07 
1199.21 8.16425e-07 
1199.22 8.13068e-07 
1199.23 8.0998e-07 
1199.24 8.07126e-07 
1199.25 8.04498e-07 
1199.26 8.02092e-07 
1199.27 7.99901e-07 
1199.28 7.97919e-07 
1199.29 7.96141e-07 
1199.3 7.9456e-07 
1199.31 7.93171e-07 
1199.32 7.91966e-07 
1199.33 7.9094e-07 
1199.34 7.90086e-07 
1199.35 7.89398e-07 
1199.36 7.8887e-07 
1199.37 7.88496e-07 
1199.38 7.88268e-07 
1199.39 7.88181e-07 
1199.4 7.8823e-07 
1199.41 7.88405e-07 
1199.42 7.88704e-07 
1199.43 7.89118e-07 
1199.44 7.89643e-07 
1199.45 7.90272e-07 
1199.46 7.91e-07 
1199.47 7.91821e-07 
1199.48 7.92751e-07 
1199.49 7.93742e-07 
1199.5 7.94811e-07 
1199.51 7.9595e-07 
1199.52 7.97157e-07 
1199.53 7.98425e-07 
1199.54 7.99751e-07 
1199.55 8.0113e-07 
1199.56 8.02557e-07 
1199.57 8.04028e-07 
1199.58 8.0554e-07 
1199.58 8.07089e-07 
1199.59 8.08671e-07 
1199.6 8.10283e-07 
1199.61 8.12422e-07 
1199.62 8.14085e-07 
1199.63 8.15771e-07 
1199.64 8.17475e-07 
1199.65 8.19195e-07 
1199.66 8.2093e-07 
1199.67 8.22678e-07 
1199.68 8.24436e-07 
1199.69 8.26204e-07 
1199.7 8.2798e-07 
1199.71 8.29763e-07 
1199.72 8.31552e-07 
1199.73 8.3338e-07 
1199.74 8.35181e-07 
1199.75 8.36986e-07 
1199.76 8.38797e-07 
1199.77 8.40614e-07 
1199.78 8.42436e-07 
1199.79 8.44265e-07 
1199.8 8.461e-07 
1199.81 8.47944e-07 
1199.82 8.49796e-07 
1199.83 8.5166e-07 
1199.84 8.53535e-07 
1199.85 8.55424e-07 
1199.86 8.57329e-07 
1199.87 8.5925e-07 
1199.88 8.61191e-07 
1199.89 8.63153e-07 
1199.9 8.65139e-07 
1199.91 8.67152e-07 
1199.92 8.69194e-07 
1199.93 8.71268e-07 
1199.94 8.73376e-07 
1199.95 8.75521e-07 
1199.96 8.77707e-07 
1199.97 8.79937e-07 
1199.98 8.82251e-07 
1199.99 8.84577e-07 
1200 8.86956e-07 
1200.01 8.89391e-07 
1200.01 8.91885e-07 
1200.02 8.94442e-07 
1200.03 8.97066e-07 
1200.04 8.9976e-07 
1200.05 9.02526e-07 
1200.06 9.05368e-07 
1200.07 9.0829e-07 
1200.08 9.11294e-07 
1200.09 9.14386e-07 
1200.1 9.17566e-07 
1200.11 9.20839e-07 
1200.12 9.24207e-07 
1200.13 9.27675e-07 
1200.14 9.31244e-07 
1200.15 9.34918e-07 
1200.16 9.38699e-07 
1200.17 9.4259e-07 
1200.18 9.46594e-07 
1200.19 9.50713e-07 
1200.2 9.54949e-07 
1200.21 9.59305e-07 
1200.22 9.63782e-07 
1200.23 9.68452e-07 
1200.24 9.7318e-07 
1200.25 9.78036e-07 
1200.26 9.83019e-07 
1200.27 9.88133e-07 
1200.28 9.93377e-07 
1200.29 9.98753e-07 
1200.3 1.00426e-06 
1200.31 1.0099e-06 
1200.32 1.01568e-06 
1200.33 1.02159e-06 
1200.34 1.02763e-06 
1200.35 1.03381e-06 
1200.36 1.04012e-06 
1200.37 1.04656e-06 
1200.38 1.05313e-06 
1200.39 1.05984e-06 
1200.4 1.06667e-06 
1200.41 1.07363e-06 
1200.42 1.08072e-06 
1200.43 1.08794e-06 
1200.43 1.09527e-06 
1200.44 1.10273e-06 
1200.45 1.1103e-06 
1200.46 1.11799e-06 
1200.47 1.1258e-06 
1200.48 1.13382e-06 
1200.49 1.14184e-06 
1200.5 1.14996e-06 
1200.51 1.15819e-06 
1200.52 1.16651e-06 
1200.53 1.17492e-06 
1200.54 1.18342e-06 
1200.55 1.19201e-06 
1200.56 1.20067e-06 
1200.57 1.20941e-06 
1200.58 1.21823e-06 
1200.59 1.22711e-06 
1200.6 1.23605e-06 
1200.61 1.24581e-06 
1200.62 1.25487e-06 
1200.63 1.26398e-06 
1200.64 1.27313e-06 
1200.65 1.28231e-06 
1200.66 1.29154e-06 
1200.67 1.30078e-06 
1200.68 1.31005e-06 
1200.69 1.31934e-06 
1200.7 1.32864e-06 
1200.71 1.33795e-06 
1200.72 1.34726e-06 
1200.73 1.35669e-06 
1200.74 1.36599e-06 
1200.75 1.37528e-06 
1200.76 1.38455e-06 
1200.77 1.3938e-06 
1200.78 1.40302e-06 
1200.79 1.41221e-06 
1200.8 1.42137e-06 
1200.81 1.43048e-06 
1200.82 1.43956e-06 
1200.83 1.44858e-06 
1200.84 1.45755e-06 
1200.85 1.46647e-06 
1200.85 1.47533e-06 
1200.86 1.48413e-06 
1200.87 1.49286e-06 
1200.88 1.50153e-06 
1200.89 1.51013e-06 
1200.9 1.51865e-06 
1200.91 1.5271e-06 
1200.92 1.53547e-06 
1200.93 1.54377e-06 
1200.94 1.55199e-06 
1200.95 1.56013e-06 
1200.96 1.56819e-06 
1200.97 1.57616e-06 
1200.98 1.58417e-06 
1200.99 1.59198e-06 
1201 1.59971e-06 
1201.01 1.60737e-06 
1201.02 1.61494e-06 
1201.03 1.62244e-06 
1201.04 1.62986e-06 
1201.05 1.63721e-06 
1201.06 1.64449e-06 
1201.07 1.6517e-06 
1201.08 1.65884e-06 
1201.09 1.66592e-06 
1201.1 1.67294e-06 
1201.11 1.6799e-06 
1201.12 1.68681e-06 
1201.13 1.69368e-06 
1201.14 1.7005e-06 
1201.15 1.70728e-06 
1201.16 1.71403e-06 
1201.17 1.72075e-06 
1201.18 1.72744e-06 
1201.19 1.73413e-06 
1201.2 1.7408e-06 
1201.21 1.74746e-06 
1201.22 1.75413e-06 
1201.23 1.7609e-06 
1201.24 1.76759e-06 
1201.25 1.7743e-06 
1201.26 1.78104e-06 
1201.27 1.78781e-06 
1201.28 1.79463e-06 
1201.28 1.8015e-06 
1201.29 1.80842e-06 
1201.3 1.81541e-06 
1201.31 1.82247e-06 
1201.32 1.82962e-06 
1201.33 1.83685e-06 
1201.34 1.84417e-06 
1201.35 1.8516e-06 
1201.36 1.85913e-06 
1201.37 1.86678e-06 
1201.38 1.87456e-06 
1201.39 1.88246e-06 
1201.4 1.89051e-06 
1201.41 1.8987e-06 
1201.42 1.90704e-06 
1201.43 1.91554e-06 
1201.44 1.9242e-06 
1201.45 1.93304e-06 
1201.46 1.94205e-06 
1201.47 1.95124e-06 
1201.48 1.96075e-06 
1201.49 1.97033e-06 
1201.5 1.9801e-06 
1201.51 1.99008e-06 
1201.52 2.00026e-06 
1201.53 2.01065e-06 
1201.54 2.02125e-06 
1201.55 2.03207e-06 
1201.56 2.04311e-06 
1201.57 2.05437e-06 
1201.58 2.06586e-06 
1201.59 2.07756e-06 
1201.6 2.0895e-06 
1201.61 2.10295e-06 
1201.62 2.11534e-06 
1201.63 2.12796e-06 
1201.64 2.1408e-06 
1201.65 2.15387e-06 
1201.66 2.16715e-06 
1201.67 2.18066e-06 
1201.68 2.19438e-06 
1201.69 2.20831e-06 
1201.7 2.22246e-06 
1201.7 2.2368e-06 
1201.71 2.25135e-06 
1201.72 2.26628e-06 
1201.73 2.2812e-06 
1201.74 2.29631e-06 
1201.75 2.3116e-06 
1201.76 2.32704e-06 
1201.77 2.34265e-06 
1201.78 2.35841e-06 
1201.79 2.3743e-06 
1201.8 2.39033e-06 
1201.81 2.40647e-06 
1201.82 2.42273e-06 
1201.83 2.43908e-06 
1201.84 2.45553e-06 
1201.85 2.47204e-06 
1201.86 2.48863e-06 
1201.87 2.50526e-06 
1201.88 2.52194e-06 
1201.89 2.53863e-06 
1201.9 2.55533e-06 
1201.91 2.57203e-06 
1201.92 2.58872e-06 
1201.93 2.60537e-06 
1201.94 2.62197e-06 
1201.95 2.63851e-06 
1201.96 2.65496e-06 
1201.97 2.67133e-06 
1201.98 2.68778e-06 
1201.99 2.7039e-06 
1202 2.71988e-06 
1202.01 2.7357e-06 
1202.02 2.75134e-06 
1202.03 2.76678e-06 
1202.04 2.78201e-06 
1202.05 2.79701e-06 
1202.06 2.81177e-06 
1202.07 2.82627e-06 
1202.08 2.84049e-06 
1202.09 2.85441e-06 
1202.1 2.86802e-06 
1202.11 2.8813e-06 
1202.12 2.89423e-06 
1202.13 2.9068e-06 
1202.13 2.91899e-06 
1202.14 2.93079e-06 
1202.15 2.94218e-06 
1202.16 2.95314e-06 
1202.17 2.96365e-06 
1202.18 2.97372e-06 
1202.19 2.9833e-06 
1202.2 2.99241e-06 
1202.21 3.00101e-06 
1202.22 3.00921e-06 
1202.23 3.01677e-06 
1202.24 3.02379e-06 
1202.25 3.03026e-06 
1202.26 3.03616e-06 
1202.27 3.04149e-06 
1202.28 3.04623e-06 
1202.29 3.05038e-06 
1202.3 3.05392e-06 
1202.31 3.05684e-06 
1202.32 3.05914e-06 
1202.33 3.06081e-06 
1202.34 3.06183e-06 
1202.35 3.06221e-06 
1202.36 3.06193e-06 
1202.37 3.06099e-06 
1202.38 3.05939e-06 
1202.39 3.05712e-06 
1202.4 3.05417e-06 
1202.41 3.05055e-06 
1202.42 3.04625e-06 
1202.43 3.04126e-06 
1202.44 3.03559e-06 
1202.45 3.02924e-06 
1202.46 3.0222e-06 
1202.47 3.01448e-06 
1202.48 3.00597e-06 
1202.49 2.99687e-06 
1202.5 2.9871e-06 
1202.51 2.97665e-06 
1202.52 2.96553e-06 
1202.53 2.95374e-06 
1202.54 2.94129e-06 
1202.55 2.92819e-06 
1202.56 2.91443e-06 
1202.56 2.90003e-06 
1202.57 2.88499e-06 
1202.58 2.86932e-06 
1202.59 2.85304e-06 
1202.6 2.83614e-06 
1202.61 2.82037e-06 
1202.62 2.80226e-06 
1202.63 2.78358e-06 
1202.64 2.76433e-06 
1202.65 2.74452e-06 
1202.66 2.72416e-06 
1202.67 2.70327e-06 
1202.68 2.68185e-06 
1202.69 2.65993e-06 
1202.7 2.63752e-06 
1202.71 2.61462e-06 
1202.72 2.59126e-06 
1202.73 2.56715e-06 
1202.74 2.54289e-06 
1202.75 2.51822e-06 
1202.76 2.49314e-06 
1202.77 2.46766e-06 
1202.78 2.44182e-06 
1202.79 2.41562e-06 
1202.8 2.38907e-06 
1202.81 2.3622e-06 
1202.82 2.33503e-06 
1202.83 2.30756e-06 
1202.84 2.27982e-06 
1202.85 2.25182e-06 
1202.86 2.22358e-06 
1202.87 2.19512e-06 
1202.88 2.16645e-06 
1202.89 2.13759e-06 
1202.9 2.10856e-06 
1202.91 2.07938e-06 
1202.92 2.05005e-06 
1202.93 2.02061e-06 
1202.94 1.99106e-06 
1202.95 1.96142e-06 
1202.96 1.93171e-06 
1202.97 1.90194e-06 
1202.98 1.87214e-06 
1202.98 1.84194e-06 
1202.99 1.8121e-06 
1203 1.78227e-06 
1203.01 1.75247e-06 
1203.02 1.7227e-06 
1203.03 1.69299e-06 
1203.04 1.66335e-06 
1203.05 1.63378e-06 
1203.06 1.60432e-06 
1203.07 1.57496e-06 
1203.08 1.54572e-06 
1203.09 1.51663e-06 
1203.1 1.48768e-06 
1203.11 1.45889e-06 
1203.12 1.43027e-06 
1203.13 1.40184e-06 
1203.14 1.37361e-06 
1203.15 1.34558e-06 
1203.16 1.31777e-06 
1203.17 1.29019e-06 
1203.18 1.26285e-06 
1203.19 1.23575e-06 
1203.2 1.20891e-06 
1203.21 1.18233e-06 
1203.22 1.15602e-06 
1203.23 1.12968e-06 
1203.24 1.10395e-06 
1203.25 1.07851e-06 
1203.26 1.05337e-06 
1203.27 1.02855e-06 
1203.28 1.00403e-06 
1203.29 9.79842e-07 
1203.3 9.55973e-07 
1203.31 9.32435e-07 
1203.32 9.0923e-07 
1203.33 8.86364e-07 
1203.34 8.63838e-07 
1203.35 8.41658e-07 
1203.36 8.19826e-07 
1203.37 7.98344e-07 
1203.38 7.77215e-07 
1203.39 7.5644e-07 
1203.4 7.36021e-07 
1203.41 7.15961e-07 
1203.41 6.96258e-07 
1203.42 6.76914e-07 
1203.43 6.57929e-07 
1203.44 6.39305e-07 
1203.45 6.21038e-07 
1203.46 6.03131e-07 
1203.47 5.85581e-07 
1203.48 5.68176e-07 
1203.49 5.51343e-07 
1203.5 5.34864e-07 
1203.51 5.18736e-07 
1203.52 5.02959e-07 
1203.53 4.87529e-07 
1203.54 4.72445e-07 
1203.55 4.57703e-07 
1203.56 4.43301e-07 
1203.57 4.29237e-07 
1203.58 4.15505e-07 
1203.59 4.02104e-07 
1203.6 3.89029e-07 
1203.61 3.76509e-07 
1203.62 3.64069e-07 
1203.63 3.51945e-07 
1203.64 3.40132e-07 
1203.65 3.28627e-07 
1203.66 3.17425e-07 
1203.67 3.06521e-07 
1203.68 2.95912e-07 
1203.69 2.85592e-07 
1203.7 2.75558e-07 
1203.71 2.65804e-07 
1203.72 2.56326e-07 
1203.73 2.47005e-07 
1203.74 2.38067e-07 
1203.75 2.2939e-07 
1203.76 2.2097e-07 
1203.77 2.12801e-07 
1203.78 2.04878e-07 
1203.79 1.97197e-07 
1203.8 1.89752e-07 
1203.81 1.82539e-07 
1203.82 1.75552e-07 
1203.83 1.68787e-07 
1203.83 1.62238e-07 
1203.84 1.55902e-07 
1203.85 1.49772e-07 
1203.86 1.43844e-07 
1203.87 1.38113e-07 
1203.88 1.32575e-07 
1203.89 1.27224e-07 
1203.9 1.22056e-07 
1203.91 1.17066e-07 
1203.92 1.12249e-07 
1203.93 1.07602e-07 
1203.94 1.03119e-07 
1203.95 9.87957e-08 
1203.96 9.46282e-08 
1203.97 9.06118e-08 
1203.98 8.66951e-08 
1203.99 8.29699e-08 
1204 7.93836e-08 
1204.01 7.59314e-08 
1204.02 7.26098e-08 
1204.03 6.94146e-08 
1204.04 6.6342e-08 
1204.05 6.33881e-08 
1204.06 6.05494e-08 
1204.07 5.78221e-08 
1204.08 5.52026e-08 
1204.09 5.26875e-08 
1204.1 5.02733e-08 
1204.11 4.79567e-08 
1204.12 4.57345e-08 
1204.13 4.36033e-08 
1204.14 4.15602e-08 
1204.15 3.96022e-08 
1204.16 3.7726e-08 
1204.17 3.5929e-08 
1204.18 3.42083e-08 
1204.19 3.25612e-08 
1204.2 3.0985e-08 
1204.21 2.9477e-08 
1204.22 2.80349e-08 
1204.23 2.66392e-08 
1204.24 2.5322e-08 
1204.25 2.40635e-08 
1204.26 2.28612e-08 
1204.26 2.17131e-08 
1204.27 2.06171e-08 
1204.28 1.95711e-08 
1204.29 1.85731e-08 
1204.3 1.76213e-08 
1204.31 1.67137e-08 
1204.32 1.58485e-08 
1204.33 1.5024e-08 
1204.34 1.42385e-08 
1204.35 1.34905e-08 
1204.36 1.27782e-08 
1204.37 1.21003e-08 
1204.38 1.14553e-08 
1204.39 1.08416e-08 
1204.4 1.02581e-08 
1204.41 9.70335e-09 
1204.42 9.1761e-09 
1204.43 8.67514e-09 
1204.44 8.1993e-09 
1204.45 7.74746e-09 
1204.46 7.31853e-09 
1204.47 6.91147e-09 
1204.48 6.52058e-09 
1204.49 6.15454e-09 
1204.5 5.80746e-09 
1204.51 5.47848e-09 
1204.52 5.16672e-09 
1204.53 4.87138e-09 
1204.54 4.59168e-09 
1204.55 4.32686e-09 
1204.56 4.07621e-09 
1204.57 3.83903e-09 
1204.58 3.61467e-09 
1204.59 3.40251e-09 
1204.6 3.20192e-09 
1204.61 3.01234e-09 
1204.62 2.83495e-09 
1204.63 2.66565e-09 
1204.64 2.50578e-09 
1204.65 2.35486e-09 
1204.66 2.21242e-09 
1204.67 2.07804e-09 
1204.68 1.95129e-09 
1204.68 1.83177e-09 
1204.69 1.71911e-09 
1204.7 1.61294e-09 
1204.71 1.51291e-09 
1204.72 1.41756e-09 
1204.73 1.32893e-09 
1204.74 1.24549e-09 
1204.75 1.16698e-09 
1204.76 1.09312e-09 
1204.77 1.02366e-09 
1204.78 9.58349e-10 
1204.79 8.96963e-10 
1204.8 8.39281e-10 
1204.81 7.85095e-10 
1204.82 7.34208e-10 
1204.83 6.86432e-10 
1204.84 6.41592e-10 
1204.85 5.99517e-10 
1204.86 5.6005e-10 
1204.87 5.23038e-10 
1204.88 4.8834e-10 
1204.89 4.55821e-10 
1204.9 4.25351e-10 
1204.91 3.96809e-10 
1204.92 3.70083e-10 
1204.93 3.45063e-10 
1204.94 3.21647e-10 
1204.95 2.99739e-10 
1204.96 2.79247e-10 
1204.97 2.60085e-10 
1204.98 2.41956e-10 
1204.99 2.2523e-10 
1205 2.09604e-10 
1205.01 1.95008e-10 
1205.02 1.8138e-10 
1205.03 1.68658e-10 
1205.04 1.56786e-10 
1205.05 1.4571e-10 
1205.06 1.3538e-10 
1205.07 1.25747e-10 
1205.08 1.16769e-10 
1205.09 1.08402e-10 
1205.1 1.00607e-10 
1205.11 9.33477e-11 
1205.11 8.65885e-11 
1205.12 8.02969e-11 
1205.13 7.44422e-11 
1205.14 6.89956e-11 
1205.15 6.39301e-11 
1205.16 5.92205e-11 
1205.17 5.48429e-11 
1205.18 5.07751e-11 
1205.19 4.69963e-11 
1205.2 4.34869e-11 
1205.21 4.02286e-11 
1205.22 3.71693e-11 
1205.23 3.43643e-11 
1205.24 3.17635e-11 
1205.25 2.93516e-11 
1205.26 2.71155e-11 
1205.27 2.50429e-11 
1205.28 2.31224e-11 
1205.29 2.13435e-11 
1205.3 1.9696e-11 
1205.31 1.81708e-11 
1205.32 1.67591e-11 
1205.33 1.54529e-11 
1205.34 1.42447e-11 
1205.35 1.31273e-11 
1205.36 1.20943e-11 
1205.37 1.11396e-11 
1205.38 1.02574e-11 
1205.39 9.44256e-12 
1205.4 8.69007e-12 
1205.41 7.99538e-12 
1205.42 7.35422e-12 
1205.43 6.76264e-12 
1205.44 6.21696e-12 
1205.45 5.71376e-12 
1205.46 5.24986e-12 
1205.47 4.82231e-12 
1205.48 4.42385e-12 
1205.49 4.06118e-12 
1205.5 3.72739e-12 
1205.51 3.4201e-12 
1205.52 3.1373e-12 
1205.53 2.87709e-12 
1205.54 2.63775e-12 
1205.54 2.41767e-12 
1205.55 2.21535e-12 
1205.56 2.0294e-12 
1205.57 1.85856e-12 
1205.58 1.70164e-12 
1205.59 1.55754e-12 
1205.6 1.42526e-12 
1205.61 1.30466e-12 
1205.62 1.19321e-12 
1205.63 1.09098e-12 
1205.64 9.9724e-13 
1205.65 9.11306e-13 
1205.66 8.32552e-13 
1205.67 7.60397e-13 
1205.68 6.94306e-13 
1205.69 6.33787e-13 
1205.7 5.78387e-13 
1205.71 5.27686e-13 
1205.72 4.81299e-13 
1205.73 4.38363e-13 
1205.74 3.9961e-13 
1205.75 3.64183e-13 
1205.76 3.31807e-13 
1205.77 3.02226e-13 
1205.78 2.75209e-13 
1205.79 2.50538e-13 
1205.8 2.28017e-13 
1205.81 2.07464e-13 
1205.82 1.88713e-13 
1205.83 1.71609e-13 
1205.84 1.56014e-13 
1205.85 1.41797e-13 
1205.86 1.28841e-13 
1205.87 1.17036e-13 
1205.88 1.06285e-13 
1205.89 9.64944e-14 
1205.9 8.75823e-14 
1205.91 7.94716e-14 
1205.92 7.20925e-14 
1205.93 6.53808e-14 
1205.94 5.92778e-14 
1205.95 5.37299e-14 
1205.96 4.86881e-14 
1205.96 4.41073e-14 
1205.97 3.99467e-14 
1205.98 3.61238e-14 
1205.99 3.26983e-14 
1206 2.95897e-14 
1206.01 2.67693e-14 
1206.02 2.42112e-14 
1206.03 2.18916e-14 
1206.04 1.97888e-14 
1206.05 1.78832e-14 
1206.06 1.61566e-14 
1206.07 1.45928e-14 
1206.08 1.31768e-14 
1206.09 1.1895e-14 
1206.1 1.07349e-14 
1206.11 9.68535e-15 
1206.12 8.73603e-15 
1206.13 7.87762e-15 
1206.14 7.10163e-15 
1206.15 6.40034e-15 
1206.16 5.76674e-15 
1206.17 5.19444e-15 
1206.18 4.67768e-15 
1206.19 4.21117e-15 
1206.2 3.79016e-15 
1206.21 3.41032e-15 
1206.22 3.06771e-15 
1206.23 2.7551e-15 
1206.24 2.47696e-15 
1206.25 2.2263e-15 
1206.26 2.00045e-15 
1206.27 1.79703e-15 
1206.28 1.61386e-15 
1206.29 1.44896e-15 
1206.3 1.30056e-15 
1206.31 1.16704e-15 
1206.32 1.04694e-15 
1206.33 9.38951e-16 
1206.34 8.41868e-16 
1206.35 7.54618e-16 
1206.36 6.76227e-16 
1206.37 6.05815e-16 
1206.38 5.42586e-16 
1206.39 4.85825e-16 
1206.39 4.34884e-16 
1206.4 3.89178e-16 
1206.41 3.48181e-16 
1206.42 3.11418e-16 
1206.43 2.78461e-16 
1206.44 2.48924e-16 
1206.45 2.2246e-16 
1206.46 1.98755e-16 
1206.47 1.77528e-16 
1206.48 1.58301e-16 
1206.49 1.41317e-16 
1206.5 1.26121e-16 
1206.51 1.12528e-16 
1206.52 1.00374e-16 
1206.53 8.95073e-17 
1206.54 7.97958e-17 
1206.55 7.11186e-17 
1206.56 6.33679e-17 
1206.57 5.64465e-17 
1206.58 5.02675e-17 
1206.59 4.47528e-17 
1206.6 0 
