#energy geo_1 
1186.6 0 
1186.61 0 
1186.62 0 
1186.63 0 
1186.64 0 
1186.65 0 
1186.66 0 
1186.67 0 
1186.68 0 
1186.69 0 
1186.7 0 
1186.71 0 
1186.72 0 
1186.73 0 
1186.74 0 
1186.75 0 
1186.76 0 
1186.77 0 
1186.78 0 
1186.79 0 
1186.8 0 
1186.81 0 
1186.81 0 
1186.82 0 
1186.83 0 
1186.84 0 
1186.85 0 
1186.86 0 
1186.87 0 
1186.88 0 
1186.89 0 
1186.9 0 
1186.91 0 
1186.92 0 
1186.93 0 
1186.94 0 
1186.95 0 
1186.96 0 
1186.97 0 
1186.98 0 
1186.99 0 
1187 0 
1187.01 0 
1187.02 0 
1187.03 0 
1187.04 0 
1187.05 0 
1187.06 0 
1187.07 0 
1187.08 0 
1187.09 0 
1187.1 0 
1187.11 0 
1187.12 0 
1187.13 0 
1187.14 0 
1187.15 0 
1187.16 0 
1187.17 0 
1187.18 0 
1187.19 0 
1187.2 0 
1187.21 0 
1187.22 0 
1187.23 0 
1187.24 0 
1187.24 0 
1187.25 0 
1187.26 0 
1187.27 0 
1187.28 0 
1187.29 0 
1187.3 0 
1187.31 0 
1187.32 0 
1187.33 0 
1187.34 0 
1187.35 0 
1187.36 0 
1187.37 0 
1187.38 0 
1187.39 0 
1187.4 0 
1187.41 0 
1187.42 0 
1187.43 0 
1187.44 0 
1187.45 0 
1187.46 0 
1187.47 0 
1187.48 0 
1187.49 0 
1187.5 0 
1187.51 0 
1187.52 0 
1187.53 0 
1187.54 0 
1187.55 0 
1187.56 0 
1187.57 0 
1187.58 0 
1187.59 0 
1187.6 0 
1187.61 0 
1187.62 0 
1187.63 0 
1187.64 0 
1187.65 0 
1187.66 0 
1187.66 0 
1187.67 0 
1187.68 0 
1187.69 0 
1187.7 0 
1187.71 0 
1187.72 0 
1187.73 0 
1187.74 0 
1187.75 0 
1187.76 0 
1187.77 0 
1187.78 0 
1187.79 0 
1187.8 0 
1187.81 0 
1187.82 0 
1187.83 0 
1187.84 0 
1187.85 0 
1187.86 0 
1187.87 0 
1187.88 0 
1187.89 0 
1187.9 0 
1187.91 0 
1187.92 0 
1187.93 0 
1187.94 0 
1187.95 0 
1187.96 0 
1187.97 0 
1187.98 0 
1187.99 0 
1188 0 
1188.01 0 
1188.02 0 
1188.03 0 
1188.04 0 
1188.05 0 
1188.06 0 
1188.07 0 
1188.08 0 
1188.09 0 
1188.09 0 
1188.1 0 
1188.11 0 
1188.12 0 
1188.13 0 
1188.14 0 
1188.15 0 
1188.16 0 
1188.17 0 
1188.18 0 
1188.19 0 
1188.2 0 
1188.21 0 
1188.22 0 
1188.23 0 
1188.24 0 
1188.25 0 
1188.26 0 
1188.27 0 
1188.28 0 
1188.29 0 
1188.3 0 
1188.31 0 
1188.32 0 
1188.33 0 
1188.34 0 
1188.35 0 
1188.36 0 
1188.37 0 
1188.38 0 
1188.39 0 
1188.4 0 
1188.41 0 
1188.42 0 
1188.43 0 
1188.44 0 
1188.45 0 
1188.46 0 
1188.47 0 
1188.48 0 
1188.49 1.4013e-45 
1188.5 1.4013e-45 
1188.51 1.4013e-45 
1188.52 1.4013e-45 
1188.52 2.8026e-45 
1188.53 2.8026e-45 
1188.54 4.2039e-45 
1188.55 5.60519e-45 
1188.56 7.00649e-45 
1188.57 9.80909e-45 
1188.58 1.4013e-44 
1188.59 1.82169e-44 
1188.6 2.38221e-44 
1188.61 3.22299e-44 
1188.62 4.34403e-44 
1188.63 5.74532e-44 
1188.64 7.70714e-44 
1188.65 1.05097e-43 
1188.66 1.4013e-43 
1188.67 1.87774e-43 
1188.68 2.49431e-43 
1188.69 3.3491e-43 
1188.7 4.49817e-43 
1188.71 5.99756e-43 
1188.72 8.04345e-43 
1188.73 1.0776e-42 
1188.74 1.43913e-42 
1188.75 1.92118e-42 
1188.76 2.56438e-42 
1188.77 3.41917e-42 
1188.78 4.55422e-42 
1188.79 6.06622e-42 
1188.8 8.07148e-42 
1188.81 1.07367e-41 
1188.82 1.42736e-41 
1188.83 1.89638e-41 
1188.84 2.51799e-41 
1188.85 3.34126e-41 
1188.86 4.43119e-41 
1188.87 5.87298e-41 
1188.88 7.77959e-41 
1188.89 1.0299e-40 
1188.9 1.36262e-40 
1188.91 1.80176e-40 
1188.92 2.38103e-40 
1188.93 3.14467e-40 
1188.94 4.15074e-40 
1188.94 5.47548e-40 
1188.95 7.21873e-40 
1188.96 9.51137e-40 
1188.97 1.25247e-39 
1188.98 1.65396e-39 
1188.99 2.17537e-39 
1189 2.85946e-39 
1189.01 3.75645e-39 
1189.02 4.93191e-39 
1189.03 6.47135e-39 
1189.04 8.4863e-39 
1189.05 1.1122e-38 
1189.06 1.45678e-38 
1189.07 1.90698e-38 
1189.08 2.49484e-38 
1189.09 3.26198e-38 
1189.1 4.26248e-38 
1189.11 5.56657e-38 
1189.12 7.26533e-38 
1189.13 9.4769e-38 
1189.14 1.23544e-37 
1189.15 1.6096e-37 
1189.16 2.09584e-37 
1189.17 2.72735e-37 
1189.18 3.54705e-37 
1189.19 4.61038e-37 
1189.2 5.98893e-37 
1189.21 7.77509e-37 
1189.22 1.0088e-36 
1189.23 1.31237e-36 
1189.24 1.70073e-36 
1189.25 2.20273e-36 
1189.26 2.85121e-36 
1189.27 3.68842e-36 
1189.28 4.76863e-36 
1189.29 6.16156e-36 
1189.3 7.95667e-36 
1189.31 1.02687e-35 
1189.32 1.32447e-35 
1189.33 1.7073e-35 
1189.34 2.19949e-35 
1189.35 2.8319e-35 
1189.36 3.64399e-35 
1189.36 4.68618e-35 
1189.37 6.02287e-35 
1189.38 7.73626e-35 
1189.39 9.93121e-35 
1189.4 1.27414e-34 
1189.41 1.6337e-34 
1189.42 2.0935e-34 
1189.43 2.68112e-34 
1189.44 3.43165e-34 
1189.45 4.38968e-34 
1189.46 5.61184e-34 
1189.47 7.17003e-34 
1189.48 9.18343e-34 
1189.49 1.17194e-33 
1189.5 1.49467e-33 
1189.51 1.90515e-33 
1189.52 2.42693e-33 
1189.53 3.08979e-33 
1189.54 3.93136e-33 
1189.55 4.99919e-33 
1189.56 6.35331e-33 
1189.57 8.06944e-33 
1189.58 1.02431e-32 
1189.59 1.29945e-32 
1189.6 1.64752e-32 
1189.61 2.0889e-32 
1189.62 2.64531e-32 
1189.63 3.34794e-32 
1189.64 4.2347e-32 
1189.65 5.35317e-32 
1189.66 6.76304e-32 
1189.67 8.53918e-32 
1189.68 1.07754e-31 
1189.69 1.35892e-31 
1189.7 1.71276e-31 
1189.71 2.15746e-31 
1189.72 2.71602e-31 
1189.73 3.42697e-31 
1189.74 4.30906e-31 
1189.75 5.41499e-31 
1189.76 6.80074e-31 
1189.77 8.53607e-31 
1189.78 1.07079e-30 
1189.79 1.34243e-30 
1189.79 1.68198e-30 
1189.8 2.10618e-30 
1189.81 2.6358e-30 
1189.82 3.29665e-30 
1189.83 4.12075e-30 
1189.84 5.14781e-30 
1189.85 6.42705e-30 
1189.86 8.01944e-30 
1189.87 1.00005e-29 
1189.88 1.24635e-29 
1189.89 1.55239e-29 
1189.9 1.93243e-29 
1189.91 2.4041e-29 
1189.92 2.98912e-29 
1189.93 3.71431e-29 
1189.94 4.6127e-29 
1189.95 5.725e-29 
1189.96 7.10131e-29 
1189.97 8.80329e-29 
1189.98 1.09359e-28 
1189.99 1.35408e-28 
1190 1.67563e-28 
1190.01 2.0723e-28 
1190.02 2.56137e-28 
1190.03 3.16398e-28 
1190.04 3.90605e-28 
1190.05 4.81932e-28 
1190.06 5.9426e-28 
1190.07 7.32336e-28 
1190.08 9.01961e-28 
1190.09 1.11022e-27 
1190.1 1.36575e-27 
1190.11 1.6791e-27 
1190.12 2.06313e-27 
1190.13 2.53349e-27 
1190.14 3.10924e-27 
1190.15 3.81358e-27 
1190.16 4.67471e-27 
1190.17 5.7269e-27 
1190.18 7.01177e-27 
1190.19 8.57983e-27 
1190.2 1.04923e-26 
1190.21 1.28236e-26 
1190.21 1.56635e-26 
1190.22 1.91688e-26 
1190.23 2.33861e-26 
1190.24 2.85144e-26 
1190.25 3.47467e-26 
1190.26 4.23161e-26 
1190.27 5.1504e-26 
1190.28 6.26498e-26 
1190.29 7.61625e-26 
1190.3 9.2535e-26 
1190.31 1.12361e-25 
1190.32 1.36353e-25 
1190.33 1.65371e-25 
1190.34 2.00445e-25 
1190.35 2.42815e-25 
1190.36 2.93967e-25 
1190.37 3.55685e-25 
1190.38 4.30105e-25 
1190.39 5.19789e-25 
1190.4 6.27802e-25 
1190.41 7.57811e-25 
1190.42 9.14203e-25 
1190.43 1.10222e-24 
1190.44 1.32811e-24 
1190.45 1.59936e-24 
1190.46 1.92487e-24 
1190.47 2.31525e-24 
1190.48 2.78956e-24 
1190.49 3.35132e-24 
1190.5 4.02382e-24 
1190.51 4.82842e-24 
1190.52 5.79047e-24 
1190.53 6.94011e-24 
1190.54 8.31308e-24 
1190.55 9.95177e-24 
1190.56 1.19064e-23 
1190.57 1.42366e-23 
1190.58 1.70128e-23 
1190.59 2.03182e-23 
1190.6 2.42515e-23 
1190.61 2.89472e-23 
1190.62 3.45102e-23 
1190.63 4.11178e-23 
1190.64 4.89617e-23 
1190.64 5.82674e-23 
1190.65 6.93008e-23 
1190.66 8.23747e-23 
1190.67 9.78571e-23 
1190.68 1.16181e-22 
1190.69 1.37854e-22 
1190.7 1.63473e-22 
1190.71 1.93739e-22 
1190.72 2.29473e-22 
1190.73 2.72209e-22 
1190.74 3.22033e-22 
1190.75 3.8075e-22 
1190.76 4.49907e-22 
1190.77 5.31312e-22 
1190.78 6.27074e-22 
1190.79 7.39658e-22 
1190.8 8.7194e-22 
1190.81 1.02727e-21 
1190.82 1.20956e-21 
1190.83 1.42335e-21 
1190.84 1.67394e-21 
1190.85 1.96748e-21 
1190.86 2.31113e-21 
1190.87 2.71319e-21 
1190.88 3.18332e-21 
1190.89 3.73271e-21 
1190.9 4.37432e-21 
1190.91 5.12318e-21 
1190.92 5.9967e-21 
1190.93 7.015e-21 
1190.94 8.20137e-21 
1190.95 9.5827e-21 
1190.96 1.11901e-20 
1190.97 1.30593e-20 
1190.98 1.52611e-20 
1190.99 1.77892e-20 
1191 2.07238e-20 
1191.01 2.41283e-20 
1191.02 2.80755e-20 
1191.03 3.2649e-20 
1191.04 3.79451e-20 
1191.05 4.40743e-20 
1191.06 5.11632e-20 
1191.07 5.93572e-20 
1191.07 6.88227e-20 
1191.08 7.97505e-20 
1191.09 9.23588e-20 
1191.1 1.06897e-19 
1191.11 1.23651e-19 
1191.12 1.42946e-19 
1191.13 1.65153e-19 
1191.14 1.90699e-19 
1191.15 2.20065e-19 
1191.16 2.53803e-19 
1191.17 2.92541e-19 
1191.18 3.36991e-19 
1191.19 3.87967e-19 
1191.2 4.46389e-19 
1191.21 5.13304e-19 
1191.22 5.89901e-19 
1191.23 6.78699e-19 
1191.24 7.7905e-19 
1191.25 8.93709e-19 
1191.26 1.02464e-18 
1191.27 1.17405e-18 
1191.28 1.34446e-18 
1191.29 1.53869e-18 
1191.3 1.75993e-18 
1191.31 2.0118e-18 
1191.32 2.29836e-18 
1191.33 2.62418e-18 
1191.34 2.99441e-18 
1191.35 3.41486e-18 
1191.36 3.89205e-18 
1191.37 4.43329e-18 
1191.38 5.04681e-18 
1191.39 5.74183e-18 
1191.4 6.52871e-18 
1191.41 7.41904e-18 
1191.42 8.42579e-18 
1191.43 9.5635e-18 
1191.44 1.08484e-17 
1191.45 1.22987e-17 
1191.46 1.39346e-17 
1191.47 1.57788e-17 
1191.48 1.78857e-17 
1191.49 2.02267e-17 
1191.49 2.28629e-17 
1191.5 2.58273e-17 
1191.51 2.91588e-17 
1191.52 3.29005e-17 
1191.53 3.71005e-17 
1191.54 4.18119e-17 
1191.55 4.70937e-17 
1191.56 5.30114e-17 
1191.57 5.96373e-17 
1191.58 6.70518e-17 
1191.59 7.53436e-17 
1191.6 8.46632e-17 
1191.61 9.50203e-17 
1191.62 1.06581e-16 
1191.63 1.19478e-16 
1191.64 1.33857e-16 
1191.65 1.49877e-16 
1191.66 1.67715e-16 
1191.67 1.87565e-16 
1191.68 2.0964e-16 
1191.69 2.34175e-16 
1191.7 2.61426e-16 
1191.71 2.91677e-16 
1191.72 3.25235e-16 
1191.73 3.6293e-16 
1191.74 4.04204e-16 
1191.75 4.49907e-16 
1191.76 5.0048e-16 
1191.77 5.5641e-16 
1191.78 6.18224e-16 
1191.79 6.86498e-16 
1191.8 7.61862e-16 
1191.81 8.44999e-16 
1191.82 9.36655e-16 
1191.83 1.03764e-15 
1191.84 1.14883e-15 
1191.85 1.27118e-15 
1191.86 1.40573e-15 
1191.87 1.55361e-15 
1191.88 1.71602e-15 
1191.89 1.8943e-15 
1191.9 2.08985e-15 
1191.91 2.30423e-15 
1191.92 2.5391e-15 
1191.92 2.79626e-15 
1191.93 3.07764e-15 
1191.94 3.38533e-15 
1191.95 3.72158e-15 
1191.96 4.0888e-15 
1191.97 4.48961e-15 
1191.98 4.9325e-15 
1191.99 5.40957e-15 
1192 5.92927e-15 
1192.01 6.49505e-15 
1192.02 7.11062e-15 
1192.03 7.77992e-15 
1192.04 8.50719e-15 
1192.05 9.29694e-15 
1192.06 1.0154e-14 
1192.07 1.10835e-14 
1192.08 1.20909e-14 
1192.09 1.31822e-14 
1192.1 1.43634e-14 
1192.11 1.56412e-14 
1192.12 1.70225e-14 
1192.13 1.8515e-14 
1192.14 2.01263e-14 
1192.15 2.1865e-14 
1192.16 2.37398e-14 
1192.17 2.57602e-14 
1192.18 2.79359e-14 
1192.19 3.02775e-14 
1192.2 3.2796e-14 
1192.21 3.55029e-14 
1192.22 3.84106e-14 
1192.23 4.15722e-14 
1192.24 4.49234e-14 
1192.25 4.85161e-14 
1192.26 5.23651e-14 
1192.27 5.6486e-14 
1192.28 6.08952e-14 
1192.29 6.56097e-14 
1192.3 7.06475e-14 
1192.31 7.6027e-14 
1192.32 8.17679e-14 
1192.33 8.78902e-14 
1192.34 9.44151e-14 
1192.34 1.01364e-13 
1192.35 1.08761e-13 
1192.36 1.16628e-13 
1192.37 1.24991e-13 
1192.38 1.33873e-13 
1192.39 1.43303e-13 
1192.4 1.53305e-13 
1192.41 1.63909e-13 
1192.42 1.75143e-13 
1192.43 1.87036e-13 
1192.44 1.99619e-13 
1192.45 2.12923e-13 
1192.46 2.26978e-13 
1192.47 2.41819e-13 
1192.48 2.57679e-13 
1192.49 2.742e-13 
1192.5 2.91609e-13 
1192.51 3.09939e-13 
1192.52 3.29227e-13 
1192.53 3.49509e-13 
1192.54 3.70822e-13 
1192.55 3.93201e-13 
1192.56 4.16685e-13 
1192.57 4.41311e-13 
1192.58 4.67116e-13 
1192.59 4.94139e-13 
1192.6 5.22416e-13 
1192.61 5.52329e-13 
1192.62 5.83248e-13 
1192.63 6.15534e-13 
1192.64 6.49224e-13 
1192.65 6.84355e-13 
1192.66 7.20961e-13 
1192.67 7.59079e-13 
1192.68 7.9874e-13 
1192.69 8.3998e-13 
1192.7 8.82829e-13 
1192.71 9.27318e-13 
1192.72 9.73476e-13 
1192.73 1.02194e-12 
1192.74 1.07154e-12 
1192.75 1.12289e-12 
1192.76 1.17601e-12 
1192.77 1.23092e-12 
1192.77 1.28764e-12 
1192.78 1.34618e-12 
1192.79 1.40656e-12 
1192.8 1.4688e-12 
1192.81 1.53289e-12 
1192.82 1.59885e-12 
1192.83 1.66668e-12 
1192.84 1.73637e-12 
1192.85 1.80793e-12 
1192.86 1.88135e-12 
1192.87 1.95662e-12 
1192.88 2.03372e-12 
1192.89 2.11265e-12 
1192.9 2.19339e-12 
1192.91 2.2759e-12 
1192.92 2.36018e-12 
1192.93 2.44618e-12 
1192.94 2.53388e-12 
1192.95 2.62324e-12 
1192.96 2.71424e-12 
1192.97 2.80681e-12 
1192.98 2.90212e-12 
1192.99 2.99776e-12 
1193 3.09486e-12 
1193.01 3.19335e-12 
1193.02 3.2932e-12 
1193.03 3.39435e-12 
1193.04 3.49675e-12 
1193.05 3.60035e-12 
1193.06 3.7051e-12 
1193.07 3.81094e-12 
1193.08 3.91782e-12 
1193.09 4.0257e-12 
1193.1 4.13454e-12 
1193.11 4.24428e-12 
1193.12 4.3549e-12 
1193.13 4.46637e-12 
1193.14 4.57866e-12 
1193.15 4.69175e-12 
1193.16 4.80565e-12 
1193.17 4.92035e-12 
1193.18 5.03587e-12 
1193.19 5.15224e-12 
1193.19 5.26951e-12 
1193.2 5.38775e-12 
1193.21 5.50704e-12 
1193.22 5.62901e-12 
1193.23 5.75076e-12 
1193.24 5.87396e-12 
1193.25 5.99881e-12 
1193.26 6.12552e-12 
1193.27 6.25436e-12 
1193.28 6.38564e-12 
1193.29 6.51969e-12 
1193.3 6.65693e-12 
1193.31 6.79779e-12 
1193.32 6.94279e-12 
1193.33 7.0925e-12 
1193.34 7.24758e-12 
1193.35 7.40875e-12 
1193.36 7.57682e-12 
1193.37 7.75267e-12 
1193.38 7.93733e-12 
1193.39 8.13188e-12 
1193.4 8.33757e-12 
1193.41 8.55575e-12 
1193.42 8.78791e-12 
1193.43 9.0357e-12 
1193.44 9.30093e-12 
1193.45 9.58559e-12 
1193.46 9.89187e-12 
1193.47 1.02221e-11 
1193.48 1.05837e-11 
1193.49 1.09705e-11 
1193.5 1.13899e-11 
1193.51 1.18454e-11 
1193.52 1.23407e-11 
1193.53 1.28799e-11 
1193.54 1.34674e-11 
1193.55 1.41081e-11 
1193.56 1.48071e-11 
1193.57 1.55703e-11 
1193.58 1.64037e-11 
1193.59 1.73141e-11 
1193.6 1.83089e-11 
1193.61 1.9408e-11 
1193.62 2.05966e-11 
1193.62 2.18955e-11 
1193.63 2.33146e-11 
1193.64 2.4865e-11 
1193.65 2.65585e-11 
1193.66 2.84078e-11 
1193.67 3.04268e-11 
1193.68 3.26303e-11 
1193.69 3.50346e-11 
1193.7 3.76569e-11 
1193.71 4.05162e-11 
1193.72 4.36326e-11 
1193.73 4.70722e-11 
1193.74 5.0774e-11 
1193.75 5.48039e-11 
1193.76 5.91894e-11 
1193.77 6.39597e-11 
1193.78 6.91465e-11 
1193.79 7.47838e-11 
1193.8 8.09081e-11 
1193.81 8.75588e-11 
1193.82 9.4778e-11 
1193.83 1.02611e-10 
1193.84 1.11106e-10 
1193.85 1.20316e-10 
1193.86 1.30296e-10 
1193.87 1.41106e-10 
1193.88 1.5281e-10 
1193.89 1.65477e-10 
1193.9 1.7918e-10 
1193.91 1.93999e-10 
1193.92 2.10016e-10 
1193.93 2.27322e-10 
1193.94 2.46012e-10 
1193.95 2.6619e-10 
1193.96 2.87964e-10 
1193.97 3.11452e-10 
1193.98 3.37106e-10 
1193.99 3.64427e-10 
1194 3.93862e-10 
1194.01 4.2556e-10 
1194.02 4.59684e-10 
1194.03 4.96402e-10 
1194.04 5.35898e-10 
1194.05 5.78363e-10 
1194.05 6.24003e-10 
1194.06 6.73035e-10 
1194.07 7.25691e-10 
1194.08 7.82216e-10 
1194.09 8.4287e-10 
1194.1 9.0793e-10 
1194.11 9.77687e-10 
1194.12 1.05245e-09 
1194.13 1.13255e-09 
1194.14 1.21833e-09 
1194.15 1.31016e-09 
1194.16 1.40843e-09 
1194.17 1.51354e-09 
1194.18 1.62593e-09 
1194.19 1.74605e-09 
1194.2 1.87439e-09 
1194.21 2.01146e-09 
1194.22 2.15779e-09 
1194.23 2.31597e-09 
1194.24 2.48268e-09 
1194.25 2.66044e-09 
1194.26 2.84992e-09 
1194.27 3.0518e-09 
1194.28 3.26681e-09 
1194.29 3.49572e-09 
1194.3 3.73933e-09 
1194.31 3.99847e-09 
1194.32 4.27405e-09 
1194.33 4.56697e-09 
1194.34 4.87821e-09 
1194.35 5.20878e-09 
1194.36 5.55975e-09 
1194.37 5.93223e-09 
1194.38 6.32737e-09 
1194.39 6.7464e-09 
1194.4 7.19059e-09 
1194.41 7.66125e-09 
1194.42 8.15976e-09 
1194.43 8.68757e-09 
1194.44 9.24618e-09 
1194.45 9.83715e-09 
1194.46 1.04621e-08 
1194.47 1.11227e-08 
1194.47 1.183e-08 
1194.48 1.25676e-08 
1194.49 1.33466e-08 
1194.5 1.41687e-08 
1194.51 1.50361e-08 
1194.52 1.59508e-08 
1194.53 1.6915e-08 
1194.54 1.79309e-08 
1194.55 1.9001e-08 
1194.56 2.01277e-08 
1194.57 2.13135e-08 
1194.58 2.25609e-08 
1194.59 2.38727e-08 
1194.6 2.52516e-08 
1194.61 2.67171e-08 
1194.62 2.82398e-08 
1194.63 2.98385e-08 
1194.64 3.15163e-08 
1194.65 3.32763e-08 
1194.66 3.51219e-08 
1194.67 3.70564e-08 
1194.68 3.90833e-08 
1194.69 4.12062e-08 
1194.7 4.34286e-08 
1194.71 4.57542e-08 
1194.72 4.8187e-08 
1194.73 5.07632e-08 
1194.74 5.34232e-08 
1194.75 5.62023e-08 
1194.76 5.91045e-08 
1194.77 6.2134e-08 
1194.78 6.52952e-08 
1194.79 6.85923e-08 
1194.8 7.20298e-08 
1194.81 7.56121e-08 
1194.82 7.93439e-08 
1194.83 8.32296e-08 
1194.84 8.72739e-08 
1194.85 9.14816e-08 
1194.86 9.58575e-08 
1194.87 1.00406e-07 
1194.88 1.05133e-07 
1194.89 1.10042e-07 
1194.9 1.15138e-07 
1194.9 1.20427e-07 
1194.91 1.25913e-07 
1194.92 1.31602e-07 
1194.93 1.37497e-07 
1194.94 1.43605e-07 
1194.95 1.49929e-07 
1194.96 1.56476e-07 
1194.97 1.63248e-07 
1194.98 1.70342e-07 
1194.99 1.77585e-07 
1195 1.8507e-07 
1195.01 1.928e-07 
1195.02 2.0078e-07 
1195.03 2.09014e-07 
1195.04 2.17508e-07 
1195.05 2.26264e-07 
1195.06 2.35288e-07 
1195.07 2.44583e-07 
1195.08 2.54153e-07 
1195.09 2.64002e-07 
1195.1 2.74133e-07 
1195.11 2.84549e-07 
1195.12 2.95255e-07 
1195.13 3.06252e-07 
1195.14 3.17543e-07 
1195.15 3.29132e-07 
1195.16 3.4102e-07 
1195.17 3.53209e-07 
1195.18 3.65702e-07 
1195.19 3.78499e-07 
1195.2 3.91602e-07 
1195.21 4.05012e-07 
1195.22 4.18729e-07 
1195.23 4.32931e-07 
1195.24 4.47267e-07 
1195.25 4.61911e-07 
1195.26 4.76862e-07 
1195.27 4.92118e-07 
1195.28 5.07678e-07 
1195.29 5.23541e-07 
1195.3 5.39703e-07 
1195.31 5.56163e-07 
1195.32 5.72918e-07 
1195.32 5.89963e-07 
1195.33 6.07296e-07 
1195.34 6.24911e-07 
1195.35 6.42805e-07 
1195.36 6.60971e-07 
1195.37 6.79405e-07 
1195.38 6.981e-07 
1195.39 7.1705e-07 
1195.4 7.36248e-07 
1195.41 7.55686e-07 
1195.42 7.75356e-07 
1195.43 7.95251e-07 
1195.44 8.15361e-07 
1195.45 8.35677e-07 
1195.46 8.56189e-07 
1195.47 8.76888e-07 
1195.48 8.98024e-07 
1195.49 9.19064e-07 
1195.5 9.40258e-07 
1195.51 9.61592e-07 
1195.52 9.83055e-07 
1195.53 1.00463e-06 
1195.54 1.02631e-06 
1195.55 1.04808e-06 
1195.56 1.06993e-06 
1195.57 1.09184e-06 
1195.58 1.11379e-06 
1195.59 1.13577e-06 
1195.6 1.15777e-06 
1195.61 1.1805e-06 
1195.62 1.2025e-06 
1195.63 1.22446e-06 
1195.64 1.24638e-06 
1195.65 1.26823e-06 
1195.66 1.29e-06 
1195.67 1.31167e-06 
1195.68 1.33322e-06 
1195.69 1.35464e-06 
1195.7 1.37591e-06 
1195.71 1.397e-06 
1195.72 1.41792e-06 
1195.73 1.43888e-06 
1195.74 1.45936e-06 
1195.75 1.4796e-06 
1195.75 1.49958e-06 
1195.76 1.51929e-06 
1195.77 1.5387e-06 
1195.78 1.55781e-06 
1195.79 1.57658e-06 
1195.8 1.59501e-06 
1195.81 1.61307e-06 
1195.82 1.63076e-06 
1195.83 1.64805e-06 
1195.84 1.66493e-06 
1195.85 1.68138e-06 
1195.86 1.69739e-06 
1195.87 1.71294e-06 
1195.88 1.72802e-06 
1195.89 1.74261e-06 
1195.9 1.7567e-06 
1195.91 1.77027e-06 
1195.92 1.78331e-06 
1195.93 1.79582e-06 
1195.94 1.80777e-06 
1195.95 1.81915e-06 
1195.96 1.82997e-06 
1195.97 1.84019e-06 
1195.98 1.84994e-06 
1195.99 1.85897e-06 
1196 1.86738e-06 
1196.01 1.87517e-06 
1196.02 1.88234e-06 
1196.03 1.88887e-06 
1196.04 1.89476e-06 
1196.05 1.90002e-06 
1196.06 1.90463e-06 
1196.07 1.90858e-06 
1196.08 1.91189e-06 
1196.09 1.91454e-06 
1196.1 1.91654e-06 
1196.11 1.91788e-06 
1196.12 1.91857e-06 
1196.13 1.91861e-06 
1196.14 1.91799e-06 
1196.15 1.91673e-06 
1196.16 1.91482e-06 
1196.17 1.91228e-06 
1196.17 1.9091e-06 
1196.18 1.90529e-06 
1196.19 1.90086e-06 
1196.2 1.89582e-06 
1196.21 1.89017e-06 
1196.22 1.88383e-06 
1196.23 1.877e-06 
1196.24 1.86958e-06 
1196.25 1.8616e-06 
1196.26 1.85306e-06 
1196.27 1.84398e-06 
1196.28 1.83437e-06 
1196.29 1.82424e-06 
1196.3 1.81361e-06 
1196.31 1.8025e-06 
1196.32 1.79091e-06 
1196.33 1.77886e-06 
1196.34 1.76637e-06 
1196.35 1.75346e-06 
1196.36 1.74014e-06 
1196.37 1.72643e-06 
1196.38 1.71235e-06 
1196.39 1.69791e-06 
1196.4 1.68313e-06 
1196.41 1.66803e-06 
1196.42 1.65263e-06 
1196.43 1.63695e-06 
1196.44 1.62101e-06 
1196.45 1.60483e-06 
1196.46 1.58842e-06 
1196.47 1.5718e-06 
1196.48 1.55479e-06 
1196.49 1.53782e-06 
1196.5 1.5207e-06 
1196.51 1.50346e-06 
1196.52 1.4861e-06 
1196.53 1.46866e-06 
1196.54 1.45115e-06 
1196.55 1.43359e-06 
1196.56 1.41599e-06 
1196.57 1.39838e-06 
1196.58 1.38078e-06 
1196.59 1.3632e-06 
1196.6 1.34565e-06 
1196.6 1.32899e-06 
1196.61 1.31157e-06 
1196.62 1.29423e-06 
1196.63 1.27701e-06 
1196.64 1.25991e-06 
1196.65 1.24294e-06 
1196.66 1.22613e-06 
1196.67 1.20949e-06 
1196.68 1.19303e-06 
1196.69 1.17677e-06 
1196.7 1.16071e-06 
1196.71 1.14487e-06 
1196.72 1.12927e-06 
1196.73 1.11372e-06 
1196.74 1.09863e-06 
1196.75 1.08379e-06 
1196.76 1.06924e-06 
1196.77 1.05496e-06 
1196.78 1.04098e-06 
1196.79 1.0273e-06 
1196.8 1.01393e-06 
1196.81 1.00088e-06 
1196.82 9.88147e-07 
1196.83 9.7574e-07 
1196.84 9.63665e-07 
1196.85 9.51926e-07 
1196.86 9.40527e-07 
1196.87 9.29471e-07 
1196.88 9.1876e-07 
1196.89 9.08396e-07 
1196.9 8.98381e-07 
1196.91 8.88714e-07 
1196.92 8.79398e-07 
1196.93 8.7043e-07 
1196.94 8.61811e-07 
1196.95 8.53538e-07 
1196.96 8.45609e-07 
1196.97 8.38023e-07 
1196.98 8.30687e-07 
1196.99 8.2378e-07 
1197 8.17203e-07 
1197.01 8.10954e-07 
1197.02 8.05027e-07 
1197.03 7.99416e-07 
1197.03 7.94116e-07 
1197.04 7.8912e-07 
1197.05 7.84422e-07 
1197.06 7.80016e-07 
1197.07 7.75893e-07 
1197.08 7.72047e-07 
1197.09 7.68469e-07 
1197.1 7.65151e-07 
1197.11 7.62084e-07 
1197.12 7.5926e-07 
1197.13 7.56669e-07 
1197.14 7.54304e-07 
1197.15 7.52153e-07 
1197.16 7.50208e-07 
1197.17 7.48458e-07 
1197.18 7.46894e-07 
1197.19 7.45506e-07 
1197.2 7.44284e-07 
1197.21 7.43218e-07 
1197.22 7.42296e-07 
1197.23 7.415e-07 
1197.24 7.4084e-07 
1197.25 7.40293e-07 
1197.26 7.39851e-07 
1197.27 7.39501e-07 
1197.28 7.39235e-07 
1197.29 7.39042e-07 
1197.3 7.38912e-07 
1197.31 7.38834e-07 
1197.32 7.38799e-07 
1197.33 7.38798e-07 
1197.34 7.3882e-07 
1197.35 7.38856e-07 
1197.36 7.38896e-07 
1197.37 7.38932e-07 
1197.38 7.38956e-07 
1197.39 7.38956e-07 
1197.4 7.38927e-07 
1197.41 7.38858e-07 
1197.42 7.38743e-07 
1197.43 7.38574e-07 
1197.44 7.38342e-07 
1197.45 7.38042e-07 
1197.45 7.37666e-07 
1197.46 7.37207e-07 
1197.47 7.3666e-07 
1197.48 7.36009e-07 
1197.49 7.35265e-07 
1197.5 7.34416e-07 
1197.51 7.33457e-07 
1197.52 7.32382e-07 
1197.53 7.31188e-07 
1197.54 7.29872e-07 
1197.55 7.28428e-07 
1197.56 7.26855e-07 
1197.57 7.25149e-07 
1197.58 7.23308e-07 
1197.59 7.2133e-07 
1197.6 7.19214e-07 
1197.61 7.17402e-07 
1197.62 7.15003e-07 
1197.63 7.12463e-07 
1197.64 7.09781e-07 
1197.65 7.06958e-07 
1197.66 7.03995e-07 
1197.67 7.00891e-07 
1197.68 6.97649e-07 
1197.69 6.94271e-07 
1197.7 6.90758e-07 
1197.71 6.87113e-07 
1197.72 6.83338e-07 
1197.73 6.79387e-07 
1197.74 6.75363e-07 
1197.75 6.71219e-07 
1197.76 6.66961e-07 
1197.77 6.62592e-07 
1197.78 6.58119e-07 
1197.79 6.53546e-07 
1197.8 6.48879e-07 
1197.81 6.44123e-07 
1197.82 6.39284e-07 
1197.83 6.3437e-07 
1197.84 6.29387e-07 
1197.85 6.24342e-07 
1197.86 6.19242e-07 
1197.87 6.14095e-07 
1197.88 6.08909e-07 
1197.88 6.03692e-07 
1197.89 5.98452e-07 
1197.9 5.93198e-07 
1197.91 5.87939e-07 
1197.92 5.82684e-07 
1197.93 5.77441e-07 
1197.94 5.72222e-07 
1197.95 5.67035e-07 
1197.96 5.6189e-07 
1197.97 5.56797e-07 
1197.98 5.51704e-07 
1197.99 5.46748e-07 
1198 5.41876e-07 
1198.01 5.37097e-07 
1198.02 5.32424e-07 
1198.03 5.27867e-07 
1198.04 5.23437e-07 
1198.05 5.19145e-07 
1198.06 5.15003e-07 
1198.07 5.11021e-07 
1198.08 5.07212e-07 
1198.09 5.03586e-07 
1198.1 5.00154e-07 
1198.11 4.9693e-07 
1198.12 4.93923e-07 
1198.13 4.91145e-07 
1198.14 4.88608e-07 
1198.15 4.86324e-07 
1198.16 4.84303e-07 
1198.17 4.82557e-07 
1198.18 4.81097e-07 
1198.19 4.79934e-07 
1198.2 4.7908e-07 
1198.21 4.78545e-07 
1198.22 4.78341e-07 
1198.23 4.78481e-07 
1198.24 4.78973e-07 
1198.25 4.79826e-07 
1198.26 4.81052e-07 
1198.27 4.8266e-07 
1198.28 4.84658e-07 
1198.29 4.87058e-07 
1198.3 4.89868e-07 
1198.3 4.93097e-07 
1198.31 4.96753e-07 
1198.32 5.00845e-07 
1198.33 5.05381e-07 
1198.34 5.10367e-07 
1198.35 5.15812e-07 
1198.36 5.21722e-07 
1198.37 5.28104e-07 
1198.38 5.34962e-07 
1198.39 5.42303e-07 
1198.4 5.50132e-07 
1198.41 5.58453e-07 
1198.42 5.6727e-07 
1198.43 5.76587e-07 
1198.44 5.86405e-07 
1198.45 5.96729e-07 
1198.46 6.07558e-07 
1198.47 6.18896e-07 
1198.48 6.30892e-07 
1198.49 6.43251e-07 
1198.5 6.56117e-07 
1198.51 6.69489e-07 
1198.52 6.83364e-07 
1198.53 6.97739e-07 
1198.54 7.12611e-07 
1198.55 7.27975e-07 
1198.56 7.43828e-07 
1198.57 7.60162e-07 
1198.58 7.76971e-07 
1198.59 7.94248e-07 
1198.6 8.11985e-07 
1198.61 8.30687e-07 
1198.62 8.49328e-07 
1198.63 8.684e-07 
1198.64 8.87892e-07 
1198.65 9.07792e-07 
1198.66 9.28088e-07 
1198.67 9.48766e-07 
1198.68 9.69811e-07 
1198.69 9.91209e-07 
1198.7 1.01294e-06 
1198.71 1.035e-06 
1198.72 1.05735e-06 
1198.73 1.08028e-06 
1198.73 1.10319e-06 
1198.74 1.12635e-06 
1198.75 1.14973e-06 
1198.76 1.17332e-06 
1198.77 1.19709e-06 
1198.78 1.22102e-06 
1198.79 1.2451e-06 
1198.8 1.26929e-06 
1198.81 1.29357e-06 
1198.82 1.31791e-06 
1198.83 1.34231e-06 
1198.84 1.36671e-06 
1198.85 1.39112e-06 
1198.86 1.41548e-06 
1198.87 1.43979e-06 
1198.88 1.46401e-06 
1198.89 1.48812e-06 
1198.9 1.51209e-06 
1198.91 1.53589e-06 
1198.92 1.5595e-06 
1198.93 1.58288e-06 
1198.94 1.60602e-06 
1198.95 1.62888e-06 
1198.96 1.65143e-06 
1198.97 1.67366e-06 
1198.98 1.6958e-06 
1198.99 1.71727e-06 
1199 1.73834e-06 
1199.01 1.75897e-06 
1199.02 1.77913e-06 
1199.03 1.79881e-06 
1199.04 1.81797e-06 
1199.05 1.8366e-06 
1199.06 1.85466e-06 
1199.07 1.87214e-06 
1199.08 1.88901e-06 
1199.09 1.90526e-06 
1199.1 1.92085e-06 
1199.11 1.93577e-06 
1199.12 1.95001e-06 
1199.13 1.96353e-06 
1199.14 1.97633e-06 
1199.15 1.98839e-06 
1199.15 1.99969e-06 
1199.16 2.01021e-06 
1199.17 2.01995e-06 
1199.18 2.02889e-06 
1199.19 2.03703e-06 
1199.2 2.04434e-06 
1199.21 2.05082e-06 
1199.22 2.05653e-06 
1199.23 2.06132e-06 
1199.24 2.06527e-06 
1199.25 2.06836e-06 
1199.26 2.07059e-06 
1199.27 2.07197e-06 
1199.28 2.07249e-06 
1199.29 2.07215e-06 
1199.3 2.07096e-06 
1199.31 2.06892e-06 
1199.32 2.06604e-06 
1199.33 2.06231e-06 
1199.34 2.05775e-06 
1199.35 2.05237e-06 
1199.36 2.04618e-06 
1199.37 2.03918e-06 
1199.38 2.03139e-06 
1199.39 2.02283e-06 
1199.4 2.0135e-06 
1199.41 2.00342e-06 
1199.42 1.99262e-06 
1199.43 1.9811e-06 
1199.44 1.96889e-06 
1199.45 1.95601e-06 
1199.46 1.94247e-06 
1199.47 1.92831e-06 
1199.48 1.91334e-06 
1199.49 1.89797e-06 
1199.5 1.88205e-06 
1199.51 1.86558e-06 
1199.52 1.84861e-06 
1199.53 1.83115e-06 
1199.54 1.81323e-06 
1199.55 1.79489e-06 
1199.56 1.77614e-06 
1199.57 1.75702e-06 
1199.58 1.73755e-06 
1199.58 1.71776e-06 
1199.59 1.69769e-06 
1199.6 1.67736e-06 
1199.61 1.65783e-06 
1199.62 1.63706e-06 
1199.63 1.61612e-06 
1199.64 1.59504e-06 
1199.65 1.57385e-06 
1199.66 1.55259e-06 
1199.67 1.53127e-06 
1199.68 1.50993e-06 
1199.69 1.48859e-06 
1199.7 1.46729e-06 
1199.71 1.44606e-06 
1199.72 1.42492e-06 
1199.73 1.40363e-06 
1199.74 1.38275e-06 
1199.75 1.36205e-06 
1199.76 1.34155e-06 
1199.77 1.32127e-06 
1199.78 1.30123e-06 
1199.79 1.28147e-06 
1199.8 1.262e-06 
1199.81 1.24285e-06 
1199.82 1.22404e-06 
1199.83 1.20559e-06 
1199.84 1.18751e-06 
1199.85 1.16983e-06 
1199.86 1.15257e-06 
1199.87 1.13574e-06 
1199.88 1.11936e-06 
1199.89 1.10344e-06 
1199.9 1.088e-06 
1199.91 1.07304e-06 
1199.92 1.05859e-06 
1199.93 1.04466e-06 
1199.94 1.03124e-06 
1199.95 1.01836e-06 
1199.96 1.00601e-06 
1199.97 9.94216e-07 
1199.98 9.82837e-07 
1199.99 9.72151e-07 
1200 9.62028e-07 
1200.01 9.52469e-07 
1200.01 9.43473e-07 
1200.02 9.35041e-07 
1200.03 9.27172e-07 
1200.04 9.19865e-07 
1200.05 9.13118e-07 
1200.06 9.06926e-07 
1200.07 9.01285e-07 
1200.08 8.96189e-07 
1200.09 8.91631e-07 
1200.1 8.87605e-07 
1200.11 8.84102e-07 
1200.12 8.81112e-07 
1200.13 8.78626e-07 
1200.14 8.76632e-07 
1200.15 8.75119e-07 
1200.16 8.74074e-07 
1200.17 8.73485e-07 
1200.18 8.73337e-07 
1200.19 8.73615e-07 
1200.2 8.74305e-07 
1200.21 8.75392e-07 
1200.22 8.76857e-07 
1200.23 8.78709e-07 
1200.24 8.80886e-07 
1200.25 8.8339e-07 
1200.26 8.86202e-07 
1200.27 8.89304e-07 
1200.28 8.92676e-07 
1200.29 8.963e-07 
1200.3 9.00156e-07 
1200.31 9.04224e-07 
1200.32 9.08483e-07 
1200.33 9.12914e-07 
1200.34 9.17496e-07 
1200.35 9.22209e-07 
1200.36 9.27031e-07 
1200.37 9.31944e-07 
1200.38 9.36926e-07 
1200.39 9.41957e-07 
1200.4 9.47016e-07 
1200.41 9.52085e-07 
1200.42 9.57141e-07 
1200.43 9.62166e-07 
1200.43 9.67141e-07 
1200.44 9.72046e-07 
1200.45 9.76863e-07 
1200.46 9.81572e-07 
1200.47 9.86156e-07 
1200.48 9.90652e-07 
1200.49 9.94931e-07 
1200.5 9.99032e-07 
1200.51 1.00294e-06 
1200.52 1.00664e-06 
1200.53 1.01011e-06 
1200.54 1.01335e-06 
1200.55 1.01633e-06 
1200.56 1.01905e-06 
1200.57 1.02149e-06 
1200.58 1.02363e-06 
1200.59 1.02548e-06 
1200.6 1.02701e-06 
1200.61 1.02885e-06 
1200.62 1.02973e-06 
1200.63 1.03026e-06 
1200.64 1.03045e-06 
1200.65 1.03028e-06 
1200.66 1.02974e-06 
1200.67 1.02884e-06 
1200.68 1.02757e-06 
1200.69 1.02592e-06 
1200.7 1.02389e-06 
1200.71 1.02147e-06 
1200.72 1.01867e-06 
1200.73 1.01545e-06 
1200.74 1.01187e-06 
1200.75 1.00791e-06 
1200.76 1.00357e-06 
1200.77 9.98837e-07 
1200.78 9.93728e-07 
1200.79 9.88242e-07 
1200.8 9.82383e-07 
1200.81 9.76155e-07 
1200.82 9.69563e-07 
1200.83 9.62613e-07 
1200.84 9.55312e-07 
1200.85 9.47665e-07 
1200.85 9.39681e-07 
1200.86 9.31367e-07 
1200.87 9.22733e-07 
1200.88 9.13786e-07 
1200.89 9.04536e-07 
1200.9 8.94992e-07 
1200.91 8.85166e-07 
1200.92 8.75067e-07 
1200.93 8.64706e-07 
1200.94 8.54094e-07 
1200.95 8.43243e-07 
1200.96 8.32165e-07 
1200.97 8.2087e-07 
1200.98 8.09228e-07 
1200.99 7.97536e-07 
1201 7.85666e-07 
1201.01 7.7363e-07 
1201.02 7.6144e-07 
1201.03 7.49109e-07 
1201.04 7.3665e-07 
1201.05 7.24076e-07 
1201.06 7.11399e-07 
1201.07 6.98631e-07 
1201.08 6.85787e-07 
1201.09 6.72877e-07 
1201.1 6.59915e-07 
1201.11 6.46912e-07 
1201.12 6.33881e-07 
1201.13 6.20834e-07 
1201.14 6.07783e-07 
1201.15 5.94738e-07 
1201.16 5.81712e-07 
1201.17 5.68715e-07 
1201.18 5.55758e-07 
1201.19 5.42851e-07 
1201.2 5.30006e-07 
1201.21 5.17231e-07 
1201.22 5.04536e-07 
1201.23 4.91774e-07 
1201.24 4.79269e-07 
1201.25 4.6687e-07 
1201.26 4.54587e-07 
1201.27 4.42427e-07 
1201.28 4.30398e-07 
1201.28 4.18507e-07 
1201.29 4.0676e-07 
1201.3 3.95164e-07 
1201.31 3.83725e-07 
1201.32 3.72448e-07 
1201.33 3.61339e-07 
1201.34 3.50403e-07 
1201.35 3.39644e-07 
1201.36 3.29067e-07 
1201.37 3.18674e-07 
1201.38 3.0847e-07 
1201.39 2.98457e-07 
1201.4 2.88638e-07 
1201.41 2.79016e-07 
1201.42 2.69593e-07 
1201.43 2.6037e-07 
1201.44 2.51348e-07 
1201.45 2.42529e-07 
1201.46 2.33913e-07 
1201.47 2.25501e-07 
1201.48 2.17191e-07 
1201.49 2.0919e-07 
1201.5 2.01392e-07 
1201.51 1.93796e-07 
1201.52 1.86402e-07 
1201.53 1.7921e-07 
1201.54 1.72216e-07 
1201.55 1.65421e-07 
1201.56 1.58821e-07 
1201.57 1.52416e-07 
1201.58 1.46202e-07 
1201.59 1.40178e-07 
1201.6 1.34342e-07 
1201.61 1.28769e-07 
1201.62 1.23296e-07 
1201.63 1.18001e-07 
1201.64 1.12883e-07 
1201.65 1.07938e-07 
1201.66 1.03162e-07 
1201.67 9.85534e-08 
1201.68 9.41076e-08 
1201.69 8.98216e-08 
1201.7 8.56919e-08 
1201.7 8.1715e-08 
1201.71 7.78873e-08 
1201.72 7.416e-08 
1201.73 7.06216e-08 
1201.74 6.72216e-08 
1201.75 6.39561e-08 
1201.76 6.08217e-08 
1201.77 5.78146e-08 
1201.78 5.49313e-08 
1201.79 5.21681e-08 
1201.8 4.95214e-08 
1201.81 4.69876e-08 
1201.82 4.45632e-08 
1201.83 4.22447e-08 
1201.84 4.00287e-08 
1201.85 3.79117e-08 
1201.86 3.58904e-08 
1201.87 3.39614e-08 
1201.88 3.21215e-08 
1201.89 3.03675e-08 
1201.9 2.86962e-08 
1201.91 2.71047e-08 
1201.92 2.55897e-08 
1201.93 2.41485e-08 
1201.94 2.27781e-08 
1201.95 2.14757e-08 
1201.96 2.02386e-08 
1201.97 1.90641e-08 
1201.98 1.7936e-08 
1201.99 1.68797e-08 
1202 1.58784e-08 
1202.01 1.49297e-08 
1202.02 1.40313e-08 
1202.03 1.3181e-08 
1202.04 1.23766e-08 
1202.05 1.1616e-08 
1202.06 1.08972e-08 
1202.07 1.02182e-08 
1202.08 9.57721e-09 
1202.09 8.97235e-09 
1202.1 8.40186e-09 
1202.11 7.86408e-09 
1202.12 7.35738e-09 
1202.13 6.8802e-09 
1202.13 6.43105e-09 
1202.14 6.00849e-09 
1202.15 5.61115e-09 
1202.16 5.23771e-09 
1202.17 4.8869e-09 
1202.18 4.55751e-09 
1202.19 4.2484e-09 
1202.2 3.95846e-09 
1202.21 3.68663e-09 
1202.22 3.42892e-09 
1202.23 3.19045e-09 
1202.24 2.9673e-09 
1202.25 2.7585e-09 
1202.26 2.56323e-09 
1202.27 2.3807e-09 
1202.28 2.21017e-09 
1202.29 2.05092e-09 
1202.3 1.90228e-09 
1202.31 1.76361e-09 
1202.32 1.63431e-09 
1202.33 1.5138e-09 
1202.34 1.40154e-09 
1202.35 1.29702e-09 
1202.36 1.19974e-09 
1202.37 1.10926e-09 
1202.38 1.02514e-09 
1202.39 9.46964e-10 
1202.4 8.74354e-10 
1202.41 8.06945e-10 
1202.42 7.44395e-10 
1202.43 6.86382e-10 
1202.44 6.32603e-10 
1202.45 5.82772e-10 
1202.46 5.36623e-10 
1202.47 4.93905e-10 
1202.48 4.53905e-10 
1202.49 4.1739e-10 
1202.5 3.83638e-10 
1202.51 3.52455e-10 
1202.52 3.2366e-10 
1202.53 2.97082e-10 
1202.54 2.72563e-10 
1202.55 2.49954e-10 
1202.56 2.29117e-10 
1202.56 2.09921e-10 
1202.57 1.92246e-10 
1202.58 1.75979e-10 
1202.59 1.61016e-10 
1202.6 1.47258e-10 
1202.61 1.34698e-10 
1202.62 1.23077e-10 
1202.63 1.12407e-10 
1202.64 1.02616e-10 
1202.65 9.36355e-11 
1202.66 8.54019e-11 
1202.67 7.78569e-11 
1202.68 7.09463e-11 
1202.69 6.46197e-11 
1202.7 5.88306e-11 
1202.71 5.35358e-11 
1202.72 4.86954e-11 
1202.73 4.42198e-11 
1202.74 4.01849e-11 
1202.75 3.65017e-11 
1202.76 3.3141e-11 
1202.77 3.0076e-11 
1202.78 2.72822e-11 
1202.79 2.47366e-11 
1202.8 2.24183e-11 
1202.81 2.03081e-11 
1202.82 1.83882e-11 
1202.83 1.66422e-11 
1202.84 1.50552e-11 
1202.85 1.36133e-11 
1202.86 1.23039e-11 
1202.87 1.11155e-11 
1202.88 1.00372e-11 
1202.89 9.05946e-12 
1202.9 8.17323e-12 
1202.91 7.37035e-12 
1202.92 6.64333e-12 
1202.93 5.98529e-12 
1202.94 5.39e-12 
1202.95 4.8517e-12 
1202.96 4.36518e-12 
1202.97 3.92567e-12 
1202.98 3.52881e-12 
1202.98 3.16637e-12 
1202.99 2.84367e-12 
1203 2.5527e-12 
1203.01 2.29046e-12 
1203.02 2.05422e-12 
1203.03 1.84152e-12 
1203.04 1.65009e-12 
1203.05 1.47789e-12 
1203.06 1.32305e-12 
1203.07 1.18391e-12 
1203.08 1.05891e-12 
1203.09 9.46683e-13 
1203.1 8.45965e-13 
1203.11 7.5562e-13 
1203.12 6.74616e-13 
1203.13 6.02023e-13 
1203.14 5.36997e-13 
1203.15 4.78778e-13 
1203.16 4.26677e-13 
1203.17 3.80072e-13 
1203.18 3.38405e-13 
1203.19 3.01169e-13 
1203.2 2.67908e-13 
1203.21 2.38212e-13 
1203.22 2.11712e-13 
1203.23 1.87796e-13 
1203.24 1.66752e-13 
1203.25 1.47999e-13 
1203.26 1.31295e-13 
1203.27 1.16424e-13 
1203.28 1.0319e-13 
1203.29 9.14188e-14 
1203.3 8.09538e-14 
1203.31 7.16541e-14 
1203.32 6.3394e-14 
1203.33 5.60606e-14 
1203.34 4.95531e-14 
1203.35 4.3781e-14 
1203.36 3.86638e-14 
1203.37 3.41291e-14 
1203.38 3.01126e-14 
1203.39 2.65568e-14 
1203.4 2.34102e-14 
1203.41 2.0627e-14 
1203.41 1.81665e-14 
1203.42 1.59923e-14 
1203.43 1.40718e-14 
1203.44 1.23764e-14 
1203.45 1.08803e-14 
1203.46 9.56067e-15 
1203.47 8.39731e-15 
1203.48 7.36015e-15 
1203.49 6.45865e-15 
1203.5 5.66499e-15 
1203.51 4.96661e-15 
1203.52 4.35234e-15 
1203.53 3.81232e-15 
1203.54 3.33778e-15 
1203.55 2.92099e-15 
1203.56 2.55508e-15 
1203.57 2.23399e-15 
1203.58 1.95237e-15 
1203.59 1.70547e-15 
1203.6 1.48912e-15 
1203.61 1.30043e-15 
1203.62 1.13443e-15 
1203.63 9.89171e-16 
1203.64 8.62121e-16 
1203.65 7.51048e-16 
1203.66 6.53989e-16 
1203.67 5.69214e-16 
1203.68 4.95203e-16 
1203.69 4.3062e-16 
1203.7 3.7429e-16 
1203.71 3.2518e-16 
1203.72 2.82386e-16 
1203.73 2.44678e-16 
1203.74 2.12284e-16 
1203.75 1.84096e-16 
1203.76 1.59577e-16 
1203.77 1.38262e-16 
1203.78 1.19739e-16 
1203.79 1.03651e-16 
1203.8 8.96831e-17 
1203.81 7.75627e-17 
1203.82 6.70498e-17 
1203.83 5.79355e-17 
1203.83 5.00375e-17 
1203.84 4.31965e-17 
1203.85 3.72739e-17 
1203.86 3.21487e-17 
1203.87 2.77156e-17 
1203.88 2.3883e-17 
1203.89 2.0571e-17 
1203.9 1.77103e-17 
1203.91 1.52405e-17 
1203.92 1.31091e-17 
1203.93 1.12707e-17 
1203.94 9.68575e-18 
1203.95 8.31988e-18 
1203.96 7.14338e-18 
1203.97 6.13046e-18 
1203.98 5.2487e-18 
1203.99 4.50033e-18 
1204 3.85691e-18 
1204.01 3.30398e-18 
1204.02 2.82904e-18 
1204.03 2.42127e-18 
1204.04 2.07133e-18 
1204.05 1.77116e-18 
1204.06 1.51381e-18 
1204.07 1.29326e-18 
1204.08 1.10434e-18 
1204.09 9.42592e-19 
1204.1 8.04169e-19 
1204.11 6.85762e-19 
1204.12 5.84524e-19 
1204.13 4.98005e-19 
1204.14 4.241e-19 
1204.15 3.60999e-19 
1204.16 3.07147e-19 
1204.17 2.6121e-19 
1204.18 2.22042e-19 
1204.19 1.88662e-19 
1204.2 1.60227e-19 
1204.21 1.36016e-19 
1204.22 1.15411e-19 
1204.23 9.7681e-20 
1204.24 8.28076e-20 
1204.25 7.0167e-20 
1204.26 5.9429e-20 
1204.26 5.03115e-20 
1204.27 4.25734e-20 
1204.28 3.60091e-20 
1204.29 3.04431e-20 
1204.3 2.57258e-20 
1204.31 2.17296e-20 
1204.32 1.83458e-20 
1204.33 1.54819e-20 
1204.34 1.30592e-20 
1204.35 1.10105e-20 
1204.36 9.27909e-21 
1204.37 7.81636e-21 
1204.38 6.58122e-21 
1204.39 5.53874e-21 
1204.4 4.65928e-21 
1204.41 3.91768e-21 
1204.42 3.29263e-21 
1204.43 2.76604e-21 
1204.44 2.32262e-21 
1204.45 1.94939e-21 
1204.46 1.6354e-21 
1204.47 1.37136e-21 
1204.48 1.14689e-21 
1204.49 9.6084e-22 
1204.5 8.04608e-22 
1204.51 6.73473e-22 
1204.52 5.63454e-22 
1204.53 4.71195e-22 
1204.54 3.93862e-22 
1204.55 3.29073e-22 
1204.56 2.74816e-22 
1204.57 2.294e-22 
1204.58 1.91403e-22 
1204.59 1.59628e-22 
1204.6 1.33067e-22 
1204.61 1.10875e-22 
1204.62 9.2399e-23 
1204.63 7.69195e-23 
1204.64 6.40043e-23 
1204.65 5.32334e-23 
1204.66 4.4255e-23 
1204.67 3.67741e-23 
1204.68 3.0544e-23 
1204.68 2.53578e-23 
1204.69 2.10427e-23 
1204.7 1.74539e-23 
1204.71 1.44706e-23 
1204.72 1.19637e-23 
1204.73 9.90973e-24 
1204.74 8.20469e-24 
1204.75 6.78994e-24 
1204.76 5.61658e-24 
1204.77 4.64388e-24 
1204.78 3.83789e-24 
1204.79 3.17035e-24 
1204.8 2.61773e-24 
1204.81 2.16045e-24 
1204.82 1.78225e-24 
1204.83 1.46958e-24 
1204.84 1.21122e-24 
1204.85 9.97822e-25 
1204.86 8.21651e-25 
1204.87 6.76276e-25 
1204.88 5.5637e-25 
1204.89 4.57516e-25 
1204.9 3.76055e-25 
1204.91 3.08958e-25 
1204.92 2.53718e-25 
1204.93 2.08259e-25 
1204.94 1.70868e-25 
1204.95 1.40127e-25 
1204.96 1.14864e-25 
1204.97 9.41125e-26 
1204.98 7.68829e-26 
1204.99 6.29358e-26 
1205 5.14954e-26 
1205.01 4.21155e-26 
1205.02 3.44285e-26 
1205.03 2.81318e-26 
1205.04 2.29763e-26 
1205.05 1.87571e-26 
1205.06 1.53057e-26 
1205.07 1.24837e-26 
1205.08 1.01774e-26 
1205.09 8.29339e-27 
1205.1 6.75508e-27 
1205.11 5.49962e-27 
1205.11 4.47545e-27 
1205.12 3.64036e-27 
1205.13 2.95974e-27 
1205.14 2.40529e-27 
1205.15 1.95381e-27 
1205.16 1.58636e-27 
1205.17 1.28742e-27 
1205.18 1.04435e-27 
1205.19 8.46784e-28 
1205.2 6.86281e-28 
1205.21 5.55949e-28 
1205.22 4.49092e-28 
1205.23 3.63378e-28 
1205.24 2.93966e-28 
1205.25 2.37705e-28 
1205.26 1.92124e-28 
1205.27 1.55213e-28 
1205.28 1.25337e-28 
1205.29 1.01165e-28 
1205.3 8.16178e-29 
1205.31 6.58177e-29 
1205.32 5.30522e-29 
1205.33 4.27432e-29 
1205.34 3.44218e-29 
1205.35 2.77078e-29 
1205.36 2.22933e-29 
1205.37 1.79287e-29 
1205.38 1.44121e-29 
1205.39 1.15799e-29 
1205.4 9.30014e-30 
1205.41 7.46578e-30 
1205.42 5.99051e-30 
1205.43 4.80458e-30 
1205.44 3.85168e-30 
1205.45 3.08636e-30 
1205.46 2.47199e-30 
1205.47 1.97902e-30 
1205.48 1.57968e-30 
1205.49 1.26313e-30 
1205.5 1.00985e-30 
1205.51 8.06992e-31 
1205.52 6.4459e-31 
1205.53 5.14636e-31 
1205.54 4.10696e-31 
1205.54 3.27599e-31 
1205.55 2.61197e-31 
1205.56 2.08159e-31 
1205.57 1.65816e-31 
1205.58 1.32026e-31 
1205.59 1.05074e-31 
1205.6 8.35866e-32 
1205.61 6.65037e-32 
1205.62 5.28556e-32 
1205.63 4.19893e-32 
1205.64 3.33418e-32 
1205.65 2.64632e-32 
1205.66 2.09942e-32 
1205.67 1.66478e-32 
1205.68 1.31953e-32 
1205.69 1.0454e-32 
1205.7 8.27849e-33 
1205.71 6.55271e-33 
1205.72 5.18435e-33 
1205.73 4.08784e-33 
1205.74 3.23125e-33 
1205.75 2.55299e-33 
1205.76 2.01619e-33 
1205.77 1.59153e-33 
1205.78 1.25575e-33 
1205.79 9.90358e-34 
1205.8 7.80702e-34 
1205.81 6.1515e-34 
1205.82 4.84484e-34 
1205.83 3.814e-34 
1205.84 3.00113e-34 
1205.85 2.36043e-34 
1205.86 1.85567e-34 
1205.87 1.45819e-34 
1205.88 1.14532e-34 
1205.89 8.99179e-35 
1205.9 7.05614e-35 
1205.91 5.53465e-35 
1205.92 4.33927e-35 
1205.93 3.40053e-35 
1205.94 2.66365e-35 
1205.95 2.08551e-35 
1205.96 1.63211e-35 
1205.96 1.27671e-35 
1205.97 9.98237e-36 
1205.98 7.77751e-36 
1205.99 6.07556e-36 
1206 4.7439e-36 
1206.01 3.70244e-36 
1206.02 2.8883e-36 
1206.03 2.25216e-36 
1206.04 1.75533e-36 
1206.05 1.36749e-36 
1206.06 1.06485e-36 
1206.07 8.28815e-37 
1206.08 6.44806e-37 
1206.09 5.01422e-37 
1206.1 3.89745e-37 
1206.11 3.02803e-37 
1206.12 2.35149e-37 
1206.13 1.82527e-37 
1206.14 1.41617e-37 
1206.15 1.09827e-37 
1206.16 8.51336e-38 
1206.17 6.59626e-38 
1206.18 5.10855e-38 
1206.19 3.95457e-38 
1206.2 3.05988e-38 
1206.21 2.36653e-38 
1206.22 1.82946e-38 
1206.23 1.40908e-38 
1206.24 1.0883e-38 
1206.25 8.40167e-39 
1206.26 6.48313e-39 
1206.27 5.00043e-39 
1206.28 3.85507e-39 
1206.29 2.97071e-39 
1206.3 2.28818e-39 
1206.31 1.76166e-39 
1206.32 1.35569e-39 
1206.33 1.04279e-39 
1206.34 8.01753e-40 
1206.35 6.16148e-40 
1206.36 4.73296e-40 
1206.37 3.63397e-40 
1206.38 2.78891e-40 
1206.39 2.13939e-40 
1206.39 1.6404e-40 
1206.4 1.25722e-40 
1206.41 9.63098e-41 
1206.42 7.37475e-41 
1206.43 5.64429e-41 
1206.44 4.31796e-41 
1206.45 3.30188e-41 
1206.46 2.5236e-41 
1206.47 1.92805e-41 
1206.48 1.46744e-41 
1206.49 1.12006e-41 
1206.5 8.54512e-42 
1206.51 6.51464e-42 
1206.52 4.9676e-42 
1206.53 3.78491e-42 
1206.54 2.88247e-42 
1206.55 2.19443e-42 
1206.56 1.66895e-42 
1206.57 1.26818e-42 
1206.58 9.65495e-43 
1206.59 7.32879e-43 
1206.6 0 
