#energy geo_1 
1186.6 1.32771e-06 
1186.61 1.32691e-06 
1186.62 1.32612e-06 
1186.63 1.32533e-06 
1186.64 1.32453e-06 
1186.65 1.32374e-06 
1186.66 1.32295e-06 
1186.67 1.32215e-06 
1186.68 1.32136e-06 
1186.69 1.32057e-06 
1186.7 1.31978e-06 
1186.71 1.31899e-06 
1186.72 1.3182e-06 
1186.73 1.31741e-06 
1186.74 1.31661e-06 
1186.75 1.31582e-06 
1186.76 1.31504e-06 
1186.77 1.31425e-06 
1186.78 1.31346e-06 
1186.79 1.31267e-06 
1186.8 1.31188e-06 
1186.81 1.31109e-06 
1186.81 1.31031e-06 
1186.82 1.30952e-06 
1186.83 1.30873e-06 
1186.84 1.30795e-06 
1186.85 1.30716e-06 
1186.86 1.30638e-06 
1186.87 1.30559e-06 
1186.88 1.3048e-06 
1186.89 1.30402e-06 
1186.9 1.30324e-06 
1186.91 1.30245e-06 
1186.92 1.30167e-06 
1186.93 1.30088e-06 
1186.94 1.3001e-06 
1186.95 1.29932e-06 
1186.96 1.29854e-06 
1186.97 1.29776e-06 
1186.98 1.29697e-06 
1186.99 1.29619e-06 
1187 1.29541e-06 
1187.01 1.29463e-06 
1187.02 1.29385e-06 
1187.03 1.29307e-06 
1187.04 1.29229e-06 
1187.05 1.29151e-06 
1187.06 1.29073e-06 
1187.07 1.28995e-06 
1187.08 1.28918e-06 
1187.09 1.2884e-06 
1187.1 1.28762e-06 
1187.11 1.28684e-06 
1187.12 1.28606e-06 
1187.13 1.28529e-06 
1187.14 1.28451e-06 
1187.15 1.28374e-06 
1187.16 1.28296e-06 
1187.17 1.28218e-06 
1187.18 1.28141e-06 
1187.19 1.28064e-06 
1187.2 1.27986e-06 
1187.21 1.27909e-06 
1187.22 1.27831e-06 
1187.23 1.27754e-06 
1187.24 1.27677e-06 
1187.24 1.276e-06 
1187.25 1.27522e-06 
1187.26 1.27445e-06 
1187.27 1.27368e-06 
1187.28 1.27291e-06 
1187.29 1.27214e-06 
1187.3 1.27137e-06 
1187.31 1.2706e-06 
1187.32 1.26982e-06 
1187.33 1.26906e-06 
1187.34 1.26829e-06 
1187.35 1.26752e-06 
1187.36 1.26675e-06 
1187.37 1.26598e-06 
1187.38 1.26521e-06 
1187.39 1.26444e-06 
1187.4 1.26368e-06 
1187.41 1.26291e-06 
1187.42 1.26214e-06 
1187.43 1.26138e-06 
1187.44 1.26061e-06 
1187.45 1.25984e-06 
1187.46 1.25908e-06 
1187.47 1.25832e-06 
1187.48 1.25755e-06 
1187.49 1.25679e-06 
1187.5 1.25602e-06 
1187.51 1.25526e-06 
1187.52 1.25449e-06 
1187.53 1.25373e-06 
1187.54 1.25297e-06 
1187.55 1.25221e-06 
1187.56 1.25144e-06 
1187.57 1.25068e-06 
1187.58 1.24992e-06 
1187.59 1.24916e-06 
1187.6 1.2484e-06 
1187.61 1.24842e-06 
1187.62 1.24766e-06 
1187.63 1.2469e-06 
1187.64 1.24614e-06 
1187.65 1.24538e-06 
1187.66 1.24462e-06 
1187.66 1.24386e-06 
1187.67 1.2431e-06 
1187.68 1.24234e-06 
1187.69 1.24158e-06 
1187.7 1.24082e-06 
1187.71 1.24007e-06 
1187.72 1.23931e-06 
1187.73 1.23855e-06 
1187.74 1.2378e-06 
1187.75 1.23704e-06 
1187.76 1.23629e-06 
1187.77 1.23553e-06 
1187.78 1.23477e-06 
1187.79 1.23402e-06 
1187.8 1.23327e-06 
1187.81 1.23251e-06 
1187.82 1.23176e-06 
1187.83 1.231e-06 
1187.84 1.23025e-06 
1187.85 1.2295e-06 
1187.86 1.22874e-06 
1187.87 1.22799e-06 
1187.88 1.22724e-06 
1187.89 1.22649e-06 
1187.9 1.22574e-06 
1187.91 1.22499e-06 
1187.92 1.22424e-06 
1187.93 1.22349e-06 
1187.94 1.22273e-06 
1187.95 1.22199e-06 
1187.96 1.22124e-06 
1187.97 1.22049e-06 
1187.98 1.21974e-06 
1187.99 1.21899e-06 
1188 1.21824e-06 
1188.01 1.21749e-06 
1188.02 1.21674e-06 
1188.03 1.216e-06 
1188.04 1.21525e-06 
1188.05 1.21451e-06 
1188.06 1.21376e-06 
1188.07 1.21301e-06 
1188.08 1.21227e-06 
1188.09 1.21152e-06 
1188.09 1.21078e-06 
1188.1 1.21003e-06 
1188.11 1.20929e-06 
1188.12 1.20854e-06 
1188.13 1.2078e-06 
1188.14 1.20706e-06 
1188.15 1.20631e-06 
1188.16 1.20557e-06 
1188.17 1.20483e-06 
1188.18 1.20409e-06 
1188.19 1.20335e-06 
1188.2 1.2026e-06 
1188.21 1.20186e-06 
1188.22 1.20112e-06 
1188.23 1.20038e-06 
1188.24 1.19964e-06 
1188.25 1.1989e-06 
1188.26 1.19816e-06 
1188.27 1.19742e-06 
1188.28 1.19668e-06 
1188.29 1.19594e-06 
1188.3 1.1952e-06 
1188.31 1.19446e-06 
1188.32 1.19373e-06 
1188.33 1.19299e-06 
1188.34 1.19225e-06 
1188.35 1.19151e-06 
1188.36 1.19078e-06 
1188.37 1.19004e-06 
1188.38 1.1893e-06 
1188.39 1.18857e-06 
1188.4 1.18783e-06 
1188.41 1.1871e-06 
1188.42 1.18636e-06 
1188.43 1.18563e-06 
1188.44 1.18489e-06 
1188.45 1.18416e-06 
1188.46 1.18342e-06 
1188.47 1.18269e-06 
1188.48 1.18196e-06 
1188.49 1.18122e-06 
1188.5 1.18049e-06 
1188.51 1.17976e-06 
1188.52 1.17903e-06 
1188.52 1.17829e-06 
1188.53 1.17756e-06 
1188.54 1.17683e-06 
1188.55 1.1761e-06 
1188.56 1.17537e-06 
1188.57 1.17464e-06 
1188.58 1.17391e-06 
1188.59 1.17318e-06 
1188.6 1.17318e-06 
1188.61 1.17245e-06 
1188.62 1.17172e-06 
1188.63 1.17099e-06 
1188.64 1.17026e-06 
1188.65 1.16954e-06 
1188.66 1.16881e-06 
1188.67 1.16808e-06 
1188.68 1.16735e-06 
1188.69 1.16662e-06 
1188.7 1.1659e-06 
1188.71 1.16517e-06 
1188.72 1.16444e-06 
1188.73 1.16372e-06 
1188.74 1.16299e-06 
1188.75 1.16226e-06 
1188.76 1.16154e-06 
1188.77 1.16081e-06 
1188.78 1.16009e-06 
1188.79 1.15936e-06 
1188.8 1.15864e-06 
1188.81 1.15791e-06 
1188.82 1.15719e-06 
1188.83 1.15647e-06 
1188.84 1.15574e-06 
1188.85 1.15502e-06 
1188.86 1.1543e-06 
1188.87 1.15357e-06 
1188.88 1.15285e-06 
1188.89 1.15213e-06 
1188.9 1.15141e-06 
1188.91 1.15068e-06 
1188.92 1.14996e-06 
1188.93 1.14924e-06 
1188.94 1.14852e-06 
1188.94 1.1478e-06 
1188.95 1.14708e-06 
1188.96 1.14636e-06 
1188.97 1.14564e-06 
1188.98 1.14492e-06 
1188.99 1.1442e-06 
1189 1.14348e-06 
1189.01 1.14277e-06 
1189.02 1.14205e-06 
1189.03 1.14133e-06 
1189.04 1.14061e-06 
1189.05 1.13989e-06 
1189.06 1.13917e-06 
1189.07 1.13846e-06 
1189.08 1.13774e-06 
1189.09 1.13702e-06 
1189.1 1.13631e-06 
1189.11 1.13559e-06 
1189.12 1.13488e-06 
1189.13 1.13416e-06 
1189.14 1.13344e-06 
1189.15 1.13273e-06 
1189.16 1.13201e-06 
1189.17 1.1313e-06 
1189.18 1.13058e-06 
1189.19 1.12987e-06 
1189.2 1.12916e-06 
1189.21 1.12844e-06 
1189.22 1.12773e-06 
1189.23 1.12701e-06 
1189.24 1.1263e-06 
1189.25 1.12559e-06 
1189.26 1.12488e-06 
1189.27 1.12416e-06 
1189.28 1.12345e-06 
1189.29 1.12274e-06 
1189.3 1.12203e-06 
1189.31 1.12132e-06 
1189.32 1.1206e-06 
1189.33 1.11989e-06 
1189.34 1.11918e-06 
1189.35 1.11847e-06 
1189.36 1.11776e-06 
1189.36 1.11705e-06 
1189.37 1.11634e-06 
1189.38 1.11563e-06 
1189.39 1.11492e-06 
1189.4 1.11421e-06 
1189.41 1.1135e-06 
1189.42 1.11279e-06 
1189.43 1.11208e-06 
1189.44 1.11137e-06 
1189.45 1.11067e-06 
1189.46 1.10996e-06 
1189.47 1.10925e-06 
1189.48 1.10854e-06 
1189.49 1.10784e-06 
1189.5 1.10713e-06 
1189.51 1.10642e-06 
1189.52 1.10571e-06 
1189.53 1.10501e-06 
1189.54 1.1043e-06 
1189.55 1.1036e-06 
1189.56 1.10289e-06 
1189.57 1.10218e-06 
1189.58 1.10148e-06 
1189.59 1.10077e-06 
1189.6 1.10007e-06 
1189.61 1.10005e-06 
1189.62 1.09934e-06 
1189.63 1.09863e-06 
1189.64 1.09793e-06 
1189.65 1.09723e-06 
1189.66 1.09652e-06 
1189.67 1.09582e-06 
1189.68 1.09511e-06 
1189.69 1.0944e-06 
1189.7 1.0937e-06 
1189.71 1.093e-06 
1189.72 1.09229e-06 
1189.73 1.09159e-06 
1189.74 1.09089e-06 
1189.75 1.09019e-06 
1189.76 1.08948e-06 
1189.77 1.08878e-06 
1189.78 1.08808e-06 
1189.79 1.08737e-06 
1189.79 1.08667e-06 
1189.8 1.08597e-06 
1189.81 1.08527e-06 
1189.82 1.08457e-06 
1189.83 1.08387e-06 
1189.84 1.08316e-06 
1189.85 1.08246e-06 
1189.86 1.08176e-06 
1189.87 1.08106e-06 
1189.88 1.08036e-06 
1189.89 1.07966e-06 
1189.9 1.07896e-06 
1189.91 1.07826e-06 
1189.92 1.07756e-06 
1189.93 1.07686e-06 
1189.94 1.07616e-06 
1189.95 1.07546e-06 
1189.96 1.07476e-06 
1189.97 1.07406e-06 
1189.98 1.07336e-06 
1189.99 1.07266e-06 
1190 1.07196e-06 
1190.01 1.07126e-06 
1190.02 1.07056e-06 
1190.03 1.06986e-06 
1190.04 1.06917e-06 
1190.05 1.06847e-06 
1190.06 1.06777e-06 
1190.07 1.06707e-06 
1190.08 1.06637e-06 
1190.09 1.06568e-06 
1190.1 1.06498e-06 
1190.11 1.06428e-06 
1190.12 1.06358e-06 
1190.13 1.06288e-06 
1190.14 1.06219e-06 
1190.15 1.06149e-06 
1190.16 1.06079e-06 
1190.17 1.0601e-06 
1190.18 1.0594e-06 
1190.19 1.0587e-06 
1190.2 1.05801e-06 
1190.21 1.05731e-06 
1190.21 1.05661e-06 
1190.22 1.05592e-06 
1190.23 1.05522e-06 
1190.24 1.05452e-06 
1190.25 1.05383e-06 
1190.26 1.05313e-06 
1190.27 1.05244e-06 
1190.28 1.05174e-06 
1190.29 1.05105e-06 
1190.3 1.05035e-06 
1190.31 1.04965e-06 
1190.32 1.04896e-06 
1190.33 1.04826e-06 
1190.34 1.04757e-06 
1190.35 1.04687e-06 
1190.36 1.04618e-06 
1190.37 1.04548e-06 
1190.38 1.04479e-06 
1190.39 1.04409e-06 
1190.4 1.0434e-06 
1190.41 1.0427e-06 
1190.42 1.04201e-06 
1190.43 1.04131e-06 
1190.44 1.04062e-06 
1190.45 1.03992e-06 
1190.46 1.03923e-06 
1190.47 1.03853e-06 
1190.48 1.03784e-06 
1190.49 1.03714e-06 
1190.5 1.03645e-06 
1190.51 1.03576e-06 
1190.52 1.03506e-06 
1190.53 1.03437e-06 
1190.54 1.03367e-06 
1190.55 1.03298e-06 
1190.56 1.03229e-06 
1190.57 1.03159e-06 
1190.58 1.0309e-06 
1190.59 1.0302e-06 
1190.6 1.02951e-06 
1190.61 1.02946e-06 
1190.62 1.02876e-06 
1190.63 1.02807e-06 
1190.64 1.02737e-06 
1190.64 1.02668e-06 
1190.65 1.02599e-06 
1190.66 1.02529e-06 
1190.67 1.0246e-06 
1190.68 1.0239e-06 
1190.69 1.02321e-06 
1190.7 1.02252e-06 
1190.71 1.02182e-06 
1190.72 1.02113e-06 
1190.73 1.02043e-06 
1190.74 1.01974e-06 
1190.75 1.01904e-06 
1190.76 1.01835e-06 
1190.77 1.01766e-06 
1190.78 1.01696e-06 
1190.79 1.01627e-06 
1190.8 1.01557e-06 
1190.81 1.01488e-06 
1190.82 1.01419e-06 
1190.83 1.01349e-06 
1190.84 1.0128e-06 
1190.85 1.0121e-06 
1190.86 1.01141e-06 
1190.87 1.01072e-06 
1190.88 1.01002e-06 
1190.89 1.00933e-06 
1190.9 1.00863e-06 
1190.91 1.00794e-06 
1190.92 1.00725e-06 
1190.93 1.00655e-06 
1190.94 1.00586e-06 
1190.95 1.00516e-06 
1190.96 1.00447e-06 
1190.97 1.00377e-06 
1190.98 1.00308e-06 
1190.99 1.00239e-06 
1191 1.00169e-06 
1191.01 1.00099e-06 
1191.02 1.0003e-06 
1191.03 9.99605e-07 
1191.04 9.98909e-07 
1191.05 9.98215e-07 
1191.06 9.97519e-07 
1191.07 9.96824e-07 
1191.07 9.96129e-07 
1191.08 9.95434e-07 
1191.09 9.94738e-07 
1191.1 9.94043e-07 
1191.11 9.93348e-07 
1191.12 9.92652e-07 
1191.13 9.91958e-07 
1191.14 9.91262e-07 
1191.15 9.90567e-07 
1191.16 9.8987e-07 
1191.17 9.89173e-07 
1191.18 9.88478e-07 
1191.19 9.87782e-07 
1191.2 9.87085e-07 
1191.21 9.8639e-07 
1191.22 9.85693e-07 
1191.23 9.84997e-07 
1191.24 9.843e-07 
1191.25 9.83602e-07 
1191.26 9.82905e-07 
1191.27 9.82209e-07 
1191.28 9.81511e-07 
1191.29 9.80815e-07 
1191.3 9.80118e-07 
1191.31 9.7942e-07 
1191.32 9.78722e-07 
1191.33 9.78026e-07 
1191.34 9.77326e-07 
1191.35 9.76629e-07 
1191.36 9.7593e-07 
1191.37 9.75233e-07 
1191.38 9.74535e-07 
1191.39 9.73835e-07 
1191.4 9.73137e-07 
1191.41 9.72438e-07 
1191.42 9.7174e-07 
1191.43 9.7104e-07 
1191.44 9.70341e-07 
1191.45 9.69642e-07 
1191.46 9.68942e-07 
1191.47 9.68244e-07 
1191.48 9.67542e-07 
1191.49 9.66842e-07 
1191.49 9.66142e-07 
1191.5 9.65442e-07 
1191.51 9.64741e-07 
1191.52 9.64041e-07 
1191.53 9.63341e-07 
1191.54 9.62639e-07 
1191.55 9.61938e-07 
1191.56 9.61236e-07 
1191.57 9.60535e-07 
1191.58 9.59833e-07 
1191.59 9.59131e-07 
1191.6 9.59024e-07 
1191.61 9.58322e-07 
1191.62 9.57619e-07 
1191.63 9.56916e-07 
1191.64 9.56212e-07 
1191.65 9.5551e-07 
1191.66 9.54805e-07 
1191.67 9.54101e-07 
1191.68 9.53396e-07 
1191.69 9.52692e-07 
1191.7 9.51988e-07 
1191.71 9.51283e-07 
1191.72 9.50578e-07 
1191.73 9.49873e-07 
1191.74 9.49167e-07 
1191.75 9.48462e-07 
1191.76 9.47756e-07 
1191.77 9.4705e-07 
1191.78 9.46343e-07 
1191.79 9.45636e-07 
1191.8 9.44931e-07 
1191.81 9.44223e-07 
1191.82 9.43515e-07 
1191.83 9.42807e-07 
1191.84 9.42099e-07 
1191.85 9.41392e-07 
1191.86 9.40684e-07 
1191.87 9.39975e-07 
1191.88 9.39266e-07 
1191.89 9.38556e-07 
1191.9 9.37847e-07 
1191.91 9.37138e-07 
1191.92 9.36427e-07 
1191.92 9.35717e-07 
1191.93 9.35007e-07 
1191.94 9.34296e-07 
1191.95 9.33584e-07 
1191.96 9.32873e-07 
1191.97 9.32162e-07 
1191.98 9.3145e-07 
1191.99 9.30738e-07 
1192 9.30026e-07 
1192.01 9.29313e-07 
1192.02 9.28599e-07 
1192.03 9.27887e-07 
1192.04 9.27173e-07 
1192.05 9.2646e-07 
1192.06 9.25745e-07 
1192.07 9.25031e-07 
1192.08 9.24316e-07 
1192.09 9.23601e-07 
1192.1 9.22885e-07 
1192.11 9.2217e-07 
1192.12 9.21454e-07 
1192.13 9.20738e-07 
1192.14 9.20021e-07 
1192.15 9.19304e-07 
1192.16 9.18588e-07 
1192.17 9.17869e-07 
1192.18 9.17151e-07 
1192.19 9.16434e-07 
1192.2 9.15714e-07 
1192.21 9.14995e-07 
1192.22 9.14277e-07 
1192.23 9.13557e-07 
1192.24 9.12835e-07 
1192.25 9.12116e-07 
1192.26 9.11396e-07 
1192.27 9.10674e-07 
1192.28 9.09954e-07 
1192.29 9.09232e-07 
1192.3 9.0851e-07 
1192.31 9.07787e-07 
1192.32 9.07064e-07 
1192.33 9.06341e-07 
1192.34 9.05617e-07 
1192.34 9.04893e-07 
1192.35 9.04169e-07 
1192.36 9.03444e-07 
1192.37 9.02719e-07 
1192.38 9.01995e-07 
1192.39 9.01269e-07 
1192.4 9.00542e-07 
1192.41 8.99815e-07 
1192.42 8.99089e-07 
1192.43 8.98361e-07 
1192.44 8.97635e-07 
1192.45 8.96907e-07 
1192.46 8.96179e-07 
1192.47 8.9545e-07 
1192.48 8.94721e-07 
1192.49 8.93992e-07 
1192.5 8.93263e-07 
1192.51 8.92533e-07 
1192.52 8.91802e-07 
1192.53 8.91071e-07 
1192.54 8.9034e-07 
1192.55 8.89608e-07 
1192.56 8.88878e-07 
1192.57 8.88144e-07 
1192.58 8.87412e-07 
1192.59 8.8668e-07 
1192.6 8.85947e-07 
1192.61 8.85763e-07 
1192.62 8.85029e-07 
1192.63 8.84294e-07 
1192.64 8.8356e-07 
1192.65 8.82824e-07 
1192.66 8.82089e-07 
1192.67 8.81353e-07 
1192.68 8.80617e-07 
1192.69 8.79881e-07 
1192.7 8.79145e-07 
1192.71 8.78409e-07 
1192.72 8.77673e-07 
1192.73 8.76935e-07 
1192.74 8.76199e-07 
1192.75 8.75462e-07 
1192.76 8.74726e-07 
1192.77 8.73988e-07 
1192.77 8.73252e-07 
1192.78 8.72514e-07 
1192.79 8.71778e-07 
1192.8 8.7104e-07 
1192.81 8.70303e-07 
1192.82 8.69568e-07 
1192.83 8.68832e-07 
1192.84 8.68096e-07 
1192.85 8.67361e-07 
1192.86 8.66624e-07 
1192.87 8.6589e-07 
1192.88 8.65156e-07 
1192.89 8.64422e-07 
1192.9 8.6369e-07 
1192.91 8.62958e-07 
1192.92 8.62228e-07 
1192.93 8.61497e-07 
1192.94 8.60767e-07 
1192.95 8.6004e-07 
1192.96 8.59314e-07 
1192.97 8.58589e-07 
1192.98 8.57867e-07 
1192.99 8.57145e-07 
1193 8.56425e-07 
1193.01 8.55707e-07 
1193.02 8.54992e-07 
1193.03 8.54279e-07 
1193.04 8.53569e-07 
1193.05 8.52861e-07 
1193.06 8.52158e-07 
1193.07 8.51456e-07 
1193.08 8.50758e-07 
1193.09 8.50065e-07 
1193.1 8.49375e-07 
1193.11 8.4869e-07 
1193.12 8.4801e-07 
1193.13 8.47335e-07 
1193.14 8.46664e-07 
1193.15 8.46e-07 
1193.16 8.45342e-07 
1193.17 8.4469e-07 
1193.18 8.44046e-07 
1193.19 8.43408e-07 
1193.19 8.42779e-07 
1193.2 8.42159e-07 
1193.21 8.41546e-07 
1193.22 8.40947e-07 
1193.23 8.40354e-07 
1193.24 8.39773e-07 
1193.25 8.39203e-07 
1193.26 8.38645e-07 
1193.27 8.381e-07 
1193.28 8.37568e-07 
1193.29 8.37051e-07 
1193.3 8.36549e-07 
1193.31 8.36063e-07 
1193.32 8.35594e-07 
1193.33 8.35143e-07 
1193.34 8.34711e-07 
1193.35 8.34298e-07 
1193.36 8.33906e-07 
1193.37 8.33537e-07 
1193.38 8.33189e-07 
1193.39 8.32867e-07 
1193.4 8.3257e-07 
1193.41 8.32301e-07 
1193.42 8.3206e-07 
1193.43 8.31848e-07 
1193.44 8.31668e-07 
1193.45 8.31521e-07 
1193.46 8.31407e-07 
1193.47 8.3133e-07 
1193.48 8.313e-07 
1193.49 8.31299e-07 
1193.5 8.31341e-07 
1193.51 8.31426e-07 
1193.52 8.31555e-07 
1193.53 8.31731e-07 
1193.54 8.31957e-07 
1193.55 8.32233e-07 
1193.56 8.32564e-07 
1193.57 8.32951e-07 
1193.58 8.33394e-07 
1193.59 8.33899e-07 
1193.6 8.34466e-07 
1193.61 8.35617e-07 
1193.62 8.36319e-07 
1193.62 8.37091e-07 
1193.63 8.37936e-07 
1193.64 8.38859e-07 
1193.65 8.39859e-07 
1193.66 8.40942e-07 
1193.67 8.42111e-07 
1193.68 8.43367e-07 
1193.69 8.44714e-07 
1193.7 8.46156e-07 
1193.71 8.47695e-07 
1193.72 8.49334e-07 
1193.73 8.51111e-07 
1193.74 8.52964e-07 
1193.75 8.54929e-07 
1193.76 8.57007e-07 
1193.77 8.59205e-07 
1193.78 8.61523e-07 
1193.79 8.63966e-07 
1193.8 8.66539e-07 
1193.81 8.69244e-07 
1193.82 8.72085e-07 
1193.83 8.75066e-07 
1193.84 8.7819e-07 
1193.85 8.81461e-07 
1193.86 8.84884e-07 
1193.87 8.88462e-07 
1193.88 8.92196e-07 
1193.89 8.96094e-07 
1193.9 9.00158e-07 
1193.91 9.04391e-07 
1193.92 9.08797e-07 
1193.93 9.1338e-07 
1193.94 9.18142e-07 
1193.95 9.23089e-07 
1193.96 9.28222e-07 
1193.97 9.33546e-07 
1193.98 9.39144e-07 
1193.99 9.44862e-07 
1194 9.50779e-07 
1194.01 9.56898e-07 
1194.02 9.63225e-07 
1194.03 9.6976e-07 
1194.04 9.76508e-07 
1194.05 9.83467e-07 
1194.05 9.90644e-07 
1194.06 9.98039e-07 
1194.07 1.00565e-06 
1194.08 1.01349e-06 
1194.09 1.02156e-06 
1194.1 1.02984e-06 
1194.11 1.03836e-06 
1194.12 1.0471e-06 
1194.13 1.05607e-06 
1194.14 1.06527e-06 
1194.15 1.07471e-06 
1194.16 1.08437e-06 
1194.17 1.09426e-06 
1194.18 1.10438e-06 
1194.19 1.11473e-06 
1194.2 1.12531e-06 
1194.21 1.13611e-06 
1194.22 1.14715e-06 
1194.23 1.15855e-06 
1194.24 1.17003e-06 
1194.25 1.18173e-06 
1194.26 1.19365e-06 
1194.27 1.20578e-06 
1194.28 1.21812e-06 
1194.29 1.23066e-06 
1194.3 1.24341e-06 
1194.31 1.25636e-06 
1194.32 1.26949e-06 
1194.33 1.28282e-06 
1194.34 1.29633e-06 
1194.35 1.31002e-06 
1194.36 1.32388e-06 
1194.37 1.3379e-06 
1194.38 1.35208e-06 
1194.39 1.36641e-06 
1194.4 1.38089e-06 
1194.41 1.39549e-06 
1194.42 1.41023e-06 
1194.43 1.42508e-06 
1194.44 1.44005e-06 
1194.45 1.45511e-06 
1194.46 1.47026e-06 
1194.47 1.4855e-06 
1194.47 1.501e-06 
1194.48 1.51637e-06 
1194.49 1.53178e-06 
1194.5 1.54723e-06 
1194.51 1.56271e-06 
1194.52 1.5782e-06 
1194.53 1.5937e-06 
1194.54 1.60919e-06 
1194.55 1.62465e-06 
1194.56 1.64009e-06 
1194.57 1.65547e-06 
1194.58 1.6708e-06 
1194.59 1.68605e-06 
1194.6 1.70123e-06 
1194.61 1.71736e-06 
1194.62 1.73233e-06 
1194.63 1.74717e-06 
1194.64 1.76188e-06 
1194.65 1.77643e-06 
1194.66 1.79081e-06 
1194.67 1.80502e-06 
1194.68 1.81903e-06 
1194.69 1.83283e-06 
1194.7 1.84641e-06 
1194.71 1.85976e-06 
1194.72 1.87286e-06 
1194.73 1.88587e-06 
1194.74 1.89843e-06 
1194.75 1.9107e-06 
1194.76 1.92268e-06 
1194.77 1.93434e-06 
1194.78 1.94567e-06 
1194.79 1.95667e-06 
1194.8 1.96732e-06 
1194.81 1.9776e-06 
1194.82 1.98752e-06 
1194.83 1.99704e-06 
1194.84 2.00618e-06 
1194.85 2.01491e-06 
1194.86 2.02322e-06 
1194.87 2.03111e-06 
1194.88 2.03857e-06 
1194.89 2.04558e-06 
1194.9 2.05215e-06 
1194.9 2.05825e-06 
1194.91 2.06389e-06 
1194.92 2.06906e-06 
1194.93 2.07374e-06 
1194.94 2.07794e-06 
1194.95 2.08165e-06 
1194.96 2.08487e-06 
1194.97 2.08758e-06 
1194.98 2.08983e-06 
1194.99 2.09152e-06 
1195 2.09271e-06 
1195.01 2.09338e-06 
1195.02 2.09354e-06 
1195.03 2.09319e-06 
1195.04 2.09232e-06 
1195.05 2.09094e-06 
1195.06 2.08904e-06 
1195.07 2.08663e-06 
1195.08 2.08371e-06 
1195.09 2.08028e-06 
1195.1 2.07634e-06 
1195.11 2.0719e-06 
1195.12 2.06696e-06 
1195.13 2.06153e-06 
1195.14 2.05561e-06 
1195.15 2.04921e-06 
1195.16 2.04233e-06 
1195.17 2.03498e-06 
1195.18 2.02717e-06 
1195.19 2.0189e-06 
1195.2 2.01019e-06 
1195.21 2.00104e-06 
1195.22 1.99145e-06 
1195.23 1.98134e-06 
1195.24 1.97092e-06 
1195.25 1.9601e-06 
1195.26 1.94889e-06 
1195.27 1.93731e-06 
1195.28 1.92535e-06 
1195.29 1.91304e-06 
1195.3 1.90039e-06 
1195.31 1.8874e-06 
1195.32 1.8741e-06 
1195.32 1.86048e-06 
1195.33 1.84658e-06 
1195.34 1.83239e-06 
1195.35 1.81793e-06 
1195.36 1.80322e-06 
1195.37 1.78826e-06 
1195.38 1.77308e-06 
1195.39 1.75769e-06 
1195.4 1.74209e-06 
1195.41 1.7263e-06 
1195.42 1.71035e-06 
1195.43 1.69423e-06 
1195.44 1.67796e-06 
1195.45 1.66156e-06 
1195.46 1.64505e-06 
1195.47 1.62842e-06 
1195.48 1.61151e-06 
1195.49 1.59472e-06 
1195.5 1.57786e-06 
1195.51 1.56094e-06 
1195.52 1.54399e-06 
1195.53 1.52701e-06 
1195.54 1.51002e-06 
1195.55 1.49302e-06 
1195.56 1.47603e-06 
1195.57 1.45906e-06 
1195.58 1.44213e-06 
1195.59 1.42524e-06 
1195.6 1.40841e-06 
1195.61 1.3925e-06 
1195.62 1.3758e-06 
1195.63 1.35918e-06 
1195.64 1.34266e-06 
1195.65 1.32624e-06 
1195.66 1.30994e-06 
1195.67 1.29377e-06 
1195.68 1.27772e-06 
1195.69 1.26182e-06 
1195.7 1.24606e-06 
1195.71 1.23046e-06 
1195.72 1.21502e-06 
1195.73 1.19957e-06 
1195.74 1.18448e-06 
1195.75 1.16957e-06 
1195.75 1.15485e-06 
1195.76 1.14032e-06 
1195.77 1.12599e-06 
1195.78 1.11186e-06 
1195.79 1.09794e-06 
1195.8 1.08423e-06 
1195.81 1.07074e-06 
1195.82 1.05746e-06 
1195.83 1.0444e-06 
1195.84 1.03157e-06 
1195.85 1.01897e-06 
1195.86 1.00659e-06 
1195.87 9.94442e-07 
1195.88 9.82525e-07 
1195.89 9.70841e-07 
1195.9 9.59392e-07 
1195.91 9.48176e-07 
1195.92 9.37196e-07 
1195.93 9.26448e-07 
1195.94 9.15936e-07 
1195.95 9.05658e-07 
1195.96 8.95615e-07 
1195.97 8.85803e-07 
1195.98 8.76115e-07 
1195.99 8.66768e-07 
1196 8.57652e-07 
1196.01 8.48762e-07 
1196.02 8.40099e-07 
1196.03 8.31659e-07 
1196.04 8.23441e-07 
1196.05 8.15443e-07 
1196.06 8.07663e-07 
1196.07 8.00096e-07 
1196.08 7.92742e-07 
1196.09 7.85598e-07 
1196.1 7.7866e-07 
1196.11 7.71926e-07 
1196.12 7.65394e-07 
1196.13 7.59058e-07 
1196.14 7.52918e-07 
1196.15 7.46969e-07 
1196.16 7.41209e-07 
1196.17 7.35633e-07 
1196.17 7.3024e-07 
1196.18 7.25025e-07 
1196.19 7.19984e-07 
1196.2 7.15116e-07 
1196.21 7.10417e-07 
1196.22 7.05838e-07 
1196.23 7.01466e-07 
1196.24 6.97254e-07 
1196.25 6.93197e-07 
1196.26 6.89292e-07 
1196.27 6.85535e-07 
1196.28 6.81925e-07 
1196.29 6.78457e-07 
1196.3 6.75127e-07 
1196.31 6.71934e-07 
1196.32 6.68874e-07 
1196.33 6.65944e-07 
1196.34 6.6314e-07 
1196.35 6.60461e-07 
1196.36 6.57904e-07 
1196.37 6.55465e-07 
1196.38 6.53144e-07 
1196.39 6.50934e-07 
1196.4 6.48836e-07 
1196.41 6.46847e-07 
1196.42 6.44964e-07 
1196.43 6.43184e-07 
1196.44 6.41508e-07 
1196.45 6.3993e-07 
1196.46 6.3845e-07 
1196.47 6.37066e-07 
1196.48 6.35769e-07 
1196.49 6.34572e-07 
1196.5 6.33466e-07 
1196.51 6.32449e-07 
1196.52 6.31518e-07 
1196.53 6.30674e-07 
1196.54 6.29915e-07 
1196.55 6.29238e-07 
1196.56 6.28644e-07 
1196.57 6.28132e-07 
1196.58 6.277e-07 
1196.59 6.27347e-07 
1196.6 6.27073e-07 
1196.6 6.27264e-07 
1196.61 6.27145e-07 
1196.62 6.27103e-07 
1196.63 6.27138e-07 
1196.64 6.27248e-07 
1196.65 6.27434e-07 
1196.66 6.27697e-07 
1196.67 6.28034e-07 
1196.68 6.28447e-07 
1196.69 6.28935e-07 
1196.7 6.29499e-07 
1196.71 6.30139e-07 
1196.72 6.30855e-07 
1196.73 6.31669e-07 
1196.74 6.32539e-07 
1196.75 6.33487e-07 
1196.76 6.34513e-07 
1196.77 6.35617e-07 
1196.78 6.36801e-07 
1196.79 6.38065e-07 
1196.8 6.39409e-07 
1196.81 6.40836e-07 
1196.82 6.42345e-07 
1196.83 6.43938e-07 
1196.84 6.45616e-07 
1196.85 6.4738e-07 
1196.86 6.4923e-07 
1196.87 6.51169e-07 
1196.88 6.53197e-07 
1196.89 6.55317e-07 
1196.9 6.57528e-07 
1196.91 6.59834e-07 
1196.92 6.62235e-07 
1196.93 6.64732e-07 
1196.94 6.67327e-07 
1196.95 6.70021e-07 
1196.96 6.72817e-07 
1196.97 6.75717e-07 
1196.98 6.7877e-07 
1196.99 6.81881e-07 
1197 6.851e-07 
1197.01 6.88429e-07 
1197.02 6.9187e-07 
1197.03 6.95423e-07 
1197.03 6.99092e-07 
1197.04 7.02877e-07 
1197.05 7.0678e-07 
1197.06 7.10804e-07 
1197.07 7.14951e-07 
1197.08 7.19221e-07 
1197.09 7.23617e-07 
1197.1 7.2814e-07 
1197.11 7.32794e-07 
1197.12 7.37578e-07 
1197.13 7.42495e-07 
1197.14 7.47546e-07 
1197.15 7.52734e-07 
1197.16 7.5806e-07 
1197.17 7.63526e-07 
1197.18 7.69133e-07 
1197.19 7.74883e-07 
1197.2 7.80778e-07 
1197.21 7.86819e-07 
1197.22 7.93007e-07 
1197.23 7.99437e-07 
1197.24 8.05926e-07 
1197.25 8.12567e-07 
1197.26 8.19362e-07 
1197.27 8.2631e-07 
1197.28 8.33414e-07 
1197.29 8.40674e-07 
1197.3 8.48092e-07 
1197.31 8.55668e-07 
1197.32 8.63404e-07 
1197.33 8.71299e-07 
1197.34 8.79355e-07 
1197.35 8.87572e-07 
1197.36 8.95951e-07 
1197.37 9.04492e-07 
1197.38 9.13195e-07 
1197.39 9.22061e-07 
1197.4 9.3109e-07 
1197.41 9.40281e-07 
1197.42 9.49634e-07 
1197.43 9.5915e-07 
1197.44 9.68827e-07 
1197.45 9.78666e-07 
1197.45 9.88665e-07 
1197.46 9.98824e-07 
1197.47 1.00914e-06 
1197.48 1.01976e-06 
1197.49 1.03039e-06 
1197.5 1.04118e-06 
1197.51 1.05213e-06 
1197.52 1.06322e-06 
1197.53 1.07447e-06 
1197.54 1.08586e-06 
1197.55 1.0974e-06 
1197.56 1.10908e-06 
1197.57 1.12091e-06 
1197.58 1.13287e-06 
1197.59 1.14497e-06 
1197.6 1.1572e-06 
1197.61 1.17029e-06 
1197.62 1.18278e-06 
1197.63 1.1954e-06 
1197.64 1.20815e-06 
1197.65 1.221e-06 
1197.66 1.23397e-06 
1197.67 1.24705e-06 
1197.68 1.26023e-06 
1197.69 1.27351e-06 
1197.7 1.28688e-06 
1197.71 1.30035e-06 
1197.72 1.3139e-06 
1197.73 1.32771e-06 
1197.74 1.34142e-06 
1197.75 1.35519e-06 
1197.76 1.36903e-06 
1197.77 1.38293e-06 
1197.78 1.39687e-06 
1197.79 1.41087e-06 
1197.8 1.4249e-06 
1197.81 1.43897e-06 
1197.82 1.45306e-06 
1197.83 1.46718e-06 
1197.84 1.48131e-06 
1197.85 1.49544e-06 
1197.86 1.50958e-06 
1197.87 1.5237e-06 
1197.88 1.53782e-06 
1197.88 1.55191e-06 
1197.89 1.56597e-06 
1197.9 1.57999e-06 
1197.91 1.59397e-06 
1197.92 1.6079e-06 
1197.93 1.62177e-06 
1197.94 1.63557e-06 
1197.95 1.64929e-06 
1197.96 1.66293e-06 
1197.97 1.67648e-06 
1197.98 1.69011e-06 
1197.99 1.70344e-06 
1198 1.71666e-06 
1198.01 1.72976e-06 
1198.02 1.74272e-06 
1198.03 1.75555e-06 
1198.04 1.76822e-06 
1198.05 1.78073e-06 
1198.06 1.79308e-06 
1198.07 1.80525e-06 
1198.08 1.81724e-06 
1198.09 1.82904e-06 
1198.1 1.84065e-06 
1198.11 1.85204e-06 
1198.12 1.86322e-06 
1198.13 1.87418e-06 
1198.14 1.88491e-06 
1198.15 1.8954e-06 
1198.16 1.90564e-06 
1198.17 1.91563e-06 
1198.18 1.92536e-06 
1198.19 1.93482e-06 
1198.2 1.94401e-06 
1198.21 1.95291e-06 
1198.22 1.96153e-06 
1198.23 1.96996e-06 
1198.24 1.97798e-06 
1198.25 1.98568e-06 
1198.26 1.99307e-06 
1198.27 2.00014e-06 
1198.28 2.00688e-06 
1198.29 2.01329e-06 
1198.3 2.01937e-06 
1198.3 2.0251e-06 
1198.31 2.03048e-06 
1198.32 2.03551e-06 
1198.33 2.04018e-06 
1198.34 2.04449e-06 
1198.35 2.04843e-06 
1198.36 2.05201e-06 
1198.37 2.05521e-06 
1198.38 2.05804e-06 
1198.39 2.06048e-06 
1198.4 2.06255e-06 
1198.41 2.06423e-06 
1198.42 2.06552e-06 
1198.43 2.06643e-06 
1198.44 2.06694e-06 
1198.45 2.06706e-06 
1198.46 2.06679e-06 
1198.47 2.06613e-06 
1198.48 2.06507e-06 
1198.49 2.06361e-06 
1198.5 2.06176e-06 
1198.51 2.05951e-06 
1198.52 2.05687e-06 
1198.53 2.05383e-06 
1198.54 2.05041e-06 
1198.55 2.04659e-06 
1198.56 2.04238e-06 
1198.57 2.03779e-06 
1198.58 2.03281e-06 
1198.59 2.02746e-06 
1198.6 2.02172e-06 
1198.61 2.01685e-06 
1198.62 2.01036e-06 
1198.63 2.00349e-06 
1198.64 1.99627e-06 
1198.65 1.98868e-06 
1198.66 1.98074e-06 
1198.67 1.97244e-06 
1198.68 1.9638e-06 
1198.69 1.95481e-06 
1198.7 1.94548e-06 
1198.71 1.93582e-06 
1198.72 1.92584e-06 
1198.73 1.91542e-06 
1198.73 1.9048e-06 
1198.74 1.89387e-06 
1198.75 1.88264e-06 
1198.76 1.87111e-06 
1198.77 1.8593e-06 
1198.78 1.8472e-06 
1198.79 1.83484e-06 
1198.8 1.8222e-06 
1198.81 1.80931e-06 
1198.82 1.79617e-06 
1198.83 1.78278e-06 
1198.84 1.76916e-06 
1198.85 1.75531e-06 
1198.86 1.74124e-06 
1198.87 1.72696e-06 
1198.88 1.71247e-06 
1198.89 1.69779e-06 
1198.9 1.68292e-06 
1198.91 1.66788e-06 
1198.92 1.65266e-06 
1198.93 1.63729e-06 
1198.94 1.62175e-06 
1198.95 1.60608e-06 
1198.96 1.59027e-06 
1198.97 1.57434e-06 
1198.98 1.55809e-06 
1198.99 1.54193e-06 
1199 1.52566e-06 
1199.01 1.5093e-06 
1199.02 1.49285e-06 
1199.03 1.47633e-06 
1199.04 1.45974e-06 
1199.05 1.44309e-06 
1199.06 1.42639e-06 
1199.07 1.40965e-06 
1199.08 1.39287e-06 
1199.09 1.37606e-06 
1199.1 1.35924e-06 
1199.11 1.34241e-06 
1199.12 1.32557e-06 
1199.13 1.30874e-06 
1199.14 1.29192e-06 
1199.15 1.27512e-06 
1199.15 1.25835e-06 
1199.16 1.24161e-06 
1199.17 1.22491e-06 
1199.18 1.20826e-06 
1199.19 1.19167e-06 
1199.2 1.17513e-06 
1199.21 1.15867e-06 
1199.22 1.14209e-06 
1199.23 1.12578e-06 
1199.24 1.10956e-06 
1199.25 1.09343e-06 
1199.26 1.0774e-06 
1199.27 1.06148e-06 
1199.28 1.04567e-06 
1199.29 1.02997e-06 
1199.3 1.0144e-06 
1199.31 9.98946e-07 
1199.32 9.83627e-07 
1199.33 9.68442e-07 
1199.34 9.534e-07 
1199.35 9.38502e-07 
1199.36 9.23753e-07 
1199.37 9.09157e-07 
1199.38 8.94719e-07 
1199.39 8.80444e-07 
1199.4 8.66333e-07 
1199.41 8.52391e-07 
1199.42 8.38622e-07 
1199.43 8.2503e-07 
1199.44 8.11616e-07 
1199.45 7.98384e-07 
1199.46 7.8534e-07 
1199.47 7.72483e-07 
1199.48 7.59674e-07 
1199.49 7.47207e-07 
1199.5 7.34935e-07 
1199.51 7.22864e-07 
1199.52 7.10994e-07 
1199.53 6.9933e-07 
1199.54 6.87871e-07 
1199.55 6.76624e-07 
1199.56 6.65587e-07 
1199.57 6.54765e-07 
1199.58 6.44158e-07 
1199.58 6.33771e-07 
1199.59 6.23603e-07 
1199.6 6.13658e-07 
1199.61 6.04312e-07 
1199.62 5.94813e-07 
1199.63 5.85544e-07 
1199.64 5.76505e-07 
1199.65 5.67701e-07 
1199.66 5.59132e-07 
1199.67 5.50801e-07 
1199.68 5.42711e-07 
1199.69 5.34863e-07 
1199.7 5.27261e-07 
1199.71 5.19907e-07 
1199.72 5.12802e-07 
1199.73 5.05882e-07 
1199.74 4.9929e-07 
1199.75 4.92957e-07 
1199.76 4.86885e-07 
1199.77 4.81079e-07 
1199.78 4.7554e-07 
1199.79 4.70274e-07 
1199.8 4.65283e-07 
1199.81 4.60571e-07 
1199.82 4.56142e-07 
1199.83 4.51999e-07 
1199.84 4.48149e-07 
1199.85 4.44594e-07 
1199.86 4.4134e-07 
1199.87 4.38392e-07 
1199.88 4.35754e-07 
1199.89 4.33433e-07 
1199.9 4.31432e-07 
1199.91 4.29759e-07 
1199.92 4.2842e-07 
1199.93 4.2742e-07 
1199.94 4.26767e-07 
1199.95 4.26466e-07 
1199.96 4.26526e-07 
1199.97 4.26953e-07 
1199.98 4.27786e-07 
1199.99 4.28974e-07 
1200 4.30555e-07 
1200.01 4.32535e-07 
1200.01 4.34925e-07 
1200.02 4.37731e-07 
1200.03 4.40964e-07 
1200.04 4.44633e-07 
1200.05 4.48748e-07 
1200.06 4.53319e-07 
1200.07 4.58355e-07 
1200.08 4.6387e-07 
1200.09 4.69871e-07 
1200.1 4.76372e-07 
1200.11 4.83383e-07 
1200.12 4.90916e-07 
1200.13 4.98983e-07 
1200.14 5.07597e-07 
1200.15 5.16767e-07 
1200.16 5.2651e-07 
1200.17 5.36836e-07 
1200.18 5.47759e-07 
1200.19 5.59292e-07 
1200.2 5.71448e-07 
1200.21 5.84241e-07 
1200.22 5.97684e-07 
1200.23 6.11988e-07 
1200.24 6.26781e-07 
1200.25 6.42266e-07 
1200.26 6.58458e-07 
1200.27 6.75369e-07 
1200.28 6.93014e-07 
1200.29 7.11409e-07 
1200.3 7.30565e-07 
1200.31 7.50498e-07 
1200.32 7.71222e-07 
1200.33 7.92748e-07 
1200.34 8.15093e-07 
1200.35 8.38269e-07 
1200.36 8.62291e-07 
1200.37 8.87172e-07 
1200.38 9.12922e-07 
1200.39 9.39557e-07 
1200.4 9.6709e-07 
1200.41 9.9553e-07 
1200.42 1.02489e-06 
1200.43 1.05519e-06 
1200.43 1.08642e-06 
1200.44 1.11861e-06 
1200.45 1.15176e-06 
1200.46 1.18589e-06 
1200.47 1.221e-06 
1200.48 1.25757e-06 
1200.49 1.29468e-06 
1200.5 1.3328e-06 
1200.51 1.37192e-06 
1200.52 1.41207e-06 
1200.53 1.45324e-06 
1200.54 1.49543e-06 
1200.55 1.53865e-06 
1200.56 1.5829e-06 
1200.57 1.62819e-06 
1200.58 1.67451e-06 
1200.59 1.72186e-06 
1200.6 1.77025e-06 
1200.61 1.82078e-06 
1200.62 1.87125e-06 
1200.63 1.92274e-06 
1200.64 1.97525e-06 
1200.65 2.02876e-06 
1200.66 2.08327e-06 
1200.67 2.13878e-06 
1200.68 2.19526e-06 
1200.69 2.2527e-06 
1200.7 2.31111e-06 
1200.71 2.37045e-06 
1200.72 2.43072e-06 
1200.73 2.49267e-06 
1200.74 2.55474e-06 
1200.75 2.61767e-06 
1200.76 2.68145e-06 
1200.77 2.74605e-06 
1200.78 2.81146e-06 
1200.79 2.87762e-06 
1200.8 2.94454e-06 
1200.81 3.01217e-06 
1200.82 3.08049e-06 
1200.83 3.14947e-06 
1200.84 3.21906e-06 
1200.85 3.28925e-06 
1200.85 3.35998e-06 
1200.86 3.43124e-06 
1200.87 3.50296e-06 
1200.88 3.57513e-06 
1200.89 3.6477e-06 
1200.9 3.72062e-06 
1200.91 3.79385e-06 
1200.92 3.86735e-06 
1200.93 3.94107e-06 
1200.94 4.01497e-06 
1200.95 4.08899e-06 
1200.96 4.1631e-06 
1200.97 4.23723e-06 
1200.98 4.31228e-06 
1200.99 4.38632e-06 
1201 4.46022e-06 
1201.01 4.53395e-06 
1201.02 4.60745e-06 
1201.03 4.68065e-06 
1201.04 4.7535e-06 
1201.05 4.82596e-06 
1201.06 4.89796e-06 
1201.07 4.96945e-06 
1201.08 5.04037e-06 
1201.09 5.11065e-06 
1201.1 5.18026e-06 
1201.11 5.24912e-06 
1201.12 5.31718e-06 
1201.13 5.38438e-06 
1201.14 5.45067e-06 
1201.15 5.51597e-06 
1201.16 5.58026e-06 
1201.17 5.64346e-06 
1201.18 5.7055e-06 
1201.19 5.76636e-06 
1201.2 5.82596e-06 
1201.21 5.88425e-06 
1201.22 5.94118e-06 
1201.23 5.99739e-06 
1201.24 6.05142e-06 
1201.25 6.10393e-06 
1201.26 6.15488e-06 
1201.27 6.20421e-06 
1201.28 6.25187e-06 
1201.28 6.29783e-06 
1201.29 6.34202e-06 
1201.3 6.38443e-06 
1201.31 6.42499e-06 
1201.32 6.46367e-06 
1201.33 6.50044e-06 
1201.34 6.53526e-06 
1201.35 6.56808e-06 
1201.36 6.59888e-06 
1201.37 6.62763e-06 
1201.38 6.65429e-06 
1201.39 6.67885e-06 
1201.4 6.70127e-06 
1201.41 6.72153e-06 
1201.42 6.73961e-06 
1201.43 6.75549e-06 
1201.44 6.76916e-06 
1201.45 6.7806e-06 
1201.46 6.78979e-06 
1201.47 6.79674e-06 
1201.48 6.80148e-06 
1201.49 6.80387e-06 
1201.5 6.804e-06 
1201.51 6.80185e-06 
1201.52 6.79743e-06 
1201.53 6.79075e-06 
1201.54 6.78182e-06 
1201.55 6.77063e-06 
1201.56 6.75721e-06 
1201.57 6.74156e-06 
1201.58 6.72369e-06 
1201.59 6.70364e-06 
1201.6 6.6814e-06 
1201.61 6.66112e-06 
1201.62 6.6346e-06 
1201.63 6.60596e-06 
1201.64 6.57524e-06 
1201.65 6.54248e-06 
1201.66 6.50771e-06 
1201.67 6.47095e-06 
1201.68 6.43225e-06 
1201.69 6.39164e-06 
1201.7 6.34915e-06 
1201.7 6.30483e-06 
1201.71 6.25873e-06 
1201.72 6.21028e-06 
1201.73 6.16071e-06 
1201.74 6.10948e-06 
1201.75 6.05666e-06 
1201.76 6.00227e-06 
1201.77 5.94638e-06 
1201.78 5.88904e-06 
1201.79 5.83029e-06 
1201.8 5.77019e-06 
1201.81 5.7088e-06 
1201.82 5.64615e-06 
1201.83 5.58233e-06 
1201.84 5.51738e-06 
1201.85 5.45135e-06 
1201.86 5.38431e-06 
1201.87 5.31631e-06 
1201.88 5.2474e-06 
1201.89 5.17764e-06 
1201.9 5.10711e-06 
1201.91 5.03583e-06 
1201.92 4.96389e-06 
1201.93 4.89133e-06 
1201.94 4.81821e-06 
1201.95 4.74459e-06 
1201.96 4.67053e-06 
1201.97 4.59607e-06 
1201.98 4.52036e-06 
1201.99 4.44529e-06 
1202 4.37001e-06 
1202.01 4.29455e-06 
1202.02 4.21898e-06 
1202.03 4.14335e-06 
1202.04 4.06771e-06 
1202.05 3.9921e-06 
1202.06 3.91659e-06 
1202.07 3.84121e-06 
1202.08 3.76601e-06 
1202.09 3.69105e-06 
1202.1 3.61636e-06 
1202.11 3.542e-06 
1202.12 3.468e-06 
1202.13 3.3944e-06 
1202.13 3.32124e-06 
1202.14 3.24857e-06 
1202.15 3.17643e-06 
1202.16 3.10484e-06 
1202.17 3.03384e-06 
1202.18 2.96347e-06 
1202.19 2.89376e-06 
1202.2 2.82474e-06 
1202.21 2.75644e-06 
1202.22 2.68805e-06 
1202.23 2.62128e-06 
1202.24 2.5553e-06 
1202.25 2.49016e-06 
1202.26 2.42585e-06 
1202.27 2.36241e-06 
1202.28 2.29986e-06 
1202.29 2.23821e-06 
1202.3 2.17748e-06 
1202.31 2.11769e-06 
1202.32 2.05884e-06 
1202.33 2.00096e-06 
1202.34 1.94405e-06 
1202.35 1.88812e-06 
1202.36 1.83319e-06 
1202.37 1.77925e-06 
1202.38 1.72633e-06 
1202.39 1.67441e-06 
1202.4 1.62351e-06 
1202.41 1.57362e-06 
1202.42 1.52476e-06 
1202.43 1.47691e-06 
1202.44 1.43009e-06 
1202.45 1.38428e-06 
1202.46 1.33949e-06 
1202.47 1.29572e-06 
1202.48 1.25242e-06 
1202.49 1.21067e-06 
1202.5 1.16992e-06 
1202.51 1.13016e-06 
1202.52 1.09138e-06 
1202.53 1.05358e-06 
1202.54 1.01675e-06 
1202.55 9.80869e-07 
1202.56 9.4594e-07 
1202.56 9.11948e-07 
1202.57 8.78882e-07 
1202.58 8.4673e-07 
1202.59 8.1548e-07 
1202.6 7.85118e-07 
1202.61 7.56098e-07 
1202.62 7.27458e-07 
1202.63 6.99667e-07 
1202.64 6.72711e-07 
1202.65 6.46576e-07 
1202.66 6.21248e-07 
1202.67 5.9671e-07 
1202.68 5.7295e-07 
1202.69 5.4995e-07 
1202.7 5.27695e-07 
1202.71 5.06171e-07 
1202.72 4.85362e-07 
1202.73 4.65005e-07 
1202.74 4.45586e-07 
1202.75 4.26834e-07 
1202.76 4.08734e-07 
1202.77 3.9127e-07 
1202.78 3.74426e-07 
1202.79 3.58186e-07 
1202.8 3.42535e-07 
1202.81 3.27458e-07 
1202.82 3.1294e-07 
1202.83 2.98964e-07 
1202.84 2.85517e-07 
1202.85 2.72582e-07 
1202.86 2.60146e-07 
1202.87 2.48194e-07 
1202.88 2.36711e-07 
1202.89 2.25684e-07 
1202.9 2.15098e-07 
1202.91 2.04939e-07 
1202.92 1.95194e-07 
1202.93 1.85851e-07 
1202.94 1.76895e-07 
1202.95 1.68314e-07 
1202.96 1.60095e-07 
1202.97 1.52226e-07 
1202.98 1.44696e-07 
1202.98 1.37403e-07 
1202.99 1.30517e-07 
1203 1.23935e-07 
1203.01 1.17645e-07 
1203.02 1.11637e-07 
1203.03 1.05899e-07 
1203.04 1.00423e-07 
1203.05 9.51981e-08 
1203.06 9.02145e-08 
1203.07 8.54631e-08 
1203.08 8.09346e-08 
1203.09 7.66203e-08 
1203.1 7.25117e-08 
1203.11 6.86002e-08 
1203.12 6.48779e-08 
1203.13 6.13368e-08 
1203.14 5.79696e-08 
1203.15 5.47688e-08 
1203.16 5.17272e-08 
1203.17 4.88382e-08 
1203.18 4.6095e-08 
1203.19 4.34912e-08 
1203.2 4.10207e-08 
1203.21 3.86775e-08 
1203.22 3.6456e-08 
1203.23 3.43248e-08 
1203.24 3.23313e-08 
1203.25 3.04433e-08 
1203.26 2.86559e-08 
1203.27 2.69644e-08 
1203.28 2.53642e-08 
1203.29 2.38509e-08 
1203.3 2.24204e-08 
1203.31 2.10686e-08 
1203.32 1.97916e-08 
1203.33 1.85857e-08 
1203.34 1.74475e-08 
1203.35 1.63735e-08 
1203.36 1.53604e-08 
1203.37 1.44051e-08 
1203.38 1.35047e-08 
1203.39 1.26563e-08 
1203.4 1.18572e-08 
1203.41 1.11048e-08 
1203.41 1.03967e-08 
1203.42 9.73045e-09 
1203.43 9.10383e-09 
1203.44 8.51469e-09 
1203.45 7.96101e-09 
1203.46 7.44082e-09 
1203.47 6.95228e-09 
1203.48 6.48808e-09 
1203.49 6.05798e-09 
1203.5 5.6545e-09 
1203.51 5.27611e-09 
1203.52 4.92139e-09 
1203.53 4.58897e-09 
1203.54 4.27756e-09 
1203.55 3.98594e-09 
1203.56 3.71296e-09 
1203.57 3.4575e-09 
1203.58 3.21854e-09 
1203.59 2.99509e-09 
1203.6 2.78621e-09 
1203.61 2.59262e-09 
1203.62 2.41018e-09 
1203.63 2.23983e-09 
1203.64 2.08082e-09 
1203.65 1.93245e-09 
1203.66 1.79405e-09 
1203.67 1.665e-09 
1203.68 1.54472e-09 
1203.69 1.43264e-09 
1203.7 1.32825e-09 
1203.71 1.23105e-09 
1203.72 1.14058e-09 
1203.73 1.05539e-09 
1203.74 9.77162e-10 
1203.75 9.04432e-10 
1203.76 8.36834e-10 
1203.77 7.74026e-10 
1203.78 7.15693e-10 
1203.79 6.61532e-10 
1203.8 6.11264e-10 
1203.81 5.64626e-10 
1203.82 5.21371e-10 
1203.83 4.81267e-10 
1203.83 4.44099e-10 
1203.84 4.09663e-10 
1203.85 3.7777e-10 
1203.86 3.48243e-10 
1203.87 3.20916e-10 
1203.88 2.95633e-10 
1203.89 2.72251e-10 
1203.9 2.50633e-10 
1203.91 2.30655e-10 
1203.92 2.12198e-10 
1203.93 1.95151e-10 
1203.94 1.79414e-10 
1203.95 1.64891e-10 
1203.96 1.51492e-10 
1203.97 1.39135e-10 
1203.98 1.27606e-10 
1203.99 1.17118e-10 
1204 1.07456e-10 
1204.01 9.85573e-11 
1204.02 9.03655e-11 
1204.03 8.28266e-11 
1204.04 7.58912e-11 
1204.05 6.95131e-11 
1204.06 6.36495e-11 
1204.07 5.82609e-11 
1204.08 5.33106e-11 
1204.09 4.87645e-11 
1204.1 4.45911e-11 
1204.11 4.07611e-11 
1204.12 3.72475e-11 
1204.13 3.40254e-11 
1204.14 3.10715e-11 
1204.15 2.83645e-11 
1204.16 2.58846e-11 
1204.17 2.36136e-11 
1204.18 2.15346e-11 
1204.19 1.9632e-11 
1204.2 1.78915e-11 
1204.21 1.62998e-11 
1204.22 1.48447e-11 
1204.23 1.34991e-11 
1204.24 1.22857e-11 
1204.25 1.11776e-11 
1204.26 1.01661e-11 
1204.26 9.24292e-12 
1204.27 8.40077e-12 
1204.28 7.6328e-12 
1204.29 6.93269e-12 
1204.3 6.29468e-12 
1204.31 5.71346e-12 
1204.32 5.18417e-12 
1204.33 4.70231e-12 
1204.34 4.26382e-12 
1204.35 3.86491e-12 
1204.36 3.50215e-12 
1204.37 3.17236e-12 
1204.38 2.87266e-12 
1204.39 2.60041e-12 
1204.4 2.35315e-12 
1204.41 2.1287e-12 
1204.42 1.925e-12 
1204.43 1.74021e-12 
1204.44 1.57263e-12 
1204.45 1.42071e-12 
1204.46 1.28304e-12 
1204.47 1.15831e-12 
1204.48 1.04402e-12 
1204.49 9.41889e-13 
1204.5 8.49465e-13 
1204.51 7.65852e-13 
1204.52 6.90238e-13 
1204.53 6.21879e-13 
1204.54 5.60102e-13 
1204.55 5.04292e-13 
1204.56 4.5389e-13 
1204.57 4.08388e-13 
1204.58 3.67324e-13 
1204.59 3.30277e-13 
1204.6 2.96868e-13 
1204.61 2.66748e-13 
1204.62 2.3975e-13 
1204.63 2.1528e-13 
1204.64 1.93243e-13 
1204.65 1.73403e-13 
1204.66 1.55547e-13 
1204.67 1.39483e-13 
1204.68 1.25036e-13 
1204.68 1.12048e-13 
1204.69 1.00375e-13 
1204.7 8.9888e-14 
1204.71 8.04695e-14 
1204.72 7.19136e-14 
1204.73 6.43348e-14 
1204.74 5.75353e-14 
1204.75 5.14372e-14 
1204.76 4.59699e-14 
1204.77 4.10699e-14 
1204.78 3.66799e-14 
1204.79 3.27481e-14 
1204.8 2.92279e-14 
1204.81 2.60773e-14 
1204.82 2.32585e-14 
1204.83 2.07374e-14 
1204.84 1.84834e-14 
1204.85 1.64688e-14 
1204.86 1.46689e-14 
1204.87 1.30612e-14 
1204.88 1.16259e-14 
1204.89 1.03448e-14 
1204.9 9.20178e-15 
1204.91 8.1823e-15 
1204.92 7.27331e-15 
1204.93 6.46313e-15 
1204.94 5.74127e-15 
1204.95 5.09831e-15 
1204.96 4.52583e-15 
1204.97 4.01629e-15 
1204.98 3.55757e-15 
1204.99 3.1549e-15 
1205 2.79686e-15 
1205.01 2.47862e-15 
1205.02 2.19585e-15 
1205.03 1.94469e-15 
1205.04 1.72167e-15 
1205.05 1.52372e-15 
1205.06 1.34807e-15 
1205.07 1.19227e-15 
1205.08 1.05412e-15 
1205.09 9.31669e-16 
1205.1 8.23162e-16 
1205.11 7.27047e-16 
1205.11 6.41939e-16 
1205.12 5.66602e-16 
1205.13 4.99939e-16 
1205.14 4.40971e-16 
1205.15 3.88826e-16 
1205.16 3.42733e-16 
1205.17 3.02002e-16 
1205.18 2.66022e-16 
1205.19 2.3425e-16 
1205.2 2.06203e-16 
1205.21 1.81452e-16 
1205.22 1.59379e-16 
1205.23 1.40141e-16 
1205.24 1.23195e-16 
1205.25 1.08262e-16 
1205.26 9.51066e-17 
1205.27 8.35219e-17 
1205.28 7.33237e-17 
1205.29 6.4349e-17 
1205.3 5.64538e-17 
1205.31 4.95106e-17 
1205.32 4.34067e-17 
1205.33 3.80426e-17 
1205.34 3.33301e-17 
1205.35 2.91915e-17 
1205.36 2.55582e-17 
1205.37 2.23696e-17 
1205.38 1.95722e-17 
1205.39 1.71189e-17 
1205.4 1.4968e-17 
1205.41 1.3083e-17 
1205.42 1.14315e-17 
1205.43 9.98515e-18 
1205.44 8.71885e-18 
1205.45 7.61057e-18 
1205.46 6.64094e-18 
1205.47 5.79289e-18 
1205.48 5.04334e-18 
1205.49 4.39584e-18 
1205.5 3.8306e-18 
1205.51 3.33692e-18 
1205.52 2.90589e-18 
1205.53 2.52968e-18 
1205.54 2.20143e-18 
1205.54 1.91514e-18 
1205.55 1.66551e-18 
1205.56 1.44794e-18 
1205.57 1.25836e-18 
1205.58 1.09324e-18 
1205.59 9.49463e-19 
1205.6 8.24318e-19 
1205.61 7.15868e-19 
1205.62 6.21094e-19 
1205.63 5.38686e-19 
1205.64 4.67055e-19 
1205.65 4.04812e-19 
1205.66 3.50747e-19 
1205.67 3.03799e-19 
1205.68 2.63047e-19 
1205.69 2.27685e-19 
1205.7 1.97011e-19 
1205.71 1.70411e-19 
1205.72 1.47354e-19 
1205.73 1.27141e-19 
1205.74 1.09864e-19 
1205.75 9.49021e-20 
1205.76 8.19505e-20 
1205.77 7.07426e-20 
1205.78 6.1047e-20 
1205.79 5.26625e-20 
1205.8 4.54143e-20 
1205.81 3.91505e-20 
1205.82 3.37393e-20 
1205.83 2.90662e-20 
1205.84 2.50319e-20 
1205.85 2.15503e-20 
1205.86 1.85468e-20 
1205.87 1.59564e-20 
1205.88 1.37232e-20 
1205.89 1.17986e-20 
1205.9 1.01405e-20 
1205.91 8.71251e-21 
1205.92 7.48307e-21 
1205.93 6.42495e-21 
1205.94 5.5146e-21 
1205.95 4.73164e-21 
1205.96 4.05848e-21 
1205.96 3.47991e-21 
1205.97 2.98282e-21 
1205.98 2.55095e-21 
1205.99 2.18507e-21 
1206 1.87105e-21 
1206.01 1.60161e-21 
1206.02 1.37051e-21 
1206.03 1.17237e-21 
1206.04 1.00253e-21 
1206.05 8.57009e-22 
1206.06 7.32364e-22 
1206.07 6.25636e-22 
1206.08 5.34282e-22 
1206.09 4.56115e-22 
1206.1 3.89252e-22 
1206.11 3.32079e-22 
1206.12 2.83208e-22 
1206.13 2.41448e-22 
1206.14 2.05776e-22 
1206.15 1.75316e-22 
1206.16 1.49314e-22 
1206.17 1.27126e-22 
1206.18 1.08198e-22 
1206.19 9.20578e-23 
1206.2 7.82988e-23 
1206.21 6.65738e-23 
1206.22 5.65855e-23 
1206.23 4.79817e-23 
1206.24 4.07553e-23 
1206.25 3.46055e-23 
1206.26 2.93738e-23 
1206.27 2.49247e-23 
1206.28 2.11423e-23 
1206.29 1.79279e-23 
1206.3 1.51971e-23 
1206.31 1.28779e-23 
1206.32 1.09089e-23 
1206.33 9.23792e-24 
1206.34 7.82023e-24 
1206.35 6.61788e-24 
1206.36 5.59851e-24 
1206.37 4.73455e-24 
1206.38 4.00257e-24 
1206.39 3.38263e-24 
1206.39 2.85774e-24 
1206.4 2.41348e-24 
1206.41 2.0376e-24 
1206.42 1.71968e-24 
1206.43 1.45088e-24 
1206.44 1.22368e-24 
1206.45 1.03171e-24 
1206.46 8.69567e-25 
1206.47 7.32658e-25 
1206.48 6.15772e-25 
1206.49 5.1847e-25 
1206.5 4.36396e-25 
1206.51 3.67191e-25 
1206.52 3.08856e-25 
1206.53 2.59702e-25 
1206.54 2.18296e-25 
1206.55 1.83431e-25 
1206.56 1.54082e-25 
1206.57 1.29386e-25 
1206.58 1.08611e-25 
1206.59 9.11414e-26 
1206.6 0 
