#energy geo_1 
1186.6 1.114e-40 
1186.61 1.32972e-40 
1186.62 1.58683e-40 
1186.63 1.89322e-40 
1186.64 2.25821e-40 
1186.65 2.69296e-40 
1186.66 3.2106e-40 
1186.67 3.82686e-40 
1186.68 4.56032e-40 
1186.69 5.43304e-40 
1186.7 6.47127e-40 
1186.71 7.70603e-40 
1186.72 9.17424e-40 
1186.73 1.09433e-39 
1186.74 1.30221e-39 
1186.75 1.5492e-39 
1186.76 1.8426e-39 
1186.77 2.19105e-39 
1186.78 2.60477e-39 
1186.79 3.09588e-39 
1186.8 3.6787e-39 
1186.81 4.3702e-39 
1186.81 5.19045e-39 
1186.82 6.16319e-39 
1186.83 7.31649e-39 
1186.84 8.68354e-39 
1186.85 1.03036e-38 
1186.86 1.22229e-38 
1186.87 1.44963e-38 
1186.88 1.71885e-38 
1186.89 2.03758e-38 
1186.9 2.41484e-38 
1186.91 2.86127e-38 
1186.92 3.38943e-38 
1186.93 4.01411e-38 
1186.94 4.7528e-38 
1186.95 5.62609e-38 
1186.96 6.65825e-38 
1186.97 7.8779e-38 
1186.98 9.33831e-38 
1186.99 1.10436e-37 
1187 1.30572e-37 
1187.01 1.54342e-37 
1187.02 1.82397e-37 
1187.03 2.15499e-37 
1187.04 2.54549e-37 
1187.05 3.00603e-37 
1187.06 3.54905e-37 
1187.07 4.18916e-37 
1187.08 4.94355e-37 
1187.09 5.8324e-37 
1187.1 6.87944e-37 
1187.11 8.1125e-37 
1187.12 9.5643e-37 
1187.13 1.12732e-36 
1187.14 1.32843e-36 
1187.15 1.56505e-36 
1187.16 1.84338e-36 
1187.17 2.17068e-36 
1187.18 2.55549e-36 
1187.19 3.0078e-36 
1187.2 3.53933e-36 
1187.21 4.16379e-36 
1187.22 4.89727e-36 
1187.23 5.77025e-36 
1187.24 6.78346e-36 
1187.24 7.9727e-36 
1187.25 9.36819e-36 
1187.26 1.10053e-35 
1187.27 1.29255e-35 
1187.28 1.5177e-35 
1187.29 1.78165e-35 
1187.3 2.09101e-35 
1187.31 2.4535e-35 
1187.32 2.87815e-35 
1187.33 3.37549e-35 
1187.34 3.95783e-35 
1187.35 4.63953e-35 
1187.36 5.43735e-35 
1187.37 6.37085e-35 
1187.38 7.46283e-35 
1187.39 8.73991e-35 
1187.4 1.02331e-34 
1187.41 1.19785e-34 
1187.42 1.40183e-34 
1187.43 1.64016e-34 
1187.44 1.91855e-34 
1187.45 2.24366e-34 
1187.46 2.62323e-34 
1187.47 3.06629e-34 
1187.48 3.5903e-34 
1187.49 4.19469e-34 
1187.5 4.89964e-34 
1187.51 5.72172e-34 
1187.52 6.68013e-34 
1187.53 7.79722e-34 
1187.54 9.09895e-34 
1187.55 1.06155e-33 
1187.56 1.23818e-33 
1187.57 1.44386e-33 
1187.58 1.68331e-33 
1187.59 1.962e-33 
1187.6 2.28629e-33 
1187.61 2.66519e-33 
1187.62 3.10423e-33 
1187.63 3.61472e-33 
1187.64 4.20817e-33 
1187.65 4.89788e-33 
1187.66 5.69927e-33 
1187.66 6.63021e-33 
1187.67 7.71138e-33 
1187.68 8.96671e-33 
1187.69 1.04239e-32 
1187.7 1.21151e-32 
1187.71 1.40772e-32 
1187.72 1.63533e-32 
1187.73 1.90284e-32 
1187.74 2.20944e-32 
1187.75 2.56483e-32 
1187.76 2.97667e-32 
1187.77 3.45383e-32 
1187.78 4.00652e-32 
1187.79 4.64655e-32 
1187.8 5.38754e-32 
1187.81 6.24521e-32 
1187.82 7.23769e-32 
1187.83 8.3859e-32 
1187.84 9.71396e-32 
1187.85 1.12497e-31 
1187.86 1.3025e-31 
1187.87 1.5077e-31 
1187.88 1.74481e-31 
1187.89 2.01873e-31 
1187.9 2.33509e-31 
1187.91 2.70039e-31 
1187.92 3.1221e-31 
1187.93 3.6088e-31 
1187.94 4.17038e-31 
1187.95 4.8182e-31 
1187.96 5.56533e-31 
1187.97 6.42678e-31 
1187.98 7.43314e-31 
1187.99 8.5796e-31 
1188 9.90053e-31 
1188.01 1.14221e-30 
1188.02 1.31744e-30 
1188.03 1.51919e-30 
1188.04 1.75142e-30 
1188.05 2.01867e-30 
1188.06 2.32614e-30 
1188.07 2.67981e-30 
1188.08 3.08652e-30 
1188.09 3.55411e-30 
1188.09 4.09155e-30 
1188.1 4.70915e-30 
1188.11 5.41868e-30 
1188.12 6.23364e-30 
1188.13 7.16945e-30 
1188.14 8.24379e-30 
1188.15 9.47687e-30 
1188.16 1.08918e-29 
1188.17 1.2515e-29 
1188.18 1.43767e-29 
1188.19 1.65113e-29 
1188.2 1.89585e-29 
1188.21 2.17631e-29 
1188.22 2.49767e-29 
1188.23 2.87072e-29 
1188.24 3.29305e-29 
1188.25 3.7766e-29 
1188.26 4.33012e-29 
1188.27 4.96359e-29 
1188.28 5.68839e-29 
1188.29 6.51746e-29 
1188.3 7.4656e-29 
1188.31 8.54963e-29 
1188.32 9.78874e-29 
1188.33 1.12048e-28 
1188.34 1.28226e-28 
1188.35 1.46705e-28 
1188.36 1.67807e-28 
1188.37 1.91899e-28 
1188.38 2.19398e-28 
1188.39 2.50777e-28 
1188.4 2.86577e-28 
1188.41 3.27409e-28 
1188.42 3.73969e-28 
1188.43 4.2705e-28 
1188.44 4.87548e-28 
1188.45 5.56485e-28 
1188.46 6.35018e-28 
1188.47 7.24461e-28 
1188.48 8.27664e-28 
1188.49 9.43789e-28 
1188.5 1.07595e-27 
1188.51 1.22633e-27 
1188.52 1.39739e-27 
1188.52 1.59194e-27 
1188.53 1.81313e-27 
1188.54 2.06458e-27 
1188.55 2.35033e-27 
1188.56 2.67499e-27 
1188.57 3.04378e-27 
1188.58 3.46259e-27 
1188.59 3.93809e-27 
1188.6 4.48059e-27 
1188.61 5.09346e-27 
1188.62 5.78878e-27 
1188.63 6.57745e-27 
1188.64 7.4718e-27 
1188.65 8.48573e-27 
1188.66 9.63495e-27 
1188.67 1.09372e-26 
1188.68 1.24125e-26 
1188.69 1.40835e-26 
1188.7 1.59757e-26 
1188.71 1.81177e-26 
1188.72 2.0542e-26 
1188.73 2.33217e-26 
1188.74 2.64297e-26 
1188.75 2.99448e-26 
1188.76 3.39194e-26 
1188.77 3.84123e-26 
1188.78 4.349e-26 
1188.79 4.92272e-26 
1188.8 5.5708e-26 
1188.81 6.3027e-26 
1188.82 7.12906e-26 
1188.83 8.06185e-26 
1188.84 9.11451e-26 
1188.85 1.03022e-25 
1188.86 1.16418e-25 
1188.87 1.31526e-25 
1188.88 1.48558e-25 
1188.89 1.67756e-25 
1188.9 1.8939e-25 
1188.91 2.13763e-25 
1188.92 2.41215e-25 
1188.93 2.72128e-25 
1188.94 3.0693e-25 
1188.94 3.46099e-25 
1188.95 3.90175e-25 
1188.96 4.39759e-25 
1188.97 4.95527e-25 
1188.98 5.59064e-25 
1188.99 6.2966e-25 
1189 7.09e-25 
1189.01 7.98149e-25 
1189.02 8.98292e-25 
1189.03 1.01076e-24 
1189.04 1.13704e-24 
1189.05 1.27879e-24 
1189.06 1.43787e-24 
1189.07 1.61636e-24 
1189.08 1.81656e-24 
1189.09 2.04109e-24 
1189.1 2.29281e-24 
1189.11 2.57497e-24 
1189.12 2.89116e-24 
1189.13 3.24541e-24 
1189.14 3.6422e-24 
1189.15 4.08652e-24 
1189.16 4.58396e-24 
1189.17 5.14072e-24 
1189.18 5.76374e-24 
1189.19 6.46073e-24 
1189.2 7.24027e-24 
1189.21 8.11195e-24 
1189.22 9.0864e-24 
1189.23 1.01899e-23 
1189.24 1.14085e-23 
1189.25 1.27698e-23 
1189.26 1.42901e-23 
1189.27 1.59876e-23 
1189.28 1.78826e-23 
1189.29 1.99973e-23 
1189.3 2.23569e-23 
1189.31 2.49888e-23 
1189.32 2.7924e-23 
1189.33 3.11966e-23 
1189.34 3.48443e-23 
1189.35 3.89093e-23 
1189.36 4.34383e-23 
1189.36 4.84828e-23 
1189.37 5.41003e-23 
1189.38 6.03543e-23 
1189.39 6.73152e-23 
1189.4 7.50611e-23 
1189.41 8.36784e-23 
1189.42 9.32628e-23 
1189.43 1.0392e-22 
1189.44 1.15768e-22 
1189.45 1.28936e-22 
1189.46 1.43567e-22 
1189.47 1.59821e-22 
1189.48 1.7811e-22 
1189.49 1.9818e-22 
1189.5 2.20458e-22 
1189.51 2.45183e-22 
1189.52 2.72615e-22 
1189.53 3.03045e-22 
1189.54 3.36791e-22 
1189.55 3.74206e-22 
1189.56 4.15678e-22 
1189.57 4.61637e-22 
1189.58 5.12555e-22 
1189.59 5.68955e-22 
1189.6 6.31409e-22 
1189.61 7.00987e-22 
1189.62 7.77565e-22 
1189.63 8.62304e-22 
1189.64 9.56049e-22 
1189.65 1.05973e-21 
1189.66 1.17438e-21 
1189.67 1.30113e-21 
1189.68 1.44121e-21 
1189.69 1.59599e-21 
1189.7 1.76697e-21 
1189.71 1.95581e-21 
1189.72 2.16431e-21 
1189.73 2.39749e-21 
1189.74 2.65181e-21 
1189.75 2.9324e-21 
1189.76 3.24192e-21 
1189.77 3.58325e-21 
1189.78 3.95958e-21 
1189.79 4.37439e-21 
1189.79 4.83151e-21 
1189.8 5.33512e-21 
1189.81 5.88982e-21 
1189.82 6.50066e-21 
1189.83 7.17313e-21 
1189.84 7.91329e-21 
1189.85 8.72774e-21 
1189.86 9.62373e-21 
1189.87 1.06092e-20 
1189.88 1.16927e-20 
1189.89 1.28839e-20 
1189.9 1.41931e-20 
1189.91 1.56315e-20 
1189.92 1.72116e-20 
1189.93 1.8947e-20 
1189.94 2.08523e-20 
1189.95 2.29438e-20 
1189.96 2.52391e-20 
1189.97 2.77574e-20 
1189.98 3.05559e-20 
1189.99 3.35885e-20 
1190 3.69134e-20 
1190.01 4.05578e-20 
1190.02 4.45513e-20 
1190.03 4.89265e-20 
1190.04 5.37185e-20 
1190.05 5.89658e-20 
1190.06 6.47103e-20 
1190.07 7.09975e-20 
1190.08 7.78771e-20 
1190.09 8.54029e-20 
1190.1 9.36337e-20 
1190.11 1.02633e-19 
1190.12 1.12471e-19 
1190.13 1.23223e-19 
1190.14 1.3497e-19 
1190.15 1.47802e-19 
1190.16 1.61815e-19 
1190.17 1.77115e-19 
1190.18 1.93816e-19 
1190.19 2.1204e-19 
1190.2 2.31923e-19 
1190.21 2.53611e-19 
1190.21 2.7726e-19 
1190.22 3.03379e-19 
1190.23 3.3151e-19 
1190.24 3.62163e-19 
1190.25 3.95557e-19 
1190.26 4.31927e-19 
1190.27 4.71529e-19 
1190.28 5.1464e-19 
1190.29 5.61558e-19 
1190.3 6.12608e-19 
1190.31 6.6814e-19 
1190.32 7.28532e-19 
1190.33 7.94194e-19 
1190.34 8.65567e-19 
1190.35 9.43131e-19 
1190.36 1.0274e-18 
1190.37 1.11893e-18 
1190.38 1.21833e-18 
1190.39 1.32624e-18 
1190.4 1.44337e-18 
1190.41 1.57047e-18 
1190.42 1.70835e-18 
1190.43 1.85789e-18 
1190.44 2.02005e-18 
1190.45 2.19583e-18 
1190.46 2.38635e-18 
1190.47 2.59277e-18 
1190.48 2.81929e-18 
1190.49 3.0617e-18 
1190.5 3.32417e-18 
1190.51 3.60827e-18 
1190.52 3.91572e-18 
1190.53 4.24836e-18 
1190.54 4.60816e-18 
1190.55 4.99724e-18 
1190.56 5.41788e-18 
1190.57 5.87254e-18 
1190.58 6.36383e-18 
1190.59 6.89458e-18 
1190.6 7.46782e-18 
1190.61 8.0918e-18 
1190.62 8.76041e-18 
1190.63 9.48201e-18 
1190.64 1.02606e-17 
1190.64 1.11005e-17 
1190.65 1.20063e-17 
1190.66 1.29829e-17 
1190.67 1.40356e-17 
1190.68 1.517e-17 
1190.69 1.63922e-17 
1190.7 1.77087e-17 
1190.71 1.91264e-17 
1190.72 2.06526e-17 
1190.73 2.23167e-17 
1190.74 2.40859e-17 
1190.75 2.59893e-17 
1190.76 2.80364e-17 
1190.77 3.02376e-17 
1190.78 3.26038e-17 
1190.79 3.51468e-17 
1190.8 3.78791e-17 
1190.81 4.08141e-17 
1190.82 4.39661e-17 
1190.83 4.73502e-17 
1190.84 5.09827e-17 
1190.85 5.48808e-17 
1190.86 5.90629e-17 
1190.87 6.35485e-17 
1190.88 6.83585e-17 
1190.89 7.35151e-17 
1190.9 7.90419e-17 
1190.91 8.4964e-17 
1190.92 9.1308e-17 
1190.93 9.81023e-17 
1190.94 1.05377e-16 
1190.95 1.13165e-16 
1190.96 1.21499e-16 
1190.97 1.30415e-16 
1190.98 1.40076e-16 
1190.99 1.50284e-16 
1191 1.61198e-16 
1191.01 1.72863e-16 
1191.02 1.85328e-16 
1191.03 1.98645e-16 
1191.04 2.12868e-16 
1191.05 2.28055e-16 
1191.06 2.44267e-16 
1191.07 2.61569e-16 
1191.07 2.80031e-16 
1191.08 2.99724e-16 
1191.09 3.20726e-16 
1191.1 3.43117e-16 
1191.11 3.66985e-16 
1191.12 3.9242e-16 
1191.13 4.19517e-16 
1191.14 4.48379e-16 
1191.15 4.79112e-16 
1191.16 5.1183e-16 
1191.17 5.46653e-16 
1191.18 5.83705e-16 
1191.19 6.23121e-16 
1191.2 6.6504e-16 
1191.21 7.0961e-16 
1191.22 7.56987e-16 
1191.23 8.07984e-16 
1191.24 8.61516e-16 
1191.25 9.18377e-16 
1191.26 9.78757e-16 
1191.27 1.04286e-15 
1191.28 1.11089e-15 
1191.29 1.18309e-15 
1191.3 1.25967e-15 
1191.31 1.34089e-15 
1191.32 1.42701e-15 
1191.33 1.5183e-15 
1191.34 1.61505e-15 
1191.35 1.71755e-15 
1191.36 1.82612e-15 
1191.37 1.9411e-15 
1191.38 2.06282e-15 
1191.39 2.19165e-15 
1191.4 2.32797e-15 
1191.41 2.47219e-15 
1191.42 2.62471e-15 
1191.43 2.78599e-15 
1191.44 2.95646e-15 
1191.45 3.13663e-15 
1191.46 3.32698e-15 
1191.47 3.52804e-15 
1191.48 3.74316e-15 
1191.49 3.9674e-15 
1191.49 4.20414e-15 
1191.5 4.45396e-15 
1191.51 4.7175e-15 
1191.52 4.99544e-15 
1191.53 5.2885e-15 
1191.54 5.59742e-15 
1191.55 5.92298e-15 
1191.56 6.26598e-15 
1191.57 6.62726e-15 
1191.58 7.00771e-15 
1191.59 7.40823e-15 
1191.6 7.83463e-15 
1191.61 8.27848e-15 
1191.62 8.74539e-15 
1191.63 9.23643e-15 
1191.64 9.75272e-15 
1191.65 1.02954e-14 
1191.66 1.08657e-14 
1191.67 1.14649e-14 
1191.68 1.20943e-14 
1191.69 1.27551e-14 
1191.7 1.34489e-14 
1191.71 1.4177e-14 
1191.72 1.4941e-14 
1191.73 1.57527e-14 
1191.74 1.65936e-14 
1191.75 1.74753e-14 
1191.76 1.83995e-14 
1191.77 1.93679e-14 
1191.78 2.03824e-14 
1191.79 2.1445e-14 
1191.8 2.25576e-14 
1191.81 2.37223e-14 
1191.82 2.49412e-14 
1191.83 2.62164e-14 
1191.84 2.75503e-14 
1191.85 2.89452e-14 
1191.86 3.04035e-14 
1191.87 3.19276e-14 
1191.88 3.35202e-14 
1191.89 3.51839e-14 
1191.9 3.69213e-14 
1191.91 3.87353e-14 
1191.92 4.06288e-14 
1191.92 4.26046e-14 
1191.93 4.4666e-14 
1191.94 4.68159e-14 
1191.95 4.90576e-14 
1191.96 5.13944e-14 
1191.97 5.38298e-14 
1191.98 5.63995e-14 
1191.99 5.90437e-14 
1192 6.17972e-14 
1192.01 6.46637e-14 
1192.02 6.76471e-14 
1192.03 7.07512e-14 
1192.04 7.39803e-14 
1192.05 7.73382e-14 
1192.06 8.08294e-14 
1192.07 8.4458e-14 
1192.08 8.82286e-14 
1192.09 9.21455e-14 
1192.1 9.62135e-14 
1192.11 1.00437e-13 
1192.12 1.04821e-13 
1192.13 1.09371e-13 
1192.14 1.1409e-13 
1192.15 1.18985e-13 
1192.16 1.24061e-13 
1192.17 1.29322e-13 
1192.18 1.34775e-13 
1192.19 1.40424e-13 
1192.2 1.46274e-13 
1192.21 1.52333e-13 
1192.22 1.58604e-13 
1192.23 1.65177e-13 
1192.24 1.71895e-13 
1192.25 1.78844e-13 
1192.26 1.86029e-13 
1192.27 1.93457e-13 
1192.28 2.01134e-13 
1192.29 2.09065e-13 
1192.3 2.17258e-13 
1192.31 2.25718e-13 
1192.32 2.34451e-13 
1192.33 2.43465e-13 
1192.34 2.52765e-13 
1192.34 2.62358e-13 
1192.35 2.7225e-13 
1192.36 2.82448e-13 
1192.37 2.92959e-13 
1192.38 3.03788e-13 
1192.39 3.14943e-13 
1192.4 3.26429e-13 
1192.41 3.38255e-13 
1192.42 3.50425e-13 
1192.43 3.62947e-13 
1192.44 3.75827e-13 
1192.45 3.89072e-13 
1192.46 4.02689e-13 
1192.47 4.16682e-13 
1192.48 4.31242e-13 
1192.49 4.46015e-13 
1192.5 4.61185e-13 
1192.51 4.76758e-13 
1192.52 4.92739e-13 
1192.53 5.09136e-13 
1192.54 5.25954e-13 
1192.55 5.43199e-13 
1192.56 5.60876e-13 
1192.57 5.78992e-13 
1192.58 5.97552e-13 
1192.59 6.16562e-13 
1192.6 6.36026e-13 
1192.61 6.56355e-13 
1192.62 6.76757e-13 
1192.63 6.97628e-13 
1192.64 7.18975e-13 
1192.65 7.40801e-13 
1192.66 7.6311e-13 
1192.67 7.85908e-13 
1192.68 8.09198e-13 
1192.69 8.32984e-13 
1192.7 8.5727e-13 
1192.71 8.82059e-13 
1192.72 9.07355e-13 
1192.73 9.33486e-13 
1192.74 9.59812e-13 
1192.75 9.86653e-13 
1192.76 1.01401e-12 
1192.77 1.0419e-12 
1192.77 1.0703e-12 
1192.78 1.09924e-12 
1192.79 1.1287e-12 
1192.8 1.15869e-12 
1192.81 1.18922e-12 
1192.82 1.22028e-12 
1192.83 1.25188e-12 
1192.84 1.28402e-12 
1192.85 1.3167e-12 
1192.86 1.34993e-12 
1192.87 1.38371e-12 
1192.88 1.41803e-12 
1192.89 1.45292e-12 
1192.9 1.48836e-12 
1192.91 1.52436e-12 
1192.92 1.56094e-12 
1192.93 1.59808e-12 
1192.94 1.63581e-12 
1192.95 1.67413e-12 
1192.96 1.71304e-12 
1192.97 1.75256e-12 
1192.98 1.79321e-12 
1192.99 1.83399e-12 
1193 1.87542e-12 
1193.01 1.91751e-12 
1193.02 1.96029e-12 
1193.03 2.00378e-12 
1193.04 2.04801e-12 
1193.05 2.093e-12 
1193.06 2.1388e-12 
1193.07 2.18543e-12 
1193.08 2.23294e-12 
1193.09 2.28138e-12 
1193.1 2.3308e-12 
1193.11 2.38127e-12 
1193.12 2.43285e-12 
1193.13 2.48563e-12 
1193.14 2.53968e-12 
1193.15 2.59511e-12 
1193.16 2.65203e-12 
1193.17 2.71054e-12 
1193.18 2.7708e-12 
1193.19 2.83293e-12 
1193.19 2.89713e-12 
1193.2 2.96355e-12 
1193.21 3.03241e-12 
1193.22 3.10487e-12 
1193.23 3.17932e-12 
1193.24 3.25698e-12 
1193.25 3.33814e-12 
1193.26 3.42312e-12 
1193.27 3.51231e-12 
1193.28 3.6061e-12 
1193.29 3.70495e-12 
1193.3 3.80935e-12 
1193.31 3.91985e-12 
1193.32 4.03703e-12 
1193.33 4.16156e-12 
1193.34 4.29416e-12 
1193.35 4.43561e-12 
1193.36 4.58679e-12 
1193.37 4.74863e-12 
1193.38 4.92217e-12 
1193.39 5.10856e-12 
1193.4 5.30903e-12 
1193.41 5.52494e-12 
1193.42 5.75777e-12 
1193.43 6.00915e-12 
1193.44 6.28084e-12 
1193.45 6.57476e-12 
1193.46 6.89303e-12 
1193.47 7.23794e-12 
1193.48 7.61684e-12 
1193.49 8.02314e-12 
1193.5 8.46429e-12 
1193.51 8.9435e-12 
1193.52 9.46429e-12 
1193.53 1.00305e-11 
1193.54 1.06462e-11 
1193.55 1.13159e-11 
1193.56 1.20445e-11 
1193.57 1.28372e-11 
1193.58 1.36999e-11 
1193.59 1.46387e-11 
1193.6 1.56605e-11 
1193.61 1.67827e-11 
1193.62 1.79934e-11 
1193.62 1.93109e-11 
1193.63 2.07442e-11 
1193.64 2.23036e-11 
1193.65 2.39998e-11 
1193.66 2.58444e-11 
1193.67 2.78502e-11 
1193.68 3.00307e-11 
1193.69 3.24006e-11 
1193.7 3.49759e-11 
1193.71 3.77735e-11 
1193.72 4.0812e-11 
1193.73 4.41541e-11 
1193.74 4.7739e-11 
1193.75 5.16293e-11 
1193.76 5.58497e-11 
1193.77 6.04269e-11 
1193.78 6.53895e-11 
1193.79 7.07683e-11 
1193.8 7.65964e-11 
1193.81 8.29093e-11 
1193.82 8.9745e-11 
1193.83 9.71444e-11 
1193.84 1.05151e-10 
1193.85 1.13813e-10 
1193.86 1.23179e-10 
1193.87 1.33304e-10 
1193.88 1.44246e-10 
1193.89 1.56065e-10 
1193.9 1.68829e-10 
1193.91 1.82607e-10 
1193.92 1.97476e-10 
1193.93 2.13515e-10 
1193.94 2.30812e-10 
1193.95 2.49457e-10 
1193.96 2.69548e-10 
1193.97 2.91191e-10 
1193.98 3.14799e-10 
1193.99 3.39909e-10 
1194 3.66929e-10 
1194.01 3.95992e-10 
1194.02 4.27243e-10 
1194.03 4.60834e-10 
1194.04 4.96927e-10 
1194.05 5.35694e-10 
1194.05 5.77318e-10 
1194.06 6.21994e-10 
1194.07 6.69927e-10 
1194.08 7.21338e-10 
1194.09 7.76457e-10 
1194.1 8.3553e-10 
1194.11 8.98819e-10 
1194.12 9.66599e-10 
1194.13 1.03916e-09 
1194.14 1.11682e-09 
1194.15 1.19989e-09 
1194.16 1.28873e-09 
1194.17 1.3837e-09 
1194.18 1.48518e-09 
1194.19 1.59359e-09 
1194.2 1.70935e-09 
1194.21 1.83291e-09 
1194.22 1.96476e-09 
1194.23 2.10721e-09 
1194.24 2.25727e-09 
1194.25 2.41722e-09 
1194.26 2.58764e-09 
1194.27 2.76914e-09 
1194.28 2.96238e-09 
1194.29 3.16804e-09 
1194.3 3.38683e-09 
1194.31 3.61951e-09 
1194.32 3.86687e-09 
1194.33 4.12973e-09 
1194.34 4.40897e-09 
1194.35 4.70549e-09 
1194.36 5.02025e-09 
1194.37 5.35424e-09 
1194.38 5.70851e-09 
1194.39 6.08414e-09 
1194.4 6.48228e-09 
1194.41 6.90412e-09 
1194.42 7.3509e-09 
1194.43 7.82391e-09 
1194.44 8.32452e-09 
1194.45 8.85412e-09 
1194.46 9.4142e-09 
1194.47 1.00063e-08 
1194.47 1.06402e-08 
1194.48 1.13014e-08 
1194.49 1.19997e-08 
1194.5 1.27369e-08 
1194.51 1.35147e-08 
1194.52 1.43351e-08 
1194.53 1.52001e-08 
1194.54 1.61117e-08 
1194.55 1.70721e-08 
1194.56 1.80836e-08 
1194.57 1.91485e-08 
1194.58 2.0269e-08 
1194.59 2.14478e-08 
1194.6 2.26874e-08 
1194.61 2.40051e-08 
1194.62 2.5375e-08 
1194.63 2.68138e-08 
1194.64 2.83245e-08 
1194.65 2.99101e-08 
1194.66 3.15735e-08 
1194.67 3.3318e-08 
1194.68 3.51467e-08 
1194.69 3.70631e-08 
1194.7 3.90706e-08 
1194.71 4.11727e-08 
1194.72 4.33729e-08 
1194.73 4.57044e-08 
1194.74 4.81135e-08 
1194.75 5.06322e-08 
1194.76 5.32643e-08 
1194.77 5.60141e-08 
1194.78 5.88856e-08 
1194.79 6.18829e-08 
1194.8 6.50105e-08 
1194.81 6.82727e-08 
1194.82 7.1674e-08 
1194.83 7.52188e-08 
1194.84 7.89118e-08 
1194.85 8.27577e-08 
1194.86 8.67611e-08 
1194.87 9.0927e-08 
1194.88 9.52601e-08 
1194.89 9.97654e-08 
1194.9 1.04448e-07 
1194.9 1.09313e-07 
1194.91 1.14365e-07 
1194.92 1.19609e-07 
1194.93 1.25051e-07 
1194.94 1.30695e-07 
1194.95 1.36548e-07 
1194.96 1.42613e-07 
1194.97 1.48897e-07 
1194.98 1.55487e-07 
1194.99 1.62225e-07 
1195 1.69198e-07 
1195.01 1.7641e-07 
1195.02 1.83866e-07 
1195.03 1.91571e-07 
1195.04 1.99531e-07 
1195.05 2.0775e-07 
1195.06 2.16233e-07 
1195.07 2.24985e-07 
1195.08 2.34012e-07 
1195.09 2.43317e-07 
1195.1 2.52905e-07 
1195.11 2.62781e-07 
1195.12 2.72949e-07 
1195.13 2.83413e-07 
1195.14 2.94177e-07 
1195.15 3.05246e-07 
1195.16 3.16622e-07 
1195.17 3.2831e-07 
1195.18 3.40312e-07 
1195.19 3.52632e-07 
1195.2 3.65273e-07 
1195.21 3.78238e-07 
1195.22 3.91529e-07 
1195.23 4.0532e-07 
1195.24 4.19273e-07 
1195.25 4.33558e-07 
1195.26 4.48176e-07 
1195.27 4.63128e-07 
1195.28 4.78415e-07 
1195.29 4.94038e-07 
1195.3 5.09997e-07 
1195.31 5.26291e-07 
1195.32 5.42919e-07 
1195.32 5.59882e-07 
1195.33 5.77177e-07 
1195.34 5.94804e-07 
1195.35 6.12759e-07 
1195.36 6.3104e-07 
1195.37 6.49645e-07 
1195.38 6.6857e-07 
1195.39 6.87812e-07 
1195.4 7.07366e-07 
1195.41 7.27227e-07 
1195.42 7.47391e-07 
1195.43 7.67853e-07 
1195.44 7.88605e-07 
1195.45 8.09643e-07 
1195.46 8.30959e-07 
1195.47 8.52545e-07 
1195.48 8.74669e-07 
1195.49 8.96776e-07 
1195.5 9.1913e-07 
1195.51 9.41719e-07 
1195.52 9.64537e-07 
1195.53 9.87571e-07 
1195.54 1.01081e-06 
1195.55 1.03425e-06 
1195.56 1.05787e-06 
1195.57 1.08166e-06 
1195.58 1.10562e-06 
1195.59 1.12972e-06 
1195.6 1.15395e-06 
1195.61 1.17904e-06 
1195.62 1.20351e-06 
1195.63 1.22808e-06 
1195.64 1.25273e-06 
1195.65 1.27744e-06 
1195.66 1.3022e-06 
1195.67 1.32699e-06 
1195.68 1.3518e-06 
1195.69 1.37661e-06 
1195.7 1.4014e-06 
1195.71 1.42615e-06 
1195.72 1.45086e-06 
1195.73 1.4758e-06 
1195.74 1.50036e-06 
1195.75 1.5248e-06 
1195.75 1.54913e-06 
1195.76 1.57331e-06 
1195.77 1.59734e-06 
1195.78 1.6212e-06 
1195.79 1.64486e-06 
1195.8 1.66831e-06 
1195.81 1.69153e-06 
1195.82 1.7145e-06 
1195.83 1.7372e-06 
1195.84 1.75962e-06 
1195.85 1.78174e-06 
1195.86 1.80353e-06 
1195.87 1.82499e-06 
1195.88 1.84609e-06 
1195.89 1.86682e-06 
1195.9 1.88716e-06 
1195.91 1.9071e-06 
1195.92 1.9266e-06 
1195.93 1.94567e-06 
1195.94 1.96428e-06 
1195.95 1.98243e-06 
1195.96 2.00008e-06 
1195.97 2.01723e-06 
1195.98 2.03407e-06 
1195.99 2.05017e-06 
1196 2.06573e-06 
1196.01 2.08073e-06 
1196.02 2.09516e-06 
1196.03 2.10901e-06 
1196.04 2.12226e-06 
1196.05 2.13492e-06 
1196.06 2.14696e-06 
1196.07 2.15837e-06 
1196.08 2.16916e-06 
1196.09 2.1793e-06 
1196.1 2.1888e-06 
1196.11 2.19765e-06 
1196.12 2.20583e-06 
1196.13 2.21334e-06 
1196.14 2.22019e-06 
1196.15 2.22636e-06 
1196.16 2.23184e-06 
1196.17 2.23665e-06 
1196.17 2.24078e-06 
1196.18 2.24421e-06 
1196.19 2.24697e-06 
1196.2 2.24903e-06 
1196.21 2.25041e-06 
1196.22 2.25111e-06 
1196.23 2.25113e-06 
1196.24 2.25046e-06 
1196.25 2.24912e-06 
1196.26 2.24711e-06 
1196.27 2.24443e-06 
1196.28 2.2411e-06 
1196.29 2.23711e-06 
1196.3 2.23248e-06 
1196.31 2.22721e-06 
1196.32 2.22131e-06 
1196.33 2.2148e-06 
1196.34 2.20767e-06 
1196.35 2.19995e-06 
1196.36 2.19164e-06 
1196.37 2.18275e-06 
1196.38 2.17329e-06 
1196.39 2.16328e-06 
1196.4 2.15274e-06 
1196.41 2.14166e-06 
1196.42 2.13007e-06 
1196.43 2.11799e-06 
1196.44 2.10542e-06 
1196.45 2.09238e-06 
1196.46 2.07889e-06 
1196.47 2.06495e-06 
1196.48 2.05042e-06 
1196.49 2.03565e-06 
1196.5 2.0205e-06 
1196.51 2.00497e-06 
1196.52 1.98909e-06 
1196.53 1.97287e-06 
1196.54 1.95632e-06 
1196.55 1.93947e-06 
1196.56 1.92233e-06 
1196.57 1.90493e-06 
1196.58 1.88726e-06 
1196.59 1.86937e-06 
1196.6 1.85125e-06 
1196.6 1.83406e-06 
1196.61 1.81555e-06 
1196.62 1.79686e-06 
1196.63 1.77803e-06 
1196.64 1.75907e-06 
1196.65 1.73998e-06 
1196.66 1.7208e-06 
1196.67 1.70153e-06 
1196.68 1.68219e-06 
1196.69 1.6628e-06 
1196.7 1.64337e-06 
1196.71 1.62392e-06 
1196.72 1.60446e-06 
1196.73 1.58477e-06 
1196.74 1.56534e-06 
1196.75 1.54594e-06 
1196.76 1.52659e-06 
1196.77 1.50731e-06 
1196.78 1.48809e-06 
1196.79 1.46897e-06 
1196.8 1.44994e-06 
1196.81 1.43102e-06 
1196.82 1.41223e-06 
1196.83 1.39356e-06 
1196.84 1.37504e-06 
1196.85 1.35667e-06 
1196.86 1.33846e-06 
1196.87 1.32042e-06 
1196.88 1.30256e-06 
1196.89 1.28488e-06 
1196.9 1.2674e-06 
1196.91 1.25012e-06 
1196.92 1.23305e-06 
1196.93 1.21619e-06 
1196.94 1.19955e-06 
1196.95 1.18313e-06 
1196.96 1.16695e-06 
1196.97 1.151e-06 
1196.98 1.13509e-06 
1196.99 1.11963e-06 
1197 1.10441e-06 
1197.01 1.08944e-06 
1197.02 1.07472e-06 
1197.03 1.06026e-06 
1197.03 1.04605e-06 
1197.04 1.03209e-06 
1197.05 1.0184e-06 
1197.06 1.00497e-06 
1197.07 9.91792e-07 
1197.08 9.78878e-07 
1197.09 9.66224e-07 
1197.1 9.5383e-07 
1197.11 9.41695e-07 
1197.12 9.29819e-07 
1197.13 9.182e-07 
1197.14 9.06838e-07 
1197.15 8.95731e-07 
1197.16 8.84877e-07 
1197.17 8.74275e-07 
1197.18 8.63922e-07 
1197.19 8.53817e-07 
1197.2 8.43957e-07 
1197.21 8.34341e-07 
1197.22 8.24965e-07 
1197.23 8.15714e-07 
1197.24 8.06815e-07 
1197.25 7.98149e-07 
1197.26 7.89712e-07 
1197.27 7.81503e-07 
1197.28 7.73519e-07 
1197.29 7.65757e-07 
1197.3 7.58213e-07 
1197.31 7.50886e-07 
1197.32 7.43773e-07 
1197.33 7.3687e-07 
1197.34 7.30175e-07 
1197.35 7.23686e-07 
1197.36 7.174e-07 
1197.37 7.11314e-07 
1197.38 7.05426e-07 
1197.39 6.99734e-07 
1197.4 6.94236e-07 
1197.41 6.88928e-07 
1197.42 6.83811e-07 
1197.43 6.78881e-07 
1197.44 6.74136e-07 
1197.45 6.69576e-07 
1197.45 6.65198e-07 
1197.46 6.61002e-07 
1197.47 6.56986e-07 
1197.48 6.53102e-07 
1197.49 6.49445e-07 
1197.5 6.45965e-07 
1197.51 6.42662e-07 
1197.52 6.39535e-07 
1197.53 6.36585e-07 
1197.54 6.3381e-07 
1197.55 6.31211e-07 
1197.56 6.28788e-07 
1197.57 6.26542e-07 
1197.58 6.24473e-07 
1197.59 6.22581e-07 
1197.6 6.20868e-07 
1197.61 6.19716e-07 
1197.62 6.18362e-07 
1197.63 6.1719e-07 
1197.64 6.16202e-07 
1197.65 6.15398e-07 
1197.66 6.14782e-07 
1197.67 6.14354e-07 
1197.68 6.14116e-07 
1197.69 6.14071e-07 
1197.7 6.1422e-07 
1197.71 6.14567e-07 
1197.72 6.15113e-07 
1197.73 6.15872e-07 
1197.74 6.16827e-07 
1197.75 6.1799e-07 
1197.76 6.19363e-07 
1197.77 6.20948e-07 
1197.78 6.2275e-07 
1197.79 6.2477e-07 
1197.8 6.27011e-07 
1197.81 6.29477e-07 
1197.82 6.32171e-07 
1197.83 6.35096e-07 
1197.84 6.38255e-07 
1197.85 6.4165e-07 
1197.86 6.45285e-07 
1197.87 6.49163e-07 
1197.88 6.53288e-07 
1197.88 6.57661e-07 
1197.89 6.62286e-07 
1197.9 6.67165e-07 
1197.91 6.72302e-07 
1197.92 6.777e-07 
1197.93 6.8336e-07 
1197.94 6.89285e-07 
1197.95 6.95479e-07 
1197.96 7.01942e-07 
1197.97 7.08678e-07 
1197.98 7.15778e-07 
1197.99 7.23068e-07 
1198 7.30636e-07 
1198.01 7.38484e-07 
1198.02 7.46613e-07 
1198.03 7.55024e-07 
1198.04 7.63719e-07 
1198.05 7.72698e-07 
1198.06 7.81962e-07 
1198.07 7.91512e-07 
1198.08 8.01347e-07 
1198.09 8.11468e-07 
1198.1 8.21875e-07 
1198.11 8.32567e-07 
1198.12 8.43543e-07 
1198.13 8.54802e-07 
1198.14 8.66344e-07 
1198.15 8.78166e-07 
1198.16 8.90268e-07 
1198.17 9.02646e-07 
1198.18 9.15299e-07 
1198.19 9.28224e-07 
1198.2 9.41418e-07 
1198.21 9.54878e-07 
1198.22 9.686e-07 
1198.23 9.82758e-07 
1198.24 9.96997e-07 
1198.25 1.01149e-06 
1198.26 1.02622e-06 
1198.27 1.0412e-06 
1198.28 1.05641e-06 
1198.29 1.07185e-06 
1198.3 1.08751e-06 
1198.3 1.10339e-06 
1198.31 1.11948e-06 
1198.32 1.13578e-06 
1198.33 1.15227e-06 
1198.34 1.16896e-06 
1198.35 1.18582e-06 
1198.36 1.20286e-06 
1198.37 1.22007e-06 
1198.38 1.23743e-06 
1198.39 1.25494e-06 
1198.4 1.27259e-06 
1198.41 1.29037e-06 
1198.42 1.30827e-06 
1198.43 1.32628e-06 
1198.44 1.34439e-06 
1198.45 1.36259e-06 
1198.46 1.38087e-06 
1198.47 1.39921e-06 
1198.48 1.41785e-06 
1198.49 1.4363e-06 
1198.5 1.45479e-06 
1198.51 1.4733e-06 
1198.52 1.49182e-06 
1198.53 1.51034e-06 
1198.54 1.52885e-06 
1198.55 1.54734e-06 
1198.56 1.56579e-06 
1198.57 1.58419e-06 
1198.58 1.60252e-06 
1198.59 1.62079e-06 
1198.6 1.63897e-06 
1198.61 1.65806e-06 
1198.62 1.67604e-06 
1198.63 1.69389e-06 
1198.64 1.71161e-06 
1198.65 1.72917e-06 
1198.66 1.74657e-06 
1198.67 1.7638e-06 
1198.68 1.78084e-06 
1198.69 1.79767e-06 
1198.7 1.8143e-06 
1198.71 1.83069e-06 
1198.72 1.84686e-06 
1198.73 1.86296e-06 
1198.73 1.87861e-06 
1198.74 1.89398e-06 
1198.75 1.90907e-06 
1198.76 1.92385e-06 
1198.77 1.93833e-06 
1198.78 1.95249e-06 
1198.79 1.96632e-06 
1198.8 1.97981e-06 
1198.81 1.99295e-06 
1198.82 2.00573e-06 
1198.83 2.01813e-06 
1198.84 2.03016e-06 
1198.85 2.0418e-06 
1198.86 2.05303e-06 
1198.87 2.06386e-06 
1198.88 2.07428e-06 
1198.89 2.08427e-06 
1198.9 2.09382e-06 
1198.91 2.10295e-06 
1198.92 2.11162e-06 
1198.93 2.11985e-06 
1198.94 2.12761e-06 
1198.95 2.13492e-06 
1198.96 2.14176e-06 
1198.97 2.14812e-06 
1198.98 2.15408e-06 
1198.99 2.15948e-06 
1199 2.16439e-06 
1199.01 2.16882e-06 
1199.02 2.17276e-06 
1199.03 2.1762e-06 
1199.04 2.17915e-06 
1199.05 2.1816e-06 
1199.06 2.18356e-06 
1199.07 2.18502e-06 
1199.08 2.18598e-06 
1199.09 2.18645e-06 
1199.1 2.18642e-06 
1199.11 2.1859e-06 
1199.12 2.18489e-06 
1199.13 2.18338e-06 
1199.14 2.18139e-06 
1199.15 2.17891e-06 
1199.15 2.17595e-06 
1199.16 2.17251e-06 
1199.17 2.1686e-06 
1199.18 2.16423e-06 
1199.19 2.15939e-06 
1199.2 2.15409e-06 
1199.21 2.14834e-06 
1199.22 2.14206e-06 
1199.23 2.13542e-06 
1199.24 2.12834e-06 
1199.25 2.12084e-06 
1199.26 2.11293e-06 
1199.27 2.1046e-06 
1199.28 2.09587e-06 
1199.29 2.08675e-06 
1199.3 2.07724e-06 
1199.31 2.06736e-06 
1199.32 2.05711e-06 
1199.33 2.0465e-06 
1199.34 2.03555e-06 
1199.35 2.02425e-06 
1199.36 2.01263e-06 
1199.37 2.00069e-06 
1199.38 1.98845e-06 
1199.39 1.9759e-06 
1199.4 1.96307e-06 
1199.41 1.94997e-06 
1199.42 1.9366e-06 
1199.43 1.92297e-06 
1199.44 1.90911e-06 
1199.45 1.89501e-06 
1199.46 1.88069e-06 
1199.47 1.86616e-06 
1199.48 1.85125e-06 
1199.49 1.83633e-06 
1199.5 1.82123e-06 
1199.51 1.80597e-06 
1199.52 1.79056e-06 
1199.53 1.775e-06 
1199.54 1.75932e-06 
1199.55 1.74351e-06 
1199.56 1.72758e-06 
1199.57 1.71156e-06 
1199.58 1.69545e-06 
1199.58 1.67926e-06 
1199.59 1.66301e-06 
1199.6 1.64669e-06 
1199.61 1.63132e-06 
1199.62 1.61491e-06 
1199.63 1.59847e-06 
1199.64 1.582e-06 
1199.65 1.56553e-06 
1199.66 1.54905e-06 
1199.67 1.53258e-06 
1199.68 1.51612e-06 
1199.69 1.49969e-06 
1199.7 1.4833e-06 
1199.71 1.46694e-06 
1199.72 1.45062e-06 
1199.73 1.43417e-06 
1199.74 1.41797e-06 
1199.75 1.40185e-06 
1199.76 1.3858e-06 
1199.77 1.36983e-06 
1199.78 1.35395e-06 
1199.79 1.33817e-06 
1199.8 1.32248e-06 
1199.81 1.3069e-06 
1199.82 1.29143e-06 
1199.83 1.27607e-06 
1199.84 1.26083e-06 
1199.85 1.24571e-06 
1199.86 1.23072e-06 
1199.87 1.21586e-06 
1199.88 1.20114e-06 
1199.89 1.18655e-06 
1199.9 1.1721e-06 
1199.91 1.15779e-06 
1199.92 1.14363e-06 
1199.93 1.12962e-06 
1199.94 1.11575e-06 
1199.95 1.10203e-06 
1199.96 1.08847e-06 
1199.97 1.07506e-06 
1199.98 1.06164e-06 
1199.99 1.04854e-06 
1200 1.03559e-06 
1200.01 1.0228e-06 
1200.01 1.01016e-06 
1200.02 9.97683e-07 
1200.03 9.85358e-07 
1200.04 9.73187e-07 
1200.05 9.6117e-07 
1200.06 9.49307e-07 
1200.07 9.37595e-07 
1200.08 9.26035e-07 
1200.09 9.14624e-07 
1200.1 9.03361e-07 
1200.11 8.92246e-07 
1200.12 8.81276e-07 
1200.13 8.70449e-07 
1200.14 8.59763e-07 
1200.15 8.49217e-07 
1200.16 8.38809e-07 
1200.17 8.28536e-07 
1200.18 8.18397e-07 
1200.19 8.08388e-07 
1200.2 7.98508e-07 
1200.21 7.88753e-07 
1200.22 7.79123e-07 
1200.23 7.69496e-07 
1200.24 7.60107e-07 
1200.25 7.50834e-07 
1200.26 7.41675e-07 
1200.27 7.32626e-07 
1200.28 7.23686e-07 
1200.29 7.14851e-07 
1200.3 7.0612e-07 
1200.31 6.97489e-07 
1200.32 6.88956e-07 
1200.33 6.80519e-07 
1200.34 6.72174e-07 
1200.35 6.63919e-07 
1200.36 6.55752e-07 
1200.37 6.47671e-07 
1200.38 6.39672e-07 
1200.39 6.31755e-07 
1200.4 6.23915e-07 
1200.41 6.16151e-07 
1200.42 6.08461e-07 
1200.43 6.00843e-07 
1200.43 5.93294e-07 
1200.44 5.85812e-07 
1200.45 5.78396e-07 
1200.46 5.71044e-07 
1200.47 5.63753e-07 
1200.48 5.56432e-07 
1200.49 5.49261e-07 
1200.5 5.42146e-07 
1200.51 5.35086e-07 
1200.52 5.28079e-07 
1200.53 5.21125e-07 
1200.54 5.14222e-07 
1200.55 5.07368e-07 
1200.56 5.00562e-07 
1200.57 4.93805e-07 
1200.58 4.87093e-07 
1200.59 4.80426e-07 
1200.6 4.73805e-07 
1200.61 4.67514e-07 
1200.62 4.60974e-07 
1200.63 4.54477e-07 
1200.64 4.48022e-07 
1200.65 4.41608e-07 
1200.66 4.35234e-07 
1200.67 4.28901e-07 
1200.68 4.22608e-07 
1200.69 4.16355e-07 
1200.7 4.10141e-07 
1200.71 4.03966e-07 
1200.72 3.97831e-07 
1200.73 3.91659e-07 
1200.74 3.85603e-07 
1200.75 3.79586e-07 
1200.76 3.73608e-07 
1200.77 3.6767e-07 
1200.78 3.61772e-07 
1200.79 3.55913e-07 
1200.8 3.50095e-07 
1200.81 3.44318e-07 
1200.82 3.38581e-07 
1200.83 3.32886e-07 
1200.84 3.27232e-07 
1200.85 3.21621e-07 
1200.85 3.16052e-07 
1200.86 3.10526e-07 
1200.87 3.05043e-07 
1200.88 2.99605e-07 
1200.89 2.94212e-07 
1200.9 2.88863e-07 
1200.91 2.8356e-07 
1200.92 2.78304e-07 
1200.93 2.73094e-07 
1200.94 2.67931e-07 
1200.95 2.62817e-07 
1200.96 2.57751e-07 
1200.97 2.52734e-07 
1200.98 2.47704e-07 
1200.99 2.42788e-07 
1201 2.37922e-07 
1201.01 2.33107e-07 
1201.02 2.28344e-07 
1201.03 2.23634e-07 
1201.04 2.18976e-07 
1201.05 2.14371e-07 
1201.06 2.09821e-07 
1201.07 2.05324e-07 
1201.08 2.00882e-07 
1201.09 1.96495e-07 
1201.1 1.92164e-07 
1201.11 1.87888e-07 
1201.12 1.83669e-07 
1201.13 1.79506e-07 
1201.14 1.75399e-07 
1201.15 1.7135e-07 
1201.16 1.67358e-07 
1201.17 1.63423e-07 
1201.18 1.59547e-07 
1201.19 1.55728e-07 
1201.2 1.51967e-07 
1201.21 1.48264e-07 
1201.22 1.44619e-07 
1201.23 1.40988e-07 
1201.24 1.3746e-07 
1201.25 1.33991e-07 
1201.26 1.3058e-07 
1201.27 1.27227e-07 
1201.28 1.23932e-07 
1201.28 1.20695e-07 
1201.29 1.17516e-07 
1201.3 1.14395e-07 
1201.31 1.11331e-07 
1201.32 1.08325e-07 
1201.33 1.05375e-07 
1201.34 1.02482e-07 
1201.35 9.96455e-08 
1201.36 9.68651e-08 
1201.37 9.41405e-08 
1201.38 9.14713e-08 
1201.39 8.88571e-08 
1201.4 8.62975e-08 
1201.41 8.3792e-08 
1201.42 8.13403e-08 
1201.43 7.89418e-08 
1201.44 7.6596e-08 
1201.45 7.43025e-08 
1201.46 7.20607e-08 
1201.47 6.987e-08 
1201.48 6.77035e-08 
1201.49 6.56141e-08 
1201.5 6.35741e-08 
1201.51 6.15829e-08 
1201.52 5.96399e-08 
1201.53 5.77445e-08 
1201.54 5.5896e-08 
1201.55 5.40938e-08 
1201.56 5.23373e-08 
1201.57 5.06256e-08 
1201.58 4.89583e-08 
1201.59 4.73345e-08 
1201.6 4.57536e-08 
1201.61 4.42421e-08 
1201.62 4.2744e-08 
1201.63 4.12867e-08 
1201.64 3.98695e-08 
1201.65 3.84916e-08 
1201.66 3.71525e-08 
1201.67 3.58513e-08 
1201.68 3.45873e-08 
1201.69 3.33598e-08 
1201.7 3.21682e-08 
1201.7 3.10116e-08 
1201.71 2.98893e-08 
1201.72 2.87874e-08 
1201.73 2.77321e-08 
1201.74 2.67091e-08 
1201.75 2.57175e-08 
1201.76 2.47568e-08 
1201.77 2.38262e-08 
1201.78 2.29249e-08 
1201.79 2.20525e-08 
1201.8 2.1208e-08 
1201.81 2.0391e-08 
1201.82 1.96007e-08 
1201.83 1.88364e-08 
1201.84 1.80975e-08 
1201.85 1.73833e-08 
1201.86 1.66933e-08 
1201.87 1.60268e-08 
1201.88 1.53831e-08 
1201.89 1.47617e-08 
1201.9 1.41619e-08 
1201.91 1.35832e-08 
1201.92 1.30249e-08 
1201.93 1.24865e-08 
1201.94 1.19675e-08 
1201.95 1.14673e-08 
1201.96 1.09852e-08 
1201.97 1.05209e-08 
1201.98 1.00682e-08 
1201.99 9.63791e-09 
1202 9.22372e-09 
1202.01 8.82518e-09 
1202.02 8.44179e-09 
1202.03 8.07307e-09 
1202.04 7.71858e-09 
1202.05 7.37784e-09 
1202.06 7.05042e-09 
1202.07 6.73588e-09 
1202.08 6.43379e-09 
1202.09 6.14375e-09 
1202.1 5.86535e-09 
1202.11 5.59818e-09 
1202.12 5.34188e-09 
1202.13 5.09607e-09 
1202.13 4.86037e-09 
1202.14 4.63444e-09 
1202.15 4.41792e-09 
1202.16 4.21049e-09 
1202.17 4.01182e-09 
1202.18 3.82158e-09 
1202.19 3.63946e-09 
1202.2 3.46518e-09 
1202.21 3.29843e-09 
1202.22 3.13703e-09 
1202.23 2.98456e-09 
1202.24 2.83884e-09 
1202.25 2.69957e-09 
1202.26 2.56651e-09 
1202.27 2.4394e-09 
1202.28 2.31802e-09 
1202.29 2.20214e-09 
1202.3 2.09154e-09 
1202.31 1.986e-09 
1202.32 1.88533e-09 
1202.33 1.78932e-09 
1202.34 1.69778e-09 
1202.35 1.61053e-09 
1202.36 1.52739e-09 
1202.37 1.44818e-09 
1202.38 1.37275e-09 
1202.39 1.30092e-09 
1202.4 1.23255e-09 
1202.41 1.16748e-09 
1202.42 1.10558e-09 
1202.43 1.04671e-09 
1202.44 9.9072e-10 
1202.45 9.37499e-10 
1202.46 8.86919e-10 
1202.47 8.38861e-10 
1202.48 7.92657e-10 
1202.49 7.49336e-10 
1202.5 7.08209e-10 
1202.51 6.69174e-10 
1202.52 6.32135e-10 
1202.53 5.97e-10 
1202.54 5.63679e-10 
1202.55 5.32087e-10 
1202.56 5.02141e-10 
1202.56 4.73765e-10 
1202.57 4.46882e-10 
1202.58 4.21421e-10 
1202.59 3.97313e-10 
1202.6 3.74492e-10 
1202.61 3.53112e-10 
1202.62 3.32666e-10 
1202.63 3.13327e-10 
1202.64 2.95039e-10 
1202.65 2.77751e-10 
1202.66 2.61411e-10 
1202.67 2.45972e-10 
1202.68 2.31388e-10 
1202.69 2.17615e-10 
1202.7 2.04612e-10 
1202.71 1.92338e-10 
1202.72 1.80756e-10 
1202.73 1.69697e-10 
1202.74 1.59399e-10 
1202.75 1.4969e-10 
1202.76 1.40537e-10 
1202.77 1.31912e-10 
1202.78 1.23785e-10 
1202.79 1.16131e-10 
1202.8 1.08923e-10 
1202.81 1.02137e-10 
1202.82 9.57505e-11 
1202.83 8.97412e-11 
1202.84 8.40884e-11 
1202.85 7.87722e-11 
1202.86 7.3774e-11 
1202.87 6.90759e-11 
1202.88 6.46612e-11 
1202.89 6.05136e-11 
1202.9 5.66182e-11 
1202.91 5.29605e-11 
1202.92 4.95269e-11 
1202.93 4.63045e-11 
1202.94 4.32811e-11 
1202.95 4.04452e-11 
1202.96 3.77858e-11 
1202.97 3.52926e-11 
1202.98 3.29558e-11 
1202.98 3.07396e-11 
1202.99 2.869e-11 
1203 2.67705e-11 
1203.01 2.49733e-11 
1203.02 2.3291e-11 
1203.03 2.17167e-11 
1203.04 2.02438e-11 
1203.05 1.88662e-11 
1203.06 1.75779e-11 
1203.07 1.63737e-11 
1203.08 1.52481e-11 
1203.09 1.41965e-11 
1203.1 1.32141e-11 
1203.11 1.22967e-11 
1203.12 1.14401e-11 
1203.13 1.06406e-11 
1203.14 9.89458e-12 
1203.15 9.19856e-12 
1203.16 8.5494e-12 
1203.17 7.9441e-12 
1203.18 7.37984e-12 
1203.19 6.85397e-12 
1203.2 6.364e-12 
1203.21 5.90761e-12 
1203.22 5.48259e-12 
1203.23 5.08214e-12 
1203.24 4.71418e-12 
1203.25 4.37178e-12 
1203.26 4.05326e-12 
1203.27 3.75701e-12 
1203.28 3.48157e-12 
1203.29 3.22552e-12 
1203.3 2.98757e-12 
1203.31 2.76649e-12 
1203.32 2.56114e-12 
1203.33 2.37045e-12 
1203.34 2.19342e-12 
1203.35 2.02911e-12 
1203.36 1.87664e-12 
1203.37 1.73521e-12 
1203.38 1.60404e-12 
1203.39 1.48242e-12 
1203.4 1.36968e-12 
1203.41 1.26521e-12 
1203.41 1.16842e-12 
1203.42 1.07876e-12 
1203.43 9.95743e-13 
1203.44 9.18888e-13 
1203.45 8.47755e-13 
1203.46 7.81936e-13 
1203.47 7.2105e-13 
1203.48 6.64065e-13 
1203.49 6.12054e-13 
1203.5 5.63977e-13 
1203.51 5.19549e-13 
1203.52 4.78503e-13 
1203.53 4.40592e-13 
1203.54 4.05584e-13 
1203.55 3.73266e-13 
1203.56 3.43439e-13 
1203.57 3.15917e-13 
1203.58 2.9053e-13 
1203.59 2.67116e-13 
1203.6 2.45529e-13 
1203.61 2.2577e-13 
1203.62 2.07422e-13 
1203.63 1.90519e-13 
1203.64 1.7495e-13 
1203.65 1.60614e-13 
1203.66 1.47416e-13 
1203.67 1.35269e-13 
1203.68 1.24093e-13 
1203.69 1.13812e-13 
1203.7 1.04357e-13 
1203.71 9.56644e-14 
1203.72 8.7674e-14 
1203.73 8.02433e-14 
1203.74 7.35046e-14 
1203.75 6.73152e-14 
1203.76 6.16318e-14 
1203.77 5.64143e-14 
1203.78 5.16259e-14 
1203.79 4.72322e-14 
1203.8 4.32018e-14 
1203.81 3.95057e-14 
1203.82 3.61168e-14 
1203.83 3.30106e-14 
1203.83 3.01641e-14 
1203.84 2.75562e-14 
1203.85 2.51676e-14 
1203.86 2.29804e-14 
1203.87 2.09781e-14 
1203.88 1.91456e-14 
1203.89 1.74688e-14 
1203.9 1.5935e-14 
1203.91 1.45323e-14 
1203.92 1.32498e-14 
1203.93 1.20775e-14 
1203.94 1.10062e-14 
1203.95 1.00274e-14 
1203.96 9.1335e-15 
1203.97 8.3172e-15 
1203.98 7.5631e-15 
1203.99 6.88375e-15 
1204 6.26388e-15 
1204.01 5.69842e-15 
1204.02 5.18273e-15 
1204.03 4.71255e-15 
1204.04 4.28397e-15 
1204.05 3.89341e-15 
1204.06 3.53758e-15 
1204.07 3.21349e-15 
1204.08 2.91836e-15 
1204.09 2.64969e-15 
1204.1 2.40516e-15 
1204.11 2.18266e-15 
1204.12 1.98026e-15 
1204.13 1.79618e-15 
1204.14 1.62882e-15 
1204.15 1.47668e-15 
1204.16 1.33843e-15 
1204.17 1.21282e-15 
1204.18 1.09873e-15 
1204.19 9.95122e-16 
1204.2 9.01066e-16 
1204.21 8.15699e-16 
1204.22 7.38238e-16 
1204.23 6.67133e-16 
1204.24 6.03481e-16 
1204.25 5.45768e-16 
1204.26 4.93453e-16 
1204.26 4.46043e-16 
1204.27 4.03088e-16 
1204.28 3.64181e-16 
1204.29 3.28948e-16 
1204.3 2.9705e-16 
1204.31 2.6818e-16 
1204.32 2.42056e-16 
1204.33 2.18423e-16 
1204.34 1.97049e-16 
1204.35 1.77722e-16 
1204.36 1.60252e-16 
1204.37 1.44464e-16 
1204.38 1.30199e-16 
1204.39 1.17313e-16 
1204.4 1.05677e-16 
1204.41 9.5172e-17 
1204.42 8.56899e-17 
1204.43 7.71335e-17 
1204.44 6.94144e-17 
1204.45 6.24524e-17 
1204.46 5.61749e-17 
1204.47 5.05159e-17 
1204.48 4.53554e-17 
1204.49 4.07661e-17 
1204.5 3.66322e-17 
1204.51 3.29094e-17 
1204.52 2.95577e-17 
1204.53 2.65408e-17 
1204.54 2.3826e-17 
1204.55 2.13835e-17 
1204.56 1.91868e-17 
1204.57 1.72115e-17 
1204.58 1.54357e-17 
1204.59 1.38398e-17 
1204.6 1.24058e-17 
1204.61 1.11176e-17 
1204.62 9.96688e-18 
1204.63 8.92757e-18 
1204.64 7.99468e-18 
1204.65 7.1575e-18 
1204.66 6.40642e-18 
1204.67 5.73274e-18 
1204.68 5.12864e-18 
1204.68 4.58707e-18 
1204.69 4.10167e-18 
1204.7 3.66674e-18 
1204.71 3.27712e-18 
1204.72 2.92406e-18 
1204.73 2.61206e-18 
1204.74 2.33278e-18 
1204.75 2.08285e-18 
1204.76 1.85923e-18 
1204.77 1.65922e-18 
1204.78 1.48036e-18 
1204.79 1.32045e-18 
1204.8 1.17753e-18 
1204.81 1.04982e-18 
1204.82 9.35725e-19 
1204.83 8.33828e-19 
1204.84 7.42845e-19 
1204.85 6.61626e-19 
1204.86 5.89142e-19 
1204.87 5.2447e-19 
1204.88 4.66783e-19 
1204.89 4.15338e-19 
1204.9 3.69472e-19 
1204.91 3.2859e-19 
1204.92 2.9216e-19 
1204.93 2.59705e-19 
1204.94 2.30799e-19 
1204.95 2.05059e-19 
1204.96 1.82145e-19 
1204.97 1.61752e-19 
1204.98 1.43393e-19 
1204.99 1.27275e-19 
1205 1.12942e-19 
1205.01 1.00198e-19 
1205.02 8.88696e-20 
1205.03 7.88029e-20 
1205.04 6.98593e-20 
1205.05 6.19156e-20 
1205.06 5.48616e-20 
1205.07 4.85993e-20 
1205.08 4.30412e-20 
1205.09 3.81094e-20 
1205.1 3.37344e-20 
1205.11 2.98543e-20 
1205.11 2.6414e-20 
1205.12 2.33644e-20 
1205.13 2.06618e-20 
1205.14 1.82673e-20 
1205.15 1.61463e-20 
1205.16 1.42681e-20 
1205.17 1.26053e-20 
1205.18 1.11335e-20 
1205.19 9.83113e-21 
1205.2 8.67898e-21 
1205.21 7.65997e-21 
1205.22 6.74898e-21 
1205.23 5.95307e-21 
1205.24 5.25022e-21 
1205.25 4.62921e-21 
1205.26 4.08065e-21 
1205.27 3.59621e-21 
1205.28 3.1685e-21 
1205.29 2.79097e-21 
1205.3 2.45782e-21 
1205.31 2.1639e-21 
1205.32 1.90467e-21 
1205.33 1.67607e-21 
1205.34 1.47455e-21 
1205.35 1.29694e-21 
1205.36 1.14045e-21 
1205.37 1.00259e-21 
1205.38 8.81173e-22 
1205.39 7.74273e-22 
1205.4 6.80174e-22 
1205.41 5.97364e-22 
1205.42 5.24507e-22 
1205.43 4.60422e-22 
1205.44 4.04068e-22 
1205.45 3.54524e-22 
1205.46 3.10979e-22 
1205.47 2.72715e-22 
1205.48 2.38731e-22 
1205.49 2.09232e-22 
1205.5 1.83351e-22 
1205.51 1.60632e-22 
1205.52 1.40693e-22 
1205.53 1.23199e-22 
1205.54 1.07854e-22 
1205.54 9.4397e-23 
1205.55 8.25986e-23 
1205.56 7.2257e-23 
1205.57 6.31947e-23 
1205.58 5.52554e-23 
1205.59 4.83016e-23 
1205.6 4.22125e-23 
1205.61 3.69046e-23 
1205.62 3.22364e-23 
1205.63 2.81517e-23 
1205.64 2.45786e-23 
1205.65 2.14537e-23 
1205.66 1.87215e-23 
1205.67 1.63333e-23 
1205.68 1.42462e-23 
1205.69 1.24227e-23 
1205.7 1.083e-23 
1205.71 9.43911e-24 
1205.72 8.22486e-24 
1205.73 7.15269e-24 
1205.74 6.22947e-24 
1205.75 5.42409e-24 
1205.76 4.72166e-24 
1205.77 4.10919e-24 
1205.78 3.57529e-24 
1205.79 3.10999e-24 
1205.8 2.70458e-24 
1205.81 2.35144e-24 
1205.82 2.0439e-24 
1205.83 1.77615e-24 
1205.84 1.5431e-24 
1205.85 1.34029e-24 
1205.86 1.16386e-24 
1205.87 1.0104e-24 
1205.88 8.76955e-25 
1205.89 7.6095e-25 
1205.9 6.60128e-25 
1205.91 5.72523e-25 
1205.92 4.96422e-25 
1205.93 4.3033e-25 
1205.94 3.72946e-25 
1205.95 3.23135e-25 
1205.96 2.79907e-25 
1205.96 2.42403e-25 
1205.97 2.09872e-25 
1205.98 1.81334e-25 
1205.99 1.56921e-25 
1206 1.35761e-25 
1206.01 1.17426e-25 
1206.02 1.01542e-25 
1206.03 8.77848e-26 
1206.04 7.58729e-26 
1206.05 6.55612e-26 
1206.06 5.6637e-26 
1206.07 4.89155e-26 
1206.08 4.22363e-26 
1206.09 3.64602e-26 
1206.1 3.14662e-26 
1206.11 2.71496e-26 
1206.12 2.34194e-26 
1206.13 2.01967e-26 
1206.14 1.74132e-26 
1206.15 1.50096e-26 
1206.16 1.29347e-26 
1206.17 1.11438e-26 
1206.18 9.5985e-27 
1206.19 8.26546e-27 
1206.2 7.1158e-27 
1206.21 6.12455e-27 
1206.22 5.27008e-27 
1206.23 4.52518e-27 
1206.24 3.89192e-27 
1206.25 3.34645e-27 
1206.26 2.87673e-27 
1206.27 2.47233e-27 
1206.28 2.12425e-27 
1206.29 1.82474e-27 
1206.3 1.56706e-27 
1206.31 1.34545e-27 
1206.32 1.15489e-27 
1206.33 9.91073e-28 
1206.34 8.50285e-28 
1206.35 7.29318e-28 
1206.36 6.25406e-28 
1206.37 5.36168e-28 
1206.38 4.59549e-28 
1206.39 3.93783e-28 
1206.39 3.37345e-28 
1206.4 2.88925e-28 
1206.41 2.47394e-28 
1206.42 2.11781e-28 
1206.43 1.81249e-28 
1206.44 1.55081e-28 
1206.45 1.32659e-28 
1206.46 1.1345e-28 
1206.47 9.69992e-29 
1206.48 8.27507e-29 
1206.49 7.07162e-29 
1206.5 6.04171e-29 
1206.51 5.16052e-29 
1206.52 4.40677e-29 
1206.53 3.76219e-29 
1206.54 3.2111e-29 
1206.55 2.74006e-29 
1206.56 2.33754e-29 
1206.57 1.99366e-29 
1206.58 1.69995e-29 
1206.59 1.44916e-29 
1206.6 0 
