#energy geo_1 
1186.6 0 
1186.61 0 
1186.62 0 
1186.63 0 
1186.64 0 
1186.65 0 
1186.66 0 
1186.67 0 
1186.68 0 
1186.69 0 
1186.7 0 
1186.71 0 
1186.72 0 
1186.73 0 
1186.74 0 
1186.75 0 
1186.76 0 
1186.77 0 
1186.78 0 
1186.79 0 
1186.8 0 
1186.81 0 
1186.81 0 
1186.82 0 
1186.83 0 
1186.84 0 
1186.85 0 
1186.86 0 
1186.87 0 
1186.88 0 
1186.89 0 
1186.9 0 
1186.91 0 
1186.92 0 
1186.93 0 
1186.94 0 
1186.95 0 
1186.96 0 
1186.97 0 
1186.98 0 
1186.99 0 
1187 0 
1187.01 0 
1187.02 0 
1187.03 0 
1187.04 0 
1187.05 0 
1187.06 0 
1187.07 0 
1187.08 0 
1187.09 0 
1187.1 0 
1187.11 0 
1187.12 0 
1187.13 0 
1187.14 0 
1187.15 0 
1187.16 0 
1187.17 0 
1187.18 1.4013e-45 
1187.19 1.4013e-45 
1187.2 1.4013e-45 
1187.21 1.4013e-45 
1187.22 1.4013e-45 
1187.23 1.4013e-45 
1187.24 2.8026e-45 
1187.24 2.8026e-45 
1187.25 2.8026e-45 
1187.26 2.8026e-45 
1187.27 4.2039e-45 
1187.28 4.2039e-45 
1187.29 5.60519e-45 
1187.3 7.00649e-45 
1187.31 8.40779e-45 
1187.32 9.80909e-45 
1187.33 1.26117e-44 
1187.34 1.4013e-44 
1187.35 1.82169e-44 
1187.36 2.10195e-44 
1187.37 2.38221e-44 
1187.38 2.94273e-44 
1187.39 3.50325e-44 
1187.4 4.34403e-44 
1187.41 5.04467e-44 
1187.42 6.02558e-44 
1187.43 7.28675e-44 
1187.44 8.68805e-44 
1187.45 1.03696e-43 
1187.46 1.23314e-43 
1187.47 1.48538e-43 
1187.48 1.77965e-43 
1187.49 2.12997e-43 
1187.5 2.55036e-43 
1187.51 3.05483e-43 
1187.52 3.64338e-43 
1187.53 4.35804e-43 
1187.54 5.19882e-43 
1187.55 6.22177e-43 
1187.56 7.42688e-43 
1187.57 8.87022e-43 
1187.58 1.05798e-42 
1187.59 1.26257e-42 
1187.6 1.5064e-42 
1187.61 1.79787e-42 
1187.62 2.14679e-42 
1187.63 2.55877e-42 
1187.64 3.05063e-42 
1187.65 3.63777e-42 
1187.66 4.33562e-42 
1187.66 5.16659e-42 
1187.67 6.1545e-42 
1187.68 7.33159e-42 
1187.69 8.73149e-42 
1187.7 1.03976e-41 
1187.71 1.23791e-41 
1187.72 1.47347e-41 
1187.73 1.75737e-41 
1187.74 2.09116e-41 
1187.75 2.48759e-41 
1187.76 2.9587e-41 
1187.77 3.51852e-41 
1187.78 4.18316e-41 
1187.79 4.97279e-41 
1187.8 5.91012e-41 
1187.81 7.02289e-41 
1187.82 8.34319e-41 
1187.83 9.91026e-41 
1187.84 1.17692e-40 
1187.85 1.39744e-40 
1187.86 1.65894e-40 
1187.87 1.96899e-40 
1187.88 2.33657e-40 
1187.89 2.77222e-40 
1187.9 3.28847e-40 
1187.91 3.90011e-40 
1187.92 4.62465e-40 
1187.93 5.48272e-40 
1187.94 6.49875e-40 
1187.95 7.70161e-40 
1187.96 9.12535e-40 
1187.97 1.08102e-39 
1187.98 1.28309e-39 
1187.99 1.51941e-39 
1188 1.79891e-39 
1188.01 2.12942e-39 
1188.02 2.52018e-39 
1188.03 2.98206e-39 
1188.04 3.52793e-39 
1188.05 4.17292e-39 
1188.06 4.93489e-39 
1188.07 5.83488e-39 
1188.08 6.89767e-39 
1188.09 8.1525e-39 
1188.09 9.63376e-39 
1188.1 1.1382e-38 
1188.11 1.34449e-38 
1188.12 1.58786e-38 
1188.13 1.87493e-38 
1188.14 2.21348e-38 
1188.15 2.61266e-38 
1188.16 3.08323e-38 
1188.17 3.63787e-38 
1188.18 4.29146e-38 
1188.19 5.06151e-38 
1188.2 5.96859e-38 
1188.21 7.03689e-38 
1188.22 8.29481e-38 
1188.23 9.79581e-38 
1188.24 1.15425e-37 
1188.25 1.3598e-37 
1188.26 1.60165e-37 
1188.27 1.88615e-37 
1188.28 2.22077e-37 
1188.29 2.61425e-37 
1188.3 3.07686e-37 
1188.31 3.62064e-37 
1188.32 4.25971e-37 
1188.33 5.01062e-37 
1188.34 5.89278e-37 
1188.35 6.92892e-37 
1188.36 8.1457e-37 
1188.37 9.57431e-37 
1188.38 1.12513e-36 
1188.39 1.32196e-36 
1188.4 1.55292e-36 
1188.41 1.82388e-36 
1188.42 2.1417e-36 
1188.43 2.51444e-36 
1188.44 2.95148e-36 
1188.45 3.46381e-36 
1188.46 4.06431e-36 
1188.47 4.768e-36 
1188.48 5.60361e-36 
1188.49 6.57128e-36 
1188.5 7.70458e-36 
1188.51 9.03161e-36 
1188.52 1.05852e-35 
1188.52 1.24036e-35 
1188.53 1.45317e-35 
1188.54 1.70216e-35 
1188.55 1.99343e-35 
1188.56 2.3341e-35 
1188.57 2.73246e-35 
1188.58 3.1982e-35 
1188.59 3.74261e-35 
1188.6 4.38157e-35 
1188.61 5.12546e-35 
1188.62 5.99449e-35 
1188.63 7.00954e-35 
1188.64 8.19489e-35 
1188.65 9.57886e-35 
1188.66 1.11944e-34 
1188.67 1.308e-34 
1188.68 1.52802e-34 
1188.69 1.78471e-34 
1188.7 2.08412e-34 
1188.71 2.4333e-34 
1188.72 2.84044e-34 
1188.73 3.32147e-34 
1188.74 3.87573e-34 
1188.75 4.52161e-34 
1188.76 5.27411e-34 
1188.77 6.15068e-34 
1188.78 7.17156e-34 
1188.79 8.36028e-34 
1188.8 9.74419e-34 
1188.81 1.1355e-33 
1188.82 1.32296e-33 
1188.83 1.54107e-33 
1188.84 1.79479e-33 
1188.85 2.08989e-33 
1188.86 2.43304e-33 
1188.87 2.832e-33 
1188.88 3.29574e-33 
1188.89 3.83469e-33 
1188.9 4.46092e-33 
1188.91 5.18843e-33 
1188.92 6.03343e-33 
1188.93 7.01471e-33 
1188.94 8.15402e-33 
1188.94 9.47657e-33 
1188.95 1.10115e-32 
1188.96 1.27926e-32 
1188.97 1.4859e-32 
1188.98 1.72882e-32 
1188.99 2.0073e-32 
1189 2.3302e-32 
1189.01 2.70451e-32 
1189.02 3.13836e-32 
1189.03 3.64112e-32 
1189.04 4.2236e-32 
1189.05 4.89832e-32 
1189.06 5.67975e-32 
1189.07 6.58458e-32 
1189.08 7.6321e-32 
1189.09 8.84458e-32 
1189.1 1.02477e-31 
1189.11 1.18712e-31 
1189.12 1.37492e-31 
1189.13 1.59213e-31 
1189.14 1.8433e-31 
1189.15 2.13369e-31 
1189.16 2.46935e-31 
1189.17 2.85727e-31 
1189.18 3.3055e-31 
1189.19 3.82332e-31 
1189.2 4.4214e-31 
1189.21 5.11207e-31 
1189.22 5.90949e-31 
1189.23 6.84236e-31 
1189.24 7.90665e-31 
1189.25 9.13474e-31 
1189.26 1.05516e-30 
1189.27 1.21858e-30 
1189.28 1.40705e-30 
1189.29 1.62435e-30 
1189.3 1.87486e-30 
1189.31 2.16359e-30 
1189.32 2.4963e-30 
1189.33 2.87963e-30 
1189.34 3.32118e-30 
1189.35 3.82971e-30 
1189.36 4.41526e-30 
1189.36 5.08936e-30 
1189.37 5.86527e-30 
1189.38 6.75817e-30 
1189.39 7.78551e-30 
1189.4 8.96732e-30 
1189.41 1.03265e-29 
1189.42 1.18895e-29 
1189.43 1.36864e-29 
1189.44 1.57519e-29 
1189.45 1.81256e-29 
1189.46 2.08531e-29 
1189.47 2.39864e-29 
1189.48 2.76334e-29 
1189.49 3.17732e-29 
1189.5 3.65263e-29 
1189.51 4.19823e-29 
1189.52 4.82441e-29 
1189.53 5.54293e-29 
1189.54 6.36724e-29 
1189.55 7.31274e-29 
1189.56 8.39703e-29 
1189.57 9.64026e-29 
1189.58 1.10654e-28 
1189.59 1.26989e-28 
1189.6 1.45707e-28 
1189.61 1.67255e-28 
1189.62 1.91834e-28 
1189.63 2.19984e-28 
1189.64 2.52216e-28 
1189.65 2.89116e-28 
1189.66 3.3135e-28 
1189.67 3.79682e-28 
1189.68 4.34981e-28 
1189.69 4.98238e-28 
1189.7 5.70585e-28 
1189.71 6.53312e-28 
1189.72 7.47891e-28 
1189.73 8.57443e-28 
1189.74 9.81196e-28 
1189.75 1.1226e-27 
1189.76 1.28413e-27 
1189.77 1.46862e-27 
1189.78 1.6793e-27 
1189.79 1.91983e-27 
1189.79 2.1944e-27 
1189.8 2.50775e-27 
1189.81 2.86531e-27 
1189.82 3.27321e-27 
1189.83 3.73848e-27 
1189.84 4.26906e-27 
1189.85 4.87401e-27 
1189.86 5.56362e-27 
1189.87 6.34959e-27 
1189.88 7.24521e-27 
1189.89 8.26558e-27 
1189.9 9.42784e-27 
1189.91 1.07515e-26 
1189.92 1.22586e-26 
1189.93 1.39744e-26 
1189.94 1.59272e-26 
1189.95 1.81494e-26 
1189.96 2.06778e-26 
1189.97 2.35539e-26 
1189.98 2.68684e-26 
1189.99 3.05938e-26 
1190 3.4829e-26 
1190.01 3.9643e-26 
1190.02 4.51137e-26 
1190.03 5.13295e-26 
1190.04 5.83906e-26 
1190.05 6.64104e-26 
1190.06 7.55172e-26 
1190.07 8.58564e-26 
1190.08 9.75925e-26 
1190.09 1.10912e-25 
1190.1 1.26024e-25 
1190.11 1.43169e-25 
1190.12 1.62615e-25 
1190.13 1.84667e-25 
1190.14 2.0967e-25 
1190.15 2.38012e-25 
1190.16 2.70133e-25 
1190.17 3.06531e-25 
1190.18 3.47767e-25 
1190.19 3.94474e-25 
1190.2 4.47369e-25 
1190.21 5.0726e-25 
1190.21 5.75059e-25 
1190.22 6.52815e-25 
1190.23 7.39784e-25 
1190.24 8.38178e-25 
1190.25 9.49477e-25 
1190.26 1.07535e-24 
1190.27 1.21768e-24 
1190.28 1.37858e-24 
1190.29 1.56044e-24 
1190.3 1.76596e-24 
1190.31 1.99817e-24 
1190.32 2.26047e-24 
1190.33 2.55672e-24 
1190.34 2.89124e-24 
1190.35 3.26891e-24 
1190.36 3.6952e-24 
1190.37 4.17628e-24 
1190.38 4.7191e-24 
1190.39 5.33145e-24 
1190.4 6.0221e-24 
1190.41 6.80093e-24 
1190.42 7.67901e-24 
1190.43 8.66881e-24 
1190.44 9.78432e-24 
1190.45 1.10413e-23 
1190.46 1.24573e-23 
1190.47 1.40522e-23 
1190.48 1.58722e-23 
1190.49 1.78975e-23 
1190.5 2.01773e-23 
1190.51 2.27432e-23 
1190.52 2.56306e-23 
1190.53 2.88789e-23 
1190.54 3.25328e-23 
1190.55 3.66419e-23 
1190.56 4.12621e-23 
1190.57 4.6456e-23 
1190.58 5.22938e-23 
1190.59 5.88538e-23 
1190.6 6.62241e-23 
1190.61 7.45493e-23 
1190.62 8.38531e-23 
1190.63 9.43e-23 
1190.64 1.06028e-22 
1190.64 1.19192e-22 
1190.65 1.33965e-22 
1190.66 1.5054e-22 
1190.67 1.69133e-22 
1190.68 1.89987e-22 
1190.69 2.13371e-22 
1190.7 2.39587e-22 
1190.71 2.68973e-22 
1190.72 3.01906e-22 
1190.73 3.39294e-22 
1190.74 3.80691e-22 
1190.75 4.27056e-22 
1190.76 4.78976e-22 
1190.77 5.37106e-22 
1190.78 6.02176e-22 
1190.79 6.75e-22 
1190.8 7.56486e-22 
1190.81 8.47647e-22 
1190.82 9.49612e-22 
1190.83 1.06364e-21 
1190.84 1.19113e-21 
1190.85 1.33365e-21 
1190.86 1.49293e-21 
1190.87 1.67092e-21 
1190.88 1.86978e-21 
1190.89 2.0919e-21 
1190.9 2.33995e-21 
1190.91 2.61692e-21 
1190.92 2.92612e-21 
1190.93 3.27122e-21 
1190.94 3.65633e-21 
1190.95 4.08599e-21 
1190.96 4.56526e-21 
1190.97 5.09979e-21 
1190.98 5.70367e-21 
1190.99 6.36903e-21 
1191 7.11064e-21 
1191.01 7.9371e-21 
1191.02 8.85791e-21 
1191.03 9.88367e-21 
1191.04 1.10261e-20 
1191.05 1.22982e-20 
1191.06 1.37145e-20 
1191.07 1.5291e-20 
1191.07 1.70454e-20 
1191.08 1.89975e-20 
1191.09 2.1169e-20 
1191.1 2.35843e-20 
1191.11 2.62702e-20 
1191.12 2.92563e-20 
1191.13 3.25757e-20 
1191.14 3.62647e-20 
1191.15 4.03637e-20 
1191.16 4.49175e-20 
1191.17 4.99755e-20 
1191.18 5.55924e-20 
1191.19 6.18288e-20 
1191.2 6.87517e-20 
1191.21 7.64351e-20 
1191.22 8.49609e-20 
1191.23 9.45442e-20 
1191.24 1.0505e-19 
1191.25 1.167e-19 
1191.26 1.29618e-19 
1191.27 1.43938e-19 
1191.28 1.59809e-19 
1191.29 1.77397e-19 
1191.3 1.96882e-19 
1191.31 2.18466e-19 
1191.32 2.42371e-19 
1191.33 2.68839e-19 
1191.34 2.98141e-19 
1191.35 3.30573e-19 
1191.36 3.66463e-19 
1191.37 4.06172e-19 
1191.38 4.50098e-19 
1191.39 4.98679e-19 
1191.4 5.52398e-19 
1191.41 6.11787e-19 
1191.42 6.77431e-19 
1191.43 7.49975e-19 
1191.44 8.3013e-19 
1191.45 9.18675e-19 
1191.46 1.01647e-18 
1191.47 1.12446e-18 
1191.48 1.24533e-18 
1191.49 1.37702e-18 
1191.49 1.52244e-18 
1191.5 1.6829e-18 
1191.51 1.85991e-18 
1191.52 2.05514e-18 
1191.53 2.27044e-18 
1191.54 2.50781e-18 
1191.55 2.76946e-18 
1191.56 3.05784e-18 
1191.57 3.37559e-18 
1191.58 3.72565e-18 
1191.59 4.11123e-18 
1191.6 4.53865e-18 
1191.61 5.00645e-18 
1191.62 5.52142e-18 
1191.63 6.08819e-18 
1191.64 6.71186e-18 
1191.65 7.39799e-18 
1191.66 8.15272e-18 
1191.67 8.98272e-18 
1191.68 9.89533e-18 
1191.69 1.08986e-17 
1191.7 1.20012e-17 
1191.71 1.32129e-17 
1191.72 1.45442e-17 
1191.73 1.60257e-17 
1191.74 1.76335e-17 
1191.75 1.9399e-17 
1191.76 2.13372e-17 
1191.77 2.34645e-17 
1191.78 2.5799e-17 
1191.79 2.83603e-17 
1191.8 3.11699e-17 
1191.81 3.42513e-17 
1191.82 3.76302e-17 
1191.83 4.13345e-17 
1191.84 4.53947e-17 
1191.85 4.98443e-17 
1191.86 5.47196e-17 
1191.87 6.00602e-17 
1191.88 6.59094e-17 
1191.89 7.23145e-17 
1191.9 7.93269e-17 
1191.91 8.70026e-17 
1191.92 9.54028e-17 
1191.92 1.04594e-16 
1191.93 1.14649e-16 
1191.94 1.25646e-16 
1191.95 1.37672e-16 
1191.96 1.5082e-16 
1191.97 1.65193e-16 
1191.98 1.81105e-16 
1191.99 1.98287e-16 
1192 2.17058e-16 
1192.01 2.3756e-16 
1192.02 2.59949e-16 
1192.03 2.84393e-16 
1192.04 3.11077e-16 
1192.05 3.40199e-16 
1192.06 3.71977e-16 
1192.07 4.06645e-16 
1192.08 4.44459e-16 
1192.09 4.85697e-16 
1192.1 5.3066e-16 
1192.11 5.79674e-16 
1192.12 6.33093e-16 
1192.13 6.91304e-16 
1192.14 7.54723e-16 
1192.15 8.23802e-16 
1192.16 8.99033e-16 
1192.17 9.80945e-16 
1192.18 1.07012e-15 
1192.19 1.16717e-15 
1192.2 1.27278e-15 
1192.21 1.38769e-15 
1192.22 1.51268e-15 
1192.23 1.65038e-15 
1192.24 1.79834e-15 
1192.25 1.95918e-15 
1192.26 2.13401e-15 
1192.27 2.32399e-15 
1192.28 2.5304e-15 
1192.29 2.75462e-15 
1192.3 2.99813e-15 
1192.31 3.26254e-15 
1192.32 3.5496e-15 
1192.33 3.86118e-15 
1192.34 4.1993e-15 
1192.34 4.56615e-15 
1192.35 4.96411e-15 
1192.36 5.39572e-15 
1192.37 5.86373e-15 
1192.38 6.37112e-15 
1192.39 6.92109e-15 
1192.4 7.5171e-15 
1192.41 8.16288e-15 
1192.42 8.86244e-15 
1192.43 9.62011e-15 
1192.44 1.04406e-14 
1192.45 1.13288e-14 
1192.46 1.22903e-14 
1192.47 1.33308e-14 
1192.48 1.44713e-14 
1192.49 1.56905e-14 
1192.5 1.70091e-14 
1192.51 1.84349e-14 
1192.52 1.99765e-14 
1192.53 2.16429e-14 
1192.54 2.34438e-14 
1192.55 2.53897e-14 
1192.56 2.74919e-14 
1192.57 2.97624e-14 
1192.58 3.22143e-14 
1192.59 3.48615e-14 
1192.6 3.7719e-14 
1192.61 4.08281e-14 
1192.62 4.41578e-14 
1192.63 4.775e-14 
1192.64 5.16244e-14 
1192.65 5.58026e-14 
1192.66 6.03075e-14 
1192.67 6.51635e-14 
1192.68 7.0397e-14 
1192.69 7.60364e-14 
1192.7 8.21119e-14 
1192.71 8.86558e-14 
1192.72 9.57029e-14 
1192.73 1.03389e-13 
1192.74 1.11564e-13 
1192.75 1.20363e-13 
1192.76 1.29831e-13 
1192.77 1.40017e-13 
1192.77 1.50973e-13 
1192.78 1.62755e-13 
1192.79 1.75424e-13 
1192.8 1.89042e-13 
1192.81 2.03678e-13 
1192.82 2.19406e-13 
1192.83 2.36303e-13 
1192.84 2.54453e-13 
1192.85 2.73945e-13 
1192.86 2.94873e-13 
1192.87 3.17339e-13 
1192.88 3.41452e-13 
1192.89 3.67326e-13 
1192.9 3.95086e-13 
1192.91 4.24862e-13 
1192.92 4.56796e-13 
1192.93 4.91035e-13 
1192.94 5.2774e-13 
1192.95 5.67081e-13 
1192.96 6.09238e-13 
1192.97 6.54403e-13 
1192.98 7.03408e-13 
1192.99 7.55264e-13 
1193 8.10788e-13 
1193.01 8.70228e-13 
1193.02 9.33847e-13 
1193.03 1.00192e-12 
1193.04 1.07476e-12 
1193.05 1.15267e-12 
1193.06 1.23599e-12 
1193.07 1.32508e-12 
1193.08 1.42032e-12 
1193.09 1.52212e-12 
1193.1 1.6309e-12 
1193.11 1.74712e-12 
1193.12 1.87126e-12 
1193.13 2.00384e-12 
1193.14 2.14541e-12 
1193.15 2.29653e-12 
1193.16 2.45784e-12 
1193.17 2.62997e-12 
1193.18 2.81361e-12 
1193.19 3.00951e-12 
1193.19 3.21843e-12 
1193.2 3.44119e-12 
1193.21 3.67867e-12 
1193.22 3.93516e-12 
1193.23 4.205e-12 
1193.24 4.4926e-12 
1193.25 4.79896e-12 
1193.26 5.12522e-12 
1193.27 5.47263e-12 
1193.28 5.84246e-12 
1193.29 6.23609e-12 
1193.3 6.65497e-12 
1193.31 7.10064e-12 
1193.32 7.57469e-12 
1193.33 8.07886e-12 
1193.34 8.61493e-12 
1193.35 9.18482e-12 
1193.36 9.79053e-12 
1193.37 1.04342e-11 
1193.38 1.11181e-11 
1193.39 1.18445e-11 
1193.4 1.26159e-11 
1193.41 1.34351e-11 
1193.42 1.43047e-11 
1193.43 1.52276e-11 
1193.44 1.6207e-11 
1193.45 1.72462e-11 
1193.46 1.83484e-11 
1193.47 1.95173e-11 
1193.48 2.07727e-11 
1193.49 2.20876e-11 
1193.5 2.34813e-11 
1193.51 2.49581e-11 
1193.52 2.65227e-11 
1193.53 2.818e-11 
1193.54 2.99351e-11 
1193.55 3.17935e-11 
1193.56 3.37608e-11 
1193.57 3.5843e-11 
1193.58 3.80463e-11 
1193.59 4.03773e-11 
1193.6 4.2843e-11 
1193.61 4.54786e-11 
1193.62 4.82373e-11 
1193.62 5.11536e-11 
1193.63 5.42359e-11 
1193.64 5.74929e-11 
1193.65 6.09338e-11 
1193.66 6.45683e-11 
1193.67 6.84065e-11 
1193.68 7.2459e-11 
1193.69 7.67369e-11 
1193.7 8.12519e-11 
1193.71 8.60161e-11 
1193.72 9.10422e-11 
1193.73 9.64116e-11 
1193.74 1.02006e-10 
1193.75 1.07904e-10 
1193.76 1.14122e-10 
1193.77 1.20674e-10 
1193.78 1.27579e-10 
1193.79 1.34853e-10 
1193.8 1.42514e-10 
1193.81 1.50582e-10 
1193.82 1.59076e-10 
1193.83 1.68017e-10 
1193.84 1.77426e-10 
1193.85 1.87327e-10 
1193.86 1.97743e-10 
1193.87 2.08698e-10 
1193.88 2.20217e-10 
1193.89 2.32328e-10 
1193.9 2.45058e-10 
1193.91 2.58437e-10 
1193.92 2.72493e-10 
1193.93 2.87259e-10 
1193.94 3.02768e-10 
1193.95 3.19052e-10 
1193.96 3.36149e-10 
1193.97 3.54094e-10 
1193.98 3.73166e-10 
1193.99 3.92936e-10 
1194 4.13674e-10 
1194.01 4.35423e-10 
1194.02 4.58228e-10 
1194.03 4.82136e-10 
1194.04 5.07193e-10 
1194.05 5.33451e-10 
1194.05 5.60961e-10 
1194.06 5.89778e-10 
1194.07 6.19956e-10 
1194.08 6.51553e-10 
1194.09 6.8463e-10 
1194.1 7.19249e-10 
1194.11 7.55473e-10 
1194.12 7.93371e-10 
1194.13 8.3301e-10 
1194.14 8.74463e-10 
1194.15 9.17803e-10 
1194.16 9.63107e-10 
1194.17 1.01045e-09 
1194.18 1.05993e-09 
1194.19 1.11161e-09 
1194.2 1.16559e-09 
1194.21 1.22195e-09 
1194.22 1.2808e-09 
1194.23 1.34301e-09 
1194.24 1.40715e-09 
1194.25 1.47406e-09 
1194.26 1.54387e-09 
1194.27 1.61667e-09 
1194.28 1.69258e-09 
1194.29 1.77171e-09 
1194.3 1.85419e-09 
1194.31 1.94014e-09 
1194.32 2.02969e-09 
1194.33 2.12296e-09 
1194.34 2.2201e-09 
1194.35 2.32123e-09 
1194.36 2.42651e-09 
1194.37 2.53608e-09 
1194.38 2.65009e-09 
1194.39 2.76869e-09 
1194.4 2.89205e-09 
1194.41 3.02033e-09 
1194.42 3.1537e-09 
1194.43 3.29233e-09 
1194.44 3.43639e-09 
1194.45 3.58607e-09 
1194.46 3.74156e-09 
1194.47 3.90304e-09 
1194.47 4.07288e-09 
1194.48 4.24699e-09 
1194.49 4.42773e-09 
1194.5 4.61529e-09 
1194.51 4.80987e-09 
1194.52 5.01169e-09 
1194.53 5.22099e-09 
1194.54 5.43798e-09 
1194.55 5.66291e-09 
1194.56 5.89602e-09 
1194.57 6.13755e-09 
1194.58 6.38776e-09 
1194.59 6.64689e-09 
1194.6 6.91521e-09 
1194.61 7.19743e-09 
1194.62 7.48512e-09 
1194.63 7.78281e-09 
1194.64 8.0908e-09 
1194.65 8.40937e-09 
1194.66 8.73882e-09 
1194.67 9.07943e-09 
1194.68 9.43152e-09 
1194.69 9.79538e-09 
1194.7 1.01713e-08 
1194.71 1.05597e-08 
1194.72 1.09608e-08 
1194.73 1.13802e-08 
1194.74 1.1808e-08 
1194.75 1.22494e-08 
1194.76 1.2705e-08 
1194.77 1.31749e-08 
1194.78 1.36597e-08 
1194.79 1.41595e-08 
1194.8 1.46749e-08 
1194.81 1.52061e-08 
1194.82 1.57535e-08 
1194.83 1.63175e-08 
1194.84 1.68985e-08 
1194.85 1.74968e-08 
1194.86 1.81128e-08 
1194.87 1.87469e-08 
1194.88 1.93995e-08 
1194.89 2.0071e-08 
1194.9 2.07618e-08 
1194.9 2.14723e-08 
1194.91 2.22028e-08 
1194.92 2.29538e-08 
1194.93 2.37256e-08 
1194.94 2.45187e-08 
1194.95 2.53335e-08 
1194.96 2.61703e-08 
1194.97 2.70297e-08 
1194.98 2.79231e-08 
1194.99 2.88288e-08 
1195 2.97583e-08 
1195.01 3.07119e-08 
1195.02 3.169e-08 
1195.03 3.26929e-08 
1195.04 3.37212e-08 
1195.05 3.47752e-08 
1195.06 3.58552e-08 
1195.07 3.69617e-08 
1195.08 3.80951e-08 
1195.09 3.92558e-08 
1195.1 4.0444e-08 
1195.11 4.16603e-08 
1195.12 4.2905e-08 
1195.13 4.41784e-08 
1195.14 4.54808e-08 
1195.15 4.68128e-08 
1195.16 4.81745e-08 
1195.17 4.95664e-08 
1195.18 5.09887e-08 
1195.19 5.24419e-08 
1195.2 5.39261e-08 
1195.21 5.54417e-08 
1195.22 5.69891e-08 
1195.23 5.85883e-08 
1195.24 6.02003e-08 
1195.25 6.18449e-08 
1195.26 6.35222e-08 
1195.27 6.52325e-08 
1195.28 6.69761e-08 
1195.29 6.87531e-08 
1195.3 7.05638e-08 
1195.31 7.24083e-08 
1195.32 7.42869e-08 
1195.32 7.61996e-08 
1195.33 7.81466e-08 
1195.34 8.01281e-08 
1195.35 8.21441e-08 
1195.36 8.41947e-08 
1195.37 8.628e-08 
1195.38 8.84001e-08 
1195.39 9.05549e-08 
1195.4 9.27446e-08 
1195.41 9.4969e-08 
1195.42 9.72282e-08 
1195.43 9.95221e-08 
1195.44 1.01851e-07 
1195.45 1.04214e-07 
1195.46 1.06611e-07 
1195.47 1.09043e-07 
1195.48 1.1154e-07 
1195.49 1.14041e-07 
1195.5 1.16575e-07 
1195.51 1.19143e-07 
1195.52 1.21744e-07 
1195.53 1.24378e-07 
1195.54 1.27045e-07 
1195.55 1.29744e-07 
1195.56 1.32475e-07 
1195.57 1.35238e-07 
1195.58 1.38032e-07 
1195.59 1.40856e-07 
1195.6 1.43712e-07 
1195.61 1.46687e-07 
1195.62 1.49603e-07 
1195.63 1.52548e-07 
1195.64 1.55521e-07 
1195.65 1.58522e-07 
1195.66 1.6155e-07 
1195.67 1.64604e-07 
1195.68 1.67684e-07 
1195.69 1.70789e-07 
1195.7 1.73918e-07 
1195.71 1.7707e-07 
1195.72 1.80245e-07 
1195.73 1.83483e-07 
1195.74 1.86701e-07 
1195.75 1.8994e-07 
1195.75 1.93197e-07 
1195.76 1.96474e-07 
1195.77 1.99767e-07 
1195.78 2.03077e-07 
1195.79 2.06402e-07 
1195.8 2.09742e-07 
1195.81 2.13095e-07 
1195.82 2.1646e-07 
1195.83 2.19836e-07 
1195.84 2.23223e-07 
1195.85 2.26618e-07 
1195.86 2.3002e-07 
1195.87 2.3343e-07 
1195.88 2.36844e-07 
1195.89 2.40263e-07 
1195.9 2.43684e-07 
1195.91 2.47107e-07 
1195.92 2.5053e-07 
1195.93 2.53952e-07 
1195.94 2.57371e-07 
1195.95 2.60787e-07 
1195.96 2.64197e-07 
1195.97 2.67601e-07 
1195.98 2.7104e-07 
1195.99 2.74426e-07 
1196 2.77802e-07 
1196.01 2.81165e-07 
1196.02 2.84515e-07 
1196.03 2.8785e-07 
1196.04 2.91168e-07 
1196.05 2.94468e-07 
1196.06 2.97749e-07 
1196.07 3.01009e-07 
1196.08 3.04246e-07 
1196.09 3.0746e-07 
1196.1 3.10648e-07 
1196.11 3.13809e-07 
1196.12 3.16941e-07 
1196.13 3.20044e-07 
1196.14 3.23116e-07 
1196.15 3.26154e-07 
1196.16 3.29159e-07 
1196.17 3.32127e-07 
1196.17 3.35059e-07 
1196.18 3.37951e-07 
1196.19 3.40804e-07 
1196.2 3.43615e-07 
1196.21 3.46383e-07 
1196.22 3.4914e-07 
1196.23 3.51818e-07 
1196.24 3.54448e-07 
1196.25 3.5703e-07 
1196.26 3.59562e-07 
1196.27 3.62043e-07 
1196.28 3.64471e-07 
1196.29 3.66846e-07 
1196.3 3.69165e-07 
1196.31 3.71429e-07 
1196.32 3.73635e-07 
1196.33 3.75782e-07 
1196.34 3.7787e-07 
1196.35 3.79897e-07 
1196.36 3.81861e-07 
1196.37 3.83763e-07 
1196.38 3.85601e-07 
1196.39 3.87374e-07 
1196.4 3.89081e-07 
1196.41 3.9072e-07 
1196.42 3.92292e-07 
1196.43 3.93795e-07 
1196.44 3.95229e-07 
1196.45 3.96592e-07 
1196.46 3.97885e-07 
1196.47 3.99105e-07 
1196.48 4.00267e-07 
1196.49 4.01341e-07 
1196.5 4.02342e-07 
1196.51 4.03268e-07 
1196.52 4.04119e-07 
1196.53 4.04896e-07 
1196.54 4.05596e-07 
1196.55 4.06221e-07 
1196.56 4.0677e-07 
1196.57 4.07241e-07 
1196.58 4.07636e-07 
1196.59 4.07954e-07 
1196.6 4.08195e-07 
1196.6 4.0861e-07 
1196.61 4.08696e-07 
1196.62 4.08705e-07 
1196.63 4.08636e-07 
1196.64 4.0849e-07 
1196.65 4.08267e-07 
1196.66 4.07966e-07 
1196.67 4.07589e-07 
1196.68 4.07136e-07 
1196.69 4.06606e-07 
1196.7 4.06e-07 
1196.71 4.05318e-07 
1196.72 4.04562e-07 
1196.73 4.0372e-07 
1196.74 4.02814e-07 
1196.75 4.01834e-07 
1196.76 4.00781e-07 
1196.77 3.99656e-07 
1196.78 3.9846e-07 
1196.79 3.97192e-07 
1196.8 3.95855e-07 
1196.81 3.94448e-07 
1196.82 3.92973e-07 
1196.83 3.9143e-07 
1196.84 3.8982e-07 
1196.85 3.88145e-07 
1196.86 3.86405e-07 
1196.87 3.84602e-07 
1196.88 3.82736e-07 
1196.89 3.80808e-07 
1196.9 3.7882e-07 
1196.91 3.76773e-07 
1196.92 3.74668e-07 
1196.93 3.72505e-07 
1196.94 3.70288e-07 
1196.95 3.68016e-07 
1196.96 3.65691e-07 
1196.97 3.63314e-07 
1196.98 3.60856e-07 
1196.99 3.5838e-07 
1197 3.55856e-07 
1197.01 3.53285e-07 
1197.02 3.5067e-07 
1197.03 3.48011e-07 
1197.03 3.45311e-07 
1197.04 3.4257e-07 
1197.05 3.3979e-07 
1197.06 3.36973e-07 
1197.07 3.3412e-07 
1197.08 3.31233e-07 
1197.09 3.28312e-07 
1197.1 3.2536e-07 
1197.11 3.22379e-07 
1197.12 3.19369e-07 
1197.13 3.16332e-07 
1197.14 3.13271e-07 
1197.15 3.10185e-07 
1197.16 3.07078e-07 
1197.17 3.0395e-07 
1197.18 3.00803e-07 
1197.19 2.97639e-07 
1197.2 2.94458e-07 
1197.21 2.91264e-07 
1197.22 2.88056e-07 
1197.23 2.84797e-07 
1197.24 2.81569e-07 
1197.25 2.78332e-07 
1197.26 2.75088e-07 
1197.27 2.71839e-07 
1197.28 2.68586e-07 
1197.29 2.6533e-07 
1197.3 2.62074e-07 
1197.31 2.58818e-07 
1197.32 2.55564e-07 
1197.33 2.52313e-07 
1197.34 2.49067e-07 
1197.35 2.45827e-07 
1197.36 2.42594e-07 
1197.37 2.39369e-07 
1197.38 2.36154e-07 
1197.39 2.32951e-07 
1197.4 2.29759e-07 
1197.41 2.26582e-07 
1197.42 2.23419e-07 
1197.43 2.20272e-07 
1197.44 2.17141e-07 
1197.45 2.14029e-07 
1197.45 2.10937e-07 
1197.46 2.07864e-07 
1197.47 2.04813e-07 
1197.48 2.01747e-07 
1197.49 1.98741e-07 
1197.5 1.95761e-07 
1197.51 1.92805e-07 
1197.52 1.89875e-07 
1197.53 1.86972e-07 
1197.54 1.84097e-07 
1197.55 1.81251e-07 
1197.56 1.78433e-07 
1197.57 1.75646e-07 
1197.58 1.7289e-07 
1197.59 1.70165e-07 
1197.6 1.67472e-07 
1197.61 1.64914e-07 
1197.62 1.62285e-07 
1197.63 1.59691e-07 
1197.64 1.57131e-07 
1197.65 1.54606e-07 
1197.66 1.52117e-07 
1197.67 1.49663e-07 
1197.68 1.47246e-07 
1197.69 1.44866e-07 
1197.7 1.42523e-07 
1197.71 1.40217e-07 
1197.72 1.37949e-07 
1197.73 1.35691e-07 
1197.74 1.335e-07 
1197.75 1.31347e-07 
1197.76 1.29234e-07 
1197.77 1.27159e-07 
1197.78 1.25123e-07 
1197.79 1.23127e-07 
1197.8 1.2117e-07 
1197.81 1.19253e-07 
1197.82 1.17375e-07 
1197.83 1.15537e-07 
1197.84 1.13739e-07 
1197.85 1.11981e-07 
1197.86 1.10262e-07 
1197.87 1.08584e-07 
1197.88 1.06945e-07 
1197.88 1.05345e-07 
1197.89 1.03786e-07 
1197.9 1.02266e-07 
1197.91 1.00785e-07 
1197.92 9.93444e-08 
1197.93 9.79429e-08 
1197.94 9.65806e-08 
1197.95 9.52574e-08 
1197.96 9.39733e-08 
1197.97 9.27281e-08 
1197.98 9.15068e-08 
1197.99 9.03394e-08 
1198 8.92105e-08 
1198.01 8.81199e-08 
1198.02 8.70674e-08 
1198.03 8.6053e-08 
1198.04 8.50765e-08 
1198.05 8.41377e-08 
1198.06 8.32364e-08 
1198.07 8.23726e-08 
1198.08 8.15461e-08 
1198.09 8.07567e-08 
1198.1 8.00043e-08 
1198.11 7.92888e-08 
1198.12 7.86102e-08 
1198.13 7.79682e-08 
1198.14 7.73627e-08 
1198.15 7.67938e-08 
1198.16 7.62613e-08 
1198.17 7.57652e-08 
1198.18 7.53054e-08 
1198.19 7.48818e-08 
1198.2 7.44946e-08 
1198.21 7.41436e-08 
1198.22 7.38289e-08 
1198.23 7.35472e-08 
1198.24 7.33057e-08 
1198.25 7.31006e-08 
1198.26 7.2932e-08 
1198.27 7.28001e-08 
1198.28 7.27049e-08 
1198.29 7.26468e-08 
1198.3 7.26257e-08 
1198.3 7.2642e-08 
1198.31 7.26959e-08 
1198.32 7.27876e-08 
1198.33 7.29174e-08 
1198.34 7.30856e-08 
1198.35 7.32926e-08 
1198.36 7.35386e-08 
1198.37 7.38242e-08 
1198.38 7.41497e-08 
1198.39 7.45156e-08 
1198.4 7.49222e-08 
1198.41 7.53703e-08 
1198.42 7.58601e-08 
1198.43 7.63925e-08 
1198.44 7.69678e-08 
1198.45 7.75868e-08 
1198.46 7.825e-08 
1198.47 7.89583e-08 
1198.48 7.97219e-08 
1198.49 8.05228e-08 
1198.5 8.13709e-08 
1198.51 8.2267e-08 
1198.52 8.32119e-08 
1198.53 8.42065e-08 
1198.54 8.52516e-08 
1198.55 8.63482e-08 
1198.56 8.74973e-08 
1198.57 8.86997e-08 
1198.58 8.99565e-08 
1198.59 9.12686e-08 
1198.6 9.26373e-08 
1198.61 9.41213e-08 
1198.62 9.56069e-08 
1198.63 9.71524e-08 
1198.64 9.87587e-08 
1198.65 1.00427e-07 
1198.66 1.02159e-07 
1198.67 1.03955e-07 
1198.68 1.05817e-07 
1198.69 1.07746e-07 
1198.7 1.09743e-07 
1198.71 1.1181e-07 
1198.72 1.13947e-07 
1198.73 1.16185e-07 
1198.73 1.18469e-07 
1198.74 1.20828e-07 
1198.75 1.23263e-07 
1198.76 1.25775e-07 
1198.77 1.28367e-07 
1198.78 1.31038e-07 
1198.79 1.33792e-07 
1198.8 1.36628e-07 
1198.81 1.39549e-07 
1198.82 1.42555e-07 
1198.83 1.45649e-07 
1198.84 1.48831e-07 
1198.85 1.52103e-07 
1198.86 1.55466e-07 
1198.87 1.58923e-07 
1198.88 1.62473e-07 
1198.89 1.66118e-07 
1198.9 1.6986e-07 
1198.91 1.73701e-07 
1198.92 1.7764e-07 
1198.93 1.8168e-07 
1198.94 1.85822e-07 
1198.95 1.90068e-07 
1198.96 1.94417e-07 
1198.97 1.98872e-07 
1198.98 2.03492e-07 
1198.99 2.08163e-07 
1199 2.12943e-07 
1199.01 2.17834e-07 
1199.02 2.22835e-07 
1199.03 2.27949e-07 
1199.04 2.33176e-07 
1199.05 2.38517e-07 
1199.06 2.43974e-07 
1199.07 2.49546e-07 
1199.08 2.55235e-07 
1199.09 2.61041e-07 
1199.1 2.66967e-07 
1199.11 2.73011e-07 
1199.12 2.79175e-07 
1199.13 2.85459e-07 
1199.14 2.91864e-07 
1199.15 2.98391e-07 
1199.15 3.05039e-07 
1199.16 3.1181e-07 
1199.17 3.18703e-07 
1199.18 3.2572e-07 
1199.19 3.3286e-07 
1199.2 3.40123e-07 
1199.21 3.4751e-07 
1199.22 3.55116e-07 
1199.23 3.62752e-07 
1199.24 3.70511e-07 
1199.25 3.78395e-07 
1199.26 3.86402e-07 
1199.27 3.94532e-07 
1199.28 4.02786e-07 
1199.29 4.11162e-07 
1199.3 4.19661e-07 
1199.31 4.28282e-07 
1199.32 4.37025e-07 
1199.33 4.45889e-07 
1199.34 4.54873e-07 
1199.35 4.63977e-07 
1199.36 4.732e-07 
1199.37 4.82542e-07 
1199.38 4.92001e-07 
1199.39 5.01577e-07 
1199.4 5.11269e-07 
1199.41 5.21076e-07 
1199.42 5.30997e-07 
1199.43 5.4103e-07 
1199.44 5.51176e-07 
1199.45 5.61432e-07 
1199.46 5.71798e-07 
1199.47 5.82272e-07 
1199.48 5.92987e-07 
1199.49 6.03675e-07 
1199.5 6.14468e-07 
1199.51 6.25363e-07 
1199.52 6.36361e-07 
1199.53 6.47458e-07 
1199.54 6.58655e-07 
1199.55 6.69948e-07 
1199.56 6.81338e-07 
1199.57 6.92821e-07 
1199.58 7.04397e-07 
1199.58 7.16065e-07 
1199.59 7.27821e-07 
1199.6 7.39666e-07 
1199.61 7.52058e-07 
1199.62 7.64081e-07 
1199.63 7.76187e-07 
1199.64 7.88375e-07 
1199.65 8.00642e-07 
1199.66 8.12987e-07 
1199.67 8.25408e-07 
1199.68 8.37904e-07 
1199.69 8.50474e-07 
1199.7 8.63115e-07 
1199.71 8.75826e-07 
1199.72 8.88605e-07 
1199.73 9.01612e-07 
1199.74 9.14523e-07 
1199.75 9.27499e-07 
1199.76 9.40536e-07 
1199.77 9.53633e-07 
1199.78 9.6679e-07 
1199.79 9.80004e-07 
1199.8 9.93274e-07 
1199.81 1.0066e-06 
1199.82 1.01998e-06 
1199.83 1.03341e-06 
1199.84 1.04689e-06 
1199.85 1.06042e-06 
1199.86 1.07399e-06 
1199.87 1.08762e-06 
1199.88 1.10129e-06 
1199.89 1.115e-06 
1199.9 1.12876e-06 
1199.91 1.14256e-06 
1199.92 1.1564e-06 
1199.93 1.17028e-06 
1199.94 1.1842e-06 
1199.95 1.19816e-06 
1199.96 1.21215e-06 
1199.97 1.22619e-06 
1199.98 1.24043e-06 
1199.99 1.25453e-06 
1200 1.26867e-06 
1200.01 1.28284e-06 
1200.01 1.29705e-06 
1200.02 1.31128e-06 
1200.03 1.32555e-06 
1200.04 1.33985e-06 
1200.05 1.35418e-06 
1200.06 1.36854e-06 
1200.07 1.38293e-06 
1200.08 1.39735e-06 
1200.09 1.4118e-06 
1200.1 1.42628e-06 
1200.11 1.44078e-06 
1200.12 1.45531e-06 
1200.13 1.46987e-06 
1200.14 1.48446e-06 
1200.15 1.49907e-06 
1200.16 1.51371e-06 
1200.17 1.52838e-06 
1200.18 1.54307e-06 
1200.19 1.55779e-06 
1200.2 1.57253e-06 
1200.21 1.5873e-06 
1200.22 1.60209e-06 
1200.23 1.61709e-06 
1200.24 1.63193e-06 
1200.25 1.6468e-06 
1200.26 1.66168e-06 
1200.27 1.6766e-06 
1200.28 1.69153e-06 
1200.29 1.70648e-06 
1200.3 1.72146e-06 
1200.31 1.73646e-06 
1200.32 1.75147e-06 
1200.33 1.76651e-06 
1200.34 1.78156e-06 
1200.35 1.79664e-06 
1200.36 1.81173e-06 
1200.37 1.82684e-06 
1200.38 1.84196e-06 
1200.39 1.8571e-06 
1200.4 1.87226e-06 
1200.41 1.88742e-06 
1200.42 1.9026e-06 
1200.43 1.91779e-06 
1200.43 1.93299e-06 
1200.44 1.94819e-06 
1200.45 1.96341e-06 
1200.46 1.97862e-06 
1200.47 1.99384e-06 
1200.48 2.00926e-06 
1200.49 2.02448e-06 
1200.5 2.0397e-06 
1200.51 2.05491e-06 
1200.52 2.07012e-06 
1200.53 2.08533e-06 
1200.54 2.10052e-06 
1200.55 2.1157e-06 
1200.56 2.13086e-06 
1200.57 2.14601e-06 
1200.58 2.16114e-06 
1200.59 2.17624e-06 
1200.6 2.19132e-06 
1200.61 2.20773e-06 
1200.62 2.22276e-06 
1200.63 2.23775e-06 
1200.64 2.25271e-06 
1200.65 2.26763e-06 
1200.66 2.2825e-06 
1200.67 2.29733e-06 
1200.68 2.31211e-06 
1200.69 2.32683e-06 
1200.7 2.34149e-06 
1200.71 2.3561e-06 
1200.72 2.37064e-06 
1200.73 2.38529e-06 
1200.74 2.39968e-06 
1200.75 2.414e-06 
1200.76 2.42824e-06 
1200.77 2.44239e-06 
1200.78 2.45646e-06 
1200.79 2.47043e-06 
1200.8 2.48431e-06 
1200.81 2.49808e-06 
1200.82 2.51175e-06 
1200.83 2.52531e-06 
1200.84 2.53875e-06 
1200.85 2.55208e-06 
1200.85 2.56528e-06 
1200.86 2.57836e-06 
1200.87 2.59131e-06 
1200.88 2.60412e-06 
1200.89 2.61679e-06 
1200.9 2.62932e-06 
1200.91 2.64169e-06 
1200.92 2.65392e-06 
1200.93 2.66599e-06 
1200.94 2.6779e-06 
1200.95 2.68964e-06 
1200.96 2.70122e-06 
1200.97 2.71262e-06 
1200.98 2.72398e-06 
1200.99 2.73502e-06 
1201 2.74588e-06 
1201.01 2.75655e-06 
1201.02 2.76703e-06 
1201.03 2.77731e-06 
1201.04 2.78739e-06 
1201.05 2.79727e-06 
1201.06 2.80695e-06 
1201.07 2.81641e-06 
1201.08 2.82567e-06 
1201.09 2.83471e-06 
1201.1 2.84353e-06 
1201.11 2.85214e-06 
1201.12 2.86052e-06 
1201.13 2.86868e-06 
1201.14 2.87661e-06 
1201.15 2.88431e-06 
1201.16 2.89178e-06 
1201.17 2.89902e-06 
1201.18 2.90603e-06 
1201.19 2.91281e-06 
1201.2 2.91934e-06 
1201.21 2.92564e-06 
1201.22 2.93171e-06 
1201.23 2.9376e-06 
1201.24 2.94319e-06 
1201.25 2.94853e-06 
1201.26 2.95364e-06 
1201.27 2.95851e-06 
1201.28 2.96314e-06 
1201.28 2.96753e-06 
1201.29 2.97168e-06 
1201.3 2.9756e-06 
1201.31 2.97929e-06 
1201.32 2.98274e-06 
1201.33 2.98596e-06 
1201.34 2.98895e-06 
1201.35 2.99172e-06 
1201.36 2.99425e-06 
1201.37 2.99657e-06 
1201.38 2.99866e-06 
1201.39 3.00053e-06 
1201.4 3.00219e-06 
1201.41 3.00364e-06 
1201.42 3.00488e-06 
1201.43 3.00592e-06 
1201.44 3.00675e-06 
1201.45 3.00739e-06 
1201.46 3.00783e-06 
1201.47 3.00808e-06 
1201.48 3.00815e-06 
1201.49 3.00803e-06 
1201.5 3.00774e-06 
1201.51 3.00728e-06 
1201.52 3.00666e-06 
1201.53 3.00587e-06 
1201.54 3.00493e-06 
1201.55 3.00384e-06 
1201.56 3.0026e-06 
1201.57 3.00123e-06 
1201.58 2.99972e-06 
1201.59 2.99809e-06 
1201.6 2.99634e-06 
1201.61 2.9963e-06 
1201.62 2.99433e-06 
1201.63 2.99224e-06 
1201.64 2.99007e-06 
1201.65 2.9878e-06 
1201.66 2.98545e-06 
1201.67 2.98302e-06 
1201.68 2.98053e-06 
1201.69 2.97797e-06 
1201.7 2.97535e-06 
1201.7 2.97268e-06 
1201.71 2.96997e-06 
1201.72 2.96718e-06 
1201.73 2.9644e-06 
1201.74 2.9616e-06 
1201.75 2.95878e-06 
1201.76 2.95594e-06 
1201.77 2.95311e-06 
1201.78 2.95027e-06 
1201.79 2.94745e-06 
1201.8 2.94463e-06 
1201.81 2.94184e-06 
1201.82 2.93908e-06 
1201.83 2.93635e-06 
1201.84 2.93366e-06 
1201.85 2.93101e-06 
1201.86 2.92841e-06 
1201.87 2.92588e-06 
1201.88 2.9234e-06 
1201.89 2.92099e-06 
1201.9 2.91865e-06 
1201.91 2.91639e-06 
1201.92 2.91422e-06 
1201.93 2.91213e-06 
1201.94 2.91013e-06 
1201.95 2.90823e-06 
1201.96 2.90643e-06 
1201.97 2.90473e-06 
1201.98 2.90313e-06 
1201.99 2.90166e-06 
1202 2.9003e-06 
1202.01 2.89906e-06 
1202.02 2.89795e-06 
1202.03 2.89695e-06 
1202.04 2.89609e-06 
1202.05 2.89536e-06 
1202.06 2.89476e-06 
1202.07 2.89429e-06 
1202.08 2.89396e-06 
1202.09 2.89377e-06 
1202.1 2.89371e-06 
1202.11 2.8938e-06 
1202.12 2.89403e-06 
1202.13 2.89439e-06 
1202.13 2.8949e-06 
1202.14 2.89555e-06 
1202.15 2.89634e-06 
1202.16 2.89727e-06 
1202.17 2.89834e-06 
1202.18 2.89955e-06 
1202.19 2.9009e-06 
1202.2 2.90238e-06 
1202.21 2.904e-06 
1202.22 2.90578e-06 
1202.23 2.90766e-06 
1202.24 2.90967e-06 
1202.25 2.91181e-06 
1202.26 2.91407e-06 
1202.27 2.91644e-06 
1202.28 2.91894e-06 
1202.29 2.92154e-06 
1202.3 2.92426e-06 
1202.31 2.92708e-06 
1202.32 2.93e-06 
1202.33 2.93302e-06 
1202.34 2.93612e-06 
1202.35 2.93932e-06 
1202.36 2.94259e-06 
1202.37 2.94595e-06 
1202.38 2.94937e-06 
1202.39 2.95286e-06 
1202.4 2.95641e-06 
1202.41 2.96001e-06 
1202.42 2.96366e-06 
1202.43 2.96735e-06 
1202.44 2.97107e-06 
1202.45 2.97483e-06 
1202.46 2.9786e-06 
1202.47 2.9824e-06 
1202.48 2.98624e-06 
1202.49 2.99004e-06 
1202.5 2.99384e-06 
1202.51 2.99762e-06 
1202.52 3.00138e-06 
1202.53 3.00511e-06 
1202.54 3.00881e-06 
1202.55 3.01247e-06 
1202.56 3.01607e-06 
1202.56 3.01962e-06 
1202.57 3.0231e-06 
1202.58 3.02651e-06 
1202.59 3.02984e-06 
1202.6 3.03308e-06 
1202.61 3.03808e-06 
1202.62 3.04113e-06 
1202.63 3.04406e-06 
1202.64 3.04687e-06 
1202.65 3.04955e-06 
1202.66 3.0521e-06 
1202.67 3.05451e-06 
1202.68 3.05677e-06 
1202.69 3.05887e-06 
1202.7 3.0608e-06 
1202.71 3.06257e-06 
1202.72 3.06415e-06 
1202.73 3.06557e-06 
1202.74 3.06677e-06 
1202.75 3.06777e-06 
1202.76 3.06857e-06 
1202.77 3.06915e-06 
1202.78 3.06951e-06 
1202.79 3.06965e-06 
1202.8 3.06955e-06 
1202.81 3.06921e-06 
1202.82 3.06863e-06 
1202.83 3.06779e-06 
1202.84 3.0667e-06 
1202.85 3.06534e-06 
1202.86 3.06372e-06 
1202.87 3.06183e-06 
1202.88 3.05965e-06 
1202.89 3.05719e-06 
1202.9 3.05445e-06 
1202.91 3.05141e-06 
1202.92 3.04808e-06 
1202.93 3.04444e-06 
1202.94 3.0405e-06 
1202.95 3.03626e-06 
1202.96 3.0317e-06 
1202.97 3.02682e-06 
1202.98 3.02163e-06 
1202.98 3.01605e-06 
1202.99 3.01022e-06 
1203 3.00405e-06 
1203.01 2.99756e-06 
1203.02 2.99074e-06 
1203.03 2.98359e-06 
1203.04 2.97611e-06 
1203.05 2.9683e-06 
1203.06 2.96015e-06 
1203.07 2.95167e-06 
1203.08 2.94285e-06 
1203.09 2.93369e-06 
1203.1 2.92421e-06 
1203.11 2.91438e-06 
1203.12 2.90422e-06 
1203.13 2.89373e-06 
1203.14 2.8829e-06 
1203.15 2.87175e-06 
1203.16 2.86026e-06 
1203.17 2.84844e-06 
1203.18 2.8363e-06 
1203.19 2.82383e-06 
1203.2 2.81104e-06 
1203.21 2.79793e-06 
1203.22 2.7845e-06 
1203.23 2.77059e-06 
1203.24 2.75653e-06 
1203.25 2.74216e-06 
1203.26 2.72749e-06 
1203.27 2.71252e-06 
1203.28 2.69726e-06 
1203.29 2.6817e-06 
1203.3 2.66585e-06 
1203.31 2.64972e-06 
1203.32 2.63331e-06 
1203.33 2.61662e-06 
1203.34 2.59967e-06 
1203.35 2.58245e-06 
1203.36 2.56497e-06 
1203.37 2.54724e-06 
1203.38 2.52926e-06 
1203.39 2.51103e-06 
1203.4 2.49257e-06 
1203.41 2.47388e-06 
1203.41 2.45497e-06 
1203.42 2.43583e-06 
1203.43 2.41649e-06 
1203.44 2.39694e-06 
1203.45 2.37718e-06 
1203.46 2.35724e-06 
1203.47 2.33711e-06 
1203.48 2.31654e-06 
1203.49 2.29606e-06 
1203.5 2.27541e-06 
1203.51 2.2546e-06 
1203.52 2.23364e-06 
1203.53 2.21253e-06 
1203.54 2.19129e-06 
1203.55 2.16991e-06 
1203.56 2.14841e-06 
1203.57 2.1268e-06 
1203.58 2.10508e-06 
1203.59 2.08325e-06 
1203.6 2.06133e-06 
1203.61 2.04058e-06 
1203.62 2.01847e-06 
1203.63 1.9963e-06 
1203.64 1.97406e-06 
1203.65 1.95176e-06 
1203.66 1.92941e-06 
1203.67 1.90702e-06 
1203.68 1.88459e-06 
1203.69 1.86213e-06 
1203.7 1.83965e-06 
1203.71 1.81714e-06 
1203.72 1.79464e-06 
1203.73 1.77184e-06 
1203.74 1.74934e-06 
1203.75 1.72684e-06 
1203.76 1.70436e-06 
1203.77 1.68191e-06 
1203.78 1.65949e-06 
1203.79 1.6371e-06 
1203.8 1.61476e-06 
1203.81 1.59247e-06 
1203.82 1.57023e-06 
1203.83 1.54806e-06 
1203.83 1.52596e-06 
1203.84 1.50393e-06 
1203.85 1.48198e-06 
1203.86 1.46011e-06 
1203.87 1.43834e-06 
1203.88 1.41666e-06 
1203.89 1.39509e-06 
1203.9 1.37362e-06 
1203.91 1.35226e-06 
1203.92 1.33102e-06 
1203.93 1.30991e-06 
1203.94 1.28892e-06 
1203.95 1.26806e-06 
1203.96 1.24733e-06 
1203.97 1.22675e-06 
1203.98 1.20606e-06 
1203.99 1.18577e-06 
1204 1.16563e-06 
1204.01 1.14565e-06 
1204.02 1.12583e-06 
1204.03 1.10617e-06 
1204.04 1.08668e-06 
1204.05 1.06736e-06 
1204.06 1.04821e-06 
1204.07 1.02924e-06 
1204.08 1.01044e-06 
1204.09 9.91829e-07 
1204.1 9.73402e-07 
1204.11 9.5516e-07 
1204.12 9.37108e-07 
1204.13 9.19247e-07 
1204.14 9.0158e-07 
1204.15 8.84108e-07 
1204.16 8.66833e-07 
1204.17 8.49756e-07 
1204.18 8.3288e-07 
1204.19 8.16206e-07 
1204.2 7.99735e-07 
1204.21 7.83468e-07 
1204.22 7.67407e-07 
1204.23 7.51355e-07 
1204.24 7.3571e-07 
1204.25 7.20272e-07 
1204.26 7.05043e-07 
1204.26 6.90024e-07 
1204.27 6.75213e-07 
1204.28 6.60612e-07 
1204.29 6.46222e-07 
1204.3 6.32041e-07 
1204.31 6.1807e-07 
1204.32 6.04308e-07 
1204.33 5.90757e-07 
1204.34 5.77414e-07 
1204.35 5.64281e-07 
1204.36 5.51355e-07 
1204.37 5.38638e-07 
1204.38 5.26127e-07 
1204.39 5.13823e-07 
1204.4 5.01724e-07 
1204.41 4.8983e-07 
1204.42 4.78139e-07 
1204.43 4.6665e-07 
1204.44 4.55363e-07 
1204.45 4.44276e-07 
1204.46 4.33388e-07 
1204.47 4.22697e-07 
1204.48 4.12072e-07 
1204.49 4.01774e-07 
1204.5 3.91669e-07 
1204.51 3.81755e-07 
1204.52 3.72032e-07 
1204.53 3.62496e-07 
1204.54 3.53147e-07 
1204.55 3.43982e-07 
1204.56 3.35e-07 
1204.57 3.26199e-07 
1204.58 3.17577e-07 
1204.59 3.09133e-07 
1204.6 3.00863e-07 
1204.61 2.92766e-07 
1204.62 2.85015e-07 
1204.63 2.77253e-07 
1204.64 2.69659e-07 
1204.65 2.62229e-07 
1204.66 2.54962e-07 
1204.67 2.47856e-07 
1204.68 2.40909e-07 
1204.68 2.34117e-07 
1204.69 2.2748e-07 
1204.7 2.20994e-07 
1204.71 2.14658e-07 
1204.72 2.08393e-07 
1204.73 2.02351e-07 
1204.74 1.96452e-07 
1204.75 1.90693e-07 
1204.76 1.85073e-07 
1204.77 1.79589e-07 
1204.78 1.74239e-07 
1204.79 1.69021e-07 
1204.8 1.63931e-07 
1204.81 1.58969e-07 
1204.82 1.54132e-07 
1204.83 1.49417e-07 
1204.84 1.44823e-07 
1204.85 1.40346e-07 
1204.86 1.35986e-07 
1204.87 1.3174e-07 
1204.88 1.27605e-07 
1204.89 1.23579e-07 
1204.9 1.19661e-07 
1204.91 1.15848e-07 
1204.92 1.12138e-07 
1204.93 1.08529e-07 
1204.94 1.05019e-07 
1204.95 1.01606e-07 
1204.96 9.82869e-08 
1204.97 9.5061e-08 
1204.98 9.18872e-08 
1204.99 8.88419e-08 
1205 8.58834e-08 
1205.01 8.30097e-08 
1205.02 8.0219e-08 
1205.03 7.75093e-08 
1205.04 7.48789e-08 
1205.05 7.23258e-08 
1205.06 6.98482e-08 
1205.07 6.74444e-08 
1205.08 6.51126e-08 
1205.09 6.2851e-08 
1205.1 6.06581e-08 
1205.11 5.8532e-08 
1205.11 5.64711e-08 
1205.12 5.44738e-08 
1205.13 5.25385e-08 
1205.14 5.06636e-08 
1205.15 4.88475e-08 
1205.16 4.70888e-08 
1205.17 4.5386e-08 
1205.18 4.37375e-08 
1205.19 4.21419e-08 
1205.2 4.05979e-08 
1205.21 3.9104e-08 
1205.22 3.76414e-08 
1205.23 3.6244e-08 
1205.24 3.4893e-08 
1205.25 3.35868e-08 
1205.26 3.23242e-08 
1205.27 3.11039e-08 
1205.28 2.99248e-08 
1205.29 2.87856e-08 
1205.3 2.76852e-08 
1205.31 2.66225e-08 
1205.32 2.55964e-08 
1205.33 2.46058e-08 
1205.34 2.36496e-08 
1205.35 2.27268e-08 
1205.36 2.18365e-08 
1205.37 2.09775e-08 
1205.38 2.01491e-08 
1205.39 1.93501e-08 
1205.4 1.85798e-08 
1205.41 1.78372e-08 
1205.42 1.71215e-08 
1205.43 1.64317e-08 
1205.44 1.57672e-08 
1205.45 1.5127e-08 
1205.46 1.45105e-08 
1205.47 1.39168e-08 
1205.48 1.33383e-08 
1205.49 1.27882e-08 
1205.5 1.22588e-08 
1205.51 1.17495e-08 
1205.52 1.12594e-08 
1205.53 1.0788e-08 
1205.54 1.03347e-08 
1205.54 9.89874e-09 
1205.55 9.47963e-09 
1205.56 9.07677e-09 
1205.57 8.6896e-09 
1205.58 8.31758e-09 
1205.59 7.96017e-09 
1205.6 7.61686e-09 
1205.61 7.29162e-09 
1205.62 6.97484e-09 
1205.63 6.67073e-09 
1205.64 6.37883e-09 
1205.65 6.0987e-09 
1205.66 5.82991e-09 
1205.67 5.57204e-09 
1205.68 5.32471e-09 
1205.69 5.08751e-09 
1205.7 4.86008e-09 
1205.71 4.64206e-09 
1205.72 4.43308e-09 
1205.73 4.23036e-09 
1205.74 4.03858e-09 
1205.75 3.85486e-09 
1205.76 3.67889e-09 
1205.77 3.51037e-09 
1205.78 3.34902e-09 
1205.79 3.19456e-09 
1205.8 3.04672e-09 
1205.81 2.90525e-09 
1205.82 2.76988e-09 
1205.83 2.64039e-09 
1205.84 2.51654e-09 
1205.85 2.3981e-09 
1205.86 2.28486e-09 
1205.87 2.17661e-09 
1205.88 2.07315e-09 
1205.89 1.97428e-09 
1205.9 1.87981e-09 
1205.91 1.78957e-09 
1205.92 1.70338e-09 
1205.93 1.62108e-09 
1205.94 1.54249e-09 
1205.95 1.46748e-09 
1205.96 1.39588e-09 
1205.96 1.32756e-09 
1205.97 1.26237e-09 
1205.98 1.19943e-09 
1205.99 1.14016e-09 
1206 1.08363e-09 
1206.01 1.02974e-09 
1206.02 9.78373e-10 
1206.03 9.29411e-10 
1206.04 8.82754e-10 
1206.05 8.38301e-10 
1206.06 7.95955e-10 
1206.07 7.55624e-10 
1206.08 7.17219e-10 
1206.09 6.80653e-10 
1206.1 6.45845e-10 
1206.11 6.12716e-10 
1206.12 5.81191e-10 
1206.13 5.51196e-10 
1206.14 5.22664e-10 
1206.15 4.95527e-10 
1206.16 4.69722e-10 
1206.17 4.45187e-10 
1206.18 4.21864e-10 
1206.19 3.99697e-10 
1206.2 3.78632e-10 
1206.21 3.58619e-10 
1206.22 3.39607e-10 
1206.23 3.2133e-10 
1206.24 3.04195e-10 
1206.25 2.87925e-10 
1206.26 2.72481e-10 
1206.27 2.57823e-10 
1206.28 2.43913e-10 
1206.29 2.30716e-10 
1206.3 2.18196e-10 
1206.31 2.06322e-10 
1206.32 1.95062e-10 
1206.33 1.84387e-10 
1206.34 1.74266e-10 
1206.35 1.64674e-10 
1206.36 1.55585e-10 
1206.37 1.46973e-10 
1206.38 1.38814e-10 
1206.39 1.31087e-10 
1206.39 1.2377e-10 
1206.4 1.16842e-10 
1206.41 1.10284e-10 
1206.42 1.04076e-10 
1206.43 9.82018e-11 
1206.44 9.26438e-11 
1206.45 8.7386e-11 
1206.46 8.2413e-11 
1206.47 7.77102e-11 
1206.48 7.32097e-11 
1206.49 6.90092e-11 
1206.5 6.5039e-11 
1206.51 6.12871e-11 
1206.52 5.77421e-11 
1206.53 5.43932e-11 
1206.54 5.12301e-11 
1206.55 4.8243e-11 
1206.56 4.54225e-11 
1206.57 4.276e-11 
1206.58 4.02468e-11 
1206.59 3.78751e-11 
1206.6 0 
